%%index real_part   imaginary_part
3251 3251 3251
1 11.349 0.935
2 3.165 8.027
3 2.299 8.765
4 -0.028 13.562
5 -1.973 1.689
6 -4.251 4.753
7 6.563 15.415
8 -3.767 6.093
9 12.064 0.412
10 8.904 -3.24
11 12.502 2.521
12 -8.766 3.952
13 10.179 8.44
14 -6.228 13.786
15 -0.231 8.144
16 2.939 11.244
17 12.014 4.933
18 -7.929 11.912
19 7.196 14.643
20 -3.266 7.478
21 -9.488 5.398
22 -10.778 4.32
23 -9.114 -1.627
24 9.68 13.293
25 -5.832 3.553
26 -10.104 8.969
27 11.029 8.945
28 -11.829 8.72
29 4.356 -3.652
30 0.638 -6.317
31 -2.89 -4.532
32 -6.9 13.149
33 -6.666 0.592
34 -12.436 4.109
35 8.962 10.091
36 6.231 11.885
37 -0.659 16.959
38 12.4 2.225
39 -9.657 9.191
40 10.663 1.797
41 2.907 -1.92
42 1.521 17.49
43 3.179 -3.202
44 9.056 9.789
45 6.551 -0.386
46 -11.549 1.83
47 -10.51 11.633
48 -2.874 5.771
49 8.979 13.158
50 -8.002 13.773
51 0.894 0.128
52 -2.544 10.902
53 -12.582 5.376
54 8.981 -3.251
55 -3.241 3.608
56 9.648 13.025
57 4.906 10.27
58 -8.049 9.771
59 1.99 1.826
60 0.528 -7.005
61 10.939 8.018
62 9.91 -0.693
63 11.729 9.395
64 9.545 -2.839
65 6.618 10.595
66 -4.325 17.293
67 -11.184 8.181
68 -8.024 -1.197
69 -10.252 5.835
70 -0.615 -0.04
71 -6.688 9.958
72 0.826 9.569
73 -3.035 4.256
74 -11.748 2.152
75 -1.986 14.421
76 6.142 -1.795
77 -1.963 -3.931
78 -9.211 14.699
79 0.289 12.556
80 12.073 9.349
81 -12.507 5.712
82 2.707 14.41
83 5.697 15.48
84 -9.622 8.118
85 -4.32 15.386
86 12.903 8.004
87 -9.959 10.745
88 -5.255 7.47
89 -5.362 10.592
90 2.427 -5.488
91 -1.05 10.754
92 -3.373 7.128
93 -2.447 13.799
94 0.615 3.881
95 7.028 8.937
96 7.579 1.134
97 9.786 4.616
98 4.079 -4.171
99 5.372 -3.621
100 -1.324 2.74
101 10.236 8.898
102 8.482 3.998
103 -9.012 -2.722
104 3.319 -2.906
105 9.929 -0.152
106 -1.555 10.373
107 -10.686 1.6
108 -5.873 -4.4
109 2.25 -6.889
110 2.891 17.681
111 7.714 7.176
112 2.874 -2.972
113 12.607 2.003
114 7.287 0.183
115 8.94 9.112
116 12.364 1.351
117 0.061 -4.829
118 10.268 13.768
119 7.841 13.806
120 -3.552 17.309
121 -1.34 9.005
122 8.252 3.673
123 -4.124 15.594
124 -6.432 12.338
125 9.664 2.626
126 -9.808 9.353
127 8.707 -3.293
128 7.558 6.101
129 -1.391 2.1
130 0.547 18.072
131 5.197 1.763
132 8.88 -2.82
133 -10.521 12.562
134 7.869 5.85
135 -6.293 4.237
136 7.93 7.431
137 6.59 12.646
138 -1.643 -3.441
139 -4.953 10.799
140 12.434 2.047
141 9.346 4.544
142 12.403 2.375
143 -0.091 1.375
144 9.784 5.932
145 12.611 8.303
146 -9.958 0.531
147 -6.508 -4.565
148 -7.369 6.579
149 11.27 7.166
150 6.173 11.605
151 -5.265 -4.012
152 5.861 -4.704
153 -9.88 7.963
154 2.679 -2.369
155 11.275 4.144
156 4.644 10.042
157 -7.248 8.025
158 12.619 3.941
159 -5.385 15.264
160 8.639 -0.647
161 7.255 0.47
162 -6.171 7.357
163 4.321 15.774
164 7.872 -2.362
165 -4.242 11.223
166 -9.191 -0.12
167 -0.087 -6.643
168 -9.834 8.575
169 8.136 3.049
170 -5.09 5.519
171 9.745 12.613
172 3.042 10.973
173 9.937 -0.873
174 -12.651 7.833
175 -4.815 -4.636
176 7.002 -2.558
177 6.245 8.331
178 9.348 -1.473
179 5.346 1.104
180 -10.19 6.909
181 5.684 -1.982
182 -1.213 10.202
183 -10.772 6.547
184 6.626 8.798
185 5.497 6.09
186 0.912 11.081
187 0.222 6.084
188 -11.976 1.084
189 -10.301 4.278
190 -7.798 14.412
191 -11.541 11.473
192 1.035 9.274
193 -9.617 3.788
194 2.899 8.023
195 10.845 -0.818
196 2.765 5.792
197 -4.673 -2.401
198 9.034 6.615
199 3.744 15.424
200 3.023 -3.146
201 1.078 -2.896
202 12.534 5.066
203 12.647 5.519
204 -5.527 11.714
205 -1.308 15.245
206 2.504 9.6
207 -1.167 15.465
208 -2.94 13.161
209 -6.406 -4.275
210 -9.107 5.752
211 -0.355 15.402
212 12.905 5.651
213 9.499 13.238
214 13.075 6.689
215 -2.729 5.194
216 5.385 5.788
217 6.601 6.062
218 -11.09 -0.54
219 -0.124 1.405
220 3.325 2.032
221 -5.976 10.617
222 11.313 4.981
223 -12.03 2.765
224 5.325 14.536
225 -0.976 -6.266
226 -12.081 2.87
227 1.927 16.714
228 -8.063 6.867
229 8.113 4.737
230 -12.008 4.252
231 -9.149 14.229
232 -10.472 7.284
233 -9.933 -0.132
234 -6.441 7.794
235 -8.029 3.451
236 -3.012 0.25
237 1.519 8.139
238 8.134 13.693
239 -4.308 2.868
240 -3.257 14.802
241 -1.448 -3.47
242 -3.282 5.922
243 -8.946 9.978
244 -4.776 -5.608
245 -0.178 11.505
246 5.21 6.927
247 -2.338 16.426
248 6.755 2.949
249 -6.335 5.086
250 -5.871 -4.548
251 8.107 4.958
252 12.83 2.095
253 -6.482 12.651
254 -12.135 3.712
255 9.609 -1.687
256 -0.115 -4.496
257 1.747 3.961
258 5.242 6.564
259 3.996 -0.512
260 -5.341 3.237
261 0.086 -3.688
262 3.612 8.744
263 6.222 14.023
264 -5.607 -3.313
265 -10.719 3.301
266 8.778 -0.59
267 -4.999 6.039
268 3.008 -2.783
269 -1.345 7.099
270 7.287 12.414
271 -7.8 -0.48
272 3.281 13.537
273 -1.538 8.644
274 -4.278 -2.018
275 3.868 8.84
276 -1.34 14.034
277 -6.532 9.771
278 10.64 1.391
279 -0.545 11.623
280 -5.275 -1.552
281 7.368 5.699
282 -8.912 -2.744
283 -8.814 3.415
284 3.135 18.415
285 9.372 5.436
286 -1.293 -4.732
287 -10.656 7.792
288 -2.04 15.319
289 1.116 13.385
290 -10.378 7.139
291 -2.195 3.035
292 -1.472 5.277
293 -6.444 7.74
294 3.948 0.806
295 3.754 -2.357
296 8.906 -1.578
297 12.872 8.935
298 -9.574 4.385
299 3.417 2.729
300 -6.398 4.244
301 -11.674 11.153
302 7.544 16.91
303 4.557 10.978
304 6.87 -0.968
305 12.446 2.079
306 -3.151 3.391
307 10.604 0.167
308 -0.915 8.972
309 -5.523 12.989
310 -0.294 15.603
311 11.785 9.55
312 3.108 16.836
313 0.096 -4.503
314 5.177 4.204
315 2.48 11.019
316 5.41 15.761
317 4.78 -3.079
318 -8.866 5.349
319 4.234 16.543
320 -10.201 7.335
321 9.108 -2.427
322 -9.387 8.857
323 1.044 6.945
324 -0.437 2.685
325 7.472 14.621
326 -4.162 4.284
327 3.401 7.623
328 -3.811 2.472
329 -1.321 6.09
330 5.369 14.704
331 7.839 15.953
332 13.019 7.824
333 1.195 -3.757
334 0.689 6.084
335 -0.817 3.027
336 11.329 8.325
337 10.295 9.488
338 -5.579 0.44
339 0.857 14.026
340 -7.263 0.151
341 -3.513 -4.19
342 9.567 -0.573
343 -1.155 4.167
344 8.886 -0.214
345 9.544 0.672
346 -10.419 2.731
347 -6.838 10.036
348 -3.318 14.336
349 -7.577 -0.855
350 -8.93 2.098
351 12.814 3.906
352 -7.331 -1.364
353 -10.447 2.274
354 8.419 13.919
355 1.821 2.173
356 8.46 1.209
357 9.265 -0.203
358 12.266 5.195
359 -9.235 6.218
360 -0.249 -0.614
361 -0.359 0.171
362 -2.728 16.014
363 2.324 14.371
364 -0.486 5.602
365 -1.598 6.629
366 -0.452 -5.872
367 9.217 -0.872
368 -11.45 3.666
369 3.018 -2.056
370 -9.998 4.978
371 -5.744 10.99
372 11.13 -0.155
373 -1.779 -6.966
374 3.146 -6.185
375 4.108 10.065
376 -3.288 10.143
377 -11.648 7.735
378 -0.102 13.096
379 10.725 6.3
380 11.446 8.468
381 3.166 4.371
382 -5.358 2.843
383 -11.264 5.602
384 -10.103 9.987
385 8.316 -2.664
386 -10.652 0.915
387 1.466 9.116
388 1.415 -5.418
389 -3.544 7.332
390 0.098 0.812
391 -10.193 -0.337
392 -2.86 3.686
393 -9.571 2.679
394 6.917 0.228
395 -5.877 -0.779
396 -0.998 16.11
397 -4.286 6.666
398 -5.458 2.027
399 9.619 -1.214
400 5.869 -0.734
401 -7.547 14.791
402 -6.502 12.732
403 2.026 11.8
404 -5.498 -5.386
405 -8.57 0.762
406 -0.683 9.902
407 -2.266 -1.86
408 1.175 -3.949
409 -4.338 -4.912
410 -1.784 15.794
411 6.083 -4.561
412 5.815 -2.185
413 -7.085 -1.234
414 10.826 3.405
415 7.475 9.206
416 -1.738 3.348
417 -9.377 12.491
418 -1.647 7.101
419 -2.744 4.314
420 5.493 8.627
421 8.486 4.48
422 4.221 13.938
423 8.706 -3.533
424 -4.825 0.307
425 5.238 2.017
426 6.088 -4.989
427 -5.227 7.073
428 5.738 14.63
429 -8.736 0.981
430 0.444 15.242
431 -12.275 5.477
432 -7.047 -3.569
433 0.931 0.456
434 3.519 7.735
435 12.048 5.158
436 -2.078 1.508
437 -5.399 -4.296
438 9 3.078
439 6.537 6.152
440 -0.702 18.199
441 8.805 11.536
442 -9.714 9.955
443 -12.648 6.432
444 1.844 -5.511
445 0.319 18.417
446 -12.431 9.479
447 -5.869 16.235
448 7.62 -2.376
449 8.149 -1.231
450 10.802 6.955
451 -7.113 14.657
452 -1.188 8.531
453 -2.413 -3.756
454 -0.812 12.293
455 3.134 -6.87
456 -1.531 -6.013
457 -8.243 -1.269
458 7.314 4.426
459 -11.136 6.068
460 7.327 8.609
461 12.563 7.361
462 10.175 0.123
463 2.845 14.853
464 0.481 -6.783
465 -6.548 11.452
466 -12.362 4.984
467 0.832 -3.442
468 -7.209 7.785
469 -5.897 -3.521
470 -5.37 -3.662
471 5.985 7.274
472 -4.511 -2.822
473 9.994 -2.093
474 -1.429 -0.027
475 -6.983 14.658
476 -11.605 8.092
477 -0.158 -0.747
478 -12.449 9.52
479 -5.009 0.468
480 -8.377 12.153
481 9.16 14.058
482 -2.146 16.886
483 9.086 1.412
484 5.65 1.634
485 -3.775 14.113
486 0.657 13.139
487 -8.996 5.641
488 -12.112 3.435
489 -12.24 7.896
490 -3.19 -4.782
491 -8.191 3.307
492 11.933 11.332
493 8.011 9.062
494 -1.295 18.571
495 2.492 4.069
496 -8.571 9.559
497 -6.909 16.772
498 0.901 -2.547
499 -0.361 14.616
500 3.491 1.27
501 4.704 -1.653
502 4.612 4.89
503 5.729 -0.637
504 2.378 -2.285
505 1.623 11.515
506 -9.093 3.104
507 -0.092 -1.273
508 -5.633 13.619
509 0.326 3.938
510 12.072 11.482
511 9.702 7.986
512 -6.797 12.955
513 -2.81 -2.872
514 12.152 3.673
515 -11.366 10.158
516 8.443 7.113
517 -10.223 9.499
518 7.879 7.98
519 0.719 7.451
520 -3.763 6.618
521 5.54 -1.094
522 -4.344 3.783
523 -12.416 8.931
524 7.772 5.091
525 10.839 2.336
526 -9.21 -2.782
527 -4.784 6.128
528 -3.165 9.695
529 -2.41 -5.678
530 -4.649 8.686
531 4.154 0.904
532 -10.879 3.151
533 -0.147 6.969
534 -2.594 11.416
535 5.911 -2.545
536 12.954 4.491
537 10.605 10.895
538 -1.476 0.509
539 -7.769 2.164
540 -2.635 7.143
541 -7.591 -0.758
542 10.834 5.818
543 11.69 7.706
544 -10.701 9.245
545 -2.84 15.891
546 -12.292 3.882
547 82.878 -103.22
548 89.407 -92.451
549 98.465 -95.614
550 92.677 -95.45
551 84.244 -89.024
552 85.923 -110.217
553 96.259 -106.383
554 90.853 -96.258
555 95.733 -101.899
556 85.309 -111.023
557 74.12 -98.844
558 86.699 -108.585
559 96.814 -96.932
560 87.438 -89.239
561 77.982 -106.748
562 87.111 -107.053
563 74.272 -101.067
564 98.528 -100.64
565 82.936 -108.525
566 85.921 -94.604
567 84.411 -92.366
568 83.321 -101.019
569 75.531 -98.668
570 83.474 -104.717
571 84.745 -96.706
572 90.996 -101.399
573 88.215 -111.844
574 96.156 -107.396
575 83.366 -102.277
576 75.293 -101.343
577 96.888 -95.832
578 81.664 -106.086
579 85.412 -107.792
580 77.41 -94.506
581 91.237 -103.307
582 88.064 -87.926
583 83.349 -95.225
584 85.436 -111.514
585 83.283 -93.932
586 93.702 -108.624
587 81.543 -94.277
588 88.377 -112.27
589 76.515 -96.267
590 93.754 -90.903
591 93.298 -109.18
592 85.432 -95.484
593 88.505 -112.669
594 88.229 -103.142
595 76.082 -100.503
596 89.222 -96.451
597 84.739 -111.112
598 89.234 -94.731
599 74.341 -102.688
600 87.272 -104.843
601 95.631 -109.067
602 81.987 -97.815
603 88.201 -100.996
604 85.622 -98.229
605 86.244 -88.934
606 86.688 -111.816
607 94.277 -104.529
608 95.187 -101.409
609 79.909 -107.761
610 90.158 -102.719
611 98.12 -98.14
612 83.823 -91.803
613 95.654 -106.341
614 81.817 -90.3
615 81.78 -93.704
616 96.376 -100.136
617 93.66 -93.313
618 81.506 -90.746
619 75.313 -95.038
620 90.243 -97.877
621 91.92 -102.156
622 99.748 -100.77
623 79.344 -104.582
624 83.306 -110.707
625 76.358 -101.817
626 91.934 -109.52
627 85.884 -104.904
628 98.781 -96.456
629 90.625 -103.45
630 98.042 -103.987
631 77.148 -94.42
632 81.419 -94.336
633 94.166 -96.315
634 95.038 -101.016
635 83.741 -111.369
636 86.136 -95.619
637 98.45 -96.498
638 74.384 -97.522
639 74.377 -100.994
640 74.726 -103.407
641 80.938 -103.186
642 93.431 -107.11
643 98.947 -97.068
644 76.339 -100.498
645 80.279 -109.545
646 76.578 -94.869
647 81.342 -98.129
648 74.294 -104.494
649 93.152 -104.935
650 92.708 -98.087
651 97.998 -101.76
652 94.304 -94.732
653 83.804 -107.133
654 91.97 -103.292
655 88.523 -100.324
656 92.575 -101.063
657 95.33 -101.393
658 85.045 -94.582
659 98.94 -98.539
660 83.635 -101.915
661 96.683 -108.159
662 91.44 -100.079
663 99.094 -102.485
664 93.259 -91.879
665 99.02 -102.71
666 93.954 -99.223
667 82.121 -97.784
668 79.448 -93.87
669 89.659 -105.533
670 92.572 -98.861
671 86.018 -110.066
672 92.652 -89.53
673 87.187 -105.293
674 91.442 -88.887
675 98.801 -95.672
676 88.951 -91.211
677 80.97 -103.792
678 83.3 -90.444
679 82.873 -101.693
680 98.295 -97.909
681 85.734 -95.3
682 95.941 -97.769
683 84.275 -100.74
684 91.516 -95.426
685 76.578 -97.003
686 91.431 -98.87
687 76.247 -97.109
688 82.091 -112.175
689 78.704 -99.056
690 89.828 -93.382
691 88.232 -110.085
692 79.542 -109.587
693 98.512 -95.671
694 95.629 -94.211
695 79.788 -102.637
696 91.807 -107.924
697 81.395 -104.548
698 87.535 -100.165
699 98.658 -99.759
700 88.066 -110.415
701 78.664 -105.252
702 79.22 -95.451
703 84.702 -87.913
704 83.084 -95.237
705 92.365 -97.635
706 77.951 -94.256
707 86.301 -99.678
708 98.305 -95.37
709 97.614 -103.814
710 82.505 -111.804
711 88.684 -88.986
712 77.527 -99.467
713 74.686 -102.383
714 95.892 -105.488
715 89.252 -110.563
716 99.032 -98.514
717 85.353 -101.686
718 78.765 -107.266
719 98.86 -95.983
720 99.197 -101.379
721 94.593 -105.644
722 84.193 -112.722
723 78.14 -100.91
724 79.956 -108.184
725 88.182 -112.516
726 97.185 -99.166
727 91.543 -96.983
728 75.664 -106.545
729 87.638 -91.298
730 99.146 -99.646
731 82.724 -89.9
732 75.416 -104.343
733 77.929 -95.319
734 74.447 -99.412
735 76.699 -95.876
736 91.141 -93.375
737 89.337 -107.869
738 91.892 -108.783
739 84.94 -94.749
740 84.91 -112.828
741 86.933 -97.82
742 77.047 -102.086
743 77.692 -105.87
744 93.364 -91.133
745 97.666 -96.091
746 86.468 -112.019
747 83.502 -97.439
748 85.564 -99.574
749 94.383 -108.711
750 79.691 -97.647
751 86.076 -98.17
752 75.006 -105.282
753 81.34 -91.494
754 81.193 -91.243
755 87.929 -113.225
756 78.715 -93.064
757 83.813 -91.794
758 82.287 -99.561
759 98.626 -101.342
760 78.801 -107.135
761 87.295 -95.624
762 84.91 -99.182
763 93.596 -91.062
764 99.532 -100.249
765 94.013 -96.374
766 97.013 -104.133
767 98.481 -101.552
768 84.989 -106.308
769 82.754 -105.263
770 77.606 -104.125
771 78.6 -94.927
772 83.485 -109.506
773 88.926 -92.543
774 92.69 -103.958
775 97.545 -101.496
776 87.319 -101.718
777 73.947 -103.319
778 90.543 -102.558
779 88.635 -93.627
780 79.32 -93.12
781 75.065 -96.167
782 92.419 -91.917
783 82.134 -91.192
784 79.052 -95.695
785 98.636 -105.131
786 94.548 -101.063
787 98.448 -101.626
788 97.153 -93.064
789 76.227 -93.437
790 73.863 -101.45
791 86.197 -108.311
792 98.566 -105.436
793 80.189 -89.894
794 87.378 -110.835
795 94.443 -106.249
796 86.466 -99.38
797 89.094 -100.089
798 95.974 -98.65
799 87.752 -96.708
800 88.41 -109.604
801 80.14 -94.218
802 95.366 -106.007
803 90.207 -111.785
804 89.272 -100.189
805 76.835 -103.243
806 92.574 -96.882
807 95.74 -101.729
808 77.285 -97.637
809 96.171 -107.879
810 90.903 -111.078
811 86.595 -90.51
812 75.815 -98.669
813 77.041 -109.258
814 95.005 -106.505
815 92.277 -106.978
816 85.873 -105.633
817 83.935 -102.129
818 82.338 -98.283
819 97.543 -96.492
820 80.557 -103.495
821 75.657 -96.301
822 83.953 -110.386
823 74.348 -98.186
824 87.834 -91.16
825 89.79 -89.932
826 80.907 -92.717
827 81.073 -91.787
828 84.434 -101.752
829 82.973 -95.979
830 82.774 -101.463
831 75.31 -100.018
832 74.001 -99.376
833 78.279 -107.449
834 94.622 -109.22
835 96.015 -107.336
836 90.275 -102.26
837 81.896 -106.793
838 91.823 -91.818
839 99.365 -99.114
840 98.485 -104.01
841 84.215 -93.216
842 90.319 -90.195
843 74.638 -99.446
844 95.357 -94.211
845 97.878 -105.209
846 96.67 -106.507
847 79.514 -97.312
848 98.394 -105.384
849 92.636 -98.565
850 89.011 -108.372
851 90.52 -93.493
852 99.523 -100.984
853 95.37 -92.821
854 86.498 -101.159
855 73.998 -98.278
856 82.532 -98.576
857 89.113 -94.653
858 82.318 -105.438
859 81.782 -97.281
860 95.733 -97.219
861 98.023 -106.226
862 80.777 -101.931
863 91.36 -104.038
864 88.246 -105.789
865 98.46 -102.214
866 76.221 -105.551
867 96.076 -102.507
868 94.106 -108.995
869 78.527 -104.597
870 73.833 -103.252
871 99.661 -101.211
872 97.231 -108.349
873 88.616 -89.528
874 98.336 -103.162
875 96.779 -99.053
876 85.829 -91.259
877 75.27 -100.672
878 95.345 -104.841
879 96.688 -97.009
880 91.878 -96.664
881 77.179 -105.535
882 79.887 -99.79
883 98.487 -95.934
884 78.971 -90.934
885 90.284 -105.635
886 91.141 -99.287
887 93.355 -92.878
888 99.537 -100.811
889 76.447 -105.723
890 88.164 -92.381
891 91.582 -90.403
892 92.637 -89.866
893 95.892 -93.373
894 87.725 -98.764
895 85.371 -106.045
896 79.897 -102.731
897 81.239 -98.704
898 89.867 -99.137
899 91.097 -111.706
900 76.59 -103.386
901 80.82 -111.277
902 74.068 -97.375
903 91.362 -107.848
904 88.653 -99.116
905 78.407 -96.46
906 98.241 -101.555
907 96.713 -93.554
908 77.686 -99.077
909 91.332 -107.17
910 85.364 -96.412
911 73.963 -100.67
912 86.42 -93.342
913 86.039 -106.404
914 74.463 -100.172
915 95.342 -96.776
916 80.963 -98.086
917 95.839 -101.488
918 93.365 -108.681
919 78.565 -91.707
920 96.033 -95.838
921 79.267 -102.404
922 80.557 -105.938
923 96.646 -105.648
924 94.449 -91.099
925 77.43 -94.598
926 90.95 -97.462
927 93.562 -109.466
928 88.28 -111.587
929 93.68 -91.953
930 87.702 -99.243
931 94.633 -97.681
932 84.109 -95.553
933 74.813 -99.84
934 79.842 -92.98
935 77.534 -102.312
936 78.962 -97.039
937 82.199 -110.696
938 77.078 -98.212
939 94.343 -97.724
940 88.473 -92.54
941 88.718 -103.654
942 83.746 -102.803
943 84.916 -91.122
944 77.426 -94.397
945 94.344 -97.062
946 74.325 -101.029
947 75.879 -97.546
948 77.042 -102.11
949 82.178 -105.407
950 79.644 -104.776
951 75.764 -104.541
952 84.226 -108.165
953 73.986 -98.415
954 95.673 -104.476
955 79.509 -90.115
956 91.336 -108.542
957 79.323 -91.354
958 96.632 -106.1
959 76.649 -92.91
960 90.912 -94.698
961 77.071 -97.974
962 82.921 -91.755
963 85.643 -99.656
964 96.618 -108.059
965 97.314 -96.612
966 74.95 -104.107
967 91.609 -89.501
968 99.233 -99.265
969 87.185 -100.034
970 79.455 -108.603
971 83.074 -99.641
972 83.892 -104.694
973 83.954 -107.661
974 74.506 -96.178
975 98.741 -99.737
976 94.619 -102.783
977 75.953 -94.644
978 81.462 -96.532
979 73.818 -98.581
980 74.826 -103.13
981 77.881 -98.359
982 92.329 -88.521
983 88.929 -98.877
984 79.676 -101.083
985 87.788 -91.063
986 88.236 -98.798
987 78.833 -110.125
988 96.875 -96.466
989 84.394 -99.981
990 94.783 -104.651
991 79.176 -104.991
992 93.165 -102.499
993 86.569 -100.574
994 97.332 -102.588
995 98.537 -96.397
996 75.12 -99.954
997 84.753 -92.816
998 75.502 -106.035
999 91.095 -101.451
1000 96.574 -102.946
1001 87.218 -111.527
1002 81.139 -92.311
1003 93.301 -108.104
1004 91.927 -101.084
1005 73.856 -99.946
1006 92.238 -89.413
1007 95.595 -102.325
1008 95.819 -100.187
1009 88.912 -107.319
1010 74.628 -101.028
1011 94.791 -102.062
1012 76.152 -101.834
1013 85.02 -108.614
1014 79.452 -97.809
1015 95.076 -109.957
1016 80.295 -101.664
1017 94.243 -92.408
1018 89.118 -112.144
1019 75.682 -105.359
1020 77.089 -98.517
1021 85.354 -104.879
1022 97.784 -105.755
1023 89.072 -89.87
1024 87.61 -102.953
1025 82.657 -106.762
1026 91.299 -102.016
1027 94.233 -110.552
1028 89.69 -102.454
1029 88.267 -88.057
1030 99.531 -101.643
1031 89.538 -91.629
1032 99.701 -100.734
1033 84.559 -109.712
1034 97.876 -98.793
1035 97.226 -105.547
1036 79.633 -95.812
1037 83.106 -93.028
1038 87.969 -104.025
1039 88.522 -106.739
1040 96.853 -93.094
1041 89.443 -95.115
1042 97.827 -107.159
1043 93.639 -95.306
1044 74.733 -98.511
1045 90.159 -110.707
1046 84.993 -107.719
1047 93.255 -101.398
1048 91.053 -106.697
1049 79.802 -101.194
1050 95.461 -95.635
1051 88.181 -102.752
1052 94.088 -104.731
1053 87.195 -99.547
1054 74.27 -100.586
1055 78.157 -103.388
1056 84.442 -93.673
1057 81.12 -97.455
1058 87.354 -103.087
1059 94.763 -107.981
1060 89.209 -88.824
1061 80.289 -91.107
1062 94.588 -90.514
1063 90.295 -111.183
1064 92.734 -104.378
1065 77.045 -93.843
1066 86.973 -111.489
1067 81.351 -100.335
1068 86.609 -90.451
1069 79.947 -110.522
1070 95.765 -97.079
1071 81.546 -110.206
1072 89.748 -103.362
1073 91.987 -93.139
1074 79.665 -106.427
1075 81.614 -101.26
1076 90.072 -99.796
1077 90.095 -95.385
1078 79.693 -98.707
1079 95.132 -100.287
1080 79 -105.228
1081 96.728 -98.766
1082 98.925 -105.465
1083 86.887 -92.148
1084 74.549 -102.73
1085 83.992 -102.347
1086 97.726 -102.056
1087 83.938 -97.184
1088 175.11 -182.403
1089 131.852 -171.488
1090 125.623 -177.063
1091 134.801 -174.919
1092 119.718 -138.649
1093 170.889 -151.344
1094 149.436 -191.281
1095 104.057 -168.406
1096 155.784 -137.048
1097 127.81 -171.598
1098 169.769 -144.498
1099 112.681 -174.719
1100 170.319 -188.079
1101 131.455 -207.672
1102 112.718 -152.387
1103 140.758 -136.965
1104 120.018 -132.152
1105 137.51 -184.263
1106 160.101 -162.856
1107 176.107 -143.925
1108 120.634 -139.832
1109 146.163 -175.224
1110 154.14 -160.924
1111 132.36 -137.027
1112 146.279 -151.96
1113 144.817 -141.407
1114 170.341 -158.935
1115 128.69 -167.038
1116 130.643 -193.759
1117 126.17 -161.821
1118 133.673 -130.111
1119 180.546 -155.165
1120 161.512 -179.245
1121 107.111 -180.412
1122 120.715 -132.596
1123 120.321 -172.443
1124 154.92 -200.888
1125 105.938 -145.418
1126 148.224 -131.751
1127 166.514 -138.871
1128 170.789 -149.758
1129 122.003 -168.752
1130 140.755 -170.05
1131 129.322 -132.124
1132 124.428 -152.439
1133 119.736 -146.732
1134 182.147 -163.015
1135 170.782 -175.851
1136 148.391 -146.025
1137 144.723 -145.923
1138 97.037 -164.362
1139 168.966 -186.922
1140 115.363 -154.423
1141 105.311 -161.204
1142 106.649 -143.13
1143 149.075 -172.356
1144 171.087 -149.067
1145 177.33 -176.1
1146 149.687 -170.265
1147 160.803 -145.435
1148 110.176 -184.025
1149 163.816 -132.598
1150 161.504 -162.487
1151 123.647 -131.716
1152 130.016 -128.024
1153 124.137 -162.532
1154 112.401 -153.072
1155 133.574 -147.592
1156 170.816 -160.343
1157 105.609 -185.45
1158 178.161 -161.8
1159 127.383 -185.797
1160 162.529 -194.247
1161 101.365 -152.493
1162 107.767 -166.968
1163 144.109 -179.081
1164 174.433 -164.91
1165 127.491 -168.211
1166 129.712 -162.603
1167 171.446 -174.677
1168 174.592 -189.019
1169 176.986 -168.441
1170 152.864 -137.069
1171 102.709 -150.568
1172 121.464 -146.238
1173 165.613 -143.232
1174 171.008 -142.141
1175 105.579 -146.037
1176 131.033 -188.732
1177 146.132 -127.615
1178 162.65 -149.496
1179 163.232 -188.509
1180 119.201 -161.486
1181 168.22 -193.157
1182 117.213 -160.432
1183 125.662 -160.373
1184 142.415 -181.238
1185 178.879 -152.923
1186 136.998 -156.804
1187 131.79 -143.137
1188 178.6 -159.525
1189 99.649 -156.418
1190 135.566 -180.87
1191 98.331 -163.382
1192 112.359 -189.634
1193 158.104 -191.054
1194 139.645 -192.832
1195 178.58 -159.532
1196 117.865 -137.114
1197 122.714 -186.796
1198 130.042 -192.663
1199 165.157 -172.042
1200 164.114 -182.811
1201 98.458 -161.95
1202 129.379 -172.986
1203 176.849 -168.385
1204 106.892 -155.476
1205 128.199 -190.286
1206 143.332 -133.073
1207 144.577 -148.339
1208 118.849 -201.721
1209 137.157 -131.811
1210 154.925 -165.281
1211 173.55 -181.762
1212 103.193 -184.383
1213 106.61 -164.092
1214 135.153 -148.415
1215 125.782 -172.119
1216 108.867 -141.691
1217 103.882 -179.26
1218 118.969 -178.47
1219 163.356 -193.73
1220 139.327 -168.103
1221 141.851 -192.117
1222 115.739 -196.966
1223 130.638 -124.257
1224 181.642 -175.291
1225 177.73 -152.982
1226 159.229 -167.186
1227 119.126 -188.753
1228 167.098 -197.134
1229 131.626 -132.627
1230 108.541 -150.991
1231 167.067 -191.488
1232 181.984 -160.805
1233 97.442 -162.8
1234 100.589 -174.377
1235 97.191 -168.356
1236 178.702 -176.86
1237 172.105 -177.396
1238 138.995 -146.209
1239 118.781 -151.493
1240 162.052 -166.92
1241 109.448 -181.241
1242 143.779 -202.772
1243 102.376 -163.94
1244 150.983 -133.031
1245 175.427 -149.622
1246 101.446 -164.282
1247 176.646 -152.267
1248 115.085 -141.966
1249 180.045 -161.324
1250 102.952 -169.415
1251 117.269 -191.33
1252 141.021 -152.823
1253 127.2 -161.747
1254 125.287 -150.628
1255 165.376 -139.217
1256 125.532 -134.836
1257 120.846 -196.341
1258 98.001 -158.88
1259 122.261 -179.776
1260 136.466 -126.419
1261 97.429 -167.86
1262 106.206 -166.326
1263 128.952 -150.325
1264 129.66 -170.713
1265 162.508 -161.058
1266 171.88 -174.569
1267 148.711 -129.76
1268 160.645 -159.368
1269 99.357 -167.831
1270 140.349 -159.987
1271 143.613 -200.596
1272 174.708 -178.779
1273 142.433 -198.727
1274 167.982 -172.583
1275 172.71 -155.985
1276 161.546 -168.87
1277 168.69 -146.32
1278 158.574 -152.839
1279 143.561 -167.792
1280 109.426 -146.98
1281 181.287 -161.955
1282 116.802 -182.126
1283 131.765 -168.562
1284 166.34 -166.461
1285 104.991 -143.045
1286 149.736 -195.774
1287 123.416 -175.379
1288 114.987 -150.43
1289 166.418 -134.056
1290 135.047 -194.015
1291 121.004 -148.978
1292 104.763 -179.37
1293 115.591 -134.765
1294 101.849 -155.183
1295 122.271 -171.417
1296 124.973 -171.374
1297 174.801 -182.553
1298 181.013 -175.274
1299 167.862 -161.089
1300 181.053 -163.249
1301 127.61 -169.099
1302 152.545 -166.8
1303 125.456 -200.347
1304 170.2 -189.7
1305 141.386 -145.519
1306 159.537 -186.412
1307 140.325 -162.128
1308 104.612 -157.787
1309 105.403 -160.436
1310 104.339 -161.371
1311 131.263 -206.652
1312 153.692 -183.941
1313 180.321 -155.989
1314 169.451 -136.209
1315 129.47 -134.313
1316 102.726 -169.867
1317 143.115 -197.344
1318 154.069 -140.612
1319 132.266 -199.586
1320 134.453 -153.77
1321 122.896 -199.378
1322 143.567 -183.982
1323 112.457 -162.931
1324 109.368 -151.066
1325 145.641 -157.263
1326 133.964 -162.111
1327 102.772 -149.75
1328 181.348 -172.974
1329 140.902 -124.779
1330 136.323 -185.219
1331 108.047 -177.561
1332 161.849 -195.664
1333 139.441 -139.267
1334 153.429 -189.537
1335 146.999 -157.515
1336 114.671 -161.178
1337 125.034 -126.925
1338 149.797 -183.387
1339 144.206 -174.667
1340 98.05 -162.921
1341 170.079 -149.002
1342 115.225 -151.11
1343 139.946 -149.504
1344 149.736 -192.998
1345 155.541 -152.249
1346 170.343 -185.741
1347 108.407 -170.769
1348 172.808 -190.576
1349 168.563 -179.558
1350 142.733 -186.957
1351 170.725 -145.321
1352 153.673 -188.167
1353 122.465 -135.266
1354 155.329 -143.198
1355 99.258 -159.129
1356 112.149 -164.838
1357 160.293 -181.597
1358 117.048 -171.868
1359 140.649 -135.489
1360 128.343 -138.931
1361 156.87 -194.755
1362 149.181 -157.153
1363 169.4 -185.964
1364 174.715 -181.509
1365 123.37 -204.197
1366 101.816 -154.04
1367 176.254 -168.158
1368 131.787 -188.788
1369 168.934 -139.993
1370 159.094 -180.69
1371 139.088 -187.748
1372 166.127 -169.286
1373 182.08 -165.607
1374 162.264 -149.337
1375 162.005 -174.082
1376 99.166 -166.144
1377 139.711 -167.534
1378 160.556 -187.88
1379 145.299 -185.587
1380 104.238 -169.834
1381 140.425 -135.327
1382 105.709 -173.668
1383 111.78 -170.358
1384 107.152 -172.801
1385 165.648 -185.203
1386 178.628 -163.953
1387 162.427 -198.164
1388 97.634 -160.754
1389 129.268 -146.497
1390 159.083 -158.275
1391 102.221 -161.589
1392 154.579 -148.991
1393 107.945 -182.244
1394 166.641 -139.016
1395 133.939 -178.909
1396 138.347 -161.079
1397 133.864 -201.932
1398 135.343 -156.911
1399 108.828 -186.234
1400 121.225 -131.295
1401 125.761 -153.433
1402 128.976 -128.679
1403 141.601 -128.946
1404 156.01 -135.954
1405 153.579 -187.858
1406 137.932 -131.275
1407 104.843 -142.603
1408 169.826 -169.934
1409 140.601 -144.842
1410 176.954 -172.042
1411 128.579 -181.462
1412 155.974 -202.069
1413 147.758 -158.485
1414 132.972 -177.398
1415 131.738 -143.636
1416 104.392 -168.997
1417 141.072 -159.6
1418 136.655 -183.393
1419 116.03 -145.397
1420 108.131 -183.149
1421 118.246 -198.945
1422 101.386 -156.787
1423 113.355 -136.63
1424 169.426 -149.133
1425 100.046 -164.943
1426 125.581 -130.689
1427 105.836 -167.665
1428 113.703 -168.345
1429 152.472 -184.004
1430 179.054 -176.646
1431 179.993 -172.635
1432 174.655 -185.728
1433 125.52 -199.241
1434 181.213 -175.46
1435 143.369 -176.094
1436 122.184 -152.878
1437 140.798 -206.219
1438 134.576 -140.076
1439 135.964 -148.438
1440 153.981 -161.838
1441 164.701 -133.234
1442 135.908 -194.942
1443 176.994 -149.956
1444 182.544 -170.591
1445 122.35 -188.005
1446 148.391 -133.75
1447 158.408 -170.61
1448 99.187 -177.854
1449 105.688 -176.431
1450 105.721 -185.548
1451 143.479 -181.927
1452 173.956 -172.177
1453 99.444 -166.716
1454 118.086 -177.218
1455 126.863 -205.715
1456 136.541 -190.148
1457 142.536 -165.932
1458 177.021 -168.932
1459 121.36 -128.591
1460 117.746 -193.397
1461 108.43 -180.441
1462 109.118 -175.49
1463 153.556 -156.785
1464 147.843 -163.161
1465 136.552 -142.432
1466 118.415 -171.973
1467 170.002 -168.504
1468 111.952 -182.749
1469 159.38 -155.652
1470 98.273 -174.965
1471 177.39 -181.79
1472 147.815 -154.206
1473 144.439 -127.054
1474 135.779 -196.933
1475 167.222 -159.604
1476 160.055 -182.573
1477 146.331 -136.577
1478 127.456 -205.184
1479 101.352 -182.818
1480 168.95 -153.061
1481 160.526 -181.416
1482 172.356 -144.464
1483 127.337 -205.852
1484 106.212 -143.121
1485 153.341 -192.668
1486 148.888 -149.616
1487 109.945 -175.194
1488 144.087 -149.881
1489 149.921 -203.012
1490 145.879 -204.667
1491 135.458 -153.174
1492 163.661 -149.497
1493 105.357 -174.89
1494 181.371 -175.262
1495 124.092 -183.275
1496 116.257 -169.26
1497 179.554 -169.593
1498 124.674 -169.979
1499 153.496 -135.907
1500 150.06 -176.322
1501 167.318 -166.429
1502 166.832 -160.511
1503 129.977 -173.931
1504 167.43 -179.115
1505 176.532 -177.23
1506 145.037 -136.219
1507 160.361 -185.853
1508 150.946 -137.502
1509 158.455 -163.865
1510 169.613 -181.382
1511 111.902 -197.438
1512 171.222 -146.113
1513 105.51 -154.014
1514 172.024 -165.567
1515 163.117 -166.618
1516 124.033 -167.14
1517 134.525 -154.566
1518 139.038 -178.92
1519 111.716 -193.272
1520 99.212 -154.718
1521 99.94 -173.136
1522 151.864 -150.157
1523 153.479 -147.07
1524 134.991 -181.359
1525 145.322 -126.67
1526 99.959 -179.027
1527 97.237 -170.163
1528 172.453 -151.926
1529 107.224 -191.794
1530 139.437 -150.006
1531 108.469 -138.299
1532 99.943 -179.9
1533 181.125 -161.124
1534 110.087 -176.175
1535 98.642 -162.528
1536 161.13 -185.52
1537 125.182 -177.037
1538 171.946 -168.106
1539 150.859 -144.578
1540 126.701 -146.491
1541 128.366 -136.844
1542 144.191 -130.883
1543 149.664 -139.074
1544 171.964 -172.352
1545 111.437 -180.847
1546 140.416 -148.801
1547 159.403 -153.084
1548 127.346 -152.308
1549 106.849 -189.359
1550 119.111 -181.383
1551 136.225 -155.278
1552 164.027 -185.013
1553 128.382 -196.59
1554 134.663 -134.966
1555 124.527 -157.992
1556 176.204 -181.291
1557 149.376 -184.541
1558 165.12 -178.662
1559 151.579 -183.126
1560 124.109 -158.782
1561 158.067 -196.875
1562 126.266 -134.938
1563 166.41 -167.209
1564 140.598 -170.973
1565 117.974 -199.242
1566 132.982 -135.745
1567 155.283 -147.775
1568 104.974 -158.263
1569 143.505 -181.692
1570 156.145 -181.777
1571 114.466 -152.296
1572 111.637 -164.169
1573 127.95 -188.867
1574 104.867 -181.645
1575 101.065 -179.434
1576 161.215 -136.541
1577 132.433 -195.611
1578 102.662 -179.919
1579 166.443 -135.942
1580 146.925 -192.528
1581 176.514 -161.256
1582 175.16 -145.372
1583 179.883 -167.74
1584 133.335 -142.296
1585 103.865 -146.65
1586 110.791 -138.76
1587 163.165 -187.951
1588 128.824 -132.562
1589 105.602 -183.828
1590 125.366 -155.781
1591 161.791 -157.307
1592 155.782 -159.906
1593 102.226 -172.723
1594 159.264 -148.959
1595 178.811 -173.33
1596 137.023 -180.169
1597 99.34 -175.617
1598 106.391 -182.495
1599 105.421 -185.7
1600 111.705 -150.507
1601 160.789 -185.575
1602 160.803 -134.985
1603 138.607 -163.025
1604 163.033 -138.36
1605 119.703 -157.959
1606 121.474 -191.989
1607 172.348 -172.798
1608 166.831 -145.883
1609 131.709 -144.793
1610 132.906 -198.36
1611 148.118 -134.601
1612 141.752 -142.43
1613 152.847 -180.638
1614 181.402 -175.161
1615 160.034 -177.045
1616 151.245 -148.982
1617 151.128 -134.804
1618 125.212 -171.688
1619 122.028 -180.412
1620 108.811 -155.013
1621 112.343 -134.026
1622 148.247 -206.461
1623 150.09 -135.969
1624 167.664 -183.227
1625 103.385 -180.665
1626 158.9 -134.286
1627 99.701 -159.838
1628 169.734 -162.07
1629 211.993 -32.676
1630 240.074 -63.297
1631 188.936 -39.447
1632 244.921 -55.468
1633 226.779 -57.367
1634 227.263 -48.241
1635 223.91 -19.749
1636 201.748 -36.467
1637 237.508 -62.741
1638 203.244 -44.849
1639 182.954 -60.076
1640 220.514 -65.461
1641 217.871 -52.501
1642 185.531 -57.773
1643 234.01 -59.287
1644 208.625 -54.811
1645 226.208 -76.69
1646 207.693 -48.385
1647 248.723 -64.961
1648 225.146 -20.086
1649 222.351 -51.113
1650 219.044 -55.105
1651 186.628 -65.541
1652 193.909 -66.92
1653 232.301 -31.937
1654 189.022 -74.603
1655 204.132 -54.164
1656 229.087 -72.609
1657 216.214 -72.133
1658 207.508 -61.505
1659 231.083 -57.934
1660 189.237 -70.082
1661 209.819 -19.177
1662 197.678 -81.503
1663 185.131 -43.964
1664 210.376 -67.62
1665 181.522 -44.489
1666 216.092 -60.805
1667 232.62 -32.236
1668 249.341 -63.056
1669 249.712 -65.324
1670 212.006 -28.945
1671 226.242 -65.109
1672 187.764 -50.497
1673 192.449 -77.654
1674 234.56 -33.415
1675 235.298 -43.021
1676 204.307 -75.388
1677 238.636 -59.048
1678 194.745 -53.783
1679 232.726 -59.621
1680 207.663 -75.965
1681 209.363 -84.172
1682 221.179 -39.207
1683 207.396 -18.499
1684 185.341 -45.466
1685 228.159 -51.276
1686 205.625 -22.642
1687 247.957 -39.138
1688 243.824 -38.986
1689 227.005 -29.543
1690 249.664 -50.306
1691 237.716 -38.602
1692 240.262 -62.279
1693 222.693 -41.398
1694 198.153 -56.426
1695 194.562 -76.356
1696 181.548 -50.478
1697 221.278 -26.295
1698 213.11 -30.022
1699 199.45 -66.59
1700 204.383 -32.352
1701 204.601 -80.636
1702 195.833 -65.691
1703 222.261 -83.508
1704 238.329 -56.427
1705 237.539 -32.364
1706 205.322 -38.517
1707 235.331 -67.33
1708 180.531 -49.942
1709 185.273 -65.139
1710 181.014 -51.638
1711 219.627 -86.217
1712 190.412 -33.702
1713 210.344 -64.167
1714 196.143 -70.236
1715 225.444 -44.064
1716 184.576 -60.775
1717 243.218 -43.091
1718 231.142 -35.101
1719 236.672 -42.54
1720 184.36 -51.997
1721 209.648 -57.951
1722 215.307 -58.04
1723 235.503 -52.66
1724 222.149 -58.071
1725 247.099 -67.797
1726 231.782 -31.255
1727 213.85 -16.871
1728 208.377 -28.403
1729 247.849 -62.506
1730 207.738 -71.289
1731 220.081 -44.157
1732 195.899 -39.668
1733 201.417 -65.666
1734 232.195 -23.766
1735 227.498 -65.424
1736 244.021 -30.424
1737 206.095 -57.99
1738 214.845 -40.884
1739 196.056 -78.395
1740 194.979 -37.923
1741 194.807 -70.259
1742 210.157 -43.82
1743 183.645 -62.72
1744 187.039 -53.176
1745 217.099 -85.708
1746 212.487 -72.099
1747 231.962 -71.176
1748 241.779 -59.229
1749 250.366 -62.618
1750 237.539 -35.65
1751 225.771 -40.578
1752 226.087 -74.889
1753 196.71 -45.145
1754 240.979 -77.582
1755 180.674 -54.15
1756 188.462 -51.122
1757 188.417 -58.723
1758 251.015 -42.183
1759 232.512 -28.065
1760 192.016 -53.627
1761 194.405 -27.763
1762 213.875 -48.069
1763 195.897 -77.847
1764 186.013 -37.623
1765 222.293 -74.983
1766 242.19 -70.289
1767 193.463 -62.495
1768 248.064 -45.693
1769 219.516 -56.842
1770 221.893 -83.382
1771 184.808 -48.531
1772 219.216 -16.739
1773 213.907 -66.66
1774 245.764 -49.247
1775 208.301 -55.464
1776 249.281 -41.427
1777 238.845 -37.794
1778 203.123 -83.664
1779 217.728 -41.888
1780 200.874 -49.515
1781 196.236 -38.018
1782 193.028 -33.371
1783 235.514 -53.075
1784 248.585 -64.49
1785 229.432 -66.714
1786 220.652 -74.668
1787 184.962 -59.87
1788 185.701 -33.105
1789 224.221 -56.233
1790 251.953 -58.154
1791 249.676 -48.002
1792 204.596 -52.238
1793 194.48 -67.05
1794 203.953 -77.13
1795 239.056 -77.57
1796 203.767 -63.708
1797 204.158 -24.905
1798 227.714 -50.618
1799 195.644 -56.197
1800 186.986 -48.925
1801 205.896 -54.347
1802 230.402 -32.605
1803 240.929 -33.122
1804 249.151 -53.874
1805 231.086 -51.06
1806 182.742 -52.383
1807 231.69 -23.114
1808 191.916 -67.879
1809 192.766 -52.308
1810 206.876 -41.49
1811 229.741 -73.473
1812 190.527 -52.463
1813 240.227 -50.226
1814 215.481 -36.068
1815 241.648 -71.17
1816 232.768 -31.6
1817 184.305 -49.21
1818 227.132 -65.162
1819 237.029 -39.851
1820 190.949 -61.67
1821 219.031 -75.022
1822 183.711 -64.016
1823 207.082 -68.928
1824 251.687 -55.65
1825 194.275 -69.491
1826 192.113 -33.854
1827 208.644 -19.783
1828 208.947 -17.834
1829 192.333 -70.243
1830 203.522 -19.627
1831 183.487 -40.734
1832 196.682 -45.97
1833 224.373 -25.62
1834 182.948 -50.025
1835 204.87 -58.489
1836 201.423 -40.901
1837 194.821 -47.288
1838 222.512 -31.731
1839 180.115 -47.975
1840 219.278 -50.891
1841 206.926 -67.489
1842 200.027 -40.25
1843 233.539 -41.85
1844 241.263 -65.65
1845 180.909 -55.093
1846 230.978 -58.59
1847 241.723 -57.059
1848 189.831 -67.199
1849 188.548 -70.043
1850 221.415 -40.608
1851 247.753 -59.297
1852 214.9 -43.775
1853 220.22 -70.436
1854 205.336 -63.638
1855 213.832 -45.843
1856 205.961 -85.903
1857 214.078 -73.59
1858 211.382 -70.518
1859 223.055 -42.198
1860 248.862 -38.822
1861 192.508 -60.473
1862 207.482 -35.273
1863 233.556 -59.346
1864 198.614 -29.729
1865 234.295 -28.522
1866 241.564 -65.541
1867 240.721 -25.459
1868 231.901 -31.951
1869 234.863 -53.542
1870 200.488 -84.358
1871 208.052 -53.273
1872 229.701 -83.669
1873 180.258 -51.027
1874 192.521 -62.502
1875 199.102 -29.802
1876 247.293 -49.009
1877 211.084 -22.047
1878 209.861 -21.673
1879 213.811 -35.714
1880 200.519 -25.05
1881 219.118 -34.64
1882 242.319 -59.406
1883 224.626 -57.625
1884 239.03 -70.268
1885 182.514 -65.015
1886 224.901 -73.034
1887 219.311 -55.59
1888 216.643 -62.657
1889 227.345 -72.287
1890 236.6 -48.703
1891 215.176 -42.12
1892 184.125 -41.401
1893 220.739 -73.308
1894 202.356 -83.66
1895 189.459 -40.452
1896 182.683 -41.287
1897 219.591 -86.553
1898 213.78 -81.963
1899 181.891 -63.187
1900 224.361 -52.019
1901 189.56 -51.525
1902 190.262 -75.681
1903 226.945 -45.354
1904 205.877 -24.628
1905 208.494 -37.327
1906 203.536 -34.719
1907 216.849 -80.879
1908 190.706 -30.955
1909 188.706 -72.491
1910 196.198 -50.826
1911 221.664 -36.191
1912 239.168 -50.051
1913 214.395 -69.041
1914 245.437 -64.963
1915 180.17 -51.121
1916 204.19 -72.531
1917 210.247 -43.352
1918 225.648 -63.944
1919 190.401 -42.837
1920 193.92 -61.051
1921 249.722 -46.735
1922 183.707 -51.819
1923 205.698 -25.241
1924 186.707 -48.273
1925 197.808 -26.887
1926 198.494 -20.433
1927 238.826 -64.162
1928 188.202 -61.233
1929 234.055 -61.258
1930 200.585 -50.049
1931 246.03 -48.308
1932 203.5 -76.307
1933 203.249 -75.173
1934 249.845 -60.036
1935 250.001 -60.155
1936 243.512 -55.929
1937 219.444 -51.317
1938 190.495 -55.218
1939 236.685 -45.046
1940 216.509 -56.518
1941 198.982 -23.651
1942 204.69 -35.05
1943 249.493 -46.443
1944 181.981 -47.044
1945 202.448 -30.525
1946 251.614 -47.28
1947 220.972 -57.71
1948 251.466 -59.319
1949 218.668 -71.606
1950 189.259 -74.194
1951 201.65 -50.345
1952 218.958 -78.474
1953 240.591 -41.305
1954 223.011 -43.464
1955 240.078 -78.01
1956 203 -25.556
1957 209.773 -69.903
1958 183.705 -46.967
1959 244.759 -50.123
1960 216.641 -52.453
1961 189.363 -28.531
1962 189.642 -47.601
1963 214.899 -37.252
1964 223 -58.411
1965 223.421 -74.836
1966 209.52 -24.808
1967 224.736 -25.277
1968 221.599 -17.359
1969 244.342 -53.494
1970 181.225 -41.712
1971 205.658 -59.298
1972 207.816 -32.984
1973 237.772 -65.282
1974 212.59 -56.1
1975 189.31 -46.061
1976 224.368 -68.783
1977 183.002 -52.34
1978 245.081 -60.322
1979 207.838 -61.023
1980 207.954 -84.945
1981 205.42 -46.131
1982 198.772 -33.384
1983 188.52 -35.666
1984 237.123 -59.488
1985 248.954 -54.535
1986 233.366 -50.126
1987 193.455 -68.164
1988 223.306 -50.76
1989 182.948 -47.292
1990 212.072 -74.167
1991 227.515 -85.899
1992 180.044 -44.474
1993 207.716 -16.288
1994 186.204 -51.374
1995 248.663 -61.958
1996 229.457 -80.432
1997 241.838 -64.727
1998 197.39 -79.464
1999 230.306 -36.47
2000 183.829 -57.781
2001 241.647 -56.394
2002 220.907 -52.778
2003 183.502 -57.732
2004 230.492 -84.722
2005 192.169 -33.488
2006 237.443 -53.208
2007 193.43 -70.237
2008 251.973 -44.293
2009 202.313 -40.169
2010 187.19 -33.069
2011 192.129 -40.257
2012 223.385 -45.243
2013 197.56 -45.511
2014 246.127 -32.952
2015 224.451 -57.727
2016 195.521 -56.59
2017 209.776 -22.409
2018 184.282 -64.663
2019 221.363 -73.889
2020 194.793 -54.542
2021 250.445 -49.638
2022 231.096 -70.495
2023 246.874 -42.941
2024 225.215 -33.65
2025 244.438 -33.696
2026 193.229 -73.034
2027 187.29 -37.35
2028 180.904 -52.238
2029 229.943 -76.691
2030 231.189 -49.327
2031 226.158 -80.642
2032 226.559 -82.39
2033 216.464 -55.73
2034 247.03 -63.275
2035 222.436 -37.51
2036 204.195 -85.682
2037 191.631 -56.364
2038 208.723 -49.964
2039 231.948 -83.737
2040 248.391 -39.76
2041 220.38 -71.963
2042 181.739 -54.376
2043 225.073 -78.486
2044 180.365 -59.883
2045 194.742 -41.959
2046 247.843 -40.847
2047 226.286 -28.319
2048 242.224 -50.085
2049 184.962 -58.208
2050 240.027 -61.933
2051 195.319 -51.254
2052 180.697 -44.817
2053 215.245 -77.77
2054 208.743 -84.614
2055 229.831 -19.013
2056 224.395 -63.205
2057 244.959 -43.789
2058 215.935 -78.631
2059 211.911 -34.075
2060 212.657 -52.627
2061 187.712 -51.985
2062 200.152 -30.728
2063 237.804 -79.311
2064 227.798 -68.209
2065 244.029 -62.288
2066 218.932 -77.482
2067 250.855 -63.055
2068 192.986 -54.937
2069 230.476 -79.522
2070 209.411 -64.26
2071 198.8 -83.17
2072 237.188 -62.333
2073 186.674 -65.89
2074 238.29 -71.537
2075 232.042 -73.273
2076 243.023 -65.649
2077 244.233 -49.409
2078 183.509 -37.633
2079 191.699 -64.98
2080 190.556 -36.525
2081 213.349 -48.492
2082 229.295 -80.664
2083 193.484 -32.19
2084 222.895 -20.194
2085 213.492 -41.282
2086 237.426 -38.798
2087 197.231 -74.827
2088 230.406 -83.657
2089 228.683 -23.554
2090 189.453 -75.861
2091 199.427 -33.566
2092 195.182 -69.174
2093 184.407 -59.647
2094 190.525 -40.453
2095 236.752 -63.131
2096 196.988 -59.44
2097 220.16 -86.25
2098 244.716 -65.764
2099 239.693 -50.443
2100 180.415 -49.683
2101 247.343 -60.488
2102 184.85 -38.106
2103 199.903 -64.285
2104 248.02 -50.717
2105 196.51 -43.993
2106 191.477 -35.705
2107 221.338 -85.338
2108 211.271 -27.418
2109 215.044 -85.499
2110 210.207 -76.649
2111 213.596 -72.968
2112 203.273 -26.628
2113 250.504 -50.097
2114 191.352 -72.854
2115 243.038 -72.168
2116 219.757 -60.448
2117 241.188 -29.35
2118 238.251 -26.65
2119 234.791 -74.689
2120 223.289 -24.137
2121 246.97 -57.046
2122 183.728 -53.862
2123 212.488 -59.334
2124 215.046 -52.24
2125 181.202 -42.43
2126 220.558 -85.962
2127 186.616 -37.068
2128 237.622 -41.118
2129 215.778 -64.787
2130 198.293 -79.742
2131 220.076 -68.778
2132 235.959 -23.028
2133 223.82 -35.395
2134 207.229 -48.889
2135 190.904 -27.34
2136 197.501 -55.887
2137 251.001 -46.626
2138 195.959 -75.568
2139 219.103 -21.701
2140 190.566 -58.748
2141 208.229 -29.601
2142 189.743 -44.439
2143 245.894 -63.713
2144 225.752 -65.403
2145 228.023 -57.686
2146 205.418 -21.019
2147 228.35 -85.676
2148 198.492 -71.999
2149 236.336 -58.495
2150 237.087 -60.587
2151 202.576 -51.952
2152 216.649 -72.155
2153 180.988 -54.314
2154 201.187 -48.889
2155 249.753 -37.254
2156 181.262 -46.628
2157 199.521 -21.886
2158 218.292 -22.684
2159 189.824 -65.15
2160 249.534 -58.722
2161 206.488 -55.43
2162 235.889 -27.033
2163 236.696 -48.328
2164 188.044 -66.765
2165 231.09 -23.519
2166 186.435 -42.487
2167 241.948 -61.207
2168 203.504 -27.556
2169 210.966 -75.006
2170 329.847 57.715
2171 272.273 34.434
2172 313.617 19.627
2173 357.688 16.985
2174 331.879 -3.351
2175 284.082 65.561
2176 359.702 45.668
2177 276.085 45.454
2178 312.294 59.711
2179 351.469 27.25
2180 278.287 53.592
2181 324.188 72.152
2182 282.946 41.295
2183 291.315 56.011
2184 346.891 50.69
2185 363.661 29.504
2186 360.965 26.627
2187 310.457 38.769
2188 269.997 40.728
2189 314.825 19.107
2190 357.532 32.932
2191 318.194 63.381
2192 301.387 52.376
2193 361.515 34.079
2194 299.511 58.103
2195 312.177 28.197
2196 335.884 -1.24
2197 324.561 48.711
2198 292.772 44.794
2199 323.506 35.858
2200 356.546 29.679
2201 345.741 47.082
2202 347.237 55.334
2203 298.586 29.892
2204 297.273 9.364
2205 300.762 68.217
2206 352.774 8.889
2207 281.807 62.882
2208 336.972 19.862
2209 342.648 20.071
2210 347.907 16.07
2211 334.105 79.749
2212 268.856 41.249
2213 339.38 50.215
2214 270.516 34.227
2215 345.78 58.839
2216 310.084 37.358
2217 276.097 12.918
2218 277.039 37.908
2219 291.191 54.675
2220 347.84 7.149
2221 291.956 31.287
2222 313.551 3.928
2223 340.342 20.034
2224 354.536 39.248
2225 359.964 46.026
2226 339.545 62.768
2227 279.755 41.026
2228 362.314 31.062
2229 336.943 74.31
2230 323.836 54.399
2231 332.294 -1.071
2232 270.9 49.105
2233 279.293 40.766
2234 301.281 5.819
2235 324.276 27.729
2236 283.209 22.066
2237 281.734 41.904
2238 337.627 4.733
2239 349.523 11.558
2240 324.506 74.464
2241 277.818 30.959
2242 322.415 60.583
2243 353.632 37.47
2244 331.914 76.934
2245 290.645 69.06
2246 292.5 38.738
2247 342.514 20.075
2248 319.727 44.07
2249 350.12 69.585
2250 332.535 38.415
2251 316.821 63.721
2252 364.439 30.452
2253 310.148 65.553
2254 315.007 52.798
2255 271.673 38.364
2256 315.183 17.758
2257 356.046 51.307
2258 284.501 11.264
2259 296.036 24.96
2260 316.327 70.975
2261 326.047 57.594
2262 303.175 11.525
2263 276.678 53.629
2264 355.774 41.499
2265 342.698 14.61
2266 333.531 16.851
2267 323.137 45.676
2268 313.817 34.444
2269 307.462 22.802
2270 340.043 58.233
2271 348.714 3.275
2272 289.059 33.352
2273 351.531 13.533
2274 306.078 29.809
2275 361.857 44.295
2276 279.274 49.4
2277 297.941 6.857
2278 300.822 17.957
2279 275.555 33.986
2280 283.1 29.402
2281 342.4 11.521
2282 307.913 5.692
2283 281.556 42.762
2284 336.806 8.05
2285 336.909 53.744
2286 333.67 69.757
2287 302.537 39.573
2288 334.634 11.281
2289 310.559 30.659
2290 275.375 14.954
2291 283.488 20.244
2292 305.175 3.538
2293 314.443 44.598
2294 329.993 57.768
2295 271.667 30.608
2296 305.631 25.013
2297 305.285 51.055
2298 340.03 45.776
2299 294.034 10.212
2300 324.087 -9.746
2301 310.988 39.649
2302 281.445 43.591
2303 352.058 32.922
2304 320.945 76.66
2305 272.849 23.778
2306 348.318 32.349
2307 349.529 70.795
2308 334.74 29.754
2309 317.886 67.536
2310 347.462 69.049
2311 295.034 41.783
2312 324.394 47.701
2313 327.81 49.504
2314 350.273 65.897
2315 306.147 -7.11
2316 321.735 54.123
2317 363.101 43.546
2318 323.438 53.625
2319 280.07 9.053
2320 300.44 15.204
2321 357.922 25.867
2322 319.806 14.311
2323 359.575 45.382
2324 328.855 59.121
2325 328.816 41.061
2326 310.38 29.005
2327 293.197 2.905
2328 306.855 41.806
2329 276.901 43.098
2330 347.672 70.046
2331 343.436 30.103
2332 320.88 51.141
2333 293.459 42.491
2334 317.54 49.076
2335 272.016 46.779
2336 284.03 67.621
2337 323.025 59.749
2338 363.008 40.133
2339 270.124 41.276
2340 332.049 31.562
2341 289.374 3.675
2342 307.526 61.639
2343 290.37 31.545
2344 294.64 36.112
2345 345.649 56.565
2346 355.23 61.29
2347 300.415 -4.142
2348 287.011 41.705
2349 350.064 2.997
2350 310.159 26.079
2351 345.21 56.788
2352 314.64 17.117
2353 358.312 13.701
2354 304.646 52.484
2355 330.305 -4.146
2356 276.534 31.869
2357 295.709 10.653
2358 315.317 48.616
2359 353.697 21.257
2360 346.581 9.654
2361 274.371 54.625
2362 291.21 47.64
2363 338.589 41.518
2364 316.99 64.363
2365 362.984 27.717
2366 305.114 58.69
2367 327.157 49.77
2368 284.386 23.381
2369 315.684 45.945
2370 285.439 54.624
2371 307.773 55.983
2372 361.941 29.222
2373 291.385 76.077
2374 282.781 60.508
2375 274.944 35.252
2376 282.751 39.279
2377 286.481 21.461
2378 328.109 7.196
2379 290.838 71.035
2380 331.634 52.512
2381 282.219 54.175
2382 299.638 71.448
2383 278.033 35.045
2384 304.882 42.147
2385 271.686 45.084
2386 326.85 -3.039
2387 286.619 36.31
2388 343.238 50.394
2389 361.941 42.09
2390 344.552 -1.294
2391 325.531 25.396
2392 306.96 3.491
2393 295.856 49.201
2394 302.462 25.419
2395 338.665 66.358
2396 353.323 7.445
2397 344.973 61.051
2398 355.333 17.675
2399 286.497 38.997
2400 321.53 -6.764
2401 281.844 45.445
2402 353.556 16.871
2403 351.147 39.665
2404 304.553 12.926
2405 278.077 27.774
2406 315.471 65.251
2407 279.115 41.94
2408 291.038 31.631
2409 343.021 57.827
2410 362.84 33.51
2411 355.443 48.647
2412 274.215 42.087
2413 300.448 56.683
2414 316.713 -0.628
2415 271.108 27.707
2416 340.272 42.339
2417 352.327 14.791
2418 329.623 45.696
2419 303.886 59.791
2420 338.213 19.878
2421 269.306 43.918
2422 331.24 52.783
2423 326.466 33.791
2424 288.706 33.63
2425 318.567 -1.422
2426 313.612 -6.948
2427 303.684 55.766
2428 335.119 7.426
2429 328.044 58.35
2430 322.391 83.253
2431 358.358 23.065
2432 331.361 77.051
2433 297.358 68.659
2434 353.59 66.25
2435 309.596 74.565
2436 359.406 40.113
2437 363.631 43.277
2438 283.399 14.133
2439 277.801 15.46
2440 269.136 43.323
2441 335.064 22.243
2442 269.555 40.396
2443 352.173 60.795
2444 303.397 -4.722
2445 322.671 70.74
2446 282.616 63.361
2447 328.61 37.214
2448 351.492 58.757
2449 303.476 13.099
2450 339.168 49.535
2451 305.887 32.387
2452 336.89 77.375
2453 357.183 52.668
2454 337.224 36.277
2455 307.214 82.144
2456 275.319 50.317
2457 322.564 38.892
2458 355.515 51.968
2459 335.409 78.417
2460 344.117 30.801
2461 283.088 63.702
2462 302.896 79.454
2463 343.713 25.258
2464 287.791 23.18
2465 318.278 8.157
2466 354.289 54.905
2467 275.903 24.312
2468 316.529 53.349
2469 310.339 61.591
2470 296.317 73.374
2471 296.647 13.283
2472 278.119 24.444
2473 339.099 3.062
2474 292.234 66.627
2475 303.627 62.501
2476 288.891 56.593
2477 328.201 37.254
2478 327.529 6.44
2479 297.753 24.335
2480 344.515 16.139
2481 279.973 64.896
2482 320.844 55.022
2483 339.34 35.718
2484 320.674 11.559
2485 326.21 72.595
2486 327.12 35.745
2487 280.011 30.578
2488 272.453 39.953
2489 310.512 46.733
2490 280.622 56.678
2491 290.716 15.258
2492 299.459 -6.467
2493 362.376 27.876
2494 347.217 68.7
2495 300.944 36.363
2496 280.04 57.543
2497 274.057 24.647
2498 340.979 49.11
2499 361.991 40.999
2500 295.408 11.141
2501 311.767 60.948
2502 349.413 19.416
2503 341.271 25.058
2504 289.632 24.747
2505 321.911 41.998
2506 279.807 33.213
2507 311.184 5.708
2508 292.691 49.448
2509 269.109 35.434
2510 272.246 51.55
2511 360.072 38.034
2512 308.964 12.028
2513 363.096 31.529
2514 352.228 10.599
2515 296.049 37.524
2516 287.399 4.683
2517 296.275 14.631
2518 347.734 62.224
2519 307.179 7.769
2520 349.399 42.876
2521 340.023 37.268
2522 345.806 71.482
2523 332.211 19.41
2524 309.017 51.727
2525 348.49 15.297
2526 300.576 72.571
2527 316.255 5.382
2528 274.439 32.079
2529 289.102 63.022
2530 288.437 9.908
2531 292.484 25.135
2532 351.937 15.925
2533 341.391 57.545
2534 337.907 0.718
2535 278.874 37.574
2536 332.596 65.694
2537 328.035 33.17
2538 297.775 80.149
2539 355.952 18.244
2540 353.957 65.21
2541 314.633 79.646
2542 332.17 45.704
2543 288.615 34.444
2544 344.922 29.245
2545 317.115 16.812
2546 331.208 65.801
2547 303.592 43.239
2548 362.942 47.548
2549 346.503 65.361
2550 343.273 17.045
2551 314.299 63.768
2552 294.683 13.434
2553 310.983 51.55
2554 355.293 18.334
2555 277.532 63.196
2556 309.439 43.497
2557 316.055 -11.075
2558 304.719 27.845
2559 325.24 77.678
2560 326.798 11.731
2561 355.848 52.817
2562 271.974 26.523
2563 342.74 57.976
2564 288.079 61.847
2565 298.663 7.695
2566 314.493 15.532
2567 294.709 0.416
2568 331.742 45.682
2569 268.772 37.921
2570 313.162 27.384
2571 356.071 43.362
2572 314.079 62.282
2573 278.013 47.594
2574 310.045 10.185
2575 285.734 35.444
2576 282.342 10.769
2577 278.407 39.21
2578 356.902 36.065
2579 332.418 55.449
2580 284.99 40.373
2581 333.819 78.856
2582 308.763 3.111
2583 334.921 -4.732
2584 347.533 73.241
2585 304.977 42.333
2586 275.868 25.468
2587 349.213 41.02
2588 327.213 59.643
2589 332.012 63.938
2590 355.32 13.675
2591 318.123 74.656
2592 294.575 36.97
2593 346.647 55.446
2594 319.72 16.743
2595 359.311 56.991
2596 309.122 5.104
2597 277.509 63.268
2598 337.662 74.888
2599 346.147 8.516
2600 292.202 1.406
2601 330.258 21.201
2602 335.37 77.101
2603 317.535 43.394
2604 346.73 66.08
2605 358.125 32.688
2606 361.09 34.737
2607 330.597 46.645
2608 317.403 69.617
2609 341.983 12.021
2610 356.674 48.223
2611 270.267 41.458
2612 338.057 63.462
2613 299.756 30.34
2614 342.677 72.055
2615 286.572 8.05
2616 335.793 65.975
2617 309.96 75.318
2618 322.035 77.76
2619 308.485 33.842
2620 345.056 33.26
2621 321.745 56.413
2622 281.271 13.317
2623 353.82 49.059
2624 350.753 51.226
2625 289.507 23.212
2626 291.206 19.777
2627 331.915 43.305
2628 272.443 35.742
2629 287.998 39.208
2630 348.288 46.254
2631 302.216 65.558
2632 337.647 32.742
2633 283.963 6.053
2634 335.443 8.344
2635 324.603 73.872
2636 291.288 20.259
2637 287.494 39.163
2638 304.75 58.386
2639 308.913 32.208
2640 318.732 78.356
2641 347.796 3.178
2642 302.619 32.062
2643 287.006 27.225
2644 359.939 44.49
2645 354.019 44.368
2646 338.721 32.476
2647 320.702 60.025
2648 300.227 50.686
2649 325.834 19.206
2650 296.459 27.169
2651 294.903 65.312
2652 305.471 16.24
2653 303.539 60.595
2654 308.262 72.472
2655 291.009 59.357
2656 293.468 17.741
2657 277.593 53.063
2658 352.133 46.554
2659 295.943 9.806
2660 280.327 31.293
2661 311.362 7.11
2662 358.421 33.61
2663 315.637 -1.75
2664 350.941 52.036
2665 298.533 6.778
2666 303.15 4.89
2667 332.791 -3.008
2668 332.309 60.67
2669 313.427 25.102
2670 313.724 31.667
2671 328.885 55.603
2672 288.503 73.01
2673 362.038 23.862
2674 309.934 9.984
2675 331.251 -6.249
2676 360.439 28.858
2677 299.167 12.419
2678 322.027 -8.615
2679 348.697 19.922
2680 271.287 28.916
2681 337.024 59.417
2682 292.476 48.724
2683 272.635 33.03
2684 300.753 0.257
2685 288.091 11.943
2686 304.357 4.518
2687 314.202 58.016
2688 331.202 5.165
2689 279.122 10.403
2690 322.389 30.248
2691 269.999 30.867
2692 300.409 -6.195
2693 284.395 26.343
2694 301.318 9.486
2695 272.894 30.142
2696 315.313 70.018
2697 276.795 41.686
2698 276.358 29.077
2699 354.009 12.594
2700 278.311 31.679
2701 302.741 20.239
2702 325.817 77.786
2703 359.006 35.489
2704 296.755 41.683
2705 303.151 46.115
2706 313.69 3.35
2707 331.295 67.696
2708 282.936 66.349
2709 339.844 1.572
2710 290.059 -1.57
2711 412.882 154.313
2712 435.544 118.209
2713 410.405 91.308
2714 409.203 133.377
2715 399.976 136.872
2716 399.717 136.774
2717 458.303 114.003
2718 380.075 88.455
2719 415.316 55.59
2720 394.267 116.562
2721 354.224 104.937
2722 467.402 99.882
2723 395.387 97.636
2724 453.079 92.376
2725 359.868 126.801
2726 446.34 76.702
2727 405.513 122.646
2728 373.218 90.207
2729 353.723 77.676
2730 434.539 91.249
2731 362.466 67.165
2732 416.496 46.851
2733 379.811 75.881
2734 445.071 62.013
2735 398.599 43.436
2736 434.796 158.136
2737 463.276 98.602
2738 430.496 61.231
2739 374.812 111.757
2740 404.013 72.745
2741 351.861 98.212
2742 397.286 161.882
2743 422.651 78.479
2744 349.094 119.495
2745 403.897 101.201
2746 441.934 64.429
2747 372.553 99.604
2748 398.484 159.653
2749 455.088 133.119
2750 357.33 132.82
2751 395.09 163.744
2752 404.016 162.9
2753 426.383 146.588
2754 463.509 123.061
2755 462.557 86.527
2756 454.703 83.189
2757 450.341 91.604
2758 355.254 91.372
2759 369.457 74.306
2760 439.861 75.164
2761 470.715 99.128
2762 392.487 80.665
2763 407.326 108.257
2764 427.529 50.677
2765 435.773 131.505
2766 470.529 111.077
2767 352.565 108.501
2768 383.001 151.163
2769 392.957 52.556
2770 395.748 70.588
2771 370.489 141.557
2772 376.628 72.935
2773 437.193 69.042
2774 346.663 118.416
2775 360.56 120.323
2776 419.208 65.413
2777 409.124 157.061
2778 349.267 110.556
2779 359.575 101.281
2780 417.948 89.624
2781 390.191 64.474
2782 371.177 142.961
2783 424.462 104.724
2784 438.552 123.544
2785 434.956 102.145
2786 352.459 78.28
2787 402.308 160.805
2788 396.502 123.404
2789 421.757 105.495
2790 353.844 78.075
2791 351.266 126.263
2792 429.126 102.234
2793 463.196 133.099
2794 435.627 121.606
2795 460.501 109.722
2796 423.843 90.612
2797 387.129 154.803
2798 458.294 73.92
2799 355.32 134.077
2800 351.035 113.863
2801 430.707 101.159
2802 372.756 146.628
2803 415.108 58.314
2804 436.61 58.434
2805 354.589 137.763
2806 427.167 109.496
2807 454.961 119.768
2808 396.121 157.85
2809 355.412 121.894
2810 363.58 103.341
2811 380.486 142.102
2812 463.481 104.099
2813 356.681 78.108
2814 374.858 63.372
2815 464.563 85.029
2816 383.159 108.142
2817 414.934 140.951
2818 390.799 56.527
2819 379.943 117.095
2820 372.123 93.275
2821 375.706 149.936
2822 356.893 79.731
2823 347.758 108.579
2824 381.836 118.203
2825 470.54 108.863
2826 376.421 100.46
2827 447.037 141.077
2828 375.087 65.456
2829 434.661 158.334
2830 378.673 124.553
2831 376.702 101.476
2832 455.283 130.464
2833 379.952 138.188
2834 368.522 76.865
2835 427.785 71.628
2836 389.703 53.013
2837 357.853 126.489
2838 421.699 92.733
2839 423.956 119.714
2840 452.112 90.923
2841 445.64 107.339
2842 377.725 104.777
2843 405.68 142.52
2844 452.574 91.342
2845 426.251 130.098
2846 370.997 110.922
2847 452.75 74.648
2848 444.597 94.174
2849 470.937 106.977
2850 437.765 67.433
2851 449.038 67.215
2852 395.474 166.955
2853 449.832 90.118
2854 457.725 90.264
2855 365.098 69.999
2856 419.58 107.71
2857 354.202 115.057
2858 439.49 73.41
2859 376.358 116.622
2860 386.26 126.2
2861 364.023 94.299
2862 411.956 164.801
2863 345.552 101.348
2864 401.917 43.948
2865 467.652 117.698
2866 377.336 68.668
2867 374.234 61.951
2868 394.655 155.685
2869 451.753 85.54
2870 413.418 128.893
2871 346.303 107.008
2872 374.81 119.055
2873 400.548 150.254
2874 399.849 48.651
2875 435.962 50.65
2876 453.241 145.236
2877 402.297 102.931
2878 469.379 100.719
2879 363.562 86.062
2880 367.015 147.372
2881 412.996 89.52
2882 407.326 152.671
2883 359.851 108.057
2884 387.662 102.462
2885 396.548 158.417
2886 394.329 151.67
2887 469.411 110.131
2888 348.116 118.087
2889 425.911 139.495
2890 423.638 61.837
2891 470.79 111.291
2892 400.671 151.424
2893 470.03 100.305
2894 357.997 70.107
2895 376.743 133.924
2896 462.13 108.628
2897 398.959 124.249
2898 426.072 122.581
2899 360.732 86.856
2900 460.008 116.068
2901 392.775 100.458
2902 406.588 62.572
2903 416.055 58.616
2904 443.965 130.357
2905 366.402 133.152
2906 371.518 147.506
2907 348.401 115.389
2908 452.346 121.268
2909 460.175 76.767
2910 435.192 120.158
2911 441.255 154.563
2912 382.162 104.619
2913 401.479 112.361
2914 466.22 107.147
2915 449.472 89.279
2916 389.66 131.011
2917 440.573 103.603
2918 363.993 116.495
2919 386.268 53.363
2920 371.027 73.419
2921 370.995 101.928
2922 453.411 138.806
2923 396.078 124.184
2924 350.85 81.789
2925 345.394 105.356
2926 371.734 155.13
2927 363.34 113.611
2928 471.027 102.299
2929 406.584 109.019
2930 426.939 97.135
2931 418.659 92.443
2932 372.588 75.524
2933 359.701 79.146
2934 436.501 119.605
2935 413.174 81.772
2936 397.778 56.612
2937 383.023 65.748
2938 347.952 110.891
2939 438.761 72.541
2940 430.459 124.094
2941 388.023 75.243
2942 457.355 70.066
2943 383.607 163.214
2944 437.155 66.82
2945 402.708 73.009
2946 397.177 66.518
2947 443.753 116.872
2948 357.201 101.876
2949 349.623 117.861
2950 353.303 79.584
2951 355.291 76.368
2952 355.485 105.062
2953 450.306 106.542
2954 421.054 87.344
2955 417.207 107.501
2956 393.043 165.037
2957 353.04 99.499
2958 429.296 154.142
2959 447.79 64.189
2960 464.476 83.806
2961 399.399 79.287
2962 416.182 54.736
2963 352.999 127.018
2964 394.624 130.335
2965 354.052 74.784
2966 393.793 48.808
2967 424.554 156.064
2968 393.973 131.646
2969 458.417 132.538
2970 360.817 136.472
2971 386.798 76.635
2972 435.68 88.863
2973 355.478 126.634
2974 408.305 50.191
2975 433.776 114.371
2976 454.554 144.334
2977 348.809 126.702
2978 393.862 86.219
2979 349.694 100.859
2980 359.348 110.376
2981 347.094 112.593
2982 362.997 94.127
2983 449.698 113.345
2984 373.276 138.354
2985 417.686 87.488
2986 348.776 126.419
2987 426.853 66.401
2988 440.433 89.591
2989 360.847 103.154
2990 356.961 124.486
2991 414.206 123.259
2992 466.292 98.72
2993 413.156 79.395
2994 444.147 67.006
2995 400.781 127.127
2996 359.977 82.714
2997 352.179 82.445
2998 350.226 107.499
2999 358.666 80.795
3000 362.634 88.241
3001 455.692 145.666
3002 389.157 101.498
3003 371.293 102.203
3004 445.588 151.301
3005 432.278 72.297
3006 395.821 49.026
3007 419.563 82.426
3008 434.08 156.214
3009 384.38 97.726
3010 405.998 108.568
3011 371.139 142.483
3012 468.395 91.847
3013 431.243 98.473
3014 351.191 127.838
3015 369.693 93.405
3016 430.987 53.038
3017 346.848 92.494
3018 416.427 101.913
3019 388.574 63.32
3020 417.956 117.116
3021 412.751 110.892
3022 350.05 89.126
3023 370.044 66.625
3024 436.522 147.313
3025 394.152 133.083
3026 426.668 88.494
3027 383.978 102.495
3028 426.081 106.8
3029 375.102 86.805
3030 369.584 109.796
3031 398.187 81.602
3032 417.103 124.124
3033 453.305 132.989
3034 418.98 137.337
3035 370.569 99.077
3036 357.551 86.502
3037 414.37 162.885
3038 453.825 70.407
3039 398.98 145.736
3040 454.945 90.631
3041 364.643 86.467
3042 467.923 90.718
3043 379.302 147.98
3044 434.523 98.284
3045 350.726 109.655
3046 469.237 100.673
3047 469.13 113.495
3048 431.173 57.661
3049 416.292 55.838
3050 444.336 92.277
3051 373.076 138.435
3052 426.955 127.963
3053 409.174 52.082
3054 373.671 61.177
3055 423.903 48.96
3056 422.252 141.582
3057 362.827 104.579
3058 442.783 62.163
3059 454.441 89.552
3060 417.845 65.924
3061 468.984 110.913
3062 429.007 162.886
3063 378.015 103.351
3064 395.593 136.404
3065 405.038 97.477
3066 424.564 86.254
3067 359.266 68.287
3068 409.848 109.221
3069 423.55 78.7
3070 425.473 145.95
3071 428.887 147.811
3072 467.605 109.777
3073 452.995 128.074
3074 354.237 100.772
3075 360.884 114.331
3076 418.144 62.048
3077 447.821 83.734
3078 380.459 97.093
3079 424.238 74.982
3080 421.24 158.032
3081 414.518 93.191
3082 355.612 120.386
3083 366.1 131.723
3084 435.052 109.066
3085 412.818 49.819
3086 409.619 115.254
3087 425.753 50.99
3088 467.49 103.109
3089 389.39 71.556
3090 349.692 104.924
3091 390.99 104.961
3092 353.595 106.909
3093 433.508 54.771
3094 464.125 133.466
3095 461.826 90.466
3096 363.848 110.806
3097 397.304 131.154
3098 404.637 69.862
3099 441.452 72.131
3100 394.615 67.273
3101 413.643 44.826
3102 346.458 91.691
3103 364.25 80.162
3104 363.161 91.762
3105 469.669 93.535
3106 470.045 94.16
3107 420.196 81.491
3108 455.082 143.589
3109 441.255 118.976
3110 433.53 126.927
3111 372.769 152.085
3112 416.832 106.352
3113 413.138 101.312
3114 422.016 116.514
3115 375.839 74.405
3116 427.503 60.229
3117 377.066 158.178
3118 369.334 117.506
3119 383.667 134.715
3120 413.869 143.288
3121 420.487 156.024
3122 468.748 102.623
3123 463.516 106.914
3124 420.751 111.612
3125 438.206 90.909
3126 455.029 91.147
3127 355.997 101.531
3128 353.903 81.967
3129 461.157 107.062
3130 450.902 65.032
3131 363.485 86.548
3132 373.798 72.754
3133 360.332 143.691
3134 441.177 81.998
3135 458.886 139.167
3136 383.669 149.035
3137 391.108 108.719
3138 400.001 126.835
3139 348.148 117.035
3140 367.015 150.012
3141 420.86 86.568
3142 354.586 87.627
3143 447.968 65.069
3144 429.163 92.918
3145 358.827 113.26
3146 416.911 106.729
3147 412.336 71.101
3148 439.647 155.876
3149 369.571 149.38
3150 384.155 135.399
3151 438.715 91.945
3152 469.718 115.557
3153 420.18 110.318
3154 463.047 88.344
3155 443.946 108.679
3156 348.431 106.936
3157 374.322 88.584
3158 386.469 126.239
3159 401.221 66.073
3160 468.025 88.669
3161 354.884 114.131
3162 445.651 60.3
3163 366.555 149.674
3164 359.603 87.413
3165 463.708 128.641
3166 467.061 110.895
3167 354.011 122.1
3168 446.729 153.195
3169 420.854 51.05
3170 348.072 114.234
3171 356.868 75.39
3172 468.652 113.647
3173 393.877 60.951
3174 407.837 97.682
3175 455.189 89.398
3176 469.975 116.738
3177 370.711 140.818
3178 374.558 73.538
3179 346.046 97.674
3180 373.808 130.236
3181 450.215 148.753
3182 465.003 118.434
3183 414.264 55.874
3184 433.959 79.269
3185 374.517 115.016
3186 470.555 98.926
3187 468.145 96.943
3188 461.967 116.554
3189 379.788 136.183
3190 347.808 112.031
3191 370.181 130.67
3192 373.049 154.789
3193 433.373 123.106
3194 398.902 89.76
3195 438.174 147.342
3196 458.185 76.014
3197 456.337 114.727
3198 441.741 75.368
3199 387.623 59.719
3200 469.773 98.662
3201 375.311 95.263
3202 422.047 123.932
3203 419.688 92.975
3204 408.952 116.893
3205 451.774 72.675
3206 416.161 154.05
3207 361.991 145.121
3208 381.317 153.903
3209 347.462 96.618
3210 453.211 103.392
3211 441.191 141.255
3212 440.41 72.553
3213 447.902 90.286
3214 445.791 99.244
3215 346.623 117.696
3216 381.029 130.827
3217 447.193 145.996
3218 403.195 95.682
3219 402.956 111.762
3220 349.465 121.261
3221 462.575 88.697
3222 366.626 127.788
3223 363.61 66.262
3224 445.218 132.912
3225 465.548 84.17
3226 391.321 94.356
3227 441.315 69.093
3228 353.751 129.401
3229 362.221 69.36
3230 442.357 53.521
3231 372.273 64.457
3232 466.377 87.842
3233 365.47 78.918
3234 428.55 74.198
3235 462.375 88.131
3236 352.019 132.859
3237 386.743 161.307
3238 437.054 143.477
3239 449.247 87.684
3240 404.89 81.788
3241 421.877 64.28
3242 434.083 134.127
3243 398.845 61.116
3244 369.099 106.29
3245 466.369 126.38
3246 429.634 112.826
3247 412.479 74.48
3248 345.93 97.687
3249 409.737 147.349
3250 386.17 50.708
3251 432.778 99.657
