%%index real_part   imaginary_part
4013 4013 4013
1 12.6 15.979
2 5.404 11.3
3 9.76 31.442
4 1.009 -4.008
5 -3.514 -5.573
6 -1.208 -18.907
7 14.629 33.212
8 5.091 19.883
9 -16.926 -8.034
10 -0.944 -14.676
11 -16.979 4.6
12 19.852 26.807
13 15.919 1.109
14 -12.002 4.509
15 15.27 1.343
16 20.363 -15.307
17 8.381 30.437
18 15.941 19.467
19 14.678 9.166
20 -7.65 24.499
21 -8.143 22.488
22 35.103 7.051
23 31.129 1.017
24 -2.859 -11.915
25 6.822 17.003
26 20.912 -7.658
27 -7.127 -15.067
28 2.413 -8.506
29 -8.863 5.13
30 10.771 23.238
31 18.427 10.455
32 -10.59 17.964
33 -15.982 13.161
34 -11.111 -11.267
35 13.09 -0.011
36 -6.626 26.682
37 -8.589 -10.263
38 4.269 19.159
39 27.521 18.531
40 9.316 -16.685
41 -14.137 -12.81
42 20.112 31.598
43 11.793 6.427
44 -9.204 16.184
45 22.288 13.779
46 22.746 7.264
47 30.768 -0.808
48 -13.614 18.928
49 23.254 -17.994
50 4.106 -13.459
51 18.647 -17.077
52 19.974 18.622
53 -11.318 -15.063
54 20.555 -15.762
55 33.454 16.765
56 -12.258 13.445
57 -3.573 -12.957
58 17.478 -10.313
59 -0.381 -14.759
60 33.566 -5.751
61 -12.926 4.433
62 12.76 -20.234
63 -2.095 21.532
64 9.022 -0.32
65 18.396 23.337
66 -17.591 -2.242
67 -17.118 -2.485
68 0.186 -12.187
69 -11.949 -4.379
70 12.818 25.822
71 16.526 4.279
72 -3.302 18.041
73 -12.216 -8.003
74 14.358 24.242
75 9.981 25.247
76 11.582 2.659
77 7.807 -8.858
78 28.715 5.383
79 21.661 -13.031
80 20.465 30.1
81 8.781 19.762
82 -21.426 4.601
83 -9.874 -17.821
84 0.309 25.073
85 4.923 15.021
86 8.058 -20.112
87 30.594 -5.816
88 7.131 -1.17
89 -7.629 23.114
90 -7.727 18.738
91 27.606 14.683
92 8.284 -19.765
93 -11.478 1.579
94 -20.035 10.153
95 27.411 24.587
96 6.856 18.517
97 21.488 7.291
98 -5.935 28.443
99 34.215 6.628
100 8.393 28.111
101 22.625 -14.673
102 0.856 -17.26
103 8.594 14.348
104 -8.214 7.785
105 13.654 15.357
106 12.968 -2.1
107 20.789 -7.277
108 20.567 -15.484
109 10.367 1.365
110 21.25 6.504
111 -6.82 -19.012
112 34.875 4.752
113 -16.017 15.369
114 19.735 -6.599
115 31.996 -1.95
116 2.01 5.649
117 22.974 -10.486
118 32.616 17.131
119 -10.281 -6.981
120 13.74 9.937
121 22.748 5.64
122 -12.918 18.719
123 15.569 17.377
124 3.171 -11.535
125 -8.792 -8.163
126 3.909 -7.815
127 6.304 2.665
128 -6.572 -16.811
129 2.279 -13.586
130 21.865 29.828
131 8.772 33.245
132 -7.723 -13.376
133 -0.88 12.198
134 10.747 32.806
135 -16.888 6.614
136 -0.024 -5.938
137 12.864 9.846
138 32.744 10.226
139 11.39 29.369
140 -8.042 5.904
141 -17.362 -2.888
142 17.446 -3.171
143 -17.093 -2.6
144 24.01 5.144
145 -16.257 6.665
146 -11.168 -16.301
147 -2.685 -8.29
148 16.861 -20.996
149 23.275 -7.302
150 16.14 -20.485
151 31.526 16.977
152 -0.169 9.472
153 21.982 17.703
154 -0.351 -14.327
155 32.12 16.578
156 32.374 -7.338
157 31.02 -8.964
158 1.34 10.996
159 -19.08 9.972
160 29.784 -3.318
161 34.092 5.815
162 17.823 0.714
163 9.322 8.986
164 5.303 -20.291
165 -9.691 24.128
166 28.086 2.656
167 0.933 1.131
168 -12.551 -7.049
169 15.827 -18.704
170 15.453 7.656
171 31.77 15.885
172 22.945 -14.803
173 -11.805 -0.146
174 22.386 4.677
175 -18.532 2.724
176 20.114 13.352
177 -11.267 18.303
178 -5.126 22.745
179 0.724 2.667
180 -3.596 14.296
181 22.335 -9.45
182 13.846 32.073
183 22.7 25.44
184 -5.4 10.818
185 1.008 12.014
186 1.245 -8.172
187 10.252 6.527
188 30.024 3.592
189 19.596 14.791
190 7.366 -7.604
191 -9.356 -10.475
192 -8.627 21.886
193 35.745 8.199
194 6.017 18.805
195 9.791 19.17
196 29.019 10.237
197 23.704 0.7
198 -5.918 -15.379
199 -11.675 -15.025
200 -7.225 28.736
201 2.398 15.908
202 16.637 -11.627
203 -20.721 6.953
204 -16.338 -0.137
205 -15.892 0.457
206 10.076 2.921
207 25.51 -2.212
208 27.578 1.324
209 -15.025 -1.924
210 3.56 20.636
211 14.614 -13.059
212 12.994 23.081
213 7.369 3.496
214 27.46 9.447
215 3.47 9.956
216 4.783 -5.258
217 -14.826 5.289
218 33.115 18.242
219 -11.079 -5.465
220 -17.577 -5.579
221 3.571 29.289
222 24.4 3.358
223 1.463 3.992
224 -20.192 10.459
225 -4.995 0.721
226 31.963 -1.975
227 7.27 -23.087
228 9.548 -10.411
229 9.483 -14.837
230 18.767 6.712
231 5.493 -14.865
232 29.253 3.289
233 9.292 10.798
234 31.427 20.548
235 33.127 13.442
236 19.567 11.903
237 2.837 4.824
238 -16.297 -1.853
239 -5.218 -14.497
240 -18.472 -1.691
241 1.959 26.917
242 0.48 -10.595
243 24.431 25.22
244 12.336 16.759
245 0.347 7.868
246 -3.433 21.216
247 -19.517 14.398
248 26.484 11.675
249 34.024 8.432
250 -21.733 11.277
251 -2.323 32.061
252 23.483 22.245
253 -19.898 -0.893
254 -10.625 6.446
255 27.269 4.522
256 19.911 0.94
257 9.725 -4.909
258 -7.778 -8.24
259 9.365 0.434
260 -11.913 -14.063
261 29.256 1.863
262 17.979 26.65
263 0.783 6.711
264 1.459 -19.493
265 -5.522 -2.694
266 -4.666 -4.395
267 -3.962 -15.31
268 21.688 18.149
269 1.125 -16.255
270 30.964 -10.885
271 16.833 18.396
272 -5.979 17.078
273 21.206 5.204
274 -20.432 5.99
275 34.535 10.732
276 19.588 29.229
277 -12.958 12.757
278 -11.001 1.279
279 -12.497 12.294
280 1.735 5.38
281 13.122 -0.961
282 -12.153 -4.459
283 25.699 3.306
284 23.403 -5.533
285 31.855 -5.901
286 -7.839 20.776
287 -10.818 -10.455
288 10.304 19.476
289 -8.389 -10.114
290 -2.648 -17.037
291 8.68 -15.416
292 17.57 -8.523
293 18.802 -15.063
294 7.133 33.252
295 -20.051 14.309
296 10.4 4.437
297 15.554 29.605
298 5.907 13.987
299 18.641 25.755
300 30.619 -4.878
301 -9.78 27.313
302 -7.858 23.952
303 22.954 19.538
304 -13.721 23.393
305 19.34 7.915
306 -12.784 -3.825
307 10.988 -9.418
308 8.656 5.729
309 12.971 8.437
310 14.48 18.66
311 9.512 1.617
312 -14.089 23.947
313 25.754 10.301
314 4.561 32.753
315 16.505 10.933
316 -11.193 2.971
317 -12.047 -2.611
318 -8.349 15.213
319 28.799 1.935
320 -7.631 14.107
321 9.206 10.361
322 30.866 -6.691
323 18.263 3.225
324 4.914 -14.238
325 -11.7 13.288
326 21.034 20.185
327 34.427 -2.503
328 36.061 7.53
329 30.998 5.305
330 -3.68 -2.829
331 5.912 28.134
332 -13.955 9.122
333 -3.948 4.301
334 14.773 -15.598
335 19.933 2.31
336 -8.439 -1.208
337 13.442 31.199
338 29.023 -6.333
339 35.547 11.559
340 14.638 -17.965
341 35.602 1.108
342 6.373 1.829
343 -20.434 10.804
344 18.995 -20.116
345 0.007 10.107
346 -17.25 3.607
347 17.705 27.738
348 -12.425 24.181
349 10.634 27.301
350 29.125 -3.791
351 -3.059 24.059
352 12.406 -5.571
353 33.937 1.318
354 31.916 10.423
355 20.294 24.323
356 19.843 -3.365
357 24.555 -3.52
358 9.585 22.843
359 -4.632 4.683
360 -17.868 -5.056
361 -13.644 -3.611
362 6.289 -17.26
363 3.366 18.811
364 34.77 1.264
365 15.289 -14.6
366 -18.409 17.768
367 21.324 -6.238
368 -11.052 -6.616
369 13.118 -12.415
370 32.176 19.921
371 -8.689 13.373
372 29.239 21.33
373 -0.091 32.464
374 -12.632 9.356
375 -20.109 1.233
376 28.154 15.672
377 -13.453 -0.883
378 0.159 14.526
379 -20.032 2.557
380 27.339 -7.878
381 26.503 -5.737
382 14.553 23.178
383 -2.297 19.45
384 33.242 -3.505
385 -18.352 13.764
386 -10.272 -2.718
387 -14.864 -5.381
388 5.986 8.073
389 21.516 1.73
390 26.702 1.134
391 26.191 -15.421
392 -10.58 -1.56
393 24.049 1.527
394 35.592 5.899
395 28.087 13.451
396 10.806 -3.236
397 -6.476 20.454
398 2.967 -18.148
399 15.082 21.557
400 -15.689 16.221
401 9.535 -5.678
402 32.504 -0.366
403 14.657 14.591
404 31.319 6.496
405 0.236 -21.944
406 3.588 5.171
407 1.793 -22.126
408 14.949 -10.442
409 6.348 -1.853
410 1.224 -9.178
411 34.599 10.147
412 28.394 17.613
413 35.455 7.231
414 26.916 -2.979
415 10.244 29.942
416 11.367 -10.919
417 -0.583 -17.794
418 19.374 -4.303
419 -11.467 -14.487
420 1.117 -12.287
421 -7.267 -2.175
422 19.376 -15.573
423 -5.453 15.523
424 23.698 -5.811
425 7.128 29.618
426 24.608 20.539
427 9.817 -7.555
428 -19.384 -0.008
429 7.626 18.109
430 -0.531 -15.864
431 7.995 33.432
432 32.923 17.224
433 -9.574 14.265
434 5.446 2.772
435 -15.62 21.51
436 5.828 28.469
437 -0.428 3.417
438 -12.698 16.111
439 -4.561 29.637
440 -19.576 2.034
441 -14.379 10.959
442 21.365 8.579
443 27.236 -0.147
444 5.601 24.293
445 21.173 1.867
446 -12.049 3.464
447 -15.577 16.369
448 22.013 14.118
449 -19.529 16.6
450 -3.406 21.318
451 -5.591 7.137
452 3.308 -12.812
453 -20.096 6.824
454 14.104 -20.102
455 23.979 12.461
456 19.604 30.283
457 12.518 12.466
458 -10.385 1.168
459 -12.039 22.781
460 -3.189 24.872
461 26.804 -13.777
462 -9.55 24.84
463 15.264 28.42
464 2.798 -15.784
465 1.091 -3.91
466 -16.824 -11.265
467 18.978 -14.941
468 19.437 23.079
469 28.839 -8.392
470 33.001 -4.537
471 17.511 21.195
472 17.991 29.519
473 16.675 29.469
474 28.437 -2.521
475 21.578 1.987
476 16.19 -2.147
477 20.746 7.669
478 13.685 -18.254
479 -6.773 25.807
480 9.875 -2.284
481 6.455 13.3
482 -0.746 15.296
483 -13.009 19.238
484 26.199 9.479
485 11.19 -8.582
486 32.684 0.687
487 26.199 -7.84
488 1.764 -19.219
489 31.44 14.037
490 -8.598 14.948
491 27.972 5.035
492 16.901 -12.006
493 16.57 -15.56
494 -8.97 23.609
495 -14.071 -4.026
496 30.136 18.198
497 -6.49 -7.544
498 -1.891 28.862
499 -14.821 11.933
500 17.365 -1.596
501 19.794 16.251
502 29.764 -5.553
503 -5.748 10.065
504 8.207 -10.243
505 11.362 4.704
506 25.547 -2.087
507 -6.891 13.529
508 6.781 0.027
509 8.197 2.252
510 24.062 11.343
511 22.615 22.486
512 -21.347 9.769
513 35.783 11.4
514 -0.833 0.519
515 -12.767 3.862
516 3.606 29.625
517 33.601 1.017
518 -11.105 5.391
519 -9.877 13.792
520 6.918 -5.091
521 -11.769 -11.978
522 28.778 15.789
523 32.032 -2.337
524 -20.117 -2.636
525 14.486 24.633
526 -15.671 0.07
527 28.783 17.587
528 16.263 25.817
529 -6.429 -18.089
530 28.169 23.838
531 32.605 5.878
532 -19.747 3.941
533 -13.211 1.556
534 -6.192 -3.425
535 9.659 28.927
536 3.05 -0.385
537 34.87 5.256
538 1.569 0.517
539 -1.015 12.845
540 -5.133 3.846
541 -10.855 -3.573
542 24.355 -16.181
543 -21.089 0.469
544 31.182 -7.412
545 24.476 0.665
546 -18.464 -6.562
547 25.094 24.408
548 21.758 -5.73
549 24.427 20.638
550 -20.495 5.858
551 10.725 31.086
552 -16.735 10.671
553 2.267 4.262
554 2.45 -15.375
555 6.566 20.31
556 0.044 -10.127
557 16.257 24.415
558 -4.843 15.963
559 -0.805 -10.906
560 -17.691 13.026
561 -7.193 -13.968
562 -21.791 1.454
563 34.041 -5.927
564 25.694 4.002
565 30.085 9.954
566 -7.829 9.935
567 1.359 6.988
568 -3.029 17.219
569 2.431 10.78
570 -21.257 7.399
571 28.629 -7.914
572 -16.458 21.337
573 6.596 24.558
574 22.719 8.329
575 -12.125 0.501
576 -2.007 -5.722
577 5.837 19.399
578 31.276 1.474
579 33.455 1.177
580 11.087 10.543
581 -5.242 -15.531
582 28.105 10.76
583 4.679 12.658
584 -4.235 21.366
585 -2.142 18.633
586 1.762 17.573
587 14.866 31.396
588 23.004 -7.227
589 -21.716 7.646
590 35.238 4.33
591 31.643 -10.045
592 -11.319 27.902
593 27.507 -14.037
594 9.025 24.876
595 33.806 -0.439
596 -2.534 -17.838
597 -20.323 5.122
598 23.868 -16.09
599 22.494 16.287
600 -6.273 -17.433
601 6.6 26.963
602 20.348 24.567
603 0.567 -13.91
604 -17.75 -2.564
605 -19.311 5.207
606 34.724 4.879
607 21.753 -17.463
608 -15.74 -10.776
609 -8.913 17.192
610 29.556 18.665
611 -17.907 10.584
612 24.59 2.923
613 33.857 14.166
614 21.137 18.51
615 -8.306 12.815
616 -16.596 10.001
617 11.425 7.397
618 27.814 4.599
619 13.968 13.652
620 -6.744 -19.241
621 34.163 13.432
622 2.695 12.9
623 22.246 12.471
624 -11.745 -14.51
625 -12.987 6.049
626 14.299 18.256
627 31.586 7.239
628 -1.429 -21.901
629 -5.498 1.678
630 12.607 4.24
631 24.916 8.594
632 34.682 3.199
633 18.809 -15.089
634 -1.911 27.086
635 -12.396 11.266
636 22.784 -6.223
637 -14.76 7.063
638 34.034 15.118
639 -2.664 -19.041
640 -2.958 -10.634
641 22.606 23.774
642 5.502 -18.634
643 32.695 -4.714
644 18.514 2.457
645 -10.381 -10.611
646 32.227 -0.443
647 2.064 -3.856
648 10.356 -21.82
649 15.299 4.737
650 4.404 31.967
651 -17.523 18.021
652 -12.697 23.75
653 35.969 3.7
654 25.242 0.481
655 -1.422 11.699
656 7.6 -15.524
657 30.912 22.595
658 29.066 -1.771
659 26.222 -15.597
660 21.155 -2.156
661 34.86 9.032
662 -8.395 10.53
663 7.192 3.598
664 -12.892 4.714
665 -8.907 17.751
666 32.07 -6.533
667 2.427 -5.345
668 0.092 1.069
669 -7.153 19.768
670 4.876 30.475
671 24.039 -3.891
672 19.07 15.173
673 -0.433 22.389
674 9.425 1.071
675 -3.131 -7.345
676 13.806 -15.614
677 31.506 4.687
678 -15.471 24.033
679 5.723 10.231
680 14.016 21.763
681 32.192 11.39
682 20.053 9.514
683 -17.32 20.498
684 -1.213 -22.056
685 30.292 11.436
686 1.764 19.064
687 12.372 -5.019
688 9.211 -11.62
689 22.561 10.73
690 12.776 3.771
691 1.755 33.309
692 13.989 18.452
693 -2.46 3.172
694 32.868 -2.556
695 1.022 29.691
696 10.272 3.978
697 26.417 24.158
698 13.327 -0.72
699 24.913 27.658
700 30.192 -10.427
701 -1.969 12.975
702 25.061 -16.859
703 -3.833 15.667
704 32.957 -3.369
705 -6.701 8.629
706 -3.173 23.039
707 13.176 20.24
708 2.87 29.271
709 34.188 -5.094
710 27.756 24.891
711 -4.878 12.781
712 22.875 -8.639
713 -11.936 8.042
714 16.416 4.646
715 16.289 -4.555
716 33.411 5.676
717 11.699 3.557
718 13.754 1.525
719 -12.331 6.554
720 -10.313 25.22
721 35.26 10.173
722 15.855 18.332
723 -5.732 15.462
724 28.808 -12.173
725 25.119 -15.204
726 33.864 -4.935
727 -6.663 27.84
728 -5.941 12.04
729 22.834 19.128
730 18.718 2.925
731 -10.786 24.68
732 -14.582 8.999
733 31.735 6.824
734 35.797 7.045
735 1.493 -21.243
736 -10.621 16.275
737 17.122 4.074
738 6.166 18.189
739 -18.617 17.488
740 13.052 16.526
741 22.669 -1.628
742 -11.899 -14.005
743 -19.702 3.152
744 19.797 -5.936
745 8.506 -5.001
746 -18.057 -4.119
747 -20.201 16.335
748 9.073 6.938
749 -2.533 16.918
750 14.687 26.301
751 7.437 -10.518
752 -14.884 4.605
753 -16.51 20.816
754 29.205 6.704
755 13.989 21.746
756 -0.223 19.866
757 -1.042 -21.535
758 17.686 9.204
759 24.785 -16.952
760 28.442 16.793
761 -13.29 23.793
762 -13.687 8.989
763 -12.859 21.988
764 -0.742 -9.184
765 -19.96 -2.319
766 0.717 11.02
767 -1.855 3.997
768 15.233 -17.867
769 -15.899 18.106
770 -12.948 22.536
771 26.692 -14.883
772 20.24 -15.377
773 30.818 12.285
774 15.486 8.255
775 -0.419 1.039
776 30.204 15.615
777 34.404 8.612
778 -6.49 -18.966
779 -2.347 22.703
780 13.299 18.226
781 8.692 -16
782 -10.491 9.122
783 32.663 -4.722
784 8.827 8.869
785 20.388 28.833
786 3.345 7.794
787 -17.727 -8.748
788 -20.369 3.074
789 25.816 -10.373
790 -12.26 0.623
791 25.378 19.041
792 31.702 4.322
793 -14.417 19.514
794 -12.921 -8.421
795 -21.48 5.948
796 17.409 -17.42
797 -10.527 -0.316
798 11.908 20.336
799 -1.338 22.201
800 -20.313 8.028
801 -4 -21.149
802 21.712 -17.211
803 31.473 5.448
804 -1.94 8.17
805 13.853 -21.6
806 13.445 25.757
807 20.644 1.911
808 5.373 32.962
809 15.637 18.011
810 4.241 -22.325
811 -18.64 11.365
812 35.584 6.214
813 12.352 18.908
814 28.198 11.127
815 -17.593 -6.23
816 -2.592 11.662
817 14.102 7.829
818 5.963 2.288
819 -12.11 9.425
820 -6.403 28.382
821 30.08 0.37
822 -6.926 9.831
823 17.42 19.906
824 5.136 -23.211
825 32.103 6.563
826 -17.805 16.444
827 22.799 20.236
828 -5.479 3.777
829 18.066 6.088
830 -7.337 10.49
831 26.31 -13.387
832 10.474 -19.76
833 16.553 25.967
834 11.044 -10.08
835 8.791 -9.475
836 -15.372 -8.8
837 27.934 -12.401
838 25.785 21.114
839 28.265 12.168
840 22.013 4.738
841 10.697 -14.708
842 -11.784 -15.179
843 25.667 18.636
844 11.735 -1.448
845 29.77 -8.37
846 8.007 -6.244
847 30.783 17.426
848 32.787 14.426
849 8.717 -17.173
850 30.484 -9.046
851 13.741 -2.973
852 29.564 18.208
853 -0.169 21.951
854 18.861 -10.584
855 13.055 3.316
856 7.043 -16.921
857 -11.502 -10.793
858 -11.993 -12.92
859 -7.896 19.461
860 19.4 -10.225
861 -6.391 11.185
862 -0.631 14.795
863 -18.685 11.426
864 19.035 -12.123
865 15.06 30.61
866 9.787 -8.758
867 27.689 10.582
868 12.867 -1.089
869 -6.243 -18.481
870 -2.301 3.634
871 16.202 -19.624
872 11.29 23.673
873 35.046 8.302
874 23.143 2.701
875 -21.538 10.983
876 8.135 21.102
877 -17.605 6.878
878 28.305 2.112
879 8.835 -16.635
880 23.993 -3.718
881 1.619 14.935
882 1.661 4.214
883 13.914 16.909
884 21.288 14.678
885 -21.736 5.041
886 10.779 28.095
887 3.743 3.667
888 -10.648 -13.072
889 32.339 -8.711
890 -7.852 17.83
891 -16.992 18.714
892 17.612 -8.497
893 -7.27 -18.655
894 21.037 -9.797
895 -19.442 10.982
896 -10.729 5.933
897 -20.321 -3.364
898 35.407 0.902
899 -0.075 -8.651
900 33.182 -2.653
901 5.85 25.94
902 19.325 30.567
903 -0.594 31.132
904 26.582 1.451
905 25.04 -0.235
906 -9.186 8.746
907 0.129 12.223
908 32.459 7.591
909 30.1 18.882
910 34.247 10.443
911 31.86 -9.675
912 16.504 -16.48
913 -19.332 15.702
914 33.43 -4.775
915 21.823 0.028
916 -5.781 -15.321
917 14.425 11.557
918 1.854 3.704
919 11.086 12.7
920 2.611 -1.377
921 2.378 16.703
922 4.682 -20.324
923 27.922 3.794
924 1.062 19.023
925 -18.809 -5.466
926 19.091 -17.768
927 9.115 -19.01
928 9.743 9.501
929 18.732 -20.035
930 -17.472 20.982
931 -19.85 -6.068
932 -18.441 -2.31
933 -3.814 14.02
934 7.273 0.487
935 21.703 17.144
936 -11.808 8.709
937 -6.171 -18.913
938 24.37 13.015
939 -18.989 -2.166
940 -20.786 13.495
941 5.2 33.78
942 9.281 25.064
943 -13.246 -14.024
944 -10.175 18.868
945 4.912 31.155
946 -15.934 6.116
947 33.233 3.652
948 22.025 11.893
949 35.688 7.689
950 31.296 16.016
951 -2.284 -19.05
952 18.572 22.972
953 3.69 34.204
954 20.808 -18.162
955 28.932 -0.138
956 -21.431 3.435
957 35.035 3.777
958 0.85 22.42
959 -13.889 6.707
960 32.54 8.207
961 -21.777 9.369
962 34.593 0.943
963 -15.768 11.194
964 -18.305 14.297
965 27.812 -15.103
966 -3.369 24.022
967 27.792 15.346
968 -19.379 5.035
969 -9.287 -7.899
970 12.96 -9.837
971 16.886 12.907
972 32.588 -2.502
973 1.485 25.612
974 -13.207 -7.841
975 20.874 -0.114
976 17.368 24.387
977 30.327 -3.154
978 -1.321 12.267
979 7.936 -4.72
980 16.888 19.987
981 11.21 -11.798
982 19.096 26.855
983 -16.201 12.121
984 18.962 -15.195
985 21.125 23.287
986 6.113 3.377
987 22.238 10.598
988 17.948 0.04
989 33.048 2.994
990 -5.592 15.473
991 24.276 0.831
992 -19.777 1.582
993 -13.259 24.434
994 -17.05 13.244
995 0.522 -2.845
996 34.938 4.984
997 -20.758 3.627
998 -20.962 2.862
999 1.418 22.023
1000 13.757 11.535
1001 -13.756 19.437
1002 1.832 32.017
1003 10.385 -18.88
1004 -19.746 5.096
1005 30.3 15.669
1006 -11.849 13.587
1007 -17.192 5.567
1008 7.733 30.052
1009 19.268 29.218
1010 12.032 30.358
1011 31.427 -1.335
1012 -7.508 -17.485
1013 4.289 -16.041
1014 28.408 0.365
1015 -2.38 5.48
1016 24.303 -8.22
1017 1.797 -7.439
1018 10.003 14.902
1019 7.129 -5.387
1020 31.392 -5.415
1021 7.292 -9.47
1022 -17.162 6.903
1023 -3.72 31.929
1024 11.441 -18.025
1025 -2.846 -20.849
1026 -4.987 13.883
1027 -18.247 -4.371
1028 31.408 13.829
1029 2.211 13.463
1030 -21.131 2.512
1031 14.415 -4.68
1032 -2.178 -18.282
1033 -19.716 9.5
1034 -6.256 28.094
1035 -16.443 3.051
1036 15.519 -2.982
1037 5.312 14.534
1038 27.437 19.132
1039 1.597 -6.302
1040 7.784 5.401
1041 13.745 -4.363
1042 11.813 26.131
1043 24.721 18.194
1044 -11.469 -0.331
1045 14.067 8.086
1046 2.15 -6.302
1047 7.361 -14.828
1048 28.57 -1.78
1049 12.794 23.919
1050 27.867 -3.646
1051 -1.921 10.891
1052 34.815 -4.19
1053 34.885 6.801
1054 6.363 -3.795
1055 -3.434 -19.278
1056 19.786 3.546
1057 0.252 20.249
1058 26.05 -7.633
1059 26.887 1.184
1060 -11.356 26.647
1061 -11.362 22.064
1062 33.883 14.976
1063 24.749 -11.292
1064 23.578 26.177
1065 -0.846 10.027
1066 -4.465 27.954
1067 -4.795 -7.484
1068 -18.855 3.8
1069 33.911 2.085
1070 -10.733 13.361
1071 18.943 -14.8
1072 13.667 -0.278
1073 12.383 13.496
1074 -10.576 -8.466
1075 -2.362 -9.518
1076 -21.16 2.867
1077 14.896 -11.295
1078 28.853 14.902
1079 3.431 9.676
1080 -13.939 -13.367
1081 -7.221 7.256
1082 -11.455 -7.516
1083 -18.75 4.618
1084 34.134 10.256
1085 -20.758 0.207
1086 19.655 -4.486
1087 -7.009 1.57
1088 -1.078 7.544
1089 9.575 -15.091
1090 -20.664 8.474
1091 -19.187 -6.671
1092 13.286 -14.133
1093 6.262 26.741
1094 13.889 25.055
1095 -0.999 30.12
1096 19.196 -3.371
1097 31.974 -0.584
1098 4.384 0.438
1099 17.361 -7.931
1100 19.076 -10.473
1101 0.111 4.175
1102 -0.404 -20.942
1103 23.811 -17.827
1104 22.704 -5.021
1105 -8.206 13.918
1106 -8.037 15.088
1107 -2.441 19.943
1108 8.701 0.403
1109 22.429 -9.635
1110 13.216 -14.042
1111 24.906 23.744
1112 28.449 21.351
1113 5.904 -15.284
1114 -8.893 -4.338
1115 6.999 -12.305
1116 34.496 3.44
1117 19.058 11.656
1118 -15.319 21.363
1119 -18.646 10.087
1120 -3.015 -6.722
1121 9.57 -17.239
1122 16.293 4.397
1123 -6.586 3.385
1124 -6.356 17.258
1125 -3.917 -14.47
1126 -10.755 10.088
1127 -12.083 18.124
1128 -9.288 -8.203
1129 -7.578 26.76
1130 34.403 12.604
1131 11.186 20.509
1132 -6.121 25.395
1133 -10.004 23.736
1134 20.145 10.975
1135 -2.322 5.952
1136 -4.735 18.447
1137 -19.324 12.811
1138 7.9 33.154
1139 -1.073 -11.411
1140 0.895 -7.226
1141 34.765 -2.215
1142 3.423 4.728
1143 3.92 5.144
1144 27.826 22.943
1145 -15.652 22.668
1146 24.68 3.931
1147 9.348 -3.105
1148 -18.66 15.837
1149 -16.02 2.53
1150 22.689 17.311
1151 20.881 -15.742
1152 31.269 5.008
1153 -2.231 -19.093
1154 10.46 -8.635
1155 13.025 -18.693
1156 12.806 -1.081
1157 -9.193 -0.581
1158 6.511 18.089
1159 -9.319 6.328
1160 -19.127 -2.128
1161 -18.238 14.896
1162 0.774 8.405
1163 30.537 3.446
1164 15.427 -5.951
1165 6.266 23.94
1166 33.988 16.219
1167 11.838 26.981
1168 -21.009 4.87
1169 27.893 -2.752
1170 35.355 9.808
1171 32.702 17.298
1172 8.265 -19.179
1173 19.345 19.848
1174 18.126 15.89
1175 -5.937 25.18
1176 -12.771 16.008
1177 9.135 -19.106
1178 11.363 20.446
1179 35.076 -1.788
1180 34.972 10.59
1181 9 -6.244
1182 -9.475 -10.685
1183 6.204 9.173
1184 8.974 28.858
1185 -7.731 29.663
1186 0.51 9.41
1187 1.825 4.663
1188 -12.244 10.715
1189 -2.803 4.847
1190 -9 -10.037
1191 2.219 -22.71
1192 -11.181 -12.296
1193 3.857 19.632
1194 15.046 -16.653
1195 29.571 -4.339
1196 12.831 33.145
1197 4.079 -2.719
1198 9.402 -21.064
1199 -6.692 -5.558
1200 22.256 -14.131
1201 -0.891 25.955
1202 9.784 25.596
1203 28.865 -0.248
1204 15.437 10.877
1205 -18.302 3.563
1206 -8.078 27.326
1207 -9.117 -13.989
1208 -4.816 -9.392
1209 34.798 11.918
1210 -13.566 25.295
1211 -9.241 20.675
1212 0.454 -6.654
1213 -3.291 20.179
1214 11.327 17.306
1215 -7.532 5.904
1216 -9.494 -1.402
1217 -4.254 -8.952
1218 -20.625 10.878
1219 -4.4 9.818
1220 0.22 0.211
1221 29.83 -9.138
1222 29.451 -1.031
1223 19.186 -1.138
1224 -16.194 4.762
1225 -7.586 2.385
1226 4.133 29.54
1227 28.025 19.675
1228 7.161 -1.034
1229 22.23 -5.39
1230 -10.991 -0.095
1231 25.976 27.295
1232 -9.967 26.893
1233 -17.153 -7.76
1234 -12.907 -8.281
1235 4.551 -0.355
1236 20.219 26.5
1237 21.944 11.193
1238 30.931 20.55
1239 20.788 15.975
1240 -6.52 4.532
1241 23.354 3.665
1242 -1.254 -20.164
1243 -10.298 -2.473
1244 26.643 6.217
1245 26.014 1.048
1246 27.029 -8.094
1247 -0.489 -17.004
1248 25.916 -12.676
1249 35.082 7.431
1250 -6.821 23.666
1251 6.159 29.263
1252 35.911 2.85
1253 7.401 33.581
1254 -14.683 11.606
1255 35.543 -1.176
1256 -11.808 15.089
1257 -5.058 1.803
1258 -10.905 10.462
1259 35.801 6.154
1260 -21.528 4.769
1261 35.673 1.211
1262 27.286 -0.688
1263 31.156 -1.531
1264 16.099 -11.825
1265 -16.282 -6.844
1266 6.388 3.423
1267 29.009 9.375
1268 17.833 -6.436
1269 34.217 -1.998
1270 7.888 -22.926
1271 -18.744 4.209
1272 -16.156 20.44
1273 10.669 4.731
1274 8.388 -18.664
1275 13.843 22.185
1276 1.744 19.597
1277 19.761 12.226
1278 10.843 5.712
1279 0.312 18.87
1280 30.726 4.722
1281 -5.384 9.927
1282 -1.939 -17.599
1283 -16.241 -12.24
1284 30.852 -5.128
1285 18.527 -5.857
1286 16.305 15.209
1287 14.606 33.464
1288 25.547 -12.323
1289 34.555 -1.673
1290 -9.804 -13.246
1291 -7.783 18.357
1292 15.591 -18.678
1293 -19.098 11.551
1294 9.062 -7.367
1295 9.349 8.064
1296 -1.832 20.077
1297 28.787 -1.852
1298 -17.749 -6.796
1299 -12.131 25.441
1300 -21.249 11.739
1301 -11.381 -8.909
1302 16.561 -0.542
1303 -20.482 4.951
1304 -4.603 4.141
1305 34.323 15.069
1306 -19.004 15.878
1307 7.464 16.132
1308 1.42 29.688
1309 33.023 18.031
1310 -4.6 12.557
1311 -13.79 4.258
1312 17.53 15.058
1313 32.343 11.175
1314 31.322 11.108
1315 31.586 -9.283
1316 32.973 8.402
1317 14.014 20.291
1318 -17.797 -4.502
1319 14.432 -9.326
1320 24.876 21.878
1321 24.842 -4.348
1322 26.321 1.806
1323 2.513 21.621
1324 -9.174 19.355
1325 -18.131 17.537
1326 -3.169 27.329
1327 -0.01 8.815
1328 -13.298 22.003
1329 22.609 12.852
1330 8.901 -10.081
1331 -4.249 0.533
1332 8.055 -16.065
1333 2.741 -3.272
1334 11.44 33.305
1335 -7.515 -18.602
1336 7.675 16.228
1337 18.402 4.19
1338 27.456 21.59
1339 28.859 9.402
1340 -0.137 -1.883
1341 21.868 9.64
1342 -16.483 9.656
1343 5.261 -4.805
1344 -0.473 -13.833
1345 27.092 21.077
1346 14.268 20.152
1347 29.054 16.104
1348 22.353 19.214
1349 12.408 -5.124
1350 32.661 -7.047
1351 -0.297 25.253
1352 -19.613 1.548
1353 15.644 26.152
1354 -19.69 15.454
1355 0.818 -10.905
1356 7.875 -7.538
1357 30.304 -0.957
1358 -15.521 -6.796
1359 -19.403 16.402
1360 5.958 2.12
1361 -17.993 5.268
1362 35.315 -0.233
1363 30.722 19.47
1364 30.525 18.943
1365 19.289 4.315
1366 6.666 -20.786
1367 -15.257 13.216
1368 13.489 -5.495
1369 22.575 -10.324
1370 -3.14 -20.17
1371 18.079 -5.89
1372 -9.611 22.143
1373 27.883 17.797
1374 -3.389 3.59
1375 -20.031 1.06
1376 -12.333 9.441
1377 -2.857 4.772
1378 1.95 -14.667
1379 24.305 14.983
1380 -16.469 0.565
1381 -12.097 18.656
1382 -17.075 -6.479
1383 -8.655 10.9
1384 -19.048 5.298
1385 -21.898 3.75
1386 -4.875 12.351
1387 -13.668 -3.418
1388 32.97 3.352
1389 -5.165 -5.712
1390 -0.981 15.16
1391 -8.804 5.734
1392 31.264 -1.105
1393 -15.444 19.384
1394 11.654 26.477
1395 -0.391 -1.618
1396 -20.476 -2.4
1397 16.836 -17.875
1398 23.686 22.727
1399 -6.885 15.617
1400 -1.039 -21.93
1401 -6.155 6.265
1402 34.38 13.57
1403 5.571 4.896
1404 28.72 -5.54
1405 -18.81 16.624
1406 -8.528 30.721
1407 30.323 -1.369
1408 -1.555 -6.3
1409 -8.045 -16.678
1410 27.639 -12.815
1411 2.954 18.599
1412 -15.617 16.572
1413 6.368 1.622
1414 -12.518 26.683
1415 14.12 5.937
1416 19.971 3.161
1417 -10.414 26.527
1418 18.679 10.559
1419 35.528 4.891
1420 -13.087 -10.38
1421 29.856 -6.521
1422 -12.288 -13.833
1423 2.781 18.817
1424 -13.619 -0.176
1425 29.44 4.756
1426 34.845 11.095
1427 29.643 -1.301
1428 -5.144 21.075
1429 29.174 -8.993
1430 -13.41 23.956
1431 -6.324 24.446
1432 8.759 15.438
1433 27.773 -12.265
1434 0.553 3.415
1435 -9.47 11.906
1436 11.95 6.89
1437 6.281 6.836
1438 26.624 -14.105
1439 -8.239 -0.697
1440 24.621 8.8
1441 -16.427 14.074
1442 -3.331 28.59
1443 -6.272 0.237
1444 33.339 10.597
1445 -18.146 0.006
1446 12.088 20.805
1447 6.623 29.117
1448 -21.896 6.642
1449 1.579 -21.544
1450 -19.518 17.368
1451 3.579 30.287
1452 9.582 33.553
1453 8.181 15.586
1454 9.561 22.847
1455 -8.332 -17.907
1456 11.04 11.015
1457 35.596 10.191
1458 -15.952 4.29
1459 -21.833 3.059
1460 -14.025 -3.763
1461 5.7 24.725
1462 9.366 32.237
1463 21.047 -9.734
1464 12.14 23.798
1465 -8.918 -11.28
1466 14.412 5.113
1467 26.254 -3.927
1468 25.236 -0.455
1469 -0.765 28.835
1470 -4.896 18.917
1471 27.843 19.929
1472 20.55 28.429
1473 -12.391 27.261
1474 25.614 -14.315
1475 -7.702 -0.93
1476 18.667 29.913
1477 -3.644 26.65
1478 -3.792 29.406
1479 34.9 10.869
1480 -12.736 -11.997
1481 6.85 2.263
1482 -0.665 -0.414
1483 21.029 -0.464
1484 -18.276 -9.206
1485 5.435 30.923
1486 28.754 21.618
1487 9.878 9.463
1488 -19.812 -1.548
1489 5.671 -1.884
1490 0.468 4.293
1491 23.377 5.665
1492 20.112 -5.731
1493 13.665 -17.192
1494 15.665 -10.668
1495 12.98 -20.236
1496 -14.202 -9.208
1497 9.452 -16.871
1498 8.772 6.28
1499 29.133 -11.584
1500 14.776 2.296
1501 7.236 1.546
1502 -7.784 16.155
1503 -12.333 17.642
1504 22.442 -4.413
1505 -15.02 -3.309
1506 8.245 2.276
1507 5.184 30.333
1508 -15.819 5.931
1509 34.199 10.207
1510 -21.586 10.186
1511 31.732 19.269
1512 3.531 -13.663
1513 4.308 -10.089
1514 5.712 32.862
1515 -3.316 -1.854
1516 22.915 19.817
1517 10.321 -16.529
1518 22.897 22.101
1519 -21.334 5.602
1520 -15.842 5.756
1521 -4.228 10.394
1522 -18.384 6.435
1523 14.667 8.65
1524 -12.037 9.407
1525 -19.814 2.117
1526 12.45 -14.771
1527 -7.144 1.606
1528 3.575 5.485
1529 35.793 9.632
1530 -7.66 12.857
1531 33.038 11.808
1532 13.485 25.167
1533 10.482 23.744
1534 1.707 -3.146
1535 2.236 24.238
1536 32.309 11.305
1537 12.813 8.531
1538 35.218 -0.771
1539 -9.217 14.878
1540 -15.936 11.735
1541 -10.886 4.572
1542 -9.138 19.432
1543 -10.662 3.915
1544 35.106 -0.504
1545 20.009 29.642
1546 15.753 28.194
1547 34.79 2.061
1548 34.979 5.879
1549 -16.297 -8.204
1550 33.501 4.317
1551 27.636 -5.752
1552 -16.237 12.723
1553 3.278 -8.904
1554 -10.569 -0.065
1555 7.04 1.295
1556 12.593 -19.423
1557 -3.502 7.951
1558 26.825 1.216
1559 -1.129 14.266
1560 6.308 5.23
1561 -2.326 -2.696
1562 35.686 6.881
1563 6.688 -17.204
1564 35.617 11.234
1565 25.285 9.209
1566 -9.61 9.634
1567 10.148 19.271
1568 -3.861 32.529
1569 26.982 15.896
1570 -16.065 4.255
1571 26.342 20.556
1572 20.606 -2.861
1573 21.486 -11.596
1574 -19.673 -1.993
1575 -4.921 -9.928
1576 0.085 9.783
1577 17.833 -17.644
1578 -12.132 23.549
1579 0.468 32.684
1580 4.43 19.28
1581 -1.873 -9.122
1582 -17.364 16.642
1583 -13.457 13.882
1584 0.362 -17.076
1585 9.208 -11.987
1586 -0.303 -5.784
1587 29.972 -8.131
1588 -9.271 9.684
1589 -13.545 -11.685
1590 -0.999 27.658
1591 2.844 -12.174
1592 10.716 -13.424
1593 -11.812 -12.694
1594 22.862 13.116
1595 -10.025 0.194
1596 34.105 -2.787
1597 31.742 -7.367
1598 22.714 9.823
1599 -19.355 -2.823
1600 -9.974 2.574
1601 22.042 25.068
1602 5.854 12.449
1603 12.411 23.93
1604 -7.004 -3.949
1605 -16.916 -9.458
1606 6.933 26.939
1607 8.077 -17.301
1608 -9.088 29.465
1609 -9.042 12.933
1610 -15.688 4.646
1611 16.615 1.602
1612 27.8 16.804
1613 22.046 -16.317
1614 19.693 -8.694
1615 20.817 6.721
1616 25.105 -0.006
1617 22.229 28.962
1618 -11.463 -4.987
1619 -19.21 7.784
1620 24.467 -13.698
1621 10.18 14.876
1622 24.186 13.354
1623 12.48 32.806
1624 34.123 -5.163
1625 16.197 30.521
1626 -11.699 -9.357
1627 30.16 22.546
1628 22.059 -10.382
1629 10.822 5.646
1630 -15.439 9.073
1631 -1.926 15.051
1632 -15.834 -1.833
1633 27.785 0.69
1634 0.88 10.02
1635 -9.238 -9.985
1636 35.789 8.786
1637 9.892 -9.213
1638 9.295 -13.869
1639 1.045 17.006
1640 27.933 15.095
1641 35.639 12.453
1642 7.69 7.126
1643 1.286 14.311
1644 32.745 6.364
1645 10.215 21.218
1646 16.309 -11.163
1647 -2.619 10.68
1648 -18.618 12.521
1649 21.862 18.454
1650 -4.122 -7.558
1651 4.518 23.613
1652 12.296 24.114
1653 34.532 -3.264
1654 13.398 31.708
1655 19.862 -6.188
1656 -7.485 12.823
1657 9.662 -5.329
1658 19.368 12.247
1659 -11.186 8.163
1660 -16.16 17.891
1661 10.768 -14.316
1662 -11.661 -13.614
1663 -3.202 -0.622
1664 25.425 -8.192
1665 -19.514 9.475
1666 -0.602 -19.351
1667 -11.905 -14.076
1668 -21.23 5.083
1669 -4.734 32.414
1670 19.172 3.627
1671 -18.556 -7.868
1672 -8.168 -12.852
1673 -15.776 21.19
1674 -19.839 11.981
1675 7.502 31.273
1676 -7.283 2.3
1677 12.337 -17.407
1678 19.941 4.038
1679 12.158 -4.801
1680 -13.084 14.634
1681 -10.058 22.053
1682 3.492 -21.637
1683 -17.881 2.288
1684 19.546 -10.176
1685 11.793 11.751
1686 -12.558 12.481
1687 4.379 12.481
1688 9.85 33.38
1689 32.154 9.081
1690 7.625 -22.291
1691 -11.886 -7.477
1692 1.39 1.255
1693 33.619 -5.919
1694 36.007 6.332
1695 5.058 26.608
1696 -19.954 5.329
1697 26.931 5.61
1698 -4.728 20.312
1699 1.121 1.148
1700 1.478 -17.699
1701 10.008 16.757
1702 -2.746 10.542
1703 -3.928 -19.99
1704 4.188 -21.797
1705 8.328 10.549
1706 31.603 4.523
1707 -5.794 -7.778
1708 -13.122 -12.263
1709 -16.643 1.424
1710 35.791 7.891
1711 12.599 18.876
1712 -16.269 18.241
1713 -13.939 24.741
1714 -2.975 -14.642
1715 31.11 17.547
1716 -7.093 -7.981
1717 -2.793 29.939
1718 -2.754 -19.922
1719 -4.853 4.968
1720 13.269 16.995
1721 -11.854 3.632
1722 22.58 23.412
1723 18.814 32.173
1724 15.1 -6.801
1725 15.978 3.257
1726 4.288 6.172
1727 18.377 -16.682
1728 14.276 31.753
1729 -3.203 1.882
1730 5.437 -21.257
1731 20.82 -5.254
1732 -19.195 15.359
1733 20.413 -2.875
1734 21.034 -16.496
1735 13.698 10.12
1736 -10.934 4.113
1737 -15.49 17.844
1738 17.801 16.704
1739 35.329 -1.783
1740 -15.091 -3.667
1741 -15.855 19.715
1742 27.505 18.55
1743 26.656 10.592
1744 12.407 13.651
1745 15.75 20.872
1746 24.926 -4.767
1747 34.512 1.79
1748 9.959 23.545
1749 0.386 -5.673
1750 19.801 23.925
1751 2.612 12.947
1752 10.974 1.69
1753 -2.767 -7.869
1754 27.736 -12.378
1755 -0.733 3.015
1756 -10.66 -1.124
1757 -9.58 21.02
1758 3.55 33.738
1759 35.972 8.908
1760 -4.957 17.38
1761 -8.307 16.043
1762 -21.612 6.894
1763 11.276 -12.491
1764 -16.316 14.836
1765 12.498 -1.085
1766 -0.475 25.061
1767 14.486 -1.471
1768 20.815 12.441
1769 -16.359 -7.136
1770 10.235 7.426
1771 21.357 12.345
1772 34.15 -2.376
1773 -13.36 16.494
1774 -16.01 5.263
1775 -4.848 29.025
1776 9.326 -10.755
1777 11.812 -14.11
1778 -8.001 -14.801
1779 -20.415 11.117
1780 12.307 -18.643
1781 14.869 5.339
1782 -6.836 24.462
1783 5.846 -7.505
1784 6.372 -18.784
1785 12.886 -13.623
1786 34.697 0.785
1787 -4.297 18.412
1788 4.915 9.71
1789 -9.451 9.568
1790 14.684 10.433
1791 -9.193 -5.289
1792 34.465 15.888
1793 16.349 12.489
1794 -10.662 1.411
1795 22.131 8.19
1796 -0.314 4.211
1797 -19.061 5.867
1798 0.47 29.022
1799 14.569 22.359
1800 5.89 11.096
1801 -15.549 12.404
1802 22.267 23.984
1803 10.44 -3.397
1804 18.936 -19.031
1805 3.73 1.286
1806 -1.341 -9.87
1807 18.494 22.195
1808 0.734 10.15
1809 7.738 7.84
1810 -5.338 18.467
1811 11.861 -11.504
1812 -7.777 23.694
1813 19.347 -1.193
1814 7.59 33.038
1815 6.63 25.587
1816 21.739 30.266
1817 10.154 27.545
1818 30.794 -0.242
1819 19.855 -15.695
1820 -7.475 25.953
1821 -17.055 -7.129
1822 0.712 9.628
1823 -6.543 15.757
1824 -10.979 1.811
1825 32.993 15.416
1826 34.725 -1.036
1827 -9.482 3.358
1828 23.387 21.054
1829 17.54 7.527
1830 -4.961 25.112
1831 -2.397 1.408
1832 -8.92 21.135
1833 35.43 -1.482
1834 -8 -13.33
1835 25.984 9.902
1836 -1.998 1.403
1837 7.07 -21.336
1838 33.609 15.857
1839 -14.813 13.656
1840 28.144 -5.452
1841 17.854 -3.325
1842 -6.646 14.963
1843 12.362 0.567
1844 17.332 -13.517
1845 -7.88 -4.311
1846 32.921 -7.762
1847 3.773 -17.273
1848 -20 8.197
1849 -11.853 -7.031
1850 27.091 4.416
1851 -18.65 16.065
1852 28.429 -7.215
1853 22.054 28.533
1854 31.313 13.959
1855 28.511 -3.883
1856 -14.683 -0.688
1857 0.492 14.146
1858 24.276 -7.187
1859 5.526 -10.527
1860 14.281 9.299
1861 9.356 -18.905
1862 24.457 0.36
1863 -20.355 7.73
1864 -17.977 8.037
1865 18.7 11.063
1866 -20.055 0.667
1867 12.597 4.409
1868 -4.149 -8.159
1869 28.7 0.395
1870 11.491 20.835
1871 -19.963 1.31
1872 -4.423 15.592
1873 28.24 20.646
1874 -10.695 18.451
1875 -16.565 5.048
1876 35.378 -1.026
1877 5.63 7.593
1878 21.259 26.145
1879 -11.317 0.328
1880 -18.173 -3.317
1881 -19.709 13.796
1882 18.74 23.971
1883 4.92 -1.827
1884 -5.114 6.083
1885 -7.327 0.496
1886 4.221 8.246
1887 -15.743 -7.83
1888 30.629 -4.137
1889 -14.189 25.017
1890 -2.322 28.322
1891 4.945 14.135
1892 33.268 2.001
1893 19.108 19.619
1894 2.121 32.61
1895 -16.574 7.353
1896 30.503 -10.159
1897 -1.033 28.708
1898 -1.308 -14.104
1899 26.861 17.698
1900 -13.599 7.623
1901 -17.927 13.034
1902 -13.782 0.226
1903 -15.523 -9.365
1904 1.124 21.157
1905 5.868 32.728
1906 -13.57 2.203
1907 19.518 11.459
1908 29.638 8.263
1909 17.836 5.997
1910 -3.264 -7.781
1911 31.346 -4.324
1912 1.431 30.406
1913 17.972 4.217
1914 -14.757 0.408
1915 27.341 8.83
1916 -10.924 5.673
1917 5.287 27.817
1918 31.895 -8.463
1919 18.01 26.361
1920 -3.642 -0.735
1921 -19.576 8.595
1922 7.185 25.882
1923 26.036 22.569
1924 21.317 -4.691
1925 -6.831 -7.518
1926 -15.364 6.865
1927 32.798 11.041
1928 5.331 -14.024
1929 14.913 13.041
1930 27.604 9.336
1931 23.498 12.852
1932 7.131 14.096
1933 30.498 -4.307
1934 -2.969 17.027
1935 30.378 -5.177
1936 32.175 18.214
1937 -13.899 13.897
1938 13.041 23.042
1939 19 1.403
1940 -18.58 15.993
1941 -9.565 -15.91
1942 -19.379 5.189
1943 27.336 -4.422
1944 17.923 18.31
1945 -1.034 9.412
1946 22.303 -3.397
1947 29.859 1.323
1948 13.953 -6.135
1949 -1.877 11.678
1950 5.939 28.288
1951 -10.555 -8.339
1952 -1.605 12.035
1953 3.001 27.341
1954 -1.223 -14.387
1955 3.542 17.959
1956 18.297 -6.899
1957 -1.57 32.057
1958 7.864 32.303
1959 19.033 28.984
1960 19.09 16.905
1961 30.976 -1.361
1962 9.315 26.072
1963 21.196 26.623
1964 19.456 -19.802
1965 6.29 31.931
1966 5.358 21.08
1967 23.208 -14.284
1968 -3.405 10.638
1969 13.766 16.018
1970 35.014 3.716
1971 -11.444 6.766
1972 -7.688 5.456
1973 -10.685 23.598
1974 8.04 -18.16
1975 -11.064 19.609
1976 12.9 9.476
1977 0.612 19.457
1978 17.095 -8.043
1979 12.447 31.525
1980 14.175 28.159
1981 -14.155 -2.993
1982 30.946 5.126
1983 27.981 17.106
1984 27.708 16.61
1985 -6.752 31.233
1986 13.139 25.473
1987 28.884 -11.504
1988 -9.562 3.65
1989 27.4 -11.718
1990 4.308 -13.139
1991 22.637 -2.336
1992 19.159 -19.52
1993 28.344 10.196
1994 23.828 16.132
1995 14.53 22.835
1996 3.089 34.083
1997 29.091 9.907
1998 31.308 16.542
1999 35.443 8.353
2000 5.565 33.763
2001 20.424 28.513
2002 14.139 8.028
2003 32.612 14.011
2004 28.674 -10.804
2005 -13.685 -5.979
2006 34.557 -3.721
2007 -2.011 -17.844
2008 -304.285 622.938
2009 -294.661 614.212
2010 -304.296 627.36
2011 -330.67 632.49
2012 -308.312 643.952
2013 -342.624 620.59
2014 -339.028 606.559
2015 -338.674 620.114
2016 -292.091 600.303
2017 -321.752 644.555
2018 -316.61 602.712
2019 -322.634 612.311
2020 -319.881 615.628
2021 -308.874 607.158
2022 -286.441 622.639
2023 -307.273 624.514
2024 -321.085 629.716
2025 -291.606 617.365
2026 -329.115 612.374
2027 -311.249 612.587
2028 -316.125 627.56
2029 -303.204 605.782
2030 -301.618 596.778
2031 -303.5 610.855
2032 -293.083 619.844
2033 -299.33 610.051
2034 -305.899 634.956
2035 -322.138 643.847
2036 -308.149 631.289
2037 -307.302 625.186
2038 -319.804 603.059
2039 -295.886 601.298
2040 -307.004 633.174
2041 -296.004 637.814
2042 -292.253 619.133
2043 -314.147 615.157
2044 -286.804 609.072
2045 -332.727 619.158
2046 -309.508 620.61
2047 -338.056 629.117
2048 -291.171 625.082
2049 -287.345 608.326
2050 -302.876 638.651
2051 -321.795 607.917
2052 -294.404 625.6
2053 -288.825 603.804
2054 -331.569 622.754
2055 -311.263 602.332
2056 -316.794 610.209
2057 -320.654 618.215
2058 -320.439 603.138
2059 -322.719 630
2060 -309.266 613.55
2061 -300.481 629.409
2062 -341.973 612.296
2063 -318.315 595.442
2064 -287.828 626.981
2065 -315.413 605.232
2066 -323.341 630.391
2067 -297.999 621.15
2068 -289.848 631.477
2069 -305.703 598.31
2070 -338.977 607.208
2071 -336.013 616.726
2072 -300.82 634.255
2073 -297.659 603.509
2074 -318.47 606.915
2075 -303.838 616.159
2076 -336.276 616.614
2077 -288.259 608.345
2078 -298.753 642.433
2079 -334.748 625.69
2080 -333.402 633.765
2081 -289.494 614.115
2082 -322.226 622.692
2083 -337.726 631.065
2084 -316.586 627.349
2085 -297.424 614.142
2086 -305.148 592.931
2087 -331.438 637.772
2088 -326.712 632.653
2089 -334.8 632.439
2090 -332.381 627.189
2091 -290.151 610.667
2092 -292.406 615.074
2093 -321.125 626.177
2094 -284.874 615.611
2095 -322.093 625.179
2096 -303.765 592.283
2097 -301.74 609.596
2098 -289.176 624.522
2099 -311.616 624.822
2100 -334.976 623.332
2101 -290.769 626.148
2102 -300.356 624.987
2103 -311.685 617.412
2104 -325.926 611.132
2105 -314.981 605.656
2106 -324.032 613.239
2107 -321.161 606.972
2108 -305.05 610.241
2109 -302.594 637.074
2110 -342.236 622.502
2111 -290.667 609.616
2112 -294.555 600.039
2113 -292.699 632.125
2114 -301.131 606.087
2115 -322.557 638.237
2116 -290.354 615.03
2117 -333.695 600.794
2118 -311.357 601.176
2119 -341.238 609.131
2120 -303.763 606.078
2121 -318.383 641.585
2122 -321.021 605.906
2123 -317.254 646.508
2124 -317.767 594.414
2125 -322.61 627.993
2126 -308.45 620.591
2127 -336.193 605.716
2128 -339.809 611.397
2129 -318.421 603.214
2130 -334.422 614.108
2131 -321.379 613.081
2132 -318.966 619.56
2133 -340.193 627.603
2134 -322.729 613.656
2135 -320.013 608.953
2136 -315.434 592.761
2137 -305.465 643.601
2138 -294.965 632.056
2139 -335.981 618.982
2140 -294.175 610.253
2141 -300.096 605.073
2142 -308.919 637.978
2143 -335.499 617.69
2144 -308.628 638.092
2145 -307.348 642.227
2146 -309.629 635.463
2147 -320.913 633.073
2148 -337.914 605.079
2149 -318.257 615.089
2150 -337.367 618.676
2151 -315.353 623.751
2152 -296.519 624.347
2153 -286.359 611.78
2154 -327.784 639.431
2155 -287.335 616.223
2156 -298.138 627.289
2157 -311.676 637.702
2158 -300.941 613.101
2159 -295.15 605.698
2160 -321.5 632.297
2161 -305.24 590.86
2162 -329.64 640.663
2163 -320.082 632.777
2164 -319.659 628.956
2165 -296.843 610.513
2166 -339.963 604.737
2167 -327.556 597.572
2168 -320.382 624.324
2169 -291.788 601.853
2170 -300.348 633.051
2171 -318.691 609.509
2172 -316.526 627.107
2173 -307.006 590.466
2174 -304.97 643.015
2175 -314.61 623.416
2176 -308.862 594.874
2177 -341.859 622.565
2178 -301.867 592.942
2179 -342.724 619.948
2180 -327.515 605.724
2181 -309.813 602.37
2182 -301.616 609.915
2183 -297.942 607.67
2184 -340.897 609.701
2185 -286.79 614.038
2186 -339.84 613.198
2187 -334.52 623.118
2188 -312.656 600.762
2189 -310.099 625.933
2190 -337.682 617.085
2191 -331.255 626.299
2192 -307.17 614.866
2193 -331.901 613.864
2194 -295.402 630.609
2195 -338.209 605.152
2196 -311.693 596.282
2197 -292.268 631.679
2198 -319.757 610.681
2199 -318.006 616.611
2200 -331.655 627.59
2201 -337.571 633.25
2202 -309.285 631.531
2203 -328.162 631.721
2204 -328.281 624.393
2205 -309.292 603.408
2206 -290.797 632.251
2207 -299.774 619.641
2208 -292.787 625.859
2209 -325.965 637.197
2210 -328.544 627.848
2211 -338.763 630.95
2212 -336.368 624.48
2213 -325.342 592.295
2214 -288.32 608.73
2215 -325.036 637.149
2216 -324.15 604.802
2217 -310.425 616.51
2218 -308.69 608.481
2219 -291.203 611.54
2220 -310.65 607.947
2221 -305.019 596.598
2222 -285.589 618.399
2223 -323.751 593.49
2224 -289.635 612.111
2225 -328.271 636.773
2226 -304.234 617.547
2227 -290.268 633.09
2228 -323.034 618.489
2229 -285.402 616.042
2230 -319.084 646.172
2231 -303.206 593.391
2232 -290.913 614.796
2233 -300.994 617.832
2234 -322.709 645.168
2235 -285.077 615.49
2236 -288.061 629.216
2237 -290.14 616.349
2238 -316.618 632.85
2239 -331.592 628.934
2240 -338.124 617.149
2241 -320.202 643.264
2242 -324.422 597.601
2243 -294.852 620.195
2244 -307.394 624.808
2245 -319.593 603.659
2246 -312.452 635.046
2247 -289.381 602.015
2248 -310.993 594.315
2249 -305.432 629.247
2250 -317.389 642.228
2251 -306.099 617.69
2252 -304.709 607.274
2253 -322.965 639.87
2254 -327.129 607.181
2255 -339.175 609.697
2256 -329.887 610.445
2257 -309.366 627.338
2258 -288.285 613.924
2259 -324.916 612.42
2260 -309.198 591.744
2261 -297.498 604.555
2262 -309.069 608.161
2263 -328.315 598.548
2264 -326.729 639.08
2265 -289.493 615.449
2266 -321.559 621.375
2267 -302.909 629.104
2268 -289.042 603.706
2269 -322.573 614.979
2270 -316.603 612.226
2271 -301.517 607.359
2272 -324.481 637.115
2273 -327.794 595.155
2274 -285.009 614.3
2275 -323.262 621.511
2276 -324.252 625.69
2277 -342.064 620.104
2278 -322.442 639.539
2279 -293.198 616.403
2280 -301.481 609.916
2281 -291.652 624.441
2282 -302.802 630.957
2283 -339.033 617.508
2284 -337.632 613.664
2285 -313.138 601.411
2286 -320.406 590.959
2287 -311.075 592.696
2288 -319.869 593.96
2289 -302.554 621.27
2290 -314.709 621.818
2291 -286.848 606.747
2292 -308.243 642.256
2293 -299.922 641.285
2294 -293.41 603.494
2295 -297.339 596.64
2296 -313.672 600.44
2297 -338.4 618.603
2298 -288.405 629.804
2299 -338.387 629.247
2300 -333.813 632.478
2301 -316.355 638.269
2302 -302.373 624.47
2303 -324.752 614.899
2304 -342.101 614.863
2305 -289.458 605.869
2306 -301.654 618.069
2307 -295.39 596.958
2308 -292.724 607.873
2309 -287.828 615.612
2310 -311.212 644.272
2311 -300.99 635.161
2312 -323.554 599.045
2313 -335.125 607.132
2314 -342.189 623.097
2315 -313.209 635.466
2316 -313.724 610.667
2317 -289.393 625.08
2318 -320.451 612.133
2319 -317.085 590.614
2320 -302.704 639.51
2321 -294.795 596.647
2322 -327.402 634.437
2323 -300.441 621.975
2324 -323.504 616.611
2325 -328.548 624.87
2326 -333.181 637.884
2327 -321.204 611.871
2328 -314.778 639.462
2329 -286.366 623.269
2330 -311.413 595.958
2331 -304.581 634.815
2332 -299.706 611.153
2333 -291.71 628.617
2334 -290.929 634.159
2335 -333.778 619.316
2336 -315.015 610.118
2337 -342.305 617.579
2338 -319.217 630.049
2339 -323.078 611.629
2340 -342.427 622.459
2341 -321.751 597.647
2342 -301.966 637.991
2343 -334.889 624.791
2344 -335.365 618.328
2345 -314.263 640.632
2346 -323.888 604.542
2347 -324.177 594.968
2348 -312.174 590.335
2349 -302.895 597.788
2350 -329.698 627.666
2351 -294.952 619.796
2352 -289.981 607.575
2353 -298.159 633.185
2354 -289.372 605.611
2355 -337.641 626.833
2356 -288.39 608.792
2357 -341.683 621.04
2358 -317.791 603.807
2359 -309.027 618.144
2360 -315.473 641.285
2361 -326.066 629.287
2362 -342.122 612.984
2363 -295.206 627.004
2364 -302.684 611.775
2365 -319.8 637.156
2366 -316.33 641.205
2367 -287.692 608.774
2368 -299.192 621.339
2369 -326.341 615.915
2370 -299.809 624.882
2371 -287.352 614.506
2372 -314.458 631.326
2373 -330.503 599.926
2374 -338.839 603.521
2375 -291.833 622.524
2376 -292.734 630.564
2377 -297.702 632.493
2378 -310.553 646.306
2379 -311.281 621.892
2380 -287.783 614.223
2381 -299.842 613.103
2382 -303.171 616.692
2383 -330.329 606.277
2384 -303.768 643.094
2385 -318.727 639.851
2386 -293.58 618.984
2387 -292.153 614.05
2388 -296.448 624.5
2389 -314.826 625.069
2390 -308.178 625.013
2391 -291.822 623.638
2392 -318.815 637.124
2393 -292.223 635.492
2394 -292.707 605.56
2395 -301.542 599.69
2396 -339.717 617.528
2397 -312.824 617.973
2398 -340.357 614.568
2399 -295.388 601.069
2400 -340.458 620.745
2401 -340.741 619.147
2402 -326.288 597.191
2403 -337.497 625.47
2404 -338.448 613.37
2405 -328.57 629.337
2406 -297.522 635.588
2407 -308.544 637.233
2408 -297.457 596.685
2409 -332.79 611.869
2410 -335.137 609.481
2411 -307.163 632.801
2412 -299.451 633.154
2413 -290.997 626.821
2414 -339.267 626.405
2415 -299.534 596.55
2416 -297.279 624.656
2417 -303.723 621.011
2418 -313.894 603.609
2419 -290.863 617.909
2420 -314.711 621.167
2421 -307.341 614.521
2422 -337.325 611.539
2423 -301.293 602.566
2424 -317.276 615.779
2425 -295.506 602.22
2426 -289.62 632.012
2427 -309.587 639.035
2428 -294.911 602.996
2429 -341.118 618.388
2430 -287.936 605.072
2431 -299.541 597.049
2432 -312.85 590.899
2433 -316.923 645.747
2434 -288.819 616.546
2435 -298.214 619.434
2436 -333.699 605.272
2437 -288.03 624.212
2438 -339.054 604.443
2439 -301.449 599.94
2440 -289.839 626.53
2441 -334.641 629.632
2442 -300.858 614.596
2443 -300.455 617.091
2444 -323.363 629.483
2445 -290.549 634.729
2446 -299.276 612.17
2447 -298.157 623.809
2448 -341.003 620.802
2449 -295.927 609.838
2450 -313.88 592.103
2451 -289.899 605.167
2452 -317.69 616.039
2453 -326.37 602.541
2454 -323.415 613.349
2455 -329.132 608.104
2456 -296.312 610.348
2457 -321.14 590.27
2458 -335.627 620.219
2459 -329.68 601.644
2460 -321.807 621.286
2461 -312.944 608.035
2462 -291.915 605.755
2463 -295.874 626.774
2464 -325.007 642.408
2465 -309.71 600.609
2466 -319.932 609.19
2467 -328.749 639.287
2468 -334.083 634.037
2469 -314.326 595.225
2470 -307.333 631.872
2471 -313.061 638.792
2472 -330.433 605.213
2473 -302.476 602.547
2474 -317.955 616.237
2475 -342.678 613.868
2476 -300.84 629.675
2477 -289.212 626.142
2478 -315.991 634.433
2479 -332.941 639.121
2480 -318.353 589.913
2481 -291.512 631.577
2482 -289.418 604.51
2483 -339.477 612.637
2484 -334.663 628.017
2485 -312.541 626.621
2486 -339.453 627.624
2487 -315.207 635.72
2488 -329.365 606.221
2489 -289.954 618.836
2490 -317.784 607.83
2491 -338.82 632.322
2492 -288.379 618.708
2493 -320.425 598.836
2494 -288.158 619.577
2495 -302.577 592.696
2496 -325.113 638.181
2497 -298.511 607.931
2498 -331.055 623.958
2499 -291.803 600.418
2500 -301.924 634.083
2501 -293.194 603.926
2502 -325.124 599.317
2503 -296.513 623.876
2504 -337.022 632.651
2505 -312.116 598.051
2506 -336.774 619.589
2507 -295.924 594.576
2508 -340.55 609.712
2509 -334.195 612.362
2510 -306.937 625.288
2511 -327.908 606.568
2512 -314.501 630.863
2513 -305.58 638.217
2514 -318.807 626.41
2515 -334.986 607.682
2516 -340.781 608.414
2517 -326.568 608.833
2518 -299.326 613.184
2519 -329.627 611.146
2520 -319.851 600.144
2521 -297.852 624.71
2522 -310.231 607.349
2523 -302.157 599.367
2524 -294.295 634.023
2525 -288.428 627.149
2526 -298.736 639.191
2527 -304.09 615.638
2528 -292.619 611.155
2529 -288.012 618.198
2530 -328.682 614.205
2531 -293.131 637.042
2532 -315.247 607.87
2533 -341.616 626.077
2534 -322.331 593.417
2535 -299.797 632.895
2536 -333.41 596.783
2537 -289.088 608.561
2538 -334.353 612.069
2539 -338.262 609.922
2540 -336.399 605.328
2541 -295.816 625.669
2542 -310.094 606.431
2543 -337.717 616.202
2544 -310.179 595.78
2545 -303.871 639.041
2546 -341.493 617.484
2547 -313.085 606.511
2548 -331.402 637.103
2549 -333.429 607.734
2550 -321.032 645.16
2551 -301.004 610.9
2552 -311.329 623.734
2553 -338.579 619.292
2554 -319.754 596.948
2555 -325.922 642.876
2556 -329.95 607.748
2557 -307.143 590.591
2558 -285.87 623.764
2559 -320.615 633.127
2560 -339.057 629.097
2561 -316.211 628.661
2562 -333.557 635.058
2563 -308.049 610.325
2564 -303.981 623.703
2565 -294.425 611.248
2566 -307.701 641.016
2567 -332.821 635.092
2568 -319.58 630.466
2569 -306.612 635.709
2570 -289.271 630.846
2571 -288.841 627.944
2572 -326.319 620.239
2573 -334.119 598.118
2574 -327.596 604.856
2575 -300.422 606.833
2576 -337.785 631.372
2577 -286.702 619.01
2578 -294.342 612.188
2579 -306.734 620.475
2580 -305.707 641.372
2581 -342.714 614.358
2582 -317.591 609.049
2583 -301.928 612.212
2584 -306.552 599.158
2585 -340.6 615.77
2586 -325.067 596.643
2587 -286.504 624.81
2588 -328.907 615.516
2589 -291.027 621.235
2590 -324.512 608.454
2591 -326.823 602.395
2592 -304.457 641.084
2593 -294.004 604.434
2594 -289.299 628.288
2595 -313.923 641.82
2596 -322.208 606.325
2597 -327.598 613.09
2598 -287.583 615.963
2599 -327.037 619.756
2600 -338.337 613.76
2601 -333.513 603.439
2602 -324.976 608.954
2603 -319.308 591.046
2604 -324.61 613.256
2605 -321.411 620.623
2606 -296.112 639.961
2607 -333.823 625.75
2608 -339.836 608.812
2609 -285.507 609.742
2610 -324.471 594.584
2611 -301.132 597.481
2612 -339.599 612.972
2613 -302.304 597.818
2614 -325.752 630.872
2615 -305.25 635.687
2616 -318.972 604.37
2617 -341.145 613.9
2618 -314.087 596.733
2619 -308.337 590.403
2620 -311.173 591.032
2621 -313.673 603.492
2622 -305.658 616.356
2623 -328.362 626.393
2624 -286.824 626.575
2625 -285.392 622.711
2626 -288.76 603.185
2627 -293.186 602.848
2628 -304.185 592.083
2629 -322.869 638.231
2630 -333.324 629.018
2631 -285.824 620.678
2632 -314.441 635.036
2633 -305.183 617.989
2634 -287.737 610.936
2635 -294.087 632.55
2636 -286.886 619.703
2637 -332.411 632.44
2638 -339.169 612.001
2639 -299.673 631.06
2640 -322.585 611.018
2641 -327.77 637.173
2642 -299.608 625.824
2643 -289.201 620.866
2644 -316.849 597.468
2645 -290.686 608.779
2646 -302.033 611.007
2647 -318.712 619.777
2648 -295.962 625.825
2649 -341.817 612.642
2650 -303.58 609.204
2651 -325.564 639.67
2652 -323.592 594.749
2653 -320.261 597.447
2654 -317.939 611.843
2655 -286 610.828
2656 -320.132 633.913
2657 -286.468 619.932
2658 -333.54 610.724
2659 -286.64 610.257
2660 -333.235 610.978
2661 -326.713 596.581
2662 -336.073 600.825
2663 -324.029 630.826
2664 -285.607 618.414
2665 -308.453 616.371
2666 -320.433 597.465
2667 -338.667 608.442
2668 -289.599 626.351
2669 -331.756 594.892
2670 -297.605 626.325
2671 -319.581 616.073
2672 -316.466 619.909
2673 -324.694 609.734
2674 -318.611 635.344
2675 -302.792 592.594
2676 -286.468 620.437
2677 -332.967 626.54
2678 -314.347 645.679
2679 -328.944 614.756
2680 -287.435 620.199
2681 -305.692 618.809
2682 -338.433 623.973
2683 -311.407 645.316
2684 -292.247 629.776
2685 -333.657 611.105
2686 -332.46 604.196
2687 -297.203 608.96
2688 -342.72 622.336
2689 -321.791 634.192
2690 -324.226 626.991
2691 -286.271 621.306
2692 -285.835 610.515
2693 -327.029 615.832
2694 -328.473 614.233
2695 -299.499 641.347
2696 -304.905 626.493
2697 -329.108 601.196
2698 -320.778 624.927
2699 -316.757 638.353
2700 -329.947 609.092
2701 -334.738 605.014
2702 -306.823 619.256
2703 -328.159 593.819
2704 -330.566 600.048
2705 -319.367 592.768
2706 -339.366 621.076
2707 -289.07 624.819
2708 -298.844 634.275
2709 -329.97 615.2
2710 -304.936 604.541
2711 -315.019 609.358
2712 -331.482 638.564
2713 -285.872 620.947
2714 -295.427 625.392
2715 -297.091 595.986
2716 -319.946 609.054
2717 -311.831 610.242
2718 -290.148 609.557
2719 -302.013 604.201
2720 -304.542 597.339
2721 -333.248 608.637
2722 -309.831 604.041
2723 -325.327 628.328
2724 -293.04 624.494
2725 -309.282 636.899
2726 -326.99 597.276
2727 -308.875 638.339
2728 -297.416 615.43
2729 -332.399 623.898
2730 -339.208 619.361
2731 -297.473 636.761
2732 -336.971 630.801
2733 -336.867 600.106
2734 -296.42 595.471
2735 -311.081 610.311
2736 -301.811 625.05
2737 -325.791 606.031
2738 -322.812 605.241
2739 -299.796 614.891
2740 -327.135 641.11
2741 -341.618 609.564
2742 -331.79 624.266
2743 -308.47 618.926
2744 -310.737 603.411
2745 -320.851 614.9
2746 -284.767 613.655
2747 -325.547 601.752
2748 -332.884 611.739
2749 -293.021 620.123
2750 -298.913 631.37
2751 -301.119 631.52
2752 -325.2 618.913
2753 -326.835 630.667
2754 -328.04 607.86
2755 -316.338 604.506
2756 -316.265 623.677
2757 -291.123 635.258
2758 -321.117 625.117
2759 -294.969 621.857
2760 -296.364 600.375
2761 -302.327 620.431
2762 -302.374 603.357
2763 -333.479 614.823
2764 -313.33 610.316
2765 -324.014 593.384
2766 -331.578 614.175
2767 -297.092 610.995
2768 -319.812 616.703
2769 -292.028 633.09
2770 -312.73 604.155
2771 -288.431 609.46
2772 -290.074 615.461
2773 -342.686 614.234
2774 -320.409 639.648
2775 -313.677 636.576
2776 -288.02 626.864
2777 -290.429 604.344
2778 -300.423 629.305
2779 -326.771 632.57
2780 -308.881 620.881
2781 -302.686 613.589
2782 -289.064 623.285
2783 -297.671 620.108
2784 -322.741 594.633
2785 -287.616 618.868
2786 -310.051 628.292
2787 -336.378 614.067
2788 -298.492 637.194
2789 -287.92 623.26
2790 -326.104 618.46
2791 -292.785 613.975
2792 -306.354 608.566
2793 -315.662 611.905
2794 -313.835 630.576
2795 -294.214 616.596
2796 -285.706 615.426
2797 -331.642 610.506
2798 -336.739 600.83
2799 -325.53 620.803
2800 -317.835 631.92
2801 -303.491 633.883
2802 -316.49 593.749
2803 -314.329 636.285
2804 -301.05 620.359
2805 -340.781 623.761
2806 -323.895 639.896
2807 -311.177 610.057
2808 -319.648 625.93
2809 -310.153 639.393
2810 -297.27 606.222
2811 -295.004 625.222
2812 -321.362 624.901
2813 -312.028 600.113
2814 -292.87 626.714
2815 -289.628 623.678
2816 -298.159 608.01
2817 -329.7 610.34
2818 -296.355 605.698
2819 -320.02 622.772
2820 -315.465 632.477
2821 -296.856 596.532
2822 -332.235 606.668
2823 -309.192 602.912
2824 -293.493 638.522
2825 -285.84 612.55
2826 -294.683 627.983
2827 -302.321 613.29
2828 -342.708 617.826
2829 -285.183 611.239
2830 -328.564 634.551
2831 -329.27 615.992
2832 -312.232 608.203
2833 -328.447 640.917
2834 -341.599 617.641
2835 -330.936 626.315
2836 -316.626 642.271
2837 -308.028 623.739
2838 -331.293 611.575
2839 -330.937 634.763
2840 -293.692 597.085
2841 -292.143 619.763
2842 -338.445 603.453
2843 -309.355 596.751
2844 -300.812 634.31
2845 -342.289 620.411
2846 -329.914 601.982
2847 -329.436 601.749
2848 -338.133 626.743
2849 -320.871 611.741
2850 -340.189 606.431
2851 -330.483 610.731
2852 -294.316 635.545
2853 -311.187 590.75
2854 -342.151 616.726
2855 -290.549 633.105
2856 -296.179 616.613
2857 -329.281 601.65
2858 -307.123 640.727
2859 -316.985 632.275
2860 -308.159 629.887
2861 -292.062 633.097
2862 -319.924 633.099
2863 -329.767 619.853
2864 -287.49 611.907
2865 -335.702 609.395
2866 -294.86 608.896
2867 -306.054 635.687
2868 -323.911 599.453
2869 -320.07 605.248
2870 -331.806 640.144
2871 -310.407 627.232
2872 -314.245 613.47
2873 -294.533 625.652
2874 -295.484 597.633
2875 -301.895 615.997
2876 -322.987 598.674
2877 -304.757 605.373
2878 -286.021 612.388
2879 -340.128 629.86
2880 -304.86 613.456
2881 -300.426 642.75
2882 -306.43 630.386
2883 -298.212 639.054
2884 -305.012 609.122
2885 -304.492 601.438
2886 -289.025 604.837
2887 -295.932 617.181
2888 -324.853 621.999
2889 -321.079 605.847
2890 -340.522 618.039
2891 -305.455 628.682
2892 -287.637 628.596
2893 -285.236 617.538
2894 -291.971 629.204
2895 -333.168 632.138
2896 -329.906 615.856
2897 -312.007 622.057
2898 -295.819 629.07
2899 -341.117 624.443
2900 -329.321 637.065
2901 -304.914 633.834
2902 -290.798 610.035
2903 -331.069 603.266
2904 -287.221 609.168
2905 -341.422 608.431
2906 -290.476 613.037
2907 -297.718 616.714
2908 -307.666 645.228
2909 -331.318 616.36
2910 -326.379 629.782
2911 -334.876 618.375
2912 -294.556 611.939
2913 -299.933 622.362
2914 -293.68 614.134
2915 -319.171 596.865
2916 -333.023 633.288
2917 -292.038 608.797
2918 -303.769 626.212
2919 -310.881 624.359
2920 -326.506 597.287
2921 -300.252 624.526
2922 -321.488 638.15
2923 -329.712 619.588
2924 -298.735 593.052
2925 -310.306 621.283
2926 -288.166 629.098
2927 -286.109 623.349
2928 -337.533 608.217
2929 -312.597 604.72
2930 -291.68 616.107
2931 -321.155 629.542
2932 -325.717 613.07
2933 -307.661 638.05
2934 -312.755 591.122
2935 -314.181 615.832
2936 -322.025 593.663
2937 -320.429 644.916
2938 -291.551 622.673
2939 -334.73 617.564
2940 -292.757 598.8
2941 -324.146 607.493
2942 -292.065 632.594
2943 -321.428 617.124
2944 -313.881 606.072
2945 -318.43 610.951
2946 -305.081 645.375
2947 -302.173 615.21
2948 -340.793 607.596
2949 -319.759 641.753
2950 -329.192 636.407
2951 -320.117 621.378
2952 -321.664 635.909
2953 -285.584 616.332
2954 -296.998 614.382
2955 -320.991 614.348
2956 -337.997 620.676
2957 -326.215 612.207
2958 -286.414 607.1
2959 -305.9 590.956
2960 -287.798 619.986
2961 -312.12 598.59
2962 -307.685 631.545
2963 -321.684 634.513
2964 -315.421 646.39
2965 -304.572 626.644
2966 -296.648 615
2967 -303.208 615.148
2968 -338.516 615.931
2969 -285.891 616.086
2970 -291.714 625.445
2971 -339.743 609.654
2972 -306.043 639.402
2973 -299.463 598.496
2974 -331.95 620.175
2975 -341.148 618.802
2976 -305.518 594.596
2977 -297.951 601.88
2978 -305.526 591.413
2979 -312.939 589.276
2980 -332.838 612.492
2981 -309.29 615.453
2982 -333.764 611.082
2983 -306.93 601.902
2984 -318.031 604.752
2985 -326.419 606.655
2986 -286.721 623.354
2987 -289.004 622.543
2988 -337.292 626.749
2989 -325.231 637.906
2990 -310.66 596.572
2991 -300.486 602.285
2992 -289.843 631.518
2993 -333.227 632.713
2994 -342.315 612.519
2995 -295.316 636.685
2996 -328.163 627.223
2997 -321.443 619.99
2998 -291.805 614.524
2999 -298.006 596.464
3000 -302.42 614.286
3001 -291.465 624.558
3002 -334.854 634.406
3003 -331.151 638.759
3004 -309.313 588.771
3005 -336.39 621.806
3006 -303.393 592.424
3007 -305.829 642.288
3008 -334.686 608.159
3009 -296.953 628.316
3010 -303.944 607.396
3011 -299.378 617.592
3012 -316.704 591.278
3013 -333.48 610.978
3014 -297.572 608.326
3015 -291.16 624.183
3016 -289.066 632.64
3017 -299.607 599.483
3018 -295.513 620.019
3019 -326.651 631.9
3020 -303.678 608.679
3021 -312.232 634.486
3022 -320.189 643.627
3023 -285.907 622.448
3024 -312.923 619.841
3025 -331.324 602.328
3026 -321.294 623.932
3027 -310.809 590.476
3028 -327.813 638.383
3029 -297.034 639.139
3030 -300.433 639.428
3031 -325.209 620.168
3032 -337.893 628.118
3033 -295.096 602.981
3034 -321.272 626.917
3035 -338.142 627.692
3036 -321.453 619.959
3037 -287.599 629.466
3038 -299.973 618.461
3039 -331.699 640.414
3040 -337.917 602.319
3041 -297.788 617.911
3042 -317.171 617.24
3043 -325.628 591.858
3044 -332.886 633.571
3045 -319.559 603.109
3046 -336.86 609.366
3047 -292.129 616.329
3048 -321.588 604.578
3049 -333.652 622.528
3050 -322.521 624.442
3051 -299.29 613.249
3052 -311.346 629.129
3053 -335.368 613.388
3054 -339.811 630.387
3055 -324.814 597.365
3056 -341.281 622.976
3057 -330.909 640.062
3058 -331.801 611.548
3059 -290.023 629.352
3060 -296.777 638.559
3061 -307.962 593.839
3062 -328.938 602.952
3063 -314.397 629.107
3064 -295.131 621.917
3065 -288.955 624.983
3066 -332.762 618.602
3067 -286.664 606.996
3068 -301.107 603.215
3069 -301.647 598.233
3070 -301.104 602.967
3071 -298.724 603.334
3072 -332.231 637.639
3073 -332.569 616.361
3074 -309.757 635.492
3075 -289.268 617.97
3076 -301.322 638.741
3077 -288.249 606.748
3078 -307.979 630.302
3079 -329.945 629.276
3080 -317.287 623.578
3081 -299.006 634.14
3082 -304.925 632
3083 -339.489 617.617
3084 -300.385 601.872
3085 -324.874 598.235
3086 -310.854 613.525
3087 -289.698 628.041
3088 -309.093 601.212
3089 -326.492 636.323
3090 -329.273 612.342
3091 -339.574 631.351
3092 -302.829 618.918
3093 -303.092 632.184
3094 -317.486 589.572
3095 -333.85 635.622
3096 -320.744 607.058
3097 -304.692 633.579
3098 -296.874 620.117
3099 -323.951 598.946
3100 -321.602 609.669
3101 -335.094 617.153
3102 -308.207 630.143
3103 -301.911 617.645
3104 -316.183 642.197
3105 -285.53 610.763
3106 -327.372 605.069
3107 -301.992 619.868
3108 -340.476 620.365
3109 -330.802 597.977
3110 -293.816 621.483
3111 -290.531 604.259
3112 -324.723 607.044
3113 -311.749 629.855
3114 -291.756 601.063
3115 -318.938 632.577
3116 -318.091 600.143
3117 -317.513 611.817
3118 -294.256 615.396
3119 -342.154 616.852
3120 -310.019 606.236
3121 -307.926 624.218
3122 -290.977 621.755
3123 -303.071 592.93
3124 -298.917 627.041
3125 -342.406 614.895
3126 -303.492 608.353
3127 -335.303 630.961
3128 -323.147 630.231
3129 -297.039 594.826
3130 -340.964 610.42
3131 -341.621 611.569
3132 -291.294 615.887
3133 -340.783 625.155
3134 -285.294 616.235
3135 -311.353 609.543
3136 -326.242 634.259
3137 -314.498 616.178
3138 -325.803 596.95
3139 -327.651 622.551
3140 -306.35 643.01
3141 -335.051 632.617
3142 -303.495 626.658
3143 -321.9 624.308
3144 -306.227 636.121
3145 -292.11 630.156
3146 -303.957 612.54
3147 -318.855 643.944
3148 -297.707 611.897
3149 -315.046 641.993
3150 -311.927 632.417
3151 -298.696 633.538
3152 -308.898 643.711
3153 -330.61 626.4
3154 -288.39 607.489
3155 -312.512 617.567
3156 -316.416 596.592
3157 -287.344 616.94
3158 -298.41 610.015
3159 -326.562 622.156
3160 -319.19 635.371
3161 -320.661 636.875
3162 -286.832 608.099
3163 -321.577 611.81
3164 -285.245 622.76
3165 -333.816 624.325
3166 -332.386 610.417
3167 -330.921 622.035
3168 -288.857 603.569
3169 -329.104 604.113
3170 -314.427 605.142
3171 -325.775 639.302
3172 -290.575 600.423
3173 -296.58 615.541
3174 -315.3 612.903
3175 -310.522 605.148
3176 -310.573 619.435
3177 -312.066 644.695
3178 -298.488 632.492
3179 -339.121 613.017
3180 -330.783 608.401
3181 -323.629 638.254
3182 -312.122 618.75
3183 -290.9 615.622
3184 -300.77 600.66
3185 -337.928 620.592
3186 -324.028 603.46
3187 -311.665 639.118
3188 -342.33 619.566
3189 -317.943 638.489
3190 -334.179 596.891
3191 -315.849 624.169
3192 -324.82 594.77
3193 -330.984 607.469
3194 -327.913 634.114
3195 -334.49 608.821
3196 -328.604 638.732
3197 -314.573 592.64
3198 -312.729 643.807
3199 -325.555 605.284
3200 -325.845 636.428
3201 -318.936 636.146
3202 -332.846 614.208
3203 -326.067 637.46
3204 -320.236 638.524
3205 -287.776 617.214
3206 -312.598 638.329
3207 -297.893 608.973
3208 -320.512 591.524
3209 -329.502 640.602
3210 -341.538 625.988
3211 -327.533 627.582
3212 -299.901 595.197
3213 -306.473 630.65
3214 -288.472 627.6
3215 -302.086 607.131
3216 -331.523 607.783
3217 -308.686 618.678
3218 -342.653 617.2
3219 -285.076 615.172
3220 -299.975 635.178
3221 -336.468 614.415
3222 -324.087 607.439
3223 -310.217 610.76
3224 -314.023 634.105
3225 -305.323 635.434
3226 -296.741 596.14
3227 -302.414 611.689
3228 -310.903 625.348
3229 -287.793 631.453
3230 -335.558 600.893
3231 -301.507 626.539
3232 -292.715 620.098
3233 -300.115 598.776
3234 -327.774 599.568
3235 -324.019 621.685
3236 -321.399 637.925
3237 -323.326 595.936
3238 -328.751 602.784
3239 -293.352 626.006
3240 -316.759 604.703
3241 -299.906 632.503
3242 -327.852 642.12
3243 -304.273 626.114
3244 -295.704 636.977
3245 -339.697 615.504
3246 -322.381 603.965
3247 -311.483 625.325
3248 -326.153 596.267
3249 -305.16 630.007
3250 -314.963 621.69
3251 -304.611 598.018
3252 -295.7 631.021
3253 -301.382 605.212
3254 -305.721 636.273
3255 -339.384 604.293
3256 -307.242 611.874
3257 -325.196 623.357
3258 -342.267 621.273
3259 -335.778 629.056
3260 -319.301 631.32
3261 -340.602 606.917
3262 -337.802 613.688
3263 -340.962 618.675
3264 -316.707 628.032
3265 -298.449 638.367
3266 -342.363 612.713
3267 -302.568 621.994
3268 -315.075 592.182
3269 -325.781 617.982
3270 -309.045 594.358
3271 -297.989 639.881
3272 -326.206 623.395
3273 -304.24 618.468
3274 -302.788 630.039
3275 -303.285 632.093
3276 -336.274 636.538
3277 -300.139 614.49
3278 -327.822 616.985
3279 -301.481 616.637
3280 -294.653 617.354
3281 -305.238 605.784
3282 -301.162 625.156
3283 -286.175 622.354
3284 -297.951 617.152
3285 -332.692 635.559
3286 -332.11 610.959
3287 -306.56 598.834
3288 -302.789 632.43
3289 -334.446 610.595
3290 -290.833 632.2
3291 -331.817 596.274
3292 -320.726 611.942
3293 -327.18 633.236
3294 -311.487 646.342
3295 -291.622 633.924
3296 -294.629 607.333
3297 -297.815 600.734
3298 -313.8 634.881
3299 -290.442 630.905
3300 -327.996 603.604
3301 -294.098 600.66
3302 -287.826 613.232
3303 -327.278 593.754
3304 -309.417 622.711
3305 -284.885 617.657
3306 -307.939 592.477
3307 -335.152 607.462
3308 -301.287 626.63
3309 -333.382 596.569
3310 -299.731 614.257
3311 -331.411 635.441
3312 -308.32 589.25
3313 -309.333 618.072
3314 -328.953 635.532
3315 -297.007 631.558
3316 -341.173 616.278
3317 -299.953 592.842
3318 -296.517 599.501
3319 -338.138 604.947
3320 -341.452 626.327
3321 -285.092 611.519
3322 -302.468 613.34
3323 -295.946 634.416
3324 -303.704 610.524
3325 -325.811 626.493
3326 -314.784 591.647
3327 -320.371 606.917
3328 -309.365 613.716
3329 -307.301 599.962
3330 -317.299 610.139
3331 -306.386 635.472
3332 -303.615 593.641
3333 -325.75 599.345
3334 -331.283 607.671
3335 -339.309 608.65
3336 -320.341 613.879
3337 -286.471 619.635
3338 -341.753 610.007
3339 -292.257 628.344
3340 -331.501 632.686
3341 -289.476 629.738
3342 -303.954 622.236
3343 -315.998 590.536
3344 -304.379 604.278
3345 -285.83 621.341
3346 -304.177 636.887
3347 -330.535 640.174
3348 -317.294 615.84
3349 -333.561 596.562
3350 -293.418 606.225
3351 -329.051 607.739
3352 -332.073 611.247
3353 -288.962 619.763
3354 -286.953 616.821
3355 -325.16 630.041
3356 -336.573 627.695
3357 -337.186 623.163
3358 -321.598 644.592
3359 -306.124 624.391
3360 -306.466 620.436
3361 -292.791 617.618
3362 -331.128 602.88
3363 -284.88 619.047
3364 -286.021 614.831
3365 -292.236 618.529
3366 -333.359 627.433
3367 -299.488 637.428
3368 -335.329 613.925
3369 -334.991 610.924
3370 -311.539 617.368
3371 -309.593 592.795
3372 -324.781 601.814
3373 -319.874 634.152
3374 -291.274 612.19
3375 -326.69 595.26
3376 -293.36 601.101
3377 -287.441 619.524
3378 -315.77 619.081
3379 -304.194 605.154
3380 -298.29 601.703
3381 -329.618 603.488
3382 -327.395 613.784
3383 -289.39 628.056
3384 -329.02 622.595
3385 -297.021 637.961
3386 -306.835 600.909
3387 -287.782 617.625
3388 -315.568 597.502
3389 -322.811 598.127
3390 -337.58 625.243
3391 -333.293 625.802
3392 -295.857 618.666
3393 -332.443 633.586
3394 -292.873 621.646
3395 -296.689 638.809
3396 -287.269 630.487
3397 -316.485 592.909
3398 -287.205 611.403
3399 -329.993 638.176
3400 -313.803 616.107
3401 -319.397 642.981
3402 -322.595 611.497
3403 -336.474 611.403
3404 -313.116 600.088
3405 -307.938 628.208
3406 -298.614 619.659
3407 -305.827 626.76
3408 -327.605 634.997
3409 -320.571 612.484
3410 -333.181 620.846
3411 -325.498 638.987
3412 -337.614 627.996
3413 -325.421 615.185
3414 -340.017 621.431
3415 -315.317 626.059
3416 -317.555 611.556
3417 -324.961 603.836
3418 -305.892 600.625
3419 -319.54 592.199
3420 -290.121 620.605
3421 -341.008 623.352
3422 -292.135 603.442
3423 -337.254 631.527
3424 -315.328 621.888
3425 -289.019 629.736
3426 -300.968 639.058
3427 -287.261 619.854
3428 -326.095 620.632
3429 -305.231 626.433
3430 -336.696 626.179
3431 -340.343 615.016
3432 -311.786 620.264
3433 -286.105 619.469
3434 -299.703 639.214
3435 -327.097 605.242
3436 -332.455 633.599
3437 -334.383 597.859
3438 -301.44 604.747
3439 -303.789 616.732
3440 -307.192 625.157
3441 -307.929 603.266
3442 -331.432 622.589
3443 -298.094 625.673
3444 -294.293 611.25
3445 -320.584 643.943
3446 -317.026 637.292
3447 -307.868 616.352
3448 -326.532 625.827
3449 -295.032 631.686
3450 -318.949 626.999
3451 -313.981 600.619
3452 -298.246 634.023
3453 -338.269 620.726
3454 -303.947 597.422
3455 -304.884 618.309
3456 -329.847 596.936
3457 -342.408 616.972
3458 -338.032 609.092
3459 -296.763 622.476
3460 -302.802 601.037
3461 -286.724 608.543
3462 -304.755 627.346
3463 -310.313 628.02
3464 -292.048 603.485
3465 -332.921 628.14
3466 -304.732 615.162
3467 -317.857 633.033
3468 -308.648 629.766
3469 -331.774 623.789
3470 -287.044 620.743
3471 -289.401 627.244
3472 -313.264 622.273
3473 -304.648 595.4
3474 -339.821 604.77
3475 -330.92 606.573
3476 -337.996 605.818
3477 -336.504 619.563
3478 -327.465 594.91
3479 -314.996 596.103
3480 -341.533 622.281
3481 -294.878 637.867
3482 -285.983 613.036
3483 -294.373 630.454
3484 -308.718 603.561
3485 -304.423 607.589
3486 -338.316 619.999
3487 -336.355 606.261
3488 -326.154 605.885
3489 -336.989 615.968
3490 -324.167 616.893
3491 -325.634 640.013
3492 -298.185 612.484
3493 -340.542 625.148
3494 -338.38 619.474
3495 -295.067 622.575
3496 -313.149 588.824
3497 -323.111 609.342
3498 -312.667 628.847
3499 -311.624 642.776
3500 -294.798 597.313
3501 -332.739 628.376
3502 -301.128 619.806
3503 -308.399 646.254
3504 -340.43 614.426
3505 -310.313 599.956
3506 -324.597 595.73
3507 -286.006 609.554
3508 -320.778 637.303
3509 -307.983 619.588
3510 -310.661 601.554
3511 -311.416 627.225
3512 -319.57 595.751
3513 -323.199 602.792
3514 -319.705 602.537
3515 -287.426 619.257
3516 -321.993 597.789
3517 -302.951 623.614
3518 -314.552 635.161
3519 -330.201 620.394
3520 -285.276 621.451
3521 -287.014 606.234
3522 -284.813 622.282
3523 -291.732 615.957
3524 -307.443 605.916
3525 -335.572 633.179
3526 -319.199 595.398
3527 -317.654 611.605
3528 -340.079 623.546
3529 -307.524 596.431
3530 -289.762 631.257
3531 -328.398 598.95
3532 -332.074 616.452
3533 -333.352 632.723
3534 -291.395 620.255
3535 -291.357 622.882
3536 -327.585 599.049
3537 -305.723 596.994
3538 -296.579 624.854
3539 -302.467 606.061
3540 -294.265 606.053
3541 -335.382 599.019
3542 -299.035 627.491
3543 -333.975 632.692
3544 -326.728 631.395
3545 -290.139 632.234
3546 -337.752 611.265
3547 -293.119 619.136
3548 -293.708 638.419
3549 -340.841 610.174
3550 -332.724 632.776
3551 -298.125 599.517
3552 -308.352 610.876
3553 -288.103 609.105
3554 -300.664 641.178
3555 -295.565 610.71
3556 -307.714 643.763
3557 -291.273 627.825
3558 -285.829 618.925
3559 -314.348 617.365
3560 -310.744 643.22
3561 -290.185 600.564
3562 -287.204 617.528
3563 -303.535 641.79
3564 -299.831 642.241
3565 -324.15 610.018
3566 -295.523 624.434
3567 -308.716 633.066
3568 -325.996 633.877
3569 -311.708 622.676
3570 -322.662 597.929
3571 -305.392 625.593
3572 -319.421 602.574
3573 -311.291 606.061
3574 -339.482 630.726
3575 -291.589 609.059
3576 -289.464 632.462
3577 -317.219 591.684
3578 -320.646 642.783
3579 -323.063 613.334
3580 -286.333 622.712
3581 -287.722 624.395
3582 -302.007 641.124
3583 -307.981 630.526
3584 -308.499 644.864
3585 -311.064 601.055
3586 -340.735 612.999
3587 -338.112 630.939
3588 -313.111 593.914
3589 -334.31 615.085
3590 -338.61 626.423
3591 -285.631 619.547
3592 -294.901 636.306
3593 -324.95 623.332
3594 -288.404 630.788
3595 -327.52 624.38
3596 -306.164 607.789
3597 -307.083 609.385
3598 -339.98 615.031
3599 -325.346 610.793
3600 -322.638 625.196
3601 -307.619 604.502
3602 -303.601 600.032
3603 -309.097 617.508
3604 -285.569 610.832
3605 -306.393 624.887
3606 -325.34 595.898
3607 -293.306 635.907
3608 -335.989 628.695
3609 -315.558 615.723
3610 -288.903 632.12
3611 -328.76 633.572
3612 -338.484 616.529
3613 -308.427 590.157
3614 -291.465 636.374
3615 -291.969 623.276
3616 -326.311 623.282
3617 -331.82 603.479
3618 -336.324 610.8
3619 -310.776 599.381
3620 -336.952 607.037
3621 -285.503 624.33
3622 -318.999 643.446
3623 -292.205 613.785
3624 -300.85 598.329
3625 -297.973 596.947
3626 -310.117 630.858
3627 -288.925 628.177
3628 -306.736 637.444
3629 -300.707 596.102
3630 -314.758 615.161
3631 -321.425 622.257
3632 -303.398 610.642
3633 -300.831 622.342
3634 -311.206 640.64
3635 -300.785 599.822
3636 -325.966 608.655
3637 -295.067 634.795
3638 -326.106 627.842
3639 -309.261 624.529
3640 -310.436 620.154
3641 -302.652 607.11
3642 -323.976 635.843
3643 -321.356 637.386
3644 -326.73 638.355
3645 -299.624 604.481
3646 -328.792 637.788
3647 -288.355 624.586
3648 -311.907 615.601
3649 -286.306 624.767
3650 -322.987 604.326
3651 -307.48 595.111
3652 -329.231 595.274
3653 -301.068 641.981
3654 -322.774 630.5
3655 -306.105 614.385
3656 -285.716 614.114
3657 -327.55 608.422
3658 -325.623 629.185
3659 -340.832 618.286
3660 -313.064 612.636
3661 -326.777 598.773
3662 -293.996 630.096
3663 -321.172 645.073
3664 -335.892 633.444
3665 -285.77 618.581
3666 -323.443 603.838
3667 -286.622 613.437
3668 -307.57 622.015
3669 -303.03 596.196
3670 -301.062 612.021
3671 -297.123 616.973
3672 -293.372 617.446
3673 -306.888 625.427
3674 -307.209 619.604
3675 -287.994 629.316
3676 -324.262 590.723
3677 -320.933 640.921
3678 -332.149 602.557
3679 -331.039 606.041
3680 -314.461 598.839
3681 -291.302 616.06
3682 -296.206 619.139
3683 -337.151 625.069
3684 -313.404 600.66
3685 -336.299 619.294
3686 -314.249 626.248
3687 -317.726 634.73
3688 -338.24 628.183
3689 -300.904 598.642
3690 -337.108 626.875
3691 -301.806 615.455
3692 -315.001 632.682
3693 -316.313 615.38
3694 -322.72 599.925
3695 -301.603 629.939
3696 -287.334 613.612
3697 -318.605 619.837
3698 -295.355 600.803
3699 -295.535 598.97
3700 -340.874 614.891
3701 -309.774 641.054
3702 -322.469 640.519
3703 -339.373 608.333
3704 -286.61 612.564
3705 -302.068 640.483
3706 -288.126 606.831
3707 -291.881 635.519
3708 -312.04 601.478
3709 -317.229 608.233
3710 -325.792 600.742
3711 -317.104 639.979
3712 -334.228 632.733
3713 -323.775 616.628
3714 -300.567 617.702
3715 -341.987 610.173
3716 -284.909 613.584
3717 -328.093 638.792
3718 -332.34 599.724
3719 -324.143 642.36
3720 -310.712 592.774
3721 -287.233 607.475
3722 -301.436 633.585
3723 -287.662 630.39
3724 -317.282 597.616
3725 -306.61 619.565
3726 -286.508 622.597
3727 -296.286 614.299
3728 -317.683 646.427
3729 -330.42 608.715
3730 -317.619 619.779
3731 -303.747 629.101
3732 -303.135 592.748
3733 -308.072 609.38
3734 -315.746 614.31
3735 -327.535 639.176
3736 -339.565 615.99
3737 -301.907 600.337
3738 -336.686 609.518
3739 -306.5 635.366
3740 -309.314 591.275
3741 -323.523 639.867
3742 -330.73 627.504
3743 -306.003 620.787
3744 -338.86 611.407
3745 -309.857 598.522
3746 -308.253 592.42
3747 -291.408 605.635
3748 -297.819 613.707
3749 -292.788 600.331
3750 -297.962 618.982
3751 -297.961 617.417
3752 -286.543 609.335
3753 -335.679 631.791
3754 -340.702 626.036
3755 -340.404 628.935
3756 -301.108 640.534
3757 -338.18 621.761
3758 -292.358 608.112
3759 -305.677 590.137
3760 -342.543 614.22
3761 -287.2 629.423
3762 -334.029 638.04
3763 -306.899 605.288
3764 -310.906 641.578
3765 -332.537 623.737
3766 -289.108 601.857
3767 -311.205 607.605
3768 -336.133 624.687
3769 -305.853 641.679
3770 -318.497 630.031
3771 -290.496 612.478
3772 -333.43 603.493
3773 -302.319 605.511
3774 -306.513 610.811
3775 -336.237 600.393
3776 -338.711 607.003
3777 -338.412 609.153
3778 -320.754 606.149
3779 -311.057 640.219
3780 -292.125 613.669
3781 -333.058 597.119
3782 -307.067 590.186
3783 -337.606 631.314
3784 -289.588 622.949
3785 -290.692 602.923
3786 -328.114 606.867
3787 -295.218 639.323
3788 -293.952 609.035
3789 -331.993 626.248
3790 -314.164 597.092
3791 -316.65 611.689
3792 -331.324 626.779
3793 -342.144 612.494
3794 -327.303 597.342
3795 -330.512 618.105
3796 -316.074 621.263
3797 -310.385 629.415
3798 -304.89 621.324
3799 -330.336 630.066
3800 -329.631 616.366
3801 -318.061 593.094
3802 -297.091 598.207
3803 -298.406 600.502
3804 -326.056 618.805
3805 -285.543 616.385
3806 -303.216 637.041
3807 -333.661 629.202
3808 -293.59 600.707
3809 -335.496 626.259
3810 -293.107 601.657
3811 -301.081 627.166
3812 -337.769 629.891
3813 -325.823 593.573
3814 -310.586 601.46
3815 -328.23 606.289
3816 -297.452 603.075
3817 -326.45 608.387
3818 -292.795 608.887
3819 -316.044 637.814
3820 -291.509 607.619
3821 -339.571 605.266
3822 -326.091 594.478
3823 -334.183 636.737
3824 -294.634 602.413
3825 -333.933 626.404
3826 -339.404 627.976
3827 -287.235 618.214
3828 -330.424 598.147
3829 -297.251 630.051
3830 -293.362 628.937
3831 -296.145 600.283
3832 -287.127 607.68
3833 -319.104 592.244
3834 -310.142 596.818
3835 -286.94 617.017
3836 -333.727 598.178
3837 -300.8 628.562
3838 -324.534 636.374
3839 -296.018 618.621
3840 -312.556 646.023
3841 -301.718 633.832
3842 -332.95 614.133
3843 -310.325 590.693
3844 -296.536 638.476
3845 -338.17 601.745
3846 -334.816 635.515
3847 -338.455 605.065
3848 -302.034 613.74
3849 -320.176 609.508
3850 -327.193 630.559
3851 -291.013 627.868
3852 -290.307 612.133
3853 -289.161 604.443
3854 -297.904 617.697
3855 -313.254 589.385
3856 -289.793 618.793
3857 -293.335 598.149
3858 -316.164 629.971
3859 -309.105 619.964
3860 -337.758 606.618
3861 -300.349 618.496
3862 -315.531 624.661
3863 -328.184 609.727
3864 -285.151 614.062
3865 -319.791 594.994
3866 -335.368 616.551
3867 -304.998 602.867
3868 -306.137 621.602
3869 -332.702 620.094
3870 -295.899 598.147
3871 -339.039 616.159
3872 -315.712 610.964
3873 -289.653 620.411
3874 -297.282 630.87
3875 -318.714 641.843
3876 -307.784 594.627
3877 -325.824 593.155
3878 -307.239 628.455
3879 -329.424 641.285
3880 -341.244 626.944
3881 -304.939 625.55
3882 -311.895 600.748
3883 -311.688 632.288
3884 -325.9 592.92
3885 -340.217 608.656
3886 -336.872 623.374
3887 -318.183 635.737
3888 -291.482 625.792
3889 -293.803 605.537
3890 -290.781 627.836
3891 -326.977 633.892
3892 -328.794 617.554
3893 -293.404 616.965
3894 -322.785 631.89
3895 -335.428 621.348
3896 -338.587 602.841
3897 -302.06 597.278
3898 -291.534 606.205
3899 -332.69 603.336
3900 -319.1 613.929
3901 -316.908 591.32
3902 -292.435 606.467
3903 -311.265 637.183
3904 -336.381 609.729
3905 -298.986 635.194
3906 -327.071 612.794
3907 -303.705 604.53
3908 -305.51 624.335
3909 -337.599 620.513
3910 -321.32 611.679
3911 -312.751 594.106
3912 -318.933 637.195
3913 -290.712 620.142
3914 -303.084 592.186
3915 -291.38 603.112
3916 -336.425 630.87
3917 -314.325 617.61
3918 -318.436 621.827
3919 -285.948 620.207
3920 -291.416 611.903
3921 -316.719 636.593
3922 -290.444 625.209
3923 -325.211 634.118
3924 -341.76 610.468
3925 -298.172 609.693
3926 -308.31 622.842
3927 -339.591 606.991
3928 -286.091 614.319
3929 -326.864 593.276
3930 -286.349 627.311
3931 -323.469 598.512
3932 -297.125 594.461
3933 -326.681 592.749
3934 -293.674 623.475
3935 -332.502 612.743
3936 -315.11 631.932
3937 -315.732 609.559
3938 -306.442 618.785
3939 -326.542 632.679
3940 -293.658 616.245
3941 -300.59 602.794
3942 -328.619 634.72
3943 -294.865 601.477
3944 -294.034 610.735
3945 -341.551 619.974
3946 -326.979 624.678
3947 -299.078 627.712
3948 -339.935 612.43
3949 -293.829 611.285
3950 -333.977 615.098
3951 -321.853 620.953
3952 -312.07 601.671
3953 -341.444 621.484
3954 -286.4 613.184
3955 -315.798 636.266
3956 -309.738 612.58
3957 -305.338 605.142
3958 -300.379 610.085
3959 -334.136 602.247
3960 -293.297 598.639
3961 -320.553 629.993
3962 -302.456 599.395
3963 -332.426 632.498
3964 -336.147 614.245
3965 -299.897 637.692
3966 -334.972 634.208
3967 -308.908 618.598
3968 -300.259 637.657
3969 -323.539 631.339
3970 -313.002 592.411
3971 -322.254 630.004
3972 -306.025 632.632
3973 -320.892 596.445
3974 -321.938 622.925
3975 -321.164 636.892
3976 -286.333 621.443
3977 -338.479 610.195
3978 -289.385 627.793
3979 -307.469 641.693
3980 -336.268 630.769
3981 -329.577 603.104
3982 -304.944 600.76
3983 -325 617.359
3984 -333.688 613.962
3985 -325.225 606.013
3986 -315.486 623.602
3987 -289.181 630.886
3988 -310.923 631.669
3989 -335.986 603.136
3990 -321.475 611.573
3991 -287.419 609.163
3992 -293.798 600.221
3993 -295.503 638.512
3994 -302.051 590.836
3995 -322.336 607.862
3996 -296.758 619.312
3997 -319.812 593.565
3998 -285.375 614.013
3999 -319.529 590.891
4000 -310.171 641.051
4001 -315.255 621.023
4002 -338.604 614.746
4003 -338.325 615.953
4004 -317.719 635.688
4005 -294.848 628.475
4006 -285.318 610.561
4007 -322.805 629.835
4008 -308.785 592.405
4009 -324.376 640.566
4010 -326.246 606.856
4011 -284.738 612.871
4012 -287.4 605.794
4013 -287.442 630.066
