%%index real_part   imaginary_part
2922 2922 2922
1 -2.036 -10.709
2 11.489 -8.195
3 -2.969 -9.809
4 0.841 1.967
5 -10.985 8.686
6 10.79 -2.475
7 -4.818 -6.787
8 9.027 -11.323
9 11.004 0.383
10 -10.913 -2.491
11 -6.27 -4.276
12 12.515 12.356
13 -11.078 0.626
14 -2.071 8.207
15 11.032 12.74
16 10.319 10.633
17 18.983 0.37
18 -8.57 1.324
19 2.4 -0.546
20 9.819 -4.484
21 3.536 -0.635
22 17.266 9.02
23 -10.676 -0.17
24 17.371 12.829
25 -8.243 0.908
26 8.766 -7.578
27 -8.25 -0.351
28 9.914 16.506
29 -11.224 2.541
30 0.529 6.947
31 14.435 5.709
32 -5.11 -4.621
33 11.842 8.409
34 -7.659 7.838
35 9.999 9.546
36 8.912 -2.78
37 -2.01 12.813
38 14.902 0.095
39 5.777 -12.604
40 10.997 -6.433
41 18.793 0.739
42 13.695 10.929
43 -9.126 3.738
44 -7.378 7.714
45 -11.266 5.817
46 14.518 -6.995
47 4.851 -3.32
48 -8.004 6.17
49 10.484 8.789
50 9.396 15.357
51 -2.396 11.452
52 3.866 -6.736
53 17.571 11.785
54 17.141 -5.494
55 -8.24 -3.301
56 -8.449 2.061
57 13.769 2.046
58 -8.967 5.551
59 -9.926 10.029
60 8.695 11.057
61 17.536 -1.817
62 2.858 13.801
63 9.035 3.222
64 17.441 9.957
65 -7.728 5.211
66 6.44 5.302
67 11.644 -6.325
68 1.383 1.932
69 -7.392 6.343
70 -0.727 -6.842
71 -0.415 3.786
72 -6.416 -5.556
73 -8.823 12.435
74 3.302 6.818
75 14.595 7.842
76 5.391 -7.588
77 8.035 5.884
78 -5.891 12.064
79 14.362 2.292
80 -0.092 -1.82
81 -3.892 4.043
82 -5.808 5.5
83 -1.172 -7.838
84 13.152 -5.215
85 -5.865 3.109
86 -6.664 3.658
87 -7.874 12.992
88 -8.491 -4.103
89 5.581 -4.899
90 18.203 8.684
91 18.29 -5.807
92 -8.808 -6.091
93 18.306 7.025
94 -8.894 9.536
95 -4.218 -0.308
96 -7.508 7.688
97 15.094 12.017
98 11.205 -6.514
99 6.772 6.42
100 14.55 -9.799
101 1.097 -11.019
102 7.352 6.161
103 -9.251 9.199
104 13.416 -6.393
105 -1.995 14.291
106 -2.985 5.206
107 13.014 6.173
108 -3.955 5.903
109 -1.283 10.25
110 14.344 14.097
111 -6.696 -2.9
112 10.71 -5.112
113 -5.917 3.445
114 -1.75 -0.852
115 19.805 2.83
116 1.811 -9.515
117 -2.187 3.675
118 15.021 -1.996
119 7.946 17.017
120 4.749 -12.204
121 -3.075 9.783
122 -2.821 14.806
123 -10.203 -1.903
124 -0.592 0.562
125 5.368 7.878
126 16.433 -1.947
127 5.307 4.519
128 -6.285 11.233
129 -6.563 1.889
130 -10.524 7.874
131 18.112 9.011
132 -10.704 5.699
133 -9.752 6.972
134 6.647 16.723
135 19.102 7.494
136 9.162 -1.645
137 19.622 0.697
138 -7.182 10.737
139 -11.144 -0.867
140 3.283 -0.465
141 12.691 6.869
142 18.575 -6.107
143 8.713 13.224
144 -3.497 12.112
145 3.867 12.453
146 11.81 -5.858
147 13.816 -8.348
148 12.18 0.453
149 -4.759 -7.024
150 -0.881 17.171
151 -6.888 10.333
152 -1.432 0.949
153 13.057 -2.806
154 2.137 -12.664
155 14.596 -4.73
156 16.032 4.78
157 -9.554 -2.995
158 10.471 -0.926
159 8.757 -10.642
160 14.902 15.322
161 18.086 -4.992
162 7.976 -13.145
163 13.523 4.481
164 16.711 6.506
165 11.261 -11.949
166 -3.858 13.954
167 -9.995 10.344
168 6.53 -1.698
169 -9.61 -1.054
170 12.553 -3.001
171 -2.605 0.908
172 -4.911 6.12
173 -2.643 10.415
174 10.481 15.332
175 2.514 4.561
176 13.517 10.44
177 -10.457 9.254
178 0.445 3.597
179 -0.223 -8.726
180 -6.479 -3.851
181 -2.754 -5.196
182 6.183 13.25
183 -2.022 8.874
184 15.618 -0.536
185 -11.329 2.045
186 -9.883 6.992
187 -5.081 -4.813
188 -9.402 -5.607
189 -9.142 7.31
190 4.16 14.535
191 -10.222 6.617
192 4.601 15.456
193 19.81 7.382
194 9.83 -4.345
195 9.288 -9.368
196 4.733 3.414
197 14.337 9.74
198 18.812 8.255
199 -9.182 -1.744
200 1.455 0.768
201 11.478 -9.566
202 4.491 6.731
203 17.627 11.027
204 0.065 -1.077
205 -0.665 8.636
206 20.289 4.05
207 15.641 6.794
208 9.509 -4.411
209 17.859 4.131
210 -7.066 -3.682
211 2.519 -7.543
212 -2.968 1.767
213 16.974 -6.007
214 5.309 5.245
215 15.366 -3.979
216 3.766 -6.028
217 18.574 6.648
218 -7.189 3.521
219 17.555 5.682
220 12.573 -9.053
221 9.004 -6.623
222 13.653 7.099
223 -6.429 -6.061
224 10.357 3.324
225 16.785 2.292
226 -4.119 -5.542
227 2.163 5.736
228 -5.331 15.117
229 12.737 -7.841
230 10.179 7.894
231 0.143 7.839
232 -8.552 9.304
233 18.661 4.851
234 17.461 7.642
235 -7.808 7.895
236 13.716 -5.371
237 -2.273 12.624
238 3.338 1.422
239 8.669 6.949
240 18.424 5.746
241 19.814 4.025
242 10.186 -4.062
243 8.925 -9.679
244 8.166 6.226
245 16.47 -0.761
246 -11.218 6.866
247 16.292 10.648
248 -5.919 -4.614
249 14.517 -6.146
250 10.856 -7.539
251 12.702 7.905
252 9.476 -3.149
253 1.168 0.433
254 8.455 14.153
255 13.445 14.594
256 -5.693 4.932
257 -1.687 -4.107
258 6.175 2.835
259 11.071 -4.559
260 18.75 7.976
261 9.177 11.849
262 9.843 -11.193
263 2.698 -3.141
264 19.863 3.773
265 -10.342 1.038
266 14.062 10.553
267 -0.057 11.516
268 -3.034 15.578
269 18.584 3.355
270 10.603 14.846
271 17.851 7.468
272 1.101 13.775
273 8.317 9.973
274 9.4 -3.326
275 16.187 13.452
276 5.532 -0.95
277 -10.955 5.323
278 8.72 9.003
279 13.353 5.768
280 -8.21 7.708
281 16.476 4.066
282 -4.057 -9.823
283 16.101 10.653
284 5.854 14.529
285 18.479 -3.885
286 19.899 7.254
287 0.824 -10.345
288 18.444 11.481
289 1.746 17.928
290 -8.46 4.772
291 10.244 10.354
292 -7.901 8.067
293 -7.585 0.284
294 -3.327 -5.578
295 3.839 7.486
296 6.865 15.684
297 7.393 -1.976
298 6.911 -9.931
299 3.306 10.737
300 20.364 2.832
301 15.601 -1.303
302 -1.715 16.999
303 -1.63 4.048
304 7.331 0.868
305 -11.195 0.582
306 0.635 10.125
307 14.523 10.545
308 16.545 3.348
309 -3.457 7.586
310 -6.688 12.643
311 -5.569 12.381
312 -11.274 3.135
313 20.157 7.142
314 -4.41 -7.774
315 14.009 9.98
316 -10.222 -1.162
317 1.853 -10.777
318 6.529 15.1
319 4.368 4.537
320 -3.162 -3.3
321 -6.393 10.381
322 -8.231 -4.634
323 4.335 2.717
324 -4.462 9.163
325 18.081 -1.369
326 4.579 -1.55
327 2.881 -6.015
328 -2.928 -2.851
329 -3.267 -6.051
330 2.774 17.953
331 1.192 -6.705
332 -4.542 -1.453
333 17.026 -4.723
334 -1.152 -10.659
335 -4.87 -3.479
336 0.832 -9.045
337 17.098 -5.506
338 6.34 11.784
339 -6.886 8.633
340 -10.195 2.052
341 13.797 -8.02
342 10.504 8.436
343 -8.532 7.739
344 0.895 3.379
345 -3.741 12.068
346 17.211 -0.394
347 11.537 -1.422
348 -11.304 -0.822
349 4.6 15.238
350 -8.7 1.033
351 -3.462 16.176
352 4.71 11.69
353 13.636 -1.698
354 4.784 -3.785
355 8.36 4.212
356 18.136 4.953
357 2.262 15.324
358 2.932 16.914
359 2.812 -11.022
360 -1.495 6.537
361 11.315 9.49
362 4.461 9.904
363 -8.695 10.4
364 16.7 13.078
365 -10.395 2.579
366 5.594 17.236
367 2.407 -6.198
368 -2.809 11.435
369 6.188 5.088
370 15.1 0.856
371 14.987 -4.143
372 7.446 -10.966
373 7.524 -8.201
374 -0.231 14.06
375 18.913 -0.486
376 9.211 3.739
377 9.746 14.285
378 5.345 -9.131
379 16.84 12.503
380 0.643 -6.968
381 13.042 10.159
382 7.142 11.313
383 -2.997 -4.62
384 1.089 9.766
385 -3.354 5.664
386 7.029 11.191
387 4.422 9.639
388 16.009 -9.066
389 14.313 8.483
390 -5.964 11.643
391 7.145 5.384
392 -5.812 -7.231
393 -5.403 13.08
394 17.557 -2.792
395 15.141 8.99
396 -6.877 -4.014
397 6.147 8.806
398 19.842 3.287
399 6.26 15.203
400 -7.023 -3.783
401 0.832 9.074
402 13.979 -2.729
403 -0.488 14.753
404 19.641 5.771
405 -2.455 3.058
406 16.552 13.092
407 3.134 5.395
408 12.925 -5.889
409 15.908 8.357
410 20.4 3.491
411 -0.644 0.202
412 1.468 -6.563
413 12.343 -3.829
414 1.865 13.191
415 -1.384 17.134
416 -6.285 13.59
417 10.557 -7.922
418 13.583 10.004
419 11.557 -9.382
420 5.238 -9.973
421 -10.724 7.961
422 7.26 -7.434
423 9.617 14.142
424 13.162 2.035
425 7.206 11.807
426 5.188 17.176
427 3.57 -3.324
428 1.988 -0.091
429 0.073 -9.521
430 4.753 7.019
431 -10.384 7.784
432 18.42 -2.755
433 0.855 3.547
434 -7.19 13.239
435 3.199 9.856
436 2.279 12.793
437 -6.19 -3.733
438 5.806 -6.154
439 -5.73 9.276
440 -3.527 -2.617
441 1.567 -10.255
442 14.435 0.479
443 17.276 11.914
444 6.542 12.861
445 0.81 -9.192
446 -11.184 4.725
447 4.206 -7.961
448 18.23 7.94
449 7.279 -9.535
450 4.556 -5.089
451 -3.941 8.989
452 -4.23 -8.733
453 1.036 -2.961
454 3.549 8.658
455 10.885 8.161
456 5.734 4.641
457 2.887 -2.19
458 1.611 10.013
459 -8.142 -3.007
460 -5.702 15.036
461 -8.845 8.762
462 0.478 -5.466
463 13.235 12.033
464 2.104 -3.797
465 -7.019 5.599
466 3.204 -6.959
467 -1.113 9.905
468 14.266 10.429
469 7.135 5.326
470 5.137 -6.934
471 -9.609 6.825
472 7.19 -10.44
473 15.849 11.48
474 18.848 6.15
475 7.646 -9.673
476 -1.495 2.136
477 0.539 -5.157
478 -9.82 9.482
479 15.946 8.53
480 -9.45 -4.834
481 16.228 -4.814
482 3.704 -3.878
483 -5.54 13.014
484 1.486 1.437
485 14.287 -9.471
486 8.369 16.104
487 2.572 -3.265
488 -10.124 -2.723
489 3.374 11.587
490 1.991 13.08
491 -6.877 -2.159
492 18.872 -3.291
493 4.649 -6.108
494 2.777 -4.795
495 -1.718 17.773
496 -8.691 -2.74
497 10.569 5.483
498 4.659 16.696
499 -2.507 17.142
500 10.113 14.698
501 1.296 0.406
502 18.588 7.822
503 4.02 -6.341
504 19.288 5.232
505 -8.917 7.596
506 -3.776 1.019
507 7.343 11.877
508 -0.746 16.054
509 -9.901 -3.303
510 16.573 5.982
511 -7.889 -2.122
512 -10.913 -1.173
513 -8.237 5.973
514 14.609 0.131
515 -9.267 7.891
516 3.51 7.059
517 -11.113 -1.426
518 10.706 5.78
519 12.599 1.062
520 -2.743 4.91
521 -3.74 8.237
522 6.738 -0.79
523 16.719 -2.916
524 0.853 -9.795
525 11.908 12.163
526 -2.138 7.017
527 12.689 3.789
528 4.425 14.98
529 13.812 5.88
530 0.509 -1.397
531 13.218 10.256
532 -4.149 8.49
533 -11.132 7.831
534 11.77 -5.553
535 13.352 -2.733
536 5.941 12.809
537 2.902 13.435
538 4.556 -2.993
539 1.346 12.299
540 10.518 4.428
541 4.968 2.533
542 3.042 -13.011
543 -10.575 -3.754
544 0.683 -8.407
545 19.449 6.599
546 17.893 6.911
547 10.06 -1.6
548 7.526 -2.719
549 -8.808 1.306
550 12.764 14.292
551 8.359 10.691
552 -10.801 1.012
553 2.869 8.767
554 12.046 -1.441
555 4.766 15.817
556 -3.93 -8.248
557 -8.23 -0.078
558 -2.529 14.169
559 0.392 -8.433
560 20.506 5.578
561 -10.516 3.202
562 19.901 7.181
563 -3.193 -8.773
564 9.082 13.104
565 -5.493 14.493
566 2.256 -1.807
567 0.628 0.314
568 9.867 -8.034
569 -5.778 -6.168
570 13.745 11.21
571 -1.867 0.394
572 17.541 7.448
573 11.76 11.976
574 -6.454 2.247
575 -5.18 11.92
576 3.789 -9.301
577 8.704 4.588
578 -8.326 0.123
579 14.626 -2.687
580 3.945 14.066
581 11.624 -11.188
582 -9.994 4.472
583 6.586 -13.12
584 6.191 9.354
585 9.096 -9.158
586 4.114 -10.512
587 20.078 5.544
588 16.222 -7.465
589 -10.15 4.084
590 17.8 -0.893
591 0.906 9.342
592 14.64 -9.374
593 -5.136 -4.999
594 11.774 7.751
595 -5.888 10.496
596 -1.403 11.763
597 15.502 4.941
598 -9.253 0.499
599 -9.355 -5.53
600 17.088 1.78
601 4.643 3.111
602 14.584 0.565
603 -5.007 8.769
604 -6.731 11.558
605 7.258 -0.025
606 -6.854 0.595
607 -9.878 4.068
608 10.398 7.379
609 9.044 -7.623
610 12.23 2.706
611 9.526 -9.544
612 15.793 0.345
613 6.15 -11.7
614 9.765 16.43
615 7.599 -4.479
616 5.335 -9.203
617 -2.516 -1.174
618 3.937 -5.852
619 4.716 -3.011
620 5.387 -11.022
621 7.257 -5.383
622 -5.358 3.176
623 7.508 -11.795
624 17.38 -7.036
625 10.03 -1.16
626 17.237 2.869
627 10.615 0.076
628 -10.759 -1.353
629 -11.198 2.473
630 2.942 13.728
631 -2.549 14.92
632 -8.381 10.662
633 1.621 1.626
634 1.657 1.941
635 15.99 11.472
636 17.135 6.304
637 18.45 11.105
638 -10.725 3.613
639 -2.877 13.419
640 -9.362 8.237
641 -9.424 -1.551
642 10.722 -5.623
643 -3.123 -8.303
644 1.537 7.779
645 11.657 -7.938
646 -8.567 5.871
647 -3.605 6.298
648 19.25 4.952
649 -5.667 -1.987
650 10.002 -5.591
651 -7.918 -1.901
652 -10.361 -1.84
653 1.916 3.587
654 0.81 11.339
655 14.628 4.654
656 -3.375 -7.042
657 3.37 9.647
658 13.197 -2.924
659 3.008 11.713
660 17.394 7.587
661 -11.192 2.677
662 10.511 4.069
663 19.2 6.149
664 11.208 16.833
665 -2.728 -2.988
666 9.914 -1.558
667 -4.268 14.474
668 -4.015 5.975
669 10.762 12.481
670 13.532 5.544
671 -0.124 5.467
672 -0.7 2.312
673 -3.278 -3.898
674 -0.767 7.285
675 5.264 6.56
676 14.995 4.702
677 14.734 6.161
678 3.768 18.13
679 4.572 7.904
680 -1.395 -3.597
681 11.453 -2.41
682 -0.779 13.47
683 16.298 -3.192
684 12.795 -6.863
685 -10.893 6.927
686 -2.898 8.374
687 8.532 -6.964
688 16.067 -5.497
689 -10.884 6.251
690 11.786 8.273
691 5.629 4.861
692 -4.845 5.085
693 15.968 12.108
694 -7.92 2.794
695 10.638 7.919
696 9.939 5.708
697 7.508 5.053
698 7.558 -3.193
699 9.988 -1.425
700 6.997 -1.821
701 14.071 11.991
702 -8.931 7.984
703 -9.228 10.138
704 10.164 16.177
705 16.684 -1.781
706 17.435 0.405
707 18.564 1.551
708 -5.743 10.658
709 -4.708 4.993
710 -4.367 9.777
711 8.407 16.978
712 17.64 9.375
713 6.264 -2.733
714 8.314 -6.935
715 9.907 0.746
716 -6.481 -8.981
717 -5.73 5.073
718 16.5 1.087
719 4.643 16.61
720 -6.567 10.092
721 15.338 6.689
722 0.987 -6.344
723 -1.516 -0.439
724 2.333 8.079
725 12.284 -9.067
726 -10.852 0.847
727 18.76 8.29
728 18.944 0.325
729 2.273 -9.396
730 17.206 -0.558
731 -9.517 -2.265
732 -1.597 -10.154
733 246.179 222.832
734 269.868 212.906
735 262.392 200.255
736 266.524 201.054
737 242.949 207.869
738 242.976 213.806
739 264.088 224.88
740 241.77 214.531
741 269.591 217.479
742 270.866 212.926
743 247.126 207.764
744 255.336 210.841
745 266.858 211.315
746 249.343 217.529
747 266.326 217.732
748 251.649 215.544
749 250.742 215.993
750 252.608 205.497
751 244.6 221.601
752 247.855 212.26
753 245.55 222.974
754 265.165 198.979
755 257.745 214.64
756 243.88 209.994
757 242.809 211.682
758 265.224 225.634
759 246.864 224.272
760 246.549 204.898
761 270.038 205.328
762 260.884 214.79
763 253.154 205.802
764 251.05 225.48
765 269.101 212.861
766 270.572 213.541
767 267.562 224.927
768 261.834 217.202
769 253.967 198.653
770 253.68 216.14
771 244.624 204.203
772 251.057 222.252
773 243.292 218.961
774 267.44 209.746
775 245.348 219.607
776 249.862 218.598
777 268.691 219.377
778 270.21 220.466
779 256.336 213.849
780 269.668 216.588
781 261.398 218.394
782 253.612 201.888
783 252.891 217.462
784 269.184 205.918
785 269.013 206.345
786 258.633 219.05
787 258.16 226.841
788 255.312 220.093
789 256.686 221.164
790 243.057 211.946
791 253.077 205.037
792 262.584 209.25
793 272.458 214.213
794 261.774 223.981
795 253.502 210.669
796 247.765 203.264
797 268.216 209.084
798 257.952 207.972
799 264.087 216.422
800 258.461 211.811
801 265.178 204.069
802 250.879 204.193
803 271.038 205.883
804 267.162 223.11
805 254.847 201.99
806 264.245 203.052
807 257.099 210.725
808 257.67 211.302
809 251.734 213.545
810 267.789 200.682
811 264.442 217.692
812 243.488 218.727
813 266.133 226.706
814 244.825 210.666
815 246.048 206.097
816 260.794 204.761
817 264.655 207.736
818 273.264 213.016
819 255.758 224.703
820 258.344 208.268
821 268.823 218.6
822 247.979 202.462
823 245.056 207.939
824 270.468 209.232
825 267.685 204.512
826 258.687 218.048
827 250.682 218.973
828 253.483 222.731
829 256.928 224.426
830 245.278 212.62
831 247.842 217.693
832 248.387 219.99
833 246.754 202.984
834 267.759 211.521
835 258.471 211.293
836 254.914 221.416
837 245.774 204.436
838 243.738 212.073
839 269.753 203.137
840 258.21 214.105
841 253.74 224.477
842 260.313 220.537
843 251.311 206.46
844 262.107 196.754
845 242.746 212.254
846 267.475 217.074
847 241.954 216.835
848 244.281 220.8
849 270.718 220.286
850 249.606 223.208
851 248.828 215.995
852 257.481 219.053
853 248.196 208.283
854 261.369 222.395
855 260.504 220.759
856 261.356 222.49
857 256.475 218.498
858 262.432 216.139
859 249.088 224.676
860 264.032 212.865
861 256.367 205.269
862 264.149 214.858
863 249.482 208.355
864 243.135 206.932
865 243.631 213.446
866 271.578 218.198
867 249.944 203.853
868 265.435 225.717
869 262.723 226.512
870 269.704 210.905
871 247.676 210.288
872 256.724 196.756
873 267.595 206.385
874 266.932 220.903
875 251.857 224.869
876 256.656 223.735
877 271.34 218.18
878 243.398 218.506
879 248.232 203.572
880 251.602 224.178
881 248.237 220.759
882 261.382 225.124
883 272.37 217.191
884 253.436 227.221
885 244.842 210.284
886 247.515 212.649
887 272.216 219.082
888 265.172 201.071
889 242.491 208.049
890 268.655 221.504
891 271.725 215.331
892 268.806 221.634
893 267.787 201.459
894 248.147 209.01
895 267.392 203.348
896 244.86 214.444
897 271.518 209.996
898 263.599 202.529
899 248.989 203.266
900 253.189 203.897
901 255.002 201.161
902 260.609 225.209
903 270.501 214.309
904 259.043 207.598
905 257.806 199.346
906 273.162 217.122
907 258.528 203.689
908 273 212.094
909 247.069 221.786
910 249.202 214.133
911 266.512 211.444
912 268.38 202.316
913 252.764 218.984
914 247.312 204.109
915 248.582 225.996
916 248.511 199.968
917 254.953 203.224
918 265.469 219.432
919 245.192 212.543
920 253.006 197.153
921 241.943 217.268
922 273.241 216.25
923 268.61 211.307
924 244.748 220.104
925 271.144 218.632
926 259.566 197.133
927 245.844 215.003
928 254.309 210.956
929 249.391 204.195
930 252.601 222.949
931 252.595 212.626
932 264.615 210.38
933 262.487 211.355
934 241.58 208.804
935 245.939 212.862
936 242.671 208.54
937 250.854 212.396
938 253.279 224.14
939 260.971 209.552
940 261.12 216.738
941 251.927 215.054
942 254.352 203.266
943 260.93 225.894
944 260.927 206.634
945 248.628 206.916
946 250.724 207.115
947 259.218 222.074
948 254.726 219.69
949 243.996 206.846
950 255.197 209.326
951 266.381 199.688
952 265.05 209.145
953 270.369 220.805
954 268.763 206.492
955 268.271 219.711
956 255.796 202.642
957 243.87 209.475
958 269.12 219.954
959 256.833 226.907
960 260.193 207.04
961 253.899 224.799
962 252.617 211.387
963 260.019 211.183
964 271.382 215.367
965 269.407 203.738
966 273.339 217.421
967 243.236 211.308
968 262.394 209.36
969 264.666 222.095
970 269.875 210.68
971 249.687 224.357
972 259.032 218.296
973 260.921 222.359
974 261.904 204.465
975 255.555 225.065
976 266.952 222.071
977 241.927 208.861
978 245.965 209.389
979 253.179 199.493
980 246.851 204.939
981 262.491 197.9
982 257.505 217.655
983 252.561 202.595
984 268.73 208.871
985 269.299 212.281
986 253.048 197.854
987 247.301 217.564
988 249.791 225.855
989 257.026 227.687
990 261.191 205.955
991 243.601 209.011
992 266.527 210.1
993 255.39 213.4
994 272.67 209.703
995 261.799 226.801
996 269.91 213.149
997 250.932 219.451
998 270.363 211.495
999 252.301 202.493
1000 250.164 219.292
1001 262.747 211.03
1002 257.894 226.674
1003 262.376 216.942
1004 251.884 204.061
1005 268.761 201.74
1006 251.833 212.697
1007 251.516 202.444
1008 261.938 206.272
1009 258.844 198.33
1010 248.163 202.001
1011 270.123 210.733
1012 250.51 210.759
1013 261.197 223.263
1014 256.861 211.602
1015 244.223 206.743
1016 265.05 224.288
1017 244.093 211.448
1018 246.77 213.541
1019 268.093 206.791
1020 265.615 206.198
1021 246.528 210.352
1022 266.408 200.101
1023 263.72 208.484
1024 247.635 209.064
1025 246.958 209.672
1026 243.737 218.562
1027 265.806 223.732
1028 261.118 222.329
1029 246.823 219.841
1030 261.271 215.211
1031 258.849 213.505
1032 261.012 219.423
1033 253.671 200.857
1034 249.099 219.589
1035 273.252 209.752
1036 256.039 223.552
1037 249.166 210.461
1038 269.791 211.136
1039 250.89 224.095
1040 257.262 213.616
1041 262.927 224.796
1042 243.608 219.976
1043 260.187 207.217
1044 248.27 209.898
1045 250.814 207.866
1046 261.992 207.615
1047 256.88 215.016
1048 242.192 215.71
1049 261.696 205.821
1050 257.723 228.47
1051 261.156 224.299
1052 247.483 210.734
1053 267.292 204.504
1054 243.377 207.141
1055 269.963 215.737
1056 269.46 222.594
1057 258.137 219.486
1058 271.705 212.308
1059 261.865 215.987
1060 270.169 214.374
1061 269.254 218.49
1062 267.001 213.908
1063 244.2 213.327
1064 260.277 215.01
1065 241.85 209.805
1066 269.988 214.956
1067 271.479 215.476
1068 246.995 224.502
1069 272.674 210.248
1070 257.997 200.737
1071 260.609 196.974
1072 251.385 209.427
1073 265.54 198.915
1074 252.12 214.422
1075 265.289 204.577
1076 252.619 214.993
1077 261.925 222.674
1078 241.667 213.96
1079 244.897 203.699
1080 255.697 211.852
1081 265.362 221.612
1082 248.326 204.135
1083 263.764 220.697
1084 246.034 204.831
1085 250.109 200.418
1086 256.939 205.665
1087 257.657 204.453
1088 251.97 213.891
1089 251.2 219.371
1090 273.369 212.098
1091 254.723 206.952
1092 255.254 219.424
1093 244.835 211.474
1094 262.325 220.176
1095 255.631 228.534
1096 261.667 221.728
1097 264.761 220.526
1098 254.209 214.656
1099 265.157 206.375
1100 259.874 224.829
1101 260.831 200.622
1102 247.383 202.942
1103 267.406 206.302
1104 263.322 202.692
1105 265.829 216.309
1106 259.744 211.198
1107 261.326 221.044
1108 244.124 202.992
1109 271.534 207.368
1110 266.541 211.046
1111 262.531 221.764
1112 266.327 205.44
1113 268.387 218.018
1114 272.139 206.4
1115 252.001 226.41
1116 270.175 208.954
1117 267.405 205.668
1118 248.759 215.637
1119 247.836 216.217
1120 270.481 213.24
1121 259.422 207.432
1122 248.114 220.772
1123 266.766 212.28
1124 259.257 218.042
1125 254.683 209.472
1126 250.939 224.914
1127 261.222 219.653
1128 267.564 215.612
1129 267.336 215.941
1130 249.546 222.692
1131 249.417 203.423
1132 252.069 217.742
1133 263.769 199.233
1134 261.211 207.128
1135 257.469 225.529
1136 248.773 213.413
1137 269.978 201.951
1138 255.597 218.388
1139 253.566 220.763
1140 259.712 214.046
1141 253.768 198.567
1142 267.624 217.117
1143 262.079 203.953
1144 242.877 208.515
1145 253.73 208.85
1146 267.876 218.796
1147 242.216 216.259
1148 263.896 202.901
1149 251.072 204.46
1150 248.291 223.533
1151 250.889 218.534
1152 246.031 221.272
1153 246.694 214.049
1154 251.11 222.228
1155 247.612 219.107
1156 269.977 208.619
1157 260.986 216.193
1158 242.022 217.924
1159 272.316 218.108
1160 260.782 210.659
1161 256.741 216.006
1162 266.54 200.864
1163 267.906 215.302
1164 272.226 219.029
1165 244.995 208.972
1166 270.485 221.209
1167 263.716 223.327
1168 255.319 200.645
1169 257.835 226.874
1170 254.244 211.927
1171 241.818 214.785
1172 245.662 208.908
1173 263.573 224.111
1174 252.526 199.572
1175 252.027 218.928
1176 246.649 215.379
1177 270.773 207.669
1178 261.92 210.193
1179 246.469 201.522
1180 273.415 215.645
1181 254.436 203.386
1182 250.236 207.308
1183 268.397 204.297
1184 272.032 214.376
1185 269.993 214.926
1186 262.711 227.256
1187 245.395 204.777
1188 255.295 206.224
1189 267.632 219.091
1190 256.343 215.069
1191 259.532 223.244
1192 246.864 203.359
1193 261.335 225.282
1194 246.42 210.944
1195 260.929 224.494
1196 249.748 199.632
1197 250.939 214.721
1198 271.019 211.41
1199 259.219 207.965
1200 261.11 200.548
1201 270.843 215.235
1202 264.929 220.896
1203 248.326 207.739
1204 246.883 220.099
1205 248.512 207.791
1206 260.146 223.298
1207 252.967 222.313
1208 259.609 204.292
1209 250.219 223.467
1210 255.486 198.663
1211 262.938 202.221
1212 273.299 208.302
1213 273.354 214.735
1214 257.427 224.259
1215 246.825 203.076
1216 242.206 207.643
1217 270.176 205.25
1218 250.004 220.815
1219 265.109 214.078
1220 250.599 205.685
1221 255.564 210.623
1222 265.388 211.709
1223 268.864 216.435
1224 272.568 205.95
1225 250.103 197.798
1226 260.959 208.356
1227 249.107 214.22
1228 256.573 198.134
1229 263.01 216.662
1230 250.369 201.271
1231 252.431 217.243
1232 267.085 221.473
1233 254.506 199.956
1234 270.822 206.358
1235 268.659 211.175
1236 267.822 205.586
1237 263.007 216.623
1238 270.159 219.871
1239 254.554 198.166
1240 269.359 216.954
1241 260.759 203.077
1242 261.582 223.536
1243 243.173 208.551
1244 244.194 219.723
1245 265.188 210.932
1246 271.355 217.668
1247 265.357 201.051
1248 266.585 215.81
1249 272.677 214.318
1250 270.898 218.245
1251 255.623 204.008
1252 264.454 223.932
1253 244.131 219.086
1254 258.716 212.358
1255 256.288 214.183
1256 271.742 215.882
1257 259.383 222.423
1258 263.592 207.873
1259 262.315 224.088
1260 268.434 209.317
1261 241.523 216.969
1262 250.021 225.508
1263 264.803 215.925
1264 258.868 224.709
1265 269.544 205.843
1266 246.568 206.127
1267 262.124 212.756
1268 241.562 210.666
1269 268.985 214.397
1270 264.043 217.592
1271 256.068 220.783
1272 259.509 209.476
1273 271.456 215.582
1274 268.686 221.372
1275 255.655 221.112
1276 262.225 216.482
1277 249.97 209.057
1278 257.969 200.665
1279 254.491 226.143
1280 244.933 217.664
1281 249.251 198.971
1282 266.005 214.837
1283 255.662 224.717
1284 268.052 201.458
1285 267.264 213.244
1286 267.917 212.097
1287 266.475 203.587
1288 250.006 213.154
1289 269.627 216.466
1290 258.361 216.223
1291 262.436 220.351
1292 267.325 215.164
1293 269.274 210.61
1294 253.556 211.909
1295 258.588 205.922
1296 245.666 210.211
1297 257.544 218.186
1298 266.214 204.276
1299 270.183 217.236
1300 250.104 209.335
1301 269.992 218.307
1302 269.069 209.028
1303 245.346 212.64
1304 244.965 212.586
1305 269.005 210.396
1306 250.534 210.857
1307 258.652 223.045
1308 254.413 208.313
1309 263.366 212.72
1310 264.168 220.189
1311 260.375 202.077
1312 244.548 215.429
1313 258.538 218.269
1314 250.886 209.082
1315 242.929 217.402
1316 254.046 207.298
1317 248.988 211.125
1318 273.307 212.74
1319 270.391 219.685
1320 261.601 219.388
1321 260.804 211.089
1322 252.122 225.772
1323 245.455 220.744
1324 265.569 207.365
1325 259.029 208.622
1326 249.025 212.061
1327 245.938 224.297
1328 265.044 209.078
1329 242.32 213.007
1330 252.113 224.644
1331 243.062 218.419
1332 268.491 204.943
1333 244.684 215.249
1334 254.694 197.878
1335 242.611 209.801
1336 258.41 218.522
1337 256.822 225.936
1338 260.14 228.633
1339 263.154 210.446
1340 258.41 218.91
1341 258.471 219.955
1342 261.299 223.433
1343 270.273 203.262
1344 260.001 206.107
1345 264.093 204.939
1346 251.133 206.567
1347 265.403 218.61
1348 258.023 201.692
1349 248.689 222.863
1350 258.469 209.084
1351 250.264 210.302
1352 270.515 214.356
1353 254.179 218.586
1354 243.96 218.997
1355 266.959 200.976
1356 249.24 213.22
1357 248.652 218.619
1358 261.563 213.152
1359 272.789 211.348
1360 253.159 208.167
1361 263.85 212.783
1362 245.281 222.773
1363 249.979 215.252
1364 273.082 210.483
1365 265.739 199.784
1366 252.401 201.983
1367 261.994 217.933
1368 252.923 212.389
1369 270.314 207.215
1370 266.831 204.321
1371 246.012 221.922
1372 251.789 220.293
1373 255.496 197.98
1374 273.006 216.78
1375 269.426 202.395
1376 264.784 198.953
1377 257.286 211.101
1378 243.505 207.986
1379 270.757 209.279
1380 254.344 218.006
1381 255.547 212.425
1382 272.311 205.772
1383 263.726 222.481
1384 251.727 207.119
1385 253.536 209.002
1386 267.079 211.542
1387 254.299 210.075
1388 269.091 215.301
1389 245.466 205.381
1390 270.36 208.649
1391 244.447 211.483
1392 263.84 199.873
1393 256.95 217.552
1394 264.857 204.914
1395 246.41 221.851
1396 266.19 212.159
1397 248.515 226.658
1398 271.029 220.172
1399 252.527 227.345
1400 264.335 203.415
1401 265.197 213.307
1402 266.276 216.853
1403 243.844 216.636
1404 256.807 228.159
1405 249.662 226.46
1406 271.834 208.434
1407 261.273 215.708
1408 244.336 219.937
1409 270.559 208.316
1410 267.941 202.883
1411 259.899 227.18
1412 252.841 213.707
1413 267.34 213.801
1414 251.569 215.369
1415 252.794 225.904
1416 248.822 215.668
1417 267.566 208.012
1418 271.666 211.627
1419 264.459 219.898
1420 255.652 225.052
1421 243.596 214.102
1422 270.172 216.827
1423 246.116 220.537
1424 253.444 226.736
1425 242.987 209.25
1426 253.77 214.485
1427 252.572 214.396
1428 254.38 201.72
1429 243.715 209.829
1430 257.509 208.196
1431 264.033 226.743
1432 245.998 214.504
1433 261.508 201.841
1434 246.519 219.516
1435 263.98 219.469
1436 258.545 215.913
1437 259.259 226.376
1438 253.637 206.719
1439 264.297 225.779
1440 265.808 223.603
1441 255.654 204.177
1442 269.831 214.169
1443 247.94 212.115
1444 251.804 201.947
1445 259.011 222.112
1446 259.386 221.212
1447 259.194 216.575
1448 264.106 210.113
1449 248.956 211.256
1450 250.198 225.632
1451 247.289 222.756
1452 273.091 213.947
1453 259.015 223.718
1454 266.108 212.348
1455 271.401 221.698
1456 270.709 214.2
1457 245.6 202.402
1458 243.511 207.92
1459 246.325 220.892
1460 246.426 212.757
1461 270.082 220.878
1462 246.963 219.237
1463 -15.303 485.53
1464 4.716 487.053
1465 0.924 507.963
1466 5.49 507.723
1467 8.904 498.364
1468 -27.562 495.895
1469 -20.204 490.768
1470 -10.378 484.816
1471 -6.81 482.818
1472 -11.864 510.217
1473 -10.65 506.097
1474 9.598 500.268
1475 10.512 492.021
1476 -26.481 483.484
1477 8.041 502.198
1478 1.145 486.68
1479 -13.059 483.702
1480 -2.919 485.716
1481 9.083 495.312
1482 9.532 492.056
1483 -24.819 490.869
1484 -12.82 514.634
1485 4.846 493.104
1486 -30.292 489.616
1487 -7.832 491.549
1488 -0.472 494.817
1489 2.742 506.173
1490 -2.728 500.551
1491 8.667 486.389
1492 -15.056 508.789
1493 -13.507 482.094
1494 -12.924 486.673
1495 -3.577 483.294
1496 0.611 501.443
1497 -15.083 491.611
1498 -0.233 480.938
1499 -4.871 502.759
1500 0.897 485.297
1501 -16.312 487.576
1502 -4.002 478.098
1503 0.628 479.867
1504 -26.154 488.646
1505 -6.126 509.932
1506 8.309 492.164
1507 -26.041 505.107
1508 -22.574 499.783
1509 -11.443 495.771
1510 5.937 498.051
1511 -16.952 492.434
1512 -26.31 488.833
1513 -14.157 495.661
1514 -17.995 487.083
1515 -27.995 491.453
1516 -7.659 490.72
1517 -10.439 500.666
1518 1.879 503.427
1519 -0.417 497.629
1520 4.891 481.955
1521 -14.445 486.87
1522 -15.106 511.124
1523 -12.798 503.967
1524 -2.845 508.012
1525 4.453 491.764
1526 -14.353 497.647
1527 -27.558 486.203
1528 -0.894 484.535
1529 3.526 510.035
1530 5.093 495.779
1531 8.513 486.354
1532 -19.424 484.725
1533 2.37 498.045
1534 -0.848 481.373
1535 -27.926 489.873
1536 -14.112 488.449
1537 4.286 484.408
1538 6.779 495.106
1539 -11.195 477.631
1540 -7.435 481.284
1541 6.254 499.495
1542 -25.531 489.519
1543 -8.475 479.291
1544 -0.701 488.404
1545 6.824 491.276
1546 -13.229 480.344
1547 -6.264 500.988
1548 -9.232 511.469
1549 -25.016 489.46
1550 -19.164 505.301
1551 2.728 507.119
1552 6.249 497.844
1553 -14.574 477.21
1554 -3.096 479.596
1555 -26.614 502.526
1556 -29 497.592
1557 -14.565 480.964
1558 5.78 491.009
1559 -16.251 479.705
1560 -16.375 503.762
1561 -9.435 482.071
1562 -9.727 508.341
1563 5.352 500.061
1564 -15.468 504.709
1565 -2.533 510.059
1566 6.941 492.837
1567 -29.062 487.339
1568 -0.425 497.683
1569 -17.174 488.983
1570 -8.781 513.774
1571 -18.304 503.408
1572 1.698 510.102
1573 -0.751 498.941
1574 -21.641 493.605
1575 8.189 490.035
1576 -18.149 483.687
1577 -7.586 494.658
1578 2.667 482.387
1579 -23.381 481.035
1580 0.173 495.081
1581 -16.307 483.979
1582 -12.556 487.524
1583 -2.43 495.346
1584 0.067 505.087
1585 -7.385 508.642
1586 0.052 478.733
1587 2.784 480.519
1588 -0.075 489.86
1589 -28.31 503.225
1590 -12.071 512.304
1591 9.12 492.024
1592 1.991 511.196
1593 -14.043 478.351
1594 -4.872 485.856
1595 -24.994 498.454
1596 -23.857 490.232
1597 -6.619 510.682
1598 -19.596 479.291
1599 -25.594 497.035
1600 7.375 504.379
1601 -18.028 504.601
1602 -19.319 502.257
1603 -27.393 501.926
1604 -13.031 478.406
1605 -30.59 490.52
1606 -26.692 501.243
1607 -22.368 489.909
1608 -7.928 481.871
1609 -12.049 476.776
1610 7.63 496.979
1611 4.522 495.317
1612 3.281 504.405
1613 -0.659 507.75
1614 -5.3 509.659
1615 -7.519 478.22
1616 1.727 493.983
1617 -24.014 487.283
1618 -13.745 477.365
1619 -30.031 497.261
1620 -3.982 512.272
1621 -21.63 483.595
1622 1.225 503.84
1623 7.321 488.98
1624 -14.904 476.459
1625 -0.974 491.865
1626 6.933 496.127
1627 -25.746 506.365
1628 -29.014 489.864
1629 -10.618 492.805
1630 -10.629 515.387
1631 -20.558 509.835
1632 -26.115 491.443
1633 -9.388 506.353
1634 -1.438 483.478
1635 -17.179 509.16
1636 5.559 494.782
1637 -12.861 512.11
1638 -29.915 496.484
1639 4.586 495.583
1640 -14.125 495.635
1641 -25.504 488.705
1642 -20.427 501.462
1643 -10.727 475.376
1644 -25.349 490.272
1645 -12.285 478.772
1646 -27.413 501.969
1647 -28.462 497.142
1648 -20.42 495.018
1649 -25.372 497.034
1650 -1.243 489.419
1651 -13.428 514.506
1652 -10.985 501.988
1653 -4.421 507.415
1654 -5.916 496.785
1655 -23.544 502.474
1656 -28.31 490.936
1657 -15.884 487.343
1658 -8.02 498.565
1659 -28.938 494.878
1660 -23.736 510.491
1661 -14.162 485.371
1662 -18.249 484.944
1663 7.671 501.053
1664 3.057 496.356
1665 -9.279 502.022
1666 8.878 500.242
1667 -5.131 485.687
1668 0.549 491.759
1669 -1.608 491.427
1670 -27.306 492.345
1671 6.139 495.399
1672 -24.376 501.974
1673 -28.846 494.189
1674 -1.854 507.982
1675 -6.44 514.456
1676 -7.747 489.815
1677 3.194 483.701
1678 -4.162 508.918
1679 -0.71 508.406
1680 -13.678 482.268
1681 -1.062 478.53
1682 -14.971 480.493
1683 3.253 494.347
1684 -14.212 487.089
1685 -30.442 499.347
1686 10.264 493.026
1687 -28.837 494.416
1688 -16.838 499.337
1689 -8.041 494.993
1690 -18.513 498.55
1691 -19.015 496.756
1692 -0.981 495.677
1693 6.504 497.534
1694 -28.249 497.554
1695 -15.439 506.898
1696 -13.126 501.747
1697 -7.924 494.369
1698 1.923 506.443
1699 -18.286 510.209
1700 0.901 505.559
1701 0.474 497.054
1702 -5.716 485.971
1703 -13.473 475.13
1704 9.549 500.728
1705 -28.435 490.421
1706 1.047 509.737
1707 -21.652 496.079
1708 10.044 494.381
1709 -17.338 496.077
1710 -13.359 482.39
1711 7.892 490.392
1712 -10.471 509.948
1713 -5.149 497.31
1714 -23.1 506.068
1715 6.852 492.826
1716 -13.392 504.998
1717 -25.84 500.045
1718 -26.612 507.681
1719 -25.51 498.782
1720 6.78 487.288
1721 6.94 485.358
1722 -27.796 492.635
1723 -24.936 488.091
1724 7.135 499.707
1725 -15.413 487.252
1726 4.442 497.925
1727 -17.268 482.847
1728 -4.352 482.956
1729 -30.91 491.655
1730 -13.419 476.073
1731 6.7 490.788
1732 -14.117 490.176
1733 -14.102 477.917
1734 -19.671 504.584
1735 8.047 491.44
1736 5.878 500.516
1737 -26.137 500.539
1738 -23.241 487.912
1739 -27.324 487.21
1740 -7.154 478.5
1741 -6.716 503.581
1742 0.866 489.534
1743 0.234 494.841
1744 -14.478 505.736
1745 -1.452 510.82
1746 0.423 493.301
1747 7.834 496.233
1748 -9.799 496.466
1749 -7.058 499.276
1750 -6.225 513.954
1751 -4.252 514.705
1752 -18.406 475.939
1753 -16.323 507.832
1754 9.943 497.582
1755 -30.043 499.691
1756 -29.978 499.566
1757 -0.882 492.906
1758 -29.015 487.337
1759 -0.826 512.077
1760 -30.537 494.975
1761 -21.922 501.651
1762 -26.768 492.992
1763 2.611 497.452
1764 -11.286 483.873
1765 -18.818 510.782
1766 -17.939 483.183
1767 1.969 502.486
1768 -20.936 509.41
1769 -21.226 481.704
1770 -10.902 478.018
1771 6.981 490.633
1772 -5.866 487.36
1773 -23.209 491.994
1774 9.374 492.814
1775 6.697 483.787
1776 -5.185 480.937
1777 2.368 481.096
1778 -23.51 494.601
1779 -28.342 502.847
1780 -27.107 497.164
1781 -6.584 509.114
1782 -21.017 490.106
1783 -13.523 500.787
1784 -18.753 491.004
1785 7.836 485.993
1786 5.236 504.927
1787 -26.02 485.682
1788 -6.056 486.38
1789 -25.203 490.09
1790 -17.585 478.494
1791 -23.406 503.49
1792 -8.702 475.499
1793 -24.408 482.155
1794 -27.761 487.514
1795 8.229 488.915
1796 8.913 495.117
1797 -18.462 506.733
1798 5.458 501.803
1799 -17.083 513.715
1800 -5.538 477.121
1801 -20.747 495.603
1802 -12.519 494.938
1803 -23.268 509.757
1804 -5.998 485.383
1805 -29.332 487.269
1806 -10.788 475.73
1807 2.862 496.944
1808 -15.752 510.03
1809 7.174 500.303
1810 -20.505 511.53
1811 -5.406 478.474
1812 -7.924 499.897
1813 -16.516 500.286
1814 -30.065 490.001
1815 0.696 507.439
1816 -26.316 484.833
1817 7.017 492.199
1818 -29.79 500.987
1819 -19.401 508.169
1820 -23.031 502.622
1821 7.378 496.499
1822 -0.853 477.661
1823 -0.053 493.697
1824 -1.718 480.63
1825 -14.315 494.954
1826 -8.519 493.939
1827 -13.237 499.096
1828 -12.376 514.463
1829 -23.234 487.835
1830 7.142 484.763
1831 -0.739 476.987
1832 -3.539 499.371
1833 -16.049 485.547
1834 -11.578 478.972
1835 -1.277 506.38
1836 -3.474 499.941
1837 -21.412 502.229
1838 -15.633 476.696
1839 -11.381 503.922
1840 -18.194 510.058
1841 5.533 503.817
1842 -5.997 494.501
1843 -5.875 495.31
1844 2.756 485.577
1845 -29.789 491.013
1846 -28.669 503.361
1847 -16.102 500.288
1848 -14.886 491.284
1849 -17.287 494.971
1850 -12.281 486.619
1851 -26.899 482.931
1852 -11.374 482.912
1853 -7.229 495.881
1854 -12.86 493.586
1855 -21.483 489.917
1856 -30.126 498.482
1857 2.31 504.747
1858 -19.65 501.086
1859 -4.025 492.575
1860 -2.374 479.268
1861 -9.313 503.321
1862 -25.286 499.85
1863 -2.409 512.435
1864 -4.29 502.174
1865 0.581 485.023
1866 -4.267 506.472
1867 -21.121 492.931
1868 -22.434 500.277
1869 -6.96 510.757
1870 -21.764 478.684
1871 -20.971 500.161
1872 -15.747 480.933
1873 -13.216 478.825
1874 6.733 495.141
1875 -8.949 492.781
1876 1.637 494.425
1877 9.481 494.632
1878 -24.37 491.782
1879 -30.809 497.068
1880 -23.145 505.928
1881 8.453 496.002
1882 -27.653 500.877
1883 -20.431 482.842
1884 -12.495 502.582
1885 -25.439 493.162
1886 -11.656 487.672
1887 7.414 487.154
1888 -8.315 474.507
1889 -14.428 504.556
1890 7.321 487.643
1891 -26.96 497.261
1892 10.698 495.124
1893 -17.871 490.832
1894 3.997 486.832
1895 -4.482 477.314
1896 -5.585 507.573
1897 1.949 499.968
1898 -19.521 501.858
1899 -24.863 495.233
1900 -7.828 512.787
1901 4.706 501.614
1902 -2.571 504.346
1903 -6.577 493.09
1904 -26.882 497.165
1905 -5.705 506.937
1906 -23.537 495.99
1907 -20.521 493.819
1908 -1.857 509.177
1909 -5.57 503.432
1910 -13.004 474.785
1911 -12.889 484.722
1912 -1.413 480.826
1913 -29.007 501.183
1914 -17.336 507.592
1915 -0.041 484.877
1916 -0.751 485.288
1917 -4.875 508.419
1918 -28.353 503.646
1919 -27.135 483.811
1920 -13.27 510.089
1921 -29.2 494.002
1922 2.007 505.042
1923 -3.481 513.654
1924 -29.015 488.145
1925 -9.631 503.359
1926 1.064 504.009
1927 10.611 495.009
1928 -23.288 492.268
1929 9.58 488.15
1930 -11.343 487.685
1931 -17.608 511.114
1932 9.841 492.016
1933 3.399 501.418
1934 1.03 510.146
1935 -16.408 514.36
1936 -9.888 487.99
1937 -19.844 489.96
1938 -16.774 495.094
1939 -17.346 499.654
1940 -25.609 484.589
1941 -20.532 506.955
1942 -29.038 501.04
1943 1.466 486.032
1944 -26.922 491.969
1945 -9.712 505.603
1946 -11.569 510.489
1947 1.468 503.147
1948 -5.537 485.947
1949 -5.107 484.122
1950 -22.187 482.049
1951 -12.749 504.716
1952 -5.005 504.734
1953 -5.555 498.181
1954 -19.993 488.499
1955 -1.977 506.979
1956 -2.639 485.802
1957 -5.805 491.449
1958 -28.017 486.348
1959 -20.915 507.733
1960 -11.666 478.443
1961 -7.633 478.259
1962 -12.487 514.262
1963 -23.914 496.833
1964 5.955 483.754
1965 -31.13 495.369
1966 -9.251 509.209
1967 -18.292 506.014
1968 -10.027 507.762
1969 -27.86 490.935
1970 4.725 498.901
1971 -7.75 514.706
1972 2.801 495.588
1973 4.728 494.771
1974 -16.056 474.846
1975 -5.515 497.604
1976 -27.642 484.441
1977 -16.652 478.975
1978 -4.423 506.456
1979 -2.304 498.264
1980 -7.85 484.912
1981 -20.767 495.236
1982 -27.918 494.821
1983 3.066 496.346
1984 -19.101 503.903
1985 -22.903 483.649
1986 -27.405 488.329
1987 3.005 497.73
1988 -3.826 510.913
1989 0.184 491.015
1990 -18.619 480.878
1991 2.265 479.991
1992 -2.769 483.659
1993 -26.039 485.418
1994 -25.874 501.238
1995 -1.834 486.954
1996 -18.217 476.706
1997 -11.54 514.944
1998 -4.936 480.584
1999 -0.96 504.532
2000 7.964 501.889
2001 -2.808 513.491
2002 -24.746 499.034
2003 -6.74 483.383
2004 -2.102 500.319
2005 -21.037 481.183
2006 -4.988 499.618
2007 0.757 505.556
2008 9.706 493.912
2009 -29.995 500.449
2010 -10.739 504.699
2011 1.949 489.908
2012 -24.602 483.054
2013 9.006 490.336
2014 -30.843 494.169
2015 -21.511 484.315
2016 -19.264 505.6
2017 4.683 503.649
2018 -19.138 492.315
2019 -31.095 496.42
2020 -6.185 486.136
2021 -5.892 476.048
2022 -24.184 503.64
2023 -11.545 482.866
2024 -2.923 492.107
2025 -10.862 480.806
2026 -22.969 497.132
2027 -28.503 494.063
2028 -13.997 501.328
2029 -2.221 481.327
2030 -9.311 473.769
2031 10.146 495.736
2032 1.078 509.216
2033 -20.074 484.488
2034 -7.732 512.403
2035 8.879 492.591
2036 -28.515 499.422
2037 -13.215 504.697
2038 -1.085 511.58
2039 -2.728 478.955
2040 -20.376 505.126
2041 -12.573 508.789
2042 4.79 484.068
2043 6.566 488.09
2044 10.353 491.657
2045 -5.419 491.206
2046 0.475 493.034
2047 -15.12 504.33
2048 -22.998 496.594
2049 -19.526 497.457
2050 -21.533 479.299
2051 9.358 496.62
2052 -4.079 513.468
2053 8.51 490.592
2054 -1.21 481.507
2055 -9.812 489.373
2056 -12.359 481.022
2057 5.639 492.227
2058 -5.668 494.112
2059 -19.932 508.633
2060 -1.022 482.632
2061 -11.09 484.766
2062 9.601 494.88
2063 5.529 497.459
2064 -24.631 485.655
2065 -2.62 482.94
2066 -14.439 486.19
2067 -4.917 500.564
2068 -28.271 494.782
2069 -23.731 480.185
2070 -20.118 509.957
2071 -9.94 514.624
2072 -14.285 505.403
2073 -3.582 497.509
2074 2.685 504.92
2075 -10.084 488.409
2076 -29.495 498.594
2077 -6.456 507.603
2078 -21.006 510.397
2079 -24.936 505.846
2080 -1.623 513.578
2081 0.042 506.136
2082 -11.484 482.391
2083 -21.146 483.796
2084 -30.243 490.955
2085 7.361 485.935
2086 -0.405 498.522
2087 7.518 488.028
2088 2.18 493.902
2089 -25.363 489.29
2090 -7.38 511.644
2091 -1.735 477.667
2092 -2.847 492.736
2093 -28.4 492.754
2094 -11.167 486.857
2095 3.17 479.055
2096 -22.336 510.453
2097 -22.3 503.547
2098 -20.505 512.479
2099 -17.118 479.401
2100 -9.184 479.203
2101 8.292 497.301
2102 6.789 483.24
2103 -21.934 503.19
2104 -8.801 498.619
2105 4.489 489.613
2106 -29.964 495.556
2107 -26.877 486.075
2108 -22.042 492.473
2109 -14.612 493.591
2110 10.778 495.845
2111 -4.675 492.796
2112 -20.285 509.507
2113 -18.419 476.264
2114 -9.437 499.465
2115 -7.045 482.249
2116 -5.261 485.053
2117 4.084 490.28
2118 -12.019 474.061
2119 -16.68 511.352
2120 -9.056 509.784
2121 -14.832 493.329
2122 -1.681 503.276
2123 -19.077 498.755
2124 -16.679 485.865
2125 -0.668 489.362
2126 -20.444 504.784
2127 -27.567 497.385
2128 2.206 511.315
2129 -28.768 499.874
2130 10.278 494.274
2131 3.564 499.26
2132 6.338 496.095
2133 -27.921 503.858
2134 3.288 500.785
2135 -0.01 496.455
2136 -20.946 490.401
2137 -23.835 502.494
2138 5.009 487.267
2139 5.855 499.301
2140 2.542 493.376
2141 -16.207 483.951
2142 -2.545 510.439
2143 10.688 493.598
2144 -24.27 496.041
2145 -18.2 495.911
2146 -5.211 492.557
2147 -21.539 481.402
2148 -23.218 484.838
2149 6.33 500.964
2150 -18.772 496.463
2151 -12.255 495.535
2152 -20.24 492.192
2153 -21.069 509.342
2154 -15.266 499.69
2155 8.683 489.893
2156 -4.512 512.37
2157 -9.717 492.987
2158 -2.7 479.868
2159 -7.504 509.125
2160 -24.321 508.221
2161 -14.555 499.644
2162 -4.97 477.55
2163 -2.343 488.022
2164 9.277 491.98
2165 -17.408 503.748
2166 -20.532 482.12
2167 -14.449 496.204
2168 -21.841 500.16
2169 -12.594 490.311
2170 -30.096 500.173
2171 -8.205 512.383
2172 -7.347 504.513
2173 -14.459 510.21
2174 -8.825 493.409
2175 -24.998 495.438
2176 -8.097 479.941
2177 4.612 484.558
2178 -6.663 504.55
2179 8.273 504.086
2180 -12.415 498.824
2181 -30.819 495.513
2182 -28.555 492.413
2183 7.701 500.688
2184 -18.702 507.29
2185 -19.869 484.361
2186 -6.147 482.648
2187 -11.201 474.539
2188 -24.467 498.786
2189 -15.398 494.973
2190 -26.481 485.021
2191 2.387 486.849
2192 5.921 504.492
2193 407.054 728.653
2194 395.257 730.855
2195 406.667 728.716
2196 376.846 743.852
2197 403.918 725.454
2198 381.545 752.372
2199 395.064 734.358
2200 374.522 725.263
2201 402.267 740.018
2202 374.032 750.124
2203 393.548 726.63
2204 392.766 726.286
2205 372.343 725.004
2206 368.616 731.978
2207 378.285 729.743
2208 378.652 735.319
2209 403.932 741.242
2210 393.595 734.216
2211 381.463 722.667
2212 394.318 747.089
2213 403.16 741.306
2214 384.871 718.111
2215 373.125 722.598
2216 406.993 742.057
2217 379.631 738.929
2218 391.574 740.507
2219 404.161 725.69
2220 394.18 748.908
2221 384.841 726.926
2222 377.399 736.057
2223 393.314 746.976
2224 386.222 747.278
2225 402.241 739.978
2226 402.741 737.676
2227 373.264 729.135
2228 370.94 724.554
2229 381.953 750.432
2230 390.041 750.402
2231 372.288 726.204
2232 374.737 734.999
2233 373.604 733.842
2234 394.582 724.122
2235 388.554 746.747
2236 377.248 721.212
2237 382.05 745.373
2238 396.531 739.449
2239 403.062 743.951
2240 389.052 743.99
2241 372.096 726.518
2242 375.695 734.595
2243 396.66 740.282
2244 394.728 727.833
2245 377.034 721.083
2246 384.274 735.549
2247 378.065 742.274
2248 382.135 730.316
2249 406.529 730.439
2250 377.975 736.854
2251 377.645 732.005
2252 405.027 732.343
2253 385.711 731.612
2254 405.234 736.021
2255 376.799 739.67
2256 382.294 727.801
2257 390.814 739.582
2258 402.933 723.579
2259 387.929 716.733
2260 385.923 717.66
2261 387.355 728.607
2262 369.747 743.21
2263 369.879 734.115
2264 380.355 717.631
2265 404.05 747.107
2266 393.504 727.539
2267 394.238 732.726
2268 393.209 730.364
2269 395.548 746.895
2270 401.089 748.473
2271 403.542 734.007
2272 406.384 728.809
2273 370.803 730.45
2274 405.207 742.789
2275 398.945 751.863
2276 373.088 739.759
2277 385.885 734.491
2278 393.316 743.576
2279 375.336 739.796
2280 368.834 735.585
2281 391.666 747.283
2282 391.087 734.901
2283 373.454 729.033
2284 376.864 733.775
2285 400.202 722.238
2286 380.696 725.843
2287 395.288 737.883
2288 393.321 731.228
2289 389.72 741.552
2290 371.462 746.884
2291 383.712 745.171
2292 372.747 728.96
2293 400.775 734.189
2294 372.272 728.349
2295 380.844 725.633
2296 401.12 732.698
2297 375.57 735.692
2298 391.239 744.681
2299 370.161 729.742
2300 381.989 717.499
2301 397.01 746.323
2302 381.22 734.998
2303 390.889 732.632
2304 395.715 747.246
2305 388.819 717.228
2306 372.338 730.576
2307 385.283 754.87
2308 405.186 725.53
2309 380.728 745.684
2310 373.558 747.913
2311 398.35 726.117
2312 388.598 742.664
2313 402.184 747.167
2314 397.272 735.345
2315 393.92 751.936
2316 379.78 721.565
2317 371.478 737.469
2318 374.871 734.398
2319 398.485 750.646
2320 393.555 744.192
2321 391.217 733.224
2322 397.125 740.58
2323 394.602 750.843
2324 387.314 728.731
2325 389.779 730.815
2326 372.117 743.548
2327 389.829 725.358
2328 368.644 739.168
2329 390.016 727.748
2330 397.373 749.878
2331 396.171 746.547
2332 397.469 728.98
2333 368.771 729.654
2334 393.55 728.212
2335 383.796 724.456
2336 368.5 730.56
2337 382.668 726.153
2338 395.818 751.43
2339 388.916 736.597
2340 392.263 749.677
2341 380.942 743.823
2342 400.003 748.091
2343 390.687 751.633
2344 395.081 750.216
2345 406.059 735.926
2346 390.17 717.353
2347 370.816 734.045
2348 407.242 734.812
2349 406.74 743.07
2350 395.356 741.7
2351 392.265 730.58
2352 377.182 721.403
2353 400.081 738.505
2354 391.052 729.179
2355 389.129 733.772
2356 406.053 731.138
2357 389.073 731.683
2358 395.914 746.516
2359 385.238 715.694
2360 394.306 734.236
2361 400.424 745.034
2362 396.154 743.112
2363 397.276 727.213
2364 397.402 745.814
2365 389.579 750.596
2366 391.882 717.547
2367 373.189 728.469
2368 394.573 716.658
2369 398.858 719.098
2370 405.964 734.572
2371 387.97 746.261
2372 374.284 734.255
2373 396.028 742.538
2374 374.136 730.607
2375 393.749 735.253
2376 371.985 743.011
2377 375.947 732.923
2378 392.661 752.656
2379 403.278 742.283
2380 372.508 723.463
2381 398.75 747.181
2382 378.258 721.404
2383 402.44 741.915
2384 394.989 746.841
2385 385.396 733.692
2386 388.717 730.795
2387 407.702 731.469
2388 398.898 723.388
2389 382.622 744.365
2390 397.749 752.83
2391 397.949 717.814
2392 379.828 726.477
2393 373.083 742.259
2394 385.97 734.829
2395 368.372 734.177
2396 382.435 749.924
2397 380.184 746.341
2398 393.071 738.856
2399 385.584 730.909
2400 383.607 717.624
2401 404.298 723.749
2402 387.577 748.22
2403 407.33 729.821
2404 384.582 730.502
2405 368.844 738.017
2406 385.579 747.35
2407 377.673 743.998
2408 382.062 739.955
2409 386.018 745.076
2410 407.275 737.029
2411 389.162 722.957
2412 386.661 744.033
2413 386.737 717.97
2414 390.481 726.817
2415 382.207 741.746
2416 401.937 727.374
2417 389.73 720.721
2418 399.468 726.258
2419 368.457 729.599
2420 406.532 733.609
2421 383.105 736.699
2422 386.964 722.568
2423 389.796 746.837
2424 387.708 743.403
2425 384.512 719.783
2426 397.075 741.689
2427 393.302 724.544
2428 389.257 751.733
2429 399.825 729.575
2430 401.783 723.003
2431 400.33 724.259
2432 373.38 744.452
2433 377.146 738.931
2434 380.785 737.709
2435 371.878 740.455
2436 384.401 715.571
2437 373.881 722.467
2438 379.141 720.033
2439 405.305 743.619
2440 390.851 741.9
2441 392.209 741.795
2442 393.657 729.809
2443 376.92 728.944
2444 395.303 738.321
2445 386.514 744.78
2446 370.732 744.401
2447 371.605 738.659
2448 372.409 743.76
2449 405.948 735.738
2450 407.617 739.487
2451 390.604 737.243
2452 389.673 727.833
2453 379.522 743.724
2454 390.427 744.891
2455 393.055 726.035
2456 395.019 742.96
2457 403.75 734.296
2458 394.744 720.098
2459 386.238 747.299
2460 379.231 734.156
2461 400.794 723.642
2462 400.514 737.794
2463 377.789 726.241
2464 386.84 750.299
2465 385.172 740.379
2466 380.13 717.538
2467 395.808 741.935
2468 403.608 743.043
2469 380.978 751.019
2470 384.026 729.352
2471 388.395 739.633
2472 390.771 724.286
2473 399.404 750.331
2474 407.756 737.126
2475 396.287 739.892
2476 400.661 744.693
2477 393.806 745.379
2478 374.974 733.729
2479 392.08 724.128
2480 371.753 734.711
2481 399.325 738.438
2482 393.147 717.574
2483 393.182 742.726
2484 403.075 733.636
2485 389.338 728.501
2486 387.905 734.967
2487 388.967 742.777
2488 381.009 747.378
2489 382.637 725.765
2490 384.12 718.865
2491 379.432 732.256
2492 398.399 718.989
2493 407.145 733.357
2494 380.22 722.336
2495 391.786 754.122
2496 403.889 724.011
2497 372.833 746.571
2498 396.092 724.936
2499 384.109 718.801
2500 386.937 720.431
2501 393.278 733.303
2502 382.317 740.965
2503 379.962 742.055
2504 406.496 743.636
2505 378.495 736.577
2506 398.734 737.065
2507 373.964 729.836
2508 386.938 727.385
2509 381.259 730.354
2510 389.231 750.113
2511 404.168 729.908
2512 378.376 732.834
2513 388.756 725.968
2514 388.118 737.867
2515 388.095 737.473
2516 388.706 735.255
2517 385.013 744.443
2518 372.763 726.617
2519 399.281 727.092
2520 381.209 720.659
2521 374.595 725.123
2522 369.294 731.425
2523 406.156 728.146
2524 400.517 742.765
2525 386.511 719.381
2526 392.321 734.562
2527 370.023 727.302
2528 390.978 726.729
2529 404.971 732.197
2530 402.537 728.273
2531 397.071 745.952
2532 375.32 737.195
2533 404.482 732.092
2534 392.461 744.45
2535 392.25 731.838
2536 378.873 737.01
2537 378.92 735.936
2538 400.837 744.764
2539 386.521 751.541
2540 405.991 731.307
2541 380.039 736.969
2542 378.553 750.669
2543 376.669 750.324
2544 384.501 728.841
2545 394.969 739.766
2546 368.919 737.406
2547 371.605 742.996
2548 371.818 736.61
2549 397.935 732.48
2550 397.908 736.889
2551 403.402 745.212
2552 395.457 742.699
2553 369.507 741.924
2554 371.505 724.502
2555 372.871 735.417
2556 407.916 738.731
2557 373.464 736.633
2558 389.821 733.42
2559 393.292 729.037
2560 389.248 732.045
2561 406.948 741.181
2562 373.027 728.712
2563 368.503 739.337
2564 381.7 734.896
2565 384.27 737.147
2566 381.978 727.035
2567 387.805 735.098
2568 370.823 735.993
2569 374.028 737.026
2570 396.676 717.941
2571 405.479 735.165
2572 400.286 736.481
2573 374.737 748.376
2574 407.178 734.446
2575 405.563 725.583
2576 395.518 742.675
2577 376.651 743.653
2578 395.836 727.906
2579 392.842 720.068
2580 380.984 719.018
2581 369.842 736.489
2582 374.624 736.221
2583 394.792 744.84
2584 407.431 737.903
2585 370.933 739.613
2586 381.32 741.969
2587 378.776 732.16
2588 399.049 748.797
2589 398.827 726.209
2590 392.799 724.61
2591 405.032 737.946
2592 396.215 729.919
2593 402.964 734.917
2594 372.923 726.233
2595 389.335 745.17
2596 377.423 745.693
2597 370.895 735.145
2598 376.828 719.315
2599 379.288 734.494
2600 395.951 748.37
2601 399.575 739.661
2602 373.523 723.389
2603 368.729 730.613
2604 386.488 731.441
2605 389.298 722.173
2606 383.193 745.482
2607 388.438 732.247
2608 390.517 739.348
2609 368.452 741.198
2610 401.259 748.055
2611 372.086 732.316
2612 399.256 749.616
2613 370.195 734.138
2614 382.808 723.856
2615 371.696 738.473
2616 398.313 748.367
2617 388.739 748.456
2618 386.567 716.282
2619 376.283 750.347
2620 397.851 741.629
2621 374.83 742.135
2622 383.841 752.21
2623 395.821 747.854
2624 384.997 736.098
2625 406.343 734.717
2626 386.083 721.922
2627 404.61 736.826
2628 396.562 728.692
2629 380.994 741.313
2630 397.103 749.904
2631 382.294 730.162
2632 407.536 731.89
2633 406.312 727.506
2634 398.601 732.182
2635 392.995 736.068
2636 405.218 729.521
2637 368.858 731.952
2638 394.785 721.641
2639 402.532 725.142
2640 374.279 748.64
2641 404.568 730.841
2642 406.703 738.424
2643 373.143 723.613
2644 403.338 742.46
2645 373.106 724.378
2646 406.841 742.33
2647 406.736 743.134
2648 382.607 722.261
2649 391.081 730.032
2650 386.977 717.385
2651 373.353 734.738
2652 390.074 734.638
2653 407.611 732.104
2654 378.536 741.87
2655 403.445 733.093
2656 375.371 720.305
2657 375.308 745.244
2658 397.7 743.871
2659 404.155 746.141
2660 400.884 751.3
2661 392.132 738.992
2662 374.253 725.955
2663 375.635 724.722
2664 369.606 736.922
2665 385.217 734.187
2666 403.495 724.274
2667 384.859 737.923
2668 399.751 730.289
2669 393.89 750.23
2670 397.034 738.989
2671 392.521 754.611
2672 394.181 736.867
2673 371.802 733.657
2674 396.097 739.445
2675 376.828 746.072
2676 393.15 746.557
2677 382.191 747.779
2678 401.883 726.51
2679 378.906 737.069
2680 388.751 718.513
2681 400.437 734.461
2682 406.456 735.389
2683 368.588 740.712
2684 375.211 739.704
2685 374.093 746.659
2686 375.25 745.945
2687 368.427 731.927
2688 387.198 721.83
2689 405.947 741.876
2690 368.424 734.778
2691 406.904 734.791
2692 387.386 716.05
2693 393.218 722.382
2694 401.492 736.679
2695 377.66 752.198
2696 375.1 723.312
2697 386.04 715.558
2698 398.785 735.11
2699 369.166 741.486
2700 368.4 730.666
2701 399.779 728.668
2702 375.898 741.736
2703 382.913 722.403
2704 380.286 747.054
2705 380.916 717.425
2706 371.605 739.662
2707 404.122 731.958
2708 387.653 718.563
2709 396.885 743.149
2710 399.426 742.295
2711 400.728 720.193
2712 374.588 743.335
2713 394.738 718.327
2714 371.037 740.933
2715 402.656 742.615
2716 389.996 755.29
2717 402.467 737.97
2718 406.233 734.755
2719 377.431 720.054
2720 380.499 738.403
2721 394.573 730.379
2722 371.914 736.429
2723 379.147 719.007
2724 375.14 725.079
2725 379.866 725.941
2726 384.783 729.128
2727 381.144 719.22
2728 398.041 745.462
2729 368.066 735.012
2730 382.686 747.628
2731 391.93 734.029
2732 404.287 739.927
2733 399.078 721.963
2734 402.584 737.947
2735 375.125 723.249
2736 377.766 737.632
2737 393.03 729.799
2738 373.64 722.534
2739 384.225 743.241
2740 377.171 731.269
2741 402.624 738.01
2742 384.823 728.514
2743 379.551 737.538
2744 397.095 721.784
2745 386.447 734.692
2746 390.893 732.138
2747 387.641 754.89
2748 368.669 740.962
2749 401.683 725.999
2750 399.839 737.483
2751 369.777 728.722
2752 381.309 733.07
2753 402.117 736.434
2754 387.84 715.484
2755 399.429 724.928
2756 375.649 722.037
2757 379.231 721.505
2758 404.008 736.705
2759 392.118 753.357
2760 406.771 727.992
2761 373.886 743.591
2762 378.938 740.718
2763 406.247 732.501
2764 381.853 732.12
2765 377.075 722.521
2766 403.296 740.62
2767 380.805 718.587
2768 373.323 731.955
2769 391.51 715.923
2770 375.23 748.872
2771 407.318 738.423
2772 395.479 731.312
2773 383.085 736.146
2774 394.997 734.185
2775 406.301 727.945
2776 378.203 726.925
2777 402.733 747.336
2778 370.465 726.935
2779 370.306 744.127
2780 388.174 751.738
2781 401.276 732.452
2782 405.207 738.568
2783 393.444 733.971
2784 387.337 740.357
2785 390.463 738.357
2786 372.896 730.252
2787 402.292 734.722
2788 371.634 727.255
2789 383.041 750.37
2790 388.509 725.134
2791 385.675 749.298
2792 404.205 745.9
2793 382.152 750.769
2794 368.91 741.675
2795 397.126 726.961
2796 392.351 743.295
2797 390.931 739.638
2798 400.809 721.825
2799 369.366 737.989
2800 373.461 739.61
2801 395.055 753.616
2802 369.692 741.689
2803 369.992 733.177
2804 382.604 746.831
2805 387.805 739.871
2806 375.912 730.613
2807 385.806 717.132
2808 389.087 745.397
2809 369.731 744.038
2810 389.213 735.878
2811 376.133 741.742
2812 407.553 739.809
2813 404.303 725.999
2814 397.195 719.933
2815 406.058 732.923
2816 402.708 725.933
2817 402.956 731.491
2818 401.302 738.493
2819 396.821 748.299
2820 398.069 719.686
2821 368.064 738.513
2822 396.909 752.329
2823 404.81 735.108
2824 375.797 744.245
2825 404.358 731.482
2826 397.522 718.684
2827 368.99 736.115
2828 380.865 749.202
2829 403.389 729.492
2830 382.292 748.957
2831 380.786 750.138
2832 400.102 750.442
2833 377.451 743.813
2834 403.706 735.395
2835 372.58 723.308
2836 403.882 747.902
2837 380.626 737.262
2838 374.429 723.446
2839 386.168 718.785
2840 385.514 720.415
2841 395.704 721.939
2842 376.797 723.036
2843 388.026 753.807
2844 368.861 734.386
2845 392.942 747.519
2846 402.566 737.165
2847 368.56 740.141
2848 386.934 724.026
2849 384.201 743.93
2850 402.258 731.009
2851 374.214 724.015
2852 394.329 749.362
2853 396.769 735.535
2854 404.423 731.428
2855 394.902 743.656
2856 370.886 733.366
2857 407.31 735.072
2858 383.57 735.903
2859 375.695 731.846
2860 371.278 725.904
2861 372.543 746.929
2862 381.258 735.904
2863 404.595 733.491
2864 401.011 724.423
2865 400.649 738.285
2866 390.982 727.398
2867 406.545 729.183
2868 372.493 740.92
2869 373.869 749.063
2870 375.59 742.385
2871 395.084 725.685
2872 404.331 726.1
2873 390.602 754.162
2874 380.215 731.291
2875 369.245 741.758
2876 400.997 728.761
2877 390.733 731.043
2878 397.738 726.252
2879 387.441 741.313
2880 395.808 739.326
2881 391.428 723.225
2882 401.074 740.703
2883 397.569 722.954
2884 375.713 729.467
2885 373.825 730.589
2886 385.933 722.074
2887 405.428 733.176
2888 394.482 735.22
2889 374.599 744.225
2890 390.597 753.761
2891 379.462 742.777
2892 389.386 726.848
2893 387.964 751.284
2894 391.928 717.906
2895 392.831 724.274
2896 378.345 723.996
2897 388.618 725.866
2898 372.782 742.426
2899 386.622 752.857
2900 383.075 738.486
2901 401.866 730.572
2902 375.608 743.195
2903 407.998 736.287
2904 373.338 734.335
2905 394.255 746.599
2906 407.34 738.447
2907 380.92 723.27
2908 389.431 745.242
2909 398.456 726.777
2910 368.22 738.232
2911 392.721 737.593
2912 379.074 728.087
2913 390.702 722.45
2914 381.348 749.51
2915 385.287 737.661
2916 369.219 735.543
2917 406.043 732.018
2918 395.918 731.15
2919 376.504 749.126
2920 388.082 747.47
2921 391.284 736.519
2922 379.307 719.377
