%%index real_part   imaginary_part
3475 3475 3475
1 -24.187 8.302
2 7.287 21.844
3 7.096 -12.102
4 -3.495 -25.811
5 -13.376 -17.774
6 -28.871 -1.962
7 -24.407 2.326
8 8.333 18.576
9 -9.935 -10.873
10 -8.814 24.397
11 -8.07 19.353
12 -28.14 -6.755
13 14.662 13.628
14 17.412 -4.88
15 -24.216 6.478
16 4.955 -2.927
17 -4.95 -9.322
18 -6.152 16.288
19 9.925 9.06
20 5.874 15.843
21 -16.979 2.854
22 4.131 4.058
23 7.353 -23.106
24 -9.608 13.983
25 -20.458 13.997
26 -22.669 2.86
27 -12.239 -4.869
28 -11.39 -22.093
29 7.957 -4.384
30 -7.68 -21.878
31 7.048 -7.488
32 -23.642 1.475
33 -15.774 -18.748
34 18.837 -4.013
35 -10.536 -22.399
36 -27.581 0.971
37 -19.428 0.059
38 -5.442 -26.116
39 -29.909 -7.355
40 -21.062 -19.041
41 -8.31 24.307
42 -2.201 -11.784
43 13.251 -19.532
44 -10.654 19.57
45 -10.855 1.217
46 -25.574 11.753
47 -22.924 8.063
48 -15.936 -1.508
49 -20.529 19.358
50 -22.132 1.51
51 10.376 -21.424
52 -10.543 -18.735
53 -22.631 -9.733
54 -3.304 20.364
55 -20.241 12.867
56 13.953 8.451
57 -28.187 2.009
58 16.021 14.963
59 14.982 -6.222
60 7.793 17.185
61 -14.896 -1.901
62 -26.05 7.411
63 6.114 11.496
64 -0.573 12.982
65 19.835 3.195
66 16.941 13.625
67 13.32 -17.892
68 5.206 0.971
69 8.054 -24.256
70 8.196 -14.667
71 -9.954 17.044
72 13.179 -0.853
73 21.448 3.595
74 4.981 -18.694
75 6.489 -24.443
76 -18.65 -9.594
77 -30.931 -2.666
78 -11.153 -22.881
79 21.898 -1.76
80 -12.311 9.464
81 -30.297 4.934
82 -23.944 -17.67
83 -16.849 -5.925
84 10.929 19.465
85 3.76 5.54
86 -7.804 17.282
87 8.758 -1.224
88 -27.291 -14.039
89 -13.402 20.776
90 -14.247 -2.403
91 -6.899 -22.281
92 -0.762 -11.899
93 8.288 19.698
94 0.919 -1.301
95 -26.03 10.533
96 14.614 -5.242
97 -21.19 -15.633
98 15.228 12.857
99 8.756 -13.813
100 15.943 -11.375
101 11.552 12.405
102 -8.06 -10.531
103 -21.218 -19.744
104 -18.281 17.695
105 5.758 23.584
106 -24.353 12.547
107 20 -9.899
108 -2.526 -23.555
109 -8.686 1.517
110 8.078 -22.522
111 16.819 0.328
112 -21.231 -7.195
113 13.422 9.409
114 9.993 -16.093
115 17.737 2.307
116 12.01 -15.267
117 11.882 -20.715
118 2.892 5.691
119 7.543 9.597
120 -12.708 -17.973
121 -17.568 -9.114
122 -0.241 -20.997
123 -19.826 -4.089
124 -16.459 -8.39
125 -24.775 11.736
126 0.382 12.812
127 16.877 2.485
128 -13.208 -10.573
129 -4.837 -26.96
130 -30.521 4.229
131 5.662 -6.806
132 8.723 12.662
133 13.693 -12.023
134 1.256 9.372
135 -24.251 1.801
136 10.736 -6.624
137 7.111 -3.73
138 -11.87 14.24
139 -7.571 17.853
140 -28.231 1.992
141 -27.579 -3.443
142 7.262 22.402
143 -6.679 7.586
144 10.999 0.539
145 -22.782 6.176
146 2.287 -2.456
147 -30.47 2.352
148 6.542 -5.897
149 8.429 -2.813
150 -21.142 -14.649
151 17.488 8.849
152 -1.143 -10.979
153 -25.96 0.554
154 -3.008 -14.963
155 19.379 4.425
156 15.728 -3.485
157 -17.649 -5.879
158 13.915 -11.649
159 -16.75 -15.272
160 -28.189 10.447
161 9.455 8.01
162 -18.018 12.344
163 -2.301 24.399
164 14.865 -2.614
165 -17.522 17.919
166 15.412 -6.284
167 19.774 5.97
168 18.199 -0.274
169 6.849 -13.132
170 19.778 -11.77
171 20.018 5.923
172 19.465 -7.841
173 5.432 -23.281
174 18.387 -2.803
175 13.514 16.91
176 19.611 -2.397
177 -23.685 14.408
178 12.406 -4.383
179 12.759 -5.337
180 -4.489 -12.654
181 -5.925 2.552
182 7.54 13.907
183 -28.773 10.435
184 -22.118 -1.287
185 7.411 8.879
186 10.285 -0.623
187 -13.214 18.935
188 -2.822 12.238
189 -11.159 -25.274
190 -4.8 20.835
191 1.068 -10.58
192 -18.11 18.899
193 21.612 -7.133
194 1.11 6.96
195 -26.343 11.64
196 12.553 2.824
197 -15.686 -18.917
198 8.987 7.087
199 19.444 -12.332
200 -16.17 18.274
201 -12.017 -7.474
202 11.566 -16.66
203 1.046 -7.639
204 -0.4 -7.107
205 2.269 -8.397
206 -28.764 -5.692
207 -0.437 20.962
208 -5.243 2.715
209 -7.004 -22.01
210 -15.917 -21.688
211 -14.958 12.7
212 -24.426 6.044
213 -30.467 2.089
214 0.337 -5.063
215 -22.442 -12.077
216 -3.316 15.621
217 -24.276 1.105
218 16.703 3.122
219 6.521 1.418
220 -21.933 0.843
221 -9.263 -1.669
222 -23.017 -8.944
223 -1.193 7.82
224 18.863 9.612
225 20.493 4.946
226 -4.517 -0.652
227 12.97 18.834
228 -6.541 8.917
229 -22.274 -14.676
230 -7.602 -0.788
231 14.68 -10.344
232 -12.704 -18.478
233 -9.681 -3.541
234 -24.5 -15.86
235 -21.252 -19.231
236 6.792 20.624
237 10.794 -0.982
238 -12.555 -16.663
239 -18.014 13.917
240 -14.95 19.881
241 20.231 3.857
242 11.666 1.048
243 -23.409 -10.982
244 3.84 -8.477
245 -17.552 11.464
246 8.621 1.308
247 0.535 12.318
248 20.69 -5.74
249 1.692 14.085
250 -6.311 16.709
251 -10.772 4.183
252 -27.294 -9.69
253 -11.755 -24.991
254 -26.278 14.21
255 -0.406 -14.507
256 -10.393 3.224
257 17.893 1.228
258 4.873 15.834
259 -25.987 9.105
260 -18.333 18.803
261 -27.946 -5.439
262 -9.739 25.298
263 -1.754 -21.708
264 -18.688 -19.286
265 -19.248 3.986
266 11.225 -7.976
267 5.269 -11.766
268 -6.874 24.303
269 11.423 -3.73
270 -25.036 2.99
271 -19.832 -11.483
272 -19.627 -18.725
273 5.686 16.609
274 12.601 -18.567
275 -21.313 1.905
276 1.952 -17.693
277 7.371 -16.98
278 -1.146 -19.898
279 -30.665 -5.477
280 -20.129 5.842
281 9.963 7.159
282 -23.692 0.453
283 7.109 -6.23
284 -2.651 2.807
285 -7.324 23.56
286 -21.402 19.359
287 14.242 1.034
288 18.089 -4.043
289 -17.345 -19.646
290 0.988 9.07
291 -20.817 -8.54
292 -18.21 -9.33
293 5.194 -4.984
294 -3.592 -4.935
295 -25.178 -11.464
296 6.915 20.104
297 -9.345 -25.569
298 13.613 15.216
299 -26.584 13.443
300 -23.102 7.004
301 -26.309 6.74
302 7.744 -7.163
303 -10.291 4.74
304 -8.76 -18.324
305 21.016 7.699
306 14.581 -5.502
307 14.446 13.572
308 -13.716 16.691
309 12.987 -14.365
310 9.529 -15.448
311 -10.133 -0.883
312 15.453 7.673
313 21.491 -7.127
314 -24.657 6.022
315 5.976 6.498
316 -15.837 -12.988
317 -8.639 8.34
318 -19.859 -13.493
319 -26.973 -1.57
320 -18.561 0.329
321 -25.622 -10.92
322 -21.425 -5.654
323 8.606 14.94
324 21.412 -7.476
325 9.682 -18.724
326 3.015 8.442
327 -22.57 -18.976
328 17.666 12.445
329 22.172 3.182
330 14.366 -12.207
331 6.048 11.201
332 -31.072 -0.954
333 3.553 -13.153
334 -0.714 -7.704
335 18.019 -13.611
336 -18.62 -9.77
337 -2.168 -25.599
338 13.199 3.191
339 -10.941 -1.737
340 -5.373 -24.392
341 19.761 6.633
342 -22.776 12.69
343 -28.005 7.267
344 13.769 5.383
345 8.4 4.467
346 -2.809 -25.524
347 -12.716 -14.417
348 11.993 18.629
349 -20.98 -14.831
350 -6.959 16.165
351 -12.82 -20.626
352 8.538 -3.281
353 -20.638 10.205
354 6.828 22.808
355 -15.978 -11.905
356 16.436 -14.521
357 -4.804 -7.444
358 5.923 24.402
359 11.463 -16.189
360 20.097 -0.969
361 5.62 -1.773
362 22.314 -2.436
363 12.219 18.463
364 15.925 -3.515
365 11.386 15.105
366 9.321 -0.163
367 -4.542 -4.463
368 -8.483 -1.232
369 -17.593 -6.996
370 14.637 -19.409
371 -25.751 3.882
372 -16.502 8.604
373 -16.695 20.982
374 3.647 4.882
375 -1.734 13.324
376 -5.764 22.053
377 12.964 3.526
378 18.882 9.18
379 17.867 -3.166
380 -17.467 -1.467
381 -26.486 -7.45
382 12.69 14.17
383 19.089 -12.854
384 -19.058 18.824
385 -29.601 -9.418
386 6.355 -6.974
387 -9.964 -13.387
388 10.96 16.268
389 -25.292 12.427
390 -25.697 12.076
391 -26.756 -4.849
392 -1.456 -24.108
393 -1.907 6.476
394 -14.76 -23.404
395 -9.873 20.182
396 2.037 16.127
397 8.591 -9.521
398 -15.816 4.273
399 -28.821 3.062
400 2.208 9.358
401 3.099 -21.483
402 -3.647 10.197
403 -18.303 21.259
404 12.261 -9.175
405 -14.309 -17.935
406 3.343 19.724
407 -5.681 21.376
408 19.379 -4.633
409 -7.937 -17.132
410 -9.628 9.716
411 -12.716 12.182
412 2.144 8.615
413 14.455 -5.849
414 -25.404 15.043
415 14.781 16.235
416 -5.523 23.009
417 -23.972 -7.022
418 3.882 -10.866
419 -10.72 -19.785
420 -17.402 -4.174
421 8.657 8.736
422 -29.583 5.76
423 21.982 -0.968
424 21.286 -4.884
425 -21.117 -8.13
426 14.045 -3.455
427 -2.555 -19.486
428 -9.275 -6.21
429 -30.012 2.193
430 -29.085 -5.232
431 5.381 -25.077
432 14.579 -12.368
433 -13.845 23.543
434 -1.466 -20.513
435 -27.225 -11.271
436 -25.989 13.045
437 -5.415 5.273
438 4.624 10.477
439 20.458 7.691
440 -4.504 13.167
441 21.959 -5.863
442 -14.715 6.493
443 -22.354 -10.477
444 14.294 10.02
445 -11.769 6.472
446 8.219 8.831
447 -4.511 -15.745
448 2.354 -13.754
449 -18.63 15.827
450 17.385 -5.323
451 5.153 -17.354
452 -2.276 -6.6
453 8.089 -23.743
454 -27.029 -5.367
455 -18.455 -18.945
456 -21.66 9.909
457 -26.941 -4.672
458 17.487 10.913
459 -13.773 22.106
460 13.053 8.838
461 -15.128 19.173
462 21.919 -0.275
463 -24.288 -11.393
464 -5.004 -19.275
465 -1.893 -7.895
466 -4.568 16.253
467 13.487 -13.462
468 -21.074 -12.063
469 -11.878 1.035
470 -4.163 -24.381
471 -4.149 -7.697
472 6.126 -22.071
473 7.959 9.847
474 -4.411 -26.492
475 -18.125 -7.234
476 3.655 0.077
477 -17.169 -19.54
478 -24.889 3.331
479 -11.673 -2.1
480 0.049 9.465
481 9.529 -1.684
482 -25.078 -16.048
483 16.522 -13.088
484 12.618 11.496
485 -15.284 12.993
486 15.359 -16.832
487 -12.007 -19.688
488 14.846 -15.861
489 -23.473 11.101
490 19.112 4.43
491 -20.714 -5.193
492 0.094 13.968
493 -17.723 5.812
494 18.717 -2.972
495 -22.915 3.628
496 -1.784 12.57
497 8.435 -5.512
498 -26.476 -9.563
499 12.871 -5.795
500 11.143 11.128
501 -17.083 -3.806
502 -9.591 22.02
503 -11.065 -19.538
504 -1.441 20.817
505 -10.788 4.561
506 -12.916 6.13
507 -1.07 14.537
508 -0.549 13.725
509 5.036 18.83
510 22.359 -0.756
511 -8.516 20.552
512 11.805 -20.512
513 -4.232 -1.48
514 12.61 7.319
515 -18.533 -0.367
516 2.953 -14.025
517 -10.544 3.402
518 -9.361 11.527
519 18.503 -9.223
520 -24.467 15.038
521 12.21 -14.777
522 -11.126 24.38
523 -13.961 6.258
524 -5.036 9.689
525 -10.135 -0.755
526 -18.554 4.4
527 21.432 5.15
528 1.408 -7.639
529 -18.361 19.458
530 -8.149 -24.833
531 -12.516 5.637
532 -8.019 8.807
533 -12.732 3.326
534 -27.139 -11.966
535 18.419 -2.327
536 17.373 -10.826
537 -9.008 -11.141
538 6.191 -23.304
539 -2.534 -12.53
540 7.338 -0.911
541 -18.546 10.969
542 17.384 10.869
543 21.11 -5.011
544 -3.437 -17.66
545 -17.405 -20.352
546 -1.833 16.503
547 -30.586 -1.562
548 -21.017 18.841
549 13.111 -19.933
550 -18.048 -6.328
551 -28.995 -7.084
552 -13.451 -17.987
553 -23.171 -19.076
554 -0.612 -20.768
555 -15.259 -23.403
556 -21.429 -2.524
557 -10.709 19.117
558 5.66 -12.538
559 7.835 -15.718
560 -5.991 -15.765
561 20.085 -6.125
562 2.823 23.88
563 -13.848 4.971
564 0.29 20.079
565 10.353 -12.027
566 -1.937 4.101
567 -23.812 11.969
568 9.574 17.993
569 9.33 -6.865
570 3.412 16.02
571 2.439 4.799
572 -1.093 -3.171
573 -8.74 -17.654
574 15.802 15.487
575 -20.571 -11.041
576 -24.198 -9.6
577 -20.15 -7.124
578 -11.846 -7.68
579 -23.142 -3.81
580 4.075 -7.456
581 15.571 -5.828
582 -29.5 1.773
583 -24.426 -15.489
584 2.612 16.062
585 -12.18 18.171
586 -3.61 -6.936
587 13.039 -11.791
588 -29.705 -6.725
589 4.397 24.084
590 -25.503 9.583
591 22.445 -1.239
592 0.562 -26.262
593 15.9 8.735
594 -27.93 8.608
595 7.818 -10.879
596 -24.283 -8.658
597 -12.486 -23.139
598 19.372 -5.955
599 2.205 12.893
600 -13.836 16.296
601 -27.234 10.459
602 -28.709 -3.405
603 9.889 -16.908
604 -12.217 -11.061
605 7.709 21.367
606 -4.558 -20.928
607 -17.504 -20.975
608 -13.622 11.337
609 -9.309 18.696
610 -8.882 10.806
611 18.786 9.79
612 6.682 10.967
613 -17.335 -4.503
614 -12.015 14.919
615 -6.24 -17.897
616 6.224 10.394
617 17.101 -14.822
618 10.26 -15.611
619 -7.988 23.834
620 4.311 21.144
621 2.918 21.154
622 -13.417 12.715
623 -27.622 -12.558
624 -17.492 -14.236
625 21.464 -6.785
626 -16.321 -19.152
627 -29.432 -3.9
628 -26.795 -10.6
629 5.454 -24.504
630 5.544 24.142
631 -25.125 -12.869
632 9.064 3.824
633 -10.14 0.623
634 2.055 0.446
635 21.173 -9.088
636 -8.739 -25.89
637 5.491 2.912
638 20.663 -8.644
639 -14.762 13.667
640 -23.947 3.139
641 18.169 -2.586
642 -25.545 -8.155
643 -9.728 5.885
644 9.971 19.922
645 -16.805 -19.879
646 22.671 0.104
647 22.428 2.458
648 9.693 21.076
649 10.791 -13.116
650 -26.043 0.605
651 -0.446 -20.924
652 1.686 -11.368
653 -14.039 13.16
654 -27.748 -2.001
655 -9.053 22.75
656 -24.064 -14.404
657 16.261 7.39
658 9.831 1.337
659 -1.084 18.633
660 -21.104 -1.889
661 4.65 6.115
662 -25.969 -16.431
663 -18.22 -21.743
664 -31.015 -2.41
665 3.708 -4.439
666 -0.432 -5.954
667 -11.035 8.106
668 22 5.31
669 18.456 3.13
670 14.61 -13.422
671 -20.741 12.376
672 -11.586 -19.304
673 -23.936 7.267
674 -15.155 12.422
675 -10.805 -5.366
676 -28.882 -3.548
677 -7.756 -15.62
678 -12.237 -4.406
679 -19.833 -8.42
680 8.979 -8.337
681 5.507 -12.629
682 -21.822 14.465
683 21 -0.306
684 -4.505 -5.078
685 20.684 -2.899
686 11.132 8.513
687 9.136 21.997
688 8.058 -3.826
689 4.349 15.012
690 12.907 0.06
691 12.73 -17.584
692 -4.23 -9.767
693 -19.69 -18.818
694 -23.948 10.986
695 -27.909 10.985
696 -14.325 6.966
697 -26.901 2.045
698 -27.473 11.5
699 8.29 -11.295
700 -20.734 16.533
701 -5.706 -23.517
702 1.742 23.648
703 -4.493 11.115
704 -21.099 14.106
705 -8.725 11.773
706 17.335 7.663
707 -0.573 9.057
708 21.423 -3.856
709 9.659 21.693
710 -26.863 -11.497
711 -11.992 -21.86
712 -7.7 -17.129
713 -19.772 15.3
714 10.245 17.517
715 -27.929 -0.628
716 -17.478 -2.339
717 -4.104 -24.334
718 -1.205 2.377
719 -23.078 4.141
720 0.614 -3.89
721 -22.17 -5.702
722 -10.512 20.521
723 -11.449 -15.417
724 12.683 -7.039
725 -10.424 -16.134
726 1.244 17.854
727 8.807 18.363
728 14.687 0.24
729 13.854 -6.13
730 -27.807 -4.079
731 -23.799 9.21
732 -22.878 9.847
733 -15.258 -11.145
734 12.2 10.673
735 -20.354 -12.458
736 20.358 4.097
737 -8.286 -21.021
738 -2.061 12.376
739 -27.223 -8.429
740 21.257 -0.217
741 -0.034 -13.523
742 -14.924 -21.555
743 -30.887 -0.942
744 17.114 -5.252
745 -23.913 -3.117
746 -28 10.789
747 6.853 -20.713
748 -16.788 -18.716
749 -11.069 -9.716
750 -27.423 8.651
751 7.324 -17.827
752 -19.279 -18.282
753 -8.979 22.305
754 5.293 -22.591
755 -4.967 -19.285
756 -8.436 -16.133
757 1.633 22.878
758 -27.746 -13.286
759 -15.779 -6.304
760 -12.171 -10.935
761 -29.314 -10.166
762 -3.245 4.539
763 -8.686 -20.749
764 -27.461 7.007
765 -11.709 21.646
766 18.494 -6.149
767 7.447 3.944
768 -13.368 20.381
769 -11.764 -0.45
770 14.353 18.089
771 -9.217 -1.785
772 -19.708 -9.692
773 -17.333 -10.558
774 8.681 14.3
775 9.551 -20.19
776 20.193 -3.872
777 -1.822 5.324
778 -22.167 7.005
779 -10.258 -25.748
780 5.994 -21.07
781 22.179 -3.011
782 -16.961 12.36
783 -9.211 20.631
784 -15.12 13.208
785 -19.923 -17.273
786 -2.624 -18.16
787 14.48 -17.225
788 -14.677 16.234
789 -12.9 21.502
790 4.616 -10.997
791 16.482 -4.088
792 -10.48 -18.758
793 -5.836 21.818
794 -11.297 -20.056
795 21.288 -0.316
796 3.967 -13.031
797 -29.818 2.342
798 -27.05 1.46
799 -3.27 -25.344
800 2.256 -22.534
801 -14.111 -17.161
802 -30.327 -2.456
803 22.242 -3.438
804 -31.065 0.863
805 -3.949 24.283
806 12.614 15.833
807 -6.299 -12.646
808 2.329 -10.504
809 -23.167 13.109
810 18.274 4.371
811 6.468 14.746
812 15.679 9.382
813 -28.479 4.617
814 5.487 -24.233
815 -16.283 5.188
816 6.451 -12.262
817 -10.993 -16.736
818 15.996 -1.227
819 -0.672 6.783
820 -4.589 20.109
821 13.557 -5.785
822 7.256 -1.626
823 3.289 21.351
824 -31.152 -0.801
825 5.693 -20.036
826 18.695 12.525
827 1.638 17.402
828 5.553 -22.271
829 18.317 13.175
830 7.466 15.898
831 14.675 8.514
832 -7.166 -20.244
833 14.255 -13.344
834 -17.169 4.344
835 5.599 16.585
836 22.338 1.283
837 7.963 -6.61
838 15.328 -14.214
839 -5.412 -7.627
840 11.455 13.699
841 -12.777 0.679
842 -9.91 -7.728
843 2.85 16.095
844 -27.815 -11.224
845 -23.501 -11.651
846 -17.977 16.619
847 -22.228 -12.302
848 -9.104 19.827
849 21.456 0.854
850 -21.548 -3.084
851 -4.541 -20.029
852 -18.213 7.396
853 21.127 3.158
854 -6.547 9.755
855 1.444 0.072
856 -12.056 -19.053
857 -26.424 2.077
858 -21.135 15.631
859 -27.69 -10.069
860 -8.548 15.646
861 10.571 -14.989
862 -5.95 -11.517
863 -6.447 19.141
864 7.558 -2.286
865 -26.747 4.215
866 -26.873 -6.595
867 -16.161 -24.153
868 -16.117 18.998
869 -6.61 22.006
870 -25.025 4.215
871 -17.757 -22.66
872 -9.206 -16.507
873 6.062 0.51
874 6.638 1.112
875 -11.756 4.123
876 2.475 4.175
877 9.178 15.906
878 7.773 15.288
879 -30.495 -3.703
880 -0.705 17.329
881 21.983 2.429
882 12.013 -19.216
883 16.876 9.904
884 -17.468 21.222
885 -8.925 17.048
886 -24.267 -1.437
887 -26.291 5.49
888 -6.329 10.728
889 -17.971 5.718
890 -7.364 14.601
891 7.333 13.378
892 3.663 -19.656
893 -23.394 -14.495
894 -10.047 -13.461
895 -21.698 -7.547
896 -3.512 8.6
897 -28.44 2.291
898 -14.909 -10.316
899 -6.062 -4.253
900 -0.988 20.864
901 -29.249 3.681
902 -10.927 4.31
903 11.154 19.328
904 -23.13 -18.897
905 -15.56 3.697
906 6.502 -15.335
907 0.767 -10.851
908 -0.464 -0.981
909 6.134 -3.705
910 10.216 9.948
911 -5.869 -23.394
912 16.931 8.892
913 -12.819 -0.936
914 -8.611 15.086
915 -8.132 24.943
916 -2.936 -20.663
917 19.997 -5.351
918 -5.37 2.603
919 -31.23 -0.438
920 -10.276 6.205
921 15.124 12.678
922 20.11 -1.97
923 -23.061 3.11
924 17.248 -14.415
925 -13.777 8.479
926 -19.053 -15.073
927 -29.087 3.059
928 14.159 -13.143
929 -0.526 -18.813
930 -13.593 -17.27
931 -18.036 -5.051
932 13.213 -12.974
933 8.976 21.752
934 -22.19 7.927
935 9.167 -15.325
936 8.681 6.981
937 0.34 6.759
938 -2.668 10.201
939 -8.406 -11.158
940 -23.705 -16.82
941 -27.572 -4.569
942 12.456 -3.725
943 7.255 11.321
944 -6.145 12.758
945 -4.129 23.617
946 1.615 -13.662
947 -9.725 23.489
948 13.696 12.022
949 3.292 22.293
950 -9.436 -3.4
951 18.118 -11.718
952 19.798 -4.957
953 21.415 2.539
954 -24.696 11.837
955 -26.361 -0.538
956 -10.642 -12.184
957 -22.148 8.115
958 -6.14 -23.546
959 4.001 -3.731
960 4.493 17.135
961 -14.547 -16.32
962 17.296 11.692
963 -11.139 -14.925
964 17.849 6.329
965 -3.717 -1.556
966 18.381 -1.539
967 -25.343 8.2
968 2.999 1.178
969 -21.674 -3.412
970 21.067 2.18
971 -30.332 3.6
972 -14.849 22.73
973 -10.391 20.402
974 -6.672 -2.95
975 -11.2 -25.476
976 3.203 -10.602
977 15.564 -5.057
978 9.872 18.27
979 18.401 -7.596
980 -13.817 -12.239
981 -14.906 -21.603
982 12.347 6.622
983 21.753 -0.603
984 -10.397 3.97
985 9.61 -9.035
986 16.676 7.121
987 -5.183 10.761
988 -28.336 11.235
989 12.406 -15.859
990 15.145 -0.267
991 -19.224 -22.235
992 8.942 6.844
993 -16.23 22.406
994 15.244 10.418
995 20.665 9.04
996 -20.187 2.858
997 6.534 14.779
998 13.609 -15.606
999 8.269 6.715
1000 9.448 3.487
1001 -30.094 0.432
1002 -11.438 -8.622
1003 10.109 -2.314
1004 -10.592 -7.747
1005 -21.886 -11.601
1006 15.46 11.175
1007 18.44 11.664
1008 -18.763 9.351
1009 21.123 -2.466
1010 19.713 -8.874
1011 -8.737 -15.914
1012 0.762 19.069
1013 -21.174 -17.353
1014 -28.512 -9.159
1015 -5.722 18.625
1016 -21.629 1.37
1017 -27.074 10.513
1018 18.326 11.395
1019 -26.914 9.006
1020 -7.605 14.524
1021 20.166 9.675
1022 2.464 -9.84
1023 8.716 -14.296
1024 11.16 -15.954
1025 -13.5 10.572
1026 5.617 17.09
1027 -11.283 -14.065
1028 -23.189 18.343
1029 1.877 -4.243
1030 -27.859 -7.62
1031 14.599 -8.777
1032 0.983 1.13
1033 -10.538 -13.52
1034 21.749 -2.544
1035 -20.361 -2.192
1036 -7.186 12.167
1037 -14.56 -25.497
1038 17.543 7.255
1039 -7.362 -8.282
1040 14.164 -15.686
1041 -7.77 -15.715
1042 -4.135 23.398
1043 16.26 -9.4
1044 -2.464 4.006
1045 -21.975 10.776
1046 -12.959 13.446
1047 2.132 -0.937
1048 8.552 -16.442
1049 -19.455 10.688
1050 -2.192 -23.757
1051 -29.036 0.596
1052 -30.712 -4.526
1053 12.878 -18.828
1054 15.051 -17.429
1055 9.414 1.499
1056 -19.616 -7.731
1057 8.5 11.005
1058 -8.16 -23.054
1059 -20.907 -11.04
1060 -0.326 -25.991
1061 -16.503 16.823
1062 -18.081 -9.533
1063 -1.332 -19.256
1064 -22.971 1.969
1065 -23.689 -1.871
1066 12.51 13.073
1067 16.625 0.297
1068 7.08 -16.88
1069 20.86 1.689
1070 7.015 -22.645
1071 18.665 0.401
1072 -3.425 -7.966
1073 -9.713 15.727
1074 2.154 -9.497
1075 12.334 -11.107
1076 -29.431 0.782
1077 -29.326 2.08
1078 5.762 -13.467
1079 -25.262 -2.86
1080 -6.245 -7.311
1081 15.702 -12.101
1082 -14.845 5.654
1083 19.794 7.73
1084 -30.736 0.013
1085 -8.649 22.664
1086 -8.826 15.977
1087 -2.941 1.188
1088 -7.298 8.524
1089 -20.535 -17.3
1090 -29.212 -6.535
1091 -24.065 5.079
1092 17.847 -8.548
1093 11.617 -12.118
1094 6.754 12.441
1095 8.639 15.903
1096 0.55 22.784
1097 19.474 -1.088
1098 -6.388 14.892
1099 12.938 3.577
1100 7.143 14.715
1101 -15.686 -0.364
1102 -13.573 -13.049
1103 -9.724 -18.358
1104 -30.386 -0.442
1105 -1.362 11.746
1106 -14.905 -15.75
1107 -2.311 8.062
1108 -29.449 1.611
1109 3.68 19.189
1110 11.756 -7.675
1111 8.249 8.954
1112 3.225 2.343
1113 -14.815 -1.333
1114 -9.041 -11.835
1115 -14.046 22.995
1116 -6.329 -21.668
1117 9.637 17.462
1118 7.154 9.307
1119 19.867 -6.482
1120 6.502 9.328
1121 5.632 6.65
1122 -7.38 12.603
1123 13.793 17.95
1124 16.636 -15.341
1125 20.887 7.686
1126 -0.353 12.464
1127 1.982 -21.989
1128 -4.416 14.586
1129 8.037 12.922
1130 -29.377 4.106
1131 5.555 -11.151
1132 -13.681 -22.494
1133 -7.931 -23.405
1134 -30.829 2.878
1135 7.226 8.081
1136 -15.829 9.89
1137 5.983 -16.142
1138 -1.231 -16.389
1139 -27.663 -0.545
1140 -7.657 -20.536
1141 -12.207 5.428
1142 -19.445 -4.119
1143 9.595 -3.818
1144 -23.874 10.138
1145 -17.528 -23.076
1146 16.291 4.703
1147 -27.278 -8.57
1148 11.689 -13.561
1149 7.734 18.842
1150 0.716 4.345
1151 6.572 17.169
1152 8.635 12.8
1153 -8.595 -24.966
1154 -10.976 16.688
1155 -5.915 -3.226
1156 -7.999 12.996
1157 -2.527 10.759
1158 -5.807 -10.53
1159 -11.626 23.026
1160 -542.95 -529.678
1161 -545.401 -542.058
1162 -538.598 -540.482
1163 -563.632 -534.084
1164 -571.26 -531.427
1165 -580.303 -545.135
1166 -555.073 -524.054
1167 -568.577 -522.254
1168 -537.408 -535.213
1169 -562.205 -515.485
1170 -583.052 -553.991
1171 -586.057 -547.035
1172 -545.283 -532.538
1173 -562.163 -548.639
1174 -586.339 -538.484
1175 -556.71 -552.863
1176 -585.861 -531.809
1177 -556.462 -542.526
1178 -564.3 -521.341
1179 -541.467 -530.321
1180 -538.358 -539.295
1181 -561.988 -550.294
1182 -549.021 -548.235
1183 -540.655 -531.38
1184 -583.886 -534.724
1185 -569.048 -554.01
1186 -566.456 -514.937
1187 -550.298 -553.911
1188 -572.766 -559.874
1189 -584.046 -534.457
1190 -545.561 -541.965
1191 -577.013 -546.014
1192 -544.683 -551.291
1193 -558.217 -517.549
1194 -558.274 -557.223
1195 -555.89 -525.11
1196 -555.133 -537.932
1197 -580.422 -536
1198 -543.69 -548.317
1199 -541.11 -530.392
1200 -558.623 -516.986
1201 -569.984 -522.808
1202 -582.861 -556.81
1203 -558.341 -535.387
1204 -575.184 -548.111
1205 -580.823 -544.082
1206 -558.584 -529.13
1207 -575.932 -558.564
1208 -576.973 -547.493
1209 -544.685 -556.282
1210 -571.82 -521.439
1211 -556.45 -555.324
1212 -573.034 -559.307
1213 -581.332 -527.624
1214 -582.991 -540.725
1215 -544.126 -525.734
1216 -556.024 -551.123
1217 -543.512 -546.139
1218 -575.701 -561.078
1219 -553.558 -545.332
1220 -543.636 -535.928
1221 -576.23 -560.439
1222 -539.803 -550.732
1223 -554.372 -546.294
1224 -581.828 -526.988
1225 -569.025 -523.667
1226 -564.217 -524.638
1227 -580.95 -549.132
1228 -570.117 -556.006
1229 -570.6 -514.426
1230 -546.216 -543.54
1231 -567.023 -545.067
1232 -549.575 -532.151
1233 -554.431 -550.792
1234 -586.894 -536.493
1235 -583.215 -536.457
1236 -551.467 -536.314
1237 -570.427 -540.574
1238 -562.513 -565.646
1239 -578.502 -531.606
1240 -573.224 -515.56
1241 -543.72 -553.575
1242 -574.753 -561.633
1243 -556.588 -564.241
1244 -553.936 -517.832
1245 -544.541 -536.885
1246 -579.641 -536.103
1247 -569.906 -560.687
1248 -563.065 -526.691
1249 -560.303 -542.162
1250 -542.696 -529.843
1251 -577.108 -551.713
1252 -578.043 -518.924
1253 -580.99 -521.11
1254 -586.548 -539.219
1255 -584.961 -548.523
1256 -546.067 -542.339
1257 -579.082 -541.104
1258 -555.177 -534.456
1259 -559.003 -538.484
1260 -578.505 -553.186
1261 -545.067 -542.714
1262 -540.865 -530.032
1263 -559.347 -553.739
1264 -564.69 -559.916
1265 -541.246 -543.775
1266 -586.066 -530.05
1267 -539.085 -538.187
1268 -570.237 -518.052
1269 -537.235 -533.287
1270 -568.228 -550.668
1271 -577.474 -519.091
1272 -585.04 -535.058
1273 -586.982 -537.187
1274 -563.403 -559.374
1275 -583.409 -531.201
1276 -584.904 -536.798
1277 -544.318 -554.593
1278 -560.196 -530.146
1279 -572.575 -530.525
1280 -539.491 -544.024
1281 -558.593 -548.154
1282 -581.55 -544.419
1283 -552.176 -555.192
1284 -572.266 -529.837
1285 -573.611 -549.854
1286 -547.227 -558.336
1287 -574.42 -521.004
1288 -555.499 -520.167
1289 -540.803 -528.544
1290 -557.377 -554.321
1291 -551.864 -531.383
1292 -585.044 -548.994
1293 -547.544 -552.333
1294 -540.687 -529.981
1295 -549.763 -516.573
1296 -576.984 -555.346
1297 -540.481 -532.011
1298 -569.397 -545.641
1299 -561.42 -546.579
1300 -577.338 -531.687
1301 -571.623 -551.046
1302 -587.452 -532.918
1303 -559.999 -524.132
1304 -553.377 -522.42
1305 -564.384 -528.598
1306 -546.848 -531.653
1307 -564.371 -564.379
1308 -552.745 -559.118
1309 -540.971 -547.81
1310 -540.014 -536.769
1311 -551.326 -537.587
1312 -580.262 -528.443
1313 -576.445 -525.216
1314 -560.726 -549
1315 -545.022 -526.613
1316 -586.856 -527.446
1317 -542.574 -556.009
1318 -576.975 -547.802
1319 -584.639 -527.315
1320 -589.509 -539.487
1321 -584.084 -543.166
1322 -578.352 -547.647
1323 -579.099 -544.939
1324 -548.77 -524.127
1325 -586.576 -550.119
1326 -548.188 -518.118
1327 -586.92 -538.613
1328 -560.984 -555.322
1329 -578.512 -542.101
1330 -569.208 -559.514
1331 -585.919 -530.732
1332 -549.297 -561.828
1333 -538.056 -534.137
1334 -543.958 -540.88
1335 -575.547 -538.223
1336 -549.169 -520.628
1337 -570.372 -541.527
1338 -569.71 -531.107
1339 -545.331 -554.745
1340 -573.482 -529.908
1341 -584.722 -528.376
1342 -585.583 -550.074
1343 -542.187 -539.273
1344 -561.712 -557.364
1345 -579.874 -525.374
1346 -579.135 -530.781
1347 -568.211 -544.551
1348 -559.706 -525.495
1349 -573.546 -538.806
1350 -589.286 -544.848
1351 -538.191 -536.815
1352 -539.405 -536.801
1353 -540.803 -537.913
1354 -584.874 -543.483
1355 -583.57 -545.366
1356 -586.461 -534.058
1357 -540.375 -542.724
1358 -550.324 -556.653
1359 -541.744 -536.301
1360 -560.274 -547.344
1361 -539.423 -536.304
1362 -586.037 -535.077
1363 -538.031 -537.847
1364 -570.879 -536.529
1365 -577.465 -522.524
1366 -537.124 -538.933
1367 -564.686 -558.034
1368 -537.481 -541.359
1369 -568.945 -557.571
1370 -581.953 -546.825
1371 -562.878 -550.644
1372 -542.303 -526.73
1373 -586.029 -541.298
1374 -551.853 -526.522
1375 -563.079 -560.242
1376 -569.027 -526.216
1377 -585.793 -535.392
1378 -547.46 -524.297
1379 -565.481 -516.896
1380 -572.181 -554.983
1381 -572.65 -528.5
1382 -543.598 -549.626
1383 -557.238 -551.075
1384 -555.004 -519.557
1385 -556.096 -527.079
1386 -571.136 -543.805
1387 -551.404 -538.172
1388 -555.445 -530.628
1389 -539.8 -541.998
1390 -580.38 -554.106
1391 -569.047 -529.007
1392 -537.204 -540.827
1393 -555.659 -517.09
1394 -554.355 -555.709
1395 -558.685 -530.541
1396 -550.314 -532.835
1397 -566.585 -527.043
1398 -556.104 -526.507
1399 -543.351 -545.629
1400 -537.576 -542.845
1401 -559.687 -553.913
1402 -560.19 -540.251
1403 -541.085 -529.239
1404 -539.186 -531.044
1405 -566.038 -530.25
1406 -585.924 -539.062
1407 -538.769 -534.892
1408 -538.22 -534.111
1409 -552.953 -563.751
1410 -562.82 -515.548
1411 -537.53 -532.835
1412 -576.67 -518.875
1413 -538.112 -547.61
1414 -543.027 -526.201
1415 -560.546 -532.671
1416 -583.161 -525.203
1417 -587.969 -544.089
1418 -568.335 -528.962
1419 -542.326 -556.113
1420 -540.821 -549.373
1421 -566.414 -524.678
1422 -585.316 -527.966
1423 -547.117 -525.554
1424 -580.112 -528.687
1425 -580.092 -552.199
1426 -537.719 -536.382
1427 -587.741 -532.258
1428 -551.341 -525.57
1429 -589.882 -540.457
1430 -548.273 -534.997
1431 -575.45 -522.257
1432 -542.453 -536.35
1433 -540.973 -535.901
1434 -561.224 -531.618
1435 -581.396 -555.082
1436 -574.187 -549.125
1437 -539.112 -542.503
1438 -547.523 -547.277
1439 -561.772 -550.457
1440 -541.355 -527.497
1441 -550.354 -544.681
1442 -550.53 -523.97
1443 -581.135 -543.269
1444 -589.694 -541.626
1445 -582.178 -550.22
1446 -536.904 -536.004
1447 -575.302 -525.432
1448 -553.749 -533.291
1449 -555.176 -558.019
1450 -587.819 -529.399
1451 -565.231 -525.071
1452 -553.979 -544.474
1453 -563.822 -526.732
1454 -569.394 -557.914
1455 -584.018 -543.259
1456 -555.878 -555.189
1457 -576.077 -532.291
1458 -566.394 -550.438
1459 -579.481 -534.092
1460 -536.739 -538.532
1461 -547.166 -545.645
1462 -568.883 -514.69
1463 -556.203 -527.445
1464 -555.773 -552.916
1465 -575.089 -523.118
1466 -585.588 -552.049
1467 -548.975 -523.691
1468 -552.322 -534.189
1469 -577.044 -539.764
1470 -549.877 -552.767
1471 -554.019 -561.891
1472 -563.432 -548.832
1473 -588.921 -543.593
1474 -553.276 -556.518
1475 -536.293 -537.847
1476 -570.201 -528.985
1477 -538.307 -534.823
1478 -561.809 -558.437
1479 -580.632 -551.08
1480 -585.69 -539.525
1481 -577.762 -560.708
1482 -577.314 -551.906
1483 -563.486 -552.079
1484 -562.703 -544.871
1485 -586.24 -549.858
1486 -540.67 -530.955
1487 -574.178 -519.589
1488 -563.173 -522.515
1489 -547.837 -555.036
1490 -587.204 -544.143
1491 -569.786 -563.316
1492 -545.928 -520.485
1493 -574.019 -524.843
1494 -560.223 -564.306
1495 -549.753 -561.438
1496 -573.725 -558.97
1497 -586.836 -550.361
1498 -579.15 -555.318
1499 -547.1 -554.987
1500 -544.004 -553.956
1501 -549.434 -535.87
1502 -553.765 -560.969
1503 -583.224 -539.009
1504 -559.561 -526.129
1505 -543.277 -548.931
1506 -584.521 -525.804
1507 -541.943 -531.517
1508 -555.624 -544.444
1509 -574.271 -541.336
1510 -540.652 -528.922
1511 -537.41 -541.137
1512 -578.627 -550.976
1513 -552.421 -536.714
1514 -580.006 -558.164
1515 -568.965 -561.492
1516 -549.87 -543.306
1517 -540.734 -542.199
1518 -555.527 -540.211
1519 -575.296 -550.793
1520 -542.535 -528.693
1521 -577.527 -517.415
1522 -542.071 -529.666
1523 -560.913 -513.703
1524 -553.481 -564.29
1525 -577.382 -521.13
1526 -580.903 -525.639
1527 -559.463 -558.358
1528 -566.707 -535.837
1529 -571.559 -553.059
1530 -585.798 -527.556
1531 -555.442 -544.774
1532 -583.294 -551.915
1533 -588.107 -538.435
1534 -540.796 -543.445
1535 -551 -537.139
1536 -564.605 -543.557
1537 -569.655 -561.619
1538 -542.234 -545.953
1539 -577.754 -538.129
1540 -586.345 -549.663
1541 -556.091 -532.883
1542 -541.925 -547.554
1543 -565.502 -533.127
1544 -558.289 -562.858
1545 -582.183 -527.148
1546 -560.351 -546.296
1547 -551.359 -553.418
1548 -540.708 -551.407
1549 -571.447 -547.014
1550 -585.804 -540.621
1551 -587.767 -546
1552 -558.385 -557.488
1553 -578.89 -519.488
1554 -537.163 -540.938
1555 -572.694 -543.488
1556 -538.388 -538.722
1557 -541.473 -548.577
1558 -587.293 -542.253
1559 -571.477 -545.154
1560 -581.666 -535.345
1561 -586.12 -525.519
1562 -551.105 -518.476
1563 -581.559 -533.714
1564 -584.044 -553.226
1565 -588.804 -537.035
1566 -538.824 -548.745
1567 -539.42 -536.842
1568 -551.932 -536.812
1569 -564.158 -537.146
1570 -556.992 -537.296
1571 -578.692 -558.735
1572 -584.436 -526.011
1573 -547.061 -552.925
1574 -541.555 -553.087
1575 -540.552 -531.935
1576 -590.006 -539.376
1577 -578.453 -556.184
1578 -582.261 -525.557
1579 -549.849 -547.925
1580 -565.571 -550.796
1581 -575.169 -528.638
1582 -586.946 -534.568
1583 -577.412 -559.581
1584 -564.282 -523.061
1585 -550.352 -542.164
1586 -546.945 -535.456
1587 -575.151 -519.765
1588 -539.927 -538.734
1589 -566.889 -521.379
1590 -548.298 -541.844
1591 -562.946 -530.73
1592 -567.289 -555.686
1593 -548.394 -529.093
1594 -542.786 -532.664
1595 -566.22 -552.704
1596 -565.551 -553.531
1597 -584.251 -536.72
1598 -581.507 -552.064
1599 -543.99 -550.188
1600 -562.184 -540.879
1601 -587.279 -540.134
1602 -586.186 -530.079
1603 -564.639 -536.267
1604 -577.665 -536.012
1605 -554.54 -547.838
1606 -556.983 -555.171
1607 -553.656 -519.585
1608 -560.241 -560.634
1609 -539.934 -527.406
1610 -566.672 -513.66
1611 -561.236 -533.79
1612 -555.39 -556.313
1613 -580.701 -537.874
1614 -572.607 -529.166
1615 -589.44 -535.446
1616 -567.139 -560.882
1617 -541.287 -550.101
1618 -557.385 -523.919
1619 -538.862 -548.479
1620 -550.008 -533.064
1621 -548.53 -535.528
1622 -576.308 -562.025
1623 -555.943 -517.666
1624 -585.133 -551.397
1625 -538.266 -542.875
1626 -548.601 -539.155
1627 -543.183 -552.985
1628 -549.127 -556.526
1629 -567.285 -563.093
1630 -558.423 -546.281
1631 -583.481 -538.376
1632 -589.901 -539.154
1633 -545.021 -545.655
1634 -586.693 -539.614
1635 -578.191 -556.694
1636 -563.658 -558.079
1637 -556.673 -549.123
1638 -563.492 -524.641
1639 -554.52 -534.703
1640 -572.304 -536.922
1641 -551.215 -539.332
1642 -577.6 -534.599
1643 -538.279 -545.471
1644 -557.928 -547.937
1645 -557.103 -548.706
1646 -539.009 -546.682
1647 -582.997 -530.705
1648 -583.07 -521.382
1649 -589.407 -534.605
1650 -589.682 -538.844
1651 -555.187 -517.509
1652 -549.066 -561.688
1653 -557.756 -545.595
1654 -568.892 -525.823
1655 -583.04 -546.779
1656 -545.301 -536
1657 -555.314 -515.5
1658 -589.722 -541.062
1659 -548.148 -536.786
1660 -581.699 -544.668
1661 -568.728 -535.027
1662 -547.285 -559.45
1663 -542.876 -522.749
1664 -536.618 -538.981
1665 -561.851 -524.826
1666 -549.322 -519.18
1667 -586.508 -543.367
1668 -589.532 -535.111
1669 -588.852 -543.82
1670 -537.838 -539.318
1671 -589.701 -538.422
1672 -581.769 -556.824
1673 -585.999 -544.784
1674 -558.075 -547.878
1675 -570.234 -534.621
1676 -563.482 -543.318
1677 -554.72 -545.869
1678 -571.963 -526.451
1679 -582.893 -536.867
1680 -584.607 -528.035
1681 -556.002 -523.035
1682 -547.66 -546.38
1683 -584.873 -526.922
1684 -589.975 -539.63
1685 -551.71 -532.862
1686 -541.139 -527.697
1687 -582.345 -545.031
1688 -578.046 -544.794
1689 -580.111 -557.99
1690 -543.058 -525.561
1691 -559.762 -534.444
1692 -587.509 -542.112
1693 -546.558 -524.534
1694 -548.142 -526.854
1695 -542.589 -527.811
1696 -561.137 -515.086
1697 -570.109 -524.513
1698 -555.968 -562.214
1699 -567.973 -542.155
1700 -584.323 -542.248
1701 -539.373 -541.739
1702 -538.893 -537.87
1703 -559.248 -514.583
1704 -555.778 -550.908
1705 -579.185 -536.204
1706 -558.407 -554.158
1707 -581.795 -554.663
1708 -565.136 -563.85
1709 -561.914 -525.311
1710 -587.258 -538.818
1711 -581.02 -523.638
1712 -542.567 -550.218
1713 -569.736 -550.478
1714 -545.989 -525.043
1715 -564.153 -553.243
1716 -561.36 -530.563
1717 -537.496 -541.972
1718 -568.828 -555.415
1719 -586.053 -530.228
1720 -547.911 -540.1
1721 -559.657 -524.136
1722 -579.77 -524.399
1723 -561.287 -551.799
1724 -585.721 -541.132
1725 -539.718 -547.982
1726 -578.394 -535.008
1727 -546.366 -552.549
1728 -553.973 -559.868
1729 -582.783 -542.423
1730 -538.175 -548.063
1731 -586.586 -544.591
1732 -545.794 -522.083
1733 -582.381 -537.96
1734 -542.596 -540.81
1735 -567.326 -520.122
1736 -543.465 -544.394
1737 -563.548 -513.744
1738 -551.051 -522.647
1739 -546.711 -549.809
1740 -538.224 -541.683
1741 -542.037 -528.682
1742 -540.325 -542.456
1743 -553.405 -523.232
1744 -552.229 -551.472
1745 -579.116 -537.894
1746 -543.614 -534.986
1747 -574.704 -532.712
1748 -563.916 -524.302
1749 -546.616 -557.918
1750 -548.936 -544.436
1751 -569.845 -539.49
1752 -560.944 -555.284
1753 -573.475 -550.585
1754 -573.798 -527.021
1755 -566.788 -513.985
1756 -570.539 -517.383
1757 -561.416 -521.576
1758 -578.045 -556.007
1759 -548.246 -520.107
1760 -587.014 -527.576
1761 -557.095 -536.912
1762 -554.054 -537.762
1763 -587.865 -537.528
1764 -568.849 -526.288
1765 -541.456 -548.104
1766 -539.084 -541.095
1767 -582.163 -545.18
1768 -555.497 -560.958
1769 -550.049 -544.135
1770 -538.966 -544.302
1771 -558.101 -563.918
1772 -585.459 -546.176
1773 -561.313 -524.698
1774 -537.081 -536.257
1775 -568.104 -526.003
1776 -553.783 -516.895
1777 -584.367 -529.818
1778 -546.047 -552.943
1779 -566.273 -522.958
1780 -578.628 -552.351
1781 -548.745 -538.641
1782 -589.768 -541.28
1783 -588.973 -535.839
1784 -573.598 -552.029
1785 -548.573 -527.6
1786 -577.062 -534.298
1787 -555.687 -542.006
1788 -558.118 -534.683
1789 -578.794 -548.363
1790 -562.071 -530.56
1791 -575.704 -532.494
1792 -570.75 -532.727
1793 -558.563 -520.001
1794 -560.064 -524.781
1795 -556.053 -534.721
1796 -545.661 -555.018
1797 -545.577 -557.663
1798 -585.227 -549.629
1799 -573.005 -524.761
1800 -548.991 -555.9
1801 -588.715 -536.614
1802 -581.252 -523.658
1803 -543.25 -553.051
1804 -556.632 -549.246
1805 -536.374 -536.388
1806 -560.879 -555.752
1807 -550.285 -549.849
1808 -586.452 -528.009
1809 -571.136 -521.443
1810 -586.16 -529.38
1811 -559.977 -544.671
1812 -572.526 -515.348
1813 -565.381 -519.582
1814 -570.807 -522.31
1815 -564.529 -550.622
1816 -551.603 -524.494
1817 -582.587 -523.045
1818 -557.535 -561.625
1819 -571.196 -517.003
1820 -569.768 -539.841
1821 -556.583 -527.315
1822 -576.796 -523.841
1823 -556.165 -535.336
1824 -555.267 -540.438
1825 -577.764 -519.196
1826 -548.111 -544.388
1827 -547.165 -557.126
1828 -546.692 -525.214
1829 -538.665 -537.61
1830 -545.652 -523.158
1831 -588.631 -546.116
1832 -585.206 -544.031
1833 -576.083 -536.064
1834 -536.045 -538.529
1835 -575.429 -560.417
1836 -543.327 -535.449
1837 -581.622 -528.419
1838 -564.372 -521.405
1839 -546.569 -532.248
1840 -542.627 -537.655
1841 -559.043 -538.509
1842 -572.554 -551.402
1843 -556.168 -514.599
1844 -571.158 -563.565
1845 -587.423 -545.717
1846 -584.517 -531.196
1847 -575.742 -539.001
1848 -584.288 -552.864
1849 -552.873 -524.401
1850 -571.617 -537.302
1851 -576.956 -559.627
1852 -575.934 -557.833
1853 -573.123 -540.093
1854 -584.647 -532.026
1855 -563.754 -537.461
1856 -554.829 -527.327
1857 -589.476 -542.003
1858 -554.103 -562.51
1859 -541.926 -526
1860 -566.884 -535.897
1861 -558.86 -545.586
1862 -537.216 -544.144
1863 -572.833 -530.034
1864 -565.804 -540.326
1865 -564.794 -538.269
1866 -585.167 -535.394
1867 -556.865 -515.337
1868 -553.288 -553.641
1869 -582.911 -525.567
1870 -552.456 -517.354
1871 -560.049 -538.205
1872 -559.245 -536.579
1873 -542.09 -552.236
1874 -575.989 -524.62
1875 -571.102 -532.444
1876 -569.692 -533.892
1877 -548.819 -520.317
1878 -546.962 -532.105
1879 -552.908 -541.416
1880 -559.917 -515.81
1881 -574.937 -546.743
1882 -585.987 -532.564
1883 -543.561 -549.519
1884 -556.89 -518.881
1885 -542.912 -540.419
1886 -577.309 -561.167
1887 -585.305 -533.31
1888 -582.556 -556.405
1889 -543.773 -545.358
1890 -589.408 -540.919
1891 -559.941 -544.621
1892 -538.179 -539.511
1893 -541.538 -540.086
1894 -549.648 -519.766
1895 -547.99 -530.893
1896 -587.335 -540.674
1897 -573.445 -522.162
1898 -553.065 -538.267
1899 -585.331 -549.862
1900 -571.812 -529.498
1901 -572.857 -542.336
1902 -578.626 -537.072
1903 -567.444 -522.736
1904 -537.532 -545.957
1905 -552.921 -522.553
1906 -547.11 -548.356
1907 -554.194 -520.214
1908 -573.146 -558.183
1909 -565.824 -519.401
1910 -579.226 -531.528
1911 -568.445 -550.037
1912 -545.702 -554.469
1913 -568.573 -545.092
1914 -557.632 -560.679
1915 -582.869 -528.119
1916 -564.701 -539.959
1917 -554.661 -560.915
1918 -584.033 -523.731
1919 -563.423 -546.358
1920 -539.944 -533.812
1921 -558.149 -563.735
1922 -544.515 -553.444
1923 -589.663 -537.245
1924 -586.755 -545.477
1925 -537.39 -546.304
1926 -585.915 -537.493
1927 -581.598 -543.674
1928 -589.477 -537.655
1929 -550.519 -553.571
1930 -576.631 -559.992
1931 -565.125 -532.336
1932 -562.2 -519.991
1933 -584.669 -526.857
1934 -574.604 -537.073
1935 -584.465 -528.462
1936 -580.182 -538.344
1937 -578.263 -557.301
1938 -579.38 -536.158
1939 -538.851 -550.973
1940 -559.433 -558.706
1941 -586.661 -539.435
1942 -574.801 -559.703
1943 -566.033 -521.083
1944 -564.424 -552.847
1945 -581.102 -550.817
1946 -586.996 -531.008
1947 -561.563 -546.765
1948 -569.314 -516.319
1949 -576.457 -556.829
1950 -584.196 -546.815
1951 -564.558 -529.549
1952 -576.607 -544.257
1953 -559.446 -525.804
1954 -572.87 -560.338
1955 -586.102 -538.247
1956 -552.251 -536.602
1957 -566.203 -535.798
1958 -567.191 -526.013
1959 -559.56 -549.671
1960 -549.992 -555.371
1961 -586.557 -526.798
1962 -576.704 -560.703
1963 -584.428 -552.458
1964 -544.837 -556.73
1965 -548.579 -548.734
1966 -539.36 -536.253
1967 -576.107 -546.799
1968 -552.545 -542.996
1969 -577.522 -555.407
1970 -588.105 -548.267
1971 -548.677 -558.677
1972 -568.718 -516.706
1973 -583.124 -539.396
1974 -582.763 -527.715
1975 -569.632 -553.6
1976 -559.989 -515.84
1977 -559.801 -563.022
1978 -565.462 -518.13
1979 -560.459 -532.935
1980 -584.739 -532.187
1981 -557.692 -519.988
1982 -552.958 -536.673
1983 -579.33 -535.178
1984 -537.72 -532.065
1985 -576.851 -520.775
1986 -539.646 -545.418
1987 -565.943 -517.755
1988 -581.79 -547.484
1989 -572.567 -544.517
1990 -536.638 -539.927
1991 -589.489 -536.906
1992 -582.384 -524.661
1993 -547.742 -545.488
1994 -576.542 -540.207
1995 -588.173 -548.107
1996 -537.218 -542.381
1997 -543.156 -555.602
1998 -581.878 -529.661
1999 -552.614 -538.182
2000 -556.684 -527.961
2001 -579.956 -539.048
2002 -587.569 -534.659
2003 -577.978 -523.937
2004 -584.473 -552.753
2005 -558.902 -538.387
2006 -565.086 -553.606
2007 -581.268 -525.344
2008 -589.234 -540.478
2009 -579.523 -544.276
2010 -555.721 -523.16
2011 -555.596 -538.569
2012 -537.733 -543.838
2013 -551.705 -516.57
2014 -553.325 -528.734
2015 -539.496 -536.411
2016 -589.149 -539.038
2017 -571.215 -562.704
2018 -564.221 -524.835
2019 -570.396 -559.146
2020 -574.728 -544.7
2021 -541.105 -529.535
2022 -548.142 -536.397
2023 -588.536 -546.771
2024 -560.821 -518.285
2025 -570.689 -514.698
2026 -546.698 -524.078
2027 -557.435 -559.006
2028 -562.839 -556.311
2029 -563.973 -542.678
2030 -544.221 -547.864
2031 -583.422 -540.968
2032 -573.505 -526.239
2033 -542.559 -529.889
2034 -541.616 -537.469
2035 -556.627 -522.317
2036 -566.38 -542.642
2037 -548.892 -554.8
2038 -584.386 -549.875
2039 -539.526 -529.852
2040 -563.311 -525.792
2041 -579.503 -532.064
2042 -547.794 -552.86
2043 -544.723 -525.769
2044 -555.124 -532.956
2045 -566.625 -540.923
2046 -571.292 -547.76
2047 -539.832 -551.742
2048 -555.263 -540.226
2049 -582.217 -558.123
2050 -544.45 -526.909
2051 -574.662 -541.156
2052 -564.791 -547.546
2053 -544.618 -534.214
2054 -547.206 -541.437
2055 -566.82 -532.47
2056 -560.763 -543.145
2057 -570.284 -545.52
2058 -547.223 -539.248
2059 -560.146 -541.973
2060 -538.905 -528.905
2061 -536.838 -535.407
2062 -580.375 -557.265
2063 -562.683 -529.862
2064 -565.917 -518.903
2065 -589.687 -535.93
2066 -576.947 -547.898
2067 -536.35 -536.493
2068 -543.436 -532.308
2069 -545.662 -519.848
2070 -574.616 -559.876
2071 -552.097 -554.511
2072 -561.013 -548.99
2073 -572.944 -549.781
2074 -555.198 -540.659
2075 -565.753 -555.897
2076 -586.717 -536.514
2077 -567.822 -563.413
2078 -590.004 -539.243
2079 -570.44 -543.724
2080 -559.434 -563.745
2081 -578.558 -557.368
2082 -569.76 -514.747
2083 -582.978 -556.799
2084 -538.923 -535.216
2085 -567.223 -521.925
2086 -584.623 -548.103
2087 -562.98 -512.477
2088 -540.637 -541.768
2089 -555.097 -537.306
2090 -550.662 -517.438
2091 -585.398 -531.955
2092 -562.312 -514.212
2093 -571.327 -556.755
2094 -575.226 -553.6
2095 -538.141 -534.725
2096 -586.11 -526.416
2097 -557.064 -564.319
2098 -548.921 -548.262
2099 -542.067 -535.986
2100 -576.085 -557.205
2101 -575.196 -539.949
2102 -557.656 -538.945
2103 -560.22 -543.124
2104 -582.321 -548.546
2105 -578.286 -560.556
2106 -537.792 -539.486
2107 -558.766 -552.814
2108 -541.778 -531.236
2109 -541.495 -530.773
2110 -552.278 -554.399
2111 -566.494 -527.166
2112 -540.013 -551.04
2113 -538.294 -542.282
2114 -589.969 -540.107
2115 -554.976 -519.417
2116 -566.143 -515.542
2117 -589.36 -535.413
2118 -568.849 -546.607
2119 -555.382 -527.836
2120 -550.84 -539.55
2121 -587.585 -540.48
2122 -574.154 -522.21
2123 -573.71 -529.135
2124 -537.778 -545.469
2125 -573.891 -556.659
2126 -542.268 -552.023
2127 -579.492 -524.575
2128 -581.11 -539.041
2129 -542.085 -522.394
2130 -536.866 -542.89
2131 -540.729 -529.917
2132 -549.649 -554.098
2133 -542.702 -530.631
2134 -556.803 -557.432
2135 -558.082 -538.598
2136 -564.198 -554.69
2137 -548.927 -557.825
2138 -563.64 -512.506
2139 -547.421 -518.507
2140 -567.078 -522.738
2141 -584.132 -532.152
2142 -549.056 -522.272
2143 -574.856 -548.913
2144 -549.654 -526.799
2145 -575.331 -518.903
2146 -561.502 -516.085
2147 -557.33 -558.355
2148 -579.947 -519.462
2149 -562.831 -566.023
2150 -553.061 -520.204
2151 -586.534 -536.116
2152 -586.744 -531.259
2153 -542.968 -546.985
2154 -553.069 -558.955
2155 -564.608 -560.373
2156 -548.964 -520.009
2157 -562.782 -559.721
2158 -557.544 -521.606
2159 -571.24 -563.513
2160 -575.894 -536.232
2161 -570.041 -536.454
2162 -558.657 -543.598
2163 -555.08 -516.461
2164 -575.667 -559.212
2165 -549.536 -529.165
2166 -587.882 -546.229
2167 -580.038 -526.537
2168 -586.782 -530.108
2169 -560.744 -564.115
2170 -561.14 -523.361
2171 -541.141 -541.436
2172 -584.238 -532.528
2173 -550.596 -524.64
2174 -553.961 -539.376
2175 -581.469 -551.977
2176 -542.305 -522.569
2177 -582.608 -521.332
2178 -566.692 -563.92
2179 -542.012 -536.862
2180 -555.82 -548.221
2181 -566.8 -538.336
2182 -554.787 -534.022
2183 -589.599 -542.548
2184 -575.543 -546.917
2185 -555.487 -553.235
2186 -560.186 -528.83
2187 -587.066 -545.348
2188 -577.801 -524.376
2189 -540.389 -549.055
2190 -577.277 -561.178
2191 -565.708 -545.138
2192 -553.538 -525.592
2193 -536.603 -534.378
2194 -555.094 -560.361
2195 -548.398 -520.368
2196 -540.195 -540.971
2197 -564.075 -528.643
2198 -577.197 -533.414
2199 -561.63 -561.095
2200 -568.211 -520.075
2201 -545.164 -523.091
2202 -550.511 -547.387
2203 -553.912 -533.064
2204 -552.452 -524.574
2205 -553.31 -525.992
2206 -546.057 -541.407
2207 -552.114 -528.09
2208 -579.79 -524.232
2209 -562.116 -517.541
2210 -560.78 -554.516
2211 -585.583 -540.9
2212 -558.951 -557.397
2213 -566.761 -550.298
2214 -566.948 -548.336
2215 -562.617 -531.654
2216 -541.998 -551.443
2217 -538.355 -541.311
2218 -537.562 -530.71
2219 -565.415 -561.148
2220 -554.146 -563.876
2221 -582.736 -545.611
2222 -575.434 -548.486
2223 -553.697 -559.986
2224 -562.134 -525.691
2225 -567.468 -520.506
2226 -579.232 -535.659
2227 -580.571 -558.728
2228 -565.82 -539.685
2229 -580.98 -539.531
2230 -561.23 -542.199
2231 -552.394 -524.504
2232 -539.859 -534.898
2233 -544.302 -553.51
2234 -549.117 -539.546
2235 -562.32 -546.876
2236 -563.08 -521.207
2237 -581.411 -546.414
2238 -580.126 -555.926
2239 -557.027 -563.877
2240 -578.528 -524.188
2241 -589.523 -538.782
2242 -541.487 -541.505
2243 -551.206 -515.514
2244 -588.496 -535.328
2245 -536.477 -542.704
2246 -574.132 -524.204
2247 -564.837 -527.691
2248 -542.362 -552.207
2249 -550.635 -523.019
2250 -589.908 -541.122
2251 -570.003 -561.572
2252 -553.841 -558.642
2253 -566.696 -557.355
2254 -547.497 -527.032
2255 -556.838 -534.261
2256 -577.929 -546.985
2257 -565.09 -559.843
2258 -563.171 -537.267
2259 -564.709 -527.673
2260 -564.267 -523.36
2261 -583.803 -523.85
2262 -553.163 -549.939
2263 -541.751 -541.499
2264 -543.037 -548.764
2265 -539.794 -546.666
2266 -541.253 -538.415
2267 -554.253 -545.616
2268 -567.533 -556.945
2269 -564.97 -513.676
2270 -542.867 -523.105
2271 -544.72 -553.233
2272 -538.014 -535.263
2273 -548.221 -531.989
2274 -549.508 -551.655
2275 -541.638 -533.305
2276 -542.364 -555.495
2277 -567.102 -520.174
2278 -562.579 -523.941
2279 -538.612 -544.995
2280 -573.074 -561.618
2281 -558.823 -558.051
2282 -546.854 -540.96
2283 -555.848 -516.859
2284 -577.661 -558.417
2285 -536.206 -537.264
2286 -547.764 -536.967
2287 -575.036 -548.05
2288 -570.478 -563.93
2289 -554.946 -554.995
2290 -538.138 -534.173
2291 -584.394 -547.853
2292 -578.905 -558.758
2293 -553.731 -556.233
2294 -587.238 -548.829
2295 -588.66 -533.259
2296 -566.75 -534.822
2297 -575.437 -538.906
2298 -570.913 -522.245
2299 -560.256 -538.28
2300 -551.717 -522.591
2301 -558.041 -553.758
2302 -551.402 -524.496
2303 -582.021 -524.219
2304 -562.163 -531.744
2305 -578.08 -532.013
2306 -560.874 -538.342
2307 -572.3 -542.19
2308 -553.575 -526.423
2309 -540.069 -531.977
2310 -556.969 -553.458
2311 -567.655 -523.144
2312 -580.498 -541.762
2313 -537.683 -534.071
2314 -581.792 -535.569
2315 -575.496 -553.995
2316 -546.089 -546.681
2317 -557.402 -521.159
2318 -323.746 -910.781
2319 -330.461 -909.703
2320 -326.136 -869.31
2321 -345.228 -898.604
2322 -302.693 -897.904
2323 -325.664 -873.409
2324 -299.927 -884.642
2325 -309.408 -887.113
2326 -316.748 -911.843
2327 -313.007 -910.131
2328 -341.756 -879.53
2329 -333.865 -895.257
2330 -331.166 -915.388
2331 -342.392 -889.531
2332 -318.728 -883.808
2333 -324.429 -886.455
2334 -320.907 -912.874
2335 -341.645 -902.054
2336 -326.834 -904.094
2337 -300.904 -893.938
2338 -332.673 -900.158
2339 -314.045 -870.548
2340 -313.849 -913.639
2341 -331.626 -873.811
2342 -313.93 -880.556
2343 -332.428 -899.536
2344 -306.48 -893.966
2345 -323.141 -893.716
2346 -335.742 -909.939
2347 -298.85 -885.438
2348 -317.62 -875.481
2349 -298.117 -896.854
2350 -330.178 -893.508
2351 -313.706 -907.874
2352 -324.833 -905.33
2353 -306.454 -898.849
2354 -337.431 -880.087
2355 -313.523 -870.128
2356 -338.083 -886.145
2357 -306.356 -880.089
2358 -329.215 -879.705
2359 -305.24 -880.687
2360 -309.989 -878.51
2361 -305.662 -907.683
2362 -299.222 -896.478
2363 -313.232 -912.661
2364 -309.914 -897.946
2365 -333.081 -873.162
2366 -327.131 -915.871
2367 -300 -900.965
2368 -306.324 -880.084
2369 -324.354 -885.579
2370 -336.754 -886.622
2371 -331.456 -892.346
2372 -326.763 -893.406
2373 -330.313 -906.496
2374 -328.785 -869.742
2375 -339.614 -890.917
2376 -340.237 -893.79
2377 -332.654 -887.706
2378 -306.393 -902.349
2379 -317.943 -870.819
2380 -328.811 -882.118
2381 -332.39 -902.276
2382 -328.808 -910.676
2383 -344.316 -887.07
2384 -343.814 -896.854
2385 -310.572 -898.586
2386 -321.834 -880.912
2387 -303.412 -885.319
2388 -309.447 -890.259
2389 -317.01 -877.311
2390 -334.111 -879.562
2391 -307.378 -896.689
2392 -343.143 -881.173
2393 -319.659 -873.404
2394 -319.65 -893.926
2395 -344.208 -883.377
2396 -320.781 -907.832
2397 -298.922 -895.141
2398 -304.616 -878.165
2399 -333.002 -897.633
2400 -298.283 -894.782
2401 -344.433 -900.761
2402 -311.241 -879.993
2403 -316.353 -913.856
2404 -345.601 -899.271
2405 -304.141 -901.645
2406 -328.702 -906.798
2407 -326.563 -870.995
2408 -347.251 -891.672
2409 -346.076 -886.667
2410 -311.871 -909.93
2411 -344.225 -898.838
2412 -330.985 -881.277
2413 -312.326 -911.575
2414 -334.759 -880.054
2415 -316.746 -881.475
2416 -319.213 -910.255
2417 -321.36 -895.474
2418 -337.335 -904.742
2419 -327.349 -871.106
2420 -317.509 -891.602
2421 -339.393 -874.82
2422 -342.353 -876.665
2423 -305.377 -880.608
2424 -305.092 -891.088
2425 -325.794 -885.686
2426 -310.56 -881.155
2427 -330.997 -882.305
2428 -333.612 -889.356
2429 -302.589 -877.631
2430 -347.207 -888.996
2431 -331.821 -904.079
2432 -305.259 -908.763
2433 -312.772 -898.379
2434 -327.694 -905.648
2435 -299.339 -887.251
2436 -313.219 -915.048
2437 -328.826 -883.701
2438 -318.181 -887.567
2439 -325.602 -885.703
2440 -304.646 -883.545
2441 -343.698 -903.15
2442 -325.617 -871.057
2443 -336.149 -910.679
2444 -313.369 -887.535
2445 -312.206 -906.556
2446 -319.092 -912.74
2447 -322.648 -874.218
2448 -326.657 -888.012
2449 -318.584 -909.103
2450 -339.944 -906.088
2451 -332.794 -914.795
2452 -318.352 -893.659
2453 -347.728 -889.244
2454 -344.564 -899.923
2455 -324.74 -899.108
2456 -342.998 -894.109
2457 -316.268 -879.271
2458 -331.97 -884.66
2459 -345.944 -886.24
2460 -313.107 -887.975
2461 -320.717 -887.815
2462 -344.98 -888.308
2463 -314.336 -886.021
2464 -344.104 -895.205
2465 -328.012 -900.289
2466 -317.751 -885.041
2467 -321.386 -870.286
2468 -314.165 -892.966
2469 -320.286 -891.395
2470 -300.891 -886.014
2471 -315.909 -890.574
2472 -342.108 -888.04
2473 -320.289 -879.684
2474 -341.79 -887.209
2475 -337.898 -911.749
2476 -318.209 -891.51
2477 -314.133 -875.162
2478 -316.414 -895.298
2479 -308.018 -906.711
2480 -318.147 -899.982
2481 -333.832 -908.072
2482 -329.628 -888.756
2483 -346.128 -890.522
2484 -316.291 -899.911
2485 -316.743 -870.746
2486 -310.729 -895.716
2487 -306.874 -904.534
2488 -301.899 -897.091
2489 -302.185 -886.226
2490 -338.737 -904.036
2491 -347.771 -895.851
2492 -329.538 -900.543
2493 -314.135 -888.724
2494 -336.261 -898.289
2495 -298.227 -897.852
2496 -330.203 -885.202
2497 -304.741 -897.239
2498 -338.845 -881.568
2499 -329.149 -913.163
2500 -315.953 -912.9
2501 -340.567 -906.596
2502 -339.727 -901.929
2503 -317.137 -871.635
2504 -325.939 -884.987
2505 -332.638 -912.322
2506 -339.535 -875.04
2507 -347.246 -888.769
2508 -308.817 -873.804
2509 -341.514 -899.292
2510 -300.321 -881.688
2511 -347.217 -893.447
2512 -323.744 -907.42
2513 -320.79 -911.575
2514 -309.854 -887.001
2515 -337.218 -909.814
2516 -311.294 -904.927
2517 -335.361 -883.321
2518 -302.407 -893.421
2519 -335.573 -903.68
2520 -305.022 -906.408
2521 -345.705 -886.077
2522 -325.23 -907.02
2523 -344.407 -896.915
2524 -318.155 -897.109
2525 -304.138 -898.024
2526 -302.875 -888.449
2527 -340.177 -885.766
2528 -305.316 -907.181
2529 -310.725 -899.017
2530 -318.925 -915.019
2531 -328.735 -903.371
2532 -309.423 -909.212
2533 -315.083 -911.738
2534 -312.814 -880.621
2535 -312.279 -890.554
2536 -306.047 -886.92
2537 -331.29 -912.219
2538 -321.863 -896.623
2539 -347.035 -898.877
2540 -322.985 -872.663
2541 -307.17 -890.416
2542 -302.435 -877.982
2543 -332.48 -886.313
2544 -300.211 -886.701
2545 -344.272 -895.573
2546 -301.243 -889.142
2547 -340.054 -876.668
2548 -347.536 -888.839
2549 -332.503 -883.979
2550 -345.259 -898.488
2551 -314.95 -889.258
2552 -301.009 -882.091
2553 -341.318 -881.399
2554 -305.671 -877.853
2555 -315.756 -876.359
2556 -343.403 -902.274
2557 -342.45 -894.688
2558 -328.391 -894.157
2559 -298.648 -895.766
2560 -332.7 -899.094
2561 -306.344 -886.688
2562 -299.796 -901.854
2563 -335.842 -902.714
2564 -326.353 -897.508
2565 -334.643 -889.978
2566 -325.884 -870.307
2567 -304.072 -893.067
2568 -319.367 -869.134
2569 -315.791 -910.47
2570 -320.169 -902.705
2571 -346.179 -886.862
2572 -309.791 -908.693
2573 -325.202 -883.895
2574 -304.257 -904.742
2575 -343.665 -887.709
2576 -330.833 -888.423
2577 -344.238 -882.906
2578 -340.731 -890.328
2579 -340.93 -897.151
2580 -314.199 -904.767
2581 -328.918 -894.509
2582 -342.078 -882.676
2583 -320.787 -870.388
2584 -329.675 -879.984
2585 -310.418 -906.049
2586 -306.745 -887.207
2587 -310.124 -874.396
2588 -344.796 -882.328
2589 -313.907 -873.053
2590 -311.567 -878.868
2591 -337.789 -902.178
2592 -344.837 -903.733
2593 -305.998 -891.34
2594 -313.199 -876.568
2595 -338.101 -893.904
2596 -332.462 -914.673
2597 -309.394 -898.502
2598 -301.764 -889.967
2599 -310.924 -871.293
2600 -314.746 -905.756
2601 -339.582 -900.061
2602 -323.925 -885.948
2603 -327.584 -894.984
2604 -315.619 -886.828
2605 -315.074 -889.274
2606 -331.869 -885.823
2607 -304.685 -896.283
2608 -302.978 -891.474
2609 -328.167 -878.732
2610 -329.288 -913.826
2611 -340.683 -887.221
2612 -338.979 -908.889
2613 -341.682 -876.942
2614 -317.281 -903.21
2615 -335.375 -880.696
2616 -313.314 -904.778
2617 -306.59 -898.363
2618 -330.126 -887.859
2619 -314.199 -893.292
2620 -307.935 -886.033
2621 -322.202 -889.484
2622 -315.194 -872.748
2623 -335.931 -913.003
2624 -310.773 -884.898
2625 -304.819 -887.674
2626 -306.696 -890.666
2627 -306.42 -904.076
2628 -332.871 -889.617
2629 -318.234 -900.672
2630 -333.034 -906.888
2631 -306.527 -895.001
2632 -328.536 -890.61
2633 -309.582 -897.448
2634 -345.438 -881.473
2635 -345.968 -895.502
2636 -315.856 -898.574
2637 -340.841 -884.169
2638 -317.18 -870.652
2639 -346.97 -890.306
2640 -312.346 -900.29
2641 -334.055 -881.21
2642 -305.477 -875.918
2643 -314.382 -894.749
2644 -305.681 -874.979
2645 -324.081 -897.101
2646 -329.275 -892.682
2647 -305 -901.46
2648 -322.868 -890.278
2649 -299.709 -898.773
2650 -326.085 -887.353
2651 -306.064 -908.952
2652 -342.079 -903.902
2653 -343.529 -895.128
2654 -343.165 -892.758
2655 -322.812 -908.954
2656 -344.128 -898.045
2657 -307.466 -896.423
2658 -300.678 -891.75
2659 -322.388 -886.785
2660 -320.678 -885.93
2661 -300.23 -902.074
2662 -300.99 -898.525
2663 -345.561 -891.756
2664 -330.514 -872.969
2665 -326.819 -884.405
2666 -312.329 -915.238
2667 -311.606 -886.035
2668 -333.778 -888.443
2669 -325.64 -874.588
2670 -330.174 -879.162
2671 -327.127 -915.486
2672 -315.283 -888.092
2673 -329.827 -892.043
2674 -328.252 -912.62
2675 -335.856 -888.648
2676 -333.675 -912.249
2677 -306.762 -882.816
2678 -299.553 -893.567
2679 -332.008 -887.919
2680 -311.781 -875.459
2681 -306.314 -906.673
2682 -338.749 -885.135
2683 -334.589 -872.9
2684 -346.382 -890.912
2685 -314.141 -901.81
2686 -346.549 -886.482
2687 -306.769 -911.348
2688 -345.492 -881.865
2689 -347.443 -887.251
2690 -339.813 -911.154
2691 -299.624 -884.825
2692 -309.547 -876.34
2693 -321.568 -904.167
2694 -344.558 -897.605
2695 -303.369 -903.077
2696 -314.508 -876.418
2697 -301.129 -884.654
2698 -336.2 -894.505
2699 -327.314 -876.385
2700 -334.703 -883.281
2701 -347.8 -896.894
2702 -344.779 -888.283
2703 -324.316 -876.186
2704 -316.143 -899.52
2705 -334.982 -893.25
2706 -329.926 -915.824
2707 -323.148 -896.722
2708 -301.94 -878.795
2709 -311.823 -882.563
2710 -330.31 -878.353
2711 -330.005 -875.995
2712 -325.464 -901.076
2713 -339.951 -909.336
2714 -306.765 -909.122
2715 -319.399 -912.301
2716 -330.997 -905.657
2717 -329.517 -909.61
2718 -301.406 -891.687
2719 -317.233 -891.611
2720 -322.458 -878.105
2721 -314.207 -879.059
2722 -327.751 -884.95
2723 -330.618 -883.348
2724 -309.942 -875.289
2725 -316.747 -893.82
2726 -312.924 -908.285
2727 -334.86 -899.561
2728 -345.699 -887.825
2729 -330.895 -906.006
2730 -336.234 -907.417
2731 -307.744 -872.672
2732 -309.124 -893.376
2733 -308.645 -873.324
2734 -304.02 -879.025
2735 -338.547 -882.83
2736 -331.201 -871.692
2737 -323.365 -904.451
2738 -301.132 -898.16
2739 -333.296 -882.213
2740 -330.584 -911.139
2741 -322.342 -912.56
2742 -347.688 -893.964
2743 -301.43 -901.837
2744 -308.176 -878.563
2745 -308.043 -900.559
2746 -308.243 -891.351
2747 -338.919 -891.494
2748 -299.054 -900.508
2749 -346.021 -891.058
2750 -306.746 -893.301
2751 -333.247 -914.785
2752 -308.067 -911.741
2753 -341.67 -905.263
2754 -318.18 -917.257
2755 -347.756 -893.309
2756 -329.617 -909.496
2757 -335.75 -912.407
2758 -330.551 -910.018
2759 -346.358 -885.912
2760 -304.326 -883.829
2761 -330.488 -906.548
2762 -334.905 -880.672
2763 -332.928 -908.782
2764 -315.543 -876.957
2765 -308.986 -871.509
2766 -327.518 -886.418
2767 -343.671 -901.585
2768 -300.804 -894.466
2769 -347.045 -898.121
2770 -305.732 -874.879
2771 -298.064 -889.04
2772 -308.169 -901.086
2773 -326.862 -884.598
2774 -328.645 -902.613
2775 -334.91 -893.376
2776 -324.962 -897.567
2777 -308.695 -900.666
2778 -319.862 -867.592
2779 -322.46 -891.184
2780 -315.082 -868.435
2781 -326.039 -880.622
2782 -316.207 -891.843
2783 -322.809 -873.263
2784 -320.976 -894.93
2785 -311.007 -871.397
2786 -346.743 -891.445
2787 -300.075 -884.707
2788 -301.381 -900.109
2789 -314.333 -906.762
2790 -341.038 -887.847
2791 -311.698 -902.51
2792 -324.25 -889.292
2793 -303.161 -884.987
2794 -343.577 -896.994
2795 -317.867 -877.016
2796 -336.2 -897.249
2797 -304.217 -879.683
2798 -313.068 -895.179
2799 -327.616 -884.388
2800 -335.641 -910.527
2801 -333.534 -884.009
2802 -339.164 -889.815
2803 -307.231 -886.96
2804 -318.04 -875.235
2805 -300.698 -898.051
2806 -337.456 -904.368
2807 -335.782 -894.294
2808 -326.708 -867.878
2809 -346.073 -888.786
2810 -340.505 -891.247
2811 -323.472 -888.828
2812 -327.49 -872.186
2813 -338.274 -890.984
2814 -341.806 -892.51
2815 -342.571 -894.72
2816 -322.221 -887.97
2817 -337.363 -897.156
2818 -312.163 -894.561
2819 -300.6 -885.331
2820 -328.077 -881.39
2821 -330.755 -910.79
2822 -301.645 -879.99
2823 -317.094 -894.272
2824 -309.93 -893.024
2825 -332.602 -906.369
2826 -298.261 -892.524
2827 -340.023 -881.332
2828 -323.732 -891.688
2829 -301.254 -889.091
2830 -338.763 -880.333
2831 -298.654 -888.655
2832 -298.909 -887.863
2833 -322.802 -904.26
2834 -345.147 -895.626
2835 -330.336 -905.979
2836 -327.276 -883.936
2837 -302.109 -885.885
2838 -342.147 -901.1
2839 -307.582 -890.452
2840 -305.041 -882.16
2841 -313.112 -908.643
2842 -325.243 -879.576
2843 -337.923 -872.844
2844 -303.808 -905.64
2845 -303.91 -887.976
2846 -308.766 -910.507
2847 -319.934 -882.49
2848 -299.914 -892.118
2849 -339.506 -894.848
2850 -340.154 -878.81
2851 -313.827 -895.985
2852 -300.888 -885.555
2853 -323.092 -871.922
2854 -334.648 -886.383
2855 -327.847 -894.225
2856 -320.976 -874.102
2857 -325.192 -912.698
2858 -305.484 -905.132
2859 -342.29 -878.949
2860 -346.254 -896.09
2861 -330.868 -897.09
2862 -326.96 -909.648
2863 -331.243 -883.689
2864 -298.018 -892.275
2865 -334.363 -896.939
2866 -317.839 -897.703
2867 -298.01 -890.219
2868 -346.306 -897.008
2869 -306.463 -879.097
2870 -345.166 -895.372
2871 -303.574 -882.458
2872 -334.3 -875.427
2873 -322.26 -894.256
2874 -336.943 -900.839
2875 -347.426 -887.894
2876 -323.7 -880.233
2877 -314.489 -880.985
2878 -310.08 -872.048
2879 -346.278 -901.303
2880 -335.368 -905.597
2881 -310.115 -882.703
2882 -307.034 -899.539
2883 -332.964 -881.305
2884 -341.615 -908.32
2885 -326.388 -868.269
2886 -336.93 -872.355
2887 -343.432 -902.494
2888 -312.327 -877.872
2889 -335.807 -882.975
2890 -335.616 -893.942
2891 -322.293 -875.895
2892 -329.155 -887.623
2893 -314.094 -903.27
2894 -336.695 -878.386
2895 -301.64 -900.284
2896 -304.152 -903.139
2897 -303.818 -881.995
2898 -312.422 -911.15
2899 -303.918 -891.754
2900 -308.822 -891.649
2901 -335.634 -877.09
2902 -314.967 -911.813
2903 -303.375 -877.874
2904 -298.841 -891.234
2905 -321.073 -916.33
2906 -323.127 -906.987
2907 -308.615 -874.273
2908 -310.799 -906.195
2909 -335.754 -886.617
2910 -298.026 -893.666
2911 -300.057 -894.62
2912 -330.264 -900.991
2913 -337.213 -908.536
2914 -338.313 -885.88
2915 -344.116 -890.101
2916 -317.882 -916.929
2917 -334.406 -872.061
2918 -326.716 -870.383
2919 -317.754 -877.601
2920 -327.831 -888.018
2921 -331.72 -904.741
2922 -304.309 -877.05
2923 -320.947 -886.596
2924 -320.063 -899.881
2925 -308.856 -902.5
2926 -330.632 -889.552
2927 -340.562 -879.684
2928 -318.417 -867.703
2929 -301.838 -902.403
2930 -314.604 -885.702
2931 -312.453 -882.68
2932 -346.092 -883.534
2933 -341.58 -893.224
2934 -339.29 -899.156
2935 -329.927 -888.895
2936 -332.827 -886.258
2937 -300.862 -891.519
2938 -312.005 -876.316
2939 -323.385 -891.625
2940 -310.097 -874.069
2941 -344.862 -896.762
2942 -344.387 -880.783
2943 -333.103 -914.891
2944 -330.98 -878.863
2945 -322.373 -894.14
2946 -326.301 -907.712
2947 -336.884 -874.328
2948 -324.983 -876.448
2949 -303.544 -894.706
2950 -325.944 -881.624
2951 -312.058 -873.515
2952 -300.251 -883.382
2953 -336.144 -895.194
2954 -322.273 -880.36
2955 -346.353 -896.528
2956 -303.892 -900.89
2957 -301.109 -899.895
2958 -333.878 -891.899
2959 -316.612 -874.328
2960 -318.245 -910.71
2961 -299.607 -899.763
2962 -324.322 -871.278
2963 -324.77 -909.369
2964 -324.537 -875.567
2965 -312.991 -901.393
2966 -312.903 -911.836
2967 -300.222 -902.17
2968 -309.209 -909.919
2969 -345.648 -899.853
2970 -347.444 -890.494
2971 -340.385 -886.338
2972 -328.846 -907.769
2973 -322.231 -895.518
2974 -347.368 -890.949
2975 -333.87 -897.166
2976 -338.813 -873.812
2977 -316.784 -884.06
2978 -332.824 -895.292
2979 -304.981 -896.487
2980 -314.605 -889.352
2981 -320.428 -903.227
2982 -326.88 -876.985
2983 -316.298 -885.017
2984 -298.085 -888.805
2985 -319.442 -889.571
2986 -323.836 -885.191
2987 -318.828 -901.496
2988 -339.264 -907.929
2989 -307.192 -905.905
2990 -340.498 -907.857
2991 -330.66 -901.14
2992 -308.643 -890.656
2993 -308.833 -882.713
2994 -306.161 -901.635
2995 -330.447 -891.072
2996 -329.987 -888.233
2997 -304.986 -902.259
2998 -308.558 -875.359
2999 -330.316 -890.746
3000 -318.035 -905.778
3001 -331.275 -887.874
3002 -337.216 -881.236
3003 -340.251 -896.732
3004 -328.956 -870.749
3005 -305.98 -885.236
3006 -337.987 -889.149
3007 -315.468 -872.453
3008 -314.104 -881.67
3009 -314.112 -905.062
3010 -344.92 -896.834
3011 -316.432 -906.118
3012 -325.776 -873.225
3013 -307.271 -888.751
3014 -343.848 -903.438
3015 -325.46 -869.133
3016 -311.841 -886.192
3017 -305.506 -904.286
3018 -337.608 -900.356
3019 -342.198 -900.476
3020 -331.906 -906.541
3021 -336.198 -877.368
3022 -342.298 -897.492
3023 -303.096 -906.534
3024 -328.612 -901.955
3025 -317.938 -880.847
3026 -328.225 -887.226
3027 -309.664 -904.457
3028 -322.297 -879.193
3029 -326.149 -877.834
3030 -306.145 -882.286
3031 -319.132 -909.667
3032 -335.15 -876.781
3033 -333.079 -872.19
3034 -338.289 -905.435
3035 -339.593 -876.203
3036 -300.307 -898.975
3037 -345.946 -882.493
3038 -309.351 -893.047
3039 -311.833 -898.188
3040 -321.158 -885.543
3041 -331.187 -880.204
3042 -319.604 -902.521
3043 -341.484 -901.063
3044 -307.381 -907.147
3045 -301.82 -901.143
3046 -337.635 -896.895
3047 -317.943 -876.952
3048 -323.202 -902.308
3049 -299.034 -895.926
3050 -303.167 -884.009
3051 -312.586 -901.622
3052 -321.907 -886.763
3053 -322.223 -906.651
3054 -326.929 -884.857
3055 -330.845 -914.372
3056 -311.109 -913.145
3057 -310.918 -890.432
3058 -308.68 -876.129
3059 -331.372 -870.884
3060 -304.736 -891.271
3061 -308.922 -897.939
3062 -321.72 -882.727
3063 -345.33 -904.239
3064 -314.377 -913.916
3065 -300.391 -881.031
3066 -299.907 -899.211
3067 -333.74 -872.789
3068 -338.087 -902.883
3069 -307.63 -886.196
3070 -344.617 -897.91
3071 -300.283 -894.586
3072 -339.749 -899.242
3073 -334.346 -874.075
3074 -346.458 -890.166
3075 -327.023 -879.875
3076 -321.469 -898.694
3077 -307.52 -883.101
3078 -298.078 -897.11
3079 -306.039 -910.175
3080 -336.71 -890.003
3081 -345.691 -896.914
3082 -322.244 -906.056
3083 -336.201 -888.539
3084 -333.396 -876.729
3085 -315.849 -915.75
3086 -309.675 -886.94
3087 -325.068 -897.483
3088 -333.364 -905.191
3089 -331.809 -891.287
3090 -339.213 -886.726
3091 -325.157 -881.636
3092 -331.297 -869.703
3093 -301.002 -886.488
3094 -334.267 -886.69
3095 -329.864 -872.378
3096 -336.48 -885.56
3097 -334.63 -893.922
3098 -299.732 -896.613
3099 -347.338 -889.802
3100 -313.043 -886.698
3101 -303.761 -883.021
3102 -311.419 -913.909
3103 -306.572 -882.109
3104 -304.806 -897.617
3105 -330.741 -883.115
3106 -302.264 -895.211
3107 -347.682 -888.073
3108 -310.751 -893.432
3109 -302.762 -905.482
3110 -310.953 -872.746
3111 -320.077 -867.978
3112 -318.33 -884.069
3113 -313.173 -908.197
3114 -308.989 -898.771
3115 -321.533 -886.388
3116 -342.984 -885.095
3117 -342.664 -883.617
3118 -321.221 -891.176
3119 -318.025 -868.128
3120 -324.541 -896.895
3121 -299.835 -895.066
3122 -309.698 -893.708
3123 -303.462 -883.463
3124 -324.925 -879.976
3125 -305.473 -880.13
3126 -303.411 -904.558
3127 -343.796 -895.406
3128 -343.641 -894.773
3129 -321.453 -879.026
3130 -306.17 -897.518
3131 -341.562 -901.376
3132 -322.156 -892.784
3133 -302.496 -895.874
3134 -315.954 -909.854
3135 -345.574 -901.894
3136 -305.285 -888.408
3137 -313.692 -910.66
3138 -327.008 -889.145
3139 -347.242 -890.082
3140 -330.191 -903.295
3141 -301.794 -904.627
3142 -344.465 -885.62
3143 -304.106 -881.237
3144 -346.301 -884.427
3145 -307.533 -882.614
3146 -299.291 -891.737
3147 -316.831 -869.683
3148 -342.291 -877.664
3149 -320.568 -873.965
3150 -310.555 -877.845
3151 -300.965 -898.497
3152 -310.83 -895.074
3153 -314.199 -899.95
3154 -344.108 -897.652
3155 -328.802 -868.434
3156 -298.569 -894.304
3157 -310.438 -884.601
3158 -297.9 -894.543
3159 -308.631 -903.662
3160 -312.592 -876.123
3161 -302.802 -878.581
3162 -311.11 -875.135
3163 -308.462 -877.644
3164 -317.473 -879.819
3165 -305.503 -892.941
3166 -298.969 -892.633
3167 -326.035 -870.361
3168 -308.815 -901.49
3169 -329.751 -915.177
3170 -319.522 -902.814
3171 -340.528 -887.666
3172 -320.023 -885.217
3173 -333.35 -894.972
3174 -309.439 -889.229
3175 -334.763 -908.816
3176 -304.528 -906.819
3177 -304.783 -899.344
3178 -325.397 -886.94
3179 -308.373 -908.399
3180 -338.164 -903.978
3181 -329.817 -902.313
3182 -328.418 -896.75
3183 -339.55 -902.197
3184 -325.384 -894.021
3185 -302.187 -889.065
3186 -337.035 -912.905
3187 -338.997 -896.104
3188 -332.197 -877.464
3189 -327.544 -911.81
3190 -316.921 -884.995
3191 -309.072 -896.075
3192 -336.929 -907.042
3193 -325.677 -876.768
3194 -347.38 -890.407
3195 -332.153 -888.6
3196 -328.787 -901.073
3197 -325.489 -888.845
3198 -321.755 -914.974
3199 -339.769 -904.972
3200 -345.009 -898.506
3201 -334.351 -893.755
3202 -309.276 -897.169
3203 -311.81 -878.202
3204 -323.209 -890.768
3205 -334.465 -887.515
3206 -320.908 -911.371
3207 -300.841 -887.223
3208 -322.869 -890.575
3209 -326.58 -897.659
3210 -344.735 -891.89
3211 -319.953 -916.383
3212 -328.186 -875.827
3213 -300.653 -901.076
3214 -314.185 -881.414
3215 -329.302 -888.867
3216 -307.657 -901.747
3217 -311.917 -913.004
3218 -326.098 -915.871
3219 -345.429 -887.67
3220 -299.833 -888.226
3221 -316.293 -871.05
3222 -328.657 -873.155
3223 -318.555 -902.486
3224 -310.919 -882.65
3225 -339.503 -909.468
3226 -298.683 -892.035
3227 -332.105 -910.779
3228 -315.008 -900.274
3229 -322.098 -913.418
3230 -314.542 -885.911
3231 -333.648 -877.607
3232 -300.542 -891.469
3233 -313.205 -876.22
3234 -335.049 -905.049
3235 -320.765 -912.494
3236 -300.969 -895.123
3237 -313.007 -873.517
3238 -341.867 -896.256
3239 -306.508 -887.538
3240 -344.799 -884.747
3241 -345.399 -902.545
3242 -325.035 -914.959
3243 -328.933 -879.865
3244 -299.978 -894.736
3245 -338.51 -873.832
3246 -297.864 -893.248
3247 -298.43 -896.479
3248 -309.6 -889.756
3249 -298.888 -891.534
3250 -319.968 -870.655
3251 -320.824 -912.058
3252 -337.794 -885.734
3253 -337.373 -900.39
3254 -342.913 -905.977
3255 -311.65 -907.981
3256 -337.548 -880.812
3257 -332.221 -894.935
3258 -308.576 -907.346
3259 -335.816 -878.501
3260 -340.711 -880.226
3261 -335.103 -906.66
3262 -332.162 -891.578
3263 -324.957 -889.748
3264 -297.875 -896.936
3265 -323.349 -879.473
3266 -335.511 -885.636
3267 -316.073 -889.203
3268 -323.884 -869.059
3269 -314.919 -880.137
3270 -310.408 -876.965
3271 -311.615 -882.024
3272 -332.983 -897.342
3273 -326.143 -875.676
3274 -347.302 -889.159
3275 -321.903 -905.996
3276 -302.246 -885.814
3277 -316.613 -909.916
3278 -301.12 -887.482
3279 -336.294 -871.876
3280 -300.248 -881.883
3281 -301.463 -903.967
3282 -317.324 -902.549
3283 -305.857 -873.959
3284 -340.841 -885.567
3285 -330.532 -907.046
3286 -305.202 -899.165
3287 -327.114 -871.413
3288 -312.043 -887.31
3289 -301.308 -905.172
3290 -331.673 -873.511
3291 -304.933 -908.553
3292 -345.365 -895.265
3293 -309.167 -876.472
3294 -324.234 -888.638
3295 -304.816 -910.282
3296 -318.8 -894.832
3297 -325.837 -882.04
3298 -315.121 -884.454
3299 -321.475 -889.507
3300 -325.644 -912.853
3301 -328.428 -909.596
3302 -322.724 -912.72
3303 -331.963 -892.798
3304 -319.377 -897.541
3305 -319.86 -874.162
3306 -340.006 -909.811
3307 -301.468 -895.197
3308 -324.27 -899.43
3309 -331.143 -894.069
3310 -328.344 -873.13
3311 -320.408 -911.537
3312 -344.01 -905.163
3313 -328.939 -880.544
3314 -320.918 -884.306
3315 -341.131 -883.22
3316 -319.058 -883.041
3317 -338.948 -884.214
3318 -328.529 -910.308
3319 -324.38 -887.024
3320 -326.434 -879.242
3321 -300.363 -885.174
3322 -320.821 -897.881
3323 -338.466 -889.719
3324 -317.279 -884.225
3325 -343.677 -885.82
3326 -344.12 -894.394
3327 -330.692 -893.598
3328 -315.994 -887.992
3329 -300.731 -890.938
3330 -333.258 -873.251
3331 -312.546 -904.552
3332 -299.536 -883.517
3333 -305.415 -898.766
3334 -314.503 -905.624
3335 -341.242 -895.383
3336 -327.938 -880.118
3337 -322.077 -910.142
3338 -346.295 -882.523
3339 -311.734 -878.438
3340 -299.795 -893.71
3341 -347.613 -896.981
3342 -340.852 -880.772
3343 -326.339 -873.088
3344 -307.796 -909.551
3345 -309.716 -876.053
3346 -316.767 -905.456
3347 -303.85 -897.426
3348 -301.239 -880.859
3349 -340.828 -877.235
3350 -323.439 -878.718
3351 -326.66 -888.436
3352 -328.892 -880.371
3353 -323.815 -887.613
3354 -338.256 -886.815
3355 -321.937 -893.896
3356 -334.812 -904.037
3357 -342.72 -907.677
3358 -314.86 -877.554
3359 -343.209 -904.44
3360 -323.828 -895.696
3361 -322.656 -909.109
3362 -346.486 -894.135
3363 -299.245 -893.86
3364 -321.929 -885.574
3365 -302.652 -889.832
3366 -340.621 -897.775
3367 -304.535 -879.559
3368 -313.714 -885.494
3369 -347.78 -888.427
3370 -303.593 -902.882
3371 -330.099 -905.216
3372 -323.502 -904.089
3373 -346.304 -899.177
3374 -313.783 -903.112
3375 -298.68 -888.034
3376 -304.46 -883.063
3377 -326.791 -917.005
3378 -345.274 -903.847
3379 -306.865 -889.886
3380 -334.416 -874.232
3381 -332.02 -890.495
3382 -329.256 -911.759
3383 -308.98 -886.178
3384 -330.253 -892.129
3385 -310.185 -900.661
3386 -318.235 -914.88
3387 -313.276 -910.025
3388 -330.757 -881.218
3389 -305.764 -910.081
3390 -324.313 -912.845
3391 -302.433 -887.116
3392 -345.482 -886.565
3393 -318.672 -880.686
3394 -344.316 -902.191
3395 -304.314 -904.309
3396 -308.342 -912.286
3397 -334.787 -908.521
3398 -338.423 -905.203
3399 -340.393 -885.261
3400 -309.813 -910.59
3401 -346.678 -892.806
3402 -302.405 -883.394
3403 -310.338 -879.638
3404 -339.566 -880.437
3405 -320.63 -908.513
3406 -309.549 -889.288
3407 -341.163 -885.711
3408 -312.83 -886.495
3409 -299.72 -890.586
3410 -334.667 -912.353
3411 -300.368 -895.487
3412 -301.434 -905.322
3413 -344.693 -897.215
3414 -320.998 -885.083
3415 -311.925 -881.204
3416 -337.141 -872.563
3417 -345.667 -891.064
3418 -342.126 -878.767
3419 -341.212 -884.763
3420 -340.33 -900.2
3421 -327.755 -916.883
3422 -299.656 -902.05
3423 -332.062 -882.282
3424 -332.203 -890.156
3425 -316.449 -906.913
3426 -310.586 -883.285
3427 -306.931 -887.315
3428 -320.79 -915.137
3429 -311.049 -892.85
3430 -302.53 -905.615
3431 -339.106 -878.046
3432 -344.543 -892.889
3433 -326.833 -912.547
3434 -328.012 -883.197
3435 -306.087 -910.905
3436 -307.281 -899.574
3437 -338.574 -898.866
3438 -342.483 -885.496
3439 -341.174 -891.24
3440 -308.55 -882.97
3441 -338.81 -884.54
3442 -306.663 -888.23
3443 -336.006 -873.279
3444 -338.077 -892.262
3445 -307.632 -900.761
3446 -335.445 -884.988
3447 -314.931 -893.692
3448 -346.476 -899.642
3449 -331.859 -901.465
3450 -343.772 -905.285
3451 -337.822 -909.274
3452 -320.849 -873.59
3453 -297.886 -887.639
3454 -322.714 -891.252
3455 -304.31 -877.073
3456 -340.722 -875.329
3457 -313.48 -912.196
3458 -341.283 -881.359
3459 -340.198 -889.487
3460 -321.927 -911.707
3461 -331.502 -903.585
3462 -347.849 -895.63
3463 -304.376 -886.014
3464 -329.334 -877.854
3465 -338.552 -894.923
3466 -329.182 -894.298
3467 -332.686 -870.052
3468 -326.79 -881.71
3469 -298.78 -888.701
3470 -310.942 -876.111
3471 -339.046 -884.981
3472 -340.787 -884.548
3473 -321.796 -883.317
3474 -323.85 -870.016
3475 -299.71 -896.715
