%%index real_part   imaginary_part
2676 2676 2676
1 0.315 -17.2
2 -4.223 -12.122
3 11.482 -1.515
4 15.075 19.728
5 22.712 -10.598
6 -0.503 23.026
7 -6.522 15.364
8 2.843 -13.538
9 -7.879 4.34
10 3.548 18.729
11 12.294 8.518
12 27.517 -6.336
13 4.733 -18.03
14 10.64 -4.467
15 9.99 7.119
16 -7.771 -11.84
17 -14.14 5.621
18 2.429 -12.025
19 22.26 7.089
20 -12.549 6.364
21 5.897 -14.991
22 23.227 -12.202
23 -4.681 -1.108
24 -4.907 -9.154
25 28.778 9.507
26 14.791 12.623
27 22.557 -4.369
28 5.104 19.237
29 22.904 -7.945
30 -9.078 12.706
31 18.414 -1.615
32 19.059 7.682
33 -1.288 -2.225
34 13.036 -17.872
35 8.873 -11.09
36 1.282 8.787
37 11.036 -10.497
38 -3.271 6.539
39 11.498 1.401
40 7.869 8.047
41 18.784 15.996
42 -2.048 -6.25
43 4.147 -19.34
44 6.238 16.861
45 2.565 -7.561
46 -4.488 -14.889
47 1.17 -8.933
48 24.715 15.616
49 8.087 -0.156
50 18.145 -5.353
51 20.211 3.589
52 28.766 -1.067
53 17.121 -10.405
54 19.674 -8.539
55 -10.99 -7.499
56 14.75 9.41
57 20.744 -11.715
58 14.621 -8.63
59 -4.321 10.363
60 18.982 20.4
61 19.356 5.918
62 -12.49 5.092
63 1.679 15.851
64 27.187 -2.299
65 8.845 -11.657
66 14.843 10.951
67 5.75 13.011
68 -13.505 2.542
69 17.529 -0.282
70 -5.677 -3.35
71 -2.893 -8.215
72 -9.575 1.246
73 -4.383 6.741
74 17.811 4.799
75 23.505 16.406
76 -8.165 -10.167
77 24.905 14.475
78 -13.215 4.894
79 6.398 1.962
80 18.569 -13.096
81 26.964 2.94
82 -8.641 5.395
83 3.155 10.268
84 22.598 -4.852
85 -12.276 3.644
86 23.929 11.819
87 -1.408 -10.207
88 23.595 7.69
89 -8.884 -4.172
90 28.867 6.338
91 -11.832 0.131
92 -0.801 11.492
93 6.561 13.141
94 26.173 9.013
95 22.132 -5.502
96 12.469 3.939
97 19.136 20.192
98 17.16 -12.106
99 -3.432 7.534
100 13.81 11.531
101 26.013 8.73
102 5.071 5.325
103 25.277 9.994
104 -12.947 1.511
105 -3.804 14.293
106 -6.323 18.068
107 29.024 6.208
108 7.427 -14.825
109 -7.356 -5.162
110 15.612 5.66
111 15.795 -15.471
112 18.437 -6.419
113 0.263 -13.502
114 -10.039 6.035
115 17.839 19.103
116 1.426 -11.294
117 2.589 2.381
118 2.962 18.767
119 26.599 6.336
120 -4.942 14.836
121 24.949 15.607
122 -8.189 -8.347
123 6.171 -16.736
124 25.859 -8.738
125 26.951 12.703
126 20.286 -0.766
127 21.374 7.925
128 21.987 -12.494
129 -3.212 1.334
130 23.057 7.743
131 -5.854 3.604
132 5.396 -8.577
133 22.348 -6.84
134 -8.861 -0.355
135 -13.1 9.961
136 -3.154 7.582
137 4.868 7.283
138 -0.653 -15.02
139 0.384 -8.72
140 -12.893 9.441
141 1.032 20.082
142 9.832 -9.563
143 24.552 -11.317
144 7.445 10.386
145 24.629 5.191
146 19.544 -4.289
147 -12.763 12.046
148 29.067 7.917
149 9.729 14.53
150 22.102 -13.884
151 0.807 12.566
152 -2.844 -8.488
153 28.47 8.164
154 -9.17 7.732
155 -4.853 -13.347
156 -0.208 -15.899
157 17.224 -1.889
158 22.653 12.985
159 -2.534 -13.445
160 -10.799 8.813
161 7.645 -8.026
162 -2.542 3.328
163 0.352 15.63
164 11.716 -3.292
165 1.113 18.623
166 3.838 6.498
167 -1.456 17.942
168 28.821 8.191
169 25.934 -5.201
170 27.106 4.539
171 4.869 2.925
172 11.716 -2.881
173 16.344 9.255
174 6.127 -7.052
175 25.362 -2.636
176 2.139 -18.103
177 29.175 -0.216
178 19.482 13.593
179 18.59 10.22
180 -7.496 16.116
181 -7.181 8.107
182 7.58 10.251
183 14.931 -5.357
184 -2.291 -8.531
185 -5.323 -12.137
186 16.448 -10.362
187 5.992 -12.181
188 -1.258 7.659
189 -11.075 -8.546
190 -12.332 -0.777
191 21.815 -14.351
192 1.847 16.332
193 1.81 4.595
194 -12.126 5.883
195 9.668 -19.043
196 0.064 -2.216
197 22.429 11.727
198 4.048 1.679
199 23.935 14.633
200 5.885 4.23
201 27.099 3.257
202 14.095 1.79
203 14.869 -15.432
204 27.549 0.333
205 26.524 -4.483
206 -4.474 -10.187
207 22.59 2.206
208 25.45 -0.508
209 24.811 -4.165
210 -0.017 22.026
211 21.39 0.364
212 -12.849 6.571
213 4.559 -17.794
214 8.803 0.178
215 7.455 -10.489
216 3.32 -10.935
217 13.709 -5.491
218 -13.035 10.373
219 9.104 -4.107
220 -6.056 -11.272
221 13.213 -10.464
222 27.161 11.415
223 19.016 -14.647
224 -8.293 -7.835
225 -12.594 6.841
226 20.789 -9.904
227 0.665 -12.238
228 -6.433 -11.293
229 22.689 -0.406
230 17.158 13.116
231 -6.652 5.429
232 4.912 -10.798
233 0.018 7.179
234 -9.613 -11.056
235 -10.839 -8.744
236 -1.715 -12.769
237 -11.003 10.813
238 26.293 6.541
239 4.549 -19.39
240 4.006 -4.922
241 2.429 -10.246
242 1.887 -3.184
243 -13.155 6.796
244 -11.174 -8.773
245 24.038 -11.836
246 4.725 8.836
247 -5.755 -12.318
248 9.711 11.593
249 -5.086 -11.964
250 16.087 10.723
251 20.543 2.427
252 26.398 -0.392
253 10.268 -8.309
254 27.55 5.583
255 13.852 -6.552
256 17.088 -9.236
257 -12.561 -3.575
258 0.74 -2.835
259 25.13 12.28
260 9.592 -7.154
261 3.709 14.609
262 -9.999 3.907
263 21.408 0.196
264 4.467 -3.412
265 -13.152 3.056
266 7.324 -1.362
267 -11.73 1.275
268 -1.89 8.741
269 10.455 -17.873
270 2.514 7.417
271 6.48 -0.132
272 15.559 -6.199
273 28.292 3.438
274 0.926 -12.719
275 -7.369 -3.977
276 21.437 1.155
277 -9.827 -4.737
278 -10.594 -5.058
279 7.697 7.035
280 23.496 -0.518
281 22.971 -8.499
282 16.885 -10.348
283 14.776 17.18
284 19.988 18.757
285 19.041 -15.627
286 22.778 -2.248
287 28.638 4.056
288 -0.445 14.279
289 -5.106 16.573
290 0.26 23.359
291 -0.637 9.935
292 13.878 11.201
293 11.5 -5.296
294 -8.257 -8.102
295 18.125 -12.124
296 4.692 5.098
297 28.663 6.425
298 5.648 -1.216
299 15.172 -11.465
300 -2.604 -11.157
301 4.579 -15.477
302 24.759 12.24
303 -9.48 -5.844
304 25.897 2.392
305 -10.373 4.17
306 18.482 17.582
307 -1.466 20.357
308 -0.64 -9.024
309 2.641 18.313
310 12.841 10.209
311 7.323 1.391
312 -13.571 4.34
313 7.007 20.537
314 17.563 -13.519
315 22.832 -5.597
316 11.168 20.201
317 13.884 -10.942
318 10.564 -13.789
319 21.335 -3.759
320 7.474 -8.349
321 25.924 -6.492
322 24.319 1.094
323 5.073 15.831
324 25.885 -9.919
325 11.395 20.499
326 19.958 -8.591
327 22.336 -3.942
328 -4.841 19.344
329 27.122 -2.994
330 -6.239 -3.782
331 17.516 3.928
332 -3.756 21.175
333 26.006 -10.5
334 3.926 16.91
335 -0.649 -4.864
336 1.114 -8.458
337 -10.972 -1.192
338 27.466 -5.43
339 -1.33 6.036
340 -13.133 -5.087
341 27.735 -3.494
342 24.792 1.485
343 24.737 -1.782
344 9.885 -5.575
345 22.453 -3.567
346 27.855 6.906
347 -5.747 1.878
348 12.651 -7.518
349 15.559 -11.938
350 24.361 -6.183
351 -1.393 3.927
352 -10.412 10.248
353 20.216 18.343
354 12.757 22.463
355 14.688 -18.236
356 -10.187 -1.267
357 -11.974 2.655
358 11.772 -3.824
359 26.1 12.204
360 4.171 -8.026
361 12.58 6.971
362 15.283 -18.584
363 21.333 -8.499
364 1.218 -18.562
365 7.469 -18.589
366 17.537 12.229
367 -1.908 5.708
368 12.734 -4.929
369 -2.678 -7.839
370 29.351 2.325
371 28.357 -2.947
372 23.054 -7.745
373 18.673 16.648
374 4.341 9.5
375 10.807 9.173
376 12.256 -0.395
377 16.483 8.008
378 6.782 4.171
379 23.155 18.179
380 20.926 -3.832
381 29.556 1.003
382 4.883 -16.281
383 2.182 -16.208
384 7.517 12.473
385 0.955 0.809
386 24.83 -2.041
387 21.314 -4.678
388 -5.071 -4.675
389 1.266 9.604
390 15.116 16.089
391 6.733 5.768
392 -10.644 1.785
393 29.573 -1.357
394 24.417 -6.873
395 -9.361 17.272
396 1.379 -5.206
397 22.214 -11.258
398 -8.975 5.47
399 -11.924 -8.044
400 -6.775 17.125
401 2.776 -6.79
402 1.377 7.58
403 -13.773 -1.469
404 4.441 6.321
405 17.783 12.661
406 -1.854 9.666
407 -11.017 -5.046
408 -13.713 7.455
409 9.487 8.893
410 -4.651 6.761
411 7.379 -0.575
412 -9.296 -3.804
413 23.605 4.949
414 12.614 13.199
415 12.639 17.737
416 -12.695 -4.787
417 -9.196 17.053
418 22.467 -9.676
419 -1.803 19.935
420 19.74 11.493
421 22.685 -6.194
422 12.555 4.136
423 -9.565 -3.936
424 26.563 14.109
425 6.557 0.895
426 24.825 16.111
427 -0.887 -13.874
428 4.104 11.531
429 -0.92 -7.623
430 9.248 -1.059
431 -12.393 11.741
432 4.426 -11.012
433 15.862 -3.13
434 28.66 -5.354
435 -9.399 -5.472
436 -13.338 4.192
437 -10.952 10.048
438 29.704 8.127
439 10.696 2.298
440 -8.013 -9.137
441 16.593 -10.601
442 -12.901 6.008
443 -4.742 0.352
444 0.942 -8.742
445 21.785 1.586
446 19.027 6.145
447 13.722 5.551
448 18.506 -3.555
449 7.301 -2.838
450 5.682 -17.305
451 -4.253 10.712
452 17.739 -2.726
453 -11.82 1.447
454 10.626 -3.312
455 -7.12 8.642
456 20.384 8.933
457 1.256 6.998
458 -4.192 19.342
459 15.202 -1.808
460 18.821 13.821
461 8.436 2.216
462 11.202 -12.247
463 -11.702 7.061
464 11.215 -1.115
465 24.726 11.335
466 -5.344 10.029
467 2.974 1.419
468 3.884 -2.433
469 -5.351 -4.005
470 21.075 9.988
471 -5.885 13.977
472 16.189 -12.004
473 15.686 -13.928
474 -8.128 4.688
475 11.924 19.317
476 -5.598 -14.537
477 0.641 -5.001
478 16.556 22.325
479 -11.446 -7.487
480 15.059 2.46
481 21.776 -2.518
482 8.475 -8.91
483 14.957 4.646
484 18.458 17.467
485 -6.116 17.365
486 11.587 -3.411
487 18.489 -17.316
488 -3.596 4.945
489 29.294 9.39
490 19.799 2.347
491 -6.102 14.165
492 -1.057 19.138
493 18.119 16.16
494 -7.136 16.65
495 23.414 -9.915
496 9.872 15.496
497 18.805 -3.42
498 -6.945 19.012
499 17.669 0.895
500 5.542 -19.398
501 22.06 -3.673
502 23.259 7.934
503 9.419 -14.074
504 28.192 -3.294
505 22.417 10.254
506 -13.347 -1.907
507 22.293 15.855
508 28.202 10.088
509 -6.035 -3.849
510 0.988 -7.357
511 28.467 -3.113
512 28.595 2.66
513 22.235 -1.765
514 28.03 8.064
515 11.447 14.633
516 14.134 19.563
517 29.148 8.575
518 23.678 -12.536
519 27.957 8.808
520 22.17 -8.402
521 17.88 19.898
522 -4.047 -1.421
523 -1.473 -5.533
524 28.441 8.24
525 20.639 9.308
526 23.708 6.114
527 -10.237 -1.407
528 11.887 4.723
529 8.737 7.681
530 28.729 4.039
531 -0.084 12.273
532 9.799 14.025
533 -8.919 13.407
534 12.491 12.203
535 9.94 -13.432
536 20.364 13.599
537 1.464 -14.277
538 8.048 -18.115
539 12.37 -19.306
540 22.862 7.259
541 17.626 -1.056
542 17.684 -3.588
543 -13.445 3.808
544 -6.919 16.766
545 27.536 11.386
546 18.192 13.276
547 22.666 1.432
548 5.511 -0.403
549 20.159 -11.326
550 3.889 21.824
551 1.505 0.488
552 -1.982 -13.922
553 21.154 0.154
554 26.939 -6.746
555 22.185 -6.322
556 -2.237 13.901
557 23.946 -12.631
558 21.088 15.928
559 11.401 1.153
560 29.552 8.014
561 -7.821 -0.889
562 -9.909 9.219
563 28.415 7.881
564 -8.01 9.457
565 7.582 -7.958
566 -11.823 -2.385
567 -9.605 -0.903
568 28.763 1.746
569 -14.057 6.104
570 13.244 10.376
571 28.53 8.165
572 -10.983 13.904
573 26.728 -2.757
574 17.229 -5.719
575 11.784 4.752
576 11.19 2.127
577 11.799 23.176
578 28.613 -0.186
579 14.659 20.889
580 -1.085 -8.542
581 -4.767 7.125
582 15.203 12.944
583 8.765 -16.722
584 17.72 8.408
585 15.517 15.862
586 -12.432 -2.11
587 9.88 13.494
588 -10.552 0.924
589 -7.078 10.983
590 15.527 13.474
591 -12.27 -5.083
592 -5.534 -9.547
593 22.39 15.74
594 -13.384 1.79
595 28.33 -4.175
596 16.221 12.221
597 26.397 -3.173
598 15.98 10.221
599 -1.771 18.649
600 24.926 -8.559
601 -12.533 4.048
602 24.63 -4.68
603 7.463 17.401
604 -2.313 -12.002
605 18.675 8.194
606 20.119 13.112
607 2.169 10.214
608 24.622 6.631
609 20.201 -4.571
610 19.251 19.795
611 19.868 19.011
612 14.668 22.004
613 -6.931 1.165
614 29.463 7.053
615 4.181 10.812
616 -4.799 21.357
617 0.582 -18.221
618 2.429 17.923
619 28.879 -3.564
620 27.261 6.543
621 7.77 22.003
622 10.455 9.748
623 12.821 -2.309
624 7.852 -0.917
625 20.076 10.053
626 24.453 -8.03
627 6.499 -2.067
628 -0.258 22.363
629 18.119 -15.68
630 -12.718 -6.887
631 -5.747 -3.457
632 2.394 1.185
633 4.28 -15.625
634 19.805 6.063
635 -2.16 14.829
636 19.871 -10.96
637 -8.853 -8.048
638 -6.46 1.39
639 25.245 4.473
640 20.202 1.171
641 25.637 1.96
642 -5.668 -9.491
643 22.012 -8.948
644 12.177 -4.709
645 7.245 18.916
646 21.806 -1.179
647 6.664 -10.293
648 23.422 4.222
649 23.69 -3.69
650 25.143 7.15
651 14.798 -15.226
652 19.951 20.563
653 3.1 -10.124
654 -0.117 2.964
655 1.654 -0.491
656 -10.124 4.034
657 -9.198 -7.117
658 5.704 9.407
659 -8.94 -6.811
660 19.866 -9.894
661 -0.613 0.231
662 18.73 14.405
663 -0.918 -6.789
664 6.168 21.171
665 0.878 -16.574
666 0.869 -8.01
667 14.745 6.277
668 8.14 20.936
669 -0.58 13.151
670 -285.957 -315.646
671 -276.211 -323.547
672 -270.483 -348.765
673 -286.171 -309.357
674 -287.413 -344.659
675 -285.436 -313.518
676 -286.485 -316.594
677 -259.924 -323.639
678 -275.457 -318.45
679 -259.896 -324.392
680 -276.938 -341.793
681 -267.492 -334.835
682 -282.702 -321.998
683 -291.467 -344.105
684 -268.668 -319.462
685 -290.761 -312.645
686 -280.035 -322.096
687 -269.389 -337.758
688 -285.719 -322.827
689 -298.501 -316.874
690 -269.273 -344.193
691 -300.957 -340.289
692 -271.319 -320.037
693 -298.911 -338.179
694 -268.426 -326.788
695 -262.213 -323.233
696 -286.387 -326.29
697 -283.783 -334.943
698 -299.957 -322.672
699 -286.788 -340.345
700 -260.172 -332.696
701 -299.459 -329.407
702 -266.17 -323.163
703 -279.681 -351.901
704 -272.456 -332.737
705 -269.361 -314.891
706 -272.471 -338.301
707 -279.753 -316.237
708 -267.47 -330.567
709 -282.847 -332.807
710 -274.465 -337.72
711 -303.082 -336.635
712 -297.747 -326.774
713 -284.407 -313.745
714 -291.414 -325.771
715 -261.573 -339.515
716 -264.358 -334.021
717 -284.808 -315.561
718 -274.304 -347.271
719 -301.647 -321.323
720 -287.985 -316.59
721 -283.879 -337.822
722 -283.408 -321.711
723 -281.117 -344.866
724 -274.568 -344.089
725 -285.774 -330.145
726 -303.066 -335.033
727 -262.096 -340.607
728 -264.196 -319.385
729 -260.774 -325.041
730 -282.81 -328.259
731 -272.108 -344.292
732 -298.713 -337.99
733 -276.218 -315.061
734 -293.645 -348.703
735 -267.639 -339.223
736 -278.802 -339.923
737 -281.045 -335.133
738 -274.678 -321.27
739 -275.134 -340.607
740 -278.373 -337.208
741 -267.686 -325.477
742 -264.201 -335.941
743 -287.697 -336.394
744 -292.867 -319.413
745 -297.064 -335.371
746 -270.67 -322.132
747 -293.149 -320.959
748 -298.586 -319.9
749 -271.572 -325.868
750 -276.959 -312.705
751 -285.102 -328.742
752 -291.871 -313.226
753 -302.103 -334.465
754 -270.722 -330.456
755 -279.161 -313.524
756 -301.02 -339.759
757 -283.544 -316.411
758 -265.652 -342.756
759 -293.759 -342.562
760 -303.045 -324.446
761 -295.156 -324.789
762 -287.025 -325.866
763 -271.604 -343.075
764 -283.179 -345.944
765 -278.052 -318.061
766 -282.602 -309.987
767 -268.26 -314.02
768 -276.705 -344.723
769 -278.903 -310.194
770 -282.875 -351.771
771 -274.099 -331.119
772 -289.033 -329.215
773 -285.461 -343.704
774 -283.604 -309.587
775 -267.972 -324.598
776 -259.721 -333.849
777 -288.086 -327.236
778 -278.862 -333.375
779 -278.747 -332.545
780 -261.379 -335.053
781 -292.24 -315.224
782 -292.34 -345.979
783 -287.576 -340.765
784 -278.757 -343.657
785 -265.508 -331.432
786 -302.631 -328.775
787 -290.007 -343.955
788 -293.126 -347.142
789 -299.119 -322.45
790 -270.7 -334.969
791 -289.289 -351.164
792 -293.702 -318.867
793 -285.108 -326.261
794 -271.052 -348.766
795 -278.074 -322.793
796 -287.083 -330.248
797 -301.941 -337.161
798 -271.273 -339.55
799 -283.569 -337.628
800 -273.402 -329.904
801 -269.29 -324.924
802 -302.792 -334.687
803 -293.077 -348.906
804 -291.268 -342.862
805 -287.146 -330.567
806 -276.432 -316.838
807 -279.728 -333.199
808 -271.065 -317.508
809 -269.679 -335.019
810 -275.046 -348.968
811 -266.177 -343.333
812 -271.244 -329.069
813 -301.275 -329.953
814 -277.109 -321.1
815 -289.185 -324.057
816 -299.067 -330.321
817 -282.348 -332.286
818 -290.269 -340.117
819 -287.833 -343.615
820 -274.292 -315.237
821 -262.545 -319.902
822 -293.365 -320.23
823 -293.931 -315.7
824 -267.501 -330.631
825 -302.51 -330.578
826 -276.868 -343.661
827 -298.503 -328.173
828 -283.689 -321.533
829 -287.747 -342.268
830 -301.558 -328.349
831 -270.409 -313.172
832 -266.366 -339.661
833 -286.038 -328.446
834 -270.346 -322.239
835 -297.005 -345.45
836 -295.524 -315.18
837 -263.326 -321.628
838 -287.449 -323.648
839 -297.671 -344.205
840 -266.919 -332.882
841 -301.815 -337.723
842 -279.318 -349.059
843 -286.257 -314.988
844 -283.94 -330.607
845 -284.755 -313.881
846 -302.485 -330.126
847 -264.646 -343.9
848 -286.459 -339.63
849 -296.731 -319.978
850 -292.702 -325.626
851 -265.538 -337.241
852 -289.564 -325.008
853 -260.057 -327.489
854 -276.715 -347.376
855 -299.299 -335.792
856 -289.764 -349.181
857 -262.162 -323.461
858 -293.309 -317.871
859 -271.645 -312.203
860 -278.611 -343.381
861 -289.894 -350.187
862 -288.815 -328.914
863 -302.193 -340.021
864 -273.477 -335.6
865 -264.372 -332.975
866 -270.052 -334.141
867 -276.142 -352.649
868 -270.081 -335.648
869 -289.787 -331.03
870 -262.242 -332.865
871 -279.523 -339.05
872 -284.793 -350.429
873 -265.635 -346.439
874 -296.021 -343.333
875 -282.031 -339.201
876 -261.277 -328.259
877 -280.604 -328.256
878 -287.76 -319.629
879 -267.281 -320.497
880 -292.288 -347.014
881 -292.497 -314.118
882 -283.738 -324.62
883 -274.579 -335.862
884 -301.296 -326.079
885 -289.147 -315.24
886 -277.182 -325.874
887 -270.553 -315.037
888 -287.394 -321.986
889 -264.995 -345.262
890 -259.346 -335.303
891 -273.745 -327.872
892 -298.282 -328.484
893 -269.582 -321.323
894 -288.753 -322.319
895 -265.864 -343.721
896 -284.807 -329.244
897 -292.464 -336.988
898 -282.333 -330.54
899 -260.185 -337.573
900 -274.012 -322.491
901 -292.551 -348.358
902 -267.956 -321.512
903 -282.517 -320.023
904 -291.617 -311.882
905 -277.706 -346.341
906 -275.732 -313.16
907 -294.222 -319.553
908 -263.114 -333.339
909 -270.155 -333.532
910 -282.25 -342.786
911 -279.092 -321.921
912 -260.609 -334.396
913 -280.505 -342.739
914 -285.052 -317.596
915 -278.624 -313.884
916 -286.153 -322.387
917 -287.018 -349.61
918 -262.155 -319.976
919 -295.025 -345.705
920 -261.995 -332.528
921 -300.193 -319.828
922 -259.93 -332.668
923 -301.421 -336.424
924 -291.265 -329.798
925 -273.786 -310.46
926 -290.075 -330.926
927 -295.662 -319.149
928 -261.896 -333.593
929 -274.482 -331.685
930 -286.175 -322.762
931 -298.003 -336.67
932 -287.725 -324.461
933 -270.931 -336.777
934 -298.286 -329.422
935 -284.656 -334.757
936 -281.643 -352.842
937 -278.661 -317.688
938 -260.409 -335.605
939 -297.398 -337.652
940 -260.628 -336.204
941 -276.889 -342.011
942 -260.944 -327.673
943 -282.204 -338.257
944 -263.343 -326.713
945 -275.015 -325.222
946 -283.142 -327.563
947 -296.172 -320.997
948 -286.602 -334.059
949 -277.587 -344.894
950 -266.765 -321.2
951 -278.664 -312.083
952 -284.317 -333.059
953 -288.796 -320.856
954 -300.541 -323.181
955 -288.504 -348.048
956 -292.863 -341.962
957 -289.235 -334.172
958 -285.591 -349.342
959 -271.94 -326.813
960 -280.346 -335.463
961 -286.756 -330.63
962 -288.374 -313
963 -302.653 -338.132
964 -296.021 -336.583
965 -270.338 -325.643
966 -281.05 -328.548
967 -298.631 -343.461
968 -275.923 -340.519
969 -294.396 -348.922
970 -284.264 -345.796
971 -264.647 -321.578
972 -264.914 -317.386
973 -292.625 -317.085
974 -261.138 -340.307
975 -260.289 -331.563
976 -294.397 -334.696
977 -260.453 -335.712
978 -288.757 -331.167
979 -279.5 -314.89
980 -279.023 -337.403
981 -291.04 -327.199
982 -294.52 -346.828
983 -267.901 -314.067
984 -290.53 -332.08
985 -292.465 -333.97
986 -261.285 -321.684
987 -299.944 -339.871
988 -270.147 -342.308
989 -264.536 -320.932
990 -293.891 -343.647
991 -297.152 -328.241
992 -300.588 -327.61
993 -280.794 -338.424
994 -261.279 -335.853
995 -270.643 -351.018
996 -292.352 -334.178
997 -299.949 -331.233
998 -284.815 -348.972
999 -262.316 -326.363
1000 -292.595 -340.764
1001 -261.421 -341.445
1002 -284.794 -346.039
1003 -263.914 -341.788
1004 -285.737 -345.686
1005 -291.725 -320.134
1006 -287.153 -315.153
1007 -261.399 -341.542
1008 -268.489 -340.078
1009 -264.443 -323.053
1010 -278.115 -316.225
1011 -266.084 -330.677
1012 -267.248 -317.326
1013 -270.2 -337.159
1014 -269.43 -331.574
1015 -295.323 -334.443
1016 -274.867 -330.808
1017 -268.892 -322.044
1018 -267.331 -324.48
1019 -270.163 -328.495
1020 -276.957 -323.02
1021 -262.578 -319.29
1022 -276.472 -329.927
1023 -300.914 -337.471
1024 -284.902 -323.347
1025 -297.987 -327.379
1026 -271.956 -314.492
1027 -265.665 -322.973
1028 -277.457 -315.222
1029 -283.332 -319.485
1030 -285.959 -337.144
1031 -263.353 -330.801
1032 -279.147 -331.696
1033 -274.835 -325.878
1034 -272.35 -345.806
1035 -262.005 -330.08
1036 -294.674 -320.94
1037 -289.533 -330.504
1038 -292.508 -320.999
1039 -277.521 -322.023
1040 -260.892 -327.56
1041 -276.331 -332.198
1042 -274.457 -312.139
1043 -302.703 -325.367
1044 -260.169 -330.629
1045 -291.614 -333.646
1046 -283.694 -340.068
1047 -281.256 -314.228
1048 -289.391 -344.842
1049 -281.767 -340.806
1050 -271.54 -325.237
1051 -290.281 -342.331
1052 -267.559 -316.899
1053 -276.886 -334.967
1054 -300.421 -325.043
1055 -270.049 -342.091
1056 -303.287 -329.973
1057 -265.963 -328.652
1058 -267.117 -321.425
1059 -287.501 -329.099
1060 -291.635 -316.731
1061 -265.706 -339.341
1062 -279.505 -343.312
1063 -300.861 -326.945
1064 -262.6 -338.704
1065 -265.542 -335.002
1066 -261.998 -332.931
1067 -269.132 -330.283
1068 -280.621 -348.684
1069 -264.234 -323.698
1070 -274.454 -337.423
1071 -295.882 -336.347
1072 -299.745 -329.015
1073 -279.026 -333.97
1074 -302.591 -338.554
1075 -276.042 -316.766
1076 -261.199 -336.078
1077 -266.834 -336.544
1078 -300.019 -329.966
1079 -266.331 -320.834
1080 -300.945 -324.758
1081 -261.318 -332.97
1082 -272.663 -343.164
1083 -259.982 -335.348
1084 -263.301 -338.102
1085 -278.971 -343.294
1086 -298.319 -345.092
1087 -290.383 -345.186
1088 -295.594 -339.39
1089 -278.976 -342.982
1090 -275.701 -328.139
1091 -272.232 -326.307
1092 -294.501 -325.111
1093 -291.307 -324.149
1094 -288.185 -311.052
1095 -294.226 -332.396
1096 -300.588 -340.887
1097 -293.851 -336.047
1098 -299.074 -336.542
1099 -283.143 -318.776
1100 -292.055 -333.964
1101 -300.13 -322.32
1102 -260.859 -337.031
1103 -261.694 -338.978
1104 -288.271 -323.222
1105 -269.85 -315.745
1106 -287.407 -319.013
1107 -296.057 -323.466
1108 -268.324 -347.975
1109 -276.303 -346.912
1110 -292.469 -339.632
1111 -275.213 -334.749
1112 -297.18 -316.189
1113 -266.264 -328.173
1114 -265.945 -338.835
1115 -269.271 -324.496
1116 -264.75 -327.522
1117 -262.482 -327.306
1118 -291.2 -332.195
1119 -279.193 -324.035
1120 -275.305 -325.058
1121 -272.157 -349.648
1122 -289.929 -327.427
1123 -293.717 -319.67
1124 -285.094 -339.989
1125 -297.032 -324.128
1126 -283.682 -350.657
1127 -270.116 -316.899
1128 -278.761 -312.433
1129 -293.806 -315.112
1130 -295.564 -346.536
1131 -266.406 -339.039
1132 -292.156 -327.427
1133 -301.225 -320.591
1134 -302.346 -334.187
1135 -294.01 -347.236
1136 -279.829 -319.051
1137 -270.247 -349.855
1138 -259.997 -337.741
1139 -271.871 -350.008
1140 -275.832 -325.896
1141 -285.211 -325.068
1142 -285.412 -310.878
1143 -277.913 -348.166
1144 -301.186 -335.013
1145 -299.787 -325.119
1146 -281.614 -343.461
1147 -266.726 -327.699
1148 -297.915 -325.898
1149 -267.379 -335.185
1150 -275.655 -315.914
1151 -296.339 -323.402
1152 -261.6 -324.201
1153 -278.649 -314.399
1154 -269.506 -348.789
1155 -292.045 -347.927
1156 -302.68 -324.573
1157 -277.745 -342.766
1158 -302.593 -326.412
1159 -301.131 -332.309
1160 -261.012 -322.658
1161 -282.623 -324.781
1162 -260.804 -336.96
1163 -278.519 -311.816
1164 -262.861 -330.914
1165 -284.409 -319.45
1166 -300.731 -340.434
1167 -291.669 -327.977
1168 -292.365 -329.736
1169 -282.301 -322.912
1170 -280.965 -342.171
1171 -294.8 -327.056
1172 -262.491 -337.408
1173 -299.364 -331.71
1174 -264.36 -338.105
1175 -263.401 -335.751
1176 -299.326 -323.065
1177 -266.958 -314.893
1178 -260.386 -331.309
1179 -284.658 -326.023
1180 -264.877 -318.642
1181 -279.273 -341.725
1182 -265.564 -341.75
1183 -268.818 -342.425
1184 -298.382 -341.278
1185 -299.568 -325.585
1186 -285.336 -321.132
1187 -294.651 -339.303
1188 -294.064 -323.762
1189 -276.887 -316.928
1190 -280.984 -316.508
1191 -284.19 -329.379
1192 -283.303 -321.373
1193 -277.685 -348.844
1194 -262.042 -342.787
1195 -284.743 -332.168
1196 -286.265 -342.389
1197 -284.042 -343.353
1198 -276.332 -312.829
1199 -282.435 -339.22
1200 -295.876 -323.754
1201 -268.919 -336.626
1202 -273.815 -320.437
1203 -262.785 -335.527
1204 -294.163 -334.994
1205 -286.243 -329.753
1206 -268.289 -347.201
1207 -301.204 -339.675
1208 -283.43 -317.746
1209 -260.958 -337.625
1210 -272.835 -350.582
1211 -295.297 -329.874
1212 -272.911 -345.167
1213 -298.98 -339.028
1214 -276.977 -327.891
1215 -270.99 -336.45
1216 -279.264 -340.736
1217 -291.905 -325.734
1218 -283.415 -337.876
1219 -281.471 -332.321
1220 -289.147 -347.676
1221 -270.227 -335.608
1222 -264.355 -335.45
1223 -280.115 -331.522
1224 -289.765 -310.34
1225 -276.669 -351.883
1226 -296.256 -344.601
1227 -275.015 -344.077
1228 -265.526 -329.462
1229 -259.831 -331.048
1230 -291.89 -324.975
1231 -275.474 -350.823
1232 -296.32 -342.105
1233 -268.399 -346.182
1234 -278.189 -327.434
1235 -277.232 -327.156
1236 -302.262 -338.558
1237 -266.928 -334.671
1238 -299.938 -337.522
1239 -276.725 -311.971
1240 -275.3 -350.679
1241 -294.339 -329.575
1242 -279.645 -337.022
1243 -279.822 -337.082
1244 -293.081 -342.655
1245 -288.015 -333.9
1246 -284.536 -341.561
1247 -274.521 -350.839
1248 -277.893 -345.549
1249 -295.732 -325.131
1250 -265.49 -316.524
1251 -292.782 -341.555
1252 -285.711 -341.16
1253 -271.4 -348.181
1254 -290.484 -342.379
1255 -263.797 -340.568
1256 -300.441 -331.182
1257 -272.684 -344.402
1258 -293.968 -330.226
1259 -275.532 -325.397
1260 -295.405 -316.111
1261 -263.306 -338.573
1262 -294.677 -346.925
1263 -294.228 -343.616
1264 -279.325 -335.343
1265 -276.927 -313.275
1266 -291.137 -327.577
1267 -292.014 -345.57
1268 -280.02 -323.946
1269 -299.554 -323.529
1270 -274.846 -345.901
1271 -292.755 -318.318
1272 -283.668 -326.665
1273 -290.283 -346.216
1274 -273.385 -311.343
1275 -270.144 -330.322
1276 -297.359 -339.93
1277 -265.098 -315.22
1278 -301.471 -328.647
1279 -293.711 -319.713
1280 -276.749 -332.911
1281 -294.028 -316.415
1282 -269.363 -336.704
1283 -269.988 -336.397
1284 -270.695 -349.074
1285 -261.4 -332.683
1286 -280.082 -336.736
1287 -275.386 -320.009
1288 -259.812 -336.474
1289 -282.895 -315.517
1290 -284.135 -309.356
1291 -266.4 -321.209
1292 -269.76 -323.98
1293 -278.545 -338.986
1294 -259.877 -331.429
1295 -286.61 -346.967
1296 -274.295 -314.713
1297 -299.014 -321.891
1298 -274.851 -328.722
1299 -286.627 -325.789
1300 -281.472 -340.135
1301 -276.521 -321.786
1302 -294.549 -327.456
1303 -277.554 -334.748
1304 -290.17 -339.178
1305 -299.992 -329.327
1306 -265.121 -343.965
1307 -278.276 -312.353
1308 -292.594 -335.555
1309 -278.226 -334.101
1310 -271.204 -346.273
1311 -260.459 -325.697
1312 -278.72 -314.122
1313 -300.09 -326.962
1314 -270.794 -322.252
1315 -276.437 -311.959
1316 -261.632 -327.146
1317 -275.25 -350.54
1318 -292.275 -315.951
1319 -295.54 -331.311
1320 -291.315 -324.283
1321 -281.068 -330.996
1322 -301.591 -324.375
1323 -274.501 -317.416
1324 -293.449 -315.785
1325 -268.414 -329.637
1326 -263.56 -320.699
1327 -294.406 -336.584
1328 -267.167 -322.534
1329 -264.753 -325.541
1330 -273.425 -316.734
1331 -295.745 -334.306
1332 -296.282 -316.625
1333 -291.302 -332.809
1334 -299.144 -337.506
1335 -260.246 -335.772
1336 -262.737 -330.74
1337 -301.543 -321.089
1338 -287.797 -311.246
1339 -465.125 144.76
1340 -474.845 137.239
1341 -462.985 145.528
1342 -475.341 136.312
1343 -497.345 123.72
1344 -483.416 115.252
1345 -477.602 114.792
1346 -453.834 135.783
1347 -490.673 133.361
1348 -480.161 151.448
1349 -478.747 112.849
1350 -490.678 138.642
1351 -457.822 140.939
1352 -468.986 135.659
1353 -491.263 140.738
1354 -475.245 136.523
1355 -454.507 133.487
1356 -477.089 131.061
1357 -488.163 130.753
1358 -454.383 134.803
1359 -460.599 122.962
1360 -464.385 149.084
1361 -495.328 128.867
1362 -475.228 146.742
1363 -453.921 127.785
1364 -492.064 129.344
1365 -471.57 152.007
1366 -458.158 121.688
1367 -467.019 130.885
1368 -487.215 147.878
1369 -462.78 118.721
1370 -478.784 149.131
1371 -468.564 125.847
1372 -468.788 136.488
1373 -491.692 135.563
1374 -492.204 144.829
1375 -487.393 115.922
1376 -465.536 135.738
1377 -484.084 134.55
1378 -495.802 135.787
1379 -492.683 115.787
1380 -470.202 124.815
1381 -498.852 128.854
1382 -474.084 110.105
1383 -491.049 147.327
1384 -494.449 134.25
1385 -475.38 143.635
1386 -498.733 128.514
1387 -495.369 127.333
1388 -496.273 120.868
1389 -455.703 132.12
1390 -487.478 143.576
1391 -455.314 139.449
1392 -455.899 123.327
1393 -472.718 111.209
1394 -456.084 120.564
1395 -465.217 141.387
1396 -486.231 122.815
1397 -482.67 113.962
1398 -479.084 129.143
1399 -477.228 131.488
1400 -485.014 149.455
1401 -498.232 133.541
1402 -477.396 150.016
1403 -469.222 132.817
1404 -461.892 113.989
1405 -497.719 127.718
1406 -480.535 114.774
1407 -497.966 126.902
1408 -488.638 132.036
1409 -472.907 146.427
1410 -476.26 134.602
1411 -488.098 148.227
1412 -479.429 116.837
1413 -482.159 152.538
1414 -457.314 138.397
1415 -476.594 136.04
1416 -470.659 128.066
1417 -465.917 137.68
1418 -475.01 152.215
1419 -491.953 116.528
1420 -489.039 138.117
1421 -468.466 147.832
1422 -476.779 132.925
1423 -498.731 135.545
1424 -498.645 132.263
1425 -494.603 124.801
1426 -469.696 112.493
1427 -464.255 120.708
1428 -490.89 132.743
1429 -484.071 142.049
1430 -469.767 117.593
1431 -482.894 111.137
1432 -457.276 121.729
1433 -474.745 116.605
1434 -460.715 119.535
1435 -487.509 139.219
1436 -490.685 117.172
1437 -489.789 143.193
1438 -491.21 113.891
1439 -455.155 123.526
1440 -475.853 118.807
1441 -459.979 118.92
1442 -455.353 131.859
1443 -455.245 126.439
1444 -478.292 145.605
1445 -473.036 122.597
1446 -491.11 122.069
1447 -456.711 129.827
1448 -462.395 119.042
1449 -492.933 121.301
1450 -482.211 137.967
1451 -494.996 128.767
1452 -486.789 125.801
1453 -472.475 146.509
1454 -472.08 141.173
1455 -496.366 119.883
1456 -460.239 134.297
1457 -484.74 139.152
1458 -469.799 124.726
1459 -464.815 142.894
1460 -480.216 148.309
1461 -468.255 150.959
1462 -481.267 125.654
1463 -464.337 132.66
1464 -489.813 137.17
1465 -469.157 109.961
1466 -485.045 146.294
1467 -462.727 122.321
1468 -474.182 139.812
1469 -487.815 133.456
1470 -481.506 129.807
1471 -470.39 147.997
1472 -453.653 132.088
1473 -475.081 132.109
1474 -486.607 139.777
1475 -480.194 141.951
1476 -460.261 123.775
1477 -493.49 145.044
1478 -465.928 145.926
1479 -490.557 115.247
1480 -487.342 132.499
1481 -469.442 138.808
1482 -469.559 147.628
1483 -490.049 147.879
1484 -478.298 116.184
1485 -469.274 121.384
1486 -498.564 130.05
1487 -468.349 132.786
1488 -476.415 142.485
1489 -474.677 138.721
1490 -458.692 131.453
1491 -456.291 120.38
1492 -476.795 109.551
1493 -463.302 149.075
1494 -498.126 137.144
1495 -478.247 128.106
1496 -492.466 141.396
1497 -492.032 144.607
1498 -493.069 122.829
1499 -489.347 132.368
1500 -491.207 143.423
1501 -458.421 122.007
1502 -480.53 141.714
1503 -465.748 115.379
1504 -475.072 132.739
1505 -487.141 126.226
1506 -498.009 123.359
1507 -484.364 136.436
1508 -456.88 134.884
1509 -466.214 126.299
1510 -498.778 133.853
1511 -474.036 113.776
1512 -470.567 144.257
1513 -491.02 117.563
1514 -473.973 122.433
1515 -474.864 147.723
1516 -483.517 143.83
1517 -458.978 135.201
1518 -476.112 123.694
1519 -491.183 119.785
1520 -483.716 137.421
1521 -489.62 117.405
1522 -454.367 130.136
1523 -458.49 135.548
1524 -464.268 128.844
1525 -479.268 135.607
1526 -494.418 144.061
1527 -454.156 126.778
1528 -496.512 133.352
1529 -484.264 151.539
1530 -474.194 120.038
1531 -479.754 129.009
1532 -484.247 151.293
1533 -487.375 124.676
1534 -472.297 132.333
1535 -467.045 141.808
1536 -470.509 116.396
1537 -456.355 138.882
1538 -466.512 126.762
1539 -471.352 151.959
1540 -474.818 123.585
1541 -475.066 128.645
1542 -464.826 121.05
1543 -474.112 119.755
1544 -458.544 134.186
1545 -474.311 113.33
1546 -478.623 125.283
1547 -466.409 111.007
1548 -469.886 109.022
1549 -495.775 133.559
1550 -498.244 134.131
1551 -484.735 121.193
1552 -464.078 131.344
1553 -478.42 124.092
1554 -493.442 136.723
1555 -472.354 118.546
1556 -489.996 113.722
1557 -475.429 152.129
1558 -468.008 141.178
1559 -471.53 148.148
1560 -464.08 123.877
1561 -494.513 137.792
1562 -468.243 117.656
1563 -460.231 126.366
1564 -463.316 124.811
1565 -465.201 115.634
1566 -473.588 117.186
1567 -457.529 124.254
1568 -460.713 138.783
1569 -496.175 118.888
1570 -495.343 130.017
1571 -492.178 139.108
1572 -495.805 136.521
1573 -491.026 137.799
1574 -453.627 131.726
1575 -497.986 130.647
1576 -457.962 125.101
1577 -464.455 141.375
1578 -485.391 116.173
1579 -464.327 131.191
1580 -478.995 126.092
1581 -457.216 138.22
1582 -461.091 126.529
1583 -474.397 122.358
1584 -460.694 144.906
1585 -459.994 132.496
1586 -458.527 132.726
1587 -486.021 137.028
1588 -480.232 116.781
1589 -492.758 126.826
1590 -457.077 142.792
1591 -466.429 120.714
1592 -460.624 143.306
1593 -485.129 110.573
1594 -496.78 135.504
1595 -461.393 126.001
1596 -473.995 133.438
1597 -471.644 123.096
1598 -460.046 121.724
1599 -467.225 149.98
1600 -477.275 145.408
1601 -480.988 113.637
1602 -457.07 135.86
1603 -497.407 124.975
1604 -494.598 136.406
1605 -485.19 116.119
1606 -474.7 115.33
1607 -453.826 133.749
1608 -457.229 119.791
1609 -462.173 129.116
1610 -454.863 133.521
1611 -487.368 132.186
1612 -496.125 124.076
1613 -490.262 140.221
1614 -494.59 142.337
1615 -495.305 135.795
1616 -477.496 133.77
1617 -453.726 128.272
1618 -471.66 124.749
1619 -494.912 130.322
1620 -468.081 112.465
1621 -473.435 124.135
1622 -467.059 144.15
1623 -494.649 134.905
1624 -472.513 133.228
1625 -479.336 109.709
1626 -472.501 140.967
1627 -464.618 123.899
1628 -461.703 128.221
1629 -497.912 129.686
1630 -460.104 129.427
1631 -456.054 126.01
1632 -484.16 110.686
1633 -464.884 147.582
1634 -476.047 149.079
1635 -454.62 129.893
1636 -495.687 128.99
1637 -466.017 118.544
1638 -483.307 113.631
1639 -480.027 117.016
1640 -486.449 113.837
1641 -465.644 139.233
1642 -483.301 127.885
1643 -485.851 118.992
1644 -492.031 117.032
1645 -467.204 125.161
1646 -457.093 122.817
1647 -470.627 140.531
1648 -469.434 119.138
1649 -458.268 144.107
1650 -468.056 126.459
1651 -460.21 142.742
1652 -457.627 129.69
1653 -471.817 134.676
1654 -471.837 117.678
1655 -498.194 131.411
1656 -460.16 126.668
1657 -496.484 137.009
1658 -463.398 149.806
1659 -485.619 111.138
1660 -478.617 117.543
1661 -453.521 128.164
1662 -487.109 112.352
1663 -461.94 121.932
1664 -489.449 125.058
1665 -470.112 140.122
1666 -461.557 131.109
1667 -459.446 145.285
1668 -485.367 138.203
1669 -477.992 147.54
1670 -466.754 126.766
1671 -483.715 135.432
1672 -490.33 113.72
1673 -474.382 110.994
1674 -495.986 142.177
1675 -455.62 125.461
1676 -465.61 127.933
1677 -493.544 139.891
1678 -487.91 122.256
1679 -494.652 120.38
1680 -482.665 110.147
1681 -472 152.749
1682 -492.494 125.647
1683 -494.64 123.905
1684 -497.505 129.761
1685 -463.534 125.157
1686 -477.723 131.41
1687 -454.54 134.944
1688 -462.02 134.991
1689 -482.176 126.737
1690 -492.918 129.452
1691 -496.136 134.348
1692 -475.39 144.277
1693 -490.481 115.9
1694 -483.875 141.166
1695 -473.165 123.713
1696 -475.908 114.086
1697 -481.377 136.698
1698 -457.754 119.965
1699 -492.112 122.972
1700 -478.734 145.202
1701 -472.634 136.006
1702 -460.245 127.597
1703 -485.533 121.125
1704 -457.983 131.476
1705 -488.241 124.658
1706 -479.78 146.452
1707 -494.28 118.381
1708 -465.274 132.816
1709 -471.935 120.018
1710 -493.597 140.636
1711 -490.702 113.24
1712 -460.002 122.412
1713 -487.417 114.446
1714 -464.592 124.728
1715 -466.22 150.112
1716 -481.231 112.931
1717 -465.82 113.587
1718 -455.11 128.088
1719 -460.145 128.214
1720 -465.395 126.259
1721 -485.227 146.98
1722 -481.173 128.849
1723 -468.16 149.863
1724 -456.976 141.598
1725 -480.504 126.37
1726 -484.177 129.539
1727 -478.489 116.819
1728 -493.897 144.346
1729 -465.329 130.235
1730 -480.233 123.377
1731 -459.124 131.079
1732 -485.183 135.683
1733 -464.774 132.489
1734 -459.448 138.017
1735 -461.104 140.365
1736 -465.181 131.326
1737 -497.289 136.739
1738 -479.878 120.048
1739 -481.612 147.411
1740 -468.107 110.688
1741 -489.414 117.829
1742 -496.516 136.589
1743 -479.151 111.321
1744 -487.268 124.244
1745 -472.61 133.018
1746 -467.201 119.799
1747 -465.058 113.789
1748 -476.109 150.829
1749 -473.978 134.853
1750 -484.305 122.576
1751 -499.351 129.922
1752 -493.629 129.641
1753 -455.621 136.87
1754 -495.11 128.763
1755 -497.447 123.816
1756 -456.223 133.226
1757 -468.693 125.366
1758 -476.477 120.928
1759 -460.385 115.721
1760 -493.26 120.262
1761 -454.935 128.887
1762 -468.379 119.946
1763 -468.396 119.766
1764 -454.052 129.702
1765 -492.251 122.132
1766 -467.556 136.792
1767 -464.808 135.356
1768 -484.58 113.083
1769 -468.357 126.353
1770 -460.166 132.738
1771 -483.862 121.063
1772 -486.899 139.822
1773 -467.379 143.114
1774 -469.023 112.406
1775 -473.486 111.73
1776 -479.807 138.322
1777 -455.329 139.768
1778 -474.985 108.587
1779 -461.985 129.135
1780 -480.508 113.283
1781 -455.328 137.246
1782 -456.078 135.692
1783 -490.554 127.821
1784 -485.021 145.221
1785 -485.233 145.601
1786 -491.098 120.697
1787 -463.291 126.499
1788 -457.095 137.929
1789 -471.253 142.748
1790 -497.023 134.332
1791 -481.114 137.526
1792 -472.047 131.235
1793 -492.987 130.092
1794 -467.317 146.958
1795 -498.655 136.366
1796 -486.197 145.838
1797 -476.101 129.737
1798 -471.84 133.261
1799 -457.952 136.818
1800 -474.037 114.516
1801 -488.141 114.961
1802 -462.591 134.973
1803 -478.571 142.854
1804 -471.289 112.634
1805 -474.588 140.938
1806 -498.743 133.251
1807 -466.585 113.911
1808 -485.375 143.732
1809 -494.592 136.101
1810 -457.939 141.295
1811 -476.665 117.947
1812 -476.377 148.392
1813 -464.147 127.274
1814 -465.042 138.266
1815 -459.768 135.977
1816 -474.023 137.884
1817 -494.839 137.449
1818 -498.311 137.114
1819 -472.676 123.994
1820 -464.364 129.899
1821 -486.735 135.139
1822 -464.499 144.47
1823 -487.12 148.393
1824 -466.415 131.897
1825 -484.514 133.258
1826 -466.479 130.368
1827 -456.571 124.09
1828 -476.555 144.43
1829 -480.761 149.095
1830 -463.245 146.049
1831 -475.559 110.201
1832 -485.619 128.55
1833 -463.772 116.212
1834 -458.382 138.468
1835 -464.488 138.987
1836 -497.557 132.47
1837 -468.233 124.766
1838 -467.44 140.154
1839 -494.732 142.254
1840 -454.409 132.422
1841 -475.294 142.091
1842 -481.151 151.246
1843 -453.877 134.665
1844 -456.568 121.348
1845 -464.869 122.456
1846 -465.782 143.567
1847 -486.415 118.694
1848 -482.886 130.878
1849 -489.702 147.969
1850 -475.691 149.277
1851 -475.771 109.942
1852 -459.493 121.317
1853 -490.575 131.556
1854 -470.377 139.325
1855 -457.274 131.627
1856 -488.123 145.435
1857 -470.745 111.139
1858 -453.952 127.884
1859 -456.031 128.943
1860 -460.311 129.767
1861 -496.242 134.287
1862 -486.92 130.269
1863 -492.251 125.915
1864 -481.223 125.619
1865 -480.579 117.309
1866 -473.219 138.956
1867 -454.566 136.75
1868 -474.55 133.439
1869 -467.934 115.967
1870 -498.59 126.19
1871 -473.829 136.801
1872 -488.582 123.301
1873 -462.526 127.56
1874 -460.349 131.528
1875 -457.649 125.673
1876 -487.973 125.209
1877 -464.97 116.797
1878 -495.215 132.869
1879 -478.184 115.041
1880 -479.211 121.89
1881 -453.499 130.763
1882 -481.818 137.76
1883 -481.755 131.024
1884 -490.968 145.527
1885 -489.51 128.556
1886 -476.208 148.223
1887 -492.342 127.605
1888 -481.007 138.647
1889 -471.492 121.043
1890 -454.057 131.375
1891 -486.919 132.186
1892 -498.573 132.646
1893 -466.02 144.746
1894 -492.167 141.449
1895 -485.807 127.754
1896 -498.868 131.083
1897 -493.893 143.581
1898 -494.873 130.64
1899 -475.864 112.785
1900 -456.204 133.552
1901 -499.067 126.982
1902 -469.951 147.683
1903 -483.426 151.43
1904 -479.585 130.029
1905 -478.914 126.682
1906 -463.954 128.238
1907 -497.095 131.296
1908 -460.464 121.333
1909 -454.072 127.51
1910 -463.798 133.885
1911 -461.309 141.331
1912 -461.39 129.593
1913 -479.97 110.036
1914 -477.679 118.154
1915 -460.843 114.33
1916 -471.824 113.408
1917 -484.299 150.603
1918 -461.047 122.396
1919 -468.768 113.782
1920 -471.469 139.067
1921 -476.196 139.099
1922 -499.277 129.089
1923 -486.851 146.179
1924 -455.628 135.831
1925 -471.449 109.705
1926 -459.001 139.024
1927 -487.706 116.159
1928 -496.386 127.435
1929 -460.767 135.257
1930 -494.374 118.934
1931 -459.554 131.661
1932 -475.043 130.214
1933 -473.996 134.536
1934 -465.214 125.295
1935 -482.809 112.796
1936 -466.496 120.258
1937 -474.868 152.299
1938 -481.93 149.491
1939 -474.097 110.156
1940 -482.544 130.865
1941 -481.987 145.955
1942 -470.584 143.143
1943 -467.744 130.223
1944 -496.637 139.723
1945 -470.136 121.899
1946 -492.746 124.003
1947 -456.422 135.21
1948 -490.395 141.252
1949 -483.132 133.563
1950 -488.579 117.048
1951 -482.413 140
1952 -481.171 129.529
1953 -464.825 121.992
1954 -497.684 132.449
1955 -477.122 135.966
1956 -460.458 115.271
1957 -491.028 129.952
1958 -478.357 125.904
1959 -473.818 120.349
1960 -486.475 141.323
1961 -465.5 140.803
1962 -476.856 119.728
1963 -487.163 126.675
1964 -476.007 120.795
1965 -479.217 149.038
1966 -496.881 126.177
1967 -463.829 132.999
1968 -468.597 130.88
1969 -457.809 143.492
1970 -453.636 128.323
1971 -453.704 128.59
1972 -465.491 132.363
1973 -477.496 149.357
1974 -470.928 109.556
1975 -495.526 123.109
1976 -453.696 133.237
1977 -471.009 152.595
1978 -474.97 108.469
1979 -491.442 140.49
1980 -460.99 137.908
1981 -497.506 132.291
1982 -487.156 135.226
1983 -475.88 148.372
1984 -476.651 152.794
1985 -478.941 147.05
1986 -491.668 134.702
1987 -497.393 123.582
1988 -456.525 128.265
1989 -459.872 116.967
1990 -489.525 119.381
1991 -455.682 122.282
1992 -492.96 116.562
1993 -476.612 124.122
1994 -478.536 124.427
1995 -491.78 136.093
1996 -471.634 131.114
1997 -479.97 137.83
1998 -476.3 116.855
1999 -463.265 145.745
2000 -458.224 132.005
2001 -497.435 135.428
2002 -461.243 131.487
2003 -464.959 147.67
2004 -458.053 129.333
2005 -476.18 111.935
2006 -474.759 122.638
2007 -485.052 151.075
2008 -975.763 469.372
2009 -964.675 497.157
2010 -968.453 492.046
2011 -981.344 482.418
2012 -952.246 483.96
2013 -952.008 474.429
2014 -968.97 489.852
2015 -951.865 473.112
2016 -982.257 477.857
2017 -978.872 476.977
2018 -966.617 500.476
2019 -963.675 478.852
2020 -970.894 480.445
2021 -980.323 485.558
2022 -943.687 477.483
2023 -969.173 489.588
2024 -959.474 498.851
2025 -984.587 477.462
2026 -978.146 485.301
2027 -980.384 472.23
2028 -961.589 501.003
2029 -948.943 477.158
2030 -976.775 493.762
2031 -959.983 500.516
2032 -958.089 485.184
2033 -979.069 476.836
2034 -958.114 465.499
2035 -959.583 501.74
2036 -983.552 487.805
2037 -949.946 472.802
2038 -970.234 468.111
2039 -971.842 496.037
2040 -972.951 489.44
2041 -976.771 498.076
2042 -958.428 485.172
2043 -950.922 476.615
2044 -968.107 502.131
2045 -956.66 487.531
2046 -982.845 481.658
2047 -944.322 478.449
2048 -970.78 480.536
2049 -947.55 473.625
2050 -968.673 500.307
2051 -955.415 471.455
2052 -971.438 477.631
2053 -984.561 485.245
2054 -966.876 501.581
2055 -956.18 486.429
2056 -954.022 487.342
2057 -977.637 486.098
2058 -979.468 494.899
2059 -944.778 477.387
2060 -948.675 479.045
2061 -975.814 472.894
2062 -949.711 466.588
2063 -963.678 492.304
2064 -977.937 482.376
2065 -976.191 473.004
2066 -958.372 487.902
2067 -967.894 486.105
2068 -983.429 489.646
2069 -951.238 494.422
2070 -943.058 480.919
2071 -981.526 492.86
2072 -969.859 474.202
2073 -949.541 496.846
2074 -961.433 500.233
2075 -977.443 485.222
2076 -981.227 471.124
2077 -959.902 470.093
2078 -967.336 465.424
2079 -983.304 473.914
2080 -970.851 485.999
2081 -980.283 487.991
2082 -968.397 484.852
2083 -953.687 478.527
2084 -974.746 495.069
2085 -983.579 474.545
2086 -954.455 493.913
2087 -970.695 471.876
2088 -971.464 496.047
2089 -951.555 465.941
2090 -951.988 474.854
2091 -944.537 484.459
2092 -948.074 493.946
2093 -950.018 484.61
2094 -978.659 489.62
2095 -980.35 475.987
2096 -974.07 478.679
2097 -945.777 491.898
2098 -981.224 471.519
2099 -945.107 487.437
2100 -944.405 483.918
2101 -959.091 467.327
2102 -964.502 494.465
2103 -948.462 471.573
2104 -979.741 492.664
2105 -984.085 479.582
2106 -943.916 476.19
2107 -956.634 489.092
2108 -962.893 469.542
2109 -980.989 480.197
2110 -943.698 480.544
2111 -954.753 472.685
2112 -963.94 493.844
2113 -948.333 492.822
2114 -958.96 481.704
2115 -964.083 469.713
2116 -981.225 483.801
2117 -968.832 471.831
2118 -957.275 468.158
2119 -972.169 495.554
2120 -955.986 470.754
2121 -954.214 475.648
2122 -969.903 476.2
2123 -973.615 495.367
2124 -983.436 481.482
2125 -965.599 487.241
2126 -983.62 486.89
2127 -954.882 466.342
2128 -975.645 466.915
2129 -968.551 499.852
2130 -944.662 487.929
2131 -959.383 465.393
2132 -946.139 489.512
2133 -972.119 495.028
2134 -967.664 473.359
2135 -967.165 481.516
2136 -953.191 483.433
2137 -950.093 483.006
2138 -954.937 483.44
2139 -959.371 487.328
2140 -981.455 481.831
2141 -980.045 493.154
2142 -955.759 469.695
2143 -972.027 501.055
2144 -980.313 480.287
2145 -973.225 490.059
2146 -983.13 487.211
2147 -954.625 468.533
2148 -971.831 479.134
2149 -965.765 502.721
2150 -965.02 466.072
2151 -955.956 481.303
2152 -958.051 493.469
2153 -981.357 472.373
2154 -954.872 480.94
2155 -950.497 476.153
2156 -943.231 480.679
2157 -981.666 489.784
2158 -964.976 484.221
2159 -948.802 478.106
2160 -952.794 469.812
2161 -975.071 494.241
2162 -980.232 473.431
2163 -980.761 493.611
2164 -984.79 481.419
2165 -968.882 501.63
2166 -951.421 497.718
2167 -952.754 481.155
2168 -958.819 499.259
2169 -954.547 465.031
2170 -955.721 480.063
2171 -980.262 469.913
2172 -964.684 469.084
2173 -981.964 477.815
2174 -976.224 482.915
2175 -948.631 475.21
2176 -983.724 489.045
2177 -956.326 467.973
2178 -967.132 465.14
2179 -975.74 488.231
2180 -979.57 488.478
2181 -956.805 468.459
2182 -942.932 478.946
2183 -945.282 476.444
2184 -967.472 486.808
2185 -958.235 485.695
2186 -954.324 489.777
2187 -966.434 474.346
2188 -969.983 498.675
2189 -981.352 478.887
2190 -974.228 470.276
2191 -983.319 474.448
2192 -964.46 476.895
2193 -947.952 479.362
2194 -945.792 477.993
2195 -977.603 473.891
2196 -966.078 475.422
2197 -963.908 468.688
2198 -976.167 481.808
2199 -980.623 475.258
2200 -966.684 500.499
2201 -974.578 473.677
2202 -947.241 493.969
2203 -970.3 478.237
2204 -977.77 492.944
2205 -981.34 481.426
2206 -946.83 477.542
2207 -948.237 471.309
2208 -960.699 493.072
2209 -960.818 501.206
2210 -957.045 466.831
2211 -946.269 477.553
2212 -948.473 487.369
2213 -947.851 483.565
2214 -945.766 483.706
2215 -983.802 479.985
2216 -947.206 487.523
2217 -982.038 486.861
2218 -952.346 470.235
2219 -966.894 468.895
2220 -961.167 486.18
2221 -974.269 489.245
2222 -983.947 487.448
2223 -963.88 498.043
2224 -965.106 469.484
2225 -980.747 482.327
2226 -961.739 471.995
2227 -952.466 482.468
2228 -952.537 476.083
2229 -976.549 472.248
2230 -980.292 470.642
2231 -957.835 481.691
2232 -961.555 481.771
2233 -967.134 479.242
2234 -959.85 487.442
2235 -979.477 476.381
2236 -980.714 478.163
2237 -956.425 488.247
2238 -946.981 476.146
2239 -977.563 471.679
2240 -983.297 476.987
2241 -962.017 486.665
2242 -954.565 487.761
2243 -956.881 472.631
2244 -948.207 473.442
2245 -971.455 495.182
2246 -983.614 478.828
2247 -955.571 499.024
2248 -977.35 491.996
2249 -951.315 487.357
2250 -978.571 467.397
2251 -980.678 493.063
2252 -961.864 487.786
2253 -954.072 475.123
2254 -974.831 482.558
2255 -962.501 461.497
2256 -947.904 491.371
2257 -953.363 466.827
2258 -943.701 484.439
2259 -946.997 484.341
2260 -956.399 491.973
2261 -957.156 474.062
2262 -953.871 469.548
2263 -981.257 470.656
2264 -953.316 493.728
2265 -979.622 490.773
2266 -951.797 469.585
2267 -965.518 463.382
2268 -971.062 482.891
2269 -981.644 487.473
2270 -943.822 476.38
2271 -942.889 479.048
2272 -963.092 474.315
2273 -974.785 477.033
2274 -974.498 474.235
2275 -976.717 487.326
2276 -961.501 474.501
2277 -963.828 482.809
2278 -942.896 483.028
2279 -961.378 489.954
2280 -977.864 472.074
2281 -962.401 482.828
2282 -952.823 486.304
2283 -966.203 464.512
2284 -973.299 487.737
2285 -973.243 476.311
2286 -956.548 493.452
2287 -974.253 495.548
2288 -970.226 472.121
2289 -956.107 494.815
2290 -969.151 484.91
2291 -964.552 472.482
2292 -973.317 469.862
2293 -965.981 486.746
2294 -976.475 478.274
2295 -959.294 488.983
2296 -970.952 472.726
2297 -958.929 485.861
2298 -981.035 481.961
2299 -961.353 483.927
2300 -970.744 496.715
2301 -976.471 484.35
2302 -943.592 478.564
2303 -962.444 494.289
2304 -957.866 494.246
2305 -954.847 478.706
2306 -978.683 484.966
2307 -977.845 495.835
2308 -978.434 472.924
2309 -947.24 473.036
2310 -981.409 480.501
2311 -973.75 493.015
2312 -953.795 491.332
2313 -945.53 477.235
2314 -953.164 485.024
2315 -978.1 485.11
2316 -982.86 476.449
2317 -964.167 472.698
2318 -965.519 468.996
2319 -974.874 498.345
2320 -948.594 490.032
2321 -966.131 481.104
2322 -959.97 468.187
2323 -979.606 488.854
2324 -983.312 480.452
2325 -962.553 468.184
2326 -978.311 472.598
2327 -943.283 484.455
2328 -951.802 491.943
2329 -944.238 486.836
2330 -952.092 478.211
2331 -972.776 463.206
2332 -961.449 478.672
2333 -971.5 469.818
2334 -945.43 488.485
2335 -950.791 472.022
2336 -956.472 494.33
2337 -946.09 494.028
2338 -974.644 497.927
2339 -981.664 484.645
2340 -943.059 479.569
2341 -944.653 475.582
2342 -962.196 493.148
2343 -947.68 480.011
2344 -951.803 484.436
2345 -962.389 472.803
2346 -954.594 467.862
2347 -943.653 486.53
2348 -979.96 476.701
2349 -973.507 482.467
2350 -948.15 472.81
2351 -978.569 483.963
2352 -967.078 488.819
2353 -943.388 487.485
2354 -952.358 492.036
2355 -953.093 471.451
2356 -984.003 481.308
2357 -978.873 493.659
2358 -947.1 477.593
2359 -975.96 495.128
2360 -980.301 480.458
2361 -973.792 482.527
2362 -968.205 488.018
2363 -973.228 485.872
2364 -966.347 470.146
2365 -971.927 466.595
2366 -961.783 470.539
2367 -955.588 470.97
2368 -980.365 474.208
2369 -943.172 484.429
2370 -948.641 490.037
2371 -952.508 481.015
2372 -948.401 470.127
2373 -983.285 475.482
2374 -973.045 500.571
2375 -975.5 498.064
2376 -956.95 462.866
2377 -983.082 477.223
2378 -949.512 487.568
2379 -970.552 468.611
2380 -952.729 477.806
2381 -964.495 477.426
2382 -951.704 482.189
2383 -960.752 486.852
2384 -966.288 493.473
2385 -981.106 471.079
2386 -978.62 489.169
2387 -966.246 464.862
2388 -951.302 477.411
2389 -948.703 490.572
2390 -950.814 482.984
2391 -978.465 497.028
2392 -946.051 491.259
2393 -959.771 481.187
2394 -953.477 465.516
2395 -958.606 475.197
2396 -968.909 469.497
2397 -980.511 479.983
2398 -943.686 479.299
2399 -973.666 488.371
2400 -962.292 500.21
2401 -957.064 499.028
2402 -957.493 479.553
2403 -959.637 481.735
2404 -982.597 473.654
2405 -967.775 467.029
2406 -984.297 476.966
2407 -959.721 495.416
2408 -946.487 479.508
2409 -969.476 473.523
2410 -963.114 463.898
2411 -962.573 491.116
2412 -963.611 474.053
2413 -968.757 491.794
2414 -977.194 476.871
2415 -947.265 488.702
2416 -971.998 472.734
2417 -951.432 470.728
2418 -968.975 497.999
2419 -953.653 490.968
2420 -966.109 491.495
2421 -974.413 485.057
2422 -972.945 473.105
2423 -978.935 476.206
2424 -946.355 490.248
2425 -948.942 492.963
2426 -943.875 484.976
2427 -965.233 470.519
2428 -975.039 468.031
2429 -972.444 470.828
2430 -953.287 468.469
2431 -965.597 480.604
2432 -982.342 477.326
2433 -978.368 487.973
2434 -962.923 467.464
2435 -952.005 496.491
2436 -966.572 482.051
2437 -966.041 487.542
2438 -954.558 499.943
2439 -948.724 489.174
2440 -984.539 479.818
2441 -944.662 477.785
2442 -977.637 495.321
2443 -982.723 477.521
2444 -958.25 475.577
2445 -963.846 500.086
2446 -953.108 479.146
2447 -983.9 481.347
2448 -944.271 482.835
2449 -982.274 472.596
2450 -943.97 488.382
2451 -961.986 495.238
2452 -964.22 492.15
2453 -969.182 471.163
2454 -974.421 475.54
2455 -981.299 490.897
2456 -943.446 478.037
2457 -983.609 488.578
2458 -960.679 472.092
2459 -949.054 480.628
2460 -980.363 472.296
2461 -947.765 470.567
2462 -945.513 483.817
2463 -976.962 473.669
2464 -971.898 467.14
2465 -953.734 480.039
2466 -962.125 495.219
2467 -955.107 498.581
2468 -969.668 471.385
2469 -949.295 472.276
2470 -978.896 485.572
2471 -975.083 467.812
2472 -952.221 493.976
2473 -965.418 490.929
2474 -969.386 471.019
2475 -950.784 491.427
2476 -981.052 480.048
2477 -963.033 462.185
2478 -952.553 499.56
2479 -983.846 480.675
2480 -969.728 497.266
2481 -952.26 490.279
2482 -974.147 471.079
2483 -960.676 463.588
2484 -968.945 480.703
2485 -973.347 479.061
2486 -964.431 499.216
2487 -957.899 494.093
2488 -958.008 495.462
2489 -966.006 490.452
2490 -955.873 500.354
2491 -958.426 468.954
2492 -944.641 489.971
2493 -947.291 478.983
2494 -970.613 465.769
2495 -973.626 485.731
2496 -967.511 475.432
2497 -960.964 469.218
2498 -961.754 496.263
2499 -972.458 493.933
2500 -974.879 481.607
2501 -978.642 476.108
2502 -959.479 471.569
2503 -968.028 478.718
2504 -953.167 499.545
2505 -965.45 501.329
2506 -943.683 476.265
2507 -971.728 498.838
2508 -964.4 484.034
2509 -964.868 498.081
2510 -971.982 474.946
2511 -980.878 474.339
2512 -959.56 467.201
2513 -945.613 484.48
2514 -983.9 485.426
2515 -958.615 481.003
2516 -979.97 489.314
2517 -944.837 473.605
2518 -947.615 483.993
2519 -961.962 495.867
2520 -959.934 472.764
2521 -945.704 474.922
2522 -963.568 463.36
2523 -973.596 498.846
2524 -983.599 482.131
2525 -944.343 481.928
2526 -948.386 481.476
2527 -943.426 485.076
2528 -983.261 477.338
2529 -946.119 474.378
2530 -944.527 475.949
2531 -963.848 489.826
2532 -973.237 497.703
2533 -969.539 498.531
2534 -954.658 471.976
2535 -970.002 480.523
2536 -950.383 491.363
2537 -982.186 486.108
2538 -943.227 482.621
2539 -945.738 486.919
2540 -944.029 477.443
2541 -966.577 502.556
2542 -943.002 481.946
2543 -979.588 494.454
2544 -957.077 490.946
2545 -948.425 480.716
2546 -972.744 493.218
2547 -975.883 495.693
2548 -949.139 482.905
2549 -969.895 496.897
2550 -945.481 488.433
2551 -944.641 482.5
2552 -973.155 466.391
2553 -956.399 466.703
2554 -970.73 491.892
2555 -970.832 478.069
2556 -954.686 477.705
2557 -956.577 480.734
2558 -979.699 490.291
2559 -979.766 488.935
2560 -958.661 475.886
2561 -974.369 467.848
2562 -984.506 485.202
2563 -976.458 497.869
2564 -975.172 465.503
2565 -946.142 485.131
2566 -954.309 463.221
2567 -962.685 478.807
2568 -971.814 498.89
2569 -960.028 494.419
2570 -946.059 486.655
2571 -949.121 493.063
2572 -972.516 476.837
2573 -963.902 494.823
2574 -960.158 488.295
2575 -957.83 469.269
2576 -979.374 473.37
2577 -948.834 496.366
2578 -946.852 488.1
2579 -950.353 492.673
2580 -976.55 491.43
2581 -965.983 467.789
2582 -958.018 464.799
2583 -970.197 470.997
2584 -971.133 493.757
2585 -955.441 491
2586 -943.107 480.345
2587 -942.988 478.077
2588 -971.016 485.852
2589 -944.916 476.009
2590 -976.773 469.861
2591 -963.623 462.049
2592 -961.324 478.674
2593 -954.044 494.239
2594 -955.096 463.69
2595 -944.629 488.721
2596 -974.518 469.447
2597 -973.817 479.113
2598 -966.691 463.679
2599 -957.579 464.552
2600 -955.791 468.748
2601 -951.67 483.311
2602 -943.114 484.448
2603 -982.786 491.24
2604 -979.546 484.448
2605 -950.433 498.09
2606 -973.94 484.219
2607 -950.087 489.7
2608 -984.021 484.232
2609 -947.055 489.18
2610 -973.343 469.99
2611 -956.453 475.455
2612 -957.104 470.729
2613 -951.17 496.316
2614 -962.375 497.672
2615 -978.382 486.957
2616 -957.197 482.944
2617 -981.535 492.524
2618 -972.556 476.232
2619 -957.363 497.089
2620 -981.886 476.083
2621 -949.426 494.38
2622 -946.106 471.342
2623 -978.876 486.869
2624 -947.719 494.022
2625 -981.741 477.492
2626 -977.26 478.785
2627 -943.805 479.703
2628 -943.835 482.69
2629 -953.675 467.141
2630 -959.128 494.089
2631 -982.063 478.056
2632 -967.575 461.324
2633 -967.339 481.274
2634 -949.286 481.393
2635 -961.877 477.792
2636 -948.276 484.324
2637 -970.148 486.213
2638 -981.279 486.309
2639 -971.064 486.876
2640 -954.928 464.284
2641 -948.738 467.527
2642 -967.339 465.195
2643 -943.411 486.346
2644 -966.491 465.068
2645 -983.681 489.498
2646 -964.627 486.791
2647 -984.239 483.467
2648 -958.655 501.263
2649 -955.145 476.497
2650 -964.395 469.827
2651 -981.276 485.892
2652 -966.665 479.48
2653 -972.173 470.582
2654 -984.653 485.276
2655 -984.704 481.982
2656 -949.948 482.25
2657 -943.482 487.344
2658 -947.71 495.141
2659 -979.888 475.852
2660 -956.369 479.989
2661 -969.266 492.443
2662 -963.484 499.651
2663 -970.914 490.161
2664 -950.197 495.116
2665 -950.007 481.196
2666 -953.897 480.285
2667 -946.895 477.29
2668 -971.839 488.135
2669 -952.245 477.864
2670 -953.954 472.291
2671 -958.042 477.908
2672 -964.46 475.997
2673 -945.854 479.398
2674 -958.369 473.19
2675 -981.489 473.96
2676 -967.548 497.57
