%%index real_part   imaginary_part
2550 2550 2550
1 7.277 5.806
2 -21.46 11.806
3 8.853 -14.194
4 -11.138 -6.194
5 22.789 20.806
6 4.601 29.806
7 -3.09 21.806
8 -14.355 -9.194
9 -3.678 -0.194
10 -4.35 2.806
11 25.19 12.806
12 -8.532 29.806
13 11.513 5.806
14 -9.109 -1.194
15 10.254 3.806
16 9.384 -8.194
17 1.399 19.806
18 8.417 7.806
19 4.724 7.806
20 2.636 15.806
21 23.669 19.806
22 -6.396 1.806
23 -1.239 -0.194
24 3.937 -3.194
25 15.197 -11.194
26 -18.451 8.806
27 -15.485 -4.194
28 11.481 22.806
29 0.506 -12.194
30 -5.311 27.806
31 10.948 4.806
32 14.01 4.806
33 6.045 15.806
34 -16.325 5.806
35 -20.805 14.806
36 0.426 14.806
37 -15.888 -1.194
38 -13.898 11.806
39 -22.133 10.806
40 8.504 -7.194
41 4.882 22.806
42 -0.876 4.806
43 4.577 2.806
44 4.804 3.806
45 14.284 29.806
46 -9.93 -4.194
47 8.004 20.806
48 22.49 4.806
49 7.116 7.806
50 0.264 19.806
51 11.849 21.806
52 24.697 10.806
53 14.579 19.806
54 18.66 7.806
55 5.412 -1.194
56 6.689 -3.194
57 15.83 17.806
58 -3.903 16.806
59 0.771 32.806
60 -20.609 4.806
61 -9.213 29.806
62 3.54 -1.194
63 3.882 -8.194
64 20.142 0.806
65 -16.652 3.806
66 7.274 27.806
67 -1.979 1.806
68 0.609 -5.194
69 -21.152 2.806
70 -1.158 -6.194
71 -0.232 14.806
72 -19.648 -3.194
73 -6.36 -11.194
74 -2.452 -8.194
75 20.711 15.806
76 -20.718 11.806
77 -13.103 8.806
78 12.204 -11.194
79 -17.86 -1.194
80 21.586 -2.194
81 -7.839 22.806
82 13.854 14.806
83 8.519 14.806
84 24.21 13.806
85 3.859 20.806
86 10.232 30.806
87 10.494 8.806
88 -12.096 26.806
89 24.454 17.806
90 -4.489 30.806
91 -8.364 -11.194
92 -20.308 5.806
93 14.558 12.806
94 16.225 -8.194
95 15.67 4.806
96 -18.604 6.806
97 -2.994 0.806
98 8.199 17.806
99 23.754 7.806
100 -16.909 8.806
101 -16.716 23.806
102 14.819 28.806
103 9.848 7.806
104 -0.428 -2.194
105 -2.832 5.806
106 19.806 8.806
107 -14.023 8.806
108 -15.748 22.806
109 -17.587 19.806
110 -6.487 9.806
111 20.803 4.806
112 7.214 22.806
113 -12.932 25.806
114 -5.562 28.806
115 8.577 7.806
116 24.344 0.806
117 19.114 6.806
118 -3.728 20.806
119 10.957 18.806
120 1.847 -1.194
121 16.342 5.806
122 -9.72 9.806
123 3.956 32.806
124 1.174 10.806
125 -5.608 2.806
126 -11.08 -1.194
127 6.676 5.806
128 -13.459 9.806
129 0.89 16.806
130 -18.505 0.806
131 -19.332 12.806
132 -20.925 4.806
133 7.193 23.806
134 -0.296 -6.194
135 -7.497 -8.194
136 22.926 5.806
137 6.194 13.806
138 14.608 13.806
139 -7.043 0.806
140 20.899 10.806
141 14.319 3.806
142 9.079 5.806
143 21.417 -3.194
144 -17.627 23.806
145 25.591 2.806
146 -7.712 -13.194
147 0.175 30.806
148 -6.553 19.806
149 -13.273 -2.194
150 -4.31 2.806
151 10.855 9.806
152 -8.407 5.806
153 3.568 -10.194
154 -6.963 26.806
155 -16.911 23.806
156 -12.128 -4.194
157 11.973 15.806
158 25.015 10.806
159 -14.911 7.806
160 1.812 4.806
161 -12.755 27.806
162 -9.837 10.806
163 17.587 13.806
164 11.774 -4.194
165 1.796 -13.194
166 12.034 1.806
167 9.879 30.806
168 19.546 -4.194
169 -7.216 -9.194
170 -5.116 31.806
171 24.573 7.806
172 14.239 22.806
173 -5.352 11.806
174 -11.32 14.806
175 -17.579 -4.194
176 -10.182 10.806
177 -1.78 -13.194
178 -21.048 13.806
179 13.127 -11.194
180 -4.967 14.806
181 20.511 4.806
182 -20.556 7.806
183 -19.807 14.806
184 17.981 -6.194
185 24.029 -0.194
186 -9.065 11.806
187 -17.574 0.806
188 5.53 16.806
189 15.056 22.806
190 -16.846 9.806
191 14.696 7.806
192 8.533 17.806
193 12.022 3.806
194 14.652 -8.194
195 15.579 3.806
196 8.246 27.806
197 -3.153 -0.194
198 2.729 31.806
199 6.028 -4.194
200 -13.592 9.806
201 -15.733 4.806
202 8.609 12.806
203 2.812 15.806
204 -4.899 28.806
205 20.967 8.806
206 -1.089 17.806
207 11.8 10.806
208 -14.428 -6.194
209 21.301 8.806
210 10.513 8.806
211 -21.713 4.806
212 -8.273 21.806
213 -19.979 -1.194
214 -8.04 13.806
215 10.181 17.806
216 4.298 2.806
217 -13.238 15.806
218 1.521 29.806
219 -13.786 4.806
220 3.348 -3.194
221 20.691 17.806
222 13.329 8.806
223 13.393 8.806
224 25.221 15.806
225 -9.621 -9.194
226 -13.19 -7.194
227 18.847 0.806
228 -17.887 3.806
229 -0.222 20.806
230 -14.265 4.806
231 -18.033 17.806
232 4.533 27.806
233 -19.754 18.806
234 4.266 -10.194
235 24.02 8.806
236 10.263 30.806
237 -3.903 -8.194
238 -12.375 17.806
239 19.561 8.806
240 5.797 27.806
241 -15.889 -8.194
242 7.643 23.806
243 16.698 7.806
244 -16.664 22.806
245 3.254 1.806
246 24.102 11.806
247 22.921 -1.194
248 25.562 7.806
249 5.549 -3.194
250 -2.838 27.806
251 -2.126 24.806
252 -8.453 3.806
253 7.061 -2.194
254 23.974 14.806
255 2.502 31.806
256 13.142 12.806
257 8.282 8.806
258 -3.035 -0.194
259 20.772 19.806
260 10.379 4.806
261 -14.369 0.806
262 16 14.806
263 3.031 12.806
264 -5.879 -4.194
265 -6.472 10.806
266 25.208 11.806
267 -21.554 16.806
268 2.43 26.806
269 4.399 27.806
270 21.605 18.806
271 14.625 -12.194
272 -10.57 -9.194
273 -19.203 20.806
274 11.415 -1.194
275 16.693 14.806
276 22.66 3.806
277 23.052 13.806
278 -8.723 8.806
279 -13.664 -8.194
280 -1.503 30.806
281 -18.813 20.806
282 9.548 -13.194
283 5.918 9.806
284 -11.54 -4.194
285 -2.914 -9.194
286 -18.938 16.806
287 -17.554 9.806
288 -5.59 0.806
289 17.74 -2.194
290 -20.395 14.806
291 -9.107 30.806
292 16.028 4.806
293 -21.937 6.806
294 23.96 17.806
295 14.887 5.806
296 20.579 18.806
297 4.063 29.806
298 -10.883 -3.194
299 0.486 17.806
300 -22.052 12.806
301 17.2 12.806
302 -21.579 10.806
303 -17.625 8.806
304 -3.589 27.806
305 -18.877 -3.194
306 14.171 25.806
307 7.837 14.806
308 11.939 19.806
309 4.541 0.806
310 -18.518 22.806
311 25.5 10.806
312 12.065 -9.194
313 -7.803 -5.194
314 -8.08 24.806
315 2.517 0.806
316 -9.646 5.806
317 -4.907 -11.194
318 5.306 22.806
319 22.657 20.806
320 -20.088 -2.194
321 23.243 -0.194
322 23.656 8.806
323 2.175 -4.194
324 4.143 -4.194
325 -13.136 -4.194
326 -2.966 -10.194
327 -19.862 4.806
328 -17.287 21.806
329 -5.657 -4.194
330 16.893 13.806
331 -20.484 -0.194
332 14.778 27.806
333 -1.436 -1.194
334 8.916 7.806
335 -16.255 9.806
336 -5.31 -13.194
337 15.36 20.806
338 20.783 22.806
339 4.809 -12.194
340 21.206 23.806
341 5.84 15.806
342 -4.5 9.806
343 2.041 -10.194
344 24.019 14.806
345 17.365 13.806
346 -5.427 9.806
347 -0.422 28.806
348 -14.043 5.806
349 -19.037 10.806
350 10.519 25.806
351 8.306 -1.194
352 -1.099 20.806
353 -7.539 4.806
354 -20.958 7.806
355 -19.433 -3.194
356 -17.388 -5.194
357 13.193 14.806
358 -16.157 21.806
359 -3.815 0.806
360 0.896 22.806
361 9.567 13.806
362 21.535 -5.194
363 0.158 15.806
364 -13.494 23.806
365 23.809 18.806
366 -6.49 30.806
367 17.182 -10.194
368 -7.573 15.806
369 -9.536 17.806
370 15.138 21.806
371 -14.841 25.806
372 -21.939 13.806
373 -8.566 12.806
374 -13.84 9.806
375 -16.529 6.806
376 -19.908 6.806
377 -19.61 20.806
378 21.186 7.806
379 2.689 -15.194
380 -14.286 15.806
381 -3.871 7.806
382 10.468 28.806
383 3.648 20.806
384 20.876 15.806
385 5.138 21.806
386 -17.722 9.806
387 9.966 16.806
388 4.697 24.806
389 -20.206 -1.194
390 -4.662 0.806
391 5.186 28.806
392 -9.116 15.806
393 -18.037 16.806
394 0.438 15.806
395 -19.273 13.806
396 -4.507 11.806
397 15.212 24.806
398 -13.132 -8.194
399 -2.3 29.806
400 -17.154 4.806
401 17.64 5.806
402 -7.511 13.806
403 -3.519 -11.194
404 16.46 -3.194
405 -6.934 -12.194
406 -12.725 -2.194
407 -17.301 2.806
408 21.801 11.806
409 1.636 -3.194
410 9.746 16.806
411 24.233 11.806
412 18.836 10.806
413 -20.414 10.806
414 -10.91 6.806
415 8.523 2.806
416 23.69 15.806
417 18.47 26.806
418 -16.348 2.806
419 15.552 2.806
420 -20.106 0.806
421 -18.102 3.806
422 7.753 -10.194
423 24.234 11.806
424 -17.525 21.806
425 6.625 4.806
426 7.093 2.806
427 -17.743 22.806
428 24.916 11.806
429 23.056 5.806
430 -14.474 -0.194
431 1.418 12.806
432 6.721 -6.194
433 -21.559 14.806
434 -11.635 0.806
435 -21.98 8.806
436 3.145 -11.194
437 6.131 -11.194
438 9.571 -0.194
439 -14.916 -2.194
440 9.947 -9.194
441 -8.794 -13.194
442 8.807 28.806
443 -13.999 7.806
444 -3.251 21.806
445 -22.132 12.806
446 3.948 19.806
447 10.056 30.806
448 11.668 -6.194
449 -17.237 -1.194
450 4.64 -5.194
451 19.649 -6.194
452 -4.224 -0.194
453 -21.694 7.806
454 25.211 9.806
455 18.039 -2.194
456 17.546 -10.194
457 5.247 15.806
458 15.89 18.806
459 18.17 22.806
460 -5.067 -11.194
461 10.041 -9.194
462 -12.73 4.806
463 21.336 22.806
464 -5.234 19.806
465 -15.336 -4.194
466 1.274 -0.194
467 23.538 19.806
468 5.556 5.806
469 -2.855 17.806
470 2.461 -6.194
471 7.472 -6.194
472 10.638 -12.194
473 -6.103 -0.194
474 -11.605 20.806
475 -10.563 -10.194
476 -13.177 -7.194
477 -9.483 6.806
478 0.102 19.806
479 -3.748 4.806
480 2.143 -4.194
481 3.522 -4.194
482 5.17 8.806
483 -11.473 22.806
484 12.902 -11.194
485 4.235 16.806
486 23.241 2.806
487 0.245 14.806
488 6.727 8.806
489 15.18 27.806
490 -21.678 6.806
491 22.718 -1.194
492 -17.843 0.806
493 23.29 20.806
494 16.625 -2.194
495 -9.995 -6.194
496 -2.152 24.806
497 -8.231 10.806
498 14.328 11.806
499 -0.504 13.806
500 -7.966 15.806
501 -19.329 17.806
502 -12.939 27.806
503 -5.007 -13.194
504 19.975 12.806
505 -6.011 10.806
506 1.727 14.806
507 -15.475 24.806
508 -1.979 17.806
509 22.911 -1.194
510 -13.777 6.806
511 -5.148 5.806
512 9.422 -0.194
513 -4.258 9.806
514 -7.807 5.806
515 22.365 7.806
516 -18.128 9.806
517 20.743 18.806
518 -8.87 -0.194
519 -18.118 15.806
520 -19.582 9.806
521 -20.033 4.806
522 4.958 -12.194
523 7.677 22.806
524 12.593 16.806
525 -5.411 26.806
526 11.878 4.806
527 -19.354 9.806
528 -6.393 21.806
529 4.195 25.806
530 18.743 8.806
531 -5.618 28.806
532 12.853 27.806
533 -9.377 5.806
534 9.024 -3.194
535 -17.484 9.806
536 -19.053 3.806
537 -18.084 14.806
538 4.932 26.806
539 -5.922 7.806
540 13.934 18.806
541 12.639 3.806
542 4.447 -2.194
543 18.598 -8.194
544 -19.803 -3.194
545 -12.586 -2.194
546 -17.444 12.806
547 -8.122 -8.194
548 -1.598 -12.194
549 15.715 -10.194
550 -7.857 -11.194
551 -5.983 28.806
552 9.314 -14.194
553 3.359 -14.194
554 -12.357 -10.194
555 20.549 -2.194
556 11.271 23.806
557 -2.772 17.806
558 -4.674 -11.194
559 -1 -6.194
560 -14.785 8.806
561 3.831 32.806
562 -20.172 14.806
563 2.153 -11.194
564 -10.758 25.806
565 16.236 21.806
566 -21.464 15.806
567 -21.978 9.806
568 5.454 -8.194
569 -20.508 18.806
570 -2.63 -1.194
571 8.293 -8.194
572 -19.05 7.806
573 -14.137 -0.194
574 12.13 15.806
575 -14.612 25.806
576 -13.968 -1.194
577 4.358 12.806
578 -14.246 21.806
579 -14.958 23.806
580 -15.158 18.806
581 5.638 -10.194
582 -16.318 23.806
583 -11.243 21.806
584 6.418 18.806
585 24.339 -1.194
586 -16.84 24.806
587 -4.793 -1.194
588 4.658 29.806
589 -22.018 3.806
590 6.666 -5.194
591 3.964 0.806
592 23.799 16.806
593 -11.794 12.806
594 -6.671 -11.194
595 -19.731 4.806
596 25.253 15.806
597 24.718 12.806
598 -2.534 -2.194
599 24.575 10.806
600 -14.873 7.806
601 11.642 20.806
602 -17.649 8.806
603 -7.293 -7.194
604 -0.348 27.806
605 -5.652 4.806
606 -11.135 17.806
607 -11.786 8.806
608 15.59 0.806
609 11.214 -2.194
610 6.273 11.806
611 -16.523 3.806
612 7.064 9.806
613 -19.586 3.806
614 21.999 -4.194
615 19.159 16.806
616 13.096 10.806
617 -9.595 8.806
618 -5.302 6.806
619 6.027 -9.194
620 14.058 -11.194
621 2.912 10.806
622 10.302 6.806
623 4.262 -15.194
624 -5.267 25.806
625 -18.738 12.806
626 -12.708 -9.194
627 11.475 20.806
628 3.221 -12.194
629 18.212 26.806
630 12.938 -8.194
631 10.861 27.806
632 -6.566 -11.194
633 -16.438 2.806
634 -1.183 25.806
635 -17.795 6.806
636 -11.323 3.806
637 -22.192 14.806
638 22.96 10.806
639 0.77 28.806
640 -20.135 8.806
641 10.312 -3.194
642 -12.974 26.806
643 4.142 -13.194
644 -18.516 10.806
645 -7.576 11.806
646 -0.937 11.806
647 17.044 11.806
648 13.117 28.806
649 5.658 -9.194
650 1.025 -4.194
651 23.645 1.806
652 11.422 8.806
653 -18.041 12.806
654 10.532 22.806
655 -15.001 -3.194
656 -7.142 14.806
657 17.517 13.806
658 -3.648 17.806
659 -12.618 14.806
660 8.249 31.806
661 1.868 0.806
662 -11.983 -3.194
663 -7.665 29.806
664 -18.389 18.806
665 -18.401 5.806
666 -2.587 3.806
667 16.672 12.806
668 18.072 -0.194
669 -11.443 -7.194
670 -16.902 4.806
671 25.244 5.806
672 12.054 0.806
673 24.042 3.806
674 2.769 30.806
675 7.482 30.806
676 -7.722 11.806
677 17.335 4.806
678 5.757 25.806
679 13.246 -9.194
680 -19.417 -0.194
681 10.106 8.806
682 5.761 9.806
683 4.541 2.806
684 6.692 24.806
685 17.028 -5.194
686 17.4 18.806
687 0.748 13.806
688 8.338 -6.194
689 -6.058 12.806
690 3.439 16.806
691 -4.038 -4.194
692 -15.407 -5.194
693 9.229 1.806
694 -12.072 20.806
695 -0.569 22.806
696 -20.18 10.806
697 -10.469 5.806
698 17.098 1.806
699 -21.428 16.806
700 19.32 24.806
701 9.628 15.806
702 23.128 2.806
703 8.582 13.806
704 -20.339 6.806
705 24.021 13.806
706 -20.295 10.806
707 21.903 21.806
708 14.263 1.806
709 -19.267 -4.194
710 8.663 -3.194
711 24.471 5.806
712 0.885 13.806
713 -21.126 16.806
714 17.54 12.806
715 23.321 -3.194
716 13.795 1.806
717 -19.817 -1.194
718 24.021 7.806
719 -12.241 -7.194
720 -4.962 -1.194
721 -8.673 25.806
722 8.185 26.806
723 -4.268 10.806
724 -9.074 8.806
725 1.347 -0.194
726 19.661 25.806
727 -7.054 8.806
728 6.556 8.806
729 21.558 12.806
730 12.067 -8.194
731 -0.335 12.806
732 21.925 0.806
733 -20.455 3.806
734 -6.073 18.806
735 8.168 -3.194
736 -1.03 -10.194
737 -17.834 22.806
738 7.305 -7.194
739 -16.586 12.806
740 14.395 20.806
741 -5.982 31.806
742 25.109 11.806
743 -2.845 17.806
744 2.432 -15.194
745 -14.856 8.806
746 6.006 13.806
747 13.626 16.806
748 2.329 -7.194
749 22.769 -0.194
750 -6.691 -7.194
751 -1.664 14.806
752 5.2 -6.194
753 -9.617 13.806
754 19.168 24.806
755 -15.805 23.806
756 -4.564 -5.194
757 24.324 12.806
758 2.73 -1.194
759 -20.43 -2.194
760 -18.681 15.806
761 -11.731 12.806
762 7.451 -0.194
763 21.576 3.806
764 3.222 11.806
765 0.767 4.806
766 23.15 2.806
767 -19.317 9.806
768 -0.049 -10.194
769 13.978 16.806
770 19.076 -1.194
771 7.455 -5.194
772 11.668 7.806
773 -15.288 -8.194
774 -5.287 10.806
775 1.23 31.806
776 17.654 8.806
777 -0.906 31.806
778 -1.898 3.806
779 19.329 19.806
780 1.151 -9.194
781 6.066 19.806
782 2.334 27.806
783 -1.702 19.806
784 -0.896 -0.194
785 -13.354 18.806
786 -14.348 0.806
787 -0.182 -10.194
788 24.872 2.806
789 -18.732 21.806
790 -11.17 26.806
791 -19.757 8.806
792 3.337 8.806
793 25.601 4.806
794 -18.311 1.806
795 16.836 -8.194
796 -18.623 20.806
797 5.758 18.806
798 -15.634 8.806
799 19.041 1.806
800 -10.067 -0.194
801 -16.175 8.806
802 -14.974 -5.194
803 -9.417 10.806
804 -10.519 -7.194
805 4.48 -2.194
806 -15.947 10.806
807 21.627 13.806
808 0.162 24.806
809 -16.726 18.806
810 -5.98 -11.194
811 1.046 0.806
812 -9.639 1.806
813 -6.087 10.806
814 3.373 -3.194
815 -0.476 20.806
816 3.991 32.806
817 -0.553 14.806
818 10.461 23.806
819 12.96 -9.194
820 -10.821 18.806
821 12.543 -12.194
822 -20.574 -1.194
823 -6.01 17.806
824 -15.877 6.806
825 -0.789 -2.194
826 -7.07 25.806
827 23.12 14.806
828 -12.903 17.806
829 -18.298 20.806
830 -4.368 28.806
831 -15.032 -8.194
832 18.782 -5.194
833 1.89 -14.194
834 -0.52 -11.194
835 14.806 7.806
836 10.852 5.806
837 13.3 5.806
838 -19.71 -2.194
839 -19.022 20.806
840 -15.178 7.806
841 -7.561 -0.194
842 23.561 0.806
843 -20.044 11.806
844 -2.208 11.806
845 -15.732 18.806
846 -20.258 9.806
847 -13.653 10.806
848 4.628 21.806
849 2.42 16.806
850 -12.236 15.806
851 -21.301 15.806
852 -20.573 8.806
853 24.354 14.806
854 1.773 14.806
855 -6.739 -6.194
856 10.974 12.806
857 21.623 -4.194
858 -11.47 18.806
859 -18.465 12.806
860 5.135 -5.194
861 7.27 -13.194
862 9.88 -6.194
863 6.977 19.806
864 14.887 -3.194
865 18.43 9.806
866 -15.579 18.806
867 14.184 -9.194
868 13.098 0.806
869 -0.49 29.806
870 -19.002 8.806
871 20.589 1.806
872 25.342 8.806
873 -2.311 25.806
874 20.499 13.806
875 19.54 -3.194
876 -14.065 27.806
877 12.863 17.806
878 7.089 -14.194
879 17.601 8.806
880 11.146 7.806
881 -0.758 -3.194
882 15.066 18.806
883 -18.092 12.806
884 11.543 -4.194
885 -6.04 9.806
886 22.274 8.806
887 9.053 -14.194
888 13.897 -6.194
889 9.415 7.806
890 8.532 -11.194
891 -20.006 16.806
892 -2.658 32.806
893 -8.091 0.806
894 3.62 0.806
895 15.877 15.806
896 13.735 2.806
897 -3.392 26.806
898 -9.826 -4.194
899 5.716 27.806
900 -2.715 16.806
901 -6.844 9.806
902 16.482 16.806
903 -2.566 27.806
904 22.977 14.806
905 8.652 29.806
906 -2.818 -15.194
907 -11.46 6.806
908 10.333 -8.194
909 15.361 3.806
910 13.101 12.806
911 14.295 -1.194
912 -4.159 19.806
913 4.95 28.806
914 -8.996 13.806
915 24.832 10.806
916 14.957 3.806
917 -7.553 20.806
918 -17.803 9.806
919 12.31 22.806
920 20.054 13.806
921 -10.099 4.806
922 17.344 12.806
923 -7.098 10.806
924 22.654 17.806
925 9.525 -13.194
926 16.392 23.806
927 3 25.806
928 -0.611 25.806
929 -13.242 -1.194
930 -7.763 -6.194
931 21.454 6.806
932 -21.042 12.806
933 -13.918 -4.194
934 8.354 8.806
935 -4.343 -8.194
936 16.972 -0.194
937 -6.552 16.806
938 5.797 31.806
939 23.17 0.806
940 14.214 -10.194
941 -4.711 -2.194
942 3.642 21.806
943 11.977 -8.194
944 12.084 2.806
945 -17.624 3.806
946 24.098 12.806
947 21.654 17.806
948 -18.498 8.806
949 25.046 3.806
950 -6.234 5.806
951 4.448 2.806
952 -6.927 10.806
953 17.326 19.806
954 24.727 8.806
955 21.956 8.806
956 -10.408 17.806
957 -3.958 20.806
958 3.579 25.806
959 4.648 24.806
960 23.757 9.806
961 -20.885 -0.194
962 -11.215 9.806
963 8.28 7.806
964 0.016 -12.194
965 24.058 6.806
966 10.136 4.806
967 13.291 8.806
968 -10.501 8.806
969 0.24 17.806
970 8.507 24.806
971 12.158 24.806
972 3.414 32.806
973 2.472 -12.194
974 14.197 22.806
975 -14.719 -3.194
976 2.575 10.806
977 3.27 -15.194
978 16.726 9.806
979 23.822 6.806
980 -21.275 3.806
981 18.873 0.806
982 -17.724 5.806
983 15.828 -11.194
984 3.372 0.806
985 -8.961 23.806
986 8.566 22.806
987 -16.04 -1.194
988 19.285 3.806
989 -5.635 9.806
990 9.743 2.806
991 4.139 20.806
992 19.89 -5.194
993 22.151 4.806
994 20.222 21.806
995 -4.566 16.806
996 -17.84 20.806
997 14.655 14.806
998 -12.282 21.806
999 19.903 8.806
1000 19.909 15.806
1001 1.028 -0.194
1002 -11.682 8.806
1003 5.866 -3.194
1004 14.86 26.806
1005 -20.742 12.806
1006 -5.033 -11.194
1007 -4.012 30.806
1008 21.095 23.806
1009 22.888 2.806
1010 24.725 14.806
1011 -13.039 25.806
1012 11.979 25.806
1013 5.627 -0.194
1014 -12.581 3.806
1015 8.222 17.806
1016 23.327 8.806
1017 -17.59 13.806
1018 17.115 25.806
1019 -13.941 2.806
1020 -5.965 10.806
1021 -21.712 3.806
1022 14.765 17.806
1023 14.52 -11.194
1024 18.971 -2.194
1025 12.78 -3.194
1026 14.086 8.806
1027 8.972 -3.194
1028 14.384 -12.194
1029 16.743 -7.194
1030 1.375 12.806
1031 8.706 26.806
1032 -3.742 -0.194
1033 -15.751 3.806
1034 -13.938 25.806
1035 -9.962 11.806
1036 12.282 8.806
1037 8.686 -0.194
1038 5.423 -1.194
1039 17.082 -2.194
1040 -13.769 26.806
1041 24.314 1.806
1042 0.378 -5.194
1043 20.451 14.806
1044 23.265 1.806
1045 19.453 6.806
1046 -5.746 -1.194
1047 -16.795 19.806
1048 10.353 26.806
1049 -17.574 18.806
1050 14.684 20.806
1051 5.789 1.806
1052 -1.571 -5.194
1053 -9.401 22.806
1054 17.376 10.806
1055 -21.327 9.806
1056 13.689 21.806
1057 -13.465 15.806
1058 14.981 14.806
1059 5.392 -0.194
1060 2.035 24.806
1061 -18.001 3.806
1062 -1.708 6.806
1063 -0.784 13.806
1064 13.125 1.806
1065 -14.316 2.806
1066 -3.57 -3.194
1067 -9.147 3.806
1068 -5.98 11.806
1069 -7.668 14.806
1070 19.892 -7.194
1071 -18.962 3.806
1072 19.733 21.806
1073 25.442 5.806
1074 4.842 6.806
1075 11.054 30.806
1076 -14.511 17.806
1077 8.407 8.806
1078 4.471 28.806
1079 24.772 8.806
1080 20.652 10.806
1081 3.141 5.806
1082 12.13 8.806
1083 -20.499 5.806
1084 -20.45 15.806
1085 1.966 7.806
1086 -14.037 9.806
1087 3.885 2.806
1088 7.23 -9.194
1089 20.697 2.806
1090 21.623 20.806
1091 -2.384 -10.194
1092 4.15 11.806
1093 -20.504 10.806
1094 8.847 -4.194
1095 -6.379 -9.194
1096 14.291 5.806
1097 -2.306 10.806
1098 6.393 11.806
1099 -16.72 5.806
1100 -3.988 15.806
1101 23.453 14.806
1102 5.698 25.806
1103 14.124 17.806
1104 22.517 8.806
1105 11.154 -0.194
1106 -0.176 29.806
1107 13.753 13.806
1108 20.543 0.806
1109 14.629 8.806
1110 5.681 31.806
1111 -8.412 -2.194
1112 21.627 19.806
1113 3.86 -6.194
1114 20.242 11.806
1115 20.927 19.806
1116 15.107 25.806
1117 -1.835 -13.194
1118 7.056 -9.194
1119 -19.121 -4.194
1120 -8.537 9.806
1121 19.236 16.806
1122 16.598 -9.194
1123 15.255 18.806
1124 -4.574 -13.194
1125 13.837 24.806
1126 -12.589 24.806
1127 -11.945 -0.194
1128 -14.424 12.806
1129 23.829 -1.194
1130 2.333 -3.194
1131 -10.967 8.806
1132 20.669 1.806
1133 -11.339 10.806
1134 -5.129 18.806
1135 -17.436 8.806
1136 -8.681 -0.194
1137 18.469 18.806
1138 -11.019 15.806
1139 -7.096 19.806
1140 4.109 24.806
1141 -13.493 -5.194
1142 24.814 -0.194
1143 -16.309 2.806
1144 -13.829 -10.194
1145 -9.354 -10.194
1146 22.96 18.806
1147 0.096 8.806
1148 4.923 21.806
1149 -21.03 15.806
1150 -12.684 20.806
1151 19.664 -7.194
1152 3.613 28.806
1153 -1.928 14.806
1154 10.238 9.806
1155 -2.43 17.806
1156 17.909 -8.194
1157 16.218 21.806
1158 -19.083 18.806
1159 18.142 -2.194
1160 -18.674 19.806
1161 7.028 9.806
1162 -12.825 10.806
1163 -12.731 23.806
1164 -0.694 16.806
1165 0.694 -9.194
1166 19.118 1.806
1167 7.365 9.806
1168 -8.696 19.806
1169 -21.309 16.806
1170 1.997 -4.194
1171 23.942 3.806
1172 -3.917 8.806
1173 9.894 -7.194
1174 7.894 14.806
1175 10.846 13.806
1176 -2.639 -9.194
1177 -18.786 7.806
1178 1.603 -8.194
1179 5.148 8.806
1180 20.766 22.806
1181 11.764 -8.194
1182 -14.199 8.806
1183 10.142 19.806
1184 13.437 23.806
1185 16.102 22.806
1186 15.608 3.806
1187 -14.804 16.806
1188 -3.977 32.806
1189 5.435 28.806
1190 1.596 2.806
1191 -6.38 -14.194
1192 16.646 13.806
1193 -0.055 -4.194
1194 18.504 24.806
1195 -7.653 11.806
1196 -4.924 7.806
1197 21.702 8.806
1198 19.422 -6.194
1199 11.465 26.806
1200 20.859 23.806
1201 -0.111 2.806
1202 12.526 9.806
1203 24.868 10.806
1204 0.334 5.806
1205 14.307 2.806
1206 16.343 21.806
1207 -2.567 9.806
1208 -8.329 3.806
1209 -18.731 -2.194
1210 11.668 -2.194
1211 -10.955 26.806
1212 1.962 13.806
1213 8.968 -2.194
1214 21.473 11.806
1215 -21.245 7.806
1216 8.015 11.806
1217 -6.478 19.806
1218 5.712 11.806
1219 20.449 3.806
1220 -1.938 23.806
1221 5.339 -2.194
1222 -5.819 -5.194
1223 -17.631 19.806
1224 12.232 11.806
1225 -5.161 17.806
1226 20.067 18.806
1227 2.182 -8.194
1228 -18.816 1.806
1229 22.602 3.806
1230 10.327 -2.194
1231 -12.346 23.806
1232 -16.567 14.806
1233 -1.445 -5.194
1234 -12.146 -4.194
1235 -16.145 -4.194
1236 0.064 3.806
1237 -21.885 15.806
1238 -15.998 3.806
1239 -17.754 -0.194
1240 20.71 -4.194
1241 15.067 26.806
1242 -8.33 17.806
1243 -3.681 18.806
1244 14.403 15.806
1245 -1.699 3.806
1246 2.505 -1.194
1247 -4.201 25.806
1248 -4.602 19.806
1249 20.717 11.806
1250 6.89 -2.194
1251 9.704 10.806
1252 18.008 13.806
1253 11.938 13.806
1254 19.322 11.806
1255 14.087 15.806
1256 22.397 18.806
1257 -19.991 5.806
1258 22.603 18.806
1259 2.183 7.806
1260 10.464 29.806
1261 -17.325 6.806
1262 18.176 19.806
1263 10.111 -1.194
1264 -13.158 2.806
1265 19.249 -8.194
1266 -11.564 28.806
1267 16.071 18.806
1268 23.583 -1.194
1269 0.285 -0.194
1270 4.826 30.806
1271 -7.38 6.806
1272 -12.159 9.806
1273 9.994 23.806
1274 -21.331 12.806
1275 -2.659 0.806
1276 -49.361 -94.848
1277 -18.672 -87.848
1278 -35.598 -114.848
1279 -35.6 -96.848
1280 -29.927 -119.848
1281 -51.001 -102.848
1282 -35.457 -96.848
1283 -40.626 -94.848
1284 -23.496 -124.848
1285 -34.563 -111.848
1286 -24.375 -101.848
1287 -13.941 -110.848
1288 -38.07 -85.848
1289 -22.901 -117.848
1290 -29.602 -113.848
1291 -49.425 -108.848
1292 -18.729 -91.848
1293 -48.608 -95.848
1294 -7.74 -93.848
1295 -4.535 -103.848
1296 -9.081 -103.848
1297 -9.912 -92.848
1298 -30.625 -106.848
1299 -28.615 -87.848
1300 -8.927 -112.848
1301 -38.602 -90.848
1302 -43.646 -111.848
1303 -21.602 -125.848
1304 -47.952 -108.848
1305 -31.546 -108.848
1306 -21.408 -112.848
1307 -23.25 -124.848
1308 -24.437 -127.848
1309 -33.782 -96.848
1310 -28.664 -125.848
1311 -30.763 -79.848
1312 -19.51 -82.848
1313 -21.869 -93.848
1314 -22.166 -127.848
1315 -37.169 -99.848
1316 -5.424 -102.848
1317 -41.885 -91.848
1318 -10.775 -113.848
1319 -30.861 -119.848
1320 -21.175 -99.848
1321 -33.998 -88.848
1322 -35.298 -88.848
1323 -25.709 -93.848
1324 -10.761 -103.848
1325 -6.322 -99.848
1326 -18.96 -125.848
1327 -15.02 -83.848
1328 -13.484 -94.848
1329 -46.783 -108.848
1330 -14.316 -94.848
1331 -50.251 -96.848
1332 -8.83 -95.848
1333 -49.443 -107.848
1334 -31.982 -117.848
1335 -46.007 -116.848
1336 -20.823 -116.848
1337 -43.553 -91.848
1338 -28.062 -94.848
1339 -19.423 -95.848
1340 -21.725 -118.848
1341 -5.058 -104.848
1342 -46.926 -106.848
1343 -14.876 -83.848
1344 -15.698 -100.848
1345 -22.473 -84.848
1346 -26.891 -104.848
1347 -14.572 -98.848
1348 -18.577 -118.848
1349 -18.391 -98.848
1350 -10.699 -89.848
1351 -19.487 -105.848
1352 -22.016 -99.848
1353 -36.004 -124.848
1354 -20.655 -125.848
1355 -20.967 -94.848
1356 -40.09 -92.848
1357 -22.466 -117.848
1358 -15.65 -95.848
1359 -16.453 -119.848
1360 -12.688 -114.848
1361 -36.661 -81.848
1362 -14.656 -121.848
1363 -13.23 -102.848
1364 -30.792 -115.848
1365 -36.645 -80.848
1366 -27.499 -101.848
1367 -43.64 -111.848
1368 -51.871 -98.848
1369 -11.771 -102.848
1370 -48.854 -104.848
1371 -17.603 -101.848
1372 -4.328 -97.848
1373 -48.223 -105.848
1374 -4.782 -106.848
1375 -43.963 -89.848
1376 -8.332 -92.848
1377 -6.677 -105.848
1378 -31.337 -100.848
1379 -46.335 -117.848
1380 -15.529 -114.848
1381 -50.503 -96.848
1382 -17.398 -98.848
1383 -19.445 -105.848
1384 -10.986 -110.848
1385 -46.103 -117.848
1386 -16.104 -90.848
1387 -15.714 -86.848
1388 -22.404 -124.848
1389 -42.698 -99.848
1390 -47.475 -93.848
1391 -13.72 -110.848
1392 -43.842 -95.848
1393 -12.397 -109.848
1394 -15.876 -110.848
1395 -18.258 -106.848
1396 -45.571 -105.848
1397 -33.339 -108.848
1398 -30.234 -110.848
1399 -51.946 -109.848
1400 -45.484 -100.848
1401 -7.67 -110.848
1402 -24.863 -109.848
1403 -26.485 -106.848
1404 -43.184 -121.848
1405 -14.723 -94.848
1406 -13.774 -99.848
1407 -45.448 -101.848
1408 -49.473 -113.848
1409 -32.459 -98.848
1410 -51.448 -103.848
1411 -23.798 -104.848
1412 -46.335 -105.848
1413 -29.442 -80.848
1414 -44.673 -105.848
1415 -11.339 -102.848
1416 -48.414 -93.848
1417 -13.753 -89.848
1418 -13.613 -113.848
1419 -49.294 -103.848
1420 -16.587 -103.848
1421 -6.54 -100.848
1422 -10.243 -108.848
1423 -28.711 -84.848
1424 -27.382 -84.848
1425 -18.739 -103.848
1426 -16.372 -102.848
1427 -36.852 -86.848
1428 -8.32 -96.848
1429 -38.564 -104.848
1430 -13.799 -97.848
1431 -32.888 -103.848
1432 -42.735 -95.848
1433 -23.85 -122.848
1434 -28.865 -82.848
1435 -18.695 -121.848
1436 -31.048 -93.848
1437 -33.884 -121.848
1438 -31.88 -105.848
1439 -43.079 -119.848
1440 -38.696 -124.848
1441 -12.089 -96.848
1442 -33.463 -105.848
1443 -15.089 -97.848
1444 -17.261 -98.848
1445 -32.212 -89.848
1446 -19.065 -120.848
1447 -41.642 -119.848
1448 -36.299 -114.848
1449 -47.804 -92.848
1450 -49.66 -93.848
1451 -12.883 -105.848
1452 -49.33 -107.848
1453 -20.177 -103.848
1454 -38.528 -91.848
1455 -49.278 -113.848
1456 -16.299 -119.848
1457 -42.966 -87.848
1458 -34.499 -88.848
1459 -30.254 -87.848
1460 -50.777 -93.848
1461 -33.152 -99.848
1462 -51.66 -104.848
1463 -46.901 -96.848
1464 -9.548 -111.848
1465 -46.942 -103.848
1466 -27.387 -84.848
1467 -17.169 -93.848
1468 -47.949 -103.848
1469 -41.635 -119.848
1470 -27.077 -99.848
1471 -17.151 -114.848
1472 -20.547 -90.848
1473 -22.225 -80.848
1474 -39.303 -86.848
1475 -31.425 -125.848
1476 -11.092 -102.848
1477 -36.203 -86.848
1478 -40.995 -100.848
1479 -34.468 -96.848
1480 -24.835 -123.848
1481 -28.446 -121.848
1482 -15.684 -93.848
1483 -46.411 -94.848
1484 -8.419 -108.848
1485 -48.498 -93.848
1486 -36.343 -107.848
1487 -33.033 -121.848
1488 -30.167 -113.848
1489 -47.205 -88.848
1490 -44.798 -98.848
1491 -11.157 -91.848
1492 -10.704 -110.848
1493 -35.394 -121.848
1494 -25.226 -88.848
1495 -28.132 -96.848
1496 -8.346 -107.848
1497 -16.619 -94.848
1498 -23.207 -103.848
1499 -16.083 -105.848
1500 -9.125 -89.848
1501 -15.895 -106.848
1502 -25.024 -108.848
1503 -37.562 -99.848
1504 -32.007 -100.848
1505 -32.595 -84.848
1506 -11.464 -94.848
1507 -14.562 -113.848
1508 -41.346 -86.848
1509 -13.914 -119.848
1510 -12.398 -106.848
1511 -50.069 -98.848
1512 -29.974 -79.848
1513 -17.597 -87.848
1514 -27.257 -109.848
1515 -8.461 -109.848
1516 -44.264 -102.848
1517 -32.622 -110.848
1518 -38.045 -84.848
1519 -29.743 -111.848
1520 -7.58 -106.848
1521 -23.994 -79.848
1522 -14.203 -111.848
1523 -45.639 -107.848
1524 -8.916 -118.848
1525 -5.495 -100.848
1526 -31.349 -103.848
1527 -52.177 -100.848
1528 -11.253 -103.848
1529 -20.259 -122.848
1530 -29.573 -116.848
1531 -35.523 -88.848
1532 -38.912 -119.848
1533 -26.398 -123.848
1534 -9.888 -91.848
1535 -27.191 -121.848
1536 -28.892 -124.848
1537 -26.739 -85.848
1538 -33.91 -97.848
1539 -19.707 -100.848
1540 -39.308 -105.848
1541 -8.69 -97.848
1542 -50.713 -108.848
1543 -5.567 -106.848
1544 -17.705 -83.848
1545 -45.027 -87.848
1546 -20.109 -118.848
1547 -32.002 -112.848
1548 -28.15 -110.848
1549 -44.826 -119.848
1550 -31.29 -80.848
1551 -19.339 -112.848
1552 -47.541 -116.848
1553 -42.416 -93.848
1554 -14.489 -98.848
1555 -12.608 -117.848
1556 -37.553 -123.848
1557 -4.302 -104.848
1558 -46.159 -104.848
1559 -45.178 -121.848
1560 -23.743 -98.848
1561 -8.658 -99.848
1562 -17.825 -123.848
1563 -29.715 -82.848
1564 -29.536 -90.848
1565 -32.916 -79.848
1566 -14.812 -116.848
1567 -44.373 -111.848
1568 -19.868 -87.848
1569 -35.755 -92.848
1570 -9.86 -106.848
1571 -11 -86.848
1572 -37.347 -106.848
1573 -41.166 -82.848
1574 -5.584 -98.848
1575 -32.016 -82.848
1576 -40.747 -94.848
1577 -40.689 -118.848
1578 -16.615 -107.848
1579 -14.643 -93.848
1580 -45.737 -89.848
1581 -17.875 -121.848
1582 -45.378 -119.848
1583 -28.494 -103.848
1584 -25.195 -92.848
1585 -7.769 -95.848
1586 -50.514 -93.848
1587 -27.533 -108.848
1588 -51.928 -109.848
1589 -13.419 -112.848
1590 -21.327 -100.848
1591 -20.557 -121.848
1592 -11.886 -104.848
1593 -11.434 -120.848
1594 -33.41 -111.848
1595 -42.121 -113.848
1596 -23.869 -117.848
1597 -25.764 -121.848
1598 -12.45 -122.848
1599 -39.869 -92.848
1600 -9.852 -94.848
1601 -33.366 -87.848
1602 -26.11 -86.848
1603 -17.582 -90.848
1604 -7.203 -107.848
1605 -25.679 -100.848
1606 -40.322 -103.848
1607 -25.084 -94.848
1608 -48.681 -98.848
1609 -16.443 -107.848
1610 -8.262 -96.848
1611 -40.192 -106.848
1612 -8.858 -107.848
1613 -27.758 -122.848
1614 -37.267 -98.848
1615 -23.161 -87.848
1616 -30.38 -108.848
1617 -7.955 -115.848
1618 -6.131 -100.848
1619 -4.713 -101.848
1620 -8.154 -114.848
1621 -51.587 -107.848
1622 -49.444 -92.848
1623 -44.339 -85.848
1624 -12.87 -118.848
1625 -28.684 -127.848
1626 -4.894 -99.848
1627 -24.871 -111.848
1628 -7.233 -90.848
1629 -49.958 -96.848
1630 -34.539 -103.848
1631 -50.886 -102.848
1632 -6.732 -94.848
1633 -29.998 -110.848
1634 -28.988 -86.848
1635 -18.08 -119.848
1636 -9.682 -102.848
1637 -48.561 -89.848
1638 -41.204 -86.848
1639 -17.633 -102.848
1640 -47.717 -101.848
1641 -27.32 -107.848
1642 -6.756 -103.848
1643 -9.895 -91.848
1644 -16.253 -109.848
1645 -21.98 -100.848
1646 -13.851 -118.848
1647 -8.636 -108.848
1648 -24.758 -97.848
1649 -49.09 -114.848
1650 -17.31 -119.848
1651 -28.114 -110.848
1652 -25.604 -90.848
1653 -47.011 -116.848
1654 -50.905 -96.848
1655 -39.44 -124.848
1656 -42.615 -114.848
1657 -18.725 -112.848
1658 -12.959 -120.848
1659 -13.288 -120.848
1660 -50.78 -97.848
1661 -5.622 -106.848
1662 -37.188 -101.848
1663 -16.666 -90.848
1664 -5.056 -106.848
1665 -7.314 -90.848
1666 -12.359 -112.848
1667 -22.897 -125.848
1668 -6.294 -95.848
1669 -27.862 -88.848
1670 -12.581 -85.848
1671 -40.049 -84.848
1672 -40.835 -106.848
1673 -26.245 -122.848
1674 -37.817 -88.848
1675 -51.648 -109.848
1676 -9.98 -91.848
1677 -9.978 -96.848
1678 -15.745 -108.848
1679 -45.064 -100.848
1680 -13.98 -111.848
1681 -18.785 -87.848
1682 -23.609 -108.848
1683 -30.497 -102.848
1684 -51.075 -100.848
1685 -4.425 -98.848
1686 -48.128 -103.848
1687 -40.564 -97.848
1688 -19.13 -109.848
1689 -4.604 -107.848
1690 -46.629 -104.848
1691 -10.14 -101.848
1692 -6.553 -108.848
1693 -34.656 -103.848
1694 -47.505 -115.848
1695 -42.026 -123.848
1696 -47.466 -99.848
1697 -40.556 -103.848
1698 -49.533 -110.848
1699 -7.424 -110.848
1700 -9.153 -104.848
1701 -6.331 -98.848
1702 -44.821 -91.848
1703 -23.325 -97.848
1704 -21.976 -106.848
1705 -49.349 -113.848
1706 -23.697 -88.848
1707 -31.872 -87.848
1708 -12.326 -90.848
1709 -22.217 -91.848
1710 -28.284 -117.848
1711 -19.229 -123.848
1712 -28.265 -82.848
1713 -37.738 -122.848
1714 -47.386 -111.848
1715 -4.824 -101.848
1716 -25.887 -98.848
1717 -12.885 -110.848
1718 -6.058 -98.848
1719 -27.39 -124.848
1720 -23.189 -102.848
1721 -5.1 -101.848
1722 -9.49 -102.848
1723 -7.004 -107.848
1724 -14.06 -119.848
1725 -34.326 -106.848
1726 -34.174 -105.848
1727 -17.585 -103.848
1728 -38.063 -123.848
1729 -39.185 -83.848
1730 -19.194 -83.848
1731 -29.43 -127.848
1732 -11.952 -114.848
1733 -48.659 -112.848
1734 -12.725 -103.848
1735 -13.527 -86.848
1736 -30.184 -101.848
1737 -13.522 -96.848
1738 -40.093 -85.848
1739 -48.137 -94.848
1740 -10.852 -112.848
1741 -16.407 -82.848
1742 -11.145 -91.848
1743 -49.011 -99.848
1744 -44.812 -95.848
1745 -37.745 -104.848
1746 -24.299 -111.848
1747 -32.538 -105.848
1748 -20.445 -117.848
1749 -29.814 -100.848
1750 -21.39 -100.848
1751 -8.008 -94.848
1752 -48.291 -102.848
1753 -17.342 -112.848
1754 -21.311 -92.848
1755 -21.752 -121.848
1756 -12.463 -96.848
1757 -26.157 -102.848
1758 -11.573 -87.848
1759 -10.894 -110.848
1760 -20.806 -99.848
1761 -13.442 -103.848
1762 -16.108 -122.848
1763 -33.885 -97.848
1764 -11.819 -94.848
1765 -9.607 -88.848
1766 -38.201 -91.848
1767 -19.087 -102.848
1768 -26.914 -80.848
1769 -50.609 -95.848
1770 -16.726 -103.848
1771 -21.587 -81.848
1772 -16.181 -89.848
1773 -40.647 -122.848
1774 -43.829 -97.848
1775 -38.561 -93.848
1776 -9.299 -113.848
1777 -32.568 -119.848
1778 -34.13 -106.848
1779 -13.896 -123.848
1780 -36.732 -123.848
1781 -23.508 -83.848
1782 -4.381 -102.848
1783 -11.787 -105.848
1784 -5.861 -113.848
1785 -19.743 -98.848
1786 -7.88 -90.848
1787 -22.32 -93.848
1788 -50.379 -102.848
1789 -12.72 -107.848
1790 -23.009 -81.848
1791 -41.796 -99.848
1792 -30.792 -83.848
1793 -41.989 -102.848
1794 -43.831 -104.848
1795 -7.179 -116.848
1796 -50.594 -113.848
1797 -48.299 -90.848
1798 -35.549 -108.848
1799 -20.474 -106.848
1800 -26.54 -84.848
1801 -38.959 -118.848
1802 -45.206 -86.848
1803 -5.26 -112.848
1804 -29.589 -116.848
1805 -45.888 -88.848
1806 -15.048 -105.848
1807 -18.837 -113.848
1808 -35.5 -87.848
1809 -11.7 -116.848
1810 -45.348 -118.848
1811 -37.989 -106.848
1812 -34.089 -94.848
1813 -20.651 -101.848
1814 -35.78 -102.848
1815 -34.146 -93.848
1816 -47.241 -116.848
1817 -15.257 -103.848
1818 -27.049 -95.848
1819 -37.133 -95.848
1820 -31.672 -123.848
1821 -12.781 -112.848
1822 -12.98 -106.848
1823 -44.966 -102.848
1824 -24.084 -92.848
1825 -5.682 -97.848
1826 -7.211 -90.848
1827 -40.16 -100.848
1828 -45.469 -100.848
1829 -44.604 -88.848
1830 -13.548 -100.848
1831 -7.179 -113.848
1832 -38.736 -102.848
1833 -9.501 -108.848
1834 -23.266 -108.848
1835 -47.08 -108.848
1836 -21.084 -126.848
1837 -28.078 -80.848
1838 -46.045 -88.848
1839 -33.382 -124.848
1840 -23.984 -114.848
1841 -45.729 -110.848
1842 -20.339 -109.848
1843 -49.03 -108.848
1844 -41.829 -96.848
1845 -10.331 -89.848
1846 -28.934 -96.848
1847 -28.918 -98.848
1848 -21.508 -102.848
1849 -5.621 -109.848
1850 -49.555 -112.848
1851 -11.87 -107.848
1852 -26.288 -90.848
1853 -25.736 -89.848
1854 -35.173 -91.848
1855 -35.327 -116.848
1856 -21.148 -119.848
1857 -27.151 -91.848
1858 -44.798 -115.848
1859 -41.193 -123.848
1860 -10.264 -89.848
1861 -29.713 -86.848
1862 -35.066 -89.848
1863 -22.77 -80.848
1864 -39.592 -96.848
1865 -8.075 -103.848
1866 -36.929 -123.848
1867 -20.075 -125.848
1868 -27.02 -80.848
1869 -20.731 -109.848
1870 -18.96 -115.848
1871 -50.751 -108.848
1872 -24.59 -81.848
1873 -48.732 -103.848
1874 -24.72 -105.848
1875 -15.716 -89.848
1876 -44.885 -105.848
1877 -41.566 -114.848
1878 -37.557 -98.848
1879 -33.622 -123.848
1880 -45.778 -93.848
1881 -44.339 -115.848
1882 -6.744 -109.848
1883 -31.006 -116.848
1884 -15.442 -124.848
1885 -49.605 -103.848
1886 -20.785 -100.848
1887 -6.802 -98.848
1888 -42.501 -113.848
1889 -34.676 -108.848
1890 -39.147 -102.848
1891 -5.799 -103.848
1892 -21.276 -86.848
1893 -11.702 -96.848
1894 -20.446 -116.848
1895 -39.676 -86.848
1896 -48.63 -97.848
1897 -43.278 -111.848
1898 -5.616 -104.848
1899 -16.954 -117.848
1900 -46.949 -99.848
1901 -25.094 -109.848
1902 -29.665 -80.848
1903 -13.793 -92.848
1904 -32.518 -107.848
1905 -50.253 -101.848
1906 -21.502 -124.848
1907 -43.47 -101.848
1908 -26.112 -104.848
1909 -51.719 -108.848
1910 -52.061 -104.848
1911 -28.289 -95.848
1912 -24.416 -80.848
1913 -15.151 -93.848
1914 -16.165 -85.848
1915 -7.726 -115.848
1916 -32.853 -122.848
1917 -49.115 -113.848
1918 -36.099 -126.848
1919 -41.326 -82.848
1920 -33.101 -102.848
1921 -39.375 -97.848
1922 -40.548 -114.848
1923 -49.629 -100.848
1924 -24.86 -103.848
1925 -50.679 -103.848
1926 -37.149 -92.848
1927 -6.356 -110.848
1928 -23.982 -126.848
1929 -46.25 -109.848
1930 -45.439 -115.848
1931 -50.144 -110.848
1932 -16.693 -100.848
1933 -28.722 -103.848
1934 -7.582 -111.848
1935 -50.531 -100.848
1936 -51.134 -99.848
1937 -47.316 -114.848
1938 -25.899 -88.848
1939 -30.109 -93.848
1940 -48.029 -113.848
1941 -23.952 -118.848
1942 -51.611 -108.848
1943 -41.992 -113.848
1944 -29.742 -105.848
1945 -12.572 -113.848
1946 -20.512 -116.848
1947 -8.537 -106.848
1948 -42.359 -97.848
1949 -44.426 -111.848
1950 -20.118 -80.848
1951 -38.374 -105.848
1952 -37.723 -107.848
1953 -18.803 -111.848
1954 -23.275 -109.848
1955 -41.18 -86.848
1956 -12.847 -86.848
1957 -16.642 -111.848
1958 -49.882 -95.848
1959 -44.854 -117.848
1960 -38.033 -111.848
1961 -38.233 -115.848
1962 -43.742 -116.848
1963 -37.264 -104.848
1964 -25.266 -101.848
1965 -39.636 -113.848
1966 -39.383 -114.848
1967 -17.265 -112.848
1968 -34.797 -81.848
1969 -50.768 -97.848
1970 -39.881 -109.848
1971 -6.055 -103.848
1972 -19.65 -80.848
1973 -44.583 -103.848
1974 -38.137 -121.848
1975 -42.125 -83.848
1976 -26.981 -126.848
1977 -10.657 -109.848
1978 -50.539 -103.848
1979 -28.565 -112.848
1980 -20.181 -98.848
1981 -47.624 -101.848
1982 -28.362 -82.848
1983 -31.587 -97.848
1984 -37.162 -113.848
1985 -17.59 -122.848
1986 -23.201 -90.848
1987 -27.994 -94.848
1988 -20.403 -104.848
1989 -37.54 -82.848
1990 -25.914 -112.848
1991 -6.836 -104.848
1992 -15.921 -111.848
1993 -4.279 -109.848
1994 -46.262 -88.848
1995 -35.993 -115.848
1996 -4.861 -96.848
1997 -14.51 -98.848
1998 -32.524 -85.848
1999 -22.474 -83.848
2000 -41.48 -123.848
2001 -26.989 -119.848
2002 -22.528 -84.848
2003 -36.486 -104.848
2004 -10.928 -110.848
2005 -45.86 -91.848
2006 -34.076 -113.848
2007 -47.116 -94.848
2008 -12.003 -115.848
2009 -30.473 -104.848
2010 -51.299 -107.848
2011 -19.263 -98.848
2012 -11.468 -107.848
2013 -47.902 -113.848
2014 -47.723 -118.848
2015 -47.104 -91.848
2016 -21.496 -91.848
2017 -42.921 -119.848
2018 -38.577 -114.848
2019 -35.54 -112.848
2020 -49.347 -97.848
2021 -45.479 -115.848
2022 -34.255 -91.848
2023 -30.948 -80.848
2024 -28.712 -92.848
2025 -27.76 -126.848
2026 -23.765 -111.848
2027 -24.326 -79.848
2028 -15.945 -84.848
2029 -48.801 -114.848
2030 -48.032 -102.848
2031 -41.904 -103.848
2032 -38.91 -103.848
2033 -11.075 -105.848
2034 -30.359 -110.848
2035 -18.966 -85.848
2036 -5.818 -108.848
2037 -26.557 -79.848
2038 -49.601 -115.848
2039 -9.373 -94.848
2040 -18.624 -114.848
2041 -21.671 -102.848
2042 -8.106 -97.848
2043 -50.788 -99.848
2044 -40.593 -100.848
2045 -46.363 -115.848
2046 -11.879 -100.848
2047 -29.967 -108.848
2048 -15.829 -107.848
2049 -14.338 -114.848
2050 -32.546 -121.848
2051 -34.967 -121.848
2052 -42.968 -97.848
2053 -47.197 -98.848
2054 -33.673 -92.848
2055 -49.462 -99.848
2056 -31.336 -105.848
2057 -13.743 -99.848
2058 -45.598 -103.848
2059 -25.879 -83.848
2060 -25.437 -109.848
2061 -42.694 -114.848
2062 -20.763 -122.848
2063 -27.034 -95.848
2064 -36.377 -124.848
2065 -33.098 -86.848
2066 -7.798 -95.848
2067 -25.413 -111.848
2068 -40.051 -122.848
2069 -17.881 -118.848
2070 -50.603 -99.848
2071 -4.546 -96.848
2072 -7.273 -96.848
2073 -12.235 -119.848
2074 -22.164 -100.848
2075 -10.076 -108.848
2076 -4.293 -108.848
2077 -19.517 -114.848
2078 -49.188 -98.848
2079 -33.828 -103.848
2080 -25.403 -94.848
2081 -30.282 -86.848
2082 -45.959 -96.848
2083 -14.988 -113.848
2084 -43.882 -118.848
2085 -17.213 -106.848
2086 -7.043 -95.848
2087 -24.821 -82.848
2088 -38.765 -105.848
2089 -22.318 -80.848
2090 -10.385 -109.848
2091 -38.774 -110.848
2092 -39.209 -96.848
2093 -31.048 -79.848
2094 -13.768 -118.848
2095 -18.83 -113.848
2096 -50.346 -104.848
2097 -39.809 -91.848
2098 -48.45 -111.848
2099 -40.016 -103.848
2100 -8.014 -105.848
2101 -15.896 -117.848
2102 -42.921 -87.848
2103 -14.086 -117.848
2104 -40.629 -84.848
2105 -40.621 -96.848
2106 -13.598 -95.848
2107 -46.381 -117.848
2108 -12.763 -121.848
2109 -42.465 -85.848
2110 -46.769 -117.848
2111 -12.405 -103.848
2112 -18.615 -85.848
2113 -29.335 -119.848
2114 -22.097 -99.848
2115 -42.603 -104.848
2116 -35.775 -115.848
2117 -37.344 -97.848
2118 -27.966 -95.848
2119 -40.935 -124.848
2120 -42.574 -121.848
2121 -16.198 -118.848
2122 -23.438 -95.848
2123 -17.288 -125.848
2124 -23.163 -115.848
2125 -9.182 -95.848
2126 -22.547 -86.848
2127 -10.25 -110.848
2128 -6.029 -105.848
2129 -20.501 -101.848
2130 -18.101 -93.848
2131 -5.531 -101.848
2132 -51.296 -103.848
2133 -23.607 -115.848
2134 -9.074 -93.848
2135 -17.822 -94.848
2136 -26.58 -110.848
2137 -22.125 -86.848
2138 -28.342 -125.848
2139 -10.846 -120.848
2140 -30.967 -86.848
2141 -37.447 -82.848
2142 -13.359 -99.848
2143 -5.44 -106.848
2144 -30.404 -114.848
2145 -10.586 -86.848
2146 -32.618 -84.848
2147 -37.207 -81.848
2148 -45.595 -111.848
2149 -31.246 -106.848
2150 -43.06 -104.848
2151 -45.986 -116.848
2152 -51.689 -95.848
2153 -39.263 -119.848
2154 -8.075 -111.848
2155 -41.39 -95.848
2156 -9.686 -110.848
2157 -11.197 -104.848
2158 -35.019 -115.848
2159 -22.51 -90.848
2160 -12.997 -110.848
2161 -46.488 -114.848
2162 -24.531 -127.848
2163 -16.109 -85.848
2164 -23.982 -113.848
2165 -42.799 -90.848
2166 -7.351 -105.848
2167 -10.411 -115.848
2168 -36.521 -112.848
2169 -21.111 -119.848
2170 -42.106 -102.848
2171 -11.665 -97.848
2172 -41.691 -102.848
2173 -51.545 -106.848
2174 -45.639 -114.848
2175 -48.105 -103.848
2176 -45.375 -111.848
2177 -31.505 -119.848
2178 -12.893 -93.848
2179 -48.367 -91.848
2180 -35.599 -120.848
2181 -29.715 -104.848
2182 -23.447 -119.848
2183 -28.551 -125.848
2184 -40.551 -97.848
2185 -26.376 -116.848
2186 -6.424 -101.848
2187 -50.901 -107.848
2188 -48.014 -91.848
2189 -6.191 -95.848
2190 -48.117 -103.848
2191 -42.477 -109.848
2192 -5.854 -99.848
2193 -30.003 -120.848
2194 -18.514 -110.848
2195 -24.473 -127.848
2196 -24.602 -111.848
2197 -19.544 -89.848
2198 -27.036 -99.848
2199 -35.258 -94.848
2200 -51.753 -99.848
2201 -46.308 -119.848
2202 -18.253 -102.848
2203 -10.858 -113.848
2204 -20.021 -103.848
2205 -25.934 -106.848
2206 -42.086 -83.848
2207 -31.197 -95.848
2208 -44.313 -92.848
2209 -39.016 -92.848
2210 -42.173 -90.848
2211 -48.024 -100.848
2212 -27.076 -97.848
2213 -37.101 -119.848
2214 -9.376 -87.848
2215 -10.393 -106.848
2216 -20.582 -120.848
2217 -16.482 -110.848
2218 -31.372 -117.848
2219 -12.088 -89.848
2220 -47.725 -89.848
2221 -48.05 -91.848
2222 -48.165 -110.848
2223 -49.711 -92.848
2224 -47.664 -116.848
2225 -19.181 -122.848
2226 -35.983 -80.848
2227 -16.757 -85.848
2228 -31.776 -108.848
2229 -36.23 -80.848
2230 -25.95 -108.848
2231 -22.628 -83.848
2232 -11.737 -110.848
2233 -51.011 -95.848
2234 -44.177 -95.848
2235 -45.152 -109.848
2236 -44.893 -96.848
2237 -29.855 -89.848
2238 -13.371 -92.848
2239 -21.018 -107.848
2240 -11.736 -117.848
2241 -12.8 -115.848
2242 -21.716 -116.848
2243 -47.137 -109.848
2244 -48.506 -101.848
2245 -44.561 -104.848
2246 -34.006 -116.848
2247 -45.038 -118.848
2248 -39.61 -89.848
2249 -35.798 -83.848
2250 -33.468 -82.848
2251 -20.34 -103.848
2252 -12.973 -114.848
2253 -21.679 -114.848
2254 -40.192 -103.848
2255 -39.267 -105.848
2256 -10.232 -98.848
2257 -43.96 -103.848
2258 -51.054 -99.848
2259 -44.892 -119.848
2260 -5.683 -113.848
2261 -8.874 -108.848
2262 -43.536 -93.848
2263 -6.298 -103.848
2264 -47.65 -113.848
2265 -31.81 -96.848
2266 -32.425 -89.848
2267 -24.4 -127.848
2268 -17.372 -87.848
2269 -45.226 -89.848
2270 -7.592 -107.848
2271 -34.703 -94.848
2272 -24.986 -96.848
2273 -30.797 -79.848
2274 -12.771 -103.848
2275 -12.057 -101.848
2276 -21.1 -86.848
2277 -47.947 -92.848
2278 -13.164 -103.848
2279 -7.898 -100.848
2280 -30.891 -92.848
2281 -5.445 -99.848
2282 -28.548 -104.848
2283 -42.875 -96.848
2284 -25.513 -100.848
2285 -22.121 -86.848
2286 -31.462 -127.848
2287 -29.15 -104.848
2288 -36.058 -110.848
2289 -28.121 -87.848
2290 -24.64 -124.848
2291 -23.643 -89.848
2292 -35.571 -108.848
2293 -38.896 -118.848
2294 -28.793 -112.848
2295 -41.685 -108.848
2296 -49.393 -101.848
2297 -42.519 -101.848
2298 -6.416 -100.848
2299 -11.367 -98.848
2300 -49.828 -97.848
2301 -42.686 -102.848
2302 -36.252 -107.848
2303 -43.419 -113.848
2304 -25.608 -81.848
2305 -26.991 -86.848
2306 -52.246 -100.848
2307 -10.072 -91.848
2308 -33.564 -87.848
2309 -49.837 -93.848
2310 -40.403 -123.848
2311 -32.019 -108.848
2312 -17.852 -97.848
2313 -39.425 -102.848
2314 -17.141 -99.848
2315 -26.214 -88.848
2316 -45.863 -89.848
2317 -50.049 -93.848
2318 -36.13 -126.848
2319 -39.927 -118.848
2320 -49.276 -115.848
2321 -33.134 -119.848
2322 -17.092 -118.848
2323 -38.422 -90.848
2324 -10.021 -103.848
2325 -43.733 -114.848
2326 -10.9 -116.848
2327 -5.583 -98.848
2328 -40.322 -87.848
2329 -39.874 -98.848
2330 -16.069 -108.848
2331 -24.816 -127.848
2332 -17.908 -102.848
2333 -25.904 -80.848
2334 -37.186 -109.848
2335 -21.486 -102.848
2336 -35.484 -97.848
2337 -36.678 -88.848
2338 -22.567 -87.848
2339 -11.23 -92.848
2340 -48.441 -102.848
2341 -42.655 -83.848
2342 -20.06 -109.848
2343 -42.351 -111.848
2344 -8.808 -116.848
2345 -36.975 -96.848
2346 -46.415 -106.848
2347 -21.306 -116.848
2348 -33.414 -106.848
2349 -12.318 -107.848
2350 -9.758 -95.848
2351 -26.582 -114.848
2352 -28.959 -103.848
2353 -49.735 -106.848
2354 -39.679 -108.848
2355 -35.479 -117.848
2356 -31.935 -109.848
2357 -39.277 -125.848
2358 -22.428 -117.848
2359 -43.025 -119.848
2360 -21.221 -100.848
2361 -37.593 -110.848
2362 -42.035 -113.848
2363 -35.738 -123.848
2364 -24.601 -108.848
2365 -6.249 -107.848
2366 -22.922 -102.848
2367 -20.556 -93.848
2368 -16.018 -103.848
2369 -12.437 -94.848
2370 -46.11 -119.848
2371 -42.167 -97.848
2372 -20.356 -99.848
2373 -26.327 -109.848
2374 -12.114 -87.848
2375 -12.175 -88.848
2376 -22.13 -106.848
2377 -11.782 -109.848
2378 -19.111 -84.848
2379 -49.125 -96.848
2380 -4.786 -101.848
2381 -9.203 -105.848
2382 -19.396 -105.848
2383 -45.796 -100.848
2384 -42.038 -104.848
2385 -21.979 -105.848
2386 -50.093 -103.848
2387 -36.79 -109.848
2388 -37.678 -120.848
2389 -18.794 -82.848
2390 -49.008 -103.848
2391 -22.327 -113.848
2392 -50.627 -102.848
2393 -44.576 -86.848
2394 -25.271 -111.848
2395 -9.123 -106.848
2396 -37.841 -125.848
2397 -26.344 -105.848
2398 -10.979 -109.848
2399 -39.753 -91.848
2400 -46.923 -98.848
2401 -47.967 -116.848
2402 -5.668 -98.848
2403 -6.612 -110.848
2404 -29.431 -99.848
2405 -50.806 -96.848
2406 -25.757 -83.848
2407 -37.681 -111.848
2408 -4.765 -98.848
2409 -30.587 -108.848
2410 -22.051 -109.848
2411 -15.599 -114.848
2412 -31.404 -79.848
2413 -47.799 -95.848
2414 -28.793 -121.848
2415 -4.771 -107.848
2416 -44.226 -88.848
2417 -15.276 -103.848
2418 -8.527 -102.848
2419 -50.278 -104.848
2420 -31.382 -91.848
2421 -29.282 -114.848
2422 -19.183 -93.848
2423 -17.212 -119.848
2424 -6.624 -104.848
2425 -10.838 -99.848
2426 -19.117 -101.848
2427 -21.241 -90.848
2428 -13.739 -95.848
2429 -17.337 -116.848
2430 -33.624 -88.848
2431 -19.449 -83.848
2432 -11.444 -119.848
2433 -28.63 -86.848
2434 -9.179 -105.848
2435 -48.666 -95.848
2436 -13.37 -88.848
2437 -10.594 -110.848
2438 -13.012 -103.848
2439 -22.427 -104.848
2440 -8.813 -99.848
2441 -40.665 -112.848
2442 -7.701 -112.848
2443 -26.474 -84.848
2444 -50.71 -97.848
2445 -45.35 -92.848
2446 -5.891 -94.848
2447 -49.958 -92.848
2448 -32.666 -87.848
2449 -4.554 -99.848
2450 -9.154 -107.848
2451 -16.992 -88.848
2452 -42.243 -96.848
2453 -43.273 -118.848
2454 -43.717 -85.848
2455 -23.024 -95.848
2456 -51.768 -96.848
2457 -44.626 -108.848
2458 -32.033 -115.848
2459 -12.612 -99.848
2460 -35.827 -99.848
2461 -39.016 -82.848
2462 -21.569 -124.848
2463 -23.408 -121.848
2464 -36.287 -88.848
2465 -11.076 -92.848
2466 -6.68 -102.848
2467 -9.335 -106.848
2468 -34.792 -101.848
2469 -13.813 -114.848
2470 -37.975 -93.848
2471 -4.715 -103.848
2472 -49.459 -94.848
2473 -5.283 -105.848
2474 -23.198 -98.848
2475 -25.006 -98.848
2476 -13.879 -101.848
2477 -48.332 -111.848
2478 -15.455 -86.848
2479 -36.557 -87.848
2480 -25.451 -95.848
2481 -41.704 -102.848
2482 -7.269 -107.848
2483 -26.284 -111.848
2484 -44.008 -105.848
2485 -13.13 -87.848
2486 -28.149 -97.848
2487 -10.057 -99.848
2488 -46.543 -113.848
2489 -21.57 -123.848
2490 -9.767 -101.848
2491 -20.06 -88.848
2492 -34.221 -104.848
2493 -16.816 -113.848
2494 -37.944 -103.848
2495 -47.681 -93.848
2496 -37.644 -91.848
2497 -5.868 -108.848
2498 -18.182 -97.848
2499 -31.806 -105.848
2500 -25.435 -104.848
2501 -13.443 -104.848
2502 -14.214 -113.848
2503 -6.08 -108.848
2504 -8.73 -111.848
2505 -49.815 -114.848
2506 -19.343 -98.848
2507 -22.936 -126.848
2508 -10.925 -112.848
2509 -28.771 -105.848
2510 -27.97 -102.848
2511 -48.76 -90.848
2512 -49.388 -95.848
2513 -43.851 -96.848
2514 -39.809 -98.848
2515 -30.794 -81.848
2516 -24.476 -125.848
2517 -26.318 -107.848
2518 -32.166 -126.848
2519 -48.432 -106.848
2520 -31.236 -120.848
2521 -26.242 -106.848
2522 -36.496 -121.848
2523 -35.566 -102.848
2524 -49.731 -106.848
2525 -26.077 -86.848
2526 -47.848 -93.848
2527 -39.6 -95.848
2528 -12.53 -91.848
2529 -27.318 -121.848
2530 -29.245 -98.848
2531 -28.355 -89.848
2532 -44.994 -113.848
2533 -39.718 -103.848
2534 -14.177 -111.848
2535 -7.436 -109.848
2536 -22.125 -101.848
2537 -10.058 -97.848
2538 -21.987 -112.848
2539 -34.891 -104.848
2540 -15.891 -110.848
2541 -28.072 -99.848
2542 -22.703 -123.848
2543 -13.467 -99.848
2544 -50.729 -111.848
2545 -26.088 -113.848
2546 -16.923 -119.848
2547 -45.221 -95.848
2548 -49.298 -90.848
2549 -37.93 -120.848
2550 -20.181 -125.848
