%%index real_part   imaginary_part
2185 2185 2185
1 2.684 6.045
2 3.625 11.952
3 -5.97 5.805
4 7.504 15.847
5 13.75 15.726
6 14.682 13.26
7 -2.479 9.134
8 1.812 11.009
9 3.269 5.278
10 -3.033 5.496
11 4.649 10.18
12 10.188 7.214
13 5.825 19.606
14 4.816 2.245
15 7.209 18.459
16 13.566 4.18
17 9.938 6.327
18 6.555 19.985
19 3.834 13.707
20 4.959 12.728
21 -6.816 6.451
22 0.822 -0.409
23 4.004 10.655
24 3.593 10.302
25 -3.919 11.539
26 -1.351 7.276
27 4.456 15.234
28 10.171 7.542
29 5.062 16.49
30 9.038 18.85
31 -3.578 14.258
32 -2.05 1.398
33 2.746 14.454
34 12.524 13.624
35 2.284 12.041
36 14.235 14.745
37 -6.705 11.973
38 12.992 10.219
39 7.095 14.567
40 12.156 17.125
41 -2.768 3.363
42 3.523 17.058
43 12.274 3.649
44 2.683 7.934
45 -3.401 12.127
46 4.72 7.554
47 5.942 14.395
48 -4.64 4.798
49 13.218 15.063
50 11.086 1.193
51 13.988 7.871
52 12.24 10.69
53 14.572 12.256
54 -6.494 10.754
55 1.826 15.32
56 5.787 3.718
57 -4.911 11.135
58 10.621 2.948
59 12.438 11.349
60 -2.314 17.105
61 1.814 1.127
62 3.217 19.83
63 13.634 6.522
64 7.53 5.315
65 9.74 17.661
66 4.009 19.617
67 -4.093 7.616
68 5.771 7.084
69 11.006 16
70 13.754 6.984
71 -0.959 12.455
72 7.981 10.153
73 8.208 7.659
74 4.033 5.429
75 1.358 7.196
76 7.08 -0.852
77 -6.799 6.079
78 14.189 12.375
79 -5.37 5.881
80 -3.689 6.881
81 8.24 2.191
82 -2.616 8.906
83 -3.626 8.059
84 -4.26 8.162
85 11.984 9.974
86 4.775 12.755
87 6.298 16.071
88 5.041 12.107
89 0.151 2.834
90 -0.846 3.866
91 14.237 8.199
92 6.596 0.821
93 -3.689 11.4
94 -6.221 13.184
95 12.184 16.728
96 3.836 20.858
97 -4.821 5.758
98 -3.482 8.449
99 11.826 2.949
100 0.07 3.739
101 -0.229 13.094
102 -0.182 5.761
103 4.3 5.361
104 -4.873 16.84
105 5.767 7.227
106 4.445 2.549
107 7.05 8.048
108 5.458 19.611
109 14.86 11.5
110 1.038 19.983
111 3.835 6.144
112 5.717 16.532
113 0.411 14.168
114 3.173 13.74
115 13.459 5.308
116 9.243 11.038
117 8.515 2.809
118 4.784 20.609
119 5.747 13.35
120 5.112 8.793
121 1.743 9.958
122 -6.804 9.416
123 7.248 9.126
124 14.566 10.592
125 3.957 6.748
126 12.909 10.829
127 3.864 15.767
128 9.18 14.173
129 9.948 11.884
130 7.596 9.502
131 3.058 19.334
132 -5.836 6.717
133 14.568 11.321
134 10.734 8.96
135 12.447 10.694
136 10.38 13.851
137 13.764 13.516
138 0.079 0.185
139 12.077 10.382
140 7.933 13.929
141 -3.751 9.115
142 12.518 13.578
143 7.071 9.501
144 8.905 4.314
145 0.197 0.36
146 -7.027 11.385
147 -2.154 10.24
148 -4.503 12.024
149 -3.397 16.101
150 7.821 7.778
151 -5.93 9.989
152 -3.269 4.448
153 0.664 0.146
154 9.726 7.91
155 -3.077 2.902
156 -2.217 9.404
157 -1.49 1.201
158 4.532 17.637
159 -0.033 2.868
160 -3.02 6.215
161 10.955 14.87
162 14.217 9.745
163 7.536 1.503
164 7.814 9.363
165 -2.638 5.903
166 -1.748 7.534
167 9.219 12.585
168 4.361 7.134
169 -1.208 17.995
170 14.591 13.294
171 -3.155 2.777
172 13.872 13.496
173 2.413 16.254
174 3.926 8.122
175 4.009 3.274
176 13.08 10.333
177 -4.176 11.936
178 8.438 2.411
179 7.528 11.784
180 0.036 8.044
181 9.38 4.703
182 -7.093 10.097
183 -0.485 19.555
184 -5.614 12.076
185 -3.548 7.82
186 -0.573 19.801
187 12.66 16.288
188 2.156 9.202
189 -6.617 12.964
190 -2.208 10.47
191 -2.602 9.47
192 11.385 8.583
193 6.477 19.493
194 -2.657 8.663
195 6.997 20.516
196 8.468 7.453
197 13.395 12.805
198 9.078 17.307
199 14.419 12.908
200 -2.254 13.875
201 13.261 6.033
202 2.008 9.283
203 -4.128 11.053
204 0.995 17.903
205 0.43 -0.838
206 6.101 10.552
207 12.229 5.417
208 8.643 17.788
209 -2.545 10.904
210 -6.257 6.554
211 4.101 9.991
212 14.346 9.659
213 8.72 13.788
214 -2.523 3.399
215 0.222 1.931
216 9.629 14.76
217 11.21 4.369
218 14.792 11.863
219 -2.774 4.953
220 13.219 5.48
221 10.294 0.981
222 13.154 5.949
223 1.257 5.813
224 -3.175 16.417
225 10.766 8.314
226 3.677 10.45
227 -3.474 17.581
228 12.224 13.418
229 -0.219 6.323
230 8.044 1.213
231 6.574 5.71
232 10.556 15.708
233 1.786 4.51
234 14.19 11.137
235 -4.248 2.161
236 2.111 10.424
237 -0.153 12.491
238 -7.027 6.885
239 12.239 13.572
240 6.099 7.273
241 7.533 19.212
242 11.496 3.919
243 12.834 8.949
244 1.625 -0.454
245 5.823 6.355
246 13.822 5.714
247 10.892 11.206
248 9.997 11.738
249 3.299 5.841
250 6.066 3.224
251 4.886 5.329
252 -4.854 16.153
253 11.409 6.638
254 -4.108 16.291
255 -4.706 5.963
256 8.937 15.668
257 -6.796 10.058
258 -1.266 2.191
259 -1.212 7.752
260 -4.896 11.754
261 10.797 4.769
262 -0.611 16.48
263 9.527 9.709
264 0.897 17.537
265 6.032 19.124
266 -3.499 10.673
267 -5.964 13.576
268 -4.133 3.565
269 3.187 20.058
270 3.26 10.892
271 6.915 20.517
272 -3.304 4.108
273 1.021 1.883
274 5.547 4.399
275 9.661 19.733
276 -0.226 15.947
277 11.174 16.965
278 1.126 15.403
279 13.898 6.358
280 0.047 6.979
281 -0.748 4.179
282 5.618 9.359
283 3.938 8.232
284 -7.001 12.565
285 14.226 8.429
286 11.154 4.276
287 -4.613 4.699
288 -2.486 9.092
289 1.898 9.848
290 1.206 10.081
291 -1.365 17.118
292 7.81 17.552
293 4.98 -0.184
294 1.444 1.556
295 11.649 10.237
296 14.145 9.656
297 9.214 3.903
298 1.773 11.963
299 3.162 13.757
300 5.179 -0.38
301 12.94 8.801
302 -6.058 10.38
303 9.115 10.417
304 -2.481 10.942
305 8.243 18.926
306 2.972 15.072
307 6.384 1.214
308 14.258 6.02
309 -2.316 14.832
310 0.239 1.648
311 -4.808 15.922
312 4.776 0.393
313 14.762 11.923
314 0.86 17.019
315 3.845 15.226
316 7.957 7.991
317 4.724 3.082
318 7.912 8.805
319 -4.237 11.372
320 4.84 13.114
321 -5.97 13.53
322 -2.01 4.392
323 0.575 8.447
324 9.287 17.526
325 11.743 3.81
326 7.7 15.162
327 9.84 6.568
328 -5.583 7.108
329 8.441 19.813
330 -4.691 14.98
331 -1.362 15.509
332 14.434 7.294
333 3.986 7.909
334 8.359 18.058
335 11.293 9.878
336 -0.495 7.301
337 11.439 2.777
338 -4.391 13.609
339 10.334 8.624
340 11.92 9.796
341 5.704 13.24
342 11.182 5.479
343 14.295 12.137
344 11.767 6.438
345 4.946 15.475
346 0.462 4.287
347 -5.533 4.313
348 7.898 4.594
349 7.561 5.428
350 -1.015 11.569
351 -3.042 13.675
352 -1.613 17.451
353 -6.572 6.916
354 -0.341 11.993
355 2.175 0.755
356 -4.418 8.979
357 -5.496 14.51
358 4.413 19.832
359 5.904 12.487
360 1.185 -0.264
361 4.983 2.444
362 -2.731 18.856
363 9.475 15.643
364 -2.303 2.94
365 -4.455 8.279
366 -131.922 80.84
367 -132.093 76.085
368 -118.829 85.307
369 -121.957 81.088
370 -126.649 83.466
371 -129.428 72.104
372 -122.925 87.095
373 -124.806 80.555
374 -136.32 80.9
375 -118.862 80.602
376 -121.69 77.495
377 -125.381 84.015
378 -131.656 77.916
379 -127.44 67.175
380 -120.547 81.447
381 -116.847 72.437
382 -119.179 83.79
383 -119.267 69.137
384 -118.98 70.361
385 -116.296 76.292
386 -127.397 72.343
387 -116.756 75.787
388 -119.098 71.062
389 -132.571 79.373
390 -126.905 67.496
391 -128.421 87.174
392 -129.666 78.925
393 -130.068 82.781
394 -119.583 71.631
395 -120.229 68.696
396 -133.535 70.324
397 -128.728 79.107
398 -123.672 80.175
399 -127.271 82.89
400 -123.723 78.563
401 -135.358 76.977
402 -122.751 76.764
403 -125.835 75.711
404 -133.415 77.415
405 -123.487 71.806
406 -126.69 78.084
407 -122.166 75.332
408 -120.788 83.949
409 -136.837 79.395
410 -130.01 80.599
411 -133.112 71.766
412 -125.648 85.132
413 -130.08 76.698
414 -127.945 76.499
415 -115.525 78.734
416 -119.452 76.59
417 -116.228 83.169
418 -134.686 80.656
419 -126.214 79.788
420 -115.653 73.767
421 -129.804 86.102
422 -117.58 70.556
423 -123.432 76.176
424 -128.419 68.347
425 -116.813 79.672
426 -120.645 69.469
427 -123.666 85.834
428 -133.149 84.602
429 -124.899 66.528
430 -118.281 74.342
431 -135.683 78.394
432 -122.092 73.494
433 -120.322 71.584
434 -118.73 72.246
435 -132.56 79.572
436 -121.537 67.92
437 -118.05 72.32
438 -124.045 85.595
439 -123.987 73.046
440 -115.495 73.389
441 -122.862 86.854
442 -125.96 75.042
443 -115.996 79.692
444 -131.262 85.671
445 -131.266 80.374
446 -128.983 87.559
447 -129.528 83.762
448 -117.176 83.708
449 -133.045 68.684
450 -134.728 81.989
451 -128.747 82.044
452 -125.783 81.478
453 -134.976 73.64
454 -123.756 79.564
455 -125.409 68.54
456 -119.834 80.664
457 -117.506 74.571
458 -132.548 74.687
459 -115.137 78.767
460 -130.334 77.704
461 -134.962 71.961
462 -129.936 79.029
463 -114.956 77.257
464 -136.26 79.562
465 -131.988 80.675
466 -117.135 74.75
467 -133.946 82.742
468 -127.171 83.7
469 -122.374 73.096
470 -117.85 77.788
471 -122.122 85.339
472 -136.891 78.591
473 -126.45 67.165
474 -120.279 80.535
475 -116.398 82.852
476 -122.853 75.881
477 -127.553 85.181
478 -129.249 86.391
479 -130.762 69.376
480 -117.593 81.643
481 -118.404 75.47
482 -120.289 77.829
483 -117.895 80.93
484 -125.344 80.017
485 -135.365 76.728
486 -121.41 78.647
487 -135.302 79.91
488 -124.058 84.264
489 -135.237 72.198
490 -135.108 78.105
491 -128.221 79.663
492 -125.152 67.555
493 -119.051 85.732
494 -115.473 79.384
495 -136.208 77.103
496 -131.712 71.16
497 -119.237 71.539
498 -132.566 74.556
499 -118.283 83.569
500 -122.45 76.07
501 -117.121 84.324
502 -134.247 73.26
503 -122.575 77.183
504 -127.445 70.349
505 -133.285 82.13
506 -131.972 72.943
507 -115.864 73.594
508 -128.242 81.471
509 -115.205 73.969
510 -128.721 70.29
511 -125.399 86.335
512 -131.17 71.092
513 -131.04 78.418
514 -116.932 82.958
515 -115.091 78.529
516 -116.151 80.322
517 -134.014 79.178
518 -116.728 74.202
519 -120.085 81.059
520 -118.425 75.247
521 -115.186 79.532
522 -132.6 86.077
523 -121.381 77.71
524 -133.825 70.294
525 -122.5 76.304
526 -125.42 79.932
527 -122.577 77.268
528 -133.869 72.586
529 -125.492 69.635
530 -125.994 84.667
531 -119.187 77.573
532 -127.626 79.733
533 -116.029 78.392
534 -116.929 76.656
535 -119.613 76.913
536 -136.547 79.637
537 -132.389 81.214
538 -115.099 75.439
539 -128.828 71.144
540 -124.779 80.838
541 -131.619 74.311
542 -121.375 80.678
543 -116.052 82.761
544 -126.56 82.954
545 -116.835 75.898
546 -136.619 78.77
547 -136.091 75.679
548 -132.464 84.996
549 -119.848 78.03
550 -119.783 73.264
551 -115.411 75.187
552 -117.34 79.354
553 -120.597 70.163
554 -129.413 85.022
555 -133.482 77.72
556 -134.399 76.849
557 -117.484 74.519
558 -120.699 84.184
559 -127.656 67.809
560 -130.366 86.985
561 -115.543 75.202
562 -127.03 69.414
563 -126.413 71.772
564 -129.931 70.072
565 -118.291 84.672
566 -132.259 77.153
567 -132.411 73.556
568 -126.525 73.889
569 -126.853 82.55
570 -129.671 76.186
571 -135.043 78.006
572 -133.408 74.719
573 -120.51 79.619
574 -135.366 77.122
575 -135.446 73.322
576 -115.101 77.857
577 -118.11 83.541
578 -123.342 84.549
579 -117.103 81.227
580 -120.395 76.572
581 -125.732 74.355
582 -134.763 80.668
583 -121.315 72.05
584 -133.429 83.181
585 -123.671 70.114
586 -123.159 87.532
587 -126.251 85.536
588 -130.528 74.248
589 -135.261 82.481
590 -120.24 84.696
591 -117.389 77.667
592 -130.055 79.057
593 -123.358 84.568
594 -120.815 83.86
595 -136.725 75.701
596 -133.917 83.954
597 -121.361 86.314
598 -117.992 69.562
599 -121.228 73.541
600 -133.512 75.077
601 -127.708 77.834
602 -122.997 71.313
603 -115.839 73.805
604 -128.022 82.161
605 -136.142 80.553
606 -131.703 69.431
607 -116.447 76.987
608 -117.661 77.071
609 -122.425 87.99
610 -130.014 86.151
611 -117.837 70.388
612 -123.049 85.545
613 -115.988 79.941
614 -122.498 68.452
615 -115.667 74.728
616 -135.131 79.563
617 -132.906 78.129
618 -133.787 75.34
619 -134.184 71.858
620 -124.808 84.278
621 -126.343 86.763
622 -122.508 66.948
623 -122.627 73.557
624 -136.863 75.431
625 -117.326 75.541
626 -120.259 78.462
627 -124.77 71.934
628 -117.902 72.779
629 -126.12 83.337
630 -132.25 73.763
631 -123.435 74.867
632 -135.979 73.591
633 -125.453 84.165
634 -124.173 77.706
635 -130.14 82.767
636 -133.014 73.962
637 -125.868 75.041
638 -134.367 80.351
639 -131.862 81.707
640 -128.832 68.589
641 -132.926 73.531
642 -132.76 80.656
643 -135.197 82.043
644 -133.32 83.809
645 -118.088 71.511
646 -123.536 84.91
647 -125.515 86.777
648 -119.152 70.297
649 -125.132 72.113
650 -128.289 87.433
651 -129.523 70.18
652 -122.328 83.552
653 -125.795 69.336
654 -120.31 74.852
655 -120.046 79.632
656 -124.431 70.622
657 -117.345 80.909
658 -128.749 72.005
659 -136.035 77.577
660 -133.386 72.907
661 -118.065 84.752
662 -116.521 82.086
663 -125.719 69.17
664 -133.611 74.119
665 -118.688 84.261
666 -119.752 76.455
667 -131.365 85.042
668 -124.984 78.246
669 -122.609 72.478
670 -136.456 75.102
671 -130.883 70.612
672 -122.872 76.674
673 -128.354 77.994
674 -134.445 79.584
675 -136.263 77.021
676 -118.124 79.426
677 -130.132 73.268
678 -119.989 74.109
679 -116.802 78.646
680 -130.534 71.64
681 -126.16 70.297
682 -120.299 86.525
683 -127.823 67.398
684 -124.464 76.233
685 -120.568 74.178
686 -117.031 82.182
687 -117.465 71.913
688 -135.357 73.478
689 -136.095 78.233
690 -130.806 82.459
691 -121.974 81.584
692 -125.752 72.616
693 -136.145 74.282
694 -130.256 67.918
695 -121.508 77.911
696 -124.192 71.069
697 -127.6 87.75
698 -135.481 79.849
699 -118.263 70.778
700 -128.695 75.092
701 -133.797 71.834
702 -119.974 71.943
703 -133.403 76.481
704 -120.143 83.165
705 -126.909 69.572
706 -131.99 69.187
707 -134.621 70.838
708 -136.627 74.426
709 -117.76 72.104
710 -131.622 82.422
711 -123.579 80.14
712 -127.037 70.464
713 -127.087 81.446
714 -122.258 72.631
715 -119.205 79.583
716 -135.587 82.751
717 -116.604 75.755
718 -133.246 81.947
719 -118.585 73.606
720 -122.831 75.389
721 -136.88 77.103
722 -136.567 80.683
723 -129.431 73.21
724 -126.98 76.943
725 -117.003 70.599
726 -119.884 78.257
727 -136.698 79.829
728 -116.568 73.871
729 -122.047 74.059
730 -162.885 163.328
731 -150.717 150.824
732 -153.796 157.646
733 -162.202 161.122
734 -156.61 161.428
735 -166.839 161.259
736 -169.416 151.312
737 -158.999 164.215
738 -150.444 146.962
739 -159.326 149.17
740 -169.795 152.09
741 -167.532 150.189
742 -170.135 152.212
743 -157.379 163.555
744 -154.576 160.393
745 -150.572 150.856
746 -166.326 153.029
747 -160.242 157.439
748 -169.396 154.944
749 -161.772 163.074
750 -148.987 158.438
751 -150.072 157.584
752 -169.195 158.006
753 -154.556 149.912
754 -160.099 163.663
755 -157.609 146.793
756 -158.907 163.939
757 -150.075 157.645
758 -163.834 160.505
759 -151.065 153.405
760 -168.593 156.997
761 -158.23 159.7
762 -152.405 157.786
763 -163.695 149.747
764 -168.831 148.886
765 -162.163 154.959
766 -160.8 149.743
767 -158.588 142.971
768 -161.572 157.935
769 -166.502 159.455
770 -158.44 158.995
771 -154.475 145.144
772 -159.19 148.723
773 -163.847 145.884
774 -156.713 160.607
775 -150.597 146.815
776 -150.967 157.561
777 -164.066 143.555
778 -153.884 159.774
779 -157.293 148.522
780 -165.718 150.028
781 -151.91 152.311
782 -151.009 146.775
783 -161.618 142.798
784 -169.297 159.08
785 -163.034 154.215
786 -160.652 155.703
787 -159.578 145.642
788 -170.056 152.662
789 -166.616 160.084
790 -157.579 155.561
791 -156.183 161.935
792 -158.455 164.055
793 -153.817 150.107
794 -151.531 146.641
795 -148.852 153.568
796 -169.245 150.189
797 -155.617 155.692
798 -167.89 149.973
799 -148.693 156.066
800 -159.936 163.343
801 -149.751 147.881
802 -149.797 153.106
803 -156.626 145.316
804 -149.91 156.705
805 -149.512 156.209
806 -169.529 158.329
807 -155.782 149.479
808 -164.691 158.518
809 -158.881 163.868
810 -160.881 145.53
811 -151.053 151.961
812 -159.173 150.989
813 -154.569 150.475
814 -152.525 144.686
815 -156.812 161.76
816 -167.466 148.367
817 -162.521 163.468
818 -160.653 150.846
819 -165.21 162.55
820 -153.613 162.264
821 -169.467 156.691
822 -153.986 161.196
823 -160.607 146.438
824 -153.26 157.883
825 -150.502 151.84
826 -168.248 150.436
827 -157.667 152.36
828 -162.361 154.118
829 -155.936 143.084
830 -166.421 147.571
831 -160.323 162.658
832 -148.931 157.569
833 -152.249 158.927
834 -165.457 146.397
835 -159.644 162.422
836 -165.266 149.689
837 -149.792 158.969
838 -165.105 151.846
839 -163.508 153.012
840 -154.708 156.704
841 -157.048 143.125
842 -158.586 143.637
843 -164.92 161.288
844 -170.283 153.741
845 -161.592 162.366
846 -167.715 152.046
847 -159.001 152.352
848 -158.755 163.914
849 -150.725 151.562
850 -156.282 155.307
851 -167.056 147.031
852 -162.801 145.024
853 -163.027 146.08
854 -158.472 146.206
855 -149.357 154.75
856 -163.562 153.666
857 -154.255 150.994
858 -149.644 155.662
859 -165.867 156.976
860 -148.993 152.109
861 -158.688 162.354
862 -154.785 151.132
863 -164.357 157.327
864 -156.778 158.332
865 -149.613 153.422
866 -156.33 145.012
867 -155.111 147.298
868 -148.713 157.196
869 -156.714 149.412
870 -167.304 159.588
871 -163.194 158.489
872 -166.786 148.785
873 -167.766 157.181
874 -163.504 154.218
875 -154.496 144.878
876 -156.684 146.462
877 -159.474 154.98
878 -151.534 153.997
879 -166.362 152.76
880 -151.834 154.899
881 -150.87 151.467
882 -161.856 154.92
883 -161.71 150.369
884 -168.399 155.188
885 -155.174 157.856
886 -161.968 157.512
887 -167.218 149.693
888 -168.677 153.519
889 -166.245 157.982
890 -149.784 151.043
891 -169.903 149.884
892 -165.955 160.731
893 -166.08 151.446
894 -167.671 159.934
895 -151.459 146.582
896 -149.182 156.567
897 -148.556 155.388
898 -153.986 157.147
899 -158.969 146.285
900 -154.413 147.067
901 -155.676 157.291
902 -163.672 163.109
903 -162.425 163.325
904 -166.545 145.881
905 -154.349 144.222
906 -155.129 145.938
907 -148.792 154.802
908 -157.326 163.374
909 -159.988 162.554
910 -151.252 149.981
911 -169.149 148.77
912 -169.842 156.556
913 -157.045 145.009
914 -151.37 160.958
915 -160.029 150.219
916 -154.567 155.261
917 -152.242 145.774
918 -158.958 160.241
919 -158.961 161.11
920 -149.73 149.109
921 -167.606 148.799
922 -152.535 158.635
923 -161.877 155.089
924 -162.61 157.623
925 -153.271 152.644
926 -149.455 154.522
927 -152.562 149.702
928 -164.824 155.514
929 -154.751 155.892
930 -157.108 155.121
931 -154.766 154.971
932 -158.876 163.106
933 -154.617 153.228
934 -167.745 153.339
935 -153.487 144.277
936 -154.673 151.088
937 -157.381 147.856
938 -161.29 156.193
939 -161.082 161.613
940 -161.934 153.619
941 -159.233 155.805
942 -167.372 159.939
943 -149.123 157.114
944 -161.235 160.361
945 -168.869 154.278
946 -159.211 152.82
947 -157.505 159.97
948 -152.549 155.99
949 -161.587 162.643
950 -152.8 153.012
951 -156.169 152.57
952 -163.167 156.165
953 -156.333 163.456
954 -159.441 143.841
955 -161.468 162.257
956 -153.991 163.049
957 -161.569 152.949
958 -155.867 161.759
959 -168.259 158.943
960 -148.65 151.356
961 -155.591 145.379
962 -158.245 159.327
963 -155.992 157.034
964 -158.958 161.173
965 -158.366 146.103
966 -154.639 153.417
967 -154.137 146.456
968 -158.428 143.621
969 -170.054 150.687
970 -154.041 148.156
971 -162.183 144.867
972 -162.568 164.081
973 -166.569 147.847
974 -158.7 145.284
975 -154.639 151.475
976 -150.022 149.585
977 -169.75 148.698
978 -160.135 151.194
979 -165.791 155.768
980 -149.304 151.591
981 -166.434 145.639
982 -152.524 156.81
983 -150.133 158.351
984 -157.663 147.995
985 -166.909 161.338
986 -162.652 150.162
987 -157.467 158.062
988 -161.063 154.408
989 -158.517 163.808
990 -154.704 154.377
991 -152.108 144.844
992 -167.1 158.878
993 -154.001 150.119
994 -158.998 152.41
995 -156.575 145.735
996 -159.809 160.561
997 -163.48 144.917
998 -165.867 151.933
999 -148.522 155.901
1000 -156.085 161.516
1001 -169.225 148.955
1002 -152.432 157.323
1003 -150.263 147.687
1004 -162.3 148.998
1005 -163.202 158.429
1006 -154.004 143.675
1007 -160.838 147.115
1008 -155.352 148.853
1009 -158.83 149.087
1010 -167.377 152.121
1011 -159.51 146.528
1012 -162.184 143.285
1013 -149.263 150.716
1014 -153.638 158.436
1015 -160.954 159.197
1016 -161.409 142.713
1017 -153.014 147.203
1018 -155.466 144.063
1019 -152.954 161.079
1020 -150.939 150.886
1021 -152.692 152.968
1022 -149.462 149.297
1023 -166.828 160.338
1024 -149.737 155.393
1025 -165.592 148.907
1026 -167.633 159.415
1027 -151.03 156.154
1028 -168.247 146.669
1029 -165.433 161.139
1030 -149.07 151.725
1031 -169.077 156.219
1032 -149.744 149.929
1033 -169.057 151.861
1034 -164.041 148.487
1035 -162.655 152.124
1036 -154.046 153.683
1037 -149.604 149.182
1038 -168.918 154.644
1039 -160.472 145.519
1040 -150.666 151.611
1041 -153.458 148.423
1042 -160.849 162.192
1043 -169.525 149.117
1044 -151.979 149.321
1045 -154.674 156.324
1046 -150.879 152.263
1047 -156.958 144.218
1048 -153.052 150.752
1049 -162.898 148.094
1050 -148.553 151.92
1051 -163.852 157.695
1052 -159.02 152.877
1053 -169.99 154.463
1054 -148.943 152.836
1055 -160.184 157.705
1056 -160.965 164.183
1057 -155.771 157.519
1058 -169.874 154.856
1059 -161.68 143.904
1060 -165.532 160.527
1061 -164.136 143.575
1062 -148.871 151.579
1063 -153.285 146.094
1064 -163.766 158.119
1065 -153.452 151.848
1066 -160.195 150.355
1067 -166.166 159.112
1068 -153.51 163.129
1069 -161.156 159.711
1070 -151.405 156.138
1071 -161.945 149.178
1072 -149.497 154.283
1073 -165.89 161.034
1074 -151.539 154.869
1075 -168.186 146.825
1076 -164.147 143.886
1077 -157.771 145.62
1078 -165.997 160.362
1079 -160.601 152.166
1080 -155.152 153.717
1081 -161.238 163.047
1082 -152.279 158.923
1083 -158.891 151.252
1084 -165.089 152.648
1085 -161.806 145.377
1086 -155.947 163.302
1087 -154.108 152.428
1088 -160.939 162.686
1089 -153.67 157.452
1090 -155.14 149.561
1091 -151.588 160.786
1092 -157.421 152.368
1093 -163.988 156.061
1094 -219.331 202.569
1095 -213.066 186.97
1096 -223.074 183.317
1097 -220.71 204.609
1098 -224.752 189.809
1099 -206.774 185.068
1100 -215.873 205.745
1101 -192.56 194.851
1102 -217.66 173.707
1103 -229.723 178.43
1104 -197.264 206.648
1105 -224.856 192.605
1106 -233.347 189.614
1107 -200.786 202.277
1108 -193.406 185.43
1109 -232.052 200.541
1110 -223.987 203.11
1111 -220.189 177.588
1112 -199.157 205.634
1113 -210.656 203.45
1114 -218.182 190.59
1115 -224.537 195.043
1116 -198.264 199.901
1117 -217.298 176.827
1118 -211.049 194.667
1119 -214.875 208.328
1120 -222.052 174.086
1121 -193.89 183.118
1122 -228.465 190.871
1123 -234.362 188.841
1124 -223.049 174.321
1125 -205.824 175.462
1126 -219.518 205.299
1127 -195.924 182.863
1128 -195.854 200.789
1129 -226.798 206.579
1130 -211.423 207.936
1131 -210.975 208.948
1132 -208.701 203.565
1133 -213.862 214.755
1134 -232.868 186.322
1135 -198.762 195.689
1136 -204.753 188.974
1137 -210.473 183.019
1138 -226.227 195.075
1139 -233.277 194.59
1140 -216.797 173.683
1141 -210.419 172.056
1142 -230.921 188.108
1143 -200.534 194.927
1144 -198.915 187.329
1145 -220.824 182.899
1146 -195.169 186.672
1147 -228.346 199.948
1148 -204.603 202.177
1149 -230.25 206.459
1150 -200.347 196.121
1151 -210.924 197.335
1152 -198.971 176.842
1153 -196.432 188.423
1154 -222.818 209.539
1155 -220.502 196.33
1156 -206.573 208.909
1157 -202.698 180.479
1158 -228.866 180.892
1159 -218.837 173.983
1160 -228.362 204.278
1161 -206.185 194.714
1162 -234.791 198.589
1163 -193.703 185.134
1164 -222.455 200.784
1165 -225.289 199.097
1166 -209.261 196.889
1167 -194.559 183.764
1168 -219.463 194.998
1169 -206.838 177.294
1170 -193.479 200.038
1171 -216.713 188.721
1172 -203.529 201.07
1173 -228.928 207.707
1174 -215.814 182.962
1175 -226.648 177.795
1176 -207.301 211.181
1177 -222.061 198.846
1178 -231.447 184.334
1179 -223.582 199
1180 -191.433 191.393
1181 -200.207 183.692
1182 -232.352 185.991
1183 -216.769 180.336
1184 -228.799 182.757
1185 -224.997 174.885
1186 -224.768 208.628
1187 -208.245 191.923
1188 -217.727 182.566
1189 -223.028 197.039
1190 -215.885 171.067
1191 -220.644 172.204
1192 -191.294 195.974
1193 -190.961 186.475
1194 -231.253 192.95
1195 -226.927 193.713
1196 -234.094 187.152
1197 -227.921 194.174
1198 -215.2 199.132
1199 -225.087 183.159
1200 -207.123 212.112
1201 -209.951 210.756
1202 -196.418 187.544
1203 -204.241 188.163
1204 -201.538 206.415
1205 -196.166 197.98
1206 -223.49 178.448
1207 -232.186 200.866
1208 -221.59 182.458
1209 -214.409 175.912
1210 -198.322 186.706
1211 -196.376 203.322
1212 -214.668 203.5
1213 -234.354 198.096
1214 -215.269 175.673
1215 -223.423 178.159
1216 -210.154 204.444
1217 -228.063 184.96
1218 -205.013 172.557
1219 -203.803 195.201
1220 -206.824 197.927
1221 -225.506 199.166
1222 -218.817 210.903
1223 -222.951 178.194
1224 -226.861 194.613
1225 -231.047 201.808
1226 -224.37 207.029
1227 -199.191 174.126
1228 -207.161 208.547
1229 -231.97 192.913
1230 -192.416 188.772
1231 -225.706 174.225
1232 -211.805 177.956
1233 -194.815 189.578
1234 -210.105 200.034
1235 -234.827 188.925
1236 -201.499 175.194
1237 -207.639 213.049
1238 -198.087 194.16
1239 -204.427 207.977
1240 -204.181 211.395
1241 -189.983 193.943
1242 -227.181 207.12
1243 -232.679 202.818
1244 -212.729 170.204
1245 -222.959 213.066
1246 -216.034 202.402
1247 -226.66 210.408
1248 -222.546 203.516
1249 -205.058 201.859
1250 -209.007 212.275
1251 -232.968 195.764
1252 -201.256 175.54
1253 -207.802 191.983
1254 -232.899 199.751
1255 -228.945 192.831
1256 -195.482 205.198
1257 -209.286 203.319
1258 -194.056 181.059
1259 -225.716 199.4
1260 -227.529 190.044
1261 -212.47 200.871
1262 -230.423 181.985
1263 -228.81 183.588
1264 -223.339 182.594
1265 -199.307 175.326
1266 -192.006 196.58
1267 -224.702 189.685
1268 -207.134 185.72
1269 -205.727 194.21
1270 -233.567 193.855
1271 -196.785 178.621
1272 -225.494 205.87
1273 -229.541 189.91
1274 -227.189 205.861
1275 -206.323 193.442
1276 -220.127 190.026
1277 -233.785 185.11
1278 -225.321 203.401
1279 -220.277 178.117
1280 -218.947 204.751
1281 -192.91 193.168
1282 -205.344 208.61
1283 -235 190.089
1284 -200.552 210.319
1285 -199.021 206.376
1286 -230.218 194.747
1287 -215.703 189.179
1288 -193.825 183.955
1289 -198.443 201.576
1290 -219.036 179.771
1291 -206.854 186.283
1292 -213.173 180.908
1293 -235.509 189.755
1294 -218.392 187.575
1295 -194.234 192.349
1296 -197.92 191.408
1297 -194.829 192.116
1298 -218.852 193.388
1299 -232.753 196.975
1300 -218.054 195.221
1301 -208.673 192.508
1302 -199.046 206.958
1303 -220.015 196.813
1304 -202.08 193.116
1305 -192.283 186.788
1306 -190.624 184.64
1307 -201.502 206.199
1308 -227.314 182.86
1309 -189.735 194.624
1310 -203.07 182.379
1311 -215.337 169.814
1312 -210.017 170.738
1313 -223.215 182.818
1314 -196.663 189.135
1315 -193.861 179.348
1316 -193.137 180.113
1317 -231.573 199.85
1318 -232.239 197.713
1319 -210.951 211.977
1320 -233.114 198.883
1321 -202.024 197.063
1322 -192.483 187.467
1323 -223.257 198.14
1324 -217.773 172.487
1325 -191.317 201.994
1326 -190.373 198.643
1327 -218.4 171.258
1328 -215.358 207.514
1329 -222.603 202.678
1330 -223.3 208.808
1331 -202.694 180.946
1332 -206.35 213.569
1333 -225.312 211.288
1334 -195.822 202.999
1335 -201.189 202.532
1336 -211.842 200.414
1337 -197.82 178.325
1338 -232.097 203.532
1339 -201.247 186.372
1340 -225.535 200.889
1341 -214.907 210.578
1342 -193.632 195.223
1343 -190.008 186.738
1344 -212.289 174.823
1345 -191.205 191.363
1346 -233.365 200.559
1347 -193.452 196.906
1348 -190.824 199.722
1349 -211.12 212.728
1350 -217.554 194.578
1351 -191.385 182.685
1352 -215.781 175.749
1353 -218.493 181.739
1354 -226.439 189.998
1355 -211.201 189.784
1356 -215.849 188.028
1357 -204.087 171.758
1358 -233.446 196.278
1359 -202.195 203.419
1360 -219.115 188.045
1361 -225.588 208.49
1362 -202.701 183.96
1363 -202.455 187.54
1364 -230.872 189.731
1365 -217.163 213.165
1366 -204.758 196.461
1367 -231.83 185.101
1368 -194.776 193.225
1369 -228.924 198.983
1370 -190.767 192.705
1371 -232.309 199.556
1372 -193.492 199.11
1373 -190.754 196.071
1374 -206.374 182.726
1375 -227.441 209.545
1376 -190.592 189.025
1377 -219.161 178.299
1378 -235.245 186.914
1379 -232.484 181.712
1380 -224.379 199.926
1381 -211.3 193.497
1382 -190.563 194.814
1383 -213.327 203.159
1384 -199.315 177.139
1385 -231.004 191.614
1386 -211.122 174.644
1387 -220.144 188.501
1388 -201.695 207.643
1389 -221.216 202.836
1390 -227.058 190.971
1391 -210.082 177.558
1392 -201.238 202.833
1393 -227.365 197.158
1394 -200.399 179.601
1395 -212.227 169.707
1396 -230.354 187.531
1397 -227.871 208.367
1398 -219.75 200.986
1399 -235.145 187.816
1400 -224.113 201.937
1401 -219.796 179.957
1402 -192.364 184.713
1403 -198.28 190.479
1404 -232.547 185.034
1405 -218.974 201.371
1406 -223.29 184.935
1407 -215.58 194.135
1408 -227.297 179.275
1409 -192.924 181.484
1410 -193.058 198.921
1411 -207.588 184.702
1412 -190.009 188.246
1413 -192.492 184.286
1414 -225.278 202.377
1415 -235.528 189.191
1416 -199.507 198.59
1417 -195.317 186.037
1418 -213.939 194.088
1419 -210.881 177.545
1420 -223.681 173.308
1421 -211.754 169.868
1422 -223.685 176.241
1423 -220.816 211.062
1424 -205.868 176.208
1425 -209.568 213.944
1426 -229.022 181.484
1427 -217.565 192.483
1428 -215.33 184.54
1429 -233.764 185.755
1430 -225.132 176.079
1431 -204.399 206.401
1432 -211.69 195.404
1433 -225.331 184.621
1434 -208.063 187.832
1435 -231.368 179.579
1436 -221.044 212.417
1437 -217.973 186.485
1438 -223.048 175.04
1439 -220.45 201.118
1440 -212.819 173.233
1441 -214.195 215.174
1442 -213.543 211.545
1443 -197.061 188.486
1444 -189.891 192.934
1445 -216.857 185.787
1446 -204.204 201.05
1447 -227.917 196.565
1448 -234.367 196.909
1449 -225.51 194.837
1450 -212.548 178.483
1451 -194.626 203.757
1452 -201.776 184.169
1453 -200.184 173.989
1454 -235.366 191.58
1455 -199.743 207.69
1456 -233.582 200.978
1457 -228.358 195.816
1458 -140.588 289.773
1459 -147.553 266.462
1460 -125.59 266.254
1461 -148.142 274.676
1462 -125.474 273.332
1463 -138.555 269.238
1464 -153.756 275.102
1465 -154.972 285.837
1466 -142.416 261.49
1467 -124.168 275.173
1468 -137.354 265.088
1469 -148.296 291.21
1470 -146.337 280.99
1471 -123.571 270.528
1472 -123.118 273.604
1473 -156.291 275.902
1474 -151.572 267.5
1475 -126.342 275.653
1476 -129.096 278.818
1477 -149.006 278.888
1478 -148.988 264.94
1479 -130.446 263.854
1480 -148.764 268.01
1481 -130.952 274.414
1482 -126.654 283.243
1483 -148.573 271.188
1484 -123.823 281.542
1485 -143.74 264.789
1486 -141.714 283.206
1487 -146.313 276.948
1488 -119.833 273.045
1489 -128.22 270.817
1490 -153.787 278.367
1491 -140.474 259.832
1492 -142.561 271.325
1493 -118.935 275.796
1494 -132.193 278.113
1495 -154.517 284.906
1496 -145.139 290.272
1497 -118.973 275.96
1498 -142.34 286.531
1499 -121.231 284.824
1500 -154.516 283.988
1501 -131.991 264.801
1502 -152.709 273.717
1503 -140.183 279.267
1504 -143.156 278.598
1505 -145.427 262.811
1506 -142.796 293.432
1507 -121.63 276.913
1508 -138.187 291.684
1509 -146.726 277.641
1510 -122.406 268.164
1511 -141.315 283.457
1512 -121.434 268.662
1513 -147.478 274.907
1514 -139.733 278.549
1515 -136.943 263.819
1516 -138.169 287.657
1517 -123.005 278.495
1518 -145.142 294.741
1519 -137.58 275.897
1520 -135.848 265.672
1521 -136.028 296.262
1522 -122.726 282.025
1523 -130.629 268.078
1524 -128.682 289.497
1525 -129.807 294.136
1526 -123.032 287.149
1527 -126.378 277.769
1528 -148.826 280.13
1529 -139.49 286.368
1530 -144.61 266.558
1531 -141.68 264.286
1532 -141.075 296.037
1533 -150.32 286.82
1534 -137.051 284.403
1535 -126.855 278.448
1536 -138.029 285.635
1537 -124.352 266.386
1538 -147.804 270.921
1539 -138.578 288.192
1540 -130.019 290.63
1541 -126.7 267.219
1542 -131.035 264.973
1543 -138.628 266.571
1544 -135.113 292.025
1545 -129.655 281.166
1546 -126.681 274.036
1547 -137.633 260.767
1548 -153.465 282.375
1549 -142.041 262.286
1550 -140.799 266.536
1551 -133.38 285.934
1552 -133.418 293.275
1553 -121.477 288.449
1554 -150.119 269.209
1555 -124.832 269.466
1556 -138.02 278.617
1557 -118.984 278.777
1558 -126.655 288.951
1559 -134.242 288.705
1560 -121.257 272.877
1561 -145.828 295.341
1562 -124.415 268.883
1563 -135.219 270.266
1564 -132.815 292.923
1565 -127.071 266.285
1566 -146.021 284.473
1567 -142.984 275.532
1568 -127.591 282.718
1569 -119.564 277.485
1570 -132.884 279.656
1571 -128.713 271.251
1572 -137.848 288.555
1573 -125.055 271.898
1574 -128.465 282.26
1575 -153.186 269.914
1576 -137.057 294.697
1577 -151.297 272.392
1578 -130.531 268.99
1579 -146.113 280.11
1580 -122.296 286.447
1581 -152.367 283.99
1582 -119.925 273.738
1583 -133.098 272.305
1584 -127.871 271.92
1585 -146.71 292.705
1586 -156.437 281.661
1587 -144.606 292.36
1588 -133.314 295.686
1589 -138.789 263.204
1590 -142.98 275.036
1591 -146.916 285.1
1592 -147.535 279.689
1593 -132.506 260.54
1594 -130.967 269.187
1595 -143.325 291.168
1596 -151.061 276.095
1597 -140.584 283.071
1598 -144.269 285.155
1599 -126.33 292.94
1600 -135.992 274.867
1601 -145.43 261.867
1602 -146.848 271.705
1603 -135.257 294.542
1604 -144.749 283.363
1605 -131.228 265.928
1606 -135.959 289.936
1607 -118.946 276.737
1608 -130.244 285.798
1609 -123.359 286.868
1610 -123.499 283.371
1611 -121.424 270.252
1612 -119.715 275.659
1613 -156.626 280.824
1614 -138.124 261.922
1615 -153.395 278.06
1616 -121.259 279.203
1617 -147.776 292.596
1618 -156.314 282.248
1619 -139.287 266.946
1620 -136.294 286.356
1621 -130.19 262.456
1622 -142.347 264.696
1623 -146.122 264.776
1624 -129.745 275.408
1625 -149.227 267.499
1626 -148.588 285.789
1627 -134.657 270.869
1628 -139.723 296.46
1629 -141.748 262.341
1630 -130.102 291.038
1631 -123.142 278.277
1632 -122.064 274.156
1633 -140.636 293.063
1634 -141.578 267.077
1635 -141.128 261.329
1636 -145.674 279.447
1637 -155.241 276.308
1638 -128.306 277.649
1639 -152.098 279.898
1640 -124.959 279.416
1641 -129.936 295.259
1642 -132.771 269.596
1643 -152.72 283.919
1644 -155.69 273.361
1645 -133.956 295.779
1646 -154.193 280.523
1647 -146.986 263.342
1648 -120.263 277.105
1649 -126.523 267.561
1650 -142.794 295.437
1651 -123.08 270.268
1652 -154.424 277.776
1653 -132.647 274.094
1654 -137.267 272.83
1655 -136.576 264.063
1656 -127.77 268.535
1657 -136.037 296.942
1658 -122.25 272.397
1659 -127.366 277.668
1660 -128.642 279.745
1661 -125.463 280.631
1662 -144.835 293.714
1663 -121.395 281.793
1664 -119.541 280.423
1665 -149.648 267.473
1666 -155.152 270.88
1667 -151.976 287.062
1668 -143.52 282.419
1669 -137.321 264.974
1670 -141.932 274.035
1671 -135.659 267.928
1672 -142.475 291.104
1673 -124.215 281.583
1674 -126.263 290.941
1675 -152.288 286.561
1676 -151.513 276.452
1677 -149.085 266.751
1678 -131.062 273.411
1679 -133.699 291.961
1680 -152.641 278.609
1681 -154.776 275.797
1682 -127.533 267.286
1683 -148.227 270.401
1684 -149.688 266.385
1685 -128.628 289.991
1686 -124.919 283.823
1687 -143.374 265.494
1688 -123.605 283.447
1689 -133.121 274.828
1690 -141.252 269.199
1691 -127.862 290.069
1692 -121.801 277.421
1693 -125.475 280.467
1694 -124.25 286.222
1695 -151.481 272.529
1696 -126.207 269.465
1697 -148.026 283.604
1698 -144.104 293.958
1699 -140.938 282.582
1700 -121.364 274.24
1701 -119.317 282.353
1702 -128.91 270.096
1703 -149.088 291.314
1704 -149.425 293.279
1705 -125.467 288.282
1706 -130.139 283.744
1707 -132.834 295.506
1708 -153.921 276.829
1709 -146.599 262.264
1710 -148.884 272.899
1711 -133.334 288.212
1712 -132.786 295.604
1713 -137.079 259.917
1714 -152.181 269.368
1715 -153.587 276.503
1716 -148.51 265.205
1717 -142.029 292.157
1718 -135.827 259.643
1719 -135.377 283.656
1720 -136.015 260.856
1721 -149.2 279.921
1722 -153.187 279.087
1723 -150.798 271.543
1724 -139.737 262.759
1725 -153.645 271.498
1726 -126.394 268.995
1727 -124.595 288.3
1728 -139.353 269.849
1729 -148.803 277.889
1730 -119.776 277.708
1731 -141.888 272.339
1732 -123.644 282.24
1733 -140.433 288.334
1734 -139.735 288.994
1735 -147.459 266.122
1736 -156.17 278.567
1737 -152.586 273.86
1738 -148.63 271.977
1739 -120.816 276.033
1740 -133.411 273.462
1741 -122.099 271.746
1742 -140.669 261.385
1743 -140.327 285.142
1744 -127.827 285.32
1745 -123.04 274.592
1746 -138.377 282.818
1747 -118.883 275.551
1748 -130.704 294.455
1749 -126.517 279.206
1750 -124.093 281.342
1751 -154.447 269.937
1752 -141.6 283.596
1753 -148.654 276.659
1754 -128.589 266.725
1755 -149.404 283.468
1756 -148.87 287.918
1757 -146.064 275.95
1758 -144.025 266.603
1759 -147.957 268.873
1760 -130.18 284.122
1761 -147.185 287.214
1762 -143.729 287.85
1763 -127.162 262.836
1764 -120.86 271.746
1765 -138.286 276.281
1766 -139.828 290.985
1767 -130.773 294.839
1768 -128.566 291.894
1769 -152.505 272.945
1770 -152.678 285.569
1771 -146.656 280.442
1772 -151.922 271.809
1773 -147.132 282.721
1774 -125.322 288.595
1775 -121.256 282.834
1776 -153.45 267.855
1777 -125.265 291.391
1778 -127.918 275.232
1779 -137.773 286.751
1780 -129.495 281.457
1781 -141.338 266.718
1782 -144.291 288.294
1783 -135.116 276.439
1784 -129.245 269.027
1785 -155.065 273.75
1786 -145.756 267.275
1787 -145.713 282.426
1788 -134.982 295.074
1789 -154.468 273.789
1790 -129.169 285.504
1791 -156.066 281.072
1792 -134.605 294.036
1793 -133.992 263.552
1794 -152.14 286.651
1795 -155.782 278.244
1796 -144.367 260.653
1797 -137.216 268.23
1798 -137.608 277.166
1799 -142.445 268.53
1800 -155.41 276.156
1801 -145.602 275.627
1802 -142.976 282.797
1803 -154.887 279.268
1804 -148.137 288.939
1805 -132.85 293.91
1806 -151.441 271.301
1807 -155.461 285.435
1808 -127.997 272.028
1809 -131.804 292.704
1810 -156.206 275.738
1811 -134.373 268.829
1812 -122.905 268.123
1813 -131.231 294.02
1814 -151.99 285.453
1815 -136.488 266.503
1816 -123.908 289.493
1817 -124.184 271.192
1818 -121.402 271.553
1819 -130.424 273.663
1820 -146.508 281.798
1821 -133.374 295.352
1822 -226.434 354.46
1823 -234.548 355.943
1824 -221.065 356.02
1825 -223.965 347.802
1826 -238.099 358.28
1827 -227.48 355.361
1828 -236.536 346.305
1829 -218.698 352.498
1830 -233.614 344.038
1831 -232.581 346.605
1832 -235.701 354.241
1833 -236.222 351.72
1834 -222.633 350.008
1835 -228.552 355.377
1836 -233.732 350.645
1837 -234.413 357.064
1838 -225.996 343.125
1839 -222.44 360.112
1840 -224.482 359.656
1841 -238.665 346.045
1842 -238.277 350.827
1843 -227.867 353.367
1844 -222.101 353.205
1845 -238.972 354.789
1846 -229.52 355.22
1847 -237.624 350.908
1848 -230.001 345.367
1849 -219.744 351.759
1850 -220.372 356.916
1851 -239.654 350.767
1852 -221.625 353.172
1853 -224.924 355.63
1854 -235.85 345.573
1855 -230.498 363.419
1856 -218.901 352.148
1857 -222.176 346.505
1858 -220.103 359.233
1859 -227.289 344.146
1860 -230.037 345.312
1861 -234.564 351.54
1862 -232.392 353.187
1863 -240.354 350.573
1864 -228.974 352.937
1865 -231.97 346.235
1866 -228.199 349.832
1867 -226.259 348.291
1868 -234.441 355.198
1869 -227.101 357.365
1870 -223.27 345.573
1871 -220.382 355.844
1872 -230.083 363.865
1873 -219.703 348.538
1874 -228.447 347.278
1875 -233.6 363.234
1876 -224.079 357.64
1877 -237.316 347.93
1878 -231.874 358.141
1879 -227.556 351.609
1880 -225.739 344.878
1881 -219.189 348.88
1882 -233.81 346.232
1883 -223.635 351.862
1884 -239.659 355.829
1885 -222.847 360.824
1886 -221.772 358.826
1887 -226.941 349.546
1888 -221.25 356.25
1889 -223.099 350.965
1890 -234.252 354.573
1891 -224.01 357.418
1892 -229.234 356.075
1893 -219.19 355.461
1894 -239.18 355.081
1895 -235.729 344.833
1896 -237.153 359.203
1897 -235.919 361.424
1898 -228.774 355.238
1899 -238.933 348.88
1900 -225.341 363.133
1901 -221.186 347.678
1902 -231.197 354.892
1903 -225.433 355.857
1904 -229.608 344.475
1905 -220.685 355.292
1906 -232.819 359.776
1907 -239.151 351.007
1908 -221.633 352.762
1909 -227.264 347.218
1910 -237.004 350.597
1911 -227.342 346.958
1912 -229.84 353.244
1913 -240.204 351.048
1914 -227.825 345.539
1915 -223.451 358.796
1916 -230.917 351.44
1917 -230.635 343.014
1918 -225.504 356.012
1919 -240.337 350.325
1920 -223.195 360.783
1921 -230.327 355.835
1922 -223.964 360.488
1923 -228.416 345.037
1924 -223.666 361.813
1925 -223.747 361.41
1926 -235.228 355.274
1927 -227.507 363.689
1928 -229.208 345.085
1929 -232.08 346.979
1930 -233.179 355.215
1931 -220.191 351.985
1932 -220.818 348.281
1933 -225.096 357.203
1934 -236.424 344.408
1935 -232.299 363.731
1936 -230.625 346.39
1937 -228.328 358.623
1938 -235.828 351.339
1939 -222.319 347.966
1940 -224.311 357.316
1941 -219.285 352.669
1942 -218.542 355.363
1943 -225.612 344.753
1944 -234.612 359.169
1945 -221.772 359.091
1946 -232.243 342.909
1947 -232.469 344.607
1948 -237.827 349.995
1949 -236.806 348.272
1950 -235.208 358.679
1951 -236.058 360.564
1952 -236.472 352.855
1953 -226.013 352.493
1954 -240.121 357.813
1955 -232.673 350.71
1956 -238.048 356.493
1957 -234.579 360.568
1958 -226.764 343.426
1959 -240.047 352.493
1960 -227.408 346.534
1961 -219.927 347.936
1962 -229.521 356.234
1963 -232.215 344.268
1964 -231.211 360.712
1965 -233.578 359.82
1966 -219.363 351.141
1967 -233.016 342.903
1968 -229.241 352.91
1969 -233.134 342.72
1970 -222.137 348.113
1971 -227.686 354.793
1972 -228.971 354.765
1973 -228.106 355.728
1974 -221.653 348.179
1975 -233.642 358.927
1976 -227.425 356.043
1977 -228.996 356.166
1978 -219.887 358.108
1979 -222.144 357.114
1980 -228.485 349.253
1981 -221.427 358.311
1982 -219.013 352.461
1983 -237.091 352.571
1984 -231.615 362.033
1985 -222.28 353.001
1986 -239.476 355.279
1987 -222.529 350.176
1988 -234.59 353.117
1989 -228.769 352.31
1990 -236.785 357.01
1991 -236.087 352.915
1992 -219.163 351.784
1993 -222.666 359.761
1994 -234.551 357.801
1995 -232.103 350.386
1996 -221.619 353.306
1997 -232.032 363.849
1998 -225.59 358.287
1999 -232.171 342.257
2000 -236.623 358.432
2001 -223.991 356.073
2002 -238.902 356.888
2003 -227.131 343.968
2004 -232.661 360.529
2005 -223.388 349.804
2006 -234.201 348.226
2007 -223.868 358.535
2008 -221.783 354.018
2009 -232.477 348.96
2010 -220.221 346.929
2011 -233.21 363.564
2012 -224.726 355.511
2013 -237.787 360.927
2014 -229.181 358.66
2015 -233.907 358.869
2016 -233.479 345.044
2017 -236.296 345.979
2018 -219.244 352.023
2019 -239.792 353.639
2020 -237.859 349.441
2021 -236.082 344.679
2022 -224.537 361.015
2023 -237.049 359.504
2024 -229.737 342.83
2025 -225.064 358.91
2026 -238.232 357.172
2027 -231.208 347.016
2028 -221.578 359.956
2029 -236.069 358.712
2030 -226.465 356.561
2031 -229.576 347.994
2032 -226.81 349.264
2033 -219.189 348.367
2034 -227.895 345.391
2035 -231.49 350.429
2036 -237.733 360.723
2037 -221.567 355.786
2038 -235.478 361.066
2039 -228.479 352.594
2040 -236.288 358.561
2041 -226.731 347.459
2042 -220.428 347.057
2043 -236.34 344.275
2044 -232.082 351.085
2045 -223.101 362.645
2046 -218.936 355.882
2047 -235.655 362.668
2048 -223.736 358.844
2049 -220.561 358.278
2050 -232.576 353.588
2051 -229.776 360.936
2052 -233.541 357.823
2053 -239.332 347.784
2054 -225.713 349.411
2055 -235.519 359.039
2056 -219.146 355.831
2057 -220.715 355.323
2058 -221.301 352.681
2059 -226.759 350.125
2060 -228.969 342.027
2061 -237.39 355.419
2062 -219.528 347.631
2063 -226.107 344.827
2064 -226.693 342.202
2065 -232.337 351.645
2066 -233.906 355.465
2067 -221.885 350.32
2068 -231.17 351.884
2069 -231.439 354.687
2070 -226.181 347.051
2071 -230.596 343.783
2072 -237.166 345.25
2073 -220.678 346.918
2074 -234.729 354.033
2075 -234.02 347.404
2076 -239.056 354.345
2077 -218.92 350.403
2078 -238.313 351.63
2079 -222.888 346.293
2080 -239.552 352.677
2081 -234.512 360.408
2082 -226.511 358.887
2083 -222.829 355.501
2084 -226.324 347.087
2085 -222.661 346.585
2086 -238.004 354.363
2087 -234.321 353.7
2088 -218.639 356.197
2089 -222.035 358.564
2090 -230.011 362.125
2091 -231.806 349.192
2092 -228.419 363.402
2093 -237.827 360.734
2094 -227.214 356.749
2095 -238.04 358.431
2096 -229.16 357.58
2097 -227.658 343.631
2098 -225.297 349.714
2099 -233.993 344.609
2100 -235.059 359.656
2101 -239.39 347.245
2102 -230.451 342.318
2103 -229.825 343.565
2104 -219.241 348.923
2105 -223.824 345.587
2106 -230.981 362.904
2107 -239.037 354.998
2108 -236.868 349.628
2109 -239.36 353.884
2110 -225.537 356.249
2111 -230.109 353.963
2112 -236.481 347.073
2113 -221.329 345.857
2114 -230.635 362.428
2115 -229.474 344.194
2116 -230.044 347.714
2117 -238.901 355.809
2118 -232.166 355.662
2119 -220.24 348.963
2120 -228.966 352.352
2121 -223.603 350.037
2122 -235.231 359.155
2123 -232.689 355.29
2124 -219.028 354.083
2125 -228.68 357.896
2126 -235.916 352.345
2127 -234.5 350.333
2128 -222.252 353.402
2129 -223.449 345.92
2130 -218.967 356.587
2131 -221.528 353.906
2132 -237.326 345.428
2133 -236.847 347.118
2134 -226.606 354.241
2135 -223.031 350.172
2136 -232.263 343.675
2137 -219.128 355.904
2138 -237.68 353.791
2139 -221.524 354.407
2140 -227.853 360.107
2141 -235.931 344.349
2142 -240.215 349.381
2143 -223.924 360.769
2144 -235.717 348.095
2145 -231.188 362.01
2146 -240.172 356.471
2147 -235.462 360.461
2148 -240.082 355.91
2149 -229.783 343.766
2150 -230.234 355.337
2151 -228.96 344.599
2152 -227.783 349.255
2153 -229.053 357.723
2154 -223.428 358.777
2155 -227.466 355.303
2156 -237.772 353.08
2157 -222.857 348.761
2158 -235.855 352.995
2159 -219.653 347.949
2160 -231.39 346.777
2161 -225.264 360.114
2162 -234.366 355.857
2163 -230.742 342.086
2164 -229.69 362.663
2165 -228.415 358.517
2166 -225.596 344.914
2167 -225.076 360.686
2168 -233.882 360.957
2169 -236.988 354.44
2170 -236.575 349.852
2171 -224.434 354.426
2172 -235.098 360.044
2173 -219.992 359.43
2174 -238.038 355.182
2175 -238.694 346.973
2176 -238.649 350.912
2177 -229.928 356.29
2178 -225.157 360.414
2179 -222.018 345.08
2180 -237.246 349.839
2181 -236.749 348.079
2182 -227.615 353.552
2183 -227.013 360.458
2184 -236.343 347.48
2185 -219.001 353.368
