%%index real_part   imaginary_part
4531 4531 4531
1 -7.13 4.511
2 3.232 16.699
3 5.16 -10.286
4 -9.947 12.213
5 -5.057 -3.897
6 9.885 -4.822
7 -7.188 14.123
8 12.909 8.671
9 -5.084 4.781
10 -8.135 -4.63
11 26.76 3.622
12 21.189 8.133
13 29.447 2.505
14 1.912 24.297
15 5.632 3.237
16 15.634 4.978
17 -4.914 16.745
18 11.949 9.671
19 4.742 16.648
20 26.08 6.045
21 11.901 -9.268
22 7.825 15.089
23 26.427 3.002
24 20.726 -1.012
25 -1.578 -6.514
26 15.925 20.116
27 27.322 7.334
28 6.834 14.336
29 -12.242 2.237
30 13.961 3.742
31 13.145 5.789
32 18.712 4.607
33 6.7 16.169
34 9.179 23.76
35 25.494 5.335
36 21.917 22.432
37 22.046 19.4
38 29.487 4.843
39 -10.528 13.911
40 0.443 -6.236
41 9.297 22.905
42 1.34 17.385
43 17.851 -12.169
44 23.491 13.807
45 24.588 16.952
46 21.955 13.763
47 17.564 -0.429
48 17.068 14.801
49 14.156 15.897
50 -1.992 4.676
51 3.698 21.844
52 10.532 6.562
53 2.521 -3.605
54 -8.241 5.729
55 -11.012 -1.632
56 -5.977 -6.974
57 26.231 11.3
58 11.947 6.77
59 19.204 -5.748
60 26.71 -3.618
61 13.562 25.974
62 25.029 17.664
63 13.031 7.12
64 -2.347 6.844
65 -7.934 19.856
66 8.612 10.482
67 -10.213 3.086
68 17.276 19.463
69 3.28 -0.227
70 -10.301 12.142
71 24.276 16.044
72 11.152 13.904
73 2.346 11.319
74 -8.36 -4.811
75 11.122 -1.322
76 9.343 22.348
77 24.313 19.516
78 8.907 19.299
79 29.718 6.686
80 -7.5 1.163
81 -3.675 20.491
82 15.401 6.904
83 29.115 -1.035
84 4.021 5.246
85 12.399 18.907
86 -0.252 -12.547
87 -2.169 11.071
88 -6.145 0.879
89 20.505 18.151
90 4.468 9.837
91 22.723 -5.338
92 29.344 4.651
93 -5.681 1.893
94 15.904 -10.08
95 23.677 16.566
96 22.148 -9.821
97 19.741 4.383
98 16.47 -1.625
99 24.766 13.127
100 14.491 -10.264
101 19.172 22.929
102 6.01 -6.031
103 23.249 14.545
104 21.725 1.892
105 3.045 18.97
106 21.617 6.497
107 20.996 17.549
108 -1.719 18.892
109 -9.799 6.199
110 19.273 -8.985
111 19.268 10.975
112 20.985 18.219
113 -2.422 16.364
114 22.227 -2.304
115 8.931 23.47
116 2.717 0.753
117 -5.156 19.87
118 24.117 7.831
119 19.474 6.138
120 -2.86 8.279
121 24.286 -8.499
122 10.95 13.496
123 24.743 -7.412
124 1.699 -12.637
125 15.545 12.061
126 -5.33 8.455
127 22.144 8.144
128 0.782 20.462
129 5.313 0.749
130 11.203 11.397
131 -5.331 -3.205
132 0.916 -0.738
133 27.787 -1.82
134 -5.311 16.274
135 9.958 0.836
136 -4.461 14.384
137 27.381 6.609
138 -10.35 14.938
139 25.907 12.961
140 20.776 21.971
141 24.235 7.208
142 4.965 -3.706
143 15.992 18.873
144 -3.816 8.778
145 27.686 12.66
146 -2.014 -2.542
147 15.184 20.615
148 -5.467 4.068
149 2.652 17.952
150 24.065 -3.553
151 1.153 4.255
152 16.125 25.683
153 22 -6.376
154 20.386 10.639
155 -5.388 12.937
156 16.933 5.265
157 27.451 6.839
158 -9.313 8.981
159 10.907 -13.473
160 20.337 15.251
161 -5.471 -3.586
162 21.337 15.307
163 19.922 4.594
164 4.916 13.368
165 26.266 0.067
166 18.691 1.083
167 0.743 25.39
168 -6.162 3.187
169 24.712 12.961
170 13.711 -2.007
171 27.957 7.896
172 21.99 7.576
173 7.907 25.067
174 -7.039 0.385
175 8.011 -13.716
176 24.09 15.079
177 -6.893 12.61
178 -11.281 9.468
179 -6.645 20.631
180 24.074 17.771
181 19.158 -1.656
182 9.912 11.317
183 3.757 20.876
184 27 -1.016
185 28.793 -1.85
186 -7.86 10.016
187 27.774 9.963
188 6.174 2.752
189 -11.192 -0.182
190 25.611 19.358
191 12.62 5.811
192 11.634 -2.747
193 11.918 -9.735
194 -6.531 19.106
195 19.488 2.262
196 -0.424 -3.299
197 10.974 14.193
198 29.419 9.319
199 27.877 15.419
200 -10.681 14.698
201 11.851 24.729
202 -7.8 15.742
203 4.475 -10.955
204 -11.08 2.488
205 -8.052 6.87
206 22.346 4.609
207 13.789 13.494
208 -10.946 11.42
209 24.716 9.234
210 29.429 4.842
211 -4.074 2.919
212 4.316 16.031
213 -7.264 11.03
214 -6.359 2.933
215 -10.553 11.321
216 12.844 -11.121
217 24.335 10.957
218 -11.949 12.95
219 14.019 6.472
220 -6.239 7.615
221 20.496 -7.291
222 5.962 -12.061
223 12.357 25.033
224 -3.743 -4.524
225 -9.477 13.722
226 2.436 1.902
227 -6.321 -3.993
228 -1.043 -8.713
229 26.992 -4.1
230 -1.974 -8.446
231 19.631 18.412
232 2.399 1.843
233 1.967 11.151
234 -1.521 15.357
235 25.611 2.3
236 -5.222 16.897
237 15.501 6.596
238 27.245 11.158
239 7.862 0.517
240 7.523 11.465
241 1.514 6.755
242 -4.188 -9.5
243 1.272 0.193
244 15.698 -2.343
245 20.79 7.906
246 25.422 -4.025
247 23.078 2.522
248 28.585 11.889
249 -11.53 3.391
250 14.849 24.342
251 23.393 7.703
252 27.942 4.948
253 5.046 -5.88
254 5.36 17.64
255 -2.378 -6.275
256 20.15 -8.092
257 7.222 26.222
258 22.542 4.09
259 5.668 11.434
260 -4.628 -0.591
261 3.94 17.133
262 -2.341 -7.892
263 17.982 12.209
264 5.703 -1.694
265 20.089 2.472
266 5.253 -0.329
267 14.137 8.528
268 29.69 6.522
269 -10.204 -3.276
270 25.874 5.439
271 2.701 8.396
272 -10.689 5.032
273 -8.27 5.357
274 10.018 5.255
275 8.298 26.152
276 -0.656 8.493
277 9.127 19.701
278 10.375 26.264
279 0.35 -5.095
280 17.84 -4.294
281 9.644 -14.305
282 17.346 9.578
283 8.062 -3.441
284 12.201 20.751
285 -10.672 2.262
286 3.667 11.073
287 25.753 18.969
288 -9.199 -4.586
289 28.64 6.385
290 4.446 22.562
291 28.138 15.031
292 20.378 -3.077
293 22.326 20.154
294 -7.432 14.466
295 8.634 -8.661
296 13.79 19.232
297 0.602 22.471
298 15.025 23.389
299 15.479 -7.911
300 23.646 2.507
301 0.936 10.511
302 2.507 -3.859
303 19.506 -1.074
304 3.973 -8.487
305 -7.893 -7.028
306 2.038 19.96
307 10.279 0.469
308 23.594 19.304
309 2.066 -10.332
310 19.886 22.934
311 -1.324 -1.449
312 29.402 4.574
313 13.332 -9.567
314 -5.485 14.734
315 4.985 0.078
316 -2.905 20.971
317 12.485 10.914
318 29.581 4.476
319 13.298 7.079
320 8.127 -9.228
321 11.694 19.851
322 5.711 12.647
323 8.179 -14.091
324 -7.413 10.213
325 4.018 17.148
326 10.419 -3.173
327 26.083 8.176
328 -1.375 1.486
329 12.638 9.952
330 13.393 -2.408
331 -11.788 2.586
332 27.649 10.922
333 15.844 -7.252
334 27.184 16.739
335 24.764 15.102
336 17.761 2.086
337 25.422 -1.559
338 9.908 3.09
339 4.568 -5.074
340 24.389 -2.769
341 10.156 11.255
342 4.293 -5.016
343 12.353 -14.316
344 29.527 -0.275
345 11.534 17.523
346 16.591 16.018
347 19.844 23.807
348 23.825 -7.876
349 -11.212 13.081
350 28.568 5.433
351 21.008 21.795
352 15.197 15.891
353 -8.872 -0.584
354 13.29 -7.839
355 4.041 -12.776
356 10.662 -1.352
357 3.898 7.616
358 -3.499 -6.824
359 -3.033 2.076
360 25.779 3.804
361 16.672 0.885
362 5.356 1.495
363 1.434 -6.918
364 -9.25 -4.104
365 8.683 3.153
366 16.992 -9.502
367 -2.906 -2.61
368 23.68 -6.337
369 12.67 -5.724
370 5.63 -4.095
371 -1.828 11.635
372 -3.895 22.726
373 26.548 7.677
374 0.789 10.797
375 17.691 8.625
376 5.821 3.866
377 25.852 -3.517
378 4.948 -3.631
379 1.762 13.254
380 20.446 0.005
381 -0.523 -3.648
382 19.939 19.499
383 21.293 8.762
384 -6.705 4.677
385 -1.368 -6.781
386 16.888 19.948
387 -11.998 1.915
388 6.198 -8.672
389 -10.367 2.938
390 7.621 6.52
391 7.696 -2.146
392 -8.444 11.743
393 25.745 4.117
394 15.375 11.639
395 23.124 0.829
396 -9.77 16.779
397 16.895 8.619
398 0.981 23.298
399 27.162 1.018
400 -2.879 15.946
401 0.782 9.488
402 27.101 15.318
403 12.293 8.382
404 -9.946 2.974
405 26.445 12.818
406 -3.403 -7.965
407 22.65 7.226
408 11.111 12.856
409 21.092 7.273
410 21.564 11.177
411 2.95 -11.451
412 -6.694 7.012
413 29.561 11.307
414 6.785 -10.234
415 -12.185 0.252
416 -8.251 13.976
417 -5.568 -2.77
418 4.187 4.481
419 5.874 -5.157
420 4.588 1.864
421 16.739 18.64
422 -2.331 -8.525
423 20.774 1.01
424 -9.493 17.073
425 14.307 21.016
426 0.593 -3.809
427 17.944 13
428 6.601 20.68
429 -11.196 5.851
430 3.836 24.34
431 14.033 -13.67
432 -11.913 7.762
433 1.446 -2.046
434 -7.932 6.142
435 23.554 6.936
436 16.37 22.146
437 3.091 -7.919
438 7.767 7.188
439 -2.558 5.151
440 13.041 16.867
441 15.831 24.732
442 4.618 8.344
443 10.11 -0.947
444 -10.517 4.721
445 24.126 18.148
446 20.544 3.318
447 1.188 22.749
448 28.58 0.199
449 21.971 -6.408
450 28.499 1.653
451 27.123 14.848
452 -10.651 13.594
453 23.412 -2.841
454 19.818 8.29
455 -1.666 14.834
456 6.373 -9.186
457 1.566 6.007
458 27.785 1.577
459 4.089 12.78
460 -10.014 -1.516
461 26.209 11.263
462 18.964 6.889
463 7.435 14.875
464 -1.977 -11.968
465 25.095 13.167
466 3.055 -1.198
467 14.301 0.58
468 1.678 13.094
469 14.73 11.79
470 28.354 7.204
471 15.846 -2.937
472 -8.464 11.058
473 15.318 -0.32
474 16.61 -4.649
475 -10.462 2.891
476 22.091 11.491
477 17.002 9.923
478 -0.932 0.195
479 27.004 -4.956
480 -8.611 -4.38
481 17.682 -11.249
482 23.303 18.612
483 27.053 9.373
484 8.108 12.372
485 6.882 -7.131
486 23.22 -7.655
487 7.358 8.571
488 21.063 16.709
489 -3.913 16.798
490 7.88 -10.335
491 18.925 3.802
492 9.367 -11.064
493 6.812 17.36
494 5.904 10.511
495 3.408 -11.641
496 19.123 3.366
497 19.045 -8.606
498 22.636 6.041
499 12.44 19.905
500 23.602 14.172
501 -2.483 -6.904
502 16.637 23.612
503 21.94 10.588
504 28.692 4.371
505 24.095 -0.488
506 11.965 14.7
507 27.561 9.62
508 15.017 0.166
509 4.055 -1.904
510 -10.12 1.483
511 -0.738 22.65
512 -9.943 -1.752
513 -11.834 3.997
514 23.856 10.084
515 11.398 4.011
516 10.94 6.146
517 23.998 4.179
518 3.465 2.821
519 26.529 8.526
520 -0.077 -13.216
521 16.605 7.182
522 28.008 3.361
523 3.706 1.417
524 -5.415 12.471
525 18.868 -8.532
526 27.068 6.499
527 26.627 15.948
528 -3.921 4.559
529 5.003 23.218
530 23.331 20.643
531 23.571 2.788
532 13.043 19.751
533 25.415 -7.195
534 24.081 -8.137
535 -7.337 -2.294
536 9.338 7.96
537 4.028 7.044
538 28.478 6.631
539 7.821 22.268
540 12.967 20.365
541 6.431 19.921
542 18.343 -8.24
543 19.584 -0.469
544 9.705 16.49
545 29.05 0.315
546 16.314 -8.988
547 12.248 -2.421
548 22.013 13.652
549 28.436 9.937
550 26.074 17.043
551 0.322 -2.342
552 22.03 -10.414
553 -2.985 20.016
554 28.502 1.855
555 -7.228 10.02
556 -2.968 -6.53
557 -1.57 14.414
558 -3.612 0.465
559 4.412 2.149
560 7.676 9.93
561 12.448 0.215
562 6.079 10.755
563 28.582 9.566
564 5.228 -9.659
565 -9.531 6.161
566 8.499 1.917
567 7.812 -10.885
568 9.283 12.821
569 2.268 7.089
570 28.624 13.449
571 -6.944 0.011
572 -7.082 2.645
573 8.313 -11.407
574 9.653 3.424
575 11.861 25.529
576 -5.243 7.987
577 24.048 20.923
578 3.754 -0.639
579 4.64 -10.204
580 13.36 12.704
581 11.514 9.059
582 28.039 14.887
583 -11.063 9.156
584 -11.092 12.576
585 -8.192 14.691
586 -8.843 -4.926
587 -9.572 0.056
588 -4.653 -10.684
589 12.847 -11.215
590 3.653 25.546
591 -4.842 2.635
592 0.183 17.897
593 -4.058 -10.745
594 -7.536 6.401
595 -3.413 7.215
596 14.081 24.057
597 -2.611 21.573
598 16.816 8.368
599 -7.793 -4.417
600 11.411 2.73
601 -6.872 16.195
602 4.701 -13.165
603 1.089 5.276
604 -3.599 -1.801
605 14.495 -5.171
606 16.584 13.2
607 14.009 10.811
608 15.371 19.122
609 20.183 12.474
610 7.115 16.665
611 0.661 1.739
612 6.86 -14.446
613 11.522 24.825
614 -1.771 21.363
615 5.74 -12.434
616 27.698 0.773
617 17.315 14.242
618 -8.66 6.819
619 25.739 -0.882
620 21.58 22.865
621 17.382 -6.97
622 16.455 18.285
623 9.95 21.049
624 8.108 2.71
625 23.417 -0.761
626 19.881 2.451
627 13.101 3.619
628 23.549 15.543
629 12.027 5.386
630 23.935 19.429
631 26.706 13.292
632 -1.373 4.489
633 26.85 -2.869
634 1.534 17.76
635 29.639 11.128
636 -6.356 17.174
637 -6.803 -5.748
638 12.127 26.855
639 2.374 -9.665
640 6.004 -11.616
641 18.532 12.458
642 24.34 3.729
643 15.801 19.574
644 -5.041 19.893
645 -6.507 15.406
646 24.61 -5.054
647 10.502 21.06
648 -4.86 2.302
649 -11.775 5.904
650 -11.344 -1.328
651 -7.085 11.007
652 -2.27 0.732
653 23.983 2.411
654 27.378 12.709
655 -0.975 14.906
656 20.535 -8.052
657 16.201 15.13
658 12.305 -1.396
659 -3.977 6.988
660 10.745 -1.97
661 5.102 7.081
662 20.287 -0.686
663 1.468 -8.57
664 16.285 -3.083
665 -6.735 16.262
666 5.36 20.782
667 15.502 -13.81
668 -10.644 1.615
669 2.697 5.356
670 0.773 11.203
671 12.009 16.649
672 -8.362 14.187
673 22.386 -2.315
674 -9.727 14.467
675 25.957 18.356
676 13.847 -8.968
677 -2.176 10.092
678 23.028 17.105
679 20.511 10.739
680 20.93 1.205
681 -11.348 -1.224
682 25.293 11.128
683 -3.584 4.268
684 27.316 6.932
685 20.398 -9.721
686 4.708 25.87
687 23.024 17.027
688 0.844 -12.679
689 -5.547 6.875
690 -4.856 14.97
691 3.893 -11.048
692 -12.017 11.62
693 14.447 17.072
694 11.256 7.893
695 -2.172 -1.643
696 -7.361 19.48
697 -3.486 17.275
698 23.802 16.782
699 20.038 14.036
700 23.252 0.824
701 17.088 -1.672
702 -5.809 16.032
703 6.544 26.605
704 15.084 25.724
705 26.532 12.089
706 -8.865 9.123
707 23.792 19.661
708 5.564 8.503
709 -5.702 15.395
710 15.18 12.436
711 5.927 5.37
712 17.219 -13.081
713 2.028 -12.143
714 27.132 5.435
715 2.956 -9.73
716 0.32 18.827
717 7.976 -1.19
718 -10.622 12.544
719 14.111 -1.677
720 0.855 12.489
721 19.015 17.897
722 22.987 -6.833
723 12.776 8.686
724 7.238 17.661
725 -4.708 0.833
726 -3.447 22.672
727 6.498 13.767
728 12.194 7.059
729 -4.508 -6.766
730 27.86 14.582
731 -8.126 3.674
732 -9.402 8.969
733 -4.807 14.439
734 -4.464 22.987
735 -5.078 10.26
736 10.456 16.01
737 -2.599 -10.516
738 23.814 5.671
739 0.015 15.004
740 21.728 19.144
741 -8.08 8.317
742 11.786 25.158
743 -9.032 13.488
744 -4.71 5.491
745 6.755 16.592
746 17.858 19.054
747 17.662 -7.407
748 26.476 13.51
749 0.896 22.276
750 -8.752 8.457
751 3.822 1.199
752 2.584 -10.847
753 17.068 -1.897
754 -9.329 5.998
755 -6.98 7.966
756 -0.926 -4.718
757 -7.923 -0.449
758 5.249 -13.461
759 16.294 15.465
760 22.305 -2.197
761 27.192 9.058
762 -4.661 2.429
763 10.907 23.921
764 16.103 16.39
765 0.399 21.229
766 27.834 11.225
767 -1.216 0.632
768 23.093 0.872
769 18.097 -8.04
770 4.433 10.574
771 5.238 19.011
772 25.224 14.595
773 -1.859 -7.652
774 26.957 14.7
775 18.01 7.398
776 12.721 -3.149
777 0.32 4.191
778 28.237 9.545
779 -7.145 -7.218
780 25.401 8.898
781 -0.608 -4.306
782 20.22 8.09
783 -1.692 -1.094
784 21.456 19.462
785 -2.397 16.207
786 10.742 -5.636
787 15.104 -10.962
788 20.458 -11.999
789 -3.379 9.982
790 24.398 0.29
791 7.116 -5.56
792 8.341 -5.83
793 27.733 12.515
794 7.241 21.242
795 10.795 -1.249
796 13.505 -5.2
797 6.834 22.834
798 7.423 -11.36
799 -1.962 -2.627
800 24.381 8.325
801 4.892 -4.999
802 24.785 -4.555
803 29.534 10.889
804 13.137 -12.804
805 19.713 -3.221
806 1.202 19.575
807 -8.817 12.029
808 -0.274 -1.194
809 20.287 22.249
810 -7.049 19.06
811 -3.576 -0.208
812 16.482 18.368
813 28.089 8.716
814 -0.488 5.175
815 26.937 -0.329
816 8.947 17.121
817 4.32 19.065
818 -9.794 1.157
819 -12.048 8.906
820 3.324 -12.31
821 -8.833 3.993
822 22.76 -3.572
823 11.773 18.14
824 -9.388 12.713
825 6.1 -10.447
826 -4.524 3.639
827 8.398 -9.279
828 -3.808 15.867
829 -3.23 -6.26
830 -4.673 3.079
831 5.303 23.045
832 10.412 -14.451
833 13.628 -14.184
834 24.273 -1.55
835 25.548 -3.33
836 -3.031 5.825
837 19.512 -9.429
838 12.352 -8.336
839 -1.377 23.958
840 22.229 8.157
841 -8.922 3.108
842 19.974 -1.423
843 -10.884 13.109
844 -11.565 6.472
845 4.017 11.318
846 11.337 18.736
847 2.348 21.855
848 -10.722 3.027
849 -4.972 21.662
850 5.433 14.347
851 2.547 15.663
852 -8.36 7.623
853 20.775 -0.855
854 -0.215 -5.708
855 16.729 17.276
856 17.017 8.919
857 7.624 8.287
858 1.363 12.043
859 5.936 -5.109
860 1.539 11.766
861 0.707 17.58
862 1.819 -12.024
863 -1.819 10.713
864 1.834 -0.179
865 24.657 13.134
866 4.928 16.559
867 -7.503 8.855
868 -10.666 12.024
869 17.332 -8.116
870 -5.51 -8.777
871 18.879 -7.99
872 -8.092 -2.414
873 -3.251 -2.397
874 22.815 17.754
875 7.11 15.105
876 -3.202 22.514
877 -4.001 1.247
878 23.208 20.135
879 -6.987 -0.015
880 -10.91 9.005
881 13.063 3.219
882 2.025 10.427
883 27.586 2.578
884 -8.93 -2.675
885 21.654 19.442
886 18.044 20.358
887 26.793 7.286
888 27.24 12.039
889 21.784 -4.942
890 8.795 7.8
891 11.991 -1.698
892 28.247 -3.382
893 15.887 -10.821
894 29.491 11.545
895 11.992 -4.869
896 2.257 9.294
897 19.169 -5.992
898 11.045 -2.403
899 23.102 1.809
900 12.912 6.658
901 19.131 6.489
902 23.451 -1.317
903 21.958 2.915
904 7.939 18.932
905 29.056 5.275
906 23.156 4.453
907 28.666 12.367
908 5.076 15.136
909 0.525 9.558
910 -10.632 11.248
911 -6.027 6.347
912 29.153 2.855
913 23.646 -4.719
914 16.434 13.469
915 10.442 1.56
916 8.518 20.125
917 24.996 13.706
918 -2.88 -6.276
919 -7.554 17.292
920 20.993 9.147
921 7.079 -5.852
922 9.923 16.687
923 18.247 1.035
924 11.145 -9.511
925 14.216 10.353
926 5.21 25.827
927 -10.868 12.226
928 -6.174 9.381
929 10.329 8.274
930 15.642 16.025
931 10.531 3.5
932 -11.697 9.577
933 23.667 2.286
934 27.001 3.374
935 17.751 5.564
936 -9.843 12.844
937 -7.018 -2.306
938 2.948 -6.783
939 14.41 15.139
940 15.73 -0.077
941 10.09 -8.087
942 19.42 20.839
943 16.651 4.374
944 4.939 26.37
945 -2.559 -3.917
946 28.096 0.332
947 29.067 8.845
948 -7.141 7.954
949 9.801 -7.203
950 8.841 -4.449
951 22.758 -9.572
952 4.487 -5.077
953 5.117 -2.981
954 22.427 22.365
955 -11.422 10.699
956 16.576 -11.619
957 17.138 -3.655
958 9.302 -2.585
959 25.616 -0.114
960 27.834 6.377
961 29.269 4.95
962 3.027 8.598
963 12.42 23.253
964 -2.923 -11.782
965 9.132 8.272
966 7.494 16.254
967 4.723 -4.309
968 -1.173 -0.182
969 19.836 -5.02
970 28.438 1.619
971 -9.534 0.736
972 23.594 -6.696
973 -11.448 1.079
974 -7.089 -7.253
975 19.984 -1.656
976 -6.566 -7.306
977 -3.387 1.436
978 11.031 19.21
979 12.665 2.801
980 17.607 14.744
981 19.597 0.814
982 22.282 8.581
983 -4.966 21.303
984 3.959 16.758
985 2.45 -0.726
986 9.354 11.497
987 26.851 -0.04
988 -3.206 -5.746
989 24.242 -8.547
990 4.016 -3.2
991 2.019 7.129
992 22.201 12.098
993 26.3 9.683
994 6.27 -8.786
995 22.318 2.375
996 0.071 13.679
997 21.74 5.775
998 -8.971 15.849
999 1.458 -3.976
1000 26.958 8.549
1001 -6.516 -6.673
1002 8.616 18.002
1003 15.722 14.578
1004 19.437 18.821
1005 25.926 0.218
1006 14.557 18.024
1007 -7.875 17.898
1008 13.164 1.028
1009 -0.3 8.749
1010 15.541 22.563
1011 15.173 20.793
1012 3.629 -11.196
1013 16.103 -8.899
1014 -6.575 8.991
1015 -5.892 -3.109
1016 -9.958 13.087
1017 -1.043 -0.592
1018 1.44 14.078
1019 25.387 10.574
1020 0.543 -6.408
1021 -0.714 6.1
1022 13.668 18.034
1023 13.425 20.968
1024 20.015 5.181
1025 -5.512 12.345
1026 -10.181 9.628
1027 -11.266 5.321
1028 20.414 11.107
1029 -7.358 7.24
1030 4.73 22.938
1031 8.612 9.134
1032 26.055 14.164
1033 27.451 6.463
1034 -0.552 23.551
1035 -1.266 2.513
1036 0.069 -2.162
1037 24.891 4.86
1038 18.767 22.912
1039 3.396 22.262
1040 16.09 8.225
1041 25.028 -3.406
1042 23.224 14.222
1043 -11.803 7.521
1044 -5.271 6.318
1045 -6.054 13.379
1046 13.626 14.68
1047 5.394 17.888
1048 8.814 16.469
1049 -7.126 5.344
1050 2.551 16.191
1051 10.38 -5.284
1052 5.282 25.517
1053 1.322 -13.418
1054 -8.808 14.885
1055 5.636 11.286
1056 2.79 -5.605
1057 8.102 -4.159
1058 14.579 -1.249
1059 11.857 -11.844
1060 21.575 -0.172
1061 21.348 -8.262
1062 -11.007 6.394
1063 19.362 5.922
1064 4.944 -11.382
1065 -3.558 23.949
1066 27.682 -4.329
1067 14.17 3.653
1068 21.27 11.877
1069 -7.425 7.006
1070 29.726 3.547
1071 -12.052 -0.19
1072 23.3 -9.36
1073 7.571 24.698
1074 27.948 12.881
1075 -5.463 -9.273
1076 25.185 -2.937
1077 16.73 7.219
1078 -10.313 -3.602
1079 23.642 -1.771
1080 -10.68 -1.681
1081 16.231 23.044
1082 12.495 12.705
1083 2.228 -13.749
1084 24.216 -5.273
1085 7.405 -1.812
1086 -6.133 1.43
1087 9.994 -8.599
1088 -1.79 -12.608
1089 18.098 -2.082
1090 13.316 8.134
1091 -0.381 21.396
1092 20.655 -4.129
1093 5.222 15.981
1094 14.791 2.488
1095 19.684 11.69
1096 -9.355 5.152
1097 20.687 3.721
1098 26.155 -2.972
1099 -1.913 -6.191
1100 15.478 -4.524
1101 29.697 3.655
1102 -10.026 6.032
1103 8.42 2.111
1104 3.362 9.86
1105 18.104 -6.209
1106 19.642 12.027
1107 29.34 -0.477
1108 4.848 -5.308
1109 13.594 1.43
1110 -8.123 -0.035
1111 -10.942 0.415
1112 5.375 24.729
1113 19.025 -0.87
1114 25.558 13.75
1115 5.917 23.475
1116 15.315 0.739
1117 27.524 14.76
1118 28.519 7.822
1119 28.157 15.864
1120 28.941 8.863
1121 6.85 13.041
1122 -11.95 10.485
1123 11.46 2.083
1124 -4.362 -0.446
1125 -4.973 7.533
1126 -3.97 22.304
1127 -5.733 16.614
1128 5.97 23.871
1129 -9.533 0.287
1130 17.795 3.186
1131 -7.777 17.439
1132 13.346 25.497
1133 22.18 3.187
1134 19.181 7.63
1135 -11.904 0.707
1136 23.165 9.762
1137 -1.695 -12.655
1138 18.762 11.978
1139 12.284 17.502
1140 -1.272 17.829
1141 13.825 1.043
1142 2.625 22.8
1143 -4.801 15.862
1144 -8.522 3.334
1145 7.93 26.884
1146 15.226 -7.077
1147 4.101 18.9
1148 15.02 20.447
1149 13.461 0.091
1150 -5.607 20.291
1151 1.582 7.198
1152 22.222 2.192
1153 -1.151 -10.478
1154 15.644 -8.768
1155 22.869 -3.539
1156 0.985 13.142
1157 -4.007 17.664
1158 19.2 15.67
1159 10.201 -7.089
1160 10.174 11.594
1161 28.675 13.405
1162 28.363 0.257
1163 -8.458 5.117
1164 -1.883 -4.423
1165 11.517 9.153
1166 7.987 7.92
1167 5.336 17.868
1168 -0.52 4.131
1169 9.625 -5.395
1170 -5.064 2.018
1171 23.208 10.644
1172 6.143 7.158
1173 23.595 21.676
1174 -3.754 5.825
1175 2.129 7.08
1176 29.595 9.409
1177 26.311 -0.266
1178 -2.908 2.572
1179 -4.43 -10.561
1180 10.227 21.837
1181 -0.648 8.957
1182 24.201 -8.118
1183 0.209 -1.288
1184 22.587 14.487
1185 8.941 18.858
1186 17.44 0.681
1187 4.378 -5.334
1188 11.038 4.799
1189 -0.303 1.734
1190 20.731 8.28
1191 -0.197 25.612
1192 13.354 12.915
1193 -1.823 17.024
1194 11.797 20.836
1195 29.014 4.379
1196 0.042 -12.971
1197 -9.947 -4.944
1198 -1.587 -10.257
1199 3.591 -9.746
1200 1.061 22.291
1201 -10.052 16.848
1202 10.453 0.379
1203 18.945 20.278
1204 10.501 18.988
1205 -6.453 -6.831
1206 -11.773 10.472
1207 5.075 -3.123
1208 -3.496 -5.924
1209 -6.7 -5.223
1210 12.547 -6.853
1211 4.949 15.274
1212 18.82 12.352
1213 -0.461 -12.491
1214 0.113 13.712
1215 -2.798 11.971
1216 -3.218 10.137
1217 6.716 -12.248
1218 11.995 20.554
1219 -6.198 -5.304
1220 7.289 6.347
1221 19.281 21.702
1222 -11.77 0.843
1223 -12.22 3.841
1224 0.36 22.003
1225 -1.977 18.282
1226 -6.318 -3.372
1227 -11.636 2.289
1228 -0.299 6.168
1229 -0.514 4.899
1230 5.743 -11.15
1231 10.473 15.562
1232 11.044 23.86
1233 4.862 2.653
1234 7.05 7.619
1235 8.64 -11.583
1236 23.477 10.711
1237 10.712 -3.101
1238 28.157 8.621
1239 1.476 7.622
1240 14.544 -11.296
1241 4.404 10.961
1242 -9.975 -4.781
1243 22 22.289
1244 7.622 -3.998
1245 0.217 20.058
1246 8.038 10.449
1247 26.306 18.879
1248 -2.525 9.411
1249 16.904 -11.964
1250 27.044 10.389
1251 27.842 15.578
1252 15.475 -12.312
1253 -11.642 12.549
1254 -4.372 -2.74
1255 18.513 13.408
1256 6.238 -9.632
1257 20.932 -5.251
1258 19.426 18.077
1259 1.71 6.72
1260 26.673 8.375
1261 18.844 5.903
1262 7.105 15.246
1263 2.577 17.446
1264 25.215 0.675
1265 20.465 11.883
1266 25.304 1.08
1267 7.413 19.71
1268 18.762 22.279
1269 -11.63 2.297
1270 19.652 -4.758
1271 11.695 3.915
1272 -10.603 15.816
1273 4.048 -2.84
1274 8.72 -12.555
1275 -7.367 14.304
1276 12.793 25.966
1277 9.402 -14.125
1278 8.412 8.36
1279 15.174 12.072
1280 10.942 -6.198
1281 1.44 -6.855
1282 17.234 -13.006
1283 6.006 -0.084
1284 10.983 10.913
1285 8.809 -3.2
1286 21.655 -9.033
1287 24.742 9.485
1288 -6.963 14.162
1289 -1.335 12.66
1290 -4.394 -5.877
1291 1.056 22.35
1292 13.098 13.544
1293 11.391 3.815
1294 4.079 -2.637
1295 27.761 -2.932
1296 27.894 3.574
1297 28.552 5.144
1298 5.28 7.509
1299 -5.307 19.766
1300 26.214 -2.194
1301 22.497 20.058
1302 6.79 18.784
1303 12.258 -2.401
1304 6.221 10.612
1305 20.999 10.628
1306 23.288 19.558
1307 16.088 7
1308 -4.607 3.332
1309 5.813 -13.227
1310 12.862 23.896
1311 1.304 11.679
1312 9.211 14.629
1313 2.918 26.513
1314 16.486 14.317
1315 -5.016 21.987
1316 0.519 14.255
1317 21.821 17.065
1318 16.934 22.21
1319 -1.525 15.28
1320 -2.505 9.529
1321 12.258 -7.783
1322 -6.382 9.429
1323 7.612 -0.023
1324 -5.689 7.186
1325 18.85 8.425
1326 1.519 -4.296
1327 7.503 -14.271
1328 -6.104 -6.887
1329 -0.109 -12.692
1330 22.857 20.536
1331 7.492 5.059
1332 27.927 13.531
1333 24.468 20.616
1334 21.685 -6.484
1335 -11.457 10.36
1336 13.29 9.45
1337 11.003 -7.715
1338 26.704 11.338
1339 4.221 17.232
1340 -8.374 -4.364
1341 5.659 14.495
1342 5.139 7.263
1343 1.651 7.878
1344 13.96 7.389
1345 -5.089 -1.234
1346 14.147 -0.358
1347 15.291 12.984
1348 12.445 17.858
1349 2.702 23.515
1350 25.423 5.873
1351 -9.022 14.762
1352 4.048 12.825
1353 6.775 9.01
1354 1.401 13.65
1355 2.776 19.906
1356 28.074 10.806
1357 7.262 17.354
1358 11.543 24.284
1359 16.927 -7.253
1360 28.289 3.902
1361 3.894 11.238
1362 26.214 3.579
1363 -12.143 9.458
1364 8.83 3.41
1365 13.381 23.081
1366 2.606 4.277
1367 29.504 5.094
1368 7.684 -11.189
1369 -2.727 9.423
1370 27.406 1.564
1371 19.259 -4.768
1372 -0.128 -2.244
1373 13.093 24.313
1374 -3.309 -10.514
1375 -6.626 4.159
1376 8.611 -11.014
1377 -12.072 11.585
1378 5.751 19.378
1379 6.468 -10.183
1380 6.529 6.993
1381 -9.367 3.243
1382 -4.312 -0.667
1383 4.344 -12.529
1384 27.623 16.809
1385 29.418 -0.526
1386 21.505 -5.881
1387 18.491 -2.523
1388 5.896 -7.231
1389 26.264 11.794
1390 -0.225 -6.339
1391 25.056 -6.576
1392 11.496 15.253
1393 -10.749 12.461
1394 3.7 3.355
1395 22.844 1.894
1396 5.35 17.594
1397 -8.938 17.841
1398 17.293 -4.342
1399 15.486 5.562
1400 1.083 22.656
1401 5.913 18.095
1402 25.901 -1.355
1403 23.346 7.925
1404 -4.41 11.261
1405 10.352 -6.809
1406 25.724 8.754
1407 22.153 -8.954
1408 7.149 -13.265
1409 -8.697 15.972
1410 7.283 6.223
1411 8.598 -1.765
1412 17.111 13.457
1413 -10.099 3.13
1414 -6.384 -0.62
1415 9.256 -14.665
1416 2.201 -10.871
1417 0.447 -3.92
1418 20.259 23.862
1419 -1.261 14.298
1420 4.73 10.715
1421 3.657 -5.371
1422 28.298 7.44
1423 22.649 9.542
1424 -11.297 13.472
1425 19.345 4.877
1426 25.975 18.498
1427 -1.876 3.039
1428 12.995 17.164
1429 -11.231 11.889
1430 25.964 13.963
1431 14.524 7.645
1432 22.009 6.847
1433 6.873 -13.72
1434 7.781 4.309
1435 -0.984 -11.892
1436 14.415 -12.023
1437 1.441 -9.529
1438 13.683 0.279
1439 10.44 -9.557
1440 9.573 18.562
1441 -8.639 6.153
1442 20.941 2.748
1443 6.241 -3.61
1444 -5.814 13.172
1445 15.631 14.423
1446 8.191 -13.93
1447 15.599 -10.579
1448 -4.507 0.246
1449 -3.393 16.652
1450 2.984 4.387
1451 17.486 -6.126
1452 -3.821 1.798
1453 16.087 21.646
1454 23.506 9.497
1455 27.151 6.684
1456 6.813 -6.333
1457 -7.962 -1.739
1458 -5.21 20.4
1459 10.013 -13.702
1460 -4.441 10.638
1461 4.856 10.776
1462 -9.832 -3.988
1463 16.793 24.344
1464 -0.727 20.383
1465 9.103 2.036
1466 0.911 0.636
1467 -9.859 2.062
1468 5.417 0.995
1469 6.169 -14.555
1470 25.498 -7.471
1471 20.951 17.502
1472 8.539 9.191
1473 8.375 15.581
1474 16.312 16.64
1475 17.45 1.352
1476 10.595 19.936
1477 6.951 4.085
1478 12.122 -8.423
1479 11.64 16.982
1480 14.252 22.72
1481 -4.651 -7.77
1482 10.689 3.513
1483 22.429 20.404
1484 0.952 -13.683
1485 8.55 4.178
1486 3.051 -7.878
1487 24.257 15.041
1488 -1.356 22.267
1489 16.155 8.441
1490 20.535 0.607
1491 -9.325 17.747
1492 8.244 15.119
1493 -10.995 7.954
1494 7.847 -7.006
1495 17.485 13.152
1496 5.573 6.32
1497 8.574 -11.308
1498 11.132 -7.807
1499 2.239 -6.009
1500 19.425 -9.373
1501 19.861 10.836
1502 17.599 14.129
1503 10.33 21.454
1504 10.144 -4.045
1505 -4.508 15.53
1506 26.139 10.45
1507 17.332 13.593
1508 20.379 -8.059
1509 0.443 -12.136
1510 28.179 8.121
1511 11.636 8.146
1512 -16.181 15.736
1513 -15.442 8.128
1514 21.27 20.068
1515 1.897 26.351
1516 19.408 13.413
1517 -7.064 0.799
1518 -13.956 29.017
1519 5.931 37.356
1520 -2.674 6.917
1521 -9.357 19.621
1522 19.172 24.562
1523 21.843 20.063
1524 -16.354 20.403
1525 15.104 17.156
1526 8.696 37.115
1527 13.495 35.049
1528 16.798 5.671
1529 18.511 15.193
1530 19.994 29.267
1531 3.637 12.33
1532 -2.318 16.842
1533 3.743 15.843
1534 -9.212 8.704
1535 -10.728 20.556
1536 -13.821 31.064
1537 -6.178 29.676
1538 -13.231 27.671
1539 -2.9 30.891
1540 7.48 21.395
1541 -0.4 8.755
1542 2.889 33.722
1543 23.31 12.184
1544 3.871 16.512
1545 18.464 5.105
1546 18.814 16.412
1547 -2.898 9.672
1548 4.594 29.264
1549 16.988 28.361
1550 23.121 22.803
1551 21.71 21.223
1552 4.212 22.292
1553 -2.218 38.384
1554 -17.096 23.778
1555 -7.796 16.88
1556 -12.821 14.942
1557 19.606 30.644
1558 -17.135 21.098
1559 -4.7 14.27
1560 -5.018 1.756
1561 10.274 16.336
1562 -14.592 9.24
1563 -8.54 3.178
1564 15.336 12.435
1565 -17.649 23.257
1566 -14.642 7.623
1567 -9.953 10.647
1568 15.553 28.683
1569 -18.223 13.851
1570 21.855 22.327
1571 6.219 29.509
1572 8.452 20.084
1573 10.701 3.367
1574 18.695 15.568
1575 1.471 13.986
1576 10.46 3.786
1577 5.111 18.252
1578 2.02 23.023
1579 19.435 17.295
1580 16.314 27.002
1581 0.236 20.668
1582 22.068 23.138
1583 -8.884 19.712
1584 -10.194 0.947
1585 8.712 28.932
1586 -16.869 20.274
1587 -7.763 32.852
1588 20.834 16.956
1589 -3.122 30.441
1590 9.527 19.82
1591 18.439 13.22
1592 8.165 35.321
1593 10.561 9.127
1594 1.516 36.765
1595 19.192 8.928
1596 -16.747 8.073
1597 -7.53 1.544
1598 15.303 10.507
1599 -10.793 16.025
1600 -4.166 6.862
1601 -15.183 21.837
1602 -11.508 21.39
1603 -3.496 17.323
1604 3.65 12.77
1605 -4.322 16.089
1606 13.385 7.682
1607 -5.737 30.519
1608 -3.291 11.973
1609 -16.666 14.389
1610 0.9 1.379
1611 -6.807 0.691
1612 22.684 24.669
1613 -13.285 6.344
1614 -8.685 2.126
1615 22.697 25.45
1616 -16.042 26.567
1617 3.054 19.71
1618 16.894 9.15
1619 13.701 28.19
1620 18.128 22.7
1621 8.146 6.892
1622 16.402 5.703
1623 13.447 18.748
1624 22.289 19.303
1625 -6.127 4.198
1626 21.349 17.252
1627 -0.519 0.335
1628 15.504 23.443
1629 2.287 29.79
1630 3.957 13.835
1631 -2.53 33.554
1632 -5.861 2.533
1633 17.517 24.763
1634 -5.98 35.855
1635 4.162 14.107
1636 -16.229 11.103
1637 -12.231 6.548
1638 -18.119 22.901
1639 8.601 20.574
1640 -9.588 25.204
1641 16.381 14.726
1642 -10.464 14.744
1643 20.715 11.756
1644 -12.187 15.719
1645 -7.179 36.359
1646 -4.409 7.584
1647 1.657 21.504
1648 14.393 4.568
1649 11.025 0.56
1650 -11.537 5.21
1651 21.627 12.13
1652 10.605 5.372
1653 -5.944 17.171
1654 -17.233 16.241
1655 -14.586 28.983
1656 16.679 23.415
1657 -8.47 33.855
1658 -12.253 20.366
1659 -2.029 15.632
1660 -1.737 21.802
1661 -10.686 32.511
1662 10.3 16.387
1663 -8.877 17.109
1664 -17.002 9.085
1665 -15.505 19.307
1666 -3.055 18.391
1667 -4.543 2.534
1668 -15.458 14.921
1669 -18.242 12.82
1670 8.926 35.164
1671 2.46 32.094
1672 -16.705 20.04
1673 -3.771 24.091
1674 6.018 1.62
1675 9.597 16.764
1676 9.537 0.406
1677 -14.607 19.706
1678 12.349 14.287
1679 -17.559 23.581
1680 -11.16 31.597
1681 20.614 9.773
1682 2.203 11.504
1683 11.883 8.525
1684 19.829 11.848
1685 2.626 7.005
1686 21.083 24.372
1687 -2.865 8.347
1688 13.22 -1.074
1689 -12.923 30.405
1690 19.338 29.869
1691 -8.983 3.776
1692 -15.115 6.078
1693 22.657 9.98
1694 -5.334 7.314
1695 3.349 23.052
1696 -14.939 11.015
1697 -13.776 21.058
1698 7.005 27.35
1699 -18.609 17.526
1700 -17.299 14.787
1701 -1.021 31.005
1702 8.696 36.382
1703 -15.38 16.155
1704 22.915 11.35
1705 7.292 19.189
1706 -15.973 19.947
1707 -11.746 31.782
1708 15.241 20.402
1709 -5.577 16.635
1710 22.806 22.628
1711 -17.814 21.61
1712 21.727 22.451
1713 4.035 27.904
1714 -16.807 17.014
1715 -3.906 16.284
1716 5.476 29.441
1717 12.234 2.001
1718 -6.544 8.822
1719 -6.444 10.518
1720 11.762 30.5
1721 5.281 12.891
1722 3.605 25.748
1723 0.788 14.668
1724 -16.574 25.124
1725 1.078 34.806
1726 -6.742 -1.293
1727 6.485 37.463
1728 -7.058 27.632
1729 3.365 28.459
1730 0.815 22.143
1731 7.027 15.168
1732 19.314 11.917
1733 3.793 38.16
1734 20.938 10.531
1735 8.3 30.258
1736 -2.529 21.729
1737 -11.617 15.832
1738 9.745 36.027
1739 -7.13 13.676
1740 4.881 36.065
1741 -15.997 26.871
1742 9.034 -0.31
1743 9.338 13.356
1744 -12.444 24.145
1745 -18.195 21.692
1746 -14.968 24.021
1747 -18.564 23.296
1748 1.546 21.429
1749 20.936 12.218
1750 1.726 3.466
1751 -4.361 22.511
1752 -0.901 23.343
1753 -13.307 22.141
1754 12.751 1.157
1755 0.507 25.145
1756 3.208 -1.515
1757 -16.502 27.701
1758 -7.448 13.217
1759 -6.764 34.091
1760 23.011 12.121
1761 0.608 16.659
1762 13.89 12.516
1763 13.394 34.083
1764 -7.189 -0.623
1765 18.319 17.942
1766 21.626 19.33
1767 1.637 34.808
1768 -6.13 25.724
1769 -18.051 18.771
1770 8.968 32.355
1771 -9.228 2.806
1772 4.391 22.583
1773 2.157 37.787
1774 14.605 17.89
1775 5.888 28.374
1776 -0.371 -1.936
1777 -14.444 28.116
1778 -5.601 25.084
1779 6.554 3.285
1780 -10.796 6.115
1781 -1.456 8.496
1782 -9.775 23.414
1783 8.801 12.646
1784 -11.162 8.658
1785 -15.994 8.234
1786 -1.563 -1.894
1787 23.193 14.634
1788 10.979 17.624
1789 -1.625 19.881
1790 -13.977 30.168
1791 -10.71 24.981
1792 -9.81 17.954
1793 9.495 3.13
1794 -13.913 10.8
1795 -13.433 32.478
1796 11.248 34.232
1797 11.807 33.379
1798 -12.683 24.593
1799 17.425 16.617
1800 2.117 28.146
1801 -9.752 4.539
1802 4.203 33.228
1803 7.657 1.925
1804 20.916 17.792
1805 17.775 29.816
1806 -3.993 28.956
1807 22.333 18.686
1808 -12.371 8.733
1809 13.203 -0.257
1810 -15.448 21.704
1811 -18.473 20.024
1812 3.799 -2.416
1813 -2.262 17.665
1814 -16.275 16.282
1815 -6.622 9.503
1816 -3.869 11.766
1817 -6.551 6.219
1818 16.048 17.148
1819 3.33 23.294
1820 -14.974 16.067
1821 12.655 32.968
1822 -4.558 -1.211
1823 -10.081 13.357
1824 -5.531 -1.417
1825 -4.429 15.801
1826 22.755 22.03
1827 -7.277 9.555
1828 -18.315 16.042
1829 -7.354 6.074
1830 -5.603 28.92
1831 -4.553 29.461
1832 -7.494 11.716
1833 19.147 24.154
1834 5.315 3.782
1835 18.505 26.598
1836 -4.748 12.185
1837 7.195 27.49
1838 -0.586 10.771
1839 9.033 0.308
1840 23.281 17.154
1841 -5.518 13.44
1842 0.183 15.252
1843 -8.5 10.833
1844 14.615 15.179
1845 -14.431 21.269
1846 10.429 5.375
1847 -4.179 25.298
1848 -3.001 -0.191
1849 18.857 17.252
1850 -0.589 4.331
1851 -13.543 9.192
1852 -2.526 36.629
1853 8.363 2.557
1854 -4.381 8.165
1855 -15.092 14.233
1856 5.991 27.44
1857 17.14 6.526
1858 12.756 11.434
1859 7.409 7.869
1860 21.784 15.361
1861 -1.644 4.479
1862 17.579 18.061
1863 -18.192 13.84
1864 4.858 -2.983
1865 -4.78 16.321
1866 -17.309 26.218
1867 -1.327 28.685
1868 13.823 7.438
1869 15.478 13.113
1870 3.574 1.32
1871 -12.768 22.332
1872 1.858 3.776
1873 -5.475 27.563
1874 -15.855 13.103
1875 -17.764 13.959
1876 13.62 32.437
1877 -5.746 23.094
1878 -2.912 25.117
1879 0.683 3.298
1880 4.121 13.149
1881 -3.888 4.225
1882 16.903 8.253
1883 -10.956 15.72
1884 -9.098 16.023
1885 20.756 28.566
1886 -2.837 -0.096
1887 -16.409 13.917
1888 -10.783 2.849
1889 6.123 0.117
1890 14.379 2.65
1891 7.847 15.064
1892 -12.049 30.544
1893 8.408 5.853
1894 12.143 35.505
1895 -14.748 12.541
1896 19.297 6.681
1897 -12.595 13.972
1898 15.262 7.665
1899 13.79 11.642
1900 8.966 7.682
1901 -11.35 32.929
1902 13.137 11.929
1903 5.729 1.541
1904 -1.848 0.325
1905 19.761 14.835
1906 21.863 18.424
1907 11.202 12.908
1908 -1.028 13.228
1909 -7.582 31.624
1910 14.842 24.635
1911 4.297 5.174
1912 17.295 23.341
1913 -10.264 24.019
1914 0.643 17.738
1915 21.58 13.97
1916 -14.941 16.971
1917 5.926 17.011
1918 -10.34 7.432
1919 3.431 -0.455
1920 -3.603 18.722
1921 20.017 24.396
1922 -4.459 22.964
1923 18.024 8.031
1924 -2.498 4.764
1925 -11.353 16.856
1926 -13.199 14.922
1927 11.184 3.34
1928 10.402 3.951
1929 2.478 -1.096
1930 3.288 8.35
1931 -2.397 22.587
1932 17.398 17.285
1933 -5.399 25.551
1934 0.722 31.334
1935 -11.16 28.632
1936 -1.368 -0.636
1937 5.841 9.543
1938 19.863 20.028
1939 9.507 0.097
1940 -12.425 13.039
1941 -11.184 10.109
1942 15.502 6.976
1943 10.934 19.96
1944 0.67 31.18
1945 11.4 6.397
1946 -13.094 31.186
1947 -17.232 21.169
1948 6.779 8.05
1949 12.355 -0.525
1950 20.139 15.177
1951 17.278 16.674
1952 -12.372 24.162
1953 -3.136 23.345
1954 -12.091 25.937
1955 -6.606 5.55
1956 15.591 32.731
1957 -10.302 27.391
1958 9.878 16.183
1959 -2.637 33.073
1960 13.369 31.535
1961 5.059 3.869
1962 -6.687 16.131
1963 3.53 12.575
1964 13.502 16.055
1965 -14.404 3.73
1966 -17.541 20.099
1967 22.307 14.695
1968 22.756 10.515
1969 3.076 1.083
1970 2.756 16.197
1971 1.483 1.716
1972 16.455 30.854
1973 -1.266 9.833
1974 -9.56 18.814
1975 -17.072 26.206
1976 20.673 24.305
1977 8.379 15.185
1978 10.432 2.702
1979 7.627 -0.642
1980 -6.871 12.755
1981 7.334 27.772
1982 -13.029 4.565
1983 12.061 25.035
1984 -9.324 20.422
1985 9.27 23.147
1986 1.444 17.961
1987 8.45 37.926
1988 6.812 -2.558
1989 -7.934 14.656
1990 20.272 21.891
1991 20.844 24.654
1992 -12.895 17.104
1993 10.02 24.177
1994 -1.831 8.216
1995 11.096 17.372
1996 -8.521 5.364
1997 7.587 15.465
1998 21.188 23.779
1999 -6.339 30.861
2000 -1.784 21.8
2001 1.561 35.411
2002 -5.39 28.305
2003 -12.545 21.352
2004 -2.82 15.361
2005 22.039 16.782
2006 17.024 19.847
2007 11.786 3.36
2008 -4.099 22.406
2009 -1.051 24.636
2010 -2.294 24.329
2011 7.581 36.732
2012 17.376 23.839
2013 4.617 25.23
2014 20.12 21.962
2015 1.588 0.573
2016 12.756 34.525
2017 -14.932 20.003
2018 -12.377 9.466
2019 -12.993 4.968
2020 13.351 35.094
2021 -3.272 11.162
2022 -17.028 11.103
2023 -3.394 11.283
2024 -18.507 13.665
2025 15.758 8.866
2026 7.378 16.882
2027 17.357 5.587
2028 -6.37 28.263
2029 -7.464 -0.429
2030 -0.893 12.95
2031 3.432 34.895
2032 2.784 2.227
2033 -15.56 21.338
2034 -3.986 16.37
2035 2.677 23.009
2036 12.622 5.563
2037 -17.007 10.674
2038 9.974 11.343
2039 -10.202 13.704
2040 -14.774 26.837
2041 1.613 33.673
2042 11.338 31.469
2043 21.769 14.635
2044 7.1 15.219
2045 15.802 26.113
2046 -6.19 35.121
2047 1.334 28.131
2048 -1.539 6.461
2049 -1.122 8.584
2050 -15.858 24.432
2051 2.003 37.68
2052 21.023 19.587
2053 5.639 26.188
2054 4.179 24.326
2055 19.433 28.687
2056 -2.052 13.059
2057 -12.43 27.387
2058 -1.591 22.669
2059 -3.602 10.92
2060 5.166 8.247
2061 -7.002 29.296
2062 5.957 31.705
2063 -10.355 15.687
2064 0.748 -2.051
2065 -7.67 23.797
2066 13.613 24.325
2067 8.166 33.223
2068 -6.064 0.281
2069 -16.908 14.358
2070 19.994 12.442
2071 9.447 23.51
2072 15.554 3.872
2073 -12.992 16.471
2074 5.1 -2.494
2075 -7.25 18.537
2076 18.407 24.56
2077 19.338 19.564
2078 -2.894 15.72
2079 2.713 33.424
2080 3.418 4.557
2081 -5.173 1.664
2082 18.897 11.158
2083 14.619 8.439
2084 -17.98 11.708
2085 -8.316 1.399
2086 -10.97 29.656
2087 7.447 16.747
2088 5.692 -2.226
2089 22.097 21.17
2090 -16.1 8.555
2091 12.457 0.304
2092 10.199 18.138
2093 20.916 22.83
2094 -3.674 36.952
2095 3.916 3.062
2096 -10.899 16.575
2097 13.156 27.3
2098 21.32 20.359
2099 0.547 2.834
2100 -10.746 20.551
2101 -9.739 21.932
2102 17.217 17.07
2103 -8.723 14.029
2104 12.461 4.633
2105 -16.34 27.888
2106 8.478 18.748
2107 16.01 3.392
2108 1.086 28.802
2109 -16.526 8.168
2110 17.967 14.82
2111 15.059 9.939
2112 10.977 7.928
2113 -1.444 -2.652
2114 0.808 5.122
2115 13.379 20.99
2116 -10.347 9.009
2117 11.875 33.722
2118 7.367 15.811
2119 -16.403 13.472
2120 19.107 4.98
2121 19.983 11.149
2122 -4.773 31.058
2123 -12.923 10.881
2124 16.19 11.387
2125 2.715 37.199
2126 -4.229 -0.089
2127 -0.987 9.592
2128 -11.277 5.329
2129 8.881 6.242
2130 -3.958 9.52
2131 -1.201 22.628
2132 2.491 32.118
2133 2.08 18.227
2134 15.709 2.102
2135 -3.283 30.822
2136 10.868 20.575
2137 -14.716 25.065
2138 -7.492 35.031
2139 22.568 19.838
2140 22.256 17.154
2141 -8.548 28.078
2142 13.102 2.373
2143 -18.336 22.7
2144 13.007 25.264
2145 8.315 24.15
2146 12.23 6.105
2147 -7.116 32.444
2148 -5.674 -0.221
2149 16.076 18.233
2150 -9.971 0.133
2151 19.726 29.913
2152 20.549 22.765
2153 -16.782 14.378
2154 1.627 3.239
2155 13.322 24.615
2156 17.56 15.385
2157 -0.479 8.957
2158 -18.404 21.232
2159 -0.179 17.185
2160 19.672 6.808
2161 -0.481 38.497
2162 -15.04 16.891
2163 -5.806 14.616
2164 -0.903 25.311
2165 1.451 33.659
2166 15.689 8.874
2167 -14.665 19.276
2168 5.945 22.823
2169 -8.985 1.676
2170 13.638 30.492
2171 -3.858 36.842
2172 21.299 20.619
2173 -17.141 14.156
2174 -1.445 19.082
2175 -6.971 -0.843
2176 -6.812 8.984
2177 15.045 7.061
2178 5.554 16.273
2179 -16.652 17.926
2180 5.077 33.479
2181 13.173 22.784
2182 -1.347 8.524
2183 23.222 19.988
2184 -4.038 4.421
2185 3.415 16.634
2186 19.373 27.69
2187 20.085 19.656
2188 -6.789 34.042
2189 -13.443 19.612
2190 6.69 8.773
2191 -11.108 33.608
2192 -1.563 32.982
2193 -16.702 12.101
2194 -11.142 32.132
2195 20.913 10.307
2196 22.92 23.344
2197 -13.547 9.098
2198 -5.381 33.811
2199 23.119 21.11
2200 -14.887 28.692
2201 -2.074 21.771
2202 8.893 33.549
2203 6.689 9.539
2204 5.691 31.634
2205 0.901 4.499
2206 -8.718 21.093
2207 -15.013 27.551
2208 14.645 19.966
2209 -4.467 24.042
2210 19.637 29.829
2211 -14.115 15.835
2212 -5.438 35.779
2213 11.753 18.141
2214 15.955 7.018
2215 -2.416 -3.264
2216 -11.41 4.545
2217 -4.304 27.344
2218 -5.369 22.577
2219 -11.448 6.611
2220 -8.237 24.899
2221 -1.441 0.866
2222 -3.901 18.747
2223 20.074 7.226
2224 -16.937 27.467
2225 -7.075 33.937
2226 8.333 5.25
2227 5.964 -0.063
2228 10.38 11.784
2229 8.357 12.11
2230 0.474 38.328
2231 -2.64 21.468
2232 -16.329 21.295
2233 20.744 6.681
2234 16.743 30.168
2235 16.638 33.569
2236 -16.184 22.148
2237 14.559 1.528
2238 22.389 10.641
2239 19.264 27.712
2240 -17.395 22.104
2241 18.236 26.526
2242 -1.489 16.732
2243 -5.91 7.903
2244 -12.966 7.97
2245 21.997 14.716
2246 -6.651 24.077
2247 -13.171 20.245
2248 -1.072 25.459
2249 -16.405 23.949
2250 -16.954 14.231
2251 -2.399 24.785
2252 16.184 21.644
2253 9.74 17.203
2254 3.994 1.668
2255 20.37 25.484
2256 -8.559 26.134
2257 -17.851 18.686
2258 19.656 23.848
2259 8.393 17.822
2260 16.803 10.012
2261 21.101 22.892
2262 14.434 6.789
2263 -11.145 27.556
2264 -13.92 8.214
2265 19.418 16.602
2266 9.992 5.919
2267 -2.161 27.55
2268 -7.354 13.893
2269 8.098 21.859
2270 -17.918 10.786
2271 21.127 11.115
2272 12.815 24.923
2273 13.566 26.247
2274 -4.559 37.531
2275 -12.223 8.921
2276 -5.957 0.572
2277 -13.886 9.461
2278 9.071 34.991
2279 1.776 4.452
2280 22.618 10.424
2281 1.216 23.33
2282 13.513 22.538
2283 9.292 0.938
2284 -3.153 12.021
2285 -15.479 10.038
2286 22.405 21.41
2287 20.543 23.052
2288 11.144 1.721
2289 -18.442 18.025
2290 -11.455 31.724
2291 -8.814 17.329
2292 2.023 0.227
2293 7.949 31.465
2294 -2.389 19.293
2295 -6.467 31.107
2296 21.68 11.435
2297 -9.986 14.601
2298 3.86 19.942
2299 11.326 25.044
2300 -6.612 19.866
2301 -7.253 25.225
2302 -5.481 5.03
2303 22.212 23.017
2304 -9.454 16.034
2305 -15.515 20.356
2306 -13.542 28.73
2307 0.807 7.155
2308 -16.576 21.473
2309 2.749 16.764
2310 9.566 -0.927
2311 -10.984 16.748
2312 -2.87 10.357
2313 13.012 2.844
2314 -15.932 16.904
2315 7.015 21.758
2316 5.076 25.173
2317 17.927 2.993
2318 20.039 6.5
2319 -3.58 3.495
2320 -9.677 22.31
2321 -5.85 21.275
2322 -14.992 17.734
2323 -2.662 18.63
2324 -0.999 9.486
2325 -11.847 9.63
2326 -16.515 26.941
2327 5.052 30.02
2328 -4.297 23.451
2329 10.153 12.602
2330 5.805 -3.178
2331 16.98 21.236
2332 -4.246 10.069
2333 17.343 8.274
2334 9.602 17.651
2335 -6.458 14.017
2336 4.408 13.629
2337 11.868 28.015
2338 11.972 15.909
2339 11.716 21.594
2340 -7.068 34.16
2341 -8.176 11.056
2342 -10.897 21.39
2343 9.086 31.937
2344 0.849 1.716
2345 10.5 9.357
2346 19.855 11.345
2347 9.132 28.842
2348 -13.765 14.715
2349 -16.873 19.121
2350 13.304 22.601
2351 -11.87 18.824
2352 12.554 1.565
2353 22.121 14.243
2354 -17.519 16.224
2355 4.38 -1.524
2356 4.975 17.518
2357 21.82 13.985
2358 -6.748 0.552
2359 -9.492 14.244
2360 14.093 19.411
2361 21.698 11.58
2362 17.651 29.899
2363 18.886 15.521
2364 -5.935 16.986
2365 11.637 30.893
2366 17.42 23.757
2367 4.326 21.991
2368 9.776 8.785
2369 -0.555 -0.995
2370 -15.892 14.46
2371 -9.661 33.653
2372 -4.336 25.457
2373 19.119 6.968
2374 -10.324 26.762
2375 -17.941 21.378
2376 15.504 5.505
2377 21.653 10.71
2378 2.455 13.652
2379 16.926 16.54
2380 5.382 28.619
2381 -8.252 28.629
2382 -3.431 34.627
2383 15.493 1.163
2384 2.955 1.641
2385 -13.529 24.462
2386 22.556 17.225
2387 1.197 26.406
2388 -9.854 5.361
2389 -12.662 13.552
2390 0.356 19.942
2391 18.788 18.795
2392 22.183 10.068
2393 -8.152 0.63
2394 -11.548 28.851
2395 19.162 15.068
2396 -17.911 18.875
2397 21.262 28.142
2398 -3.742 5.284
2399 -14.849 21.583
2400 -11.656 33.127
2401 -0.253 9.737
2402 20.066 25.275
2403 -3.358 -1.195
2404 20.202 22.669
2405 13.459 1.678
2406 17.893 18.411
2407 -3.251 13.553
2408 -11.494 25.191
2409 19.786 26.671
2410 -7.561 18.668
2411 23.214 18.015
2412 0.723 7.89
2413 12.493 19.969
2414 5.901 6.568
2415 -10.001 0.193
2416 -16.156 26.718
2417 -1.797 14.903
2418 -1.316 21.104
2419 -0.972 17.903
2420 5.8 5.267
2421 -6.796 34.62
2422 19.79 5.126
2423 -10.633 17.317
2424 20.752 22.484
2425 16.498 16.346
2426 -6.338 3.983
2427 -3.862 26.739
2428 -0.278 -0.259
2429 -11.518 21.876
2430 12.645 11.226
2431 -7.781 32.469
2432 13.281 22.817
2433 -14.168 27.255
2434 22.294 25.644
2435 -7.185 26.85
2436 20.211 21.012
2437 21.35 11.289
2438 10.345 35.582
2439 17.723 26.395
2440 11.354 32.724
2441 -4.317 31.782
2442 -8.885 28.447
2443 -11.085 31.36
2444 -6.04 2.949
2445 2.113 8.312
2446 3.029 17.615
2447 -9.307 2.014
2448 15.348 5.496
2449 -14.675 26.957
2450 1.301 15.9
2451 -9.329 16.524
2452 12.54 35.512
2453 8.718 4.315
2454 5.535 -2.729
2455 -7.848 31.534
2456 -12.127 27.893
2457 2.331 5.169
2458 -9.882 18.275
2459 19.815 18.055
2460 12.349 31.091
2461 -4.104 37.402
2462 19.918 21.513
2463 -9.548 21.346
2464 7.441 28.304
2465 0.635 23.879
2466 13.49 29.285
2467 14.613 9.111
2468 7.608 5.388
2469 -6.748 2.976
2470 8.211 27.464
2471 8.292 -0.181
2472 15.047 18.153
2473 -4.611 11.594
2474 17.536 22.715
2475 -14.368 15.306
2476 -10.928 12.287
2477 -16.373 18.096
2478 -16.976 24.726
2479 1.002 30.31
2480 22.753 18.488
2481 3.493 -1.491
2482 15.002 20.118
2483 -6.154 13.629
2484 -3.171 -2.876
2485 13.603 10.476
2486 15.24 19.23
2487 14.519 4.395
2488 5.001 5.059
2489 -8.683 12.248
2490 -3.34 23.439
2491 9.748 26.7
2492 -13.596 13.14
2493 18.262 4.197
2494 -11.984 22.698
2495 -14.207 12.92
2496 -10.093 31.659
2497 -6.512 19.567
2498 6.699 22.823
2499 -7.803 32.677
2500 10.807 19.704
2501 10.992 31.158
2502 14.254 19.864
2503 14.868 3.01
2504 17.036 28.842
2505 -16.755 8.204
2506 3.766 29.212
2507 15.85 28.073
2508 5.781 21.961
2509 12.64 30.411
2510 -17.251 23.312
2511 3.574 7.895
2512 -14.294 15.89
2513 11.713 -0.547
2514 4.949 34.709
2515 20.003 9.667
2516 1.165 13.509
2517 12.768 6.68
2518 -16.163 12.836
2519 11.647 -1.299
2520 14.289 31.743
2521 -8.374 26.772
2522 20.763 27.079
2523 6.26 10.516
2524 4.419 31.601
2525 -16.579 26.221
2526 -16.544 21.232
2527 10.726 37.163
2528 10.011 26.308
2529 -13.831 13.97
2530 -9.836 15.336
2531 23.235 18.575
2532 20.553 17.782
2533 -6.731 22.275
2534 -4.021 8.49
2535 -1.672 11.582
2536 -0.566 26.749
2537 10.514 27.744
2538 17.602 18.831
2539 -18.555 14.926
2540 -11.506 5.086
2541 -17.492 17.989
2542 22.404 24.718
2543 20.238 26.44
2544 -8.207 21.602
2545 19.675 18.103
2546 -13.389 8.303
2547 -7.264 26.805
2548 -6.976 19.835
2549 -14.252 12.198
2550 0.043 36.412
2551 14.371 15.327
2552 -5.02 32.978
2553 -17.255 16.723
2554 -11.643 13.295
2555 19.526 23.505
2556 -8.573 16.283
2557 22.514 18.235
2558 10.111 35.049
2559 1.521 -1.011
2560 6.711 11.058
2561 -4.057 30.364
2562 1.748 38.083
2563 -8.923 2.695
2564 16.277 15.209
2565 21.619 17.435
2566 -10.659 25.8
2567 -12.328 26.464
2568 17.514 28.037
2569 18.697 29.025
2570 -5.455 3.247
2571 16.693 23.703
2572 -8.436 1.305
2573 15.586 7.911
2574 4.946 31.488
2575 11.413 13.013
2576 -6.992 15.55
2577 -16.41 19.023
2578 -11.216 15.286
2579 8.906 36.893
2580 4.328 17.577
2581 -14.197 6.89
2582 -14.102 11.908
2583 -12.536 18.105
2584 -7.805 35.971
2585 20.096 6.802
2586 0.596 5.753
2587 -12.382 12.322
2588 12.793 7.776
2589 -1.673 19.165
2590 -7.986 20.397
2591 -11.038 5.832
2592 4.412 25.533
2593 -3.119 11.228
2594 4.067 27.938
2595 -7.86 21.192
2596 8.79 16.684
2597 22.526 10.366
2598 15.804 26.788
2599 -2.166 11.92
2600 4.809 12.314
2601 -3.689 5.154
2602 -1.536 -1.231
2603 -9.04 34.802
2604 0.817 22.325
2605 15.666 19.253
2606 -12.982 8.736
2607 -8.631 2.878
2608 0.341 36.399
2609 -14.974 24.21
2610 11.743 21.734
2611 15.578 23.997
2612 13.011 4.505
2613 4.988 23.734
2614 -10.424 5.134
2615 5.766 4.109
2616 22.226 15.479
2617 18.601 28.817
2618 -1.163 37.788
2619 19.085 22.885
2620 0.266 27.008
2621 11.843 29.724
2622 9.096 1.931
2623 1.072 7.409
2624 -15.952 12.62
2625 13.266 26.558
2626 18.456 17.156
2627 23.129 19.225
2628 6.823 21.617
2629 -11.603 2.412
2630 -5.917 5.135
2631 15.399 5.253
2632 9.349 37.287
2633 13.748 20.002
2634 -17.467 11.378
2635 -2.918 36.49
2636 -11.714 10.289
2637 4.447 13.588
2638 -5.665 13.395
2639 -15.793 15.559
2640 15.908 12.291
2641 -8.207 36.447
2642 0.1 12.335
2643 17.63 26.314
2644 -18.248 20.767
2645 16.396 32.091
2646 22.528 10.201
2647 1.251 -1.138
2648 3.391 30.975
2649 -0.908 1.981
2650 -18.477 12.904
2651 -16.541 11.523
2652 10.501 13.12
2653 21.137 18.268
2654 8.732 26.648
2655 22.378 11.837
2656 2.705 8.681
2657 8.916 10.48
2658 3.452 36.532
2659 10.098 9.471
2660 22.967 18.084
2661 -9.729 16.649
2662 11.774 33.973
2663 -18.129 20.86
2664 -2.266 34.182
2665 -10.867 14.399
2666 5.39 23.047
2667 23.208 11.683
2668 -2.983 30.219
2669 -5.386 13.079
2670 -12.913 3.385
2671 -5.022 11.377
2672 14.368 32.928
2673 22.22 25.289
2674 13.728 10.319
2675 -7.546 10.659
2676 3.823 24.068
2677 21.844 25.753
2678 6.597 12.806
2679 22.557 20.365
2680 -13.971 4.888
2681 -11.456 3.894
2682 -10.723 29.43
2683 5.566 32.273
2684 20.045 9.45
2685 -10.964 21.956
2686 10.384 28.564
2687 -17.669 22.103
2688 7.22 19.29
2689 7.034 0.114
2690 -6.532 3.93
2691 -4.079 -1.439
2692 -5.671 29.323
2693 12.715 -0.592
2694 10.138 11.082
2695 15.44 31.553
2696 6.654 30.647
2697 -5.872 33.755
2698 -13.841 7.75
2699 -10.161 26.149
2700 -16.385 24.942
2701 -7.732 16.85
2702 -4.681 34.06
2703 -1.791 3.266
2704 12.454 20.443
2705 15.627 5.874
2706 -14.657 5.513
2707 -5.772 37.125
2708 14.817 -0.004
2709 12.309 21.802
2710 18.653 6.862
2711 -1.751 15.085
2712 -5.602 15.794
2713 13.911 17.277
2714 11.49 2.218
2715 0.452 -0.167
2716 18.683 28.297
2717 -12.033 19.644
2718 -13.885 11.196
2719 -8.651 31.595
2720 5.148 31.588
2721 19.205 22.937
2722 19.944 9.092
2723 4.045 27.889
2724 -16.954 26.659
2725 3.283 -2.069
2726 -18.367 24.558
2727 11.373 36.451
2728 23.31 23.519
2729 8.057 36.797
2730 -2.162 36.804
2731 12.852 30.596
2732 -0.507 33.898
2733 8.556 35.99
2734 -12.541 4.958
2735 -9.977 18.096
2736 2.888 12.247
2737 4.422 11.824
2738 -16.246 9.184
2739 -4.659 12.423
2740 -16.3 17.648
2741 3.156 22.164
2742 -14.524 11.363
2743 22.412 13.465
2744 -3.335 14.525
2745 21.261 25.372
2746 -5.333 12.721
2747 1.409 18.633
2748 21.756 11.505
2749 -15.32 27.623
2750 -7.208 35.525
2751 19.06 5.128
2752 23.124 19.831
2753 12.132 26.202
2754 18.746 4.796
2755 3.762 25.685
2756 -11.166 24.721
2757 0.817 36.158
2758 -13.239 32.118
2759 13.802 13.633
2760 -0.039 8.811
2761 18.756 23.667
2762 -4.216 19.852
2763 -13.699 24.509
2764 -8.351 20.827
2765 9.573 18.754
2766 -17.295 16.216
2767 -5.495 18.333
2768 -13.698 11.9
2769 1.743 32.969
2770 18.999 17.909
2771 23.355 15.04
2772 18.646 25.699
2773 2.48 37.692
2774 23.322 14.102
2775 8.698 4.901
2776 -2.745 22.585
2777 -13.964 10.055
2778 11.724 14.313
2779 -16.905 24.448
2780 -1.784 32.08
2781 -15.875 21.422
2782 22.604 23.397
2783 4.914 -2.354
2784 5.415 6.943
2785 2.849 12.633
2786 -7.205 31.241
2787 -12.409 23.415
2788 21.481 16.796
2789 -0.544 25.936
2790 -11.939 33.112
2791 22.833 22.895
2792 -0.398 1.07
2793 3.377 25.482
2794 -16.411 18.446
2795 13.409 23.193
2796 1.016 -2.549
2797 -7.368 20.782
2798 17.822 6.093
2799 4.716 5.516
2800 -16.746 9.965
2801 8.14 24.737
2802 -11.874 20.478
2803 13.393 28.483
2804 -7.702 12.699
2805 -12.509 32.852
2806 20.981 18.647
2807 7.923 20.121
2808 20.264 8.535
2809 -16.664 15.741
2810 -4.018 23.575
2811 0.958 8.889
2812 -8.723 16.068
2813 -14.493 8.69
2814 -12.887 26.832
2815 -14.727 27.51
2816 19.464 21.057
2817 7.891 13.938
2818 21.119 21
2819 21.05 24.01
2820 -13.873 11.895
2821 -12.07 11.413
2822 21.444 22.872
2823 2.346 14.812
2824 -18.342 19.278
2825 2.627 32.174
2826 -1.321 7.438
2827 -11.271 13.829
2828 -2.506 2.021
2829 -2.047 -2.354
2830 0.666 5.311
2831 -1.241 28.564
2832 8.194 11.788
2833 7.89 0.5
2834 -14.545 9.743
2835 1.369 1.923
2836 4.781 0.466
2837 2.403 13.654
2838 -13.463 25.183
2839 -5.619 26.763
2840 4.587 29.647
2841 4.074 31.998
2842 16.928 20.189
2843 -9.032 1.204
2844 -2.024 30.378
2845 23 16.81
2846 -4.46 -1.211
2847 2.476 15.36
2848 17.662 28.128
2849 0.926 8.341
2850 -18.015 17.061
2851 10.179 14.744
2852 22.848 13.344
2853 -1.701 5.737
2854 5.643 19.716
2855 -12.798 8.94
2856 21.004 11.148
2857 -8.948 33.464
2858 20.43 18.485
2859 0.16 5.884
2860 -4.719 8.512
2861 11.4 18.705
2862 14.655 24.75
2863 -2.41 28.298
2864 10.712 12.834
2865 -10.011 10.982
2866 20.747 8.646
2867 21.311 25.307
2868 -12.654 25.204
2869 -1.895 4.951
2870 14.68 26.036
2871 23.323 16.173
2872 -10.469 26.005
2873 -0.973 9.331
2874 -7.871 19.69
2875 -6.905 29.243
2876 -6.425 0.991
2877 17.355 8.733
2878 20.929 28.435
2879 -4.974 -2.165
2880 16.327 32.399
2881 -13.538 10.603
2882 20.866 19.696
2883 -12.07 20.085
2884 21.384 11.715
2885 8.872 11.996
2886 18.278 22.288
2887 -9.693 6.909
2888 -7.32 11.655
2889 -0.901 13.264
2890 8.252 12.788
2891 -5.004 29.571
2892 4.753 1.921
2893 3.48 25.365
2894 0.776 31.672
2895 11.166 32.042
2896 -4.596 35.449
2897 15.2 19.017
2898 -8.608 8.274
2899 4.24 36.107
2900 4.514 9.801
2901 -16.971 16.314
2902 21.925 9.771
2903 17.834 31.535
2904 -7.649 13.678
2905 2.525 32.962
2906 6.634 14.507
2907 5.346 12.551
2908 13.5 21.146
2909 7.284 13.587
2910 17.903 6.822
2911 15.336 26.476
2912 17.052 8.141
2913 11.203 20.372
2914 23.223 19.651
2915 21.531 19.721
2916 10.821 16.195
2917 10.407 17.456
2918 11.289 4.723
2919 16.858 11.439
2920 -5.247 12.931
2921 -4.942 25.949
2922 14.723 3.962
2923 -12.982 29.224
2924 23.334 19.218
2925 1.404 9.718
2926 10.555 30.171
2927 12.736 15.448
2928 -15.205 29.817
2929 -11.115 3.292
2930 10.012 3.604
2931 -7.559 19.829
2932 10.363 35.944
2933 -17.442 9.778
2934 19.857 17.639
2935 16.543 28.238
2936 14.316 15.06
2937 17.819 14.057
2938 9.528 4.871
2939 20.032 17.347
2940 13.712 -0.01
2941 -15.815 29.182
2942 -4.328 32.279
2943 12.527 32.299
2944 15.922 29.936
2945 -16.941 20.512
2946 20.642 28.587
2947 0.41 3.349
2948 -15.829 29.487
2949 12.675 33.422
2950 13.567 34.906
2951 8.216 34.877
2952 -0.43 18.819
2953 21.4 16.413
2954 -7.254 13.702
2955 23.127 23.252
2956 15.391 11.003
2957 9.758 24.379
2958 -4.754 19.656
2959 -8.766 26.769
2960 -3.974 24.746
2961 -10.844 26.077
2962 -3.498 23.122
2963 15.747 32.965
2964 17.816 3.565
2965 -12.725 9.223
2966 10.455 28.554
2967 9.674 30.522
2968 -17.187 11.305
2969 21.956 9.049
2970 -4.139 28.462
2971 -7.433 11.024
2972 8.745 18.781
2973 -2.575 -2.344
2974 -16.335 15.076
2975 22.577 10.67
2976 -0.699 21.901
2977 19.868 11.218
2978 20.638 15.433
2979 -5.305 19.352
2980 7.384 32.2
2981 17.399 32.02
2982 -13.786 13.936
2983 20.455 10.199
2984 -18.126 11.518
2985 1.455 -2.323
2986 7.931 15.072
2987 17.214 24.319
2988 -18.399 23.866
2989 -3.049 11.147
2990 -5.815 29.952
2991 -11.018 24.807
2992 -12.446 30.54
2993 17.328 23.928
2994 1.546 7.552
2995 0.872 29.576
2996 -5.919 12.279
2997 20.678 20.28
2998 22.921 12.211
2999 -4.267 9.521
3000 20.303 22.532
3001 13.299 0.88
3002 17.319 9.553
3003 -6.684 18.081
3004 -2.45 10.31
3005 -17.078 16.705
3006 -17.835 13.035
3007 -5.733 3.715
3008 -11.165 28.977
3009 -10.558 34.601
3010 18.089 11.298
3011 2.784 36.13
3012 -1.281 10.316
3013 20.855 23.112
3014 17.196 23.898
3015 7.945 19.349
3016 -4.991 14.401
3017 15.13 6.474
3018 16.961 7.056
3019 14.787 15.421
3020 -3.238 35.828
3021 13.375 24.167
3022 -47.646 -26.565
3023 -82.875 160.12
3024 11.3 -160.542
3025 -79.47 -97.372
3026 81.738 203.462
3027 -123.907 -109.988
3028 -43.752 -83.17
3029 5.511 -134.169
3030 119.951 24.826
3031 169.879 137.97
3032 38.926 -85.28
3033 -111.63 18.142
3034 -81.037 -114.615
3035 63.518 65.558
3036 -202.834 32.237
3037 184.88 35.748
3038 207.893 -53.267
3039 -162.432 79.706
3040 59.347 188.008
3041 59.687 148.95
3042 -48.962 116.764
3043 -26.021 218.652
3044 -152.709 98.116
3045 77.499 -42.029
3046 -40.998 189.325
3047 -67.387 -5.786
3048 -107.676 57.964
3049 193.797 -113.242
3050 66.33 131.141
3051 -90.987 7.951
3052 -55.241 6.732
3053 145.037 53.84
3054 142.457 -89.814
3055 54.303 95.48
3056 90.795 167.595
3057 -55.27 75.058
3058 35.793 131.502
3059 -71.903 27.275
3060 163.977 14.333
3061 -74.426 12.756
3062 131.444 165.629
3063 197.219 -70.335
3064 -95.818 -125.021
3065 -19.875 10.784
3066 -119.64 -42.604
3067 75.844 186.329
3068 -144.544 -53.251
3069 -54.747 -82.85
3070 81.528 -163.548
3071 90.793 175.626
3072 18.213 147.442
3073 -118.185 140.305
3074 174.266 31.01
3075 42.09 82.798
3076 -28.913 20.699
3077 -150.164 53.298
3078 -161.784 -64.4
3079 225.129 -41.639
3080 -156.132 -48.687
3081 -3.318 -160.686
3082 -81.009 -96.656
3083 188.887 -25.536
3084 -84.611 39.907
3085 37.733 151.563
3086 -176.709 112.996
3087 -86.449 -168.437
3088 42.019 -75.442
3089 209.515 89.822
3090 -8.678 18.524
3091 227.234 -2.168
3092 122.596 131.716
3093 -55.938 7.555
3094 70.445 73.228
3095 -68.196 200.571
3096 42.188 9.453
3097 172.189 -54.837
3098 -111.764 56.334
3099 -104.881 19.097
3100 194.527 97.162
3101 95.197 23.207
3102 -97.18 135.596
3103 -144.461 67.335
3104 180.031 -65.962
3105 89.817 180.148
3106 89.559 -172.383
3107 -130.994 -153.721
3108 -15.302 207.24
3109 87.804 -56.102
3110 -7.794 -137.005
3111 -191.522 -2.902
3112 -80.786 -173.736
3113 122.808 -120.988
3114 -170.375 114.867
3115 -115.056 -17.241
3116 -168.875 63.304
3117 184.132 -7.466
3118 40.054 173.278
3119 -3.665 -35.933
3120 137.092 110.149
3121 -147.758 153.133
3122 -12.065 214.793
3123 87.088 -41.022
3124 229.168 -10.797
3125 86.034 178.935
3126 -127.334 83.019
3127 90.244 102.739
3128 -191.475 -9.004
3129 -47.035 40.657
3130 -155.443 -29.765
3131 -69.845 17.748
3132 75.161 -144.923
3133 29.856 -148.698
3134 -170.728 9.284
3135 82.619 12.368
3136 23.369 -209.326
3137 -63.265 39.951
3138 -33.442 -174.237
3139 81.199 -144.297
3140 -35.287 114.42
3141 140.126 -148.137
3142 155.784 47.433
3143 6.194 87.206
3144 98.377 -52.382
3145 -8.622 171.445
3146 -169.453 83.992
3147 -100.776 168.423
3148 203.909 92.653
3149 -114.618 -129.5
3150 -116.671 89.513
3151 146.585 90.395
3152 -81.26 155.311
3153 7.783 55.939
3154 -93.449 9.769
3155 207.424 -22.831
3156 37.436 -9.784
3157 -25.734 -24.26
3158 170.616 64.819
3159 -82.502 -9.931
3160 -141.352 131.638
3161 127.851 46.529
3162 -136.42 -36.874
3163 -75.698 191.884
3164 -205.746 23.442
3165 -105.158 -81.724
3166 67.776 135.036
3167 -154.118 146.488
3168 -25.965 -140.879
3169 -154.262 -71.271
3170 -201.363 34.621
3171 192.347 -96.545
3172 -184.536 36.669
3173 -94.796 4.182
3174 -120.044 -159.006
3175 119.771 -123.824
3176 -76.629 27.806
3177 70.51 75.863
3178 -28.428 -5.932
3179 181.095 120.122
3180 196.863 -109.323
3181 99.037 118.485
3182 52.043 76.339
3183 -176.092 -87.511
3184 197.266 51.253
3185 50.696 -11.26
3186 -115.512 -125.702
3187 108.167 161.14
3188 -170.922 12.397
3189 204.003 -58.195
3190 -85.382 101.077
3191 -148.806 46.836
3192 -28.661 141.204
3193 33.959 -186.284
3194 138.704 64.979
3195 226.507 46.414
3196 14.785 76.641
3197 140.798 -162.602
3198 -14.478 -156.651
3199 -56.024 132.1
3200 226.428 -22.04
3201 112.62 -115.819
3202 -68.262 -116.962
3203 163.769 -20.353
3204 -47.197 -69.758
3205 203.132 55.077
3206 -98.894 -41.54
3207 -7.323 -52.146
3208 161.147 -129.099
3209 167.008 -86.506
3210 -169.569 -47.843
3211 -148.05 -69.502
3212 208.238 -8.239
3213 -67.924 -186.589
3214 -164.152 36.377
3215 108.52 -11.223
3216 -74.915 -149.85
3217 70.737 175.743
3218 -136.128 -151.448
3219 -179.635 -55.264
3220 124.707 -95.204
3221 -110.673 -11.151
3222 176.42 96.589
3223 217.354 -59.024
3224 103.885 -189.644
3225 -150.182 70.284
3226 119.922 -178.68
3227 189.729 72.332
3228 -183.4 -40.381
3229 222.377 33.54
3230 1.085 198.604
3231 63.145 -49.989
3232 -161.707 127.814
3233 -101.873 -158.744
3234 222.033 -3.804
3235 -104.968 -18.965
3236 -184.427 67.083
3237 216.025 65.014
3238 -174.311 -103.012
3239 -40.607 137.842
3240 -60.586 -15.395
3241 121.859 17.35
3242 -9.163 -176.069
3243 50.239 -52.395
3244 2.316 -69.978
3245 227.952 5.548
3246 183.813 -16.523
3247 -187.769 59.478
3248 17.872 55.103
3249 219.412 38.136
3250 174.458 140.153
3251 131.638 -152.325
3252 47.975 159.933
3253 60.695 -56.152
3254 -50.055 130.284
3255 -46.893 -117.37
3256 37.838 -98.457
3257 -23.584 27.532
3258 18.099 -205.349
3259 17.789 -92.021
3260 38.475 215.557
3261 -68.8 175.839
3262 60.079 201.969
3263 -185.148 12.638
3264 117.762 50.296
3265 130.989 186.291
3266 -38.778 -10.593
3267 46.714 -57.941
3268 108.32 97.872
3269 -42.963 201.071
3270 216.292 -70.17
3271 -46.036 93.68
3272 113.205 170.047
3273 65.559 -113.698
3274 44.181 85.453
3275 78.403 196.949
3276 160.843 40.199
3277 2.556 -143.004
3278 -147.517 30.429
3279 58.031 -192.349
3280 -143.294 -118.494
3281 179.585 46.091
3282 194.981 -83.429
3283 -186.948 27.269
3284 44.051 -36.753
3285 142.139 47.836
3286 -73.531 -22.558
3287 -181.583 -0.408
3288 14.351 -174.079
3289 183.592 -36.471
3290 -200.723 -30.021
3291 -173.78 -30.812
3292 -10.063 197.58
3293 9.078 100.463
3294 197.436 -108.013
3295 148.977 86.343
3296 -192.626 -43.032
3297 29.893 51.148
3298 -20.003 140.735
3299 208.409 -39.964
3300 -124.966 68.28
3301 2.029 73.983
3302 165.616 -17.229
3303 73.816 -168.337
3304 -188.749 16.562
3305 -92.472 -117.765
3306 155.731 169.899
3307 -154.804 -75.573
3308 -21.516 145.3
3309 117.096 144.637
3310 -62.288 -193.721
3311 -64.193 -104.349
3312 -113.026 -7.285
3313 -120.279 -158.516
3314 -197.404 -6.111
3315 -44.387 113.62
3316 12.585 -156.581
3317 133.308 -101.809
3318 -166.839 -73.503
3319 -68.539 2.483
3320 160.459 -150.959
3321 124.645 154.002
3322 -85.096 -101.607
3323 195.494 69.027
3324 183.35 -130.176
3325 -7.581 107.609
3326 7.182 -38.643
3327 155.012 -95.817
3328 102.107 -31.171
3329 174.749 3.236
3330 148.885 96.128
3331 66.998 198.971
3332 -194.421 28.168
3333 -122.689 6.712
3334 150.741 6.505
3335 109.915 101.089
3336 -85.304 109.992
3337 123.032 -40.054
3338 107.879 -4.711
3339 180.188 -94.288
3340 126.483 -66.257
3341 -206.243 12.775
3342 -96.783 -123.698
3343 -101.612 177.132
3344 207.645 -69.319
3345 141.084 147.107
3346 47.602 -18.255
3347 17.154 177.107
3348 195.047 -94.066
3349 -121.44 44.527
3350 -6.131 112.017
3351 49.961 165.301
3352 225.027 13.149
3353 145.393 76.939
3354 -16.084 -166.202
3355 -60.238 27.582
3356 75.623 73.828
3357 99.791 135.382
3358 -38.589 -64.015
3359 13.654 -128.767
3360 171.238 -4.911
3361 -4.182 -151.691
3362 137.641 182.6
3363 -149.055 102.77
3364 -17.841 97.995
3365 0.135 196.456
3366 30.234 69.101
3367 197.736 -4.337
3368 29.085 27.12
3369 -53.952 151.982
3370 -78.909 -108.629
3371 -146.676 17.738
3372 138.201 58.893
3373 41.215 185.617
3374 -34.477 -150.754
3375 171.141 14.247
3376 -77.643 156.553
3377 -81.187 97.637
3378 -14.677 -134.252
3379 141.614 -118.062
3380 -37.732 22.942
3381 214.155 66.104
3382 -50.188 -89.352
3383 68.349 -48.868
3384 -158.976 2.415
3385 -92.614 -99.451
3386 104.437 174.286
3387 -21.25 -45.635
3388 -191.058 32.377
3389 189.987 18.098
3390 51.543 -58.011
3391 -137.157 68.943
3392 -69.154 193.587
3393 100.7 -57.603
3394 -140.299 156.055
3395 39.186 -82.723
3396 -79.374 -70.26
3397 94.784 -178.691
3398 80.758 -171.986
3399 205.374 -73.046
3400 165.408 108.393
3401 -129.779 -147.013
3402 -103.641 -139.818
3403 58.059 104.621
3404 83.04 208.695
3405 52.189 -4.567
3406 170.783 -88.823
3407 -96.337 -11.296
3408 207.55 29.56
3409 84.634 -129.756
3410 42.591 48.004
3411 76.261 21.791
3412 -70.515 160.64
3413 -175.53 31.71
3414 -141.614 -94.433
3415 146.451 86.439
3416 40.169 -195.292
3417 149.425 -114.688
3418 -10.574 -58.434
3419 -181.678 -17.099
3420 211.916 66.993
3421 -157.701 19.013
3422 -138.246 -152.458
3423 227.926 -28.308
3424 77.101 -65.314
3425 3.049 -208.309
3426 -113.899 -123.711
3427 50.369 -160.961
3428 13.596 -213.34
3429 125.213 -35.962
3430 12.101 146.058
3431 -164.524 -104.538
3432 13.013 -62.112
3433 -82.157 76.937
3434 -164.116 -108.176
3435 126.505 -52.379
3436 158.491 -88.008
3437 -13.279 -158.773
3438 -89.342 198.115
3439 -185.952 -43.84
3440 172.905 -42.084
3441 94.519 -102.116
3442 35.619 107.022
3443 208.928 99.739
3444 229.52 24.989
3445 205.765 -71.983
3446 15.894 -189.323
3447 -70.859 67.064
3448 149.261 -112.631
3449 -56.277 152.122
3450 19.537 -36.631
3451 101.749 -128.652
3452 99.067 19.776
3453 -135.51 121.35
3454 -185.964 72.151
3455 -153.042 85.684
3456 145.918 77.79
3457 -195.267 -49.248
3458 177.162 88.329
3459 110.296 80.693
3460 218.571 63.412
3461 156.431 81.386
3462 -167.445 22.315
3463 54.505 103.885
3464 -149.323 68.327
3465 -151.499 107.49
3466 108.501 -176.181
3467 36.652 -61.928
3468 -54.705 -81.914
3469 -56.76 35.433
3470 -119.495 -139.884
3471 106.852 -58.034
3472 190.648 80.861
3473 95.237 43.061
3474 -1.082 -93.302
3475 218.418 -18.568
3476 200.97 -1.414
3477 -116.636 -160.933
3478 -5.605 -146.13
3479 -94.793 -26.788
3480 175.924 43.842
3481 14.204 56.764
3482 -156.803 -72.824
3483 125.696 -102.499
3484 -4.826 18.455
3485 7.386 190.531
3486 -143.06 150.125
3487 33.224 122.389
3488 -4.67 96.174
3489 -45.342 -67.315
3490 230.208 4.285
3491 -172.835 -46.337
3492 226.92 -20.315
3493 78.778 -17.752
3494 -163.615 71.786
3495 67.091 -35.597
3496 207.16 30.888
3497 -158.367 -70.996
3498 58.743 44.186
3499 -179.876 70.335
3500 181.264 -129.487
3501 157.797 160.94
3502 -159.321 102.801
3503 -200.814 -43.977
3504 -105.924 91.082
3505 141.37 -50.511
3506 153.189 33.751
3507 101.521 -54.369
3508 -37.393 -98.596
3509 -86.046 -32.406
3510 21.818 17.875
3511 -105.064 -121.762
3512 -38.472 -33.119
3513 177.223 -101.565
3514 -76.885 -179.087
3515 -55.059 -80.801
3516 -191.264 32.442
3517 -180.139 -36.221
3518 145.708 -117.745
3519 -56.703 7.503
3520 63.75 -81.015
3521 86.652 21.547
3522 111.296 -132.746
3523 -118.295 -117.509
3524 186.442 51.511
3525 13.748 -185.694
3526 -118.935 157.583
3527 -119.897 78.806
3528 168.56 -105.229
3529 -187.608 3.29
3530 -41.869 95.513
3531 147.798 129.013
3532 -159.729 -26.783
3533 -15.617 115.641
3534 -61.515 185.831
3535 -84.871 -113.76
3536 101.663 7.055
3537 188.165 51.428
3538 -97.723 -106.844
3539 144.816 -104.723
3540 112.937 -137.826
3541 106.776 -119.104
3542 84.544 -153.052
3543 98.777 -67.001
3544 -90.752 -139.32
3545 133.419 -94.755
3546 -149.347 65.565
3547 13.856 -185.512
3548 -89.647 -186.606
3549 56.853 -34.869
3550 229.693 23.519
3551 -69.036 188.071
3552 -97.98 110.801
3553 196.089 -96.345
3554 -32.008 -144.403
3555 195.147 42.014
3556 -76.556 -90.02
3557 -103.535 170.866
3558 116.307 -165.308
3559 159.758 -150.776
3560 10.122 117.391
3561 212.434 -7.207
3562 113.595 -143.111
3563 -140.476 46.595
3564 -24.852 38.241
3565 180.903 -11.613
3566 -142.405 -126.81
3567 29.053 -58.056
3568 38.915 205.8
3569 95.484 57.147
3570 99.664 -147.588
3571 1.51 138.971
3572 -164.905 58.019
3573 -79.88 -142.979
3574 59.305 145.895
3575 -76.031 18.997
3576 -39.506 6.65
3577 -100.813 -14.031
3578 148.259 96.222
3579 -155.008 78.539
3580 21.511 -87.071
3581 203.394 -86.025
3582 14.337 -110.473
3583 -103.979 -160.765
3584 214.47 39.922
3585 152.768 54.013
3586 -173.778 28.837
3587 -100.691 -77.89
3588 168.688 147.495
3589 -107.315 68.294
3590 -193.548 34.569
3591 131.186 -2.555
3592 -169.208 -107.548
3593 193.732 43.064
3594 -23.157 29.039
3595 175.03 -2.049
3596 -122.096 -88.567
3597 192.366 -13.06
3598 184.93 96.889
3599 230.264 6.286
3600 108.224 132.351
3601 -9.855 141.822
3602 221.421 26.151
3603 35.994 -50.937
3604 33.693 -115.499
3605 -35.571 -202.936
3606 -167.042 48.678
3607 176.571 -65.935
3608 197.002 -52.519
3609 -193.358 69.614
3610 57.405 109.937
3611 -172.622 -95.452
3612 94.13 47.082
3613 84.656 -138.358
3614 199.497 -0.161
3615 -3.306 -27.631
3616 -129.235 -161.969
3617 156.538 99.819
3618 144.199 -22.11
3619 30.186 0.06
3620 -45.465 -30.626
3621 183.342 122.073
3622 135.716 -110.674
3623 -110.183 89.584
3624 -115.406 107.004
3625 -23.892 160.299
3626 166.685 109.814
3627 214.019 -17.25
3628 -109.531 -124.408
3629 124.654 -28.673
3630 116.017 -158.706
3631 129.798 -89.968
3632 213.793 88.754
3633 183.647 139.029
3634 -85.12 48.364
3635 91.096 -19.778
3636 -16.344 -147.656
3637 -198.873 -5.33
3638 167.823 33.993
3639 63.374 174.885
3640 221.883 -16.813
3641 202.446 34.376
3642 -48.343 184.606
3643 -94.364 -60.223
3644 -104.424 109.802
3645 74.354 -195.185
3646 189.568 -121.214
3647 27.441 126.975
3648 -121.396 41.368
3649 216.933 19.31
3650 -40.397 153.969
3651 128.152 -67.661
3652 -87.925 160.321
3653 99.544 -14.066
3654 197.986 -15.471
3655 110.426 -0.166
3656 79.888 11.567
3657 139.483 144.805
3658 -126.705 -8.638
3659 -197.976 37.039
3660 45.809 -7.177
3661 -129.876 59.98
3662 -115.474 16.644
3663 116.198 -92.527
3664 157.294 -79.323
3665 184.174 -64.618
3666 -158.912 14.991
3667 -88.859 -91.98
3668 36.144 185.73
3669 -182.352 0.667
3670 -166.17 126.822
3671 -90.894 164.514
3672 52.096 -174.927
3673 140.267 -21.112
3674 80.3 130.514
3675 18.632 -79.279
3676 -101.857 141.503
3677 24.57 -13.578
3678 -73.272 30.362
3679 25.403 -90.705
3680 -120.723 -163.186
3681 27.323 -71.677
3682 134.096 -62.392
3683 -52.793 131.722
3684 -102.534 116.5
3685 -156.071 84.098
3686 164.781 -116.701
3687 -40.247 -117.099
3688 116.184 58.409
3689 159.728 -71.898
3690 -158.033 -122.32
3691 84.106 -106.02
3692 -116.924 142.998
3693 135.901 -60.882
3694 7.181 42.379
3695 -93.941 57.326
3696 222.811 30.691
3697 -200.479 49.229
3698 -129.732 32.98
3699 184.892 57.38
3700 49.823 -188.161
3701 -104.737 116.919
3702 -176.578 -82.814
3703 210.98 -2.641
3704 10.115 -168.099
3705 -67.677 -59.419
3706 86.827 -134.245
3707 144.702 -113.145
3708 21.207 150.762
3709 140.495 90.596
3710 100.084 -131.589
3711 158.852 -51.624
3712 201.962 35.548
3713 87.098 125.495
3714 44.316 147.51
3715 10.526 123.704
3716 162.361 -125.781
3717 44.9 -39.539
3718 155.089 166.563
3719 106.856 19.737
3720 -179.763 37.868
3721 73.104 -136.748
3722 -72.114 -2.854
3723 -57.02 -67.618
3724 -64.034 -28.2
3725 -0.983 36.978
3726 -95.171 30.073
3727 -197.385 -48.159
3728 -39.359 -10.655
3729 55.243 216.942
3730 154.708 -144.942
3731 -169.814 -6.265
3732 -113.911 156.229
3733 -67.156 -150.964
3734 177.502 11.45
3735 -167.208 -56.033
3736 73.587 -139.027
3737 -39.394 -180.148
3738 -151.873 -95.986
3739 100.795 46.824
3740 50.51 -173.598
3741 -43.821 -14.99
3742 109.35 81.464
3743 68.352 -69.771
3744 160.585 159.634
3745 -34.974 -207.885
3746 61.919 149.472
3747 -116.074 -62.382
3748 -74.909 131.503
3749 -21.846 105.853
3750 188.235 74.657
3751 18.018 -157.941
3752 -120.432 80.939
3753 -139.76 -27.445
3754 210.095 62.453
3755 13.064 90.654
3756 -131.021 150.151
3757 -32.307 -29.414
3758 176.427 66.837
3759 70.8 158.562
3760 43.303 178.086
3761 -8.335 161.996
3762 -90.203 58.5
3763 -149.942 -125.397
3764 67.416 -198.374
3765 15.404 -156.421
3766 35.258 191.789
3767 21.987 -11.901
3768 -174.764 32.061
3769 93.468 -135.526
3770 57.26 -52.742
3771 -206.189 6.613
3772 58.735 153.582
3773 123.175 56.835
3774 158.859 -50.555
3775 -112.887 -35.2
3776 -181.297 26.04
3777 103.17 67.337
3778 164.246 -65.242
3779 -80.072 185.294
3780 161.144 -36.555
3781 213.379 -67.519
3782 -105.024 121.95
3783 175.028 -96.106
3784 199.712 31.343
3785 75.367 175.475
3786 57.612 213.756
3787 -66.032 25.393
3788 -40.134 -126.456
3789 223.64 49.811
3790 -197.353 24.022
3791 -75.92 170.608
3792 -43.383 -32.772
3793 -52.544 162.718
3794 -91.424 10.741
3795 -103.085 -9.981
3796 58.934 194.18
3797 -101.715 97.945
3798 37.857 141.546
3799 155.299 -102.212
3800 -137.017 54.333
3801 48.631 -86.714
3802 174.632 -10.86
3803 193.793 113.031
3804 157.423 133.166
3805 200.307 80.303
3806 -56.99 94
3807 46.108 68.873
3808 -51.051 -16.036
3809 -176.817 32.991
3810 199.606 34.715
3811 229.388 5.64
3812 160.063 -98.911
3813 230.023 1.698
3814 76.266 62.203
3815 71.113 -193.462
3816 3.51 -58.001
3817 118.394 -173.754
3818 -158.247 121.913
3819 193.419 110.505
3820 168.464 106.719
3821 46.284 35.207
3822 164.921 135.791
3823 -22.046 71.609
3824 -136.956 130.133
3825 208.2 39.41
3826 155.657 100.335
3827 106.333 186.073
3828 -135.619 -124.052
3829 169.664 -73.063
3830 6.672 -171.739
3831 -96.862 97.848
3832 39.909 79.617
3833 173.071 104.616
3834 -130.262 62.67
3835 130.249 92.1
3836 4.554 15.321
3837 219.362 -0.658
3838 -34.994 213.807
3839 -22.599 204.964
3840 -102.899 56.325
3841 -28.168 105.758
3842 -107.155 -83.67
3843 126.925 154.822
3844 25.225 19.383
3845 219.379 40.984
3846 78.486 168.324
3847 24.552 208.495
3848 217.975 -20.577
3849 51.218 101.668
3850 73.614 140.679
3851 133.411 -6.872
3852 -177.556 49.736
3853 42.246 -120.463
3854 -22.718 -17.13
3855 -112.086 5.975
3856 191.648 -19.656
3857 -72.642 -8.849
3858 -177.418 -78.757
3859 53.881 186.172
3860 -127.737 -107.528
3861 194.029 -111.028
3862 -162.633 96.623
3863 78.831 -57.777
3864 5.193 64.859
3865 151.157 -25.703
3866 60.538 -64.56
3867 124.234 -47.818
3868 141.844 6.856
3869 136.836 -66.934
3870 156.738 -1.537
3871 -51.813 -6.465
3872 214.245 -6.909
3873 -1.492 -12.938
3874 -33.375 -79.41
3875 52.63 102.13
3876 -155.527 -14.114
3877 181.721 28.085
3878 -188.46 -32.797
3879 40.983 -58.733
3880 -174.143 33.495
3881 148.104 -73.014
3882 -0.137 127.638
3883 49.447 -1.202
3884 -96.313 17.59
3885 65.511 54.906
3886 154.148 101.339
3887 44.716 64.873
3888 133.115 -103.844
3889 68.653 -88.308
3890 33.076 112.459
3891 66.566 -170.81
3892 -189.832 -15.422
3893 225.278 -18.117
3894 -159.49 -108.973
3895 -46.636 -17.22
3896 133.065 -60.932
3897 52.068 -45.471
3898 -44.04 -18.787
3899 62.541 154.092
3900 20.397 -94.519
3901 214.143 4.483
3902 17.14 -164.642
3903 10.811 -79.683
3904 -132.23 127.032
3905 -37.806 141.501
3906 76.383 -150.803
3907 -10.739 80.005
3908 -23.164 -116.42
3909 115.56 23.841
3910 -78.026 98.535
3911 35.096 -37.819
3912 -15.334 137.877
3913 62.656 130.277
3914 215.87 2.27
3915 106.276 53.998
3916 -143.367 7.648
3917 223.403 22.334
3918 -177.333 53.092
3919 87.587 26.657
3920 119.064 -53.411
3921 -57.824 -119.526
3922 136.069 -9.459
3923 46.039 -94.394
3924 2.016 -35.136
3925 165.086 -94.62
3926 19.19 152.75
3927 21.573 33.758
3928 138.046 55.222
3929 104.807 -86.721
3930 -34.21 4.011
3931 102.389 203.556
3932 191.825 -106.212
3933 165.111 -86.292
3934 170.592 -17.494
3935 -176.458 -102.922
3936 -152.176 144.98
3937 144.194 63.919
3938 -82.087 -4.456
3939 -176.144 -15.653
3940 95.653 198.292
3941 -28 -32.481
3942 46.575 124.818
3943 173.274 -38.044
3944 -5.64 34.335
3945 213.675 -1.042
3946 -40.171 75.492
3947 183.558 109.732
3948 -197.863 -45.391
3949 185.459 -21.453
3950 -173.15 30.126
3951 -9.119 -82.03
3952 203.144 6.041
3953 -163.98 -37.543
3954 201.63 54.755
3955 -164.583 68.561
3956 -47.422 206.599
3957 226.576 -31.876
3958 180.977 -51.658
3959 -194.28 -67.204
3960 -117.258 -59.853
3961 -68.085 54.326
3962 27.127 -107.512
3963 46.322 -155.506
3964 85.328 179.527
3965 -116.617 -119.592
3966 -151.513 12.591
3967 162.436 97.313
3968 102.342 -127.93
3969 195.962 73.043
3970 -34.348 -195.762
3971 -22.385 -88.57
3972 87.125 -99.578
3973 -186.609 51.237
3974 5.275 -128.459
3975 176.826 -113.659
3976 23.591 -163.205
3977 -117.404 153.157
3978 -137.912 33.869
3979 100.938 -153.359
3980 120.839 156.864
3981 -93.411 114.369
3982 -119.192 -142.943
3983 144.901 -21.797
3984 107.337 -73.462
3985 98.002 75.588
3986 -4.997 -80.56
3987 56.101 176.058
3988 -157.16 -12.701
3989 42.129 -78.899
3990 88.2 -0.143
3991 147.589 -44.009
3992 21.792 33.727
3993 -102.647 -76.318
3994 9.315 -42.577
3995 -160.749 68.785
3996 117.76 -156.671
3997 226.857 -33.82
3998 34.557 208.672
3999 206.401 57.939
4000 25.904 -148.05
4001 205.735 -42.193
4002 -23.55 -34.361
4003 132.804 -31.751
4004 -113.739 -150.221
4005 197.49 12.713
4006 78.149 192.059
4007 -32.428 -188.806
4008 -115.224 112.432
4009 190.722 37.633
4010 -206.6 -11.568
4011 -182.248 104.676
4012 198.239 120.031
4013 64.985 130.641
4014 -60.041 113.846
4015 210.1 -54.446
4016 -131.714 109.537
4017 33.805 -4.512
4018 -26.173 129.711
4019 181.897 118.698
4020 -57.941 18.73
4021 -136.385 -98.67
4022 105.474 -44.735
4023 -48.627 -31.212
4024 -43.266 98.874
4025 145.122 -74.28
4026 24.866 -95.066
4027 5.964 -157.667
4028 -205.502 -10.605
4029 -25.779 86.604
4030 194.19 119.886
4031 -164.374 -72.157
4032 -29.954 80.159
4033 -15.524 49.625
4034 183.38 8.214
4035 205.404 91.194
4036 -136.386 152.889
4037 142.122 167.513
4038 -200.49 -47.091
4039 -102.507 -48.4
4040 -15.836 125.633
4041 84.947 -12.101
4042 -124.606 77.804
4043 -61.303 -98.72
4044 -134.102 163.144
4045 -201.112 -13.498
4046 -130.969 58.107
4047 -30.493 189.227
4048 76.015 144.979
4049 111.224 -56.706
4050 165.696 -52.292
4051 9.835 -34.687
4052 140.021 15.939
4053 49.044 84.83
4054 94.777 55.937
4055 -17.454 -101.597
4056 64.13 -95.041
4057 135.31 174.541
4058 -87.462 51.361
4059 173.245 -14.086
4060 -194.987 10.106
4061 217.763 -63.848
4062 -110.784 119.518
4063 -188.958 67.155
4064 26.992 -121.053
4065 -196.149 -56.724
4066 67.376 146.528
4067 225.083 -33.654
4068 -184.394 -56.904
4069 101.547 -77.306
4070 -178.742 -37.919
4071 157.24 -92.435
4072 55.572 -79.95
4073 193.129 -16.681
4074 19.807 82.992
4075 -40.578 -195.921
4076 -142.162 158.576
4077 209.075 34.294
4078 13.656 -116.163
4079 180.237 -83.897
4080 165.583 86.589
4081 -182.473 99.083
4082 -60.587 25.229
4083 -91.73 -162.681
4084 -193.828 -46.951
4085 210.09 34.622
4086 -67.214 159.508
4087 -35.941 47.32
4088 5.542 -154.198
4089 72.384 51.658
4090 43.559 191.584
4091 17.24 -9.531
4092 -162.279 -53.127
4093 194.126 106.526
4094 101.835 71.398
4095 -148.449 -113.456
4096 48.733 -169.029
4097 80.982 162.148
4098 127.777 -116.791
4099 88.849 -61.695
4100 -62.107 -133.652
4101 -173.776 122.18
4102 84.417 -97.543
4103 -157.855 7.869
4104 161.798 -59.667
4105 -201.693 12.834
4106 -190.205 64.195
4107 -103.801 -38.986
4108 -179.917 -58.491
4109 225.864 22.399
4110 175.1 -33.757
4111 -109.146 -34.7
4112 -102.631 35.431
4113 -108.036 62.538
4114 218.39 72.39
4115 84.826 -124.448
4116 38.71 -188.081
4117 -51.816 -103.271
4118 175.076 -104.028
4119 -136.507 -14.618
4120 -45.398 160.752
4121 4.028 -115.218
4122 -55.934 125.806
4123 -179.388 -84.954
4124 -106.399 105.732
4125 -42.072 88.58
4126 -47.236 -43.174
4127 192.735 -59.072
4128 14.888 -31.917
4129 -37.123 189.123
4130 75.791 167.912
4131 -69.841 -159.785
4132 -67.458 39.097
4133 15.469 166.774
4134 71.136 5.203
4135 69.787 -19.966
4136 2.453 108.243
4137 120.163 68.017
4138 188.401 -18.096
4139 -138.805 148.93
4140 -185.252 74.084
4141 160.458 -111.582
4142 -140.112 79.331
4143 212.394 67.634
4144 -112.033 -11.962
4145 -185.156 53.858
4146 190.76 -8.603
4147 -24.689 15.925
4148 22.763 191.109
4149 14.268 185.329
4150 -147.572 -44.435
4151 -5.614 60.161
4152 138.798 74.938
4153 -196.858 9.413
4154 -59.76 -99.987
4155 14.85 -176.933
4156 170.772 77.996
4157 223.683 12.48
4158 209.738 32.475
4159 -75.092 -66.348
4160 8.583 -124.648
4161 198.286 40.988
4162 100.026 -84.197
4163 -134.995 51.002
4164 -51.379 -87.418
4165 -57.234 -38.473
4166 -192.921 -12.479
4167 146.787 120.998
4168 -46.967 -96.828
4169 63.008 170.553
4170 -56.9 210.775
4171 168.929 -84.66
4172 -101.335 -94.173
4173 -190.83 -65.891
4174 206.345 76.053
4175 83.343 27.396
4176 -7.707 152.817
4177 49.991 -50.359
4178 91.972 -83.135
4179 97.411 -21.17
4180 84.371 -122.666
4181 159.487 137.399
4182 104.425 -163.381
4183 149.257 83.138
4184 0.243 151.228
4185 -58.885 21.892
4186 167.671 -50.72
4187 -19.677 -108.79
4188 -60.185 -191.405
4189 213.511 -66.115
4190 -44.914 -183.472
4191 190.672 126.388
4192 -153.223 -72.981
4193 -62.213 -32.315
4194 -11.657 183.673
4195 -161.228 -104.731
4196 -24.125 -111.436
4197 -139.146 139.632
4198 -53.35 -123.58
4199 -36.47 -152.903
4200 0.759 98.443
4201 -116.612 -108.335
4202 172.192 127.244
4203 170.774 112.93
4204 122.511 -115.339
4205 102.964 159.812
4206 2.17 -175.787
4207 125.309 185.284
4208 -55.879 104.452
4209 85.689 25.401
4210 189.745 28.361
4211 137.823 108.126
4212 -199.314 10.05
4213 -129.191 -78.395
4214 121.457 75.611
4215 9.175 195.376
4216 -83.534 -15.386
4217 21.466 32.163
4218 -113.441 72.596
4219 -159.375 -33.912
4220 -33.196 -42.965
4221 80.028 87.05
4222 194.041 71.765
4223 -127.468 71.017
4224 -194.176 22.32
4225 -19.945 73.913
4226 -69.919 -70.999
4227 50.985 22.626
4228 -15.727 219.016
4229 57.351 -202.849
4230 -96.639 -54.867
4231 56.254 -76.3
4232 -75.042 -164.228
4233 164.306 107.014
4234 -89.308 -152.87
4235 -149.13 -125.631
4236 66.036 210.059
4237 -77.723 120.293
4238 -90.278 30.758
4239 39.642 -45.118
4240 222.627 -2.021
4241 46.535 -74.12
4242 191.351 -21.94
4243 81.533 192.434
4244 -161.424 127.471
4245 61.253 -199.7
4246 -90.23 -31.868
4247 212.113 -0.713
4248 -37.284 -11.44
4249 205.169 30.211
4250 -121.854 -132.611
4251 -102.28 166.665
4252 -65.547 -25.042
4253 143.301 -23.784
4254 -52.701 -91.912
4255 -97.589 135.965
4256 116.856 -98.337
4257 -81.172 51.059
4258 -191.16 -44.411
4259 -170.822 -49.984
4260 -105.517 -28.168
4261 104.914 -156.506
4262 60.101 -27.585
4263 -23.994 -28.209
4264 -25.711 0.515
4265 26.846 151.199
4266 -70.674 -133.444
4267 143.284 -13.41
4268 14.951 -114.775
4269 17.027 71.188
4270 -146.65 39.173
4271 -66.078 -98.844
4272 -39.134 50.314
4273 -146.431 68.888
4274 -24.781 -94.794
4275 149.159 -122.373
4276 -200.085 42.489
4277 -26.733 66.947
4278 -25.107 -142.571
4279 17.706 106.968
4280 -9.048 70.721
4281 46.549 10.874
4282 -81.95 -144.198
4283 17.623 -147.477
4284 -110.672 -151.623
4285 139.494 -26.332
4286 226.542 -33.487
4287 -12.622 -50.345
4288 8.956 -59.693
4289 94.879 88.825
4290 38.537 162.84
4291 -140.8 51.576
4292 -185.39 93.519
4293 -187.173 33.738
4294 72.802 202.67
4295 119.63 67.542
4296 -109.188 66.521
4297 155.752 -28.052
4298 172.572 -119.864
4299 229.51 -1.194
4300 -185.395 43.333
4301 -106.32 150.73
4302 -38.953 -49.702
4303 -88.072 182.159
4304 -134.235 5.323
4305 22.779 72.335
4306 -103.826 -171.334
4307 -6.747 5.313
4308 -138.095 -133.901
4309 222.294 62.632
4310 211.53 16.732
4311 -23.335 -140.212
4312 -23.835 168.005
4313 63.763 -1.928
4314 129.743 -22.376
4315 61.287 168.376
4316 -158.288 -11.794
4317 -114.664 114.082
4318 97.063 170.05
4319 -10.97 -184.669
4320 185.198 -72.417
4321 78.218 24.257
4322 156.752 8.807
4323 -63.253 -7.031
4324 205.665 -80.472
4325 216.652 59.777
4326 174.221 -103.426
4327 74.941 143.739
4328 -84.623 51.966
4329 177.549 -80.411
4330 -199.218 13.855
4331 -77.06 -2.204
4332 172.759 71.307
4333 18.927 96.343
4334 -155.472 31.398
4335 214.912 39.964
4336 14.497 90.629
4337 99.908 -85.412
4338 -55.662 103.693
4339 -55.26 -51.148
4340 -32.428 -93.392
4341 167.04 -70.464
4342 -43.26 -31.432
4343 -61.656 26.96
4344 -112.985 67.908
4345 113.481 -106.822
4346 91.888 -71.215
4347 -162.169 117.069
4348 179.866 -125.949
4349 -103.305 106.477
4350 37.674 -108.439
4351 -163.062 67.737
4352 130.84 101.035
4353 213.816 72.171
4354 -101.48 -70.814
4355 42.149 99.887
4356 57.646 -14.337
4357 204.648 -88.866
4358 -31.831 41.712
4359 118.751 177.229
4360 73.848 -94.327
4361 -34.131 31.234
4362 55.538 -86.156
4363 95.232 116.216
4364 37.829 69.537
4365 187.316 35.665
4366 -108.561 107.136
4367 221.579 -19.865
4368 176.383 110.957
4369 0.751 120.573
4370 185.442 73.182
4371 -116.527 -78.968
4372 5.744 -21.147
4373 -186.016 -26.523
4374 -139.198 -153.24
4375 203.877 75.264
4376 -190.601 60.834
4377 -136.323 30.733
4378 126.339 168.498
4379 -63.872 156.476
4380 -62.728 39.147
4381 -153.19 58.963
4382 -169.438 127.26
4383 39.708 -119.184
4384 135.85 -171.157
4385 80.276 -54.093
4386 207.008 -82.091
4387 -180.814 82.103
4388 -103.945 -62.477
4389 219.124 50.812
4390 -115.751 -119.68
4391 177.702 25.67
4392 -144.088 62.433
4393 201.018 -22.589
4394 -151.873 -23.515
4395 129.646 -30.772
4396 64.719 -202.723
4397 -111.896 152.113
4398 166.811 -85.752
4399 31.058 -105.832
4400 -9.356 136.412
4401 -152.899 -74.009
4402 -59.887 -1.003
4403 10.005 21.026
4404 -101.328 -175.167
4405 -27.392 166.809
4406 130.024 95.127
4407 -13.09 -38.837
4408 -153.98 -34.169
4409 150.201 -110.195
4410 -82.653 -159.073
4411 -93.276 -40.359
4412 171.151 24.766
4413 60.855 168
4414 185.691 102.826
4415 160.586 26.674
4416 180.51 34.245
4417 73.068 -197.409
4418 143.037 4.634
4419 -97.787 -35.268
4420 -132.204 -135.285
4421 11.813 207.997
4422 -59.069 76.345
4423 -171.791 96.828
4424 -65.52 190.072
4425 -206.171 20.211
4426 -44.817 201.127
4427 -23.508 206.638
4428 10.815 188.866
4429 7.685 22.561
4430 -97.245 -69.389
4431 167.031 35.786
4432 193.142 -61.59
4433 77.839 171.126
4434 -37.486 -133.609
4435 -98.306 142.996
4436 127.823 -110.838
4437 -35.637 -43.872
4438 -62.667 120.208
4439 -106.684 -150.7
4440 -0.412 10.744
4441 68.491 -63.062
4442 121.877 112.419
4443 -160.124 40.77
4444 187.03 18.339
4445 168.662 146.645
4446 92.871 134.577
4447 172.953 49.634
4448 76.967 -153.419
4449 175.002 75.495
4450 131.649 -56.672
4451 31.082 208.622
4452 207.705 67.839
4453 93.023 -14.953
4454 -72.249 -125.059
4455 -46.915 129.116
4456 -101.377 150.4
4457 221.415 1.133
4458 -59.369 -61.447
4459 -68.188 156.976
4460 192.881 61.967
4461 -8.859 -39.565
4462 -148.558 -5.307
4463 91.013 144.098
4464 -203.713 24.022
4465 -168.954 118.899
4466 127.18 -43.476
4467 -90.17 -80.064
4468 142.767 97.014
4469 -14.707 -103.083
4470 42.251 -74.577
4471 -199.666 41.065
4472 155.377 116.954
4473 134.18 95.102
4474 -57.505 -72.338
4475 168.98 -39.076
4476 227.833 2.314
4477 -42.425 205.9
4478 53.304 35
4479 -128.259 -107.698
4480 80.906 -75.123
4481 -84.162 126.96
4482 38.105 -3.534
4483 21.451 -89.599
4484 -49.553 189.531
4485 171.847 99.103
4486 143.111 63.18
4487 81.57 -160.163
4488 133.831 -82.978
4489 33.911 -85.658
4490 -73.695 -107.516
4491 168.947 129.138
4492 -127.351 -44.476
4493 -106.012 153.408
4494 -33.988 -62.298
4495 -192.475 46.742
4496 -91.05 78.2
4497 226.96 -16.938
4498 -33.903 -57.958
4499 -28.872 -67.802
4500 167.617 -119.418
4501 -84.359 -69.205
4502 30.617 142.352
4503 -99.267 120.651
4504 227.019 -7.628
4505 213.209 -12.596
4506 108.518 -116.766
4507 -74.152 -164.611
4508 195.992 19.3
4509 216.903 70.145
4510 -31.565 215.672
4511 -108.151 109.439
4512 -101.382 141.857
4513 -135.486 78.958
4514 -197.509 -29.198
4515 44.988 179.877
4516 -100.789 -121.94
4517 -101.044 166.272
4518 -108.591 -148.281
4519 81.02 -101.91
4520 44.088 218.248
4521 215.522 3.266
4522 134.781 -165.041
4523 194.238 -2.516
4524 -179.457 3.125
4525 -52.746 121.049
4526 3.252 -11.272
4527 46.704 -48.327
4528 -102.155 44.778
4529 129.632 11.961
4530 38.844 -196.95
4531 181.573 -97.72
