%%index real_part   imaginary_part
2742 2742 2742
1 6.919 18.536
2 12.148 20.191
3 6.596 -19.166
4 25.79 7.73
5 3.073 -3.375
6 27.782 -10.667
7 9.945 7.915
8 -3.425 19.551
9 37.855 11.312
10 13.891 16.714
11 -3.859 -14.289
12 16.49 28.603
13 12.737 -16.802
14 15.943 33.223
15 12.247 -21.217
16 -8.7 -14.307
17 9.256 28.274
18 12.524 -17.473
19 9.269 -18.322
20 21.839 23.244
21 -24.73 3.419
22 7.572 -25.802
23 34.991 16.559
24 11.844 7.364
25 -13.665 -16.086
26 18.847 21.338
27 -6.805 -3.065
28 -12.764 12.936
29 -7.534 20.336
30 3.499 -21.813
31 -8.165 24.654
32 10.469 4.002
33 -19.828 -3.91
34 14.176 -20.032
35 22.138 30.391
36 -16.766 18.213
37 5.452 29.223
38 10.736 -7.881
39 27.638 15.677
40 10.603 25.958
41 13.464 -4.044
42 -6.943 -18.51
43 26.059 15.398
44 29.982 20.941
45 6.317 3.433
46 19.954 -4.611
47 -19.991 -9.538
48 -20.79 -9.963
49 4.809 25.61
50 -16.567 -12.204
51 2.799 -25.741
52 29.966 -5.651
53 15.248 -14.006
54 -4.149 17.812
55 -9.56 -15.722
56 -25.025 7.772
57 -13.824 26.569
58 28.256 27.185
59 9.604 -24.93
60 -17.787 22.583
61 20.98 19.305
62 -16.862 1.39
63 -0.467 16.991
64 31.199 8.575
65 12.719 -16.106
66 -12.916 8.501
67 -3.396 -4.978
68 -10.316 5.387
69 37.028 7.545
70 -10.982 16.128
71 34.193 7.808
72 26.104 -5.008
73 36.101 11.817
74 -22.061 14.304
75 -17.398 10.508
76 -11.023 22.179
77 11.457 -5.879
78 9.281 -19.229
79 -11.478 23.885
80 -12.772 2.706
81 -23.312 15.01
82 9.479 -0.869
83 6.998 12.408
84 -9.272 22.839
85 21.533 32.287
86 -3.258 -24.126
87 -8.732 -16.955
88 36.783 7.547
89 22.417 23.636
90 8.092 -18.014
91 38.112 0.999
92 -21.009 -2.756
93 -22.09 9.424
94 -18.738 -13.771
95 -7.389 -16.013
96 -10.81 -8.557
97 29.166 -10.364
98 31.577 7.368
99 28.506 12.142
100 9.438 -0.347
101 17.818 12.341
102 3.203 -13.014
103 -13.845 -2.699
104 23.293 2.777
105 -0.753 30.385
106 -1.801 6.44
107 -0.121 -25.113
108 7.881 17.854
109 17.937 -15.143
110 2.341 13.089
111 23.07 -0.198
112 0.653 19.842
113 13.894 24.599
114 11.553 27.121
115 -21.144 18.351
116 23.401 -16.612
117 -0.925 11.789
118 -12.748 -2.127
119 -4.665 -7.422
120 0.418 -9.503
121 -18.49 14.29
122 8.543 18.483
123 -9.645 15.479
124 -21.212 2.727
125 27.552 -11.111
126 -11.291 5.237
127 -13.4 27.834
128 0.249 -3.447
129 37.67 6.101
130 25.197 -4.789
131 10.992 12.655
132 -13.188 -10.329
133 -1.521 19.159
134 -1.515 -6.806
135 32.456 14.411
136 17.856 -17.789
137 -17.422 -4.577
138 4.175 22.229
139 -19.291 -12.96
140 23.566 -18.559
141 33.616 2.112
142 22.515 -15.034
143 2.01 27.599
144 -25.131 3.74
145 24.507 2.839
146 17.09 -11.441
147 33.676 9.028
148 -4.526 33.693
149 -16.133 12.039
150 -8.579 5.688
151 21.396 -7.404
152 31.077 2.58
153 8.739 -3.158
154 24.677 27.926
155 37.533 -0.081
156 -7.541 8.968
157 -25.183 2.69
158 -21.432 15.55
159 0.01 -1.645
160 13.027 -22.54
161 12.829 1.566
162 1.22 14.526
163 -1.666 7.492
164 17.611 -18.919
165 33.393 -5.897
166 5.764 10.42
167 -2.58 -3.281
168 -22.787 -7.263
169 -12.003 10.838
170 -3.713 1.21
171 -16.323 3.727
172 -9.741 5.495
173 33.956 16.727
174 -3.019 7.234
175 -22.564 15.024
176 22.042 6.783
177 -19.287 -3.522
178 28.559 -2.067
179 -14.249 1.245
180 -5.016 -10.465
181 -21.47 -7.454
182 -13.691 -15.128
183 21.433 -23.293
184 17.316 -9.113
185 27.747 17.42
186 11.128 5.257
187 13.533 1.292
188 35.14 13.992
189 2.979 -2.44
190 -8.314 -12.653
191 17.425 -0.462
192 18.08 -12.233
193 13.392 34.152
194 26.018 -0.138
195 20.471 -19.692
196 31.553 -11.814
197 -16.958 2.078
198 3.342 12.835
199 33.407 6.893
200 38.226 -1.152
201 38.008 4.51
202 -24.066 0.233
203 16.552 -23.389
204 32.201 5.043
205 22.342 12.247
206 -15.195 -1.022
207 -11.027 22.157
208 7.918 -0.464
209 -13.794 0.857
210 -18.802 -11.737
211 -5.205 1.653
212 7.214 -22.504
213 9.232 0.907
214 33.531 14.148
215 -24.685 7.282
216 7.664 -5.77
217 -21.9 17.486
218 -23.306 -5.044
219 0.995 21.735
220 -16.436 9.493
221 -2.818 4.263
222 -5.357 24.026
223 -0.19 -14.986
224 -22.406 4.397
225 -3.152 26.226
226 -14.14 -14.008
227 0.332 7.182
228 -25.162 5.94
229 3.74 22.146
230 26.44 20.878
231 -22.356 -4.774
232 -23.627 15.934
233 23.524 -5.923
234 -2.429 -1.798
235 28.732 -14.239
236 -6.654 13.043
237 30.086 14.102
238 -6.885 -22.044
239 -7.195 -6.042
240 -13.383 20.115
241 30.538 24.337
242 -14.33 -4.405
243 1.705 14.075
244 4.169 -10.607
245 25.88 6.159
246 -6.689 14.824
247 -16.381 -8.745
248 1.626 -15.659
249 21.48 2.181
250 -24.311 -5.163
251 15.402 -7.299
252 -20.707 1.559
253 23.32 29.119
254 22.681 18.062
255 2.839 26.642
256 26.896 13.264
257 24.175 9.607
258 -4.963 3.215
259 28.237 4.111
260 -19.473 11.298
261 -11.587 21.921
262 3.116 22.449
263 10.839 28.798
264 -12.04 25.483
265 29.547 -9.343
266 -2.508 28.994
267 17.746 6.808
268 -0.221 -15.304
269 -22.046 13.245
270 -22.856 2.283
271 36.654 -6.671
272 -16.93 -11.551
273 15.942 28.754
274 -4.507 -21.485
275 16.384 22.239
276 -16.75 8.582
277 13.646 17.945
278 -9.692 26.963
279 12.408 24.159
280 -23.616 12.581
281 -6.909 21.478
282 3.394 -14.657
283 34.486 10.715
284 26.669 26.85
285 20.994 13.533
286 -22.457 9.799
287 15.885 7.969
288 13.719 21.178
289 3.591 -17.384
290 -1.971 13.175
291 2.055 -23.633
292 37.408 8.646
293 -13.277 -13.977
294 30.602 -1.292
295 37.784 -0.876
296 9.214 -27.019
297 19.112 12.159
298 36.626 2.521
299 33.445 0.524
300 -3.602 5.922
301 0.994 26.185
302 4.497 7.811
303 12.616 7.155
304 3.727 -18.694
305 34.931 16.586
306 15.237 -9.72
307 -7.185 16.554
308 -12.327 18.534
309 24.425 18.757
310 -11.843 -15.154
311 -16.606 14.006
312 19.36 -3.252
313 19.079 5.218
314 -3.732 22.016
315 15.489 20.571
316 -23.219 14.965
317 -1.995 -1.511
318 27.511 20.115
319 13.679 4.813
320 9.223 10.349
321 -21.083 6.636
322 24.203 -11.123
323 -20.394 1.252
324 24.201 21.426
325 -8.434 13.851
326 9.659 -16.001
327 -20.963 -1.215
328 -25.058 -1.376
329 2.869 -5.347
330 -11.663 3.733
331 -8.82 26.537
332 30.786 24.983
333 -17.899 8.284
334 -12.324 14.612
335 22.328 -8.461
336 -23.571 15.696
337 0.496 -12.377
338 -11.169 2.088
339 35.896 13.826
340 -8.412 -9.143
341 14.218 27.334
342 0.461 2.182
343 9.175 18.371
344 11.65 -2.437
345 3.889 1.042
346 -1.293 3.692
347 5.673 -26.76
348 21.345 31.916
349 9.035 -21.346
350 -9.368 -14.379
351 20.328 32.056
352 -20.17 1.979
353 20.365 26.427
354 29.735 19.967
355 -18.049 9.617
356 -9.638 27.026
357 17.005 -0.834
358 18.241 22.034
359 30.021 17.214
360 31.338 12.288
361 35.919 3.398
362 4.198 25.784
363 30.878 8.414
364 -7.106 -23.775
365 28.861 15.602
366 4.99 -27.509
367 17.652 18.341
368 -1.785 23.36
369 32.918 -10.599
370 16.113 -22.56
371 9.186 -6.043
372 -18.061 3.307
373 1.737 25.74
374 12.333 3.708
375 16.85 25.642
376 -1.614 -8.631
377 6.037 -26.839
378 1.379 -11.955
379 4.323 -24.038
380 11.35 -14.001
381 36.732 -1.874
382 7.869 -20.889
383 30.857 6.423
384 37.582 -1.941
385 22.99 30.74
386 12.714 31.185
387 36.047 2.53
388 27.013 -18.25
389 21.271 -14.649
390 -7.477 -11.049
391 -9.076 15.923
392 -17.354 12.321
393 4.699 11.074
394 22.806 29.172
395 26.236 24.62
396 14.172 -7.481
397 10.051 -6.421
398 -16.855 1.847
399 37.648 2.071
400 22.17 4.011
401 13.713 21.252
402 10.724 22.742
403 -21.419 -0.048
404 12.281 8.75
405 -23.494 11.928
406 35.346 13.498
407 35.387 4.418
408 7.906 6.745
409 10.348 17.508
410 -16.593 -10.222
411 -8.431 -22.591
412 -10.282 20.76
413 -0.339 29.343
414 -12.121 11.101
415 -23.619 13.486
416 -18.573 17.565
417 22.449 -21.233
418 12.545 -13.043
419 18.611 32.455
420 -16.631 -4.01
421 37.478 -2.997
422 6.948 -9.75
423 2.736 -6.736
424 13.516 24.927
425 13.424 -17.544
426 -8.623 -9.835
427 32.756 -0.067
428 15.555 13.174
429 33.488 10.701
430 32.146 14.073
431 -5.514 5.416
432 -11.937 4.711
433 -23.854 -3.22
434 -6.499 4.529
435 20.402 0.42
436 -24.328 14.009
437 30.155 -17.494
438 3.488 27.78
439 -12.203 -6.396
440 -2.062 -26.49
441 16.241 3.215
442 -0.6 -21.933
443 30.787 24.677
444 26.973 -11.574
445 16.97 4.379
446 5.71 14.029
447 6.999 33.5
448 24.41 -9.318
449 28.758 20.107
450 -2.424 -21.651
451 35.259 -1.969
452 -5.366 30.379
453 2.905 -8.108
454 20.279 18.097
455 -8.39 20.055
456 -4.29 -14.692
457 -12.484 7.525
458 36.069 -2.46
459 -15.684 23.578
460 -12.456 -12.726
461 12.655 2.674
462 -1.627 8.878
463 21.773 0.195
464 -24.659 7.878
465 12.354 7.27
466 28.333 26.769
467 18.865 25.235
468 31.526 23.04
469 -7.802 17.134
470 22.019 22.312
471 15.168 -2.393
472 30.672 15.786
473 -5.378 30.115
474 28.837 -11.666
475 -4.403 23.092
476 16.091 -0.999
477 22.548 -6.311
478 -3.146 5.027
479 -16.568 -14.431
480 34.92 12.983
481 -20.273 10.423
482 -5.506 31.233
483 20.219 28.655
484 -18.628 -7.092
485 29.369 12.461
486 21.731 -11.119
487 -8.907 -13.479
488 10.473 -20.064
489 -4.912 33.327
490 18.158 -22.718
491 20.106 10.706
492 0.793 -21.849
493 -16.856 -13.03
494 32.199 15.653
495 -25.183 -0.872
496 -24.774 1.308
497 5.218 15.323
498 0.774 -6.206
499 -22.242 -6.357
500 31.939 -15.366
501 7.574 -23.32
502 21.43 -15.768
503 11.687 -18.207
504 34.461 -3.488
505 20.624 11.302
506 11.378 -11.473
507 16.649 -12.762
508 -7.52 -11.271
509 -0.007 8.583
510 -7.924 31.817
511 -21.646 16.839
512 15.982 24.469
513 -16.614 14.525
514 -16.63 21.083
515 37.886 -1.107
516 -18.629 -0.438
517 37.502 3.937
518 16.25 -22.977
519 20.486 -12.294
520 -19.971 22.093
521 36.935 -2.269
522 35.37 14.314
523 16.428 28.027
524 30.152 -14.682
525 36.365 9.15
526 17.683 20.58
527 35.172 15.656
528 12.515 9.248
529 16.292 -20.256
530 37.1 9.586
531 -21.819 6.949
532 2.57 -14.867
533 34.434 6.479
534 37.725 5.305
535 11.631 32.109
536 6.635 28.616
537 21.628 -8.428
538 -3.622 -6.094
539 -10.627 -7.05
540 7.905 36.021
541 28.991 -1.295
542 -19.378 -3.803
543 -21.912 -0.397
544 22.671 11.19
545 21.114 15.694
546 10.862 -26.815
547 33.061 19.363
548 -13.969 0.856
549 1.945 9.392
550 7.096 10.611
551 -23.287 -1.141
552 -6.2 19.973
553 14.827 32.818
554 -12.455 16.895
555 -19.505 1.277
556 -6.165 21.25
557 -24.141 -2.044
558 17.238 32.659
559 6.893 -22.421
560 9.36 25.878
561 -13.061 -3.716
562 -7.68 31.201
563 7.271 -22.697
564 -0.798 20.825
565 15.342 15.992
566 13.753 6.822
567 2.198 2.668
568 -5.466 -16.238
569 11.604 -6.082
570 -23.573 4.638
571 -24.386 12.398
572 5.538 20.989
573 1.557 10.453
574 10.853 -24.083
575 12.569 11.583
576 32.331 -0.55
577 8.481 -22.459
578 -14.274 20.016
579 3.74 34.71
580 4.839 26.694
581 19.901 -7.142
582 -0.595 11.477
583 -24.476 11.965
584 12.932 34.81
585 9.205 21.536
586 32.892 -9.128
587 -19.138 -0.214
588 5.463 -6.295
589 5.945 13.261
590 -0.497 -20.802
591 18.372 31.948
592 -24.462 -3.26
593 9.725 2.564
594 28.397 -1.009
595 2.942 24.004
596 28.188 8.201
597 -6.743 -3.234
598 -18.724 7.432
599 1.189 4.359
600 25.008 13.108
601 11.402 32.368
602 12.814 17.051
603 -10.255 23.283
604 15.755 11.805
605 -17.118 -4.727
606 -9.732 22.755
607 7.588 -25.855
608 4.4 17.995
609 4.665 10.517
610 -6.739 7.788
611 -25.147 0.222
612 34.778 14.167
613 3.55 -4.727
614 -2.88 -13.412
615 8.755 34.429
616 35.287 18.123
617 36.361 0.937
618 25.782 12.263
619 -12.922 15.951
620 -19.804 2.465
621 -25.012 1.877
622 -18.399 11.825
623 -6.989 20.275
624 -3.555 -5.189
625 -15.913 -1.955
626 -4.759 25.744
627 19.137 7.198
628 29.034 11.012
629 -9.65 19.755
630 33.727 3.809
631 -14.71 -2.93
632 15.265 -14.17
633 -3.503 25.992
634 -9.999 -4.982
635 16.004 -12.016
636 16.79 3.675
637 -7.99 -21.477
638 8.062 -18.371
639 5.211 -22.026
640 -16.553 2.478
641 -6.804 17.537
642 -24.25 7.757
643 17.928 23.362
644 -22.629 10.874
645 28.645 15.153
646 23.724 0.281
647 9.531 14.037
648 6.224 8.309
649 9.951 -11.423
650 3.284 -14.747
651 -20.78 5.078
652 30.673 2.581
653 -23.302 -6.215
654 -25.275 7.009
655 34.213 3.171
656 -17.604 -12.911
657 -10.335 -0.4
658 28.219 23.159
659 17.313 24.577
660 -10.712 -3.143
661 -7.747 -10.38
662 -7.776 25.997
663 -15.786 22.098
664 15.194 5.467
665 -0.998 9.045
666 15.071 17.982
667 2.035 35.388
668 -1.554 22.91
669 35.595 9.542
670 24.909 4.479
671 -3.717 17.903
672 -15.937 -0.38
673 31.286 24.968
674 30.031 13.759
675 29.379 13.491
676 -14.678 10.403
677 34.741 10.762
678 28.706 -11.235
679 36.744 1.727
680 -11.859 27.785
681 17.784 -22.742
682 23.926 30.528
683 25.697 20.307
684 11.994 7.766
685 35.877 10.756
686 33.696 15.075
687 -22.66 -0.362
688 7.707 0.996
689 23.951 -2.496
690 26.304 15.2
691 5.253 -19.617
692 28.44 -2.069
693 20.314 10.919
694 -9.644 -10.288
695 1.659 5.69
696 -13.454 2.869
697 12.498 -16.17
698 -20.66 -1.642
699 19.279 -10.137
700 7.701 -26.227
701 26.736 3.785
702 -24.139 12.853
703 -6.989 22.697
704 15.638 -22.836
705 -7.111 -10.777
706 7.434 14.045
707 30.564 -6.623
708 29.445 -4.47
709 16.701 16.63
710 4.976 21.136
711 29.599 15.323
712 36.063 5.04
713 5.827 33.114
714 34.293 12.388
715 -21.34 5.789
716 15.214 -25.854
717 35.002 -9.643
718 -15.318 -16.676
719 7.366 21.871
720 17.387 4.672
721 -8.079 -5.105
722 -19.116 -13.766
723 -24.332 -3.877
724 33.045 5.53
725 15.921 -18.962
726 35.183 3.905
727 23.694 2.831
728 22.278 16.358
729 16.676 15.495
730 -9.136 -17.236
731 10.047 7.536
732 -14.327 -17.329
733 -7.239 7.254
734 -4.116 25.04
735 -22.494 8.96
736 -14.229 -19.067
737 25.182 -8.987
738 23.053 13.956
739 -12.819 -18.382
740 -0.729 -10.735
741 35.24 10.559
742 18.567 31.933
743 29.209 17.599
744 -18.382 -6.633
745 21.457 -5.47
746 18.376 -1.449
747 14.967 -6.682
748 -13.379 27.481
749 31.463 4.742
750 -12.163 -12.331
751 22.79 2.547
752 9.825 25.152
753 -17.19 -15.631
754 25.277 29.88
755 -2.748 -22.828
756 10.036 -18.086
757 24.752 18.547
758 33.554 3.07
759 -24.339 1.595
760 -11.602 21.515
761 -18.358 -1.699
762 16.284 3.233
763 0.679 -16.499
764 -25.265 0.255
765 13.12 15.05
766 4.298 26.036
767 -17.668 -14.546
768 6.174 5.632
769 11.437 -0.456
770 8.141 -5.994
771 -17.007 5.586
772 -16.562 -15.629
773 5.844 12.424
774 -6.135 5.766
775 22.952 24.643
776 0.447 -0.599
777 -22.959 -1.6
778 -5.467 -22.852
779 -9.57 27.964
780 19 12.983
781 -0.747 -12.002
782 34.442 10.256
783 -19.261 -11.708
784 2.653 -6.441
785 -24.199 13.574
786 -19.47 -13.178
787 5.308 -21.563
788 -9.562 19.614
789 12.356 6.058
790 -18.565 14.858
791 -21.386 1.674
792 37.931 6.257
793 -12.995 20.964
794 22.306 0.456
795 9.513 11.809
796 12.711 -2.373
797 37.09 4.883
798 35.147 9.297
799 7.709 5.434
800 -1.398 30.191
801 13.095 35.373
802 -3.649 22.469
803 2.969 -0.176
804 8.923 30.526
805 28.685 -4.556
806 36.372 8.082
807 24.354 18.74
808 -25.379 7.961
809 28.307 -9.117
810 -13.954 -6.057
811 -10.863 4.545
812 20.315 22.868
813 -14.652 7.499
814 17.155 -24.346
815 38.32 1.147
816 38.418 7.292
817 -1.5 26.398
818 25.224 17.307
819 0.657 -22.813
820 2.906 32.375
821 30.983 -3.112
822 12.677 -23.19
823 37.954 -1.937
824 -10.514 26.764
825 -19.818 18.687
826 -24.265 -0.716
827 28.715 16.083
828 -9.218 -14.545
829 26.554 27.76
830 10 8.895
831 -18.65 -14.165
832 -13.888 25.396
833 -12.739 -21.385
834 12.299 11.832
835 13.868 26.541
836 -18.545 -15.577
837 7.448 -7.218
838 -3.116 9.421
839 -0.772 -17.32
840 33.392 1.595
841 -14.151 -10.829
842 6.777 31.182
843 23.977 26.447
844 -3.808 -3.559
845 -13.541 -12.944
846 34.596 13.641
847 14.18 31.198
848 15.907 14.125
849 -3.401 -14.447
850 6.206 26.539
851 23.401 -9.232
852 19.411 7.231
853 19.454 -7.95
854 31.122 4.34
855 30.782 0.934
856 34.69 17.168
857 35.374 7.035
858 0.928 3.771
859 19.133 30.449
860 36.138 -6.738
861 -10.559 -1.833
862 2.713 18.701
863 -16.358 23.827
864 18.187 9.554
865 7.66 -9.969
866 -22.335 -1.847
867 13.545 -1.254
868 16.378 -13.113
869 8.565 9.033
870 11.973 -6.213
871 -10.5 -12.967
872 19.437 30.316
873 37.512 8.897
874 -4.491 -15.607
875 -5.868 21.435
876 -10.688 -22.121
877 36.848 7.224
878 -15.24 16.87
879 12.707 15.596
880 1.463 5.555
881 -24.549 -1.836
882 -4.195 25.244
883 27.189 18.477
884 29.629 16.248
885 20.983 29.317
886 26.959 17.484
887 -24.023 14.124
888 13.567 32.427
889 -15.654 11.677
890 -4.713 21.131
891 -4.124 14.545
892 13.257 29.946
893 -9.085 -13.703
894 10.32 -2.951
895 -0.62 -10.893
896 19.156 -1.593
897 21.812 -8.353
898 7.241 -26.365
899 19.142 -10.704
900 27.4 -12.829
901 -3.913 24.001
902 -15.728 -16.868
903 -15.855 17.351
904 3.912 -10.113
905 -5.042 -10.363
906 27.655 -3.234
907 -17.941 3.965
908 28.645 8.945
909 8.931 -14.731
910 23.948 4.823
911 31.245 1.247
912 34.167 -4.171
913 12.217 -3.43
914 28.795 -8.861
915 5.211 -4.719
916 24.646 26.76
917 35.012 18.952
918 1.903 26.128
919 -24.472 6.441
920 -9.107 -14.139
921 -19.153 -11.437
922 -20.069 -7.326
923 12.08 13.11
924 -22.365 -8.142
925 -1.36 -22.874
926 29.271 -11.787
927 21.465 -4.321
928 3.981 33.014
929 -3.866 3.54
930 30.455 -7.184
931 32.364 -4.1
932 -19.163 4.306
933 27.393 -6.018
934 5.07 5.772
935 27.09 12.085
936 36.611 12.449
937 16.248 30.229
938 -15.35 15.257
939 7.585 10.859
940 -17.958 6.088
941 -20.48 3.448
942 -21.919 -3.793
943 31.647 -8.409
944 5.023 0.376
945 36.293 13.997
946 28.143 20.124
947 -5.315 6.193
948 -11.239 28.09
949 -11.738 -15.168
950 20.196 -17.007
951 22.897 -18.291
952 -3.929 7.514
953 -7.127 13.984
954 31.339 -10.239
955 9.665 -8.917
956 -12.712 16.44
957 24.878 7.326
958 -16.226 11.935
959 13.806 35.412
960 -7.501 -24.248
961 24.01 -1.888
962 -21.692 16.425
963 9.265 -24.551
964 23.578 -2.768
965 -16.076 18.197
966 -8.607 -0.413
967 -15.71 25.268
968 -10.102 -10.879
969 37.626 5.883
970 -11.377 -6.965
971 3.351 -10.558
972 14.213 -11.571
973 31.126 4.069
974 2.748 6.914
975 3.175 -2.564
976 -4.697 5.209
977 29.743 -15.931
978 28.973 -14.349
979 -20.248 16.615
980 10.767 -5.041
981 33.184 3.485
982 -8.8 5.566
983 -24.258 11.772
984 -12.877 15.095
985 25.998 16.508
986 7.98 12.309
987 -4.772 -8.98
988 23.511 16.148
989 25.526 -16.371
990 15.97 -8.293
991 34.594 11.001
992 14.799 1.618
993 9.876 -5.606
994 31.977 18.153
995 27.24 5.054
996 12.859 4.363
997 -0.865 3.047
998 5.751 -25.003
999 30.368 -8.957
1000 22.853 16.982
1001 -20.885 -10.073
1002 -2.682 -16.549
1003 -17.187 22.741
1004 2.196 -23.32
1005 -17.042 17.322
1006 13.052 23.655
1007 -16.156 -17.777
1008 34.656 15.103
1009 37.224 -0.341
1010 -23.582 -2.118
1011 16.198 -17.803
1012 16.467 -19.661
1013 35.282 12.321
1014 8.185 -1.593
1015 15.637 8.468
1016 35.835 -0.723
1017 -24.099 -2.558
1018 15.84 32.668
1019 3.456 -0.929
1020 27.005 -5.459
1021 17.63 -0.46
1022 13.805 -21.044
1023 -14.26 26.049
1024 35.486 -6.395
1025 19.542 -16.959
1026 -5.114 24.086
1027 -22.278 4.343
1028 37.663 -3.107
1029 -14.903 7.775
1030 -24.104 3.314
1031 -24.512 -3.448
1032 4.313 32.349
1033 23.682 -18.851
1034 0.237 -11.794
1035 25.831 -2.313
1036 -9.403 -20.978
1037 37.872 2.349
1038 16.451 -7.681
1039 33.131 13.727
1040 -6.808 -16.986
1041 -4.384 24.405
1042 37.48 8.406
1043 27.708 17.824
1044 -23.498 1.593
1045 30.433 0.362
1046 -6.583 4.563
1047 0.068 -15.471
1048 0.11 16.046
1049 -21.777 9.639
1050 -16.65 10.637
1051 -4.468 12.588
1052 -20.263 9.153
1053 3.939 33.649
1054 -6.414 -18.347
1055 -2.674 -10.124
1056 -0.11 -2.876
1057 35.319 11.961
1058 12.313 8.445
1059 7.281 -21.384
1060 -10.028 29.359
1061 30.206 0.876
1062 1.609 5.134
1063 27.174 1.981
1064 -12.255 22.987
1065 1.583 16.661
1066 13.121 22.926
1067 -22.312 -1.187
1068 3.973 -4.82
1069 37.955 -3.143
1070 1.75 31.58
1071 -22.714 13.474
1072 24.2 21.36
1073 15.983 32.762
1074 -12.003 10.173
1075 33.4 2.954
1076 25.135 -15.598
1077 -5.645 7.152
1078 27.075 -10.307
1079 30.029 22.575
1080 18.643 22.562
1081 9.529 18.749
1082 13.235 2.812
1083 32.683 3.049
1084 -3.935 7.222
1085 -5.126 18.341
1086 26.328 -15.929
1087 17.658 -12.424
1088 -4.438 17.947
1089 13.361 4.21
1090 -16.142 23.897
1091 28.098 -1.18
1092 -24.405 1.046
1093 37.178 1.28
1094 21.173 6.178
1095 0.192 21.152
1096 -17.417 12.382
1097 -21.318 -0.614
1098 -16.158 24.102
1099 14.589 -6.581
1100 -3.863 26.693
1101 2.514 36.265
1102 -17.07 19.208
1103 -22.397 -3.163
1104 4.018 28.408
1105 -17.896 1.201
1106 36.763 10.48
1107 -8.714 18.414
1108 24.301 27.435
1109 -23.519 -0.738
1110 15.365 -22.506
1111 -14.657 19.393
1112 22.271 18.805
1113 19.225 -3.562
1114 -19.036 -9.178
1115 0.718 -0.366
1116 6.302 26.49
1117 35.903 -5.845
1118 -11.353 7.098
1119 6.497 11.867
1120 -12.816 -5.879
1121 37.03 -0.269
1122 1.861 9.633
1123 -18.694 10.822
1124 4.021 -23.647
1125 -5.891 -0.038
1126 -2.326 30.472
1127 29.677 5.419
1128 10.936 28.004
1129 -19.396 23.101
1130 31.425 -12.995
1131 31.782 12.679
1132 31.53 24.058
1133 19.876 -8.653
1134 16.11 9.496
1135 -18.167 -10.521
1136 -19.214 -1.31
1137 -20.626 5.011
1138 -14.792 15.641
1139 -21.651 14.75
1140 6.001 -26.541
1141 27.305 16.492
1142 -3.679 28.574
1143 14.478 13.119
1144 -13.8 6.118
1145 36.366 8.647
1146 -18.135 -9.671
1147 17.83 30.785
1148 9.982 -25.643
1149 35.578 14.073
1150 -11.827 23.273
1151 26.792 2.065
1152 -6.468 26.187
1153 -3.83 -4.283
1154 23.344 2.21
1155 0.618 11.072
1156 1.567 14.719
1157 32.079 22.387
1158 8.661 -10.502
1159 6.921 -3.286
1160 -7.146 6.342
1161 -19.307 13.808
1162 31.284 -9.713
1163 -12.705 19.148
1164 -8.327 -18.489
1165 19.882 16.432
1166 36.586 2.165
1167 -25.027 8.966
1168 3.399 -5.188
1169 5.067 -3.195
1170 24.176 29.65
1171 25.399 -9.359
1172 19.887 -18.072
1173 36.078 -1.503
1174 34.315 -10.011
1175 30.344 19.333
1176 19.334 26.67
1177 10.395 17.251
1178 37.831 7.52
1179 7.272 28.674
1180 -11.03 -22.119
1181 33.479 2.986
1182 0.557 7.853
1183 20.059 -19.671
1184 36.757 7.729
1185 0.615 -7.913
1186 23.454 6.164
1187 -10.139 -18.076
1188 37.633 3.382
1189 3.699 -21.096
1190 18.894 -18.872
1191 34.537 17.365
1192 -12.243 -12.636
1193 31.999 14.31
1194 24.039 -17.369
1195 -11.483 4.312
1196 -9.477 -7.82
1197 -22.774 -8.265
1198 0.479 -24.51
1199 23.918 25.421
1200 6.328 -24.427
1201 35.016 14.84
1202 -22.562 17.302
1203 9.712 -8.853
1204 24.002 30.136
1205 -16.72 13.21
1206 -13.194 4.359
1207 24.824 -3.213
1208 -25.299 4.247
1209 -7.384 9.088
1210 -3.982 -12.381
1211 -7.028 -8.822
1212 -19.39 -11.744
1213 -9.186 -18.742
1214 30.552 16.31
1215 -14.453 9.237
1216 -2.818 1.296
1217 0.237 -12.186
1218 18.232 11.255
1219 4.364 5.408
1220 6.138 -17.526
1221 12.983 29.648
1222 27.537 -16.75
1223 -5.832 7.559
1224 -21.156 5.718
1225 30.933 -10.702
1226 20.88 2.335
1227 -4.214 23.71
1228 37.102 -3.516
1229 7.562 -12.163
1230 -11.473 5.158
1231 22.957 25.173
1232 11.03 22.849
1233 21.196 9.794
1234 -5.688 28.66
1235 29.409 -7.37
1236 38.007 -1.138
1237 -12.705 11.688
1238 -19.697 -10.873
1239 -17.735 -13.706
1240 33.986 14.092
1241 2.363 -15.8
1242 -17.048 -1.267
1243 32.879 7.036
1244 -3.006 -20.294
1245 23.181 2.369
1246 -3.828 -23.119
1247 15.255 22.792
1248 13.437 -4.965
1249 1.355 36.216
1250 36.93 6.966
1251 17.177 -6.533
1252 31.577 -13.586
1253 -21.817 14.001
1254 19.254 -9.598
1255 14.354 -23.588
1256 30.027 18.581
1257 -6.801 -1.353
1258 29.034 26.904
1259 -11.672 -15.987
1260 -23.625 -4.896
1261 -6.922 31.306
1262 11.598 -15.574
1263 -11.122 21.409
1264 26.601 28.588
1265 15.714 34.548
1266 4.208 9.626
1267 -15.242 0.298
1268 18.893 13.527
1269 26.553 6.11
1270 5.263 14.77
1271 13.553 -0.996
1272 -10.694 -9.445
1273 -25.057 2.308
1274 10.496 31.179
1275 -9.112 -5.945
1276 11.538 -21.758
1277 25.355 14.909
1278 -5.381 -2.939
1279 -13.383 18.156
1280 37.577 -0.121
1281 0.929 31.947
1282 8.189 -7.595
1283 37.057 -1.244
1284 31.069 17.705
1285 -4.879 -9.052
1286 1.183 23.362
1287 -20.41 4.037
1288 12.169 -7.559
1289 -21.381 2.551
1290 -22.631 0.838
1291 31.469 -7.524
1292 36.294 13.629
1293 24.245 0.227
1294 -13.68 11.727
1295 -12.357 -17.417
1296 -14.782 -16.057
1297 27.539 -11.073
1298 7.084 26.978
1299 35.175 -7.93
1300 26.961 -3.883
1301 -19.421 -11.804
1302 37.201 14.41
1303 1.599 18.85
1304 17.509 12.564
1305 -7.069 27.935
1306 37.578 4.774
1307 26.817 23.24
1308 -18.444 19.298
1309 20.189 2.996
1310 -0.165 -21.484
1311 -1.069 -5.139
1312 -9.421 27.694
1313 -7.815 -5.335
1314 14.116 5.214
1315 24.043 28.377
1316 15.331 32.168
1317 -6.129 12.224
1318 -20.766 -7.898
1319 32.624 4.933
1320 31.445 -3.875
1321 -13.429 1.056
1322 29.024 -14.367
1323 -1.964 -24.443
1324 5.581 -7.704
1325 -6.316 19.06
1326 -17.816 -10.308
1327 3.35 9.603
1328 26.566 -17.293
1329 9.393 12.307
1330 -22.403 -3.324
1331 23.647 5.831
1332 -23.386 -3.954
1333 -24.292 -2.823
1334 3.201 27.069
1335 7.725 -2.532
1336 -10.798 -5.527
1337 7.3 -13.497
1338 37.089 6.591
1339 31.122 4.309
1340 -24.957 -0.199
1341 11.365 1.9
1342 18.686 5.43
1343 27.538 12.073
1344 -15.148 23.646
1345 -5.614 15.27
1346 -10.62 25.805
1347 5.546 -4.54
1348 -12.797 7.879
1349 26.646 18.094
1350 -0.975 3.714
1351 -19.838 21.968
1352 2.213 -10.775
1353 -1.757 30.922
1354 35.955 5.639
1355 37.272 13.637
1356 -14.278 10.999
1357 -14.143 9.325
1358 21.838 21.449
1359 33.847 19.831
1360 6.605 -11.673
1361 4.522 19.259
1362 20.371 0.219
1363 7.478 -2.953
1364 -9.582 -22.619
1365 -7.044 -3.235
1366 12.432 -2.498
1367 30.502 6.63
1368 9.813 13.537
1369 15.775 -23.663
1370 -20.865 -5.98
1371 -10.165 16.514
1372 -99.732 79.342
1373 -117.124 46.202
1374 -139.625 61.122
1375 -115.655 87.219
1376 -142.955 66.927
1377 -117.609 101.352
1378 -94.757 82.113
1379 -122.979 90.93
1380 -118.007 51.832
1381 -108.05 72.371
1382 -111.06 81.503
1383 -107.532 56.429
1384 -106.206 51.161
1385 -111.93 72.578
1386 -131.038 98.93
1387 -96.355 52.825
1388 -141.406 73.659
1389 -132.063 101.459
1390 -101.091 69.522
1391 -102.661 54.646
1392 -85.227 63.261
1393 -124.195 79.978
1394 -101.168 52.81
1395 -87.928 60.316
1396 -132.111 89.362
1397 -127.749 93.68
1398 -104.914 52.41
1399 -92.657 93.379
1400 -110.43 50.163
1401 -82.586 81.204
1402 -135.292 56.4
1403 -137.217 66.926
1404 -133.71 52.909
1405 -117.474 80.973
1406 -132.442 98.836
1407 -141.317 93.049
1408 -94.772 51.116
1409 -135.214 71.883
1410 -120.996 88.373
1411 -87.568 82.074
1412 -143.045 84.456
1413 -113.521 102.286
1414 -113.408 73.061
1415 -106.712 56.971
1416 -117.739 103.33
1417 -101.511 101.288
1418 -97.349 84.552
1419 -97.645 52.572
1420 -137.712 70.522
1421 -87.087 66.007
1422 -89.867 64.384
1423 -88.944 83.757
1424 -85.362 79.899
1425 -99.866 81.11
1426 -112.497 65.959
1427 -127.914 80.053
1428 -121.162 102.968
1429 -108.162 96.374
1430 -109.972 83.212
1431 -116.445 102.674
1432 -97.289 88.708
1433 -97.585 72.845
1434 -141.106 67.7
1435 -144.418 77.826
1436 -121.101 47.138
1437 -108.646 55.536
1438 -106.23 60.361
1439 -123.214 88.475
1440 -139.807 64.027
1441 -144.627 70.658
1442 -96.597 82.933
1443 -87.517 69.04
1444 -96.791 56.596
1445 -133.219 83.767
1446 -120.002 67.562
1447 -87.737 83.645
1448 -117.314 73.827
1449 -133.556 93.855
1450 -92.411 89.957
1451 -106.796 97.804
1452 -113.774 47.795
1453 -98.14 69.685
1454 -87.43 79.582
1455 -109.198 90.049
1456 -128.118 71.032
1457 -138.195 64.456
1458 -142.182 83.355
1459 -121.931 79.649
1460 -107.737 85.426
1461 -102.334 59.46
1462 -142.304 76.407
1463 -143.27 86.047
1464 -84.296 81.243
1465 -91.97 94.212
1466 -130.801 78.126
1467 -135 59.201
1468 -96.474 54.06
1469 -118.833 89.249
1470 -96.262 61.846
1471 -83.324 82.9
1472 -113.241 103.778
1473 -133.5 70.092
1474 -106.139 78.214
1475 -109.294 77.3
1476 -142.104 75.348
1477 -94.792 78.607
1478 -83.065 84.75
1479 -92.495 61.484
1480 -120.418 99.874
1481 -129.206 98.4
1482 -108.343 51.84
1483 -92.774 54.177
1484 -112.756 103.122
1485 -120.186 106.515
1486 -111.911 83.878
1487 -123.892 90.031
1488 -104.767 91.409
1489 -111.065 100.683
1490 -141.4 76.775
1491 -91.505 75.81
1492 -111.439 59.285
1493 -95.359 81.044
1494 -116.417 54.799
1495 -127.238 50.143
1496 -106.616 65.209
1497 -116.645 52.564
1498 -109.492 53.418
1499 -106.647 47.734
1500 -125.542 56.433
1501 -94.004 100.059
1502 -93.571 54.719
1503 -111.317 47.981
1504 -139.862 68.44
1505 -110.229 69.508
1506 -104.305 78.751
1507 -110.074 85.135
1508 -123.104 83.123
1509 -145.475 80.69
1510 -137.012 90.748
1511 -132.919 76.91
1512 -90.584 75.124
1513 -95.047 76.362
1514 -87.478 83.87
1515 -97.402 100.711
1516 -131.277 98.627
1517 -108.679 89.511
1518 -111.113 107.205
1519 -128.947 91.089
1520 -105.168 85.344
1521 -139.143 78.607
1522 -87.085 89.26
1523 -108.567 47.582
1524 -100.186 83.966
1525 -109.039 100.966
1526 -122.362 57.143
1527 -111.41 74.769
1528 -100.193 80.029
1529 -136.775 62.505
1530 -89.936 61.242
1531 -110.673 47.238
1532 -111.94 67.2
1533 -108.547 53.254
1534 -84.815 88.33
1535 -126.358 90.667
1536 -109.968 71.005
1537 -86.365 81.674
1538 -111.266 103.016
1539 -93.904 89.022
1540 -109.302 74.298
1541 -93.869 74.128
1542 -84.518 83.913
1543 -99.045 55.762
1544 -94.069 64.003
1545 -141.126 85.085
1546 -121.617 89.419
1547 -121.801 102.017
1548 -141.832 92.149
1549 -90.697 64.166
1550 -113.584 84.124
1551 -90.074 93.179
1552 -107.62 52.053
1553 -128.712 56.402
1554 -138.703 79.898
1555 -121.027 103.506
1556 -95.767 74.916
1557 -144.599 77.142
1558 -90.847 75.06
1559 -122.198 78.053
1560 -128.512 102.26
1561 -100.776 66.857
1562 -83.582 80.934
1563 -98.445 75.786
1564 -135.073 77.497
1565 -144.619 77.189
1566 -134.53 55.946
1567 -88.208 73.783
1568 -104.348 50.56
1569 -131.849 80.95
1570 -118.081 50.407
1571 -130.301 49.67
1572 -82.814 76.875
1573 -113.287 104.753
1574 -115.764 50.117
1575 -133.781 72.907
1576 -83.287 85.455
1577 -105.805 104.655
1578 -129.266 67.504
1579 -132.865 91.123
1580 -98.211 55.912
1581 -89.282 74.051
1582 -117.515 45.729
1583 -137.333 68.065
1584 -99.671 49.51
1585 -130.717 96.299
1586 -85.712 82.083
1587 -127.079 76.211
1588 -88.14 64.426
1589 -118.529 94.207
1590 -124.108 49.776
1591 -105.319 105.99
1592 -123.358 62.589
1593 -110.48 74.353
1594 -109.952 48.131
1595 -116.858 58.123
1596 -135.937 84.794
1597 -119.375 78.338
1598 -110.922 55.84
1599 -142.53 87.238
1600 -110.474 88.848
1601 -104.098 99.028
1602 -113.231 80.225
1603 -86.662 75.423
1604 -145.01 85.892
1605 -94.028 87.048
1606 -136.714 61.314
1607 -104.746 79.018
1608 -86.883 74.296
1609 -118.931 52.505
1610 -121.142 62.441
1611 -140.687 74.364
1612 -109.006 78.262
1613 -139.681 71.107
1614 -95.531 88.172
1615 -143.961 70.619
1616 -110.992 79.245
1617 -109.048 58.481
1618 -140.973 69.546
1619 -121.967 78.537
1620 -90.893 89.074
1621 -141.438 81.037
1622 -104.671 75.167
1623 -103.297 47.75
1624 -94.622 91.148
1625 -116.396 89.922
1626 -84.768 86.561
1627 -94.045 69.607
1628 -121.522 98.996
1629 -132.299 77.369
1630 -117.868 88.095
1631 -121.874 98.781
1632 -90.321 71.511
1633 -84.804 74.646
1634 -90.668 91.478
1635 -100.74 80.817
1636 -131.851 84.244
1637 -120.119 55.311
1638 -142.738 70.882
1639 -118.291 84.719
1640 -128.75 95.222
1641 -113.836 61.07
1642 -144.005 68.341
1643 -105.529 53.072
1644 -121.858 63.617
1645 -92.967 60.447
1646 -111.361 107.238
1647 -121.38 76.725
1648 -139.087 78.579
1649 -105.23 86.245
1650 -91.891 66.431
1651 -131.893 100.4
1652 -87.196 78.261
1653 -142.312 65.837
1654 -135.295 94.706
1655 -89.042 94.633
1656 -86.319 80.473
1657 -132.291 64.923
1658 -142.544 67.466
1659 -89.778 79.721
1660 -83.091 74.611
1661 -138.717 58.946
1662 -114.411 66.429
1663 -83.561 76.59
1664 -138.987 83.688
1665 -144.759 68.411
1666 -101.453 76.92
1667 -116.515 100.913
1668 -112.074 75.473
1669 -132.959 98.806
1670 -126.798 59.351
1671 -90.874 64.792
1672 -92.45 64.699
1673 -94.147 68.182
1674 -93.555 100.287
1675 -140.597 69.735
1676 -144.719 74.952
1677 -120.126 49.011
1678 -83.225 71.632
1679 -98.339 69.432
1680 -126.93 69.629
1681 -86.809 65.614
1682 -124.386 77.743
1683 -99.88 72.231
1684 -104.064 103.724
1685 -132.129 90.489
1686 -117.456 64.992
1687 -131.243 56.468
1688 -92.123 91.811
1689 -101.124 87.525
1690 -139.032 75.844
1691 -115.846 105.168
1692 -115.144 76.276
1693 -109.5 72.617
1694 -134.937 88.25
1695 -132.721 66.41
1696 -114.495 106.813
1697 -85.563 90.458
1698 -84.442 75.146
1699 -123.348 50.934
1700 -128.483 91.945
1701 -82.508 77.763
1702 -84.793 74.833
1703 -126.717 77.351
1704 -136.263 75.506
1705 -106.194 51.598
1706 -111.891 67.029
1707 -85.587 69.14
1708 -135.934 78.703
1709 -127.999 79.031
1710 -100.864 52.985
1711 -85.909 73.024
1712 -137.748 75.065
1713 -116.879 66.879
1714 -139.347 85.621
1715 -89.086 89.833
1716 -141.8 84.802
1717 -87.989 91.508
1718 -88.722 62.446
1719 -93.271 72.074
1720 -97.921 77.208
1721 -138.952 80.77
1722 -140.231 71.029
1723 -96.88 62.775
1724 -128.262 83.222
1725 -109.893 52.026
1726 -126.471 102.223
1727 -86.214 82.854
1728 -144.468 70.974
1729 -132.313 82.252
1730 -144.11 80.544
1731 -118.893 76.975
1732 -90.66 88.283
1733 -90.418 88.653
1734 -144.891 84.431
1735 -116.595 92.042
1736 -89.997 64.928
1737 -141.73 66.23
1738 -139.061 75.371
1739 -116.949 51.303
1740 -96.6 67.358
1741 -143.751 72.762
1742 -117.742 108.174
1743 -101.446 49.011
1744 -103.116 78.371
1745 -120.842 97.957
1746 -111.353 70.555
1747 -122.055 93.413
1748 -109.39 87.935
1749 -92.81 61.086
1750 -119.708 63.82
1751 -145.226 81.965
1752 -121.279 76.044
1753 -99.275 94.557
1754 -134.012 51.478
1755 -82.72 82.376
1756 -112.819 65.546
1757 -129.407 64.142
1758 -84.408 65.064
1759 -141.608 76.752
1760 -111.163 51.403
1761 -121.135 64.19
1762 -98.653 69.197
1763 -143.724 80.987
1764 -98.91 82.775
1765 -93.407 52.829
1766 -110.489 100.501
1767 -132.817 86.861
1768 -130.882 67.582
1769 -86.845 65.247
1770 -105.361 64.345
1771 -109.426 62.499
1772 -85.726 65.636
1773 -98.195 96.872
1774 -92.279 80.935
1775 -102.071 67.927
1776 -132.176 72.613
1777 -103.201 55.612
1778 -90.873 97.3
1779 -139.142 76.835
1780 -104.027 85.43
1781 -116.544 98.915
1782 -114.021 66.964
1783 -86.05 67.429
1784 -117.355 67.959
1785 -140.5 61.853
1786 -101.448 54.117
1787 -102.856 64.656
1788 -83.539 74.228
1789 -103.676 84.446
1790 -119.107 99.329
1791 -109.568 48.233
1792 -103.655 63.827
1793 -95.683 96.001
1794 -117.93 58.529
1795 -123.116 92.338
1796 -105.276 47.834
1797 -89.66 73.771
1798 -102.362 74.912
1799 -120.323 100.355
1800 -131.065 86.69
1801 -131.659 84.102
1802 -82.178 80.165
1803 -114.197 106.043
1804 -141.534 86.469
1805 -98.987 50.446
1806 -100.553 97.542
1807 -131.899 95.614
1808 -138.995 57.391
1809 -135.972 92.071
1810 -101.172 76.909
1811 -83.957 82.123
1812 -138.379 73.667
1813 -133.859 84.542
1814 -135.931 62.692
1815 -85.364 83.327
1816 -140.796 72.508
1817 -96.809 57.878
1818 -97.6 99.894
1819 -86.769 60.425
1820 -83.087 67.765
1821 -90.773 80.903
1822 -141.134 73.101
1823 -108.674 89.875
1824 -140.676 85.745
1825 -88.174 77.736
1826 -144.764 80.49
1827 -107.4 90.782
1828 -83.539 71.512
1829 -136.012 68.952
1830 -93.853 53.876
1831 -93.042 79.093
1832 -126.231 103.03
1833 -122.627 73.514
1834 -94.3 74.055
1835 -128.555 104.634
1836 -144.61 70.094
1837 -109.943 71.346
1838 -133.951 68.799
1839 -101.736 81.072
1840 -88.619 69.215
1841 -136.845 68.394
1842 -137.705 85.992
1843 -128.735 63.814
1844 -143.318 68.795
1845 -96.226 93.078
1846 -112.932 104.163
1847 -137.087 91.325
1848 -133.962 96.301
1849 -91.482 81.503
1850 -91.055 61.606
1851 -140.099 76.064
1852 -109.896 77.647
1853 -134.753 98.101
1854 -112.749 68.645
1855 -112.55 89.631
1856 -131.305 58.87
1857 -101.562 81.222
1858 -109.272 58.382
1859 -143.006 68.197
1860 -133.097 56.81
1861 -117.744 78.174
1862 -119.125 78.159
1863 -105.247 62.78
1864 -141.7 70.887
1865 -129.44 67.924
1866 -104.857 63.123
1867 -89.673 64.861
1868 -135.94 99.777
1869 -126.078 91.182
1870 -102.921 88.28
1871 -86.213 65.203
1872 -96.015 88.801
1873 -133.704 84.771
1874 -110.646 69.123
1875 -130.137 56.34
1876 -83.575 85.942
1877 -105.013 45.736
1878 -94.879 65.224
1879 -114.558 91.893
1880 -91.437 64.799
1881 -89.181 64.653
1882 -88.837 63.269
1883 -95.329 69.064
1884 -143.286 70.199
1885 -115.572 79.839
1886 -82.255 80.747
1887 -104.325 54.922
1888 -94.363 53.94
1889 -142.061 90.098
1890 -83.29 83.702
1891 -114.326 68.998
1892 -92.292 65.203
1893 -126.27 76.147
1894 -101.206 69.802
1895 -93.513 96.528
1896 -127.31 86.049
1897 -86.869 83.45
1898 -136.193 67.252
1899 -127.36 63.927
1900 -122.307 73.772
1901 -119.315 85.447
1902 -106.536 67.868
1903 -99.59 93.895
1904 -123.763 64.999
1905 -128.364 76.414
1906 -121.173 53.982
1907 -94.132 82.103
1908 -84.608 88.607
1909 -100.453 81.992
1910 -105.348 71.162
1911 -114.946 48.664
1912 -99.427 84.106
1913 -120.598 53.242
1914 -124.836 50.107
1915 -120.62 83.703
1916 -123.193 93.895
1917 -110.979 92.898
1918 -113.742 88.555
1919 -91.338 83.416
1920 -92.637 60.921
1921 -140.784 82.588
1922 -142.366 89.178
1923 -125.343 93.852
1924 -105.505 107.428
1925 -130.259 67.935
1926 -128.984 62.045
1927 -139.024 92.38
1928 -136.815 95.526
1929 -112.92 45.193
1930 -120.164 93.935
1931 -142.435 77.873
1932 -86.81 81.945
1933 -89.366 93.143
1934 -107.53 68.207
1935 -95.987 92.707
1936 -123.146 101.281
1937 -128.972 76.448
1938 -136.938 88.472
1939 -96.774 81.806
1940 -122.975 65.581
1941 -129.98 97.701
1942 -123.174 50.823
1943 -113.789 63.753
1944 -83.284 66.537
1945 -136.129 89.327
1946 -112.658 80.621
1947 -115.122 108.1
1948 -87.518 90.209
1949 -124.595 46.855
1950 -138.326 68.133
1951 -112.306 78.366
1952 -138.1 79.597
1953 -120.653 73.467
1954 -94.622 59.235
1955 -122.151 83.452
1956 -110.424 93.92
1957 -94.125 77.795
1958 -102.126 105.562
1959 -128.587 67.145
1960 -100.644 59.847
1961 -93.025 89.181
1962 -110.672 66.24
1963 -111.349 58.007
1964 -97.528 76.896
1965 -110.831 55.25
1966 -96.046 54.512
1967 -96.161 84.378
1968 -98.07 68.593
1969 -109.942 49.514
1970 -114.695 52.932
1971 -145.267 85.423
1972 -132.431 55.007
1973 -114.637 62.803
1974 -84.457 87.604
1975 -92.893 53.25
1976 -107.535 86.114
1977 -101.768 79.378
1978 -114.656 51.494
1979 -142.964 70.426
1980 -105.503 94.201
1981 -134.712 56.395
1982 -137.541 88.433
1983 -140.464 80.184
1984 -115.15 60.345
1985 -127.82 95.134
1986 -88.33 83.581
1987 -126.084 93.235
1988 -106.143 66.405
1989 -122.404 65.942
1990 -84.104 85.799
1991 -133.539 80.466
1992 -99.063 74.018
1993 -89.006 73.56
1994 -104.7 83.797
1995 -125.689 101.493
1996 -100.228 75.299
1997 -118.097 106.975
1998 -91.263 80.53
1999 -130.383 49.124
2000 -141.687 61.042
2001 -117.783 60.099
2002 -126.877 70.948
2003 -130.652 54.977
2004 -110.175 51.519
2005 -103.438 93.092
2006 -90.169 66.222
2007 -145.244 75.233
2008 -96.057 82.115
2009 -114.524 60.606
2010 -98.742 86.5
2011 -124.45 77.159
2012 -85.265 77.374
2013 -86.359 90.065
2014 -125.714 103.184
2015 -116.658 86.07
2016 -104.189 93.151
2017 -119.771 55.353
2018 -107.52 102.763
2019 -135.184 80.029
2020 -86.189 62.582
2021 -138.496 80.392
2022 -136.543 54.947
2023 -100.225 102.952
2024 -139.877 71.524
2025 -121.923 72.765
2026 -88.946 95.805
2027 -128.139 60.611
2028 -128.215 69.396
2029 -87.222 64.194
2030 -133.493 84.673
2031 -139.791 72.943
2032 -115.059 99.497
2033 -138.058 76.409
2034 -103.726 68.065
2035 -112.171 87.539
2036 -86.14 87.258
2037 -130.004 63.838
2038 -125.084 65.676
2039 -86.587 76.724
2040 -137.668 80.308
2041 -125.874 102.045
2042 -110.162 95.386
2043 -98.911 57.734
2044 -90.332 83.407
2045 -102.516 67.271
2046 -86.699 87.946
2047 -121.188 56.26
2048 -137.868 73.478
2049 -90.51 72.198
2050 -116.71 61.777
2051 -86.287 66.346
2052 -129.824 92.201
2053 -139.848 59.595
2054 -102.882 67.583
2055 -135.943 78.016
2056 -118.014 102.087
2057 -115.62 108.33
2058 -139.942 70.961
2059 -114.501 90.184
2060 -107.759 101.135
2061 -114.884 102.063
2062 -141.758 80.485
2063 -110.227 79.693
2064 -143.961 68.828
2065 -85.084 84.091
2066 -87.752 75.605
2067 -90.69 77.576
2068 -134.885 86.788
2069 -105.149 104.977
2070 -103.773 56.131
2071 -83.381 69.657
2072 -144.912 84.664
2073 -136.827 82.511
2074 -95.867 52.296
2075 -98.972 68.481
2076 -107.409 101.536
2077 -128.728 53.394
2078 -103.721 88.454
2079 -139.494 90.625
2080 -144.122 80.737
2081 -91.653 60.417
2082 -141.724 89.744
2083 -120.729 99.842
2084 -144.436 67.036
2085 -124.165 69.971
2086 -87.876 69.103
2087 -92.176 57.065
2088 -117.732 63.546
2089 -118.842 88.058
2090 -140.077 59.772
2091 -136.987 71.316
2092 -109.656 87.119
2093 -87.35 64.814
2094 -86.177 75.052
2095 -125.415 82.74
2096 -141.365 60.862
2097 -95.634 73.639
2098 -126.92 100.104
2099 -106.557 87.862
2100 -82.427 81.794
2101 -104.624 76.818
2102 -123.874 70.628
2103 -89.863 75.327
2104 -120.172 103.563
2105 -141.465 71.786
2106 -112.704 96.824
2107 -98.701 70.246
2108 -115.94 94.915
2109 -143.395 69.282
2110 -112.549 71.854
2111 -146.012 76.356
2112 -125.032 103.224
2113 -86.678 89.414
2114 -90.051 76.414
2115 -119.549 107.94
2116 -82.975 82.66
2117 -119.566 68.753
2118 -119.926 89.752
2119 -143.614 88.302
2120 -91.853 65.916
2121 -121.534 85.261
2122 -112.016 92.229
2123 -118.293 99.877
2124 -124.002 100.914
2125 -117.133 103.088
2126 -108.958 99.529
2127 -122.511 98.157
2128 -116.334 51.318
2129 -103.716 88.558
2130 -122.304 73.644
2131 -84.388 76.174
2132 -120.988 58.259
2133 -92.907 100.064
2134 -111.379 77.937
2135 -120.401 93.615
2136 -127.258 79.489
2137 -119.106 89.308
2138 -145.46 82.187
2139 -84.262 85.511
2140 -136.915 58.242
2141 -116.947 65.655
2142 -131.985 69.419
2143 -119.946 64.29
2144 -137.71 95.248
2145 -115.816 86.054
2146 -123.791 64.093
2147 -112.498 97.431
2148 -94.138 91.249
2149 -102.445 69.39
2150 -118.39 106.78
2151 -120.196 95.073
2152 -138.555 76.903
2153 -89.467 82.828
2154 -133.824 99.677
2155 -96.655 84.568
2156 -133.867 60.781
2157 -137.333 89.786
2158 -109.901 90.592
2159 -98.343 76.704
2160 -130.963 86.734
2161 -91.133 68.651
2162 -121.866 98.843
2163 -115.705 107.214
2164 -140.206 94.849
2165 -128.072 99.443
2166 -107.143 95.291
2167 -137.325 85.873
2168 -113.743 93.936
2169 -130.146 91.314
2170 -141.825 77.374
2171 -128.546 52.309
2172 -142.295 66.824
2173 -86.578 66.256
2174 -128.224 102.262
2175 -132.951 93.667
2176 -125.367 97.479
2177 -109.513 99.706
2178 -100.746 49.247
2179 -118.998 67.89
2180 -111.529 91.84
2181 -135.716 74.95
2182 -131.485 60.274
2183 -127.017 80.147
2184 -115.917 48.514
2185 -100.926 64.05
2186 -145.841 81.626
2187 -82.421 80.312
2188 -132.833 67.18
2189 -100.664 50.275
2190 -111.33 69.185
2191 -86.02 76.019
2192 -140.861 78.775
2193 -118.116 87.762
2194 -127.885 81.329
2195 -136.695 60.931
2196 -142.771 87.257
2197 -84.809 74.192
2198 -106.431 59.25
2199 -114.395 78.242
2200 -88.37 81.047
2201 -116.663 90.91
2202 -119.823 64.077
2203 -121.211 62.366
2204 -123.634 83.592
2205 -95.583 55.464
2206 -142.833 64.94
2207 -105.551 69.926
2208 -95.082 95.675
2209 -106.823 53.312
2210 -110.519 90.021
2211 -138.356 73.416
2212 -118.06 67.978
2213 -96.88 64.982
2214 -94.724 72.908
2215 -113.836 64.968
2216 -123.096 95.81
2217 -143.214 69.197
2218 -93.052 72.381
2219 -120.641 70.148
2220 -138.837 74.911
2221 -89.784 79.087
2222 -117.587 93.037
2223 -101.519 92.331
2224 -84.681 89.323
2225 -127.56 71.539
2226 -132.464 88.636
2227 -106.636 80.339
2228 -97.798 79.335
2229 -115.345 51.566
2230 -126.17 83.185
2231 -99.917 97.053
2232 -84.039 65.861
2233 -122.776 70.09
2234 -125.082 76.525
2235 -136.901 76.824
2236 -112.107 96.668
2237 -124.558 50.271
2238 -145.439 73.062
2239 -128.352 79.423
2240 -125.64 48.284
2241 -117.972 61.46
2242 -139.63 58.589
2243 -90.118 85.137
2244 -86.007 82.511
2245 -112.846 75.163
2246 -94.302 84.292
2247 -117.575 95.188
2248 -128.199 75.132
2249 -112.334 85.757
2250 -124.636 70.614
2251 -115.268 77.439
2252 -82.425 73.956
2253 -84.562 75.123
2254 -125.41 96.684
2255 -144.453 87.382
2256 -116.346 73.941
2257 -122.468 101.133
2258 -117.498 102.124
2259 -106.415 93.882
2260 -120.139 95.709
2261 -105.056 47.733
2262 -115.268 83.842
2263 -127.393 57.39
2264 -141.396 62.042
2265 -116.944 107.501
2266 -129.123 99.741
2267 -137.814 61.578
2268 -89.202 62.912
2269 -138.231 92.594
2270 -115.763 105.402
2271 -94.036 64.867
2272 -118.139 108.431
2273 -92.33 62.886
2274 -113.788 108.326
2275 -125.048 54.111
2276 -117.393 91.086
2277 -98.237 85.305
2278 -93.931 91.186
2279 -107.034 81.244
2280 -120.219 85.043
2281 -106.09 102.507
2282 -143.526 82.647
2283 -134.502 71.669
2284 -129.971 103.701
2285 -135.667 70.859
2286 -124.338 97.268
2287 -124.511 51.358
2288 -105.51 76.47
2289 -138.708 89.694
2290 -121.791 106.341
2291 -141.447 74.926
2292 -121.954 81.654
2293 -145.35 76.084
2294 -121.988 72.098
2295 -128.617 86.763
2296 -92.93 97.357
2297 -144.844 70.077
2298 -99.304 58.187
2299 -86.169 90.415
2300 -104.851 48.387
2301 -87.535 69.903
2302 -86.799 73.137
2303 -99.024 54.842
2304 -131.785 69.622
2305 -84.185 79.444
2306 -110.948 44.791
2307 -86.368 73.481
2308 -124.911 74.517
2309 -143.767 77.654
2310 -94.988 83.964
2311 -141.009 59.09
2312 -142.503 64.341
2313 -135.991 79.976
2314 -84.448 88.073
2315 -101 75.509
2316 -126.533 54.832
2317 -99.662 62.82
2318 -114.205 68.138
2319 -130.779 69.756
2320 -103.508 104.103
2321 -105.211 88.702
2322 -125.185 95.347
2323 -116.936 56.022
2324 -127.973 48.641
2325 -126.778 83.456
2326 -109.534 92.729
2327 -103.07 79.03
2328 -122.981 49.541
2329 -132.19 69.334
2330 -118.506 102.064
2331 -87.958 65.499
2332 -122.645 62.792
2333 -95.522 72.006
2334 -135.848 89.687
2335 -91.465 71.597
2336 -136.829 94.463
2337 -87.192 92.575
2338 -123.656 101.259
2339 -136.25 66.054
2340 -129.077 76.093
2341 -106.046 47.299
2342 -115.73 79.405
2343 -132.676 100.958
2344 -90.545 95.056
2345 -88.202 61.221
2346 -131.248 97.68
2347 -99.01 90.575
2348 -128.59 52.497
2349 -131.841 87.523
2350 -138.051 64.604
2351 -112.016 48.18
2352 -98.977 63.422
2353 -82.245 74.171
2354 -130.854 100.005
2355 -141.001 66.208
2356 -135.983 59.954
2357 -102.42 89.225
2358 -104.255 76.86
2359 -110.482 61.955
2360 -104.253 76.83
2361 -99.292 84.005
2362 -122.034 68.713
2363 -94.403 92.807
2364 -135.128 67.389
2365 -116.936 72.133
2366 -110.648 82.261
2367 -100.05 55.416
2368 -138.034 93.373
2369 -89.383 61.463
2370 -91.309 68.107
2371 -120.009 50.93
2372 -92.903 56.948
2373 -116.679 94.243
2374 -117.808 63.247
2375 -130.379 94.954
2376 -124.561 86.011
2377 -89.992 67.642
2378 -107.788 87.807
2379 -106.209 71.084
2380 -127.369 59.524
2381 -133.993 68.714
2382 -102.529 84.413
2383 -90.84 76.177
2384 -99.65 51.22
2385 -99.075 102.878
2386 -85.179 66.44
2387 -146.133 76.969
2388 -115.198 77.73
2389 -89.644 93.524
2390 -116.865 72.119
2391 -98.391 68.373
2392 -97.327 85.786
2393 -140.947 84.556
2394 -101.346 72.417
2395 -83.92 67.801
2396 -93.459 81.324
2397 -82.863 78.545
2398 -84.91 71.74
2399 -98.735 80.478
2400 -132.696 101.357
2401 -104.767 100.266
2402 -98.724 60.772
2403 -83.055 82.134
2404 -132.461 53.092
2405 -105.39 81.13
2406 -116.393 48.725
2407 -128.735 57.201
2408 -101.086 71.338
2409 -108.036 89.502
2410 -138.292 63.527
2411 -98.708 79.87
2412 -89.687 72.416
2413 -89.578 65.852
2414 -107.704 94.298
2415 -86.688 81.316
2416 -124.766 56.751
2417 -145.42 83.468
2418 -144.346 76.14
2419 -142.71 74.728
2420 -109.949 49.851
2421 -97.294 76.787
2422 -136.473 91.179
2423 -138.399 95.51
2424 -104.28 66.547
2425 -101.946 97.707
2426 -107.946 85.863
2427 -98.16 76.964
2428 -109.873 102.185
2429 -99.751 68.289
2430 -102.992 61.259
2431 -88.368 83.074
2432 -135.876 93.639
2433 -91.657 76.508
2434 -145.483 76.661
2435 -120.076 98.713
2436 -101.662 49.058
2437 -82.179 78.456
2438 -106.674 83.382
2439 -128.314 68.166
2440 -127.256 62.969
2441 -143.742 87.144
2442 -93.194 81.403
2443 -144.407 85.613
2444 -107.034 107.127
2445 -114.313 103.437
2446 -92.62 74.849
2447 -134.253 92.738
2448 -116.62 67.332
2449 -116.47 70.824
2450 -117.538 107.686
2451 -114.057 88.841
2452 -134.423 69.426
2453 -122.88 99.229
2454 -118.4 65.814
2455 -140.175 94.344
2456 -84.114 67.606
2457 -143.689 70.783
2458 -104.364 103.352
2459 -139.772 90.958
2460 -100.184 51.832
2461 -106.914 81.781
2462 -108.031 76.301
2463 -117.406 81.793
2464 -140.272 94.824
2465 -92.756 97.368
2466 -90.864 71.367
2467 -141.539 77.605
2468 -89.982 96.876
2469 -135.332 61.207
2470 -103.775 48.323
2471 -107.978 57.197
2472 -134.171 78.757
2473 -97.14 78.09
2474 -119.823 83.05
2475 -139.179 91.219
2476 -103.676 63.144
2477 -139.731 96.133
2478 -118.543 50.181
2479 -92.529 72.908
2480 -134.058 86.53
2481 -131.896 53.884
2482 -92.057 58.035
2483 -134.391 66.448
2484 -106.769 47.045
2485 -129.458 54.85
2486 -82.559 82.421
2487 -139.992 87.701
2488 -95.095 101.471
2489 -87.494 62.274
2490 -113.703 85.07
2491 -118.685 48.365
2492 -142.839 63.241
2493 -87.187 80.831
2494 -125.28 72.309
2495 -132.686 51.441
2496 -96.13 83.217
2497 -145.484 82.646
2498 -110.23 51.65
2499 -109.415 101.195
2500 -142.625 76.369
2501 -127.321 69.105
2502 -91.687 74.539
2503 -107.887 79.767
2504 -94.461 51.765
2505 -92.826 79.276
2506 -121.166 73.399
2507 -109.253 98.351
2508 -131.616 91.986
2509 -95.012 82.07
2510 -125.276 52.793
2511 -107.312 59.722
2512 -108.443 74.548
2513 -142.852 66.448
2514 -89.102 76.32
2515 -103.562 72.781
2516 -144.528 85.494
2517 -115.6 72.628
2518 -122.665 51.824
2519 -110.959 57.866
2520 -107.953 59.793
2521 -132.124 85.421
2522 -126.962 94.813
2523 -135.646 68.665
2524 -140.75 82.897
2525 -139.962 91.759
2526 -144.306 78.835
2527 -139.846 74.499
2528 -136.013 53.326
2529 -104.806 87.661
2530 -111.909 54.211
2531 -140.075 61.178
2532 -123.41 82.708
2533 -112.82 86.181
2534 -120.971 53.934
2535 -135.555 85.566
2536 -113.646 48.706
2537 -103.122 73.388
2538 -86.323 85.853
2539 -92.395 73.511
2540 -105.414 94.89
2541 -145.586 78.751
2542 -85.257 85.907
2543 -119.546 82.721
2544 -131.634 62.997
2545 -139.485 90.628
2546 -127.418 83.443
2547 -111.892 65.73
2548 -82.327 78.281
2549 -99.817 64.274
2550 -139.123 66.573
2551 -83.294 73.873
2552 -99.645 103.677
2553 -125.147 100.179
2554 -82.558 69.502
2555 -127.124 84.065
2556 -101.231 88.232
2557 -126.356 67.949
2558 -109.217 72.968
2559 -139.435 71.967
2560 -96.63 53.785
2561 -100.737 70.655
2562 -109.736 100.075
2563 -143.365 85.713
2564 -114.761 81.881
2565 -106.85 47.167
2566 -143.219 89.244
2567 -124.426 105.299
2568 -141.148 93.842
2569 -103.9 104.614
2570 -131.487 55.342
2571 -111.218 105.489
2572 -89.789 74.43
2573 -141.575 83.116
2574 -127.67 58.963
2575 -144.854 70.197
2576 -120.364 88.62
2577 -105.329 64.265
2578 -121.549 65.079
2579 -92.1 98.05
2580 -139.702 90.942
2581 -117.481 58.692
2582 -89.279 85.428
2583 -102.183 98.783
2584 -103.285 94.174
2585 -145.263 74.902
2586 -139.761 76.298
2587 -83.082 69.025
2588 -145.886 80.752
2589 -118.896 105.051
2590 -92.459 90.368
2591 -137.279 69.554
2592 -128.18 58.066
2593 -97.279 88.436
2594 -124.158 61.624
2595 -143.403 86.52
2596 -117.078 85.19
2597 -127.255 91.446
2598 -133.346 51.291
2599 -101.731 104.122
2600 -117.232 60.197
2601 -131.25 95.612
2602 -135.538 67.958
2603 -133.797 91.764
2604 -94.565 64.915
2605 -124.82 100.31
2606 -114.915 88.972
2607 -121.631 62.134
2608 -139.423 72.92
2609 -127.366 47.682
2610 -108.776 102.027
2611 -108.941 96.398
2612 -137.37 78.33
2613 -129.88 56.055
2614 -83.093 79.833
2615 -140.932 72.336
2616 -114.143 69.383
2617 -113.428 60.666
2618 -121.698 81.315
2619 -110.249 90.749
2620 -87.205 77.814
2621 -87.626 87.972
2622 -111.133 67.626
2623 -108.895 45.584
2624 -135.184 57.965
2625 -141.371 66.894
2626 -89.43 91.032
2627 -131.055 95.589
2628 -145.837 80.35
2629 -102.591 64.305
2630 -127.457 99.573
2631 -126.508 48.626
2632 -144.481 73.642
2633 -139.885 66.139
2634 -88.628 87.571
2635 -93.079 87.102
2636 -127.189 60.151
2637 -85.219 64.571
2638 -97.308 82.625
2639 -112.464 69.197
2640 -102.103 60.221
2641 -134.379 57.235
2642 -140.342 84.003
2643 -86.903 86.845
2644 -135.534 55.235
2645 -125.696 79.379
2646 -144.655 69.531
2647 -82.749 81.032
2648 -130.836 80.076
2649 -82.71 73.123
2650 -116.396 85.367
2651 -94.767 60.341
2652 -131.475 97.908
2653 -105.301 101.062
2654 -120.916 79.369
2655 -119.261 102.814
2656 -109.837 79.845
2657 -107.668 53.065
2658 -141.116 65.899
2659 -114.435 44.65
2660 -118.234 53.33
2661 -110.208 51.833
2662 -134.776 72.892
2663 -143.858 78.315
2664 -105.939 61.676
2665 -83.518 80.267
2666 -128.018 72.172
2667 -82.737 76.048
2668 -129.893 67.337
2669 -89.511 92.922
2670 -83.146 75.139
2671 -84.856 84.206
2672 -83.064 81.066
2673 -130.599 96.811
2674 -117.622 93.251
2675 -138.627 90.208
2676 -115.634 85.412
2677 -88.163 68.083
2678 -143.933 74.393
2679 -136.412 96.781
2680 -108.113 62.031
2681 -83.164 72.337
2682 -87.037 70.127
2683 -125.983 92.964
2684 -89.857 55.701
2685 -107.987 56.451
2686 -99.575 66.743
2687 -125.426 61.581
2688 -137.455 68.319
2689 -123.274 65.369
2690 -90.255 66.293
2691 -141.394 77.2
2692 -95.705 99.368
2693 -115.524 105.049
2694 -93.144 67.333
2695 -88.464 65.523
2696 -87.446 68.837
2697 -130.255 75.703
2698 -138.403 68.391
2699 -96.19 89.189
2700 -94.501 76.53
2701 -100.278 78.444
2702 -120.807 73.585
2703 -111.315 50.434
2704 -101.519 70.731
2705 -137.277 55.383
2706 -106.351 56.286
2707 -121.492 91.385
2708 -111.94 92.486
2709 -120.472 57.764
2710 -114.007 54.468
2711 -100.377 48.558
2712 -88.093 68.957
2713 -104.291 51.576
2714 -112.035 51.953
2715 -102.471 63.672
2716 -106.405 63.753
2717 -87.304 80.2
2718 -104.138 56.108
2719 -128.287 90.411
2720 -87.522 60.74
2721 -110.398 73.226
2722 -90.747 76.523
2723 -145.711 82.191
2724 -116.531 50.747
2725 -111.295 105.062
2726 -86.624 80.873
2727 -99.223 62.262
2728 -111.014 53.682
2729 -145.435 81.975
2730 -83.655 73.975
2731 -132.919 99.834
2732 -115.168 103.531
2733 -113.269 101.939
2734 -87.205 76.027
2735 -133.722 88.647
2736 -139.111 66.502
2737 -135.868 87.737
2738 -104.781 95.094
2739 -136.493 61.15
2740 -110.385 108.037
2741 -135.543 63.022
2742 -82.261 81.409
