%%index real_part   imaginary_part
4760 4760 4760
1 1158.69 410.969
2 -766.06 -462.441
3 557.83 -479.845
4 1305.51 383.892
5 1624.31 -303
6 -1075.69 424.179
7 -967.72 -439.377
8 -1812.9 -230.754
9 -1028.75 431.05
10 1003.71 -434.548
11 634.32 -474.159
12 1763.09 -252.673
13 777.8 -461.274
14 1527.38 -331.636
15 -424.37 -487.903
16 -641.38 473.593
17 1299.76 -385.051
18 -2037.56 42.2765
19 -425.05 -487.868
20 1762.92 -252.743
21 1332.25 378.387
22 -1299.76 385.051
23 -337.67 491.914
24 -1575.51 -317.96
25 -359.59 -490.989
26 526.36 481.955
27 -380.77 -490.038
28 -1355.11 -373.527
29 -1624.37 -302.981
30 -234.05 495.483
31 -521.5 482.269
32 1601.42 310.164
33 1623.38 303.297
34 -572.72 478.8
35 -327.43 -492.326
36 -1939.32 158.205
37 -1823.6 225.683
38 -375.5 -490.28
39 -2024.4 -70.4789
40 -1094.56 -421.298
41 61.2 -498.537
42 1602.64 309.789
43 -1922.43 170.026
44 80.93 -498.37
45 221.99 -495.813
46 1625.01 302.777
47 -843.37 -454.368
48 1220.82 -400.126
49 1605.94 308.77
50 -952.27 441.381
51 -1921.74 -170.489
52 -859.57 452.558
53 -863.59 452.102
54 1372.43 369.746
55 772.62 461.791
56 -1467.75 -347.285
57 1367.69 -370.789
58 -1425.68 357.559
59 -1851.88 211.54
60 1327.6 379.358
61 -413.44 -488.461
62 203.39 496.288
63 -1153.89 411.772
64 -1372.8 369.664
65 287.87 -493.794
66 843.01 -454.407
67 1788.57 -241.785
68 860.13 -452.495
69 1948.71 151.185
70 -946.7 -442.093
71 1891.71 189.418
72 756.92 463.336
73 -1188.96 405.793
74 -449.78 -486.547
75 664.3 471.71
76 -1482.01 343.664
77 -1911.44 177.244
78 751.95 463.817
79 695.88 468.994
80 -732.68 465.648
81 -1814.61 229.953
82 1202.93 -403.336
83 329.67 492.237
84 -384.99 489.842
85 1842.27 -216.474
86 -813.63 -457.582
87 1709.85 273.574
88 911.58 446.463
89 -1642.57 297.087
90 -1340.13 -376.728
91 1658.41 291.805
92 -966.85 439.491
93 -1512.82 335.583
94 1833.72 -220.751
95 -685.87 -469.87
96 -401.13 -489.071
97 -1250.03 -394.724
98 360.64 -490.943
99 1782.04 -244.637
100 -185.98 496.694
101 -34.67 498.689
102 1748.29 258.718
103 -850.79 -453.544
104 -575.13 -478.628
105 -1371.07 -370.046
106 -1286.44 387.703
107 -331.7 492.156
108 -1889.82 -190.537
109 -8.25 498.757
110 43.35 498.649
111 -683.79 470.05
112 555.23 -480.024
113 2005.53 -97.4221
114 1602.93 -309.7
115 304.89 493.186
116 -1425.19 -357.675
117 217.93 495.92
118 -1908.48 -179.131
119 -703.92 -468.279
120 290.83 -493.691
121 -1436.85 354.889
122 -1139.91 414.081
123 -939.32 443.029
124 -1775.41 -247.488
125 1393.91 -364.935
126 -1379.71 368.131
127 -89.94 498.278
128 246.14 -495.135
129 -164.94 -497.136
130 -1628.37 -301.701
131 161.94 497.194
132 -1359.82 372.507
133 838.3 -454.925
134 -919.68 -445.473
135 -135.09 -497.671
136 1899.59 -184.667
137 -222.65 495.796
138 96.45 -498.206
139 -221.83 495.818
140 -607.03 -476.279
141 -1295.4 385.924
142 354.24 -491.22
143 -955.25 440.998
144 -1915 -174.943
145 748.4 464.158
146 1275.87 389.775
147 -262.11 -494.647
148 541.53 -480.954
149 -261.15 -494.677
150 1269.85 -390.943
151 97.01 -498.199
152 -1695.01 279.014
153 -172.69 -496.979
154 1456.42 350.111
155 -617.11 -475.508
156 1665.14 289.516
157 -747.26 464.267
158 -2041.4 29.2493
159 -1133.2 415.176
160 -231.59 495.552
161 1537.43 -328.862
162 1451.19 -351.401
163 -1905.18 -181.209
164 -1121.19 417.111
165 1490.43 341.491
166 -1676.46 285.603
167 389.91 -489.61
168 -469.89 485.415
169 -2012.86 -87.9707
170 1479.18 344.388
171 620.85 475.218
172 1632.3 300.435
173 207.29 -496.192
174 1961.53 140.978
175 61.55 498.535
176 -815.25 457.411
177 511.46 482.909
178 -311.32 492.947
179 756.36 -463.39
180 -63.72 -498.519
181 402.27 -489.015
182 -397.5 -489.247
183 599.45 -476.85
184 -1753.28 -256.701
185 82.45 -498.355
186 -864.54 -451.994
187 531.71 481.606
188 -1302.75 384.449
189 -1703.53 -275.91
190 -1722.27 268.9
191 -1590.56 313.471
192 229.34 -495.614
193 1133.79 -415.08
194 77.09 -498.406
195 1123.46 -416.747
196 -203.81 496.277
197 -1937.62 -159.439
198 -1727.77 -266.793
199 370.69 -490.498
200 451.71 -486.44
201 1406.02 362.16
202 -665.49 -471.61
203 1906.42 180.431
204 1248.09 395.089
205 1551.06 325.032
206 -832.88 455.517
207 1952.79 -148.02
208 761.75 -462.864
209 -1659.08 -291.578
210 -168.17 497.071
211 1013.22 -433.233
212 -1407.53 -361.811
213 277.06 494.162
214 -1164.29 410.026
215 1734.51 -264.178
216 -598.63 -476.911
217 1564.22 -321.259
218 -1075 -424.283
219 -433.7 487.414
220 198.88 496.396
221 -621.29 475.184
222 -675 470.806
223 -589.33 -477.6
224 26.55 -498.719
225 -2006.78 -95.8786
226 -949.01 -441.799
227 -1145.02 -413.242
228 -1915.96 174.316
229 -901.59 -447.668
230 1988.1 116.756
231 1539.2 -328.369
232 -960.9 440.267
233 1817.72 228.487
234 456.55 486.172
235 1068.51 -425.257
236 -1116.65 -417.835
237 -861.38 -452.353
238 -783.94 460.655
239 1073.61 424.492
240 200.48 -496.358
241 376.73 490.224
242 1144.05 -413.402
243 -148.52 497.444
244 856.15 452.943
245 -669.79 471.248
246 -1896.41 -186.601
247 474.15 485.168
248 1482.76 -343.471
249 -1010.17 -433.656
250 -389.13 -489.647
251 -1290.02 -386.994
252 -246.13 495.135
253 -303.01 -493.255
254 -1150.94 412.262
255 199.98 496.37
256 355.94 491.147
257 1096.31 421.027
258 -377.14 -490.205
259 -686.87 469.783
260 310.59 492.974
261 1236.39 -397.272
262 915.47 -445.989
263 -1207.76 -402.477
264 415.44 488.36
265 -466.57 -485.605
266 1284.7 388.046
267 -1369.99 -370.284
268 112.29 498.008
269 -339.54 491.837
270 1407.89 361.728
271 -2.3 -498.761
272 -587.49 -477.735
273 -546.08 480.648
274 -1744.01 -260.431
275 1275.99 389.752
276 1855.8 -209.487
277 -719.36 466.882
278 -384.81 489.85
279 -1762.43 -252.946
280 1774.38 -247.927
281 809.78 457.988
282 158.64 -497.258
283 966.12 439.587
284 19.7 498.738
285 514.31 482.729
286 -1504.96 -337.679
287 1303.59 384.28
288 -1006.49 434.165
289 1889.85 -190.519
290 -552.53 480.21
291 -820.62 456.839
292 -1314.03 -382.159
293 -1476.7 -345.021
294 1371.43 369.967
295 -1413.65 -360.389
296 25.91 498.721
297 1435.96 355.103
298 -881.78 -450.009
299 1092.14 -421.671
300 1261.6 -392.528
301 754.04 463.615
302 -1043.28 428.968
303 -1245.28 395.616
304 -761.15 462.923
305 -1907.37 179.833
306 -154.48 -497.336
307 2018.75 79.5375
308 1515.05 334.984
309 1072.19 -424.706
310 1307.62 383.464
311 -480.21 -484.814
312 298.77 -493.409
313 921.94 445.195
314 -699.34 -468.688
315 223.16 -495.782
316 906.74 -447.048
317 739.52 -465.004
318 -452.59 486.392
319 1052.44 427.634
320 340.91 -491.781
321 -1241.09 396.399
322 1630.55 301
323 1105.86 -419.538
324 -244.68 -495.178
325 -744.99 464.484
326 1976.44 127.992
327 1920.93 -171.032
328 1441.94 -353.659
329 -1421.23 358.611
330 334.47 492.044
331 -15.71 -498.746
332 74.04 -498.434
333 -1552.73 324.558
334 1609.06 -307.803
335 1004.16 -434.486
336 -500.45 -483.594
337 824.88 -456.382
338 234.76 495.463
339 1390.08 -365.803
340 -130.08 -497.751
341 -1850.36 -212.33
342 -1225.69 -399.239
343 -1743.79 -260.518
344 565.16 479.334
345 433.13 487.445
346 1570.86 319.325
347 1696.11 278.616
348 -1548.41 -325.783
349 1580.32 316.537
350 800.29 -458.98
351 1020.73 432.183
352 -1438.73 354.436
353 -495.87 -483.875
354 -1342 376.332
355 -133.79 -497.692
356 559.26 479.746
357 -1079.34 423.627
358 998.46 435.267
359 1186.07 406.296
360 120.37 497.896
361 1078.84 423.703
362 561.68 479.578
363 -1013.48 433.197
364 -471.45 -485.325
365 -544.63 -480.746
366 -519.74 482.382
367 2042.18 -25.8078
368 -131.4 497.73
369 -1726.61 -267.239
370 41.9 -498.656
371 -766.86 462.362
372 1663.83 289.963
373 -1914.49 -175.275
374 646.16 -473.207
375 1939.5 -158.073
376 95.64 498.215
377 -200.95 496.347
378 1335.05 -377.8
379 -958.35 -440.598
380 -651.16 -472.799
381 -641.28 473.601
382 -1949.43 150.632
383 1353.85 373.799
384 821.92 -456.7
385 -224.11 495.757
386 -20.76 -498.735
387 -1343.61 -375.99
388 39.02 498.67
389 1193.44 405.01
390 1904.95 181.353
391 1721.41 -269.227
392 -1149.19 412.553
393 1322.44 380.429
394 638.16 473.852
395 1611.78 306.955
396 1598.96 310.918
397 1691.92 280.127
398 -1316.35 -381.683
399 31.16 498.703
400 -1034.48 430.234
401 280.19 -494.057
402 -6.68 -498.758
403 406.23 -488.82
404 -1349.34 374.768
405 293.2 -493.608
406 322.25 492.529
407 -387.16 489.74
408 1261.36 392.574
409 1663.41 290.107
410 -507.66 -483.147
411 -1960.77 -141.606
412 -1431.07 356.276
413 -1440.46 -354.018
414 -153.83 497.348
415 437.08 -487.235
416 470.33 -485.389
417 1745.85 -259.696
418 -946.76 442.086
419 728.55 -466.033
420 -1139.7 414.116
421 -569.62 479.02
422 1638.76 -298.336
423 -1408.3 361.633
424 -1200.69 403.733
425 -1654.06 293.27
426 -292.2 493.643
427 185.57 -496.703
428 982.09 437.477
429 -1381.62 -367.704
430 -1415.33 359.997
431 1545.19 -326.691
432 1478.92 344.455
433 1795.67 -238.634
434 -1756.69 -255.311
435 -1239.81 -396.637
436 538.22 481.175
437 -300.71 493.339
438 -15.4 498.747
439 -1270.2 -390.875
440 -169.01 -497.054
441 162.5 497.184
442 1739.93 -262.049
443 -1099.4 -420.547
444 -253.85 494.903
445 256.13 494.833
446 1543.32 -327.217
447 -497.74 -483.761
448 1808.29 232.896
449 -862.19 452.261
450 -1903.51 182.25
451 1411.46 -360.899
452 -1427.17 357.205
453 -73.87 -498.435
454 231.37 -495.558
455 -1955.4 -145.956
456 768.01 462.249
457 -1049.39 428.08
458 -941.1 442.804
459 -1751.78 257.31
460 1347.53 375.155
461 -1143.66 -413.466
462 -641.36 -473.595
463 747.06 -464.287
464 -639.95 -473.708
465 -605.19 -476.418
466 1310.11 -382.958
467 -1248.91 394.935
468 149.81 -497.421
469 -1543.73 -327.102
470 568.86 -479.074
471 -909.72 446.688
472 -112.33 -498.008
473 -1388.12 366.245
474 -276.98 -494.164
475 2019.79 -77.951
476 168.18 -497.071
477 925.94 -444.701
478 -130.34 497.747
479 1633.64 300.002
480 1637.56 298.727
481 574.06 -478.705
482 -181.17 -496.8
483 -414.51 -488.407
484 1347.96 375.063
485 23.91 498.727
486 -1913.28 -176.059
487 -180.55 -496.813
488 2007.12 95.4543
489 -484.63 -484.552
490 553.82 480.121
491 -373.25 490.382
492 1086.57 422.526
493 1291.13 386.774
494 589.02 -477.622
495 192.68 -496.542
496 -1606.32 308.653
497 8.04 -498.757
498 1307.23 383.543
499 -1892.25 189.097
500 -363.79 -490.805
501 -1378.69 -368.358
502 41.24 -498.659
503 -1696.72 -278.395
504 1028.75 431.05
505 -358.32 -491.044
506 -560.25 479.677
507 -331.18 492.176
508 -24.57 498.725
509 1814.75 -229.887
510 -58.39 -498.557
511 -1626.01 -302.457
512 -1286.22 -387.746
513 -1264.18 392.034
514 -502.88 483.444
515 676.82 470.65
516 -1809.9 232.151
517 1727.4 -266.935
518 -609.86 -476.064
519 -1363.43 -371.722
520 -1529.69 -331.002
521 -1989.01 115.83
522 -1643.11 -296.909
523 -1905.11 -181.253
524 550.61 480.341
525 212.63 -496.057
526 -1982.87 121.932
527 1335.64 377.676
528 1794.51 -239.152
529 1151.17 412.224
530 1297.87 385.43
531 1453.43 -350.85
532 -952.53 -441.348
533 1880.42 195.991
534 1845.79 214.683
535 -405.88 488.838
536 -289.56 493.735
537 1158.03 411.08
538 -1625.02 302.774
539 816.05 457.326
540 -1444.9 352.94
541 1525.96 332.025
542 641.22 473.606
543 -1548.43 -325.777
544 851.28 453.489
545 -1096.64 -420.976
546 -1816.36 -229.13
547 1304.82 -384.031
548 -144.44 -497.515
549 416.61 -488.3
550 -541.71 -480.942
551 331.99 492.144
552 -304.92 -493.185
553 -1531.14 330.603
554 -1827.75 -223.677
555 600.4 -476.779
556 -1250.66 394.606
557 -528.43 -481.82
558 -668.4 -471.365
559 -522.01 -482.237
560 667.96 471.403
561 1259.13 393
562 -233.44 -495.5
563 -1486.44 -342.524
564 1339.02 -376.963
565 -492.02 484.109
566 -1395.3 -364.619
567 250.42 495.007
568 -1730.92 -265.575
569 -757.35 -463.294
570 -762.22 462.818
571 1.47 -498.761
572 -1146.01 413.079
573 1075.61 -424.191
574 1911.19 177.404
575 1887.53 -191.883
576 1528.79 331.249
577 607.32 -476.257
578 -754.5 -463.57
579 -1215.72 -401.049
580 690.15 469.497
581 -291.96 493.651
582 -1824.67 225.168
583 360.22 490.962
584 618.71 475.384
585 666.44 471.531
586 1676.29 285.662
587 1709.95 273.537
588 396.79 -489.281
589 775.78 -461.476
590 1897.39 -186.008
591 -1813.09 230.665
592 1209.54 402.159
593 -320.15 -492.61
594 -58.89 -498.554
595 293.24 -493.606
596 1841.77 -216.727
597 -540.26 -481.039
598 154.64 497.333
599 -1843.33 -215.937
600 -231.69 -495.549
601 -169.91 -497.036
602 1659.47 291.446
603 1185.87 -406.331
604 1296.25 -385.754
605 -386.27 489.782
606 -1814.96 229.789
607 -979.1 437.875
608 2001.54 -102.187
609 -77.24 -498.405
610 -1408.96 -361.48
611 -554.84 480.051
612 -1894.83 187.554
613 -549.12 480.442
614 -1538.4 -328.592
615 -248.4 -495.067
616 1433.56 355.68
617 -65.68 -498.504
618 1942.71 155.711
619 1329.43 -378.977
620 -1944.65 154.264
621 -126.23 -497.81
622 1202.78 403.363
623 -1150.86 -412.276
624 -1435.58 355.195
625 -398.38 -489.205
626 -948.97 441.804
627 841.11 454.617
628 1514.11 335.236
629 1078.58 -423.742
630 1377.86 -368.543
631 1498.67 339.339
632 711.86 -467.565
633 -1575.95 317.83
634 616.31 -475.57
635 -1745.67 259.768
636 1588.85 313.986
637 -1061.76 426.262
638 2042.53 24.1038
639 400.7 489.092
640 1773.02 -248.505
641 1436.43 -354.99
642 -844.8 -454.21
643 -1892.97 -188.668
644 469.56 -485.434
645 156.96 -497.289
646 -631.09 -474.415
647 709.02 467.822
648 456.41 486.179
649 -344.46 491.634
650 557.63 -479.859
651 -996.57 -435.524
652 -1787.49 242.26
653 -371.74 490.45
654 -516.63 -482.581
655 -1613.75 -306.339
656 -872.49 -451.085
657 -386.79 489.758
658 1324.3 -380.044
659 1683.6 283.094
660 -1970.8 -133.065
661 -1519.74 -333.718
662 -684.12 -470.022
663 1320.77 380.774
664 1244.17 -395.824
665 1070.64 -424.938
666 1074.3 -424.388
667 -1126.57 -416.248
668 1390.14 365.789
669 718.59 466.952
670 1556.61 -323.45
671 1016.73 432.743
672 535.37 -481.364
673 384.85 -489.849
674 986.6 436.872
675 193.69 -496.518
676 207.09 496.197
677 512.91 482.817
678 -348.64 491.459
679 1642.22 297.202
680 -77.61 -498.402
681 -300.44 -493.348
682 1263.27 392.209
683 -93.1 498.244
684 -1249.67 -394.792
685 589.12 -477.615
686 624.23 -474.955
687 755.97 -463.428
688 -798.63 -459.151
689 1504.02 337.928
690 1040.23 429.408
691 805.55 -458.432
692 848.21 -453.831
693 -707.35 467.972
694 1131.25 -415.492
695 1892.57 188.906
696 -872.96 -451.031
697 -1763.21 -252.623
698 456.92 -486.151
699 960.69 440.294
700 -1376.64 368.814
701 72.41 -498.448
702 108.73 -498.055
703 2020.95 -76.1415
704 -960.97 -440.258
705 -2003.36 -100.043
706 -1253.82 -394.009
707 -963.43 -439.938
708 -500.12 483.615
709 -785.01 -460.547
710 271.35 494.35
711 1080.74 -423.415
712 897.13 -448.2
713 983.78 -437.251
714 288.82 -493.761
715 634.41 -474.152
716 -565.65 479.3
717 -1033.33 430.398
718 -1894.37 -187.83
719 -1330.91 -378.668
720 -1746 -259.636
721 1236.83 397.19
722 935.5 443.509
723 791.17 -459.919
724 -366.22 -490.697
725 -791.9 -459.844
726 -1344.28 -375.848
727 -1997.28 -107.031
728 752.66 -463.748
729 -683.82 -470.048
730 -707.44 467.964
731 1055.2 -427.23
732 -327.97 492.304
733 -106.01 -498.09
734 -366.25 490.696
735 -924.69 -444.856
736 -269.18 494.421
737 -1697.52 -278.105
738 -940.17 -442.921
739 -541.25 480.973
740 -1285.76 387.837
741 -256.07 -494.835
742 -1721.87 -269.052
743 1347.33 -375.198
744 116.22 -497.955
745 361.34 490.913
746 100.63 -498.157
747 1943.71 154.967
748 219.44 495.881
749 910.16 -446.635
750 1258.79 393.065
751 -394.83 489.376
752 -1599.11 310.872
753 -1146.64 -412.975
754 1872.6 200.396
755 1526.71 -331.82
756 -900.86 -447.755
757 -1339.33 376.898
758 1650.43 -294.484
759 1115.28 418.052
760 1889.23 190.885
761 -1490.75 341.408
762 1547.51 326.037
763 -1242.52 396.132
764 -681.77 -470.225
765 231.5 -495.554
766 -243.93 495.2
767 -1560.69 -322.278
768 73.87 -498.435
769 1956.58 145.012
770 473.11 -485.229
771 -424.73 -487.884
772 -595.98 477.109
773 92.24 -498.253
774 -260.85 -494.686
775 -645.52 473.259
776 -1607.6 308.256
777 -1203.71 -403.198
778 -805.06 -458.483
779 -58.62 498.556
780 447.01 486.699
781 612.53 475.86
782 -950.01 -441.671
783 1014.55 433.048
784 235.33 495.447
785 1629.92 301.203
786 -919.56 -445.488
787 -1049.12 -428.119
788 -1313.92 -382.181
789 -747.9 464.206
790 1038.82 429.611
791 -886.93 449.406
792 1782.99 -244.224
793 1758.98 -254.371
794 -339.97 -491.82
795 -251.72 494.968
796 1725.73 267.577
797 345.43 -491.593
798 -1187.03 -406.129
799 -808.87 458.084
800 22.56 -498.73
801 -772.72 461.781
802 2012.55 88.3916
803 1149.06 412.574
804 318.48 492.675
805 -1253.18 394.13
806 510.67 482.958
807 -1170.07 409.046
808 1818.59 228.075
809 1217.29 400.765
810 -1468.78 -347.026
811 403.58 488.951
812 -678.21 470.531
813 1771.17 -249.288
814 -935.54 443.504
815 -1595.62 311.937
816 148.36 497.446
817 -1601.3 310.201
818 299.09 493.397
819 -172.12 496.991
820 1395.81 -364.502
821 348.48 491.465
822 -2005.06 -97.9959
823 2016.53 -82.8199
824 996.92 435.477
825 -1902.66 182.777
826 1796.51 -238.258
827 932.67 443.864
828 -555.6 -479.999
829 -380.8 490.037
830 644.65 473.329
831 -797.22 -459.297
832 1038.74 429.623
833 765.27 -462.519
834 1125.86 416.362
835 394.98 -489.369
836 -1297.34 -385.536
837 -1727.11 -267.047
838 810.35 457.928
839 938.13 -443.179
840 138.77 -497.611
841 -1925.03 168.267
842 568.48 -479.101
843 -835.34 -455.249
844 -1880.27 196.077
845 2022.34 -73.9134
846 1385.64 366.803
847 1017.56 432.627
848 1946.92 -152.551
849 -957.27 -440.737
850 -1163.78 -410.112
851 -1918.25 -172.812
852 952.66 -441.331
853 844.54 454.238
854 1566.43 320.617
855 -353.78 491.24
856 254.22 -494.892
857 -1346.79 -375.313
858 -1048.65 428.188
859 -1959.37 142.754
860 -1270.8 390.759
861 772.52 461.801
862 1588.32 -314.145
863 1241.39 396.343
864 -1968.53 135.049
865 -1380.05 368.055
866 197.5 -496.429
867 863.17 -452.15
868 1915.19 -174.819
869 -75.91 498.417
870 -371.45 -490.464
871 1795.62 238.656
872 -141.44 -497.566
873 -65.37 498.506
874 1830.28 222.443
875 611.94 475.905
876 -476.69 485.02
877 -193.68 496.519
878 -208 496.174
879 995.02 435.735
880 -323.06 492.497
881 -500.85 483.57
882 1156.71 -411.301
883 -1771.77 -249.035
884 1146.57 412.986
885 -275.04 -494.229
886 982.48 -437.424
887 -7.58 -498.757
888 1067.68 425.381
889 -224.39 -495.749
890 336.11 -491.978
891 629.63 -474.53
892 -1304.99 383.997
893 -1334.01 378.018
894 -1059.04 426.664
895 -1303.64 -384.27
896 -1403.85 362.661
897 984.7 -437.127
898 10.29 -498.755
899 -722.38 -466.604
900 -1725.33 267.73
901 -1346.6 375.353
902 809.32 458.037
903 -827.4 456.111
904 321.25 -492.568
905 1693.61 279.519
906 895.93 -448.343
907 1021.38 432.091
908 546.19 480.641
909 1722.35 -268.869
910 -1456.88 349.998
911 1544.34 -326.93
912 -1913.11 -176.169
913 -204.37 496.264
914 560.45 479.663
915 -1184.86 406.506
916 1780.15 -245.454
917 139.84 497.593
918 -1504.46 -337.811
919 -1708.71 -273.998
920 -404.51 488.905
921 544.44 480.759
922 -141.65 497.563
923 -1400.15 -363.511
924 1565.94 -320.76
925 226.54 495.691
926 -1056.14 427.091
927 -1370.57 370.156
928 -110.54 -498.032
929 -801.84 -458.819
930 -78.84 498.39
931 -1138.4 -414.329
932 1811.58 -231.37
933 -291.22 -493.677
934 -920.23 -445.406
935 -1975.86 128.524
936 1063.71 -425.972
937 1123.69 416.71
938 -2032.23 -55.4772
939 -247.51 495.094
940 -1007.4 -434.039
941 1680.76 284.096
942 -622.97 -475.053
943 -319.61 492.631
944 402.58 -489
945 1432.3 355.982
946 -1977.16 127.329
947 1200.81 -403.712
948 -1859.57 -207.488
949 -1696.45 278.493
950 1521.11 -333.346
951 20.63 498.735
952 355.91 491.149
953 52.11 498.599
954 1980.9 -123.822
955 1576.21 -317.753
956 -536.1 481.316
957 -1960.69 141.671
958 -1088.55 422.223
959 -400.77 489.088
960 1844.14 215.525
961 837.01 455.067
962 -1460.82 349.019
963 2011.62 -89.6421
964 1635.65 299.349
965 680.66 -470.321
966 223.46 495.774
967 -182.8 496.764
968 1109.88 418.906
969 -1521.41 333.265
970 1991.44 -113.319
971 11.86 -498.752
972 -778.92 -461.161
973 -255.12 494.864
974 -804.05 458.588
975 1356.76 -373.171
976 156.6 497.296
977 -1797.18 237.957
978 774.84 -461.57
979 -1892.16 -189.15
980 1858.56 -208.026
981 477.69 484.962
982 -1858.17 -208.233
983 -223.91 495.762
984 1186.53 406.216
985 -1167.41 409.498
986 -25.3 -498.723
987 912.79 446.315
988 -1702.54 -276.273
989 1439.11 -354.344
990 1422.28 358.364
991 2024.68 69.9988
992 -1466.82 347.519
993 1782 -244.654
994 -321.35 -492.564
995 -1663.55 -290.059
996 1502.21 -338.406
997 959.82 -440.407
998 -219.19 495.887
999 1289.22 387.153
1000 131.79 497.724
1001 -1681.39 -283.874
1002 390.33 489.591
1003 -2024.58 -70.1707
1004 -1279.73 -389.021
1005 1902.85 -182.66
1006 1162.7 -410.295
1007 1259.87 392.859
1008 802.57 458.743
1009 1710.6 -273.295
1010 -643.15 473.451
1011 1502.77 338.258
1012 1578.18 317.171
1013 -1256.03 393.59
1014 -187.73 496.655
1015 -1603.82 309.425
1016 -1438.74 -354.433
1017 -290.25 -493.711
1018 -542.67 -480.878
1019 1854.52 -210.16
1020 -431.94 -487.507
1021 1785.22 243.253
1022 -1234.53 -397.616
1023 246.7 -495.118
1024 -31.22 498.703
1025 909.45 -446.721
1026 -1355.95 373.346
1027 -1401.42 -363.22
1028 -1433.18 -355.771
1029 1097.93 420.776
1030 213.37 -496.038
1031 1281.84 388.608
1032 -425.2 -487.86
1033 976.82 438.178
1034 2018.22 -80.3337
1035 -1640.18 -297.871
1036 1173.04 408.54
1037 -307.99 -493.071
1038 -1203.91 403.162
1039 -575.38 478.611
1040 132.99 -497.705
1041 -519.89 482.373
1042 622.35 475.101
1043 1446.08 -352.652
1044 -159.1 497.249
1045 1609.6 -307.635
1046 1595.97 -311.83
1047 -85.42 -498.326
1048 -883.7 -449.785
1049 1917.01 -173.628
1050 1524.32 -332.473
1051 1036.62 -429.927
1052 -1666.64 289.002
1053 1705.85 -275.056
1054 1727.52 266.889
1055 863.81 452.077
1056 923.2 445.04
1057 645.17 -473.287
1058 2003.59 -99.7685
1059 -1771.17 -249.288
1060 -1045.82 428.6
1061 -939.95 442.949
1062 1263.87 -392.094
1063 -1297.83 -385.438
1064 -547.1 480.579
1065 -457.43 486.122
1066 1524.03 332.552
1067 -1404.4 362.534
1068 1305.58 383.878
1069 959.94 440.392
1070 370.38 -490.512
1071 -1713.88 -272.07
1072 849.85 453.649
1073 444.63 486.828
1074 -1371.82 -369.881
1075 1746.5 259.436
1076 561.79 479.57
1077 -1457.65 -349.807
1078 1330.54 378.745
1079 -1064.15 -425.907
1080 -531.48 481.621
1081 -111.89 498.014
1082 1414.46 360.2
1083 -1445.36 -352.827
1084 1910.42 177.897
1085 1348.19 -375.014
1086 -622.48 -475.091
1087 84 -498.34
1088 -950.39 -441.622
1089 1463.8 -348.276
1090 -1024.82 -431.607
1091 1005.82 -434.257
1092 -875.23 450.769
1093 -751.95 -463.817
1094 -1034.76 430.194
1095 1698.28 -277.828
1096 10.96 498.754
1097 113.32 497.994
1098 220.78 495.845
1099 167.39 -497.087
1100 -340.61 491.793
1101 -2009.85 91.9736
1102 -756.97 463.331
1103 947.35 -442.01
1104 -409.13 488.677
1105 1086.6 -422.522
1106 65.77 -498.503
1107 1423.94 357.971
1108 -486.76 -484.425
1109 56.27 -498.572
1110 -1196.63 404.45
1111 1822.83 226.052
1112 -2.75 498.76
1113 -666.37 -471.536
1114 -1171.03 -408.883
1115 810.66 -457.896
1116 -1505.94 -337.419
1117 -117.89 -497.931
1118 1963.47 139.362
1119 1288.58 387.28
1120 1028.54 -431.08
1121 -164.16 -497.151
1122 1172.76 408.588
1123 841.58 454.565
1124 1966.56 136.746
1125 921.98 -445.19
1126 877.62 450.492
1127 -372.92 490.397
1128 -1891.75 189.394
1129 1240.32 396.542
1130 -956.57 -440.828
1131 -1381.12 367.816
1132 435.79 487.304
1133 -349.08 -491.44
1134 350.89 -491.363
1135 -1995.31 109.195
1136 -1708.44 -274.098
1137 -1027.58 431.216
1138 1376.66 368.809
1139 625.95 -474.82
1140 -1448.2 -352.134
1141 -1851.06 211.967
1142 -1613.37 -306.458
1143 737.87 465.16
1144 1362.44 -371.937
1145 2041.62 -28.3212
1146 -1542.07 327.567
1147 -1369.71 370.346
1148 1069.94 -425.043
1149 -2033.75 52.0583
1150 -1461.71 -348.797
1151 382.36 489.965
1152 -431.36 -487.538
1153 -737.47 -465.198
1154 -1569.78 -319.641
1155 -1379.34 368.213
1156 -1414.66 360.153
1157 182.81 496.764
1158 -1898.76 185.174
1159 1423.23 358.139
1160 -895.55 -448.388
1161 -1272.3 390.469
1162 419.07 -488.175
1163 1714.67 -271.774
1164 -847.71 453.887
1165 -1358.03 -372.896
1166 7.97 -498.757
1167 2021.49 -75.2839
1168 -822.63 456.624
1169 731.1 465.795
1170 328.84 -492.27
1171 491.56 484.136
1172 -1598.8 310.967
1173 -1502.47 -338.338
1174 -41.41 -498.659
1175 948.61 441.85
1176 -706.17 468.078
1177 -856.14 452.945
1178 -1050.78 -427.877
1179 1461 348.974
1180 359.09 491.011
1181 1823.24 -225.856
1182 -676.28 470.696
1183 -1764.12 -252.245
1184 -837.18 -455.048
1185 -364.27 490.784
1186 1724.73 267.96
1187 201.21 -496.341
1188 -963.55 439.922
1189 -350.99 -491.359
1190 -1258.26 -393.166
1191 1391.95 365.379
1192 1125.31 -416.45
1193 304.93 493.185
1194 1544.51 -326.882
1195 1603.76 309.444
1196 -1840.69 217.273
1197 1118.32 -417.569
1198 2030.61 -58.9005
1199 739.69 -464.988
1200 919.71 445.47
1201 -1427.98 357.013
1202 1611.1 -307.167
1203 -1023.85 -431.744
1204 596.22 477.091
1205 -942.09 -442.679
1206 1865.12 -204.504
1207 -2027.45 -65.0547
1208 -241.23 -495.278
1209 1645.22 -296.213
1210 995.93 435.611
1211 123.97 -497.843
1212 -1425.05 357.708
1213 -342.47 491.717
1214 1256.82 -393.44
1215 -1816.32 229.149
1216 -913.71 -446.203
1217 -1172.76 -408.588
1218 -750.66 -463.941
1219 -610.97 475.979
1220 532.19 -481.574
1221 -301.04 -493.327
1222 -736.98 -465.244
1223 -348.85 -491.45
1224 14.04 -498.749
1225 -132.1 497.719
1226 1734.3 -264.26
1227 529.32 481.762
1228 1723.49 -268.434
1229 -1215.39 401.108
1230 643.76 473.401
1231 1500.78 -338.783
1232 -553.95 480.112
1233 -885.87 449.531
1234 1476.38 -345.102
1235 1776.74 246.919
1236 -1829.99 -222.584
1237 -312.28 -492.911
1238 722.58 -466.586
1239 -1258.1 -393.196
1240 1520.05 -333.634
1241 -1931.89 163.523
1242 -573.57 478.74
1243 1813.17 230.628
1244 1905.16 181.221
1245 1533.87 -329.849
1246 1044.1 428.849
1247 1676.1 -285.729
1248 1087.12 422.442
1249 926.84 -444.59
1250 -1233.75 397.76
1251 -1068.51 425.257
1252 159.67 497.238
1253 143.24 497.536
1254 -1940.55 157.305
1255 332.67 492.117
1256 -1011.2 -433.514
1257 1622.43 -303.599
1258 651.69 472.755
1259 1293.96 -386.211
1260 104.16 -498.113
1261 -342.52 -491.715
1262 320.86 -492.583
1263 -1165.59 409.807
1264 -573.61 -478.737
1265 593.79 -477.271
1266 -386.37 489.777
1267 1208.86 402.28
1268 1329.53 378.956
1269 -898.48 448.039
1270 -601.32 -476.71
1271 -1958.08 -143.803
1272 -196.18 496.46
1273 -2021.16 75.8092
1274 497.72 483.762
1275 1619.01 304.683
1276 1685.94 282.264
1277 -1742.59 -260.996
1278 -848.58 453.79
1279 91.02 -498.267
1280 -1868.26 202.791
1281 1282.04 388.569
1282 872.38 -451.097
1283 -1371.42 369.969
1284 305.91 493.148
1285 -1660.41 291.127
1286 -1107.08 -419.347
1287 1701.13 -276.789
1288 -404.49 488.906
1289 1956.84 -144.803
1290 1520.15 333.606
1291 97.6 -498.192
1292 -1220.67 400.153
1293 -2021.25 -75.6663
1294 1620.92 304.078
1295 -20.8 498.735
1296 -431.16 -487.549
1297 -621.88 -475.138
1298 1801.8 -235.869
1299 -639.97 -473.707
1300 78.86 -498.39
1301 -1618.83 304.74
1302 186.91 496.673
1303 -393.83 489.424
1304 745.23 -464.461
1305 -1738.81 262.491
1306 1804.63 234.579
1307 1729.58 -266.094
1308 -966.31 439.562
1309 -1508.35 336.778
1310 -257.76 -494.783
1311 -1126.79 416.212
1312 164.5 497.144
1313 -859.74 -452.539
1314 1967.45 -135.982
1315 1177.05 -407.853
1316 721.42 466.692
1317 -2034.2 -51.0017
1318 -1829.46 -222.843
1319 1410.72 -361.072
1320 -690.83 -469.438
1321 -44.95 -498.64
1322 715.65 467.221
1323 734.61 -465.467
1324 79.09 498.388
1325 1841.5 216.864
1326 1382.17 367.581
1327 -277.21 -494.157
1328 -1519.05 333.904
1329 -1349.96 -374.635
1330 1308.94 -383.196
1331 1474.85 345.491
1332 1422.5 358.312
1333 -193.85 496.515
1334 -799.2 459.092
1335 1367.29 370.877
1336 447.97 486.646
1337 -1889.85 -190.519
1338 -1863 -205.65
1339 1660.26 -291.178
1340 1890.95 189.869
1341 -1667.86 288.583
1342 73.77 498.436
1343 -788.69 460.172
1344 584.36 477.963
1345 855.73 452.991
1346 -1308.34 383.318
1347 1518.64 -334.015
1348 904.34 447.338
1349 -1867.37 -203.278
1350 -1730.45 265.757
1351 1510.95 -336.084
1352 1253.82 394.009
1353 -203.18 496.293
1354 1464.19 -348.178
1355 -1600.42 310.471
1356 -1308.4 -383.306
1357 1970.3 -133.505
1358 1246.83 395.326
1359 -657.05 -472.314
1360 978.43 -437.964
1361 -903.43 -447.447
1362 -1906.88 180.142
1363 1323.28 -380.255
1364 817.99 -457.119
1365 1190.22 -405.573
1366 -1190.76 405.479
1367 1267.57 -391.383
1368 121.55 497.879
1369 -1659.67 291.378
1370 -1410.2 -361.192
1371 -1264.08 -392.054
1372 -1171.73 408.764
1373 307.86 -493.076
1374 360.21 -490.962
1375 -1913.13 176.156
1376 -1161.85 -410.438
1377 2031.2 57.6776
1378 -806.85 458.296
1379 1908.66 179.017
1380 -172.94 496.974
1381 -273.19 -494.29
1382 -1103.85 -419.853
1383 1874.75 -199.196
1384 172.56 -496.982
1385 -1549.48 -325.48
1386 1473.92 345.727
1387 -1580.84 -316.382
1388 325 492.421
1389 -997.23 -435.434
1390 493.13 484.041
1391 -363.62 490.812
1392 939.62 -442.991
1393 612.5 -475.862
1394 1032.07 430.578
1395 -73.29 498.44
1396 -397.89 -489.228
1397 580.13 478.269
1398 -1887.58 -191.853
1399 926.26 -444.661
1400 1726.39 267.323
1401 -1283.62 -388.258
1402 -1188.57 405.861
1403 -1141.44 -413.831
1404 -1450.1 351.669
1405 1902.26 183.025
1406 -1794.56 239.13
1407 244.86 495.172
1408 -1328.34 -379.204
1409 618.89 475.37
1410 25.16 -498.723
1411 -1764.08 252.261
1412 -2020.84 76.315
1413 -1899.28 -184.857
1414 -85.18 498.328
1415 1984.06 -120.775
1416 396.9 -489.276
1417 -313.15 492.878
1418 -1269.64 -390.983
1419 -1547.35 -326.082
1420 -998.54 435.256
1421 -116.35 -497.953
1422 1308.37 -383.312
1423 -1426.23 357.428
1424 -1082.42 423.159
1425 -164.03 -497.154
1426 -788.36 460.206
1427 -1881.77 -195.219
1428 1407.89 361.728
1429 681.81 470.222
1430 1202.27 -403.453
1431 -934.21 -443.671
1432 262.2 494.644
1433 1846.32 214.412
1434 -123.53 -497.85
1435 1204.39 403.077
1436 286.67 -493.836
1437 1208.94 -402.266
1438 128.03 -497.782
1439 -1315.33 381.893
1440 402.66 488.996
1441 1257.27 -393.354
1442 -1228.66 398.696
1443 47.75 498.625
1444 -758.77 463.155
1445 257.95 494.777
1446 -529.32 481.762
1447 -498.27 -483.728
1448 1376.98 368.738
1449 919.56 445.488
1450 -1572.39 -318.877
1451 -246.01 -495.138
1452 -572.27 478.832
1453 1243.06 396.032
1454 -741.56 -464.811
1455 1049.23 -428.103
1456 -1185.13 406.459
1457 -1038.58 -429.646
1458 -1346.37 375.402
1459 0.86 498.761
1460 -1199.39 403.963
1461 12.21 498.752
1462 1461.53 348.842
1463 576.58 -478.525
1464 -1820.17 -227.324
1465 -655.32 -472.457
1466 -330.43 492.206
1467 -559.67 -479.717
1468 -507.97 -483.128
1469 303.37 493.242
1470 -116.21 497.955
1471 -349.16 491.437
1472 215.48 495.984
1473 371.33 490.469
1474 291.97 493.651
1475 1308.66 -383.253
1476 -1062.84 -426.102
1477 1555.36 -323.808
1478 1812.96 230.726
1479 23.66 498.727
1480 -295.96 493.51
1481 -1013.3 433.222
1482 377.68 -490.18
1483 1005.35 -434.322
1484 -950.4 -441.621
1485 1526.88 331.773
1486 1167.52 409.48
1487 -484.97 -484.532
1488 -517.8 -482.507
1489 2039.89 34.9591
1490 -964.09 -439.852
1491 -2005.31 -97.6911
1492 1660.23 291.188
1493 817.88 457.131
1494 54.84 -498.581
1495 618.79 475.378
1496 1121.04 -417.135
1497 -1892.02 -189.234
1498 -1447.39 352.332
1499 -1194.14 404.887
1500 2008.13 -94.1821
1501 -1389.07 -366.031
1502 -1157.64 -411.145
1503 1529.31 331.107
1504 -258.92 -494.747
1505 -1153.95 -411.762
1506 -1435.06 -355.32
1507 -121.08 497.886
1508 1710.41 273.366
1509 -412.47 488.509
1510 -338.93 491.863
1511 -640.77 473.643
1512 -287.29 -493.814
1513 1700.16 -277.144
1514 -1796.72 238.163
1515 1853.92 210.475
1516 455.6 486.225
1517 240.79 -495.291
1518 549.48 -480.418
1519 -1000.42 434.999
1520 444.54 486.833
1521 -418.4 488.209
1522 310.83 492.965
1523 1209.56 -402.155
1524 416.94 488.284
1525 -31.81 -498.7
1526 -1571.99 -318.994
1527 598.98 -476.885
1528 476.33 485.041
1529 -607.42 -476.25
1530 1613.89 -306.295
1531 -1415.88 359.868
1532 257.47 494.792
1533 -441.27 -487.01
1534 -1452.56 -351.064
1535 1832.83 -221.19
1536 1836.97 -219.137
1537 1755.08 -255.969
1538 1708.23 -274.176
1539 -790.35 460.003
1540 558.86 -479.774
1541 1106.76 419.397
1542 -131.77 497.724
1543 -864.21 452.032
1544 -916.23 445.896
1545 -1512.06 335.786
1546 417.62 488.249
1547 1604.01 -309.367
1548 1796.51 -238.258
1549 -399.61 489.145
1550 1030.22 -430.841
1551 1516.39 -334.623
1552 -1704.04 -275.722
1553 -1903.98 181.958
1554 1281.76 388.624
1555 -1725.85 267.531
1556 651.56 -472.766
1557 -203.35 -496.289
1558 -407.73 -488.746
1559 1741.01 261.622
1560 -150.12 -497.415
1561 -1336.96 377.398
1562 -12.9 -498.751
1563 1994.94 109.596
1564 -120.82 -497.89
1565 1402.6 -362.949
1566 -396.16 489.312
1567 -83.4 -498.346
1568 501.97 -483.501
1569 1316.08 -381.739
1570 -1272.08 390.511
1571 928.82 -444.344
1572 -248.11 -495.076
1573 -1405.7 362.234
1574 1750.28 -257.916
1575 480.63 -484.789
1576 -1152.82 411.95
1577 1567.96 -320.172
1578 1286.07 -387.776
1579 59.65 498.549
1580 1803.81 -234.953
1581 844.3 -454.265
1582 741.5 -464.816
1583 582.96 478.065
1584 228.65 -495.633
1585 1859.37 -207.595
1586 1641.43 297.461
1587 -1125.42 416.433
1588 514.7 482.704
1589 789.45 460.095
1590 1074.21 -424.402
1591 1519.08 333.896
1592 1417.01 359.603
1593 208.43 -496.163
1594 -460.74 485.936
1595 -577.31 478.472
1596 1061.71 426.269
1597 -1165.11 -409.888
1598 1543.4 327.194
1599 981.1 -437.609
1600 -1939.23 -158.27
1601 -456.9 486.152
1602 -1550.94 325.066
1603 808.95 458.075
1604 1108.16 -419.177
1605 -683.3 470.093
1606 914.05 446.162
1607 -336.74 491.952
1608 519.31 482.41
1609 -131.36 -497.731
1610 -1849.01 -213.029
1611 -1670.61 287.635
1612 1012.95 -433.27
1613 617.52 475.476
1614 -1067.28 -425.441
1615 1445.9 352.696
1616 -97.24 -498.197
1617 706.7 468.03
1618 -638.27 473.843
1619 1551.6 324.879
1620 1619.64 304.484
1621 771.65 461.888
1622 1099.16 -420.584
1623 1402.71 362.923
1624 -1318.24 -381.295
1625 -1306.47 -383.697
1626 -1944.71 154.219
1627 -1678.18 -285.002
1628 1671.98 287.161
1629 -1425.52 -357.597
1630 774.91 461.563
1631 -187.87 496.652
1632 -1020.32 432.24
1633 -1307.67 383.454
1634 713.92 -467.378
1635 -919.68 -445.473
1636 -1463.3 -348.401
1637 1787.3 242.343
1638 1655.93 292.641
1639 -1588.5 -314.091
1640 -1143.87 -413.431
1641 -699.54 -468.67
1642 208.66 496.158
1643 -1829.14 -223
1644 -945.53 442.242
1645 -1814.07 -230.206
1646 75.21 -498.423
1647 486.66 484.431
1648 1138.64 -414.289
1649 -625.4 474.863
1650 -1970.07 133.706
1651 -660.27 -472.047
1652 1555.64 323.728
1653 -522.39 -482.212
1654 -1579.69 316.724
1655 812.81 457.669
1656 -673.18 -470.961
1657 -1388.06 366.259
1658 1692.57 -279.894
1659 69.73 -498.471
1660 -561.53 -479.588
1661 -1326.39 -379.61
1662 -1407.22 361.883
1663 -925.29 444.782
1664 -615.77 475.611
1665 47.63 -498.626
1666 1285.49 387.89
1667 2031.21 -57.6566
1668 -556.56 -479.933
1669 2033 -53.7728
1670 445.48 -486.782
1671 1352.44 374.102
1672 466.37 -485.617
1673 -938.95 -443.075
1674 -1982.83 121.971
1675 455.55 486.227
1676 215.16 495.992
1677 764.39 462.605
1678 545.89 -480.661
1679 -125.82 497.816
1680 -702.05 468.446
1681 1628.16 -301.769
1682 -1520.41 -333.536
1683 -1934.44 -161.72
1684 776.14 461.44
1685 -1096.71 420.965
1686 765.93 -462.454
1687 -783.52 -460.698
1688 493.53 -484.017
1689 1588.53 -314.082
1690 1521.76 -333.169
1691 -854.73 -453.103
1692 -341.35 -491.763
1693 816.35 457.294
1694 1733.5 -264.572
1695 -519.6 482.391
1696 1310.27 382.926
1697 730.51 -465.851
1698 1384 -367.172
1699 -638.34 473.838
1700 -1098.99 -420.611
1701 -22.47 -498.731
1702 -1377.69 -368.581
1703 398.06 -489.22
1704 -639 -473.785
1705 894.36 448.53
1706 -1619.7 -304.465
1707 986.15 -436.933
1708 657.15 -472.306
1709 1178.57 407.592
1710 -59.75 498.548
1711 -46.73 498.631
1712 -151.2 497.396
1713 -422.03 488.023
1714 177.17 -496.885
1715 1664.28 289.81
1716 -1892.06 -189.21
1717 -1626.43 302.323
1718 1078.42 423.766
1719 1640.6 297.734
1720 -813.48 457.598
1721 118.83 497.918
1722 -1310.39 -382.901
1723 1214 -401.358
1724 -1545.03 326.736
1725 -521.46 -482.272
1726 -1605.92 -308.777
1727 -549.17 -480.439
1728 1024.74 -431.618
1729 -901.11 447.725
1730 816.61 -457.266
1731 -725.26 -466.338
1732 -1222 399.912
1733 -1640.51 -297.763
1734 1806.38 -233.776
1735 -314.58 492.824
1736 -103.48 -498.122
1737 -176.29 -496.904
1738 1519.14 333.88
1739 128.71 497.772
1740 -1271.54 390.616
1741 -1818.43 -228.151
1742 344.57 491.629
1743 -1988.19 -116.665
1744 -1039.32 429.539
1745 -618.16 -475.427
1746 917.47 -445.744
1747 640.33 -473.678
1748 -1413.18 360.499
1749 1697.95 277.948
1750 1091.23 421.811
1751 -1878.02 197.356
1752 988.17 436.661
1753 -877.03 450.561
1754 -1613.63 306.376
1755 82.51 -498.355
1756 -1465.6 -347.825
1757 -664.33 471.708
1758 -1743.39 -260.678
1759 167.99 497.075
1760 1826.26 224.399
1761 -1975.28 -129.053
1762 767.83 -462.266
1763 -1469.9 -346.744
1764 1061.5 -426.3
1765 -1349.02 -374.836
1766 1175.5 408.119
1767 970.98 -438.949
1768 -1484.22 -343.096
1769 1045.39 -428.662
1770 -355.68 491.158
1771 1585.66 314.944
1772 -1893.27 188.488
1773 -724.03 -466.452
1774 965.17 -439.711
1775 1039.51 429.512
1776 -93.7 -498.237
1777 516.72 482.575
1778 332.4 -492.128
1779 -381.45 -490.007
1780 -317.81 -492.701
1781 -87.75 498.301
1782 97.75 -498.191
1783 -191.01 -496.58
1784 1244.56 -395.751
1785 1356.5 373.227
1786 -1508.36 -336.775
1787 -549.25 480.433
1788 1759.99 253.955
1789 179.47 496.836
1790 962.71 -440.032
1791 948.93 -441.809
1792 968.44 -439.283
1793 317.55 -492.711
1794 1937.66 -159.41
1795 -1657.31 292.176
1796 1970.47 -133.355
1797 291.19 -493.678
1798 779.4 -461.113
1799 -1157.87 -411.106
1800 1572.94 318.716
1801 662.86 471.831
1802 13.27 498.75
1803 45.92 498.635
1804 -1811.39 -231.458
1805 -715.33 -467.25
1806 1312.76 -382.418
1807 1080.9 -423.39
1808 536.45 481.293
1809 -1483.33 343.325
1810 -787.46 -460.298
1811 238.18 495.366
1812 1967.21 136.188
1813 -839.35 -454.81
1814 1133.59 415.112
1815 1478.01 344.687
1816 1185.1 406.464
1817 1190.73 -405.484
1818 0.14 -498.761
1819 -272.36 -494.317
1820 715.33 467.25
1821 1719.26 -270.043
1822 145.09 497.504
1823 -476.77 485.016
1824 1560.32 322.385
1825 -1571.95 319.006
1826 1269.92 -390.929
1827 -907.25 -446.987
1828 -1347.6 375.14
1829 -1326.36 379.616
1830 -1428.91 356.791
1831 -1184.19 -406.622
1832 -110.08 498.038
1833 263.84 494.592
1834 -1691.39 280.318
1835 72.11 498.451
1836 -209.33 496.141
1837 -1698.35 277.803
1838 -633.04 474.26
1839 -1964.38 -138.597
1840 1043.71 428.905
1841 -1274.95 389.954
1842 -852.27 -453.379
1843 597.93 476.963
1844 1351.25 -374.358
1845 -157.83 -497.273
1846 539.65 -481.08
1847 -1637.82 298.643
1848 -1454.08 -350.69
1849 561.06 479.621
1850 130.15 497.75
1851 -876.67 450.602
1852 431.88 -487.511
1853 984.85 -437.107
1854 395.88 -489.325
1855 1696.8 -278.366
1856 327.56 492.321
1857 -1073.58 -424.497
1858 1326.6 379.566
1859 1861.73 206.333
1860 -1388.85 366.081
1861 -1909.33 -178.592
1862 1990.89 113.893
1863 1171.1 408.871
1864 1185.33 406.424
1865 -209.44 -496.138
1866 -359.54 490.991
1867 699.98 468.631
1868 1457.59 -349.822
1869 648.92 472.982
1870 -1137.38 414.495
1871 451.16 486.471
1872 1909.2 178.674
1873 -558.31 479.812
1874 -1656.91 292.311
1875 1895.75 187
1876 2005.13 -97.9107
1877 1379.75 368.122
1878 -1657.4 292.146
1879 -204.17 -496.269
1880 524.15 482.098
1881 -131.01 497.736
1882 -1046.36 -428.521
1883 513.13 -482.803
1884 -1560.15 -322.434
1885 -1966.82 -136.523
1886 1385.93 366.738
1887 1044.08 428.852
1888 -2014.84 -85.2316
1889 1536.81 329.034
1890 1471.7 346.289
1891 -591.89 477.411
1892 234.21 495.479
1893 918.02 445.677
1894 -1197.95 404.217
1895 -1686.83 -281.947
1896 1122.58 -416.888
1897 -1336.25 -377.547
1898 1556.29 323.542
1899 51.32 498.604
1900 -1558.25 322.98
1901 -1654.93 292.978
1902 792.53 459.78
1903 -1206.78 -402.652
1904 512.96 -482.814
1905 -1267.01 -391.49
1906 -1276.66 389.621
1907 503.04 483.434
1908 1797.41 237.853
1909 -112.68 -498.003
1910 -1785.03 -243.336
1911 634.11 474.175
1912 -306.44 493.129
1913 1848.39 -213.348
1914 1685.06 -282.576
1915 -1376.61 -368.821
1916 -1744.87 260.088
1917 -660.26 -472.047
1918 638.37 -473.835
1919 1650.04 294.614
1920 2043.1 21.0347
1921 -346.21 491.561
1922 94.29 498.23
1923 -50.02 498.612
1924 -558.93 -479.769
1925 -202.49 -496.31
1926 -1240 396.602
1927 133.54 -497.696
1928 263.35 494.608
1929 1141.72 -413.785
1930 1675 286.112
1931 -1377.42 368.641
1932 -432.39 487.484
1933 1103.95 -419.837
1934 -1982.39 -122.396
1935 -1536.68 329.07
1936 1932.84 -162.854
1937 -359.54 490.991
1938 -1407.79 361.751
1939 170.53 497.024
1940 275.94 -494.199
1941 -1465.04 347.965
1942 1755.46 255.813
1943 -1453.63 350.8
1944 -1835.45 219.894
1945 1070.46 -424.965
1946 -861.81 -452.304
1947 -11.33 498.753
1948 1549.83 325.381
1949 -1128.65 415.912
1950 1869.32 -202.209
1951 581.99 -478.135
1952 -1700.84 276.895
1953 333.13 -492.098
1954 -943.41 -442.511
1955 -575.1 478.631
1956 -329.72 492.235
1957 -548.22 480.503
1958 219.17 -495.888
1959 1077.44 -423.915
1960 -749.21 464.08
1961 1236.05 397.335
1962 972.31 438.774
1963 -1861.91 206.236
1964 -348.29 491.473
1965 1030.33 430.826
1966 -784.22 -460.627
1967 -970.3 -439.039
1968 476.6 -485.025
1969 710.89 467.653
1970 698.73 -468.742
1971 716.06 -467.183
1972 -183.91 -496.74
1973 285.26 -493.884
1974 -1002.2 434.755
1975 -981.23 437.591
1976 393.76 -489.427
1977 428.14 -487.707
1978 1095.69 421.123
1979 -1902.25 183.031
1980 1932.44 163.136
1981 439.11 487.126
1982 1519.76 333.712
1983 -743.21 -464.654
1984 -1958.12 -143.77
1985 2019.88 -77.8122
1986 931.11 444.059
1987 493.04 -484.047
1988 1253.9 393.993
1989 -1388.84 366.083
1990 830.33 -455.794
1991 327.59 492.319
1992 -1689.12 -281.131
1993 81.8 -498.362
1994 -556.49 479.937
1995 -1744.02 -260.427
1996 -1159.21 -410.882
1997 -485.31 -484.511
1998 -1265.08 391.862
1999 786.17 -460.429
2000 -331.92 -492.147
2001 28.59 -498.712
2002 -19.75 -498.738
2003 -1960.83 141.556
2004 -5.07 498.759
2005 -714.19 467.353
2006 -408.93 488.687
2007 1527.05 331.726
2008 408.68 488.699
2009 -520.05 482.363
2010 -1392.86 -365.173
2011 -1198.09 404.192
2012 947.33 442.013
2013 1587.85 314.287
2014 -347.33 491.514
2015 -655.41 472.449
2016 443.96 -486.865
2017 -71.59 -498.455
2018 -1502.86 338.234
2019 432.14 -487.497
2020 -1763.78 252.386
2021 -1667.62 288.665
2022 471.25 485.336
2023 1907.78 179.574
2024 -1398.53 363.882
2025 -971.49 -438.882
2026 326.68 492.355
2027 623.3 475.027
2028 -302.66 -493.268
2029 57.35 498.565
2030 101.05 -498.152
2031 -1338.16 377.145
2032 1180.77 -407.213
2033 -1120.16 417.275
2034 174.11 496.95
2035 718.23 466.985
2036 523.66 -482.13
2037 -325.9 -492.386
2038 752.94 463.721
2039 496.01 -483.866
2040 -1220.13 -400.251
2041 -1129.17 415.828
2042 1421.23 -358.611
2043 427.13 487.759
2044 1778.73 246.065
2045 -1162.86 410.268
2046 -1851.41 211.785
2047 -1671.85 -287.206
2048 -1594.8 312.186
2049 -180.07 496.823
2050 -1375.31 369.109
2051 -812.29 -457.724
2052 -1630.14 -301.132
2053 -784.6 -460.588
2054 1654.95 -292.971
2055 406.75 488.795
2056 -55.49 498.577
2057 1500.32 338.905
2058 131.56 -497.728
2059 -339.88 -491.824
2060 -138.62 -497.614
2061 1672.83 -286.867
2062 1620.17 -304.316
2063 16.45 498.745
2064 -598.3 476.936
2065 -350.87 491.364
2066 -2036.38 -45.5333
2067 46.47 498.632
2068 1738.09 -262.775
2069 1732.15 -265.098
2070 -524.67 482.065
2071 -1379.77 368.117
2072 193.64 496.52
2073 1004 434.508
2074 -1049 428.137
2075 635.84 474.038
2076 -354.9 -491.192
2077 -1485.1 342.869
2078 1037.79 429.759
2079 -607.76 476.224
2080 -947.56 -441.984
2081 243.53 -495.211
2082 1924.42 168.682
2083 -915.89 -445.938
2084 -1518.05 334.175
2085 1870.32 201.659
2086 -1234.48 -397.625
2087 1137.55 414.467
2088 -1608.3 308.039
2089 161.82 497.197
2090 -1552.54 -324.612
2091 -1504.52 -337.795
2092 -2017.13 81.9461
2093 -1767.49 250.837
2094 -1671.09 287.469
2095 -282.22 -493.988
2096 894.79 -448.479
2097 2029.64 -60.8569
2098 544.28 480.77
2099 -793.27 459.704
2100 1319.79 -380.976
2101 -604.52 476.469
2102 -27.2 498.717
2103 -1253 -394.164
2104 625.43 -474.861
2105 1237.47 -397.072
2106 1108.48 -419.127
2107 20.87 498.735
2108 32.22 -498.699
2109 462.87 -485.816
2110 -449.04 -486.587
2111 -365.82 490.715
2112 -456.73 486.161
2113 29.69 -498.708
2114 0.58 -498.761
2115 -742.49 -464.722
2116 -1182.69 406.882
2117 -838.2 -454.936
2118 846.58 454.012
2119 1344.59 375.782
2120 1921.57 170.603
2121 42.05 -498.655
2122 1625.11 -302.745
2123 -185.31 -496.709
2124 -1904.68 -181.521
2125 850.8 -453.543
2126 821.4 -456.756
2127 94.78 -498.225
2128 1273.05 390.323
2129 -1711.52 272.952
2130 -731.93 465.718
2131 2024.63 70.0848
2132 634.6 -474.136
2133 -104.56 -498.108
2134 -215.98 495.971
2135 -1920.85 171.085
2136 897.11 -448.203
2137 1768.74 -250.313
2138 468.61 -485.488
2139 -2015.97 -83.627
2140 1314.17 -382.13
2141 -283.76 -493.936
2142 -1334.56 377.903
2143 -1734.32 -264.252
2144 -41.2 -498.66
2145 1815.31 -229.624
2146 -1094.64 -421.285
2147 1678.35 284.942
2148 1788.17 241.961
2149 1698.17 -277.868
2150 136.47 -497.649
2151 -169.57 -497.043
2152 -694.57 469.109
2153 -720.09 -466.815
2154 -1003.91 434.52
2155 -261.75 494.658
2156 815.91 -457.341
2157 2016.28 83.1812
2158 1341.15 376.512
2159 -962.61 440.045
2160 -1120.64 417.199
2161 1974.7 -129.58
2162 888.93 -449.171
2163 -541.91 480.929
2164 -1038.19 429.702
2165 2021.28 75.6186
2166 751.53 -463.857
2167 742.52 464.72
2168 -1.55 -498.761
2169 1613.7 -306.354
2170 1462.92 348.496
2171 -290.91 493.688
2172 -425.42 487.848
2173 584.52 477.951
2174 -1930.04 164.818
2175 987.66 -436.73
2176 1943.23 -155.324
2177 904.34 -447.338
2178 -448.39 -486.623
2179 -319.52 492.635
2180 -171.91 496.995
2181 -1613.54 306.404
2182 725.96 466.273
2183 -1719.27 -270.039
2184 653.07 -472.642
2185 -1147.75 412.791
2186 276.08 494.194
2187 897.97 -448.1
2188 941.69 -442.729
2189 -1748.4 -258.674
2190 1664.2 -289.837
2191 -338.22 491.892
2192 -1216.67 400.877
2193 527.99 481.849
2194 1430.56 -356.398
2195 874.57 -450.845
2196 -1780.32 245.38
2197 1383.81 367.214
2198 -1899.09 184.973
2199 -711.21 -467.624
2200 -6.34 -498.758
2201 674.93 470.812
2202 -391.39 -489.54
2203 1052.66 -427.602
2204 1199.25 -403.988
2205 144.73 -497.51
2206 348.25 491.475
2207 -237.53 495.385
2208 1615.93 305.654
2209 -1416.31 359.767
2210 857.24 452.821
2211 1255.57 393.677
2212 -463.39 485.786
2213 -1823.15 -225.899
2214 349.62 -491.417
2215 211.39 -496.089
2216 512.2 482.862
2217 -955.64 440.948
2218 395.67 489.335
2219 673.01 470.975
2220 -1492.06 -341.067
2221 1573.97 -318.413
2222 -1583.52 315.584
2223 693.36 469.216
2224 1475.49 -345.329
2225 -1272.46 -390.438
2226 -386.35 489.778
2227 597.47 -476.998
2228 -1245.63 -395.551
2229 468.46 -485.497
2230 122.12 -497.871
2231 1112 -418.572
2232 -25 498.724
2233 195.56 496.475
2234 -1204.79 403.006
2235 -1635.47 299.408
2236 -487.36 484.389
2237 725.17 -466.347
2238 542.44 -480.893
2239 410.11 488.628
2240 272.98 -494.297
2241 415.8 488.342
2242 -50.12 498.611
2243 538.37 -481.165
2244 -188.17 -496.645
2245 -820.65 456.836
2246 30.71 -498.705
2247 -374.54 -490.324
2248 -763.77 462.666
2249 -1594.06 -312.411
2250 921.93 445.196
2251 -1138.49 -414.314
2252 874.65 450.836
2253 -2040.48 32.847
2254 -1813.83 230.319
2255 525.21 482.03
2256 -19.56 498.738
2257 -683.22 -470.1
2258 -497.19 -483.794
2259 -134.59 497.679
2260 -63.89 -498.517
2261 407.19 -488.773
2262 -232.48 -495.527
2263 1036.29 429.974
2264 397.67 489.239
2265 -93.9 498.235
2266 -1187.96 -405.967
2267 978.24 -437.989
2268 -762.39 -462.802
2269 -510.35 -482.978
2270 -632.23 -474.325
2271 -1401 -363.316
2272 -43.5 -498.648
2273 -1270.32 -390.852
2274 386.85 -489.755
2275 770.21 -462.031
2276 -52.09 498.599
2277 1778.71 246.074
2278 192.59 496.544
2279 1617.01 305.314
2280 1514.03 335.258
2281 -233.09 -495.51
2282 -956.67 -440.815
2283 -1942.93 155.547
2284 -1144.35 413.352
2285 1273.78 390.181
2286 1384.9 -366.97
2287 -924.79 -444.843
2288 1149.14 -412.561
2289 -837.69 -454.992
2290 697.51 468.85
2291 -1691.51 280.275
2292 1283.83 -388.217
2293 33.52 -498.694
2294 -1020.84 -432.167
2295 555.47 480.008
2296 -775.3 461.524
2297 -251.81 494.965
2298 -2007.22 95.3291
2299 -99.45 498.171
2300 1170.82 408.919
2301 -1765.57 251.64
2302 668.2 -471.382
2303 1437.73 354.677
2304 -1256.47 -393.506
2305 -1982.78 122.019
2306 -298.86 -493.406
2307 917.29 -445.766
2308 -383.79 -489.898
2309 1507.44 -337.02
2310 1244.75 395.716
2311 -537.27 481.239
2312 -1662.08 -290.56
2313 -915.38 -446
2314 812.56 -457.695
2315 780.52 461
2316 -1766.48 251.26
2317 1393.89 364.939
2318 587.54 477.731
2319 1069.03 -425.179
2320 487.1 -484.405
2321 1583.25 -315.664
2322 -1388.49 -366.162
2323 1186.65 406.195
2324 438.76 -487.145
2325 -1637.17 298.855
2326 676.88 470.645
2327 -377.17 490.204
2328 989.84 -436.436
2329 1905.64 180.921
2330 1752.47 -257.03
2331 -1701.16 -276.778
2332 -328.31 -492.291
2333 -918.58 -445.608
2334 821.69 456.725
2335 1294.11 -386.181
2336 557.17 479.89
2337 -627.15 474.726
2338 131.43 -497.73
2339 -598.74 476.903
2340 920.03 -445.43
2341 1767.57 250.804
2342 -1062.14 426.205
2343 -1038.28 -429.689
2344 2038.9 38.2407
2345 -216.05 495.969
2346 -438.26 487.172
2347 1855.52 -209.634
2348 -1201.24 -403.636
2349 1679.42 284.567
2350 -597.65 476.984
2351 -1631.98 -300.539
2352 -1705.18 275.303
2353 1060.77 -426.408
2354 -1457.86 349.755
2355 146.24 -497.484
2356 -1379.57 368.162
2357 -601.74 476.678
2358 -233.93 -495.487
2359 -693.48 469.205
2360 1842.02 216.601
2361 -1916.51 -173.956
2362 -900.65 -447.78
2363 1739.22 -262.329
2364 -690.32 469.482
2365 1192.11 -405.243
2366 1349.74 -374.682
2367 248.84 -495.054
2368 -2032.08 -55.8031
2369 -126.4 497.807
2370 1262.53 -392.351
2371 -800.97 -458.909
2372 -1980.82 -123.898
2373 -1203.71 -403.198
2374 -1551.93 324.785
2375 976.37 -438.238
2376 -1164.58 409.977
2377 -1409.87 -361.269
2378 -52.23 498.598
2379 -1808.41 -232.84
2380 1653.34 -293.511
2381 -1656.18 -292.557
2382 -505.87 483.259
2383 234.13 -495.481
2384 430.22 -487.598
2385 -1979.49 -125.157
2386 -367.71 -490.631
2387 1634.92 -299.586
2388 1149.88 412.438
2389 -1763.01 252.706
2390 -406.32 488.816
2391 -639.28 -473.762
2392 616.95 -475.52
2393 -667.48 471.443
2394 -1058.57 -426.733
2395 1908.05 -179.404
2396 1791.56 240.465
2397 587.29 -477.749
2398 -1487.13 342.346
2399 963.61 439.914
2400 -614.66 475.697
2401 1130.3 -415.646
2402 -1267.51 -391.394
2403 -390.62 489.577
2404 1174.84 408.232
2405 1084.11 -422.902
2406 -522.31 482.217
2407 81.52 498.364
2408 599.14 476.873
2409 -1228.35 -398.753
2410 -1161.08 410.567
2411 905.69 -447.175
2412 646.85 473.151
2413 -317.94 -492.696
2414 1624.59 302.911
2415 336.55 -491.96
2416 1049.77 -428.025
2417 -370.52 490.505
2418 506.19 483.239
2419 562.65 479.51
2420 1730.43 -265.765
2421 -327.84 492.309
2422 -1981.2 123.536
2423 1175.44 -408.129
2424 1194.51 404.822
2425 1952.02 148.623
2426 1268.01 391.298
2427 361.55 -490.903
2428 -1863.93 -205.148
2429 557.78 -479.848
2430 23.19 498.729
2431 302.33 -493.28
2432 -1380.53 367.948
2433 -1582.27 -315.956
2434 -153.18 497.36
2435 884.59 -449.681
2436 -200.12 496.367
2437 93.59 498.238
2438 1219 400.456
2439 1558.99 -322.767
2440 -1769.44 -250.018
2441 967.42 -439.417
2442 957.64 440.689
2443 915.44 445.992
2444 586.27 -477.824
2445 -449.74 486.549
2446 1414.89 -360.1
2447 -1914.98 174.956
2448 1748.06 -258.81
2449 1992.77 -111.92
2450 595.29 -477.16
2451 -1330.04 378.85
2452 -1335.9 -377.621
2453 1695.01 -279.014
2454 -1865.36 -204.373
2455 1569.95 319.592
2456 -144.3 497.518
2457 -327.94 492.306
2458 438.41 -487.164
2459 1767.16 -250.976
2460 -211.48 496.087
2461 -455.02 -486.257
2462 1655.14 292.907
2463 1104.38 419.77
2464 1856.5 209.117
2465 549.17 480.439
2466 437.53 -487.211
2467 -250.18 495.014
2468 1552.21 324.705
2469 1474.63 345.547
2470 -1003.93 -434.518
2471 1337.07 377.375
2472 824.98 -456.372
2473 425.29 487.855
2474 -480.97 484.769
2475 106.74 498.081
2476 -1223.87 -399.571
2477 -14.28 498.749
2478 1009.41 433.762
2479 1869.33 202.204
2480 -1397.83 364.042
2481 -190.2 496.599
2482 1047.99 -428.284
2483 1219.1 400.438
2484 354.53 491.208
2485 -1218.66 -400.517
2486 1293.45 386.313
2487 723.17 -466.531
2488 -1879.77 -196.362
2489 -2012.68 -88.2153
2490 1417.54 -359.479
2491 1777.34 246.662
2492 -930.61 -444.121
2493 1104.96 419.679
2494 -215.81 495.976
2495 119.65 497.906
2496 793.17 459.714
2497 -629.88 474.511
2498 -1351.49 374.306
2499 422.19 -488.015
2500 1360.6 372.338
2501 -1082.65 -423.124
2502 1251.96 -394.36
2503 1221.97 -399.917
2504 845.49 -454.133
2505 -31 498.704
2506 929.23 444.293
2507 -103.58 -498.121
2508 -1656.3 -292.517
2509 1936.33 -160.369
2510 -196.51 -496.453
2511 1922.65 -169.878
2512 -27.98 498.714
2513 -220.98 495.84
2514 -2003.29 100.126
2515 742.39 -464.732
2516 -1172.47 408.637
2517 1970.47 -133.355
2518 344.05 491.651
2519 -543.53 -480.82
2520 -1638.53 -298.411
2521 -1285.14 -387.959
2522 1833.18 221.017
2523 -1024.29 -431.682
2524 -535.89 -481.33
2525 1482.84 343.451
2526 -469.26 485.451
2527 658.87 472.163
2528 1210.03 -402.071
2529 -857.73 -452.766
2530 -1495.67 -340.125
2531 -1541.42 327.749
2532 -1831.69 221.751
2533 -1247.87 395.131
2534 -1910.97 177.545
2535 1150.95 412.261
2536 -1941.83 -156.363
2537 225.8 495.711
2538 -1093.47 421.466
2539 -641.61 473.575
2540 -1705.6 275.148
2541 -1538.88 -328.458
2542 -1491.63 -341.179
2543 1019.33 432.379
2544 -342.95 491.697
2545 893.3 448.655
2546 -1941.24 156.798
2547 1470.27 -346.651
2548 -551.82 -480.258
2549 1328 379.275
2550 -1971.79 -132.19
2551 360.25 490.96
2552 -1866.53 203.737
2553 -1619.32 304.585
2554 642.9 -473.471
2555 944.68 442.35
2556 -1391 365.595
2557 -979.61 437.807
2558 -695.93 -468.989
2559 278.46 -494.115
2560 -584.92 -477.922
2561 -1966.02 -137.207
2562 403.64 488.948
2563 1244.98 -395.673
2564 -1077.44 -423.915
2565 -340.45 491.8
2566 -1083.99 -422.92
2567 262.85 494.623
2568 -1618.34 304.895
2569 1010.95 433.548
2570 1126.29 -416.293
2571 1625.95 302.477
2572 2004.8 -98.3118
2573 -1137.99 -414.395
2574 44.84 498.641
2575 2011.32 90.0417
2576 -327.22 492.334
2577 -449.29 -486.574
2578 1803.8 234.958
2579 282.07 493.993
2580 -727.62 466.119
2581 -1024.23 431.69
2582 -1532.14 -330.327
2583 -356.45 491.125
2584 -261.42 -494.668
2585 172.51 496.983
2586 -135.35 497.667
2587 -1867.49 203.213
2588 -789.03 -460.138
2589 1111.4 -418.667
2590 -1641.54 297.425
2591 1246.92 395.309
2592 -1567 320.452
2593 -1287.97 387.4
2594 1654.79 -293.025
2595 1128.43 -415.948
2596 49.31 -498.616
2597 -972.95 -438.69
2598 74.19 -498.432
2599 -442.88 486.923
2600 -1045.96 -428.579
2601 -393.23 -489.452
2602 1582.15 315.992
2603 -1058 426.818
2604 857.79 -452.759
2605 1026.37 -431.388
2606 1531.04 -330.631
2607 655.02 472.482
2608 -319.11 492.651
2609 -855.59 453.006
2610 -1401.56 -363.187
2611 -640.62 473.655
2612 -1068.51 425.257
2613 -129.38 -497.762
2614 1695.17 278.956
2615 1939.31 158.212
2616 461.8 -485.876
2617 -341.04 491.776
2618 501.46 483.532
2619 -587.12 -477.762
2620 1709.42 273.734
2621 -849.41 -453.698
2622 1870.47 -201.576
2623 -1106.65 419.414
2624 1317.43 -381.462
2625 -1541.1 -327.838
2626 1434.58 355.435
2627 1946.2 -153.096
2628 -2004.91 98.1783
2629 1112.41 418.507
2630 284.07 -493.925
2631 -1464.87 -348.008
2632 -1532.52 330.222
2633 25.16 498.723
2634 -371.35 490.468
2635 -1957.35 144.393
2636 -1149.04 -412.578
2637 -948.97 441.804
2638 -2012.15 88.9317
2639 -2041.21 30.0278
2640 1891.72 189.412
2641 348.77 491.453
2642 -1568.47 -320.024
2643 1958.86 -143.169
2644 -177.79 -496.872
2645 -2008.41 93.8263
2646 69.08 -498.476
2647 953.58 441.213
2648 -914.94 446.054
2649 1926.14 167.51
2650 -486.29 484.453
2651 -1247.85 395.134
2652 1544.69 326.832
2653 -58.32 498.558
2654 -1983.38 121.438
2655 -1932.82 162.868
2656 1447.73 -352.249
2657 -1962.68 140.023
2658 763.38 462.705
2659 -427.21 -487.755
2660 -921.62 445.235
2661 1631.62 300.655
2662 -260.63 494.693
2663 1530.13 -330.881
2664 -1703.83 275.799
2665 254.04 494.897
2666 37.13 498.679
2667 1629.67 301.283
2668 1320.14 -380.904
2669 -1120.69 417.191
2670 -1028.51 -431.084
2671 1217.88 400.659
2672 -1138.52 414.309
2673 68.97 -498.477
2674 1685.54 -282.406
2675 360.55 490.947
2676 -1291.38 -386.724
2677 213.18 -496.043
2678 -1268.47 -391.209
2679 139.23 -497.603
2680 -795.59 -459.465
2681 -534.89 481.396
2682 604.95 -476.436
2683 -1977.99 -126.559
2684 -624.3 474.949
2685 2042.79 -22.7554
2686 -562.75 479.503
2687 -1147.43 -412.844
2688 199.97 -496.37
2689 1426.8 -357.293
2690 1167.12 409.547
2691 915.02 446.044
2692 -1729.63 266.075
2693 -682.62 470.152
2694 -775.62 461.492
2695 -769.43 462.108
2696 -1244.64 -395.736
2697 766.84 -462.364
2698 -393.23 -489.452
2699 -871.46 -451.203
2700 1278.21 389.319
2701 -25.5 498.722
2702 947.68 441.968
2703 -1994.3 -110.287
2704 -1190.33 -405.554
2705 221.29 -495.832
2706 -919.25 445.526
2707 -1959.1 142.974
2708 -38.5 498.672
2709 1985.43 119.428
2710 1807.1 233.445
2711 -1770.62 249.521
2712 366.87 -490.669
2713 244.79 -495.174
2714 193.41 -496.525
2715 1409.5 -361.355
2716 -702.89 -468.372
2717 1825.27 224.878
2718 -118.64 497.921
2719 -1015.91 432.858
2720 138.44 -497.617
2721 -1269.82 390.948
2722 1237.08 397.144
2723 -624.87 474.905
2724 -115.8 -497.96
2725 -1957.02 144.659
2726 -785.94 460.452
2727 -1935.19 -161.185
2728 1511.14 336.033
2729 -479.48 484.857
2730 610.71 -475.999
2731 1139.03 414.225
2732 -944.99 -442.311
2733 1548.73 -325.692
2734 1755.59 -255.76
2735 139.41 497.6
2736 -436.99 -487.24
2737 -1523.57 -332.677
2738 -1270.24 390.867
2739 614.55 -475.705
2740 -969.42 -439.154
2741 -626.44 474.782
2742 211.24 496.093
2743 -663.18 471.804
2744 -1082.07 423.213
2745 -189.8 496.608
2746 294.9 493.547
2747 56.26 498.572
2748 -726.66 -466.209
2749 953.21 -441.26
2750 -1179.33 -407.461
2751 -970.97 438.951
2752 1597.95 -311.227
2753 -209.33 496.141
2754 945.49 442.247
2755 -1305.76 -383.841
2756 1775.61 -247.402
2757 -1996.03 108.409
2758 386.67 489.763
2759 -1401.7 363.155
2760 -860.12 -452.496
2761 -517.59 -482.52
2762 1839.68 -217.781
2763 -1683.39 -283.168
2764 125.9 497.815
2765 1293.37 -386.329
2766 1809.66 -232.262
2767 966.81 -439.497
2768 860.84 -452.414
2769 -1044.56 -428.782
2770 660.99 471.987
2771 107.05 498.077
2772 -9.19 498.756
2773 -6.15 498.759
2774 1333.58 -378.109
2775 -413.07 -488.479
2776 -949.93 -441.681
2777 -622.56 -475.085
2778 59.71 498.548
2779 887.07 449.39
2780 542.33 480.901
2781 1676.32 285.652
2782 -599.54 476.843
2783 953.93 441.168
2784 -1231.36 398.2
2785 905.8 447.162
2786 710.52 467.686
2787 377.12 490.206
2788 756.67 463.36
2789 764.31 -462.613
2790 -84.28 -498.337
2791 721.67 466.669
2792 -5.1 498.759
2793 -1245.75 395.528
2794 567.5 -479.17
2795 -1611.75 306.964
2796 -1011.38 -433.489
2797 1148.54 412.66
2798 -1845.05 -215.061
2799 -1917.76 -173.135
2800 -367.22 490.653
2801 -1369.93 -370.297
2802 944.94 442.317
2803 -572.94 478.785
2804 260.07 -494.711
2805 1339.92 -376.773
2806 -1609.06 -307.803
2807 -2017.41 81.535
2808 -2042.58 23.8504
2809 -272.74 494.305
2810 -1110.48 -418.812
2811 1582.6 315.858
2812 176.45 -496.901
2813 -680.54 470.331
2814 -859.81 452.531
2815 -1945.63 -153.527
2816 183.29 496.753
2817 1516.28 -334.652
2818 -1088.74 422.194
2819 229.82 -495.601
2820 -30.38 498.706
2821 1147.17 -412.887
2822 -213.87 -496.026
2823 -178.59 496.855
2824 243.09 -495.224
2825 -402.38 -489.01
2826 224.19 -495.754
2827 -1618.94 304.705
2828 -1074.68 -424.331
2829 1008.93 433.828
2830 722.98 -466.549
2831 -11.55 498.753
2832 -244.57 495.181
2833 1794.49 239.161
2834 -573.76 -478.726
2835 -1502.92 338.219
2836 -688.93 469.604
2837 885.8 -449.539
2838 -921.96 445.193
2839 796 459.423
2840 -1353.11 -373.958
2841 514.82 -482.696
2842 -436.18 -487.283
2843 721.17 -466.715
2844 -6.32 498.758
2845 -50.46 498.609
2846 1327.71 379.335
2847 -832.38 -455.572
2848 -653.22 -472.63
2849 1878.97 196.817
2850 1550.48 325.197
2851 270.59 -494.375
2852 -657.99 -472.236
2853 -882.54 -449.92
2854 550.34 480.359
2855 -476.97 485.004
2856 1963.82 139.069
2857 574.61 -478.666
2858 544.73 480.739
2859 332.39 -492.128
2860 -374.02 490.347
2861 -820.11 456.893
2862 -1682.21 283.585
2863 -588.4 -477.668
2864 804.67 458.524
2865 -860.77 452.422
2866 215.63 495.98
2867 -457.2 486.135
2868 -999.75 435.09
2869 -148.77 497.439
2870 -744.23 -464.557
2871 51.25 498.604
2872 -1527.68 331.554
2873 50.16 -498.611
2874 1899.39 -184.789
2875 -377.2 490.202
2876 -194.51 496.499
2877 1534.08 -329.791
2878 -1140.26 -414.024
2879 1137.8 -414.427
2880 1934.14 161.933
2881 1890.79 189.964
2882 -1278.33 -389.295
2883 -754.74 -463.547
2884 -630.07 -474.496
2885 1454.66 350.546
2886 -516.5 -482.589
2887 1250.93 394.555
2888 1289.51 -387.095
2889 32 -498.7
2890 -1326.31 379.627
2891 1458.45 -349.608
2892 -676.03 -470.718
2893 661.27 -471.963
2894 1430.08 -356.512
2895 1170.63 408.951
2896 1316.17 -381.72
2897 1509.84 -336.38
2898 -1063.87 -425.949
2899 -78.96 -498.389
2900 -1074.44 -424.367
2901 -1851.49 -211.743
2902 -1888.88 191.091
2903 -97.79 498.19
2904 -616.38 -475.564
2905 1256.03 -393.59
2906 -1821.46 -226.708
2907 1035.65 430.066
2908 1904.19 181.827
2909 -334.38 492.048
2910 -80.48 -498.374
2911 -1359.2 372.642
2912 1074.28 -424.392
2913 -1403.09 -362.836
2914 1056.35 427.061
2915 -91.66 498.26
2916 -2007.67 94.7637
2917 616.38 475.564
2918 -111.75 -498.016
2919 -884.25 449.72
2920 1248.43 -395.025
2921 1958.12 -143.77
2922 -1528.71 331.271
2923 -63.75 498.518
2924 -1740.02 -262.014
2925 1283.12 388.357
2926 436.15 487.284
2927 -1986.78 -118.085
2928 1312.84 382.402
2929 377.24 490.201
2930 -1875.41 -198.827
2931 177.31 496.882
2932 1222.41 399.837
2933 -767.6 462.289
2934 -1281.2 -388.734
2935 -1908.08 -179.385
2936 715.29 -467.253
2937 96.77 498.202
2938 1987.2 -117.664
2939 -687.26 -469.749
2940 -619.3 -475.338
2941 -146.37 -497.482
2942 1200.14 403.831
2943 -766.89 -462.359
2944 1148.73 412.629
2945 1930.49 -164.504
2946 14.86 -498.748
2947 25.99 -498.721
2948 -1435.29 -355.264
2949 266.49 494.508
2950 1491.85 -341.122
2951 1126.83 416.206
2952 -1129.54 -415.769
2953 1557.16 -323.292
2954 1900.95 -183.833
2955 -139.49 -497.599
2956 1317.32 -381.484
2957 65.16 -498.508
2958 -1558.72 -322.845
2959 -1877.89 197.429
2960 827.42 456.109
2961 282.72 -493.971
2962 -421.08 488.072
2963 1892.43 188.99
2964 231.4 495.557
2965 -1379.66 368.142
2966 -1113.29 418.368
2967 -1046.61 -428.485
2968 377.33 490.196
2969 1991.69 -113.058
2970 -1017.42 432.647
2971 -1589.33 -313.841
2972 -664.84 471.665
2973 589.03 477.622
2974 -1882.86 -194.593
2975 -708.02 -467.912
2976 466.51 -485.609
2977 -600.69 -476.757
2978 -1136.56 -414.629
2979 -320.44 -492.599
2980 -1035.28 430.119
2981 1583.98 -315.446
2982 -476.88 485.009
2983 887.52 449.337
2984 857.52 -452.789
2985 570.4 -478.965
2986 738.12 -465.136
2987 -1533.02 -330.084
2988 -77.23 -498.405
2989 872.49 451.085
2990 1136.21 -414.686
2991 1695.8 -278.728
2992 789.98 460.041
2993 -883.82 -449.771
2994 1253.25 -394.116
2995 984.7 437.127
2996 558.8 -479.778
2997 1415.38 -359.985
2998 -1085.52 -422.687
2999 -845.59 -454.122
3000 1215.75 -401.043
3001 596.92 477.039
3002 1477.47 344.825
3003 1579.19 -316.872
3004 346.14 -491.564
3005 1132.69 415.258
3006 1131.35 -415.476
3007 808.6 458.112
3008 192.66 496.542
3009 420.08 488.124
3010 1238.81 396.823
3011 1640.13 -297.888
3012 591.52 -477.439
3013 -41.39 -498.659
3014 -1449.73 351.759
3015 -1013.56 -433.186
3016 1347.29 -375.206
3017 -0.07 498.761
3018 548.9 480.457
3019 -1027.02 -431.295
3020 -1734.41 264.217
3021 1190.81 405.47
3022 -1664.48 -289.741
3023 -756.44 463.382
3024 1394.5 364.801
3025 -1316.38 -381.677
3026 -1833.33 220.943
3027 -561.11 479.617
3028 -1858.13 -208.254
3029 105.41 498.098
3030 809.03 -458.067
3031 -1423.29 -358.125
3032 501.09 483.555
3033 -92.37 -498.252
3034 631.36 474.394
3035 -420.19 -488.118
3036 -19.05 -498.739
3037 559.3 479.743
3038 -233.04 495.512
3039 1276.93 389.568
3040 -922.08 -445.178
3041 -979.79 -437.783
3042 -1372.72 -369.682
3043 1220.88 -400.115
3044 1464.69 -348.053
3045 -38.35 -498.673
3046 -2043.42 -19.0962
3047 1550.21 325.273
3048 -602.8 -476.599
3049 1794.07 -239.349
3050 -345.59 -491.587
3051 -608.26 -476.186
3052 -583.9 477.996
3053 -465.48 485.668
3054 1335.97 377.606
3055 1646.84 -295.677
3056 1569.48 319.729
3057 320.75 492.587
3058 1078.23 -423.795
3059 1612.04 -306.874
3060 -1455.11 350.435
3061 -1416.45 -359.735
3062 -302.88 493.26
3063 86.98 -498.309
3064 -288.65 493.767
3065 -640.2 -473.688
3066 -416.85 488.288
3067 1681.65 -283.782
3068 -905.88 -447.152
3069 1838.09 -218.578
3070 195.69 -496.472
3071 -416.27 -488.318
3072 -1435.61 355.188
3073 -1437.47 354.74
3074 -171.19 497.01
3075 1145.47 413.168
3076 1209.69 402.132
3077 363.26 490.828
3078 156.39 -497.3
3079 619.38 475.332
3080 1502.29 338.385
3081 534.24 -481.439
3082 -1838.98 -218.132
3083 1912.42 -176.614
3084 -1220.03 400.269
3085 -525.28 482.025
3086 1475.02 -345.448
3087 -978.23 437.991
3088 -827.18 456.135
3089 -628.57 -474.614
3090 1421.97 358.437
3091 1.98 -498.761
3092 974.02 438.549
3093 879.52 450.272
3094 -377.92 490.169
3095 1229.4 -398.56
3096 -1457.67 349.802
3097 -1479.58 344.286
3098 -360.28 -490.959
3099 477.16 484.993
3100 -1624.32 302.997
3101 481.91 -484.713
3102 981.72 -437.526
3103 -1942.87 155.592
3104 714.83 -467.295
3105 -1556.78 -323.401
3106 1526.19 -331.962
3107 -687.77 469.705
3108 -876.31 -450.644
3109 -776.67 -461.387
3110 435.73 487.307
3111 -210.82 496.103
3112 1208.65 -402.318
3113 1180.19 -407.313
3114 -892.91 448.701
3115 -1566.81 -320.507
3116 -211.66 -496.082
3117 1817.99 228.359
3118 -1232.01 398.08
3119 752.41 463.772
3120 435.29 487.33
3121 -1702.59 -276.255
3122 468.3 -485.506
3123 649.47 472.937
3124 182.57 496.769
3125 -1816.08 229.262
3126 647.38 473.108
3127 1649.67 294.737
3128 -170.52 497.024
3129 -658.19 472.219
3130 400.88 489.083
3131 1595.38 -312.01
3132 63.11 498.523
3133 -301.3 -493.317
3134 1636.33 -299.128
3135 -695.04 469.068
3136 1078.19 423.801
3137 -1123 416.821
3138 45.73 -498.636
3139 -194.19 -496.507
3140 -1772.56 248.7
3141 1128.57 -415.925
3142 1988.55 -116.299
3143 1473.13 345.928
3144 762.5 -462.791
3145 1648.6 295.093
3146 1610.23 307.438
3147 -859.06 -452.616
3148 1785.53 -243.118
3149 -388.7 -489.668
3150 -936.48 -443.386
3151 -1820.15 -227.333
3152 -654.31 -472.54
3153 850.28 -453.601
3154 -114.49 497.979
3155 -427.58 -487.736
3156 662.59 471.853
3157 -321.93 -492.541
3158 482.79 -484.661
3159 1315.67 381.823
3160 -1434.75 -355.394
3161 -95.95 498.212
3162 -1511.12 336.038
3163 1981.91 -122.857
3164 910.57 -446.585
3165 260 494.713
3166 1297.69 -385.466
3167 -441.36 -487.005
3168 -857.99 -452.736
3169 1448.34 -352.1
3170 -362.6 490.857
3171 1417.32 359.531
3172 -1080.59 -423.437
3173 768.46 -462.204
3174 1954.05 147.028
3175 1311.86 -382.602
3176 -1389.52 -365.929
3177 -1753.24 256.718
3178 645.61 473.251
3179 1896.14 186.764
3180 -1233.04 -397.891
3181 1064.31 -425.883
3182 -1738.57 -262.586
3183 721.16 466.716
3184 1478.83 344.478
3185 -1509.58 336.45
3186 -668.51 -471.356
3187 1662.19 290.522
3188 -152.08 497.38
3189 -708.96 -467.827
3190 1459.52 -349.343
3191 1794.51 -239.152
3192 664.91 471.659
3193 726.8 -466.196
3194 -200.64 496.354
3195 -569.46 -479.032
3196 1520.79 -333.433
3197 264.3 494.577
3198 -1329.34 -378.996
3199 -913.42 446.239
3200 -464.87 -485.702
3201 -1817.81 -228.445
3202 1729.06 266.295
3203 -1279.22 -389.121
3204 -664.24 471.715
3205 1265.7 391.742
3206 -879.93 450.224
3207 -323.96 -492.462
3208 1677.59 285.208
3209 -599.37 476.856
3210 456.95 486.149
3211 -765.94 462.453
3212 -220.07 495.864
3213 884.47 -449.695
3214 -2008.77 93.3667
3215 411.33 488.567
3216 -1689.71 280.92
3217 1851.93 211.514
3218 1088.67 422.204
3219 1922.55 169.945
3220 -1547 326.181
3221 276.58 -494.178
3222 478.27 -484.928
3223 -1672 -287.154
3224 -1968.1 135.421
3225 95.68 498.215
3226 -139.7 497.596
3227 -1576.96 317.532
3228 1482.77 343.469
3229 -1758.96 254.379
3230 1274.94 389.956
3231 -1967.1 -136.283
3232 1565.23 -320.966
3233 1225.91 -399.199
3234 -1655.87 292.662
3235 1475.34 -345.367
3236 -1377.55 -368.612
3237 770.89 461.963
3238 -878.36 450.407
3239 -1906.02 180.683
3240 1264.27 -392.017
3241 -555.01 480.039
3242 870.74 451.286
3243 960 440.384
3244 1134.76 414.922
3245 787.31 460.313
3246 1800.49 236.464
3247 1776 247.236
3248 -1993.28 -111.378
3249 -924.52 444.877
3250 1064.74 425.819
3251 771.96 461.857
3252 895.25 448.424
3253 -767.91 -462.258
3254 -17.92 498.742
3255 613.39 475.794
3256 -33.51 498.694
3257 461.96 -485.867
3258 -859.23 452.596
3259 -1236.55 397.242
3260 163.92 -497.156
3261 -1532.75 330.159
3262 -1178.14 -407.666
3263 1564.35 -321.221
3264 1300.79 384.844
3265 -2043.32 -19.7225
3266 1179.29 -407.468
3267 -412.78 488.494
3268 -1659.65 291.385
3269 2036.79 44.429
3270 -1978.71 -125.888
3271 -133.17 497.702
3272 -1143.19 -413.543
3273 -1219.02 -400.452
3274 -1320.65 -380.799
3275 1111.31 -418.681
3276 233.34 -495.503
3277 487.22 484.397
3278 1604.94 309.08
3279 -919.3 -445.52
3280 -253.84 -494.903
3281 -1245.79 -395.521
3282 579.09 478.344
3283 -1519.55 -333.769
3284 -420.51 488.102
3285 242.92 495.229
3286 1027.7 431.199
3287 1336.81 -377.429
3288 -487.26 -484.395
3289 -809.79 457.987
3290 -25.41 -498.722
3291 -342.03 -491.735
3292 -103.45 -498.122
3293 1060.27 -426.482
3294 -1587.87 -314.281
3295 943.04 -442.558
3296 -1741.57 261.4
3297 1973.78 130.411
3298 -1479.97 344.186
3299 -448.25 486.631
3300 342.93 491.698
3301 526.23 481.964
3302 -1703.79 275.814
3303 -1829.85 222.653
3304 651.89 -472.739
3305 389.6 489.625
3306 682.76 -470.14
3307 -1192.24 405.22
3308 -1832.76 221.225
3309 1592.78 312.799
3310 -1391.59 365.461
3311 1483.02 343.405
3312 -496.38 -483.844
3313 -482.27 -484.692
3314 1488.7 -341.939
3315 174.73 496.937
3316 2016.25 -83.2245
3317 763.97 462.647
3318 -1270.23 -390.869
3319 -506.76 483.203
3320 754.86 463.535
3321 568.41 479.106
3322 -616 -475.593
3323 -1573.54 -318.54
3324 -1312.33 382.506
3325 -1992.73 -111.962
3326 796.32 -459.39
3327 -609.63 -476.081
3328 1688.99 281.177
3329 -1998.85 -105.273
3330 1414.97 -360.081
3331 852.74 -453.326
3332 -265.9 494.526
3333 -1358.25 -372.848
3334 1299.13 385.177
3335 -740.44 464.917
3336 -1543.27 -327.231
3337 -302.39 -493.278
3338 1725.55 -267.646
3339 -1513.49 335.403
3340 -114.02 497.985
3341 -63.69 -498.519
3342 229.03 495.623
3343 -533.94 481.459
3344 1460.67 -349.057
3345 -409.91 488.638
3346 1071.92 424.746
3347 1374.92 -369.195
3348 937.93 -443.204
3349 1031.17 -430.706
3350 -117.4 497.938
3351 995.46 -435.675
3352 1044.81 -428.746
3353 1453.92 350.729
3354 -607.35 476.255
3355 -389.91 -489.61
3356 1649.36 294.84
3357 1666.49 -289.053
3358 478.44 484.918
3359 1245.71 395.536
3360 1879.16 -196.709
3361 -1177.25 -407.819
3362 -565.21 -479.331
3363 308.92 493.037
3364 -621.66 475.155
3365 -1903.53 182.238
3366 -234.46 -495.472
3367 100.77 -498.155
3368 1804.84 234.482
3369 -367.73 -490.63
3370 -818.44 457.072
3371 -1799.47 236.925
3372 -185.53 496.704
3373 293.66 -493.591
3374 -41.31 -498.659
3375 -316.65 -492.745
3376 630.55 474.458
3377 -337.48 -491.922
3378 -1957.31 144.425
3379 -1195.02 -404.733
3380 -1125.76 416.378
3381 1294.44 386.115
3382 -652.53 -472.686
3383 -1716.34 271.146
3384 -380.26 490.062
3385 -767.16 462.333
3386 -1222.94 399.741
3387 -780.46 -461.006
3388 -207.16 496.195
3389 308.04 -493.07
3390 857.28 452.816
3391 545.07 -480.716
3392 -1121.14 -417.119
3393 -1106.68 419.41
3394 -1137.16 414.531
3395 1507.69 -336.953
3396 360.33 490.957
3397 -546.03 -480.652
3398 1593.07 -312.711
3399 -645.81 473.235
3400 -1587.48 314.398
3401 1721.01 269.379
3402 1700.9 -276.873
3403 -1140.18 414.037
3404 332.52 492.123
3405 -1363.22 371.767
3406 1359.95 372.479
3407 -953.25 -441.255
3408 480.6 -484.791
3409 1899.3 -184.844
3410 -272.36 -494.317
3411 1140.09 -414.052
3412 809.89 457.977
3413 833.31 455.47
3414 1455.16 -350.423
3415 -1910.75 177.686
3416 1495.7 340.117
3417 -860.46 -452.457
3418 -785.49 460.498
3419 905.46 447.203
3420 955.93 -440.91
3421 1794.16 239.309
3422 -1921.23 170.831
3423 1885.79 192.898
3424 -750.5 -463.956
3425 1124.04 -416.654
3426 -426.09 487.814
3427 -488.49 484.321
3428 -1284.8 388.026
3429 892.55 448.744
3430 -856.58 452.895
3431 720.38 -466.788
3432 -1632.46 300.383
3433 1205.71 402.842
3434 -7.84 -498.757
3435 -1886.87 192.268
3436 602.49 476.622
3437 -457.69 486.108
3438 1833.23 -220.993
3439 1121.71 -417.028
3440 -794.89 -459.537
3441 2024.18 70.8538
3442 390.14 -489.6
3443 -1689.69 -280.927
3444 1196.61 404.453
3445 1265.1 391.858
3446 -1761.89 -253.17
3447 1566.19 -320.687
3448 1538.47 328.572
3449 1891.72 189.412
3450 -914.92 446.056
3451 -1607.99 308.135
3452 1104.6 -419.736
3453 1325.99 379.693
3454 642.4 473.511
3455 703.38 -468.328
3456 -1161.42 -410.51
3457 -398.62 489.193
3458 1846.49 214.325
3459 -1802.78 -235.423
3460 1486.6 342.482
3461 -855.48 453.019
3462 1528.83 -331.238
3463 -478.62 -484.907
3464 1527.04 -331.729
3465 -920.47 445.376
3466 1690.73 -280.554
3467 1251.36 394.474
3468 -60.03 498.546
3469 849.01 453.742
3470 1224.48 -399.46
3471 -1408.84 -361.508
3472 1382.28 -367.557
3473 -1534.92 -329.559
3474 -939.97 442.947
3475 -221.55 495.825
3476 644.76 473.32
3477 -782.52 -460.799
3478 729.48 -465.947
3479 1451.64 -351.29
3480 -752.69 463.745
3481 -446.6 486.721
3482 -669.81 -471.246
3483 1381.97 367.626
3484 393.54 489.438
3485 -1862.42 205.962
3486 360 490.971
3487 -2034.72 -49.7524
3488 1153.19 411.888
3489 1033.42 -430.385
3490 -2006.66 96.0279
3491 326.55 -492.36
3492 -1509.03 -336.596
3493 -378.46 490.145
3494 356.49 -491.123
3495 -27.11 498.717
3496 -1209.82 -402.109
3497 1507.35 337.044
3498 127.04 -497.797
3499 -644.43 473.347
3500 1864.53 204.823
3501 -351.33 491.345
3502 -1029.17 430.99
3503 -1764.82 251.953
3504 904.21 447.353
3505 1431.32 -356.216
3506 951.2 441.518
3507 1580.13 316.593
3508 1484.14 -343.117
3509 1965.18 137.921
3510 -1858.41 208.106
3511 1344.03 375.901
3512 -868.63 -451.528
3513 -529.54 481.748
3514 1136.23 414.683
3515 -1610.73 -307.283
3516 -1771.44 249.174
3517 -833.39 455.462
3518 258.82 -494.75
3519 -1773.39 -248.348
3520 605.08 -476.427
3521 -1949.49 150.586
3522 -900.22 447.832
3523 -1010.28 -433.641
3524 41.65 498.657
3525 -967.29 439.434
3526 1197.84 -404.237
3527 -798.14 -459.202
3528 -1848.01 -213.544
3529 -713.05 -467.457
3530 -1226.64 399.066
3531 1491.87 -341.116
3532 -388.53 489.676
3533 1888.83 -191.12
3534 -726.54 -466.22
3535 176.42 -496.901
3536 -770.75 461.977
3537 -844.24 -454.271
3538 -832.04 455.609
3539 -746.76 464.315
3540 509.59 483.026
3541 -261.48 494.667
3542 -447.42 486.676
3543 791.07 459.929
3544 1249.49 -394.826
3545 914.9 446.058
3546 -825.54 -456.311
3547 1281.32 388.71
3548 -1970.67 -133.179
3549 1108.39 419.141
3550 -467.88 485.53
3551 81.73 -498.362
3552 -1326.93 379.498
3553 1015.71 -432.886
3554 -1057.36 -426.912
3555 -22.02 -498.732
3556 -348.48 491.465
3557 -1190.57 405.512
3558 729.95 465.903
3559 1387.1 366.475
3560 -686.11 469.849
3561 -1897.6 185.88
3562 -1852.97 210.972
3563 -940.72 442.852
3564 -477.21 484.99
3565 -1188.95 -405.795
3566 -63.41 498.521
3567 -487.81 484.362
3568 1262.38 -392.379
3569 -1501.71 338.538
3570 1626 302.461
3571 -427.38 487.746
3572 783.8 460.669
3573 526.2 -481.966
3574 -1917.16 -173.53
3575 1545.69 326.55
3576 326.67 492.356
3577 -1129.65 -415.751
3578 -575.46 478.605
3579 -634.76 -474.124
3580 371.94 490.441
3581 1726.38 -267.327
3582 -119.34 497.911
3583 66.69 498.496
3584 1439.17 -354.329
3585 -633.67 -474.21
3586 1187.7 406.013
3587 -1978.23 126.336
3588 -434.37 487.379
3589 -1374.07 -369.384
3590 -1523.94 332.576
3591 98.57 498.181
3592 1938.59 -158.736
3593 -1293.44 -386.315
3594 2.88 -498.76
3595 -1733.06 -264.744
3596 -1867.49 -203.213
3597 1614.53 -306.094
3598 1462 -348.725
3599 -954.82 -441.053
3600 -123.18 497.855
3601 -1165.55 -409.813
3602 747.86 -464.21
3603 798.86 -459.128
3604 127.32 497.793
3605 1222.86 -399.755
3606 -970.68 -438.989
3607 -269.94 -494.396
3608 -576.83 478.507
3609 -96.25 -498.208
3610 -1833.51 220.854
3611 601.03 476.732
3612 1068.22 -425.301
3613 -1882.89 -194.576
3614 -1966.76 136.575
3615 715 -467.28
3616 232.78 495.519
3617 236.28 -495.42
3618 986.28 -436.915
3619 1445.62 -352.764
3620 1843.4 215.901
3621 1659.55 291.419
3622 -1565.13 320.995
3623 309.75 493.006
3624 1230.85 398.294
3625 -243.3 -495.218
3626 -551.67 480.268
3627 834.48 -455.343
3628 -335.69 491.995
3629 -843.86 -454.313
3630 697.32 468.867
3631 -1164.19 410.043
3632 1692.57 279.894
3633 -1558.8 322.822
3634 -989.25 436.516
3635 1582.75 -315.813
3636 1046.63 -428.482
3637 -1250.61 394.615
3638 -420.61 -488.096
3639 604.97 476.435
3640 428.42 -487.692
3641 -1151.98 -412.09
3642 1332.68 378.297
3643 893.76 -448.601
3644 -819.08 457.003
3645 -1357.95 372.913
3646 -1753.84 -256.474
3647 1667.04 -288.865
3648 -1906.3 -180.507
3649 -1740.45 -261.844
3650 -1716.06 -271.251
3651 -1959.08 142.99
3652 1186.02 -406.305
3653 -1861.03 -206.708
3654 -778.33 461.221
3655 67.81 -498.487
3656 545.24 480.705
3657 145.79 497.492
3658 1747.93 -258.863
3659 1599.36 310.796
3660 870.48 -451.316
3661 1403.56 -362.728
3662 601.35 476.708
3663 1301.37 384.727
3664 1873.46 199.917
3665 1262.85 -392.289
3666 1052.3 427.655
3667 -244.43 495.185
3668 988.88 436.566
3669 -1662.25 -290.502
3670 253.03 494.928
3671 1277.62 389.434
3672 328.49 492.284
3673 -1108.87 -419.065
3674 996.98 435.468
3675 811.91 457.764
3676 1339.12 376.942
3677 -1715.97 271.285
3678 1565.48 320.893
3679 -749.96 464.008
3680 1009.85 433.701
3681 -299.77 493.373
3682 1723.74 268.339
3683 1807.31 233.348
3684 1839 218.122
3685 -553.15 480.167
3686 1533.08 330.068
3687 -1236.02 397.34
3688 -1851.75 -211.608
3689 467.72 -485.539
3690 -1299.75 -385.053
3691 -2029.35 -61.4295
3692 544.57 -480.75
3693 -389.78 -489.617
3694 -1394.83 364.725
3695 200.21 -496.365
3696 -112.76 498.002
3697 140.79 497.577
3698 -2000.23 103.702
3699 2019.48 -78.4274
3700 389.26 -489.641
3701 878.12 450.434
3702 -103.19 498.125
3703 -436.96 -487.241
3704 -371.8 -490.448
3705 904.69 -447.295
3706 231.05 495.567
3707 1734.01 264.373
3708 -1896.55 186.517
3709 812.64 -457.687
3710 -1276.23 -389.705
3711 -1108.21 419.169
3712 608.33 -476.18
3713 -28.81 498.711
3714 -604.47 -476.473
3715 -1557.82 -323.103
3716 -825.54 -456.311
3717 -1984.69 -120.158
3718 1610.81 307.258
3719 983.16 -437.334
3720 569.46 479.032
3721 1096.97 420.924
3722 1978.54 126.047
3723 243.23 495.22
3724 -1267.83 391.333
3725 -887.66 -449.321
3726 -201.94 496.323
3727 -1939.92 157.767
3728 1581.9 316.067
3729 -2027.13 65.6452
3730 -1779.56 -245.708
3731 655.98 -472.402
3732 -1006.01 -434.231
3733 1461.32 -348.895
3734 -1313.9 -382.185
3735 36.5 498.681
3736 -904.36 447.335
3737 1205.48 -402.883
3738 57.39 498.564
3739 -828.15 456.03
3740 814.88 457.45
3741 -148.83 -497.438
3742 -1409.74 -361.299
3743 -1690.39 280.676
3744 -447.12 -486.693
3745 328.37 492.288
3746 -275.49 -494.214
3747 1114.01 418.254
3748 -168.12 -497.072
3749 520.14 -482.357
3750 1109.24 419.007
3751 -1932.38 -163.178
3752 -2042.52 24.1542
3753 -229.25 495.617
3754 1396.25 -364.402
3755 106.88 498.079
3756 -1336.79 377.434
3757 -627.42 474.705
3758 491.18 -484.159
3759 1365 -371.379
3760 -1760.47 253.757
3761 268.19 -494.453
3762 1059.65 426.574
3763 -1625.33 302.675
3764 -1709.1 -273.853
3765 -1725.81 267.546
3766 566.99 479.206
3767 1180.99 407.175
3768 -112.8 -498.001
3769 1507.82 336.919
3770 1533.7 329.896
3771 -1005.31 434.328
3772 -970.53 439.009
3773 222.59 495.797
3774 1024.37 -431.67
3775 634.02 -474.183
3776 -851.41 -453.475
3777 -480.52 -484.795
3778 1534.39 -329.705
3779 93.12 498.243
3780 764.85 -462.56
3781 -1469.85 -346.757
3782 -624.97 -474.897
3783 272.72 494.305
3784 1541.39 327.757
3785 267.7 -494.469
3786 -646.53 473.177
3787 -1398.17 -363.964
3788 533.56 -481.484
3789 587.87 477.707
3790 -309.62 493.011
3791 -1459.27 349.405
3792 -1116.03 417.933
3793 912.02 446.409
3794 -1900.09 184.361
3795 1128.85 415.88
3796 -896.57 448.267
3797 625.27 474.873
3798 1495.94 -340.054
3799 -1004.89 -434.385
3800 1804.89 -234.46
3801 1668.19 -288.469
3802 -128.58 -497.774
3803 -1099.61 420.514
3804 1288.35 -387.325
3805 -574.2 -478.695
3806 1062.7 -426.122
3807 -89.73 -498.28
3808 1651.33 -294.184
3809 577.39 -478.466
3810 -1621.5 303.894
3811 -315.55 492.787
3812 -173.38 -496.965
3813 -1819.94 -227.433
3814 294.99 -493.544
3815 1227.91 -398.833
3816 1370.89 370.086
3817 1696.99 -278.297
3818 -88.87 -498.29
3819 -595.58 -477.138
3820 -1188.52 405.87
3821 705.78 -468.113
3822 1505.66 337.493
3823 616.18 -475.58
3824 -1565.84 -320.789
3825 -1021.75 -432.039
3826 -685.25 -469.924
3827 -880.4 450.17
3828 -515.04 482.682
3829 -186.06 -496.692
3830 -1797.39 -237.862
3831 449.42 486.567
3832 426.83 487.775
3833 -713.23 -467.441
3834 -364.21 490.786
3835 -95.63 -498.215
3836 1953.22 -147.682
3837 867.66 451.639
3838 -444.2 486.852
3839 290.16 -493.714
3840 -982.92 -437.366
3841 -1527.49 -331.606
3842 195.43 -496.478
3843 -1820.57 -227.133
3844 373.42 -490.375
3845 -1381.9 367.642
3846 -1413.45 -360.436
3847 -693.99 469.16
3848 -1492.97 -340.83
3849 1282.79 388.421
3850 659.01 -472.151
3851 -237.67 -495.381
3852 -1623.58 -303.233
3853 -762.89 462.753
3854 1787.28 -242.352
3855 1029.62 430.927
3856 -84.15 -498.338
3857 -1680.09 -284.331
3858 2037.37 -42.8178
3859 1098.54 -420.681
3860 -1093.66 -421.437
3861 -1776.1 -247.193
3862 978.8 -437.915
3863 600.1 -476.801
3864 -780.75 460.977
3865 -413.43 -488.461
3866 -1065.27 -425.74
3867 -29.02 498.711
3868 -1687.83 281.591
3869 -926.39 444.645
3870 1550.35 -325.234
3871 1926.16 167.496
3872 -1537.29 -328.901
3873 -579.16 478.339
3874 -1771.39 -249.195
3875 1971.85 -132.136
3876 1989.97 -114.845
3877 -622.71 475.073
3878 608.05 -476.202
3879 -1394.96 -364.696
3880 1649.73 -294.717
3881 559.84 479.706
3882 -733.52 465.569
3883 -1750.34 257.892
3884 -1430.14 356.498
3885 -1886.75 192.338
3886 -61.79 -498.533
3887 -1598.91 -310.933
3888 -574.68 478.661
3889 -1397.02 -364.227
3890 -1648.96 -294.973
3891 -380.13 490.068
3892 -838.16 454.941
3893 1385.34 -366.871
3894 -577.78 -478.438
3895 1240.22 -396.561
3896 1169.6 -409.126
3897 1431.19 -356.247
3898 1481.51 343.792
3899 -964.39 439.813
3900 -233.73 -495.492
3901 -839.87 -454.753
3902 -620.97 475.209
3903 541.83 480.934
3904 1754.07 -256.38
3905 796.13 -459.41
3906 -1683.84 283.009
3907 -1746.69 259.36
3908 1607.38 308.324
3909 -1301.49 384.703
3910 752.43 463.77
3911 1609.94 -307.529
3912 -672.4 -471.027
3913 1862.29 -206.032
3914 -1696.98 278.301
3915 1034.14 430.282
3916 1760.5 -253.745
3917 -1321.36 -380.652
3918 -743.15 464.66
3919 600.54 476.768
3920 1718.05 -270.501
3921 -1656.65 292.399
3922 -223.97 -495.76
3923 874.64 -450.837
3924 1805.05 234.386
3925 -1548.96 -325.627
3926 1346.59 375.356
3927 1795.05 238.911
3928 810.01 457.964
3929 772.01 -461.852
3930 -1173.9 408.393
3931 -1104.44 419.761
3932 1975.99 128.405
3933 1220.54 -400.177
3934 1423.91 -357.978
3935 252.18 494.954
3936 2016.97 82.18
3937 226.13 -495.702
3938 -714.32 -467.342
3939 1899.97 -184.434
3940 -1569.04 319.857
3941 1945.46 153.655
3942 -551.18 480.302
3943 1574.09 -318.378
3944 744.49 -464.532
3945 -658.38 472.204
3946 878.37 -450.405
3947 1120.96 -417.148
3948 990.06 436.407
3949 329.78 -492.232
3950 -639.68 473.73
3951 1593.81 -312.487
3952 -188.33 496.641
3953 162.72 -497.179
3954 920.09 -445.423
3955 -504.05 483.372
3956 1608.51 307.974
3957 1818.6 228.07
3958 2030.33 -59.4719
3959 1908.74 178.966
3960 754.32 -463.588
3961 -640 -473.704
3962 -1198.68 -404.088
3963 -1217.4 400.745
3964 -445.15 -486.8
3965 -632.41 -474.31
3966 559.83 -479.706
3967 -1671.88 287.196
3968 1578.22 317.159
3969 -1565.63 320.85
3970 917.6 -445.728
3971 -630.68 474.448
3972 -1178.8 407.553
3973 1069.14 -425.163
3974 -730.82 -465.822
3975 -1480.8 343.974
3976 1933.45 162.423
3977 1822.18 -226.364
3978 796.41 459.381
3979 -1317.73 381.4
3980 1671.91 -287.185
3981 -1353.65 373.842
3982 1956.75 144.876
3983 -1625.54 -302.608
3984 -1994.25 -110.341
3985 1938.95 158.474
3986 -1391.22 -365.545
3987 1387.08 366.48
3988 229.59 495.607
3989 1420.59 -358.762
3990 -164.35 -497.147
3991 1303.17 -384.365
3992 -816.56 -457.272
3993 1374.73 -369.237
3994 -107.05 -498.077
3995 -401.72 -489.042
3996 1992.1 -112.627
3997 205.05 496.247
3998 -227.97 495.652
3999 -1595.06 312.107
4000 -312.42 492.906
4001 -240.69 495.294
4002 -2010.54 91.0721
4003 -668.75 471.336
4004 -1372.47 369.737
4005 -764.51 462.594
4006 325.67 -492.395
4007 844.42 454.252
4008 -627.43 474.704
4009 1942.61 -155.785
4010 -2019.69 78.105
4011 -486.57 -484.436
4012 168.41 497.067
4013 -977.95 438.028
4014 1351.78 -374.244
4015 341.08 -491.774
4016 -211.37 -496.089
4017 -309.86 -493.002
4018 2023.62 -71.7991
4019 -349.27 -491.432
4020 -1367.88 -370.748
4021 -10.82 -498.754
4022 -197.73 -496.424
4023 128.7 -497.772
4024 -605.95 476.361
4025 -591.58 477.434
4026 1632.26 300.448
4027 1958.65 143.34
4028 304.26 -493.209
4029 1884.11 193.872
4030 689.71 -469.536
4031 1448.05 352.171
4032 311.81 492.929
4033 1335.52 -377.701
4034 -527.45 481.884
4035 1304.05 -384.187
4036 -341.84 -491.743
4037 -1482 -343.666
4038 908.45 446.842
4039 1292.63 386.476
4040 -1960.64 -141.713
4041 -271.7 -494.339
4042 800.35 458.973
4043 526.05 -481.975
4044 999.21 -435.164
4045 -382.64 489.952
4046 1633.91 -299.914
4047 303.89 493.223
4048 790.44 -459.994
4049 -1029.17 -430.99
4050 -224.4 495.749
4051 -316.46 -492.752
4052 -171.22 497.009
4053 1131.35 415.476
4054 -136.58 497.647
4055 -409.35 -488.666
4056 823.78 -456.501
4057 -69.09 -498.476
4058 1002.96 434.651
4059 414.12 -488.426
4060 1085.72 422.656
4061 191.94 -496.559
4062 79.87 498.38
4063 -162.26 497.188
4064 629.68 474.527
4065 -2009.57 92.3369
4066 1517.96 -334.199
4067 968.22 -439.312
4068 -1269.86 390.941
4069 714.83 -467.295
4070 1168.25 -409.356
4071 -1974.26 129.978
4072 788.07 460.236
4073 -454.04 486.311
4074 -1498.19 -339.465
4075 1730.78 -265.629
4076 -1534.43 -329.694
4077 -1071.52 424.806
4078 -1544.98 -326.75
4079 802.2 458.781
4080 198.89 496.396
4081 1104.42 -419.764
4082 646.27 -473.198
4083 -1612.13 306.846
4084 1944.39 -154.458
4085 -308.1 493.067
4086 -628.12 474.649
4087 -1111.74 -418.613
4088 -1828.04 -223.536
4089 -1735.97 263.607
4090 677.17 470.62
4091 -1208.86 -402.28
4092 -1478.99 -344.437
4093 1567.42 320.329
4094 -1063.91 425.943
4095 -598.15 476.947
4096 1607.22 -308.374
4097 -49.54 -498.614
4098 1880.38 196.014
4099 766.07 -462.44
4100 -364.46 -490.775
4101 372.29 490.426
4102 -147.31 -497.465
4103 -1949.12 150.87
4104 672.23 471.041
4105 757.85 -463.245
4106 -421.25 488.064
4107 -1523.39 -332.726
4108 -148.76 -497.439
4109 -785.37 -460.51
4110 -1618.93 304.708
4111 -1376.81 368.776
4112 18.45 -498.741
4113 234.11 495.482
4114 -120.41 497.895
4115 -476.76 -485.016
4116 -712.22 -467.532
4117 1781.46 -244.888
4118 1280.71 -388.83
4119 465.51 -485.666
4120 1071.83 424.76
4121 587.87 477.707
4122 -1367.44 370.844
4123 -1128.1 416.001
4124 -2009.72 92.1425
4125 988.22 -436.655
4126 133.26 497.701
4127 1951.09 149.348
4128 -359.25 491.004
4129 -1326.1 379.67
4130 -957.24 440.741
4131 1088.63 422.211
4132 -1520.07 -333.628
4133 927.36 444.525
4134 114.64 497.976
4135 -326.61 -492.358
4136 277.13 -494.159
4137 -1286.46 -387.699
4138 1362.48 -371.929
4139 -1552.98 -324.486
4140 599.33 476.859
4141 -120.44 497.895
4142 1819.69 227.552
4143 -1627.5 -301.98
4144 350.47 491.381
4145 -1624.52 -302.933
4146 1265.91 -391.702
4147 2030.85 58.4062
4148 1040.33 429.394
4149 -147.51 -497.462
4150 -716.95 -467.102
4151 1776.45 -247.043
4152 -398.37 -489.205
4153 1465.65 347.813
4154 -873.42 -450.978
4155 1203.89 403.166
4156 828.78 455.962
4157 1352.87 374.01
4158 1211.72 401.768
4159 -1663.62 -290.035
4160 -1091.62 -421.751
4161 1351.99 -374.199
4162 916.87 -445.818
4163 1878.81 -196.908
4164 -1976.19 -128.221
4165 -1896.12 -186.776
4166 820.26 456.877
4167 -170.67 497.021
4168 -1560.38 -322.368
4169 1364.82 -371.418
4170 564.49 479.381
4171 1802.7 -235.46
4172 -2010.93 -90.5584
4173 -1537.34 -328.887
4174 1436.94 -354.867
4175 588.69 -477.647
4176 943.64 442.482
4177 -1397.15 364.197
4178 218.61 495.903
4179 1064.82 -425.807
4180 1466.82 -347.519
4181 1569.05 319.854
4182 1103.97 419.834
4183 469.94 -485.412
4184 -560.11 -479.687
4185 -1675.42 -285.966
4186 -1830.79 222.193
4187 383.47 489.913
4188 1629.36 301.383
4189 -1220.65 400.157
4190 -248.49 -495.065
4191 1276 -389.75
4192 -1567.17 320.402
4193 -1466.38 -347.629
4194 -808.44 -458.129
4195 -1569.53 319.714
4196 -985.27 437.051
4197 -1919.93 171.698
4198 1355.2 -373.508
4199 1996.42 -107.981
4200 -2019.44 -78.4886
4201 -1416.27 359.777
4202 -1989.6 115.226
4203 1662.34 290.471
4204 1399.34 -363.696
4205 21.07 -498.734
4206 -732.67 465.649
4207 1861.31 206.558
4208 -1615.17 -305.893
4209 -1357.8 372.945
4210 1908.1 -179.372
4211 1789.84 241.225
4212 1999.58 -104.445
4213 -1024.82 431.607
4214 1379.47 -368.184
4215 -1579.65 -316.735
4216 -1256.75 393.453
4217 524.13 482.1
4218 -910.19 446.631
4219 -1427.82 -357.051
4220 681.17 470.277
4221 -390.24 -489.595
4222 359.51 -490.993
4223 438.7 487.148
4224 -622.65 475.078
4225 -574.85 478.648
4226 393.3 -489.449
4227 -1962.29 -140.347
4228 1642.24 -297.195
4229 1687.36 281.759
4230 578.56 478.382
4231 1234.3 397.658
4232 1555.33 323.816
4233 914.76 -446.075
4234 -974.92 438.43
4235 -1990.18 114.629
4236 466.09 -485.633
4237 650.83 472.826
4238 317.71 -492.704
4239 -509.4 483.038
4240 2011.21 -90.1877
4241 599.24 476.866
4242 -107.32 498.074
4243 1962.53 -140.148
4244 -1057.7 426.862
4245 816.28 457.301
4246 -1672.95 286.825
4247 1941.43 -156.658
4248 -428.38 -487.694
4249 -1232.96 397.905
4250 550.02 480.381
4251 -1104.71 419.719
4252 1243.27 -395.992
4253 752.72 -463.742
4254 71.76 498.454
4255 722.07 -466.633
4256 -1806.98 233.5
4257 1103.29 419.941
4258 0.81 -498.761
4259 1613.29 -306.483
4260 -597.04 477.03
4261 -1372.7 369.686
4262 760 463.035
4263 1213.29 -401.486
4264 1030.84 -430.753
4265 1187.57 -406.035
4266 484.69 484.548
4267 -533.25 481.504
4268 839.1 454.838
4269 -1147.48 412.836
4270 -496.24 483.852
4271 1223.16 -399.701
4272 -411.95 488.536
4273 1112.96 418.42
4274 1773.2 248.428
4275 261.39 494.669
4276 -1481.8 -343.718
4277 975.39 -438.367
4278 683.56 470.07
4279 -1933.74 -162.217
4280 -1298.4 -385.324
4281 472.51 485.263
4282 1459.81 -349.271
4283 1415.56 359.943
4284 -520 -482.366
4285 316.39 -492.755
4286 55.29 -498.578
4287 1543.67 -327.118
4288 79.36 498.385
4289 -896.12 448.321
4290 1845.8 -214.678
4291 9.91 498.755
4292 -849.15 453.727
4293 -463.02 485.807
4294 -1536.32 -329.17
4295 -439.42 -487.11
4296 403.87 488.937
4297 1914.36 175.359
4298 843.65 -454.337
4299 -1546.35 326.365
4300 1081.94 423.232
4301 -1418.17 359.331
4302 262.68 494.629
4303 -1542.92 -327.329
4304 239.86 -495.318
4305 1642.21 297.205
4306 -1923.34 169.413
4307 1992.57 -112.132
4308 -1353.76 -373.818
4309 -117.98 -497.93
4310 1118.02 -417.617
4311 -92.74 -498.248
4312 -1602.65 309.786
4313 1874.59 199.286
4314 -280.13 -494.059
4315 -282.28 -493.986
4316 725.92 466.277
4317 -1666.33 289.108
4318 -2030.69 -58.7362
4319 -1325.87 -379.718
4320 -447.99 486.645
4321 -670.35 -471.201
4322 531.35 -481.629
4323 -307.65 -493.084
4324 1933.77 -162.196
4325 -241.55 -495.269
4326 -330.88 492.188
4327 -2033.14 -53.457
4328 558.2 -479.819
4329 -1410.18 361.197
4330 -3.42 498.76
4331 362.91 490.844
4332 1862.8 -205.758
4333 1250.24 -394.685
4334 1539.68 -328.235
4335 -1826 -224.525
4336 -235.88 495.432
4337 1635.7 -299.333
4338 1886.02 192.764
4339 -1768.1 -250.581
4340 1399.92 363.564
4341 -1899.49 184.728
4342 743.06 -464.668
4343 1004.79 -434.399
4344 1043.74 428.901
4345 2039.08 -37.6654
4346 185.08 496.714
4347 -295.66 493.52
4348 -1993.13 -111.538
4349 31.23 498.703
4350 1867.82 -203.032
4351 1818.88 -227.937
4352 -2026.28 67.1882
4353 977.35 438.108
4354 1023.75 -431.758
4355 -910.26 -446.623
4356 -1450.92 351.467
4357 360.1 -490.967
4358 -1714.95 271.669
4359 -840.68 454.664
4360 1763.96 252.311
4361 1299.23 -385.157
4362 954.35 441.114
4363 -874.68 -450.832
4364 1411.41 -360.911
4365 -915.25 446.016
4366 -1212.19 -401.684
4367 1965.63 -137.539
4368 -150.77 -497.403
4369 1169.16 409.201
4370 -656.87 -472.329
4371 13.83 -498.749
4372 -1466.06 347.71
4373 769.59 -462.092
4374 1872.22 200.607
4375 1729.7 266.048
4376 337.1 -491.937
4377 495.98 -483.868
4378 784.54 -460.594
4379 252.87 494.933
4380 1875.23 -198.927
4381 814.97 -457.44
4382 -934.95 443.578
4383 1644.96 296.299
4384 406.84 488.79
4385 -614.87 -475.68
4386 -1707.8 -274.335
4387 -476.06 485.057
4388 -1940.21 -157.554
4389 -538.25 -481.173
4390 -1198.84 -404.06
4391 -1025.45 -431.518
4392 -1317.31 -381.486
4393 412.28 -488.519
4394 1229.04 398.626
4395 -1090.98 421.85
4396 -340.88 491.782
4397 -763.4 -462.703
4398 1707.68 -274.379
4399 135.53 -497.664
4400 1876.57 198.174
4401 -883.19 -449.844
4402 -1257.21 -393.365
4403 1848.2 -213.446
4404 809.27 458.042
4405 -12.63 -498.751
4406 1187.98 -405.964
4407 -584.4 477.96
4408 -1068.44 425.268
4409 1054.05 427.399
4410 1120.67 417.194
4411 1099.51 420.53
4412 1233.05 397.889
4413 1883.76 -194.074
4414 1753.55 256.592
4415 -1003.33 434.6
4416 1392.93 -365.157
4417 2013.65 -86.8885
4418 -1297.56 385.492
4419 612.37 475.872
4420 -1967.84 135.646
4421 430.81 487.567
4422 -542.24 -480.907
4423 1575.44 317.98
4424 -1326.19 -379.652
4425 451.06 -486.476
4426 -1512.53 -335.66
4427 1335.96 377.608
4428 1583.78 -315.506
4429 -448.16 -486.636
4430 1007.64 434.006
4431 1623.28 -303.328
4432 -561.76 479.572
4433 -1124.3 -416.613
4434 -1970.12 133.663
4435 -1864.49 -204.845
4436 -820.03 -456.902
4437 24.72 498.724
4438 -961.99 -440.125
4439 -1184.75 406.525
4440 -1174.57 408.278
4441 1479.62 -344.276
4442 582.92 478.067
4443 1761.53 -253.319
4444 194.71 496.495
4445 -252.49 494.944
4446 -1220.75 -400.139
4447 -1549.38 325.509
4448 1208.02 -402.43
4449 -349.26 -491.432
4450 1629.46 -301.351
4451 -311.98 492.922
4452 -343.13 491.689
4453 -221.16 495.835
4454 -1521.5 333.24
4455 -909.84 446.674
4456 881.25 450.071
4457 904.23 447.351
4458 1169.79 -409.094
4459 318.65 -492.668
4460 1742 261.23
4461 -1787.01 -242.47
4462 1177.89 407.709
4463 -1375.45 -369.078
4464 1459.98 349.228
4465 -785.1 460.538
4466 1215.29 401.126
4467 381.63 489.998
4468 -925.3 444.78
4469 -619.33 475.336
4470 -1220.94 400.104
4471 -715.74 467.212
4472 -583.34 478.037
4473 834.16 -455.378
4474 -1185.74 406.353
4475 687.8 -469.702
4476 -165.32 -497.128
4477 839.03 -454.845
4478 1069.35 425.132
4479 -592.77 477.346
4480 -1230.08 398.435
4481 522.72 -482.191
4482 -254.18 494.893
4483 767.6 462.289
4484 1711.64 -272.908
4485 -1991.31 113.455
4486 -1044.94 -428.727
4487 80.31 -498.376
4488 1.66 -498.761
4489 507.25 483.173
4490 -770.75 -461.977
4491 490.16 484.221
4492 -880 -450.216
4493 1646.63 295.747
4494 -1549.03 -325.608
4495 -3.15 498.76
4496 -1882.1 -195.03
4497 -1696.67 -278.413
4498 400.96 -489.079
4499 1290.83 -386.834
4500 -897.6 -448.144
4501 -1014.67 433.031
4502 640.35 -473.676
4503 -930.45 -444.141
4504 675.11 -470.796
4505 -1959.12 142.958
4506 809.78 -457.988
4507 581.36 -478.18
4508 967.93 439.35
4509 994.83 -435.761
4510 109.85 498.041
4511 115.56 497.964
4512 -389.69 -489.621
4513 -1186.43 -406.233
4514 656.89 -472.327
4515 1984.21 120.628
4516 -1027.7 -431.199
4517 -303.81 -493.226
4518 -1936.84 -160.002
4519 -1267.98 -391.304
4520 -275.97 494.198
4521 1775.57 -247.419
4522 -1023.95 -431.729
4523 -1517.6 334.296
4524 -1714.17 271.961
4525 1691.16 280.4
4526 -879.25 -450.303
4527 588.03 -477.695
4528 1615.14 305.902
4529 1172.56 -408.622
4530 -2022.64 73.4234
4531 974.97 438.423
4532 515.73 482.638
4533 712.8 -467.48
4534 -1597.56 -311.346
4535 83.69 -498.343
4536 -746.78 -464.313
4537 -1207.63 -402.5
4538 -576.08 478.56
4539 -1864.05 -205.083
4540 -833.41 455.46
4541 210.48 496.112
4542 -1009.85 -433.701
4543 -1577.21 317.458
4544 -482.49 -484.679
4545 999.07 435.183
4546 1349.69 -374.693
4547 518.06 -482.49
4548 1424.44 357.853
4549 772.72 461.781
4550 403.35 -488.962
4551 19.8 498.737
4552 -825.17 -456.351
4553 -1799.39 -236.961
4554 372.05 -490.436
4555 -1772.84 -248.581
4556 988.43 436.626
4557 369.58 -490.548
4558 1975.84 128.542
4559 -391.29 489.545
4560 1203.04 403.317
4561 874.21 -450.887
4562 1278.8 -389.203
4563 316.04 -492.768
4564 1315.22 381.915
4565 1785.88 -242.965
4566 -94.27 498.231
4567 176.12 -496.908
4568 622.57 475.084
4569 -2009.69 92.1814
4570 1541.04 327.855
4571 -1521.56 333.224
4572 690.19 -469.494
4573 955.82 -440.924
4574 -1279.17 389.131
4575 98.72 -498.179
4576 1929.06 -165.499
4577 -1415.39 359.983
4578 220.72 495.847
4579 -1567.57 320.286
4580 -1814.08 -230.202
4581 218.65 495.902
4582 -1788.1 241.992
4583 1788.07 -242.005
4584 2017.95 -80.7362
4585 -1704.82 -275.435
4586 -1722.48 268.82
4587 -442.86 -486.924
4588 1178.59 407.589
4589 -345.98 491.57
4590 1279.34 389.098
4591 1666.19 289.156
4592 1235.77 -397.386
4593 -1266.88 -391.515
4594 1503.07 338.179
4595 1788.03 -242.023
4596 1291.15 386.77
4597 1578.21 317.162
4598 781.32 460.92
4599 -95.52 -498.216
4600 -385.53 489.817
4601 1148.39 412.685
4602 -1861.64 -206.381
4603 -26.5 498.719
4604 -1259.27 -392.973
4605 134.63 -497.679
4606 -1165.84 409.764
4607 1294.93 386.018
4608 -792.32 459.801
4609 -1922.73 -169.824
4610 -121.71 497.877
4611 -1291.34 386.732
4612 1888.82 -191.126
4613 759.2 463.114
4614 1162.06 -410.403
4615 454.88 -486.265
4616 1813.98 230.249
4617 -1974.79 -129.498
4618 -1706.74 274.727
4619 716.88 467.108
4620 250.22 495.013
4621 -114.58 -497.977
4622 831.18 455.702
4623 1591.77 -313.105
4624 1619.24 -304.61
4625 1271.69 390.587
4626 865.63 -451.87
4627 -1119.71 -417.347
4628 -995.67 435.647
4629 -702.34 -468.421
4630 335.24 -492.013
4631 1178.92 407.532
4632 866.26 -451.799
4633 686.39 469.825
4634 93.34 -498.241
4635 1817.89 228.407
4636 -435.14 487.338
4637 -626.45 474.781
4638 497.77 -483.759
4639 -1986.39 118.475
4640 310.55 -492.976
4641 1723.94 -268.262
4642 -813.41 457.605
4643 939.3 443.031
4644 -1389.28 365.983
4645 -136.43 497.65
4646 1151.16 412.226
4647 -115.42 497.966
4648 -1048.01 428.281
4649 -995.18 -435.713
4650 673.79 -470.909
4651 -1805.58 234.143
4652 -989.6 436.469
4653 1427.59 357.105
4654 -1768.27 -250.51
4655 441.92 -486.975
4656 191.73 496.564
4657 -984.3 437.181
4658 177.88 496.87
4659 -1957.1 -144.594
4660 -1791.33 -240.566
4661 -15.81 498.746
4662 752.49 463.765
4663 1352.1 374.175
4664 -1928.55 -165.852
4665 -531.16 481.642
4666 -449.35 486.57
4667 -1545.77 -326.528
4668 358.86 491.021
4669 -1474.39 -345.608
4670 174.25 496.947
4671 857 452.848
4672 586.07 -477.838
4673 -747.36 464.258
4674 1707.68 274.379
4675 768.3 462.22
4676 -1581.17 316.284
4677 -636.95 -473.949
4678 -1566.58 320.574
4679 -1330.06 378.845
4680 -350.09 -491.397
4681 1344.45 375.812
4682 2030.7 58.7156
4683 781.96 460.855
4684 -1069.81 -425.063
4685 -574.53 -478.671
4686 637.05 -473.941
4687 -1449.11 -351.911
4688 -1951 149.418
4689 -276.58 -494.178
4690 1325.98 379.695
4691 1903.5 182.256
4692 -307.49 -493.09
4693 -479.4 484.861
4694 1154.84 411.613
4695 1073.4 424.524
4696 1911.19 -177.404
4697 928.6 -444.371
4698 1142.9 413.591
4699 -296.48 -493.491
4700 436.2 -487.282
4701 -18.85 498.74
4702 1945.44 153.67
4703 97.54 -498.193
4704 -1926.99 166.927
4705 392.98 489.464
4706 1823.34 225.808
4707 768.17 -462.233
4708 1706.51 -274.812
4709 1217.87 400.66
4710 1531.36 -330.542
4711 1525.54 332.14
4712 -1399.89 -363.57
4713 242.06 495.254
4714 305.52 493.163
4715 43.6 -498.647
4716 -30.81 498.704
4717 1803.24 -235.214
4718 -677.99 -470.55
4719 -1222.54 -399.813
4720 1996.02 -108.42
4721 -808.87 458.084
4722 1036.12 -429.999
4723 368.75 490.585
4724 -1902.65 182.783
4725 1559.68 -322.569
4726 413.24 -488.471
4727 374.51 490.325
4728 328.09 492.3
4729 271.91 494.332
4730 1074.93 -424.294
4731 2028.37 -63.3257
4732 1107.08 419.347
4733 256.49 -494.822
4734 -1045.65 -428.624
4735 168.58 497.063
4736 1207.21 -402.575
4737 751.92 -463.82
4738 -1614.87 305.987
4739 -842.08 454.51
4740 1695.42 278.866
4741 1045.75 428.61
4742 418.62 -488.198
4743 641.43 -473.589
4744 1956.24 -145.285
4745 580.55 478.239
4746 -73.49 -498.439
4747 -1364.88 371.405
4748 -1270.93 -390.734
4749 796.17 459.406
4750 264.1 -494.584
4751 -525.77 481.994
4752 -346.04 -491.568
4753 -761.03 462.935
4754 667.96 -471.403
4755 824.51 -456.422
4756 746.35 -464.354
4757 274.23 -494.256
4758 -355.14 -491.182
4759 -744.67 -464.515
4760 -1142.26 413.696
