%%index real_part   imaginary_part
2442 2442 2442
1 84.71 -241.569
2 45.7 -242.337
3 -637.45 -170.874
4 -111.32 -240.779
5 559.71 189.726
6 574.17 -186.543
7 524.12 -197.012
8 762.75 127.993
9 -429.57 -213.074
10 -329.01 -225.771
11 -779.44 -120.425
12 -611.1 177.767
13 -598.74 180.813
14 -105.58 -240.968
15 -232.95 -234.341
16 490.17 -203.296
17 -348.86 223.584
18 -417.4 -214.833
19 411.42 -215.674
20 245.15 -233.43
21 396.13 217.755
22 318.2 -226.9
23 38.64 -242.426
24 -759.61 129.35
25 800.73 -109.749
26 396.91 -217.651
27 -521.89 197.444
28 379.89 -219.859
29 397.15 -217.619
30 294.06 -229.267
31 396.76 -217.671
32 133.45 239.956
33 687.36 156.103
34 661.41 164.087
35 647.94 167.967
36 309.65 227.762
37 461.23 208.183
38 -489.27 -203.454
39 259.5 -232.294
40 682.54 157.64
41 293.37 -229.331
42 527.92 196.269
43 684.32 -157.075
44 -223.77 -234.994
45 389.38 218.643
46 -757.61 -130.204
47 -24.62 -242.56
48 333.27 -225.314
49 547.46 -192.319
50 181.61 237.635
51 858.9 70.6602
52 43.93 242.361
53 -89.42 -241.445
54 618.04 -176.006
55 354.87 -222.892
56 581.68 -184.836
57 557.84 -190.128
58 805.23 -107.317
59 -631.31 172.531
60 -192.68 236.997
61 23.93 -242.565
62 -521.81 -197.459
63 25.75 -242.551
64 360.64 222.214
65 -634.4 -171.701
66 -357.43 222.593
67 -320.42 -226.672
68 -744.07 -135.788
69 -804.69 -107.612
70 761.77 -128.419
71 -400.84 -217.125
72 -255.79 -232.595
73 198.04 236.674
74 671.4 -161.096
75 -586.66 183.683
76 -92.68 241.355
77 428.1 -213.29
78 720.55 144.757
79 -406.27 216.386
80 -32.73 -242.49
81 -22.03 242.578
82 576.6 185.995
83 602.83 179.818
84 -671.18 -161.163
85 262.16 232.076
86 -452.21 -209.624
87 -685.46 156.712
88 -622.76 174.786
89 653.36 -166.426
90 511.56 -199.409
91 390.05 -218.555
92 -312.74 227.454
93 -801.43 109.375
94 568.92 -187.715
95 632.31 -172.263
96 -72.51 -241.859
97 -143.95 239.512
98 270.04 -231.415
99 538.35 194.189
100 856.58 72.6883
101 192.49 237.009
102 84.44 -241.576
103 547.68 -192.274
104 -467.29 207.194
105 274.14 231.063
106 795.4 -112.544
107 329.74 -225.693
108 -442.77 211.091
109 301.56 -228.554
110 -71.85 241.873
111 267.4 -231.639
112 -13.24 242.625
113 -126.47 -240.232
114 553.43 -191.067
115 -827.78 93.9522
116 -795.71 -112.384
117 -12.42 242.628
118 -300.89 228.618
119 -489.86 203.35
120 -816.72 100.775
121 655.52 165.805
122 396.28 -217.735
123 -832.79 -90.6604
124 -731.94 -140.521
125 -6.16 -242.645
126 425.28 -213.701
127 267.8 -231.605
128 -815.19 -101.676
129 -543.47 193.144
130 887.99 -35.7895
131 -14.32 242.62
132 149.48 239.264
133 480.88 204.91
134 2.73 -242.65
135 -79.29 241.703
136 -328.23 225.854
137 -888.44 -34.9642
138 -295.67 -229.115
139 -370.71 -221
140 277.6 -230.761
141 -809.74 -104.809
142 440.54 211.431
143 -80.21 -241.681
144 95.75 -241.267
145 624.61 174.303
146 460.05 208.374
147 -878.81 -49.6552
148 -515.28 -198.708
149 151.36 -239.178
150 517.44 198.298
151 -395.7 217.812
152 -441.65 -211.262
153 635.62 -171.371
154 672.85 -160.654
155 -628.81 -173.197
156 509.64 -199.768
157 -84.14 241.583
158 -757.62 -130.2
159 238.31 233.947
160 382.63 -219.511
161 765.59 126.749
162 -745.03 -135.403
163 -229.9 234.561
164 -182.11 237.607
165 604.39 179.435
166 438.5 -211.741
167 -12.66 242.627
168 696.35 153.164
169 510.18 199.667
170 -305.89 228.133
171 361.08 222.162
172 -829 93.1632
173 -356.18 -222.739
174 160.35 238.75
175 337.24 224.882
176 -854.97 74.0599
177 620.11 -175.473
178 -511.46 -199.428
179 387.81 218.846
180 641.04 -169.89
181 -651.05 167.086
182 -397.57 217.563
183 81.74 -241.643
184 -339.15 -224.672
185 289.18 229.72
186 -801.15 -109.525
187 109.64 -240.835
188 -573.82 -186.622
189 -500.84 -201.387
190 -128.99 240.134
191 -497.37 202.014
192 402.13 -216.95
193 -107.25 240.914
194 323.65 226.336
195 576.96 185.913
196 334.04 225.231
197 273.92 -231.082
198 649.76 167.453
199 363.9 -221.826
200 -823.52 -96.6481
201 781.02 119.675
202 181.52 237.64
203 510.48 199.611
204 -330.09 225.656
205 522.25 -197.374
206 -702.62 -151.058
207 653.73 166.32
208 514.64 -198.829
209 380.86 219.736
210 399.66 217.283
211 -796.11 -112.177
212 427.26 213.413
213 -587.67 183.447
214 -702.59 151.068
215 214.17 235.646
216 -789.61 -115.484
217 -298.55 -228.842
218 644.6 -168.903
219 191.63 237.059
220 -337.47 -224.857
221 73.57 -241.835
222 -378.34 -220.054
223 756.9 -130.506
224 -3.54 242.649
225 -235.9 234.125
226 236.92 234.05
227 -581.16 184.955
228 -229.57 234.585
229 -247.86 233.221
230 583.96 184.31
231 26.88 242.542
232 -735.66 -139.095
233 -857.29 -72.0743
234 -486.3 203.973
235 609.24 -178.233
236 -435.39 212.209
237 -426.85 -213.473
238 340.34 -224.541
239 -274.52 231.03
240 -369.74 221.119
241 609.67 -178.125
242 652.91 166.555
243 270.23 231.399
244 530.34 -195.792
245 341.81 224.378
246 815.82 -101.306
247 291.48 -229.507
248 204.85 236.251
249 -544.06 193.023
250 603.72 -179.599
251 -64.81 -242.018
252 -794.9 112.802
253 65.36 242.007
254 427.07 -213.44
255 330.1 225.655
256 10.34 -242.635
257 601.69 180.096
258 234.82 234.205
259 692.78 -154.342
260 -13.46 242.624
261 -574.8 -186.402
262 -609.69 178.12
263 853.76 -75.0726
264 851.35 77.0459
265 191.75 -237.052
266 -621.7 175.061
267 -782.59 118.923
268 444.78 210.782
269 605.09 -179.262
270 881.55 45.9707
271 330.93 225.566
272 219.38 235.296
273 -783.83 -118.325
274 260 232.253
275 -556.26 190.466
276 -220.4 -235.226
277 -724.73 -143.225
278 391.26 218.397
279 -737.81 -138.261
280 98.47 -241.187
281 -214.46 235.627
282 429.03 -213.153
283 -705.15 -150.195
284 627.14 -173.638
285 -862.58 67.3062
286 428.61 -213.215
287 473.07 -206.233
288 460.12 -208.363
289 -208.63 -236.009
290 -411.36 -215.683
291 425.28 213.701
292 -825.2 95.5957
293 -10.82 -242.634
294 -629.91 172.904
295 -186.33 237.368
296 665.82 162.779
297 -480.11 205.042
298 -411.78 -215.624
299 -489.65 -203.387
300 837.75 87.2586
301 784.16 118.166
302 243.84 -233.53
303 -333.16 225.326
304 -41.95 -242.386
305 -527.19 -196.413
306 135.19 -239.885
307 -399.29 -217.333
308 74.77 -241.808
309 865.86 -64.1561
310 -403.39 -216.779
311 579.82 -185.262
312 -712.61 147.6
313 -158.34 238.848
314 -694.58 153.75
315 -82.04 241.636
316 -496.25 202.215
317 -396.37 217.723
318 14.94 -242.618
319 52.6 242.234
320 717.96 145.694
321 868.89 -61.0905
322 690.16 155.197
323 350.46 -223.401
324 -341.66 224.394
325 156.14 238.953
326 -877.23 51.6557
327 -304.29 -228.289
328 230.4 234.525
329 891.89 -27.8179
330 -503.36 200.927
331 383.6 -219.388
332 -419.75 214.499
333 855.66 -73.4755
334 711.52 -147.984
335 -445.23 210.712
336 649.06 167.651
337 80.14 -241.683
338 275.27 230.965
339 -652.75 -166.601
340 284.41 230.154
341 -470.65 -206.638
342 -237.79 233.986
343 298.44 -228.853
344 -154.45 -239.034
345 -500.39 -201.469
346 761.83 128.393
347 297.48 -228.944
348 881.75 45.6897
349 -495.05 202.43
350 -568.02 187.914
351 -681.09 158.097
352 -149.65 239.257
353 801.39 -109.396
354 -295.75 -229.108
355 -768.39 125.505
356 -821.96 97.6134
357 -196.17 -236.788
358 -813.86 -102.451
359 630.39 -172.777
360 -362.19 -222.03
361 -272.11 -231.238
362 87.26 -241.502
363 467.89 -207.095
364 475.67 -205.796
365 -822.11 -97.521
366 639.48 -170.319
367 -336.3 -224.985
368 -233.22 -234.321
369 -365 -221.694
370 -71.4 -241.883
371 -293.32 229.336
372 -188.44 -237.246
373 891.53 -28.6485
374 250.54 233.012
375 -454.44 209.271
376 -209.61 -235.945
377 -758.91 129.65
378 365.29 221.659
379 391.53 -218.362
380 195.16 236.849
381 584.7 184.139
382 -447.25 -210.4
383 -413.48 -215.386
384 147.25 239.365
385 -425.35 213.691
386 222.16 235.105
387 -359.62 -222.335
388 617.95 -176.029
389 -673.48 160.461
390 -740.63 -137.155
391 -44.07 242.359
392 890.41 31.0889
393 675.92 -159.71
394 349.51 223.509
395 -146.33 239.407
396 232 -234.41
397 349 -223.568
398 177.14 -237.881
399 190.14 -237.147
400 -512.49 -199.234
401 -799.61 -110.344
402 -207.3 236.094
403 61.51 -242.081
404 -356.76 -222.671
405 30.62 -242.51
406 -194.02 236.917
407 159.55 238.789
408 270.16 -231.405
409 891.13 29.5436
410 620 175.501
411 -548.9 192.019
412 -846.58 -80.794
413 166.28 -238.453
414 715.46 146.59
415 431.41 212.802
416 395.95 -217.779
417 174.76 -238.01
418 -367.97 221.335
419 -456.01 209.022
420 696.38 -153.154
421 35.72 -242.459
422 -312.09 227.519
423 621.88 -175.015
424 87.54 241.495
425 852.55 76.0705
426 -612.77 -177.346
427 -256.66 232.525
428 -614.26 -176.97
429 725.18 -143.058
430 -363.59 221.863
431 282.5 230.326
432 384.51 219.271
433 -876.9 -52.0633
434 27.17 242.54
435 -467.12 -207.222
436 -673.88 -160.338
437 -360.42 222.24
438 167.32 -238.4
439 605.25 179.223
440 771.34 124.176
441 388.57 218.748
442 -246.36 233.337
443 534.8 -194.904
444 523.17 -197.196
445 510.96 -199.521
446 448.52 210.202
447 75.32 241.796
448 -47.15 -242.316
449 -491.47 203.066
450 310.78 -227.65
451 -201.47 -236.463
452 23.81 242.566
453 -505.84 -200.472
454 -300 228.704
455 150.29 -239.227
456 493.3 202.742
457 -147.79 -239.341
458 267.41 -231.638
459 -153.45 -239.081
460 290.56 -229.592
461 866.88 -63.1419
462 130.4 240.078
463 -500.12 -201.518
464 -818.43 99.7564
465 40.04 242.41
466 842.03 -84.1956
467 -134.83 -239.899
468 -488.83 -203.531
469 758.37 -129.881
470 892.22 27.0339
471 764.71 127.136
472 -523.88 -197.059
473 0.12 242.651
474 625.22 174.143
475 471.88 -206.433
476 -51.03 -242.259
477 51.72 242.248
478 549.24 191.948
479 -37.27 242.442
480 -560.75 -189.502
481 -876.96 -51.9895
482 290.38 229.609
483 859.33 -70.2773
484 -639.17 170.404
485 -826.88 -94.5294
486 -675.74 159.765
487 503.61 -200.882
488 -633.71 171.887
489 260.99 -232.172
490 -851.85 -76.6411
491 -727.41 142.229
492 -514.02 198.946
493 582.59 184.627
494 295.72 229.111
495 -55.86 -242.181
496 800.04 -110.116
497 -679.29 -158.662
498 -68.95 -241.935
499 354.84 -222.895
500 741.84 136.676
501 809.2 105.113
502 840.58 85.2474
503 -46.89 242.32
504 878.72 -49.7714
505 613.81 177.084
506 621.02 175.238
507 294.9 229.188
508 -824.68 -95.9229
509 -68.59 241.942
510 98.43 241.188
511 -337.4 -224.865
512 349.51 -223.509
513 -841.09 -84.8792
514 -702.03 -151.259
515 -330.96 -225.563
516 -138.79 239.734
517 801.27 -109.46
518 -130.99 240.055
519 -555.65 190.596
520 -126.28 240.239
521 591.72 182.493
522 885.38 40.2366
523 864.78 -65.2114
524 -456.04 -209.017
525 -851.87 76.6249
526 -554.63 190.813
527 364.36 221.77
528 63.34 242.047
529 -858.05 -71.4106
530 412.31 215.55
531 364.96 221.698
532 -212.23 -235.774
533 554.19 190.906
534 540.71 193.709
535 394.03 218.033
536 -727.95 142.027
537 -128.96 -240.135
538 510.51 199.605
539 422.23 214.143
540 413.74 215.35
541 -583.47 -184.423
542 852.85 75.8244
543 433.87 212.436
544 408.12 216.132
545 -580.64 185.075
546 625.88 173.97
547 -682.64 -157.608
548 -895.7 -16.6235
549 499.03 -201.715
550 48.28 242.3
551 -150.76 -239.206
552 20.16 -242.59
553 -366.39 -221.526
554 676.2 -159.623
555 -92.66 241.355
556 364.63 -221.738
557 -733.77 -139.822
558 -10.95 242.633
559 -709.99 148.52
560 -581.96 -184.772
561 39.16 242.42
562 584.07 -184.285
563 -634.91 171.563
564 -89.38 -241.446
565 -385.18 -219.185
566 122.33 -240.388
567 -509.81 199.736
568 -539.05 194.047
569 304.59 228.26
570 -885.13 -40.6364
571 -3.41 -242.649
572 36.88 -242.446
573 -525.44 196.755
574 765.43 -126.819
575 748.99 -133.798
576 816.25 -101.053
577 -39.59 242.415
578 479.69 205.113
579 -341.24 -224.441
580 -363.78 -221.84
581 -595.58 -181.574
582 -530.91 -195.679
583 846.41 80.924
584 -354.98 222.879
585 -629.82 -172.928
586 -450.61 -209.875
587 838.47 -86.752
588 -76.68 -241.765
589 210.71 235.874
590 156.53 -238.935
591 -496.09 202.244
592 -852.6 76.0295
593 -16.11 -242.612
594 -656.05 165.652
595 170.79 -238.22
596 83.04 241.611
597 515.11 198.74
598 423.33 213.984
599 587.26 183.543
600 -414.5 215.243
601 -133.68 239.946
602 164.16 -238.56
603 367.39 -221.405
604 371.79 -220.868
605 -45.78 242.336
606 378.88 -219.986
607 -152.79 -239.112
608 128.67 -240.146
609 -305.14 228.207
610 848.01 -79.6911
611 -86.51 241.522
612 -234.79 234.207
613 -445.7 210.64
614 12.17 242.629
615 426.69 -213.496
616 -525.08 196.825
617 -101.46 -241.097
618 -891.3 -29.1666
619 -280.26 230.526
620 -513.58 199.029
621 -610.24 -177.983
622 -409.86 -215.891
623 108.55 240.871
624 -859.92 69.7482
625 629.01 173.144
626 483.62 204.438
627 90.8 -241.407
628 862.67 67.2219
629 531.53 195.556
630 -406.21 -216.394
631 -660.68 164.302
632 -115.64 240.63
633 -729.25 141.539
634 177.89 -237.84
635 -867.86 -62.1508
636 153.93 239.058
637 -208.98 235.986
638 529.31 195.996
639 -587.1 183.58
640 446.97 -210.443
641 59.91 242.11
642 233.99 -234.265
643 -722.95 -143.881
644 419 -214.606
645 471.82 206.443
646 411.09 215.72
647 345.94 223.915
648 -377.81 220.12
649 741.51 136.807
650 -404.35 216.649
651 -536.36 194.591
652 194.31 236.9
653 685.05 156.842
654 563.64 -188.875
655 689.99 155.253
656 -380.15 219.826
657 -774.2 -122.869
658 649.98 -167.39
659 -629.63 172.979
660 172.23 238.145
661 -99.96 -241.143
662 1.03 242.651
663 -647.57 168.071
664 318.32 226.888
665 88.18 241.478
666 -824.98 95.7343
667 -888.66 -34.5534
668 -728.71 141.742
669 458.48 208.627
670 -184.01 -237.5
671 833.32 90.304
672 672.29 160.825
673 -175.44 237.973
674 -722.17 144.166
675 521.53 -197.513
676 -45.31 242.342
677 -601.61 180.116
678 -326.4 226.048
679 -13.43 -242.624
680 469.29 206.863
681 63.8 -242.038
682 -230.31 -234.532
683 -266.14 231.745
684 440.36 -211.459
685 -595.05 -181.701
686 -588.27 -183.306
687 -78.61 241.719
688 561.82 -189.27
689 -412.82 -215.479
690 742.27 -136.506
691 -168.93 238.317
692 -105.69 240.964
693 -137.63 -239.783
694 -15.31 242.616
695 -57.03 242.161
696 -591.5 -182.545
697 -409.16 -215.988
698 639.19 170.398
699 216.29 -235.505
700 736.46 138.785
701 589.7 182.97
702 -193.36 236.957
703 -635.69 -171.352
704 -779.15 -120.562
705 -448.91 -210.141
706 166.49 238.443
707 698.75 -152.364
708 -372.27 -220.809
709 891.46 28.8072
710 -475.76 -205.781
711 731.95 -140.517
712 -586.32 183.762
713 750.2 133.301
714 592.72 182.256
715 554.24 190.896
716 -573.32 186.734
717 100.69 -241.12
718 -833.53 -90.1623
719 -402.13 216.95
720 772.77 -123.525
721 -718.28 145.579
722 -167.06 -238.413
723 362.31 222.016
724 785.19 -117.665
725 -313.46 -227.381
726 -622.72 174.796
727 510.46 199.615
728 145.3 -239.452
729 647.46 -168.102
730 198.72 -236.633
731 673.04 160.596
732 -209.64 -235.943
733 -795.87 -112.301
734 376.42 -220.294
735 -867.95 -62.0589
736 -684.83 156.913
737 474.58 -205.98
738 -38.96 242.423
739 -647.21 168.173
740 -83.84 -241.591
741 -618.6 175.862
742 51.9 -242.245
743 348.11 -223.669
744 -463.4 -207.831
745 -334.02 -225.233
746 -273.68 -231.103
747 -439.73 211.554
748 -451.82 -209.685
749 -71.02 241.891
750 596.47 -181.36
751 109.91 240.826
752 -226.63 234.793
753 -41.22 242.395
754 -331.96 -225.455
755 -571.07 -187.237
756 -831.47 91.5412
757 -422.93 -214.042
758 -752.9 132.185
759 -172.66 -238.122
760 467.19 -207.21
761 -41.2 242.396
762 705.24 150.164
763 -634.42 -171.696
764 865.12 -64.8812
765 -220.29 -235.234
766 -224.33 -234.955
767 249.12 233.123
768 528.7 -196.116
769 -445.54 210.664
770 887.38 36.8781
771 144.04 -239.508
772 -868.63 61.36
773 662.58 -163.742
774 -289.93 229.651
775 -38.65 242.426
776 -242.75 -233.613
777 -519.43 197.917
778 170.88 -238.216
779 786.45 117.049
780 -227.18 -234.754
781 883.53 43.1048
782 830.9 -91.9184
783 -120.45 240.458
784 -346.89 223.807
785 -48.17 -242.302
786 35.87 -242.457
787 244.46 -233.483
788 -440.37 -211.457
789 -720.03 -144.946
790 -359.07 222.4
791 -546.25 192.571
792 -841.7 -84.4363
793 -397.19 217.614
794 87.63 241.493
795 -121.67 -240.413
796 -479.07 -205.219
797 311.7 227.558
798 525.17 -196.808
799 751.15 -132.91
800 122.23 -240.392
801 -838.74 -86.5611
802 -178.26 -237.82
803 -562.9 -189.036
804 861.23 -68.5573
805 50.21 242.271
806 203.02 236.366
807 665.39 -162.908
808 403.26 -216.797
809 244 233.518
810 317.55 226.966
811 194.62 -236.881
812 -758.72 129.731
813 -149.74 -239.252
814 -763.18 -127.806
815 -14.39 242.62
816 226.58 -234.797
817 -298.09 -228.886
818 297.94 228.9
819 185.45 -237.418
820 -264.68 231.867
821 -894.7 -20.1773
822 -827.74 93.978
823 -249.02 -233.131
824 -693.24 154.191
825 454.02 209.338
826 -134.08 -239.93
827 -868.94 61.0385
828 -103.87 -241.022
829 573.99 186.584
830 -820.47 -98.5248
831 725.03 143.114
832 294.48 -229.227
833 -779.5 120.397
834 -292.5 -229.412
835 -175.75 -237.957
836 238.93 233.901
837 -509.61 -199.773
838 515.65 198.638
839 3.83 242.649
840 -115.13 240.648
841 751.14 -132.914
842 -71.95 241.871
843 214.31 -235.637
844 -190.43 237.13
845 107.01 -240.921
846 875.43 -53.8401
847 -31.25 242.504
848 -804.08 107.945
849 800.85 109.685
850 -207.02 236.112
851 -184.25 -237.486
852 -730.23 -141.17
853 462.74 -207.938
854 46.75 242.322
855 -656.52 165.516
856 -295.59 229.123
857 892.03 27.4881
858 -623.77 -174.523
859 75.73 241.786
860 478.35 -205.342
861 -617.59 -176.121
862 146.03 -239.42
863 255.14 -232.647
864 -346.37 -223.866
865 536.78 194.506
866 -105.1 240.983
867 -187.27 237.314
868 636.41 171.157
869 -174.17 238.041
870 357.84 -222.545
871 230.1 -234.547
872 61.05 242.09
873 403.67 -216.741
874 575.25 186.3
875 350.26 -223.424
876 -732.7 140.232
877 388.04 -218.817
878 -4 -242.649
879 -209.2 -235.972
880 426.45 213.531
881 446.8 210.469
882 -213.97 235.659
883 42.22 242.383
884 153.78 239.065
885 -835.89 -88.552
886 -535.12 -194.84
887 -444.03 210.897
888 -557.66 -190.167
889 -843.28 83.2768
890 479.61 205.127
891 -185.53 -237.414
892 578.61 -185.539
893 251.4 -232.944
894 -596.55 181.341
895 -166.44 238.445
896 -875.86 -53.3268
897 -795.4 112.544
898 -352.84 -223.127
899 -184.59 237.467
900 -705.32 150.136
901 719.38 145.182
902 -216.36 235.5
903 -394.81 -217.93
904 -761.39 128.584
905 578.39 -185.589
906 196.06 236.795
907 828.12 93.7331
908 -587.58 -183.468
909 -199.99 -236.555
910 531.01 195.66
911 213.08 235.718
912 -830.52 -92.169
913 -146.81 -239.385
914 -895.15 -18.6625
915 538.33 194.193
916 152.74 -239.114
917 754.53 131.504
918 -512.7 199.195
919 -465.92 207.419
920 319.96 226.719
921 -794.93 -112.787
922 522.87 -197.254
923 738.87 -137.847
924 381.36 -219.673
925 -46.87 -242.32
926 558.33 190.023
927 822.14 -97.5026
928 -255.66 232.605
929 108.72 -240.865
930 -149.95 239.243
931 187.66 237.291
932 -44.21 -242.357
933 -832.97 -90.5396
934 -498.24 201.857
935 -457.9 -208.72
936 633.85 -171.849
937 -806.18 106.795
938 -424.97 -213.746
939 799.34 110.486
940 -751.25 -132.869
941 395.72 217.81
942 842.84 83.6015
943 232.12 234.401
944 88.4 241.472
945 650.35 -167.285
946 662.28 163.831
947 757.96 -130.055
948 -313.89 -227.338
949 -323.78 -226.323
950 356.56 -222.695
951 732.18 140.43
952 -692.07 154.575
953 -759.1 -129.569
954 599.69 -180.583
955 -114.16 -240.682
956 727.41 142.229
957 -66.24 -241.99
958 -571.34 -187.177
959 223.32 -235.025
960 268.42 231.553
961 440.61 -211.421
962 -687.04 -156.205
963 395.42 217.849
964 -879.75 -48.4241
965 -603.76 179.59
966 -25.33 -242.555
967 259.35 232.307
968 317.99 226.921
969 -866.74 -63.2821
970 -13.93 242.622
971 304.8 -228.24
972 -581.59 184.857
973 -133.64 -239.948
974 -90.08 -241.427
975 -779.82 120.245
976 643.24 169.282
977 102.09 241.077
978 154.85 -239.015
979 -218.39 235.363
980 -857.01 -72.3171
981 -633.26 172.008
982 -279.32 230.609
983 727.77 142.094
984 46.69 -242.323
985 870.29 -59.6171
986 381.2 219.693
987 -444.36 -210.846
988 -469.51 -206.827
989 -130.99 -240.055
990 308.59 -227.867
991 854.77 74.2284
992 656.65 165.478
993 -817.22 100.478
994 418.93 214.616
995 -582.05 184.751
996 -772.8 -123.511
997 600.54 180.376
998 84.1 241.584
999 678.98 158.759
1000 144.96 -239.467
1001 49.43 -242.283
1002 697.2 152.882
1003 -875.85 -53.3388
1004 303.04 228.411
1005 -862.86 67.0435
1006 644.12 -169.037
1007 771.1 124.285
1008 864.83 65.163
1009 -7.73 -242.642
1010 -868.64 61.3497
1011 -60.1 -242.107
1012 -9.35 242.638
1013 98.71 241.18
1014 -880.5 47.4179
1015 126.36 -240.236
1016 -84.61 -241.571
1017 -239.44 233.863
1018 378.73 220.005
1019 -74.98 241.803
1020 115.64 240.63
1021 -633.86 -171.847
1022 -449.88 -209.99
1023 -460.88 -208.24
1024 346.54 223.847
1025 -350.35 -223.413
1026 813.83 -102.469
1027 715.77 146.479
1028 -240.74 -233.765
1029 129.33 240.12
1030 404.02 -216.694
1031 -553.28 191.099
1032 -626.55 -173.794
1033 -183.49 237.529
1034 -580.98 -184.997
1035 328.07 -225.871
1036 528.12 -196.23
1037 687.73 -155.983
1038 -680.99 -158.129
1039 -300.28 -228.677
1040 866.29 63.7307
1041 381.21 -219.692
1042 -458.61 -208.606
1043 210.83 -235.866
1044 -874.09 -55.4076
1045 637.88 -170.757
1046 525.55 196.734
1047 -446.26 210.553
1048 -158.41 238.844
1049 -762.27 -128.202
1050 -57.79 242.148
1051 676.14 159.642
1052 -79.15 -241.706
1053 -335.24 -225.101
1054 527.24 196.403
1055 585.73 -183.899
1056 620.53 175.364
1057 -373.01 -220.718
1058 77.89 -241.736
1059 -216.44 235.494
1060 -502 201.176
1061 201.08 -236.487
1062 347.98 -223.684
1063 431.72 212.756
1064 876.31 52.784
1065 -52.76 242.232
1066 323.65 226.336
1067 -182.57 237.581
1068 -557.76 -190.145
1069 336.2 224.996
1070 -58.69 -242.132
1071 832.02 91.1754
1072 105.89 -240.958
1073 -613.94 -177.051
1074 291.96 -229.463
1075 -254.54 -232.695
1076 -483.09 -204.53
1077 606.15 179.001
1078 413.5 -215.383
1079 63.53 -242.043
1080 -559.03 -189.873
1081 -163.78 238.58
1082 -34.95 -242.467
1083 -11.17 242.632
1084 -668.19 -162.068
1085 82.75 -241.618
1086 634.59 -171.65
1087 253.23 232.799
1088 -449.18 -210.099
1089 162.81 -238.628
1090 332.11 -225.439
1091 737.51 138.377
1092 -507.65 200.137
1093 -646.98 -168.237
1094 -33.72 -242.48
1095 -441.19 -211.332
1096 -368.66 221.251
1097 380.3 219.807
1098 -2.18 -242.65
1099 -448.55 -210.197
1100 -502.12 -201.154
1101 -46.13 -242.331
1102 328.56 225.819
1103 -798.8 -110.771
1104 -517.32 198.32
1105 -673.07 -160.587
1106 864.09 65.8762
1107 -676.48 -159.536
1108 59.9 -242.111
1109 324.84 -226.212
1110 637.82 -170.773
1111 660.86 -164.249
1112 798.25 111.061
1113 -844.42 82.4287
1114 -154.04 -239.053
1115 -532.83 -195.298
1116 -510.04 199.693
1117 720.26 -144.863
1118 -519.71 -197.864
1119 -598.08 180.973
1120 -221.17 235.173
1121 -858.6 -70.9261
1122 797.39 111.511
1123 -545.2 -192.788
1124 333.02 225.341
1125 -851.06 77.2796
1126 -571.06 -187.239
1127 277.64 230.757
1128 -175.64 237.963
1129 -683.2 -157.431
1130 279.42 -230.6
1131 -779.39 120.449
1132 19.26 -242.595
1133 -778.06 121.075
1134 -507.12 -200.236
1135 204.78 -236.255
1136 303.58 228.359
1137 354.66 -222.916
1138 137.48 239.789
1139 -433.5 -212.491
1140 189.51 -237.184
1141 524.38 -196.961
1142 304.95 228.225
1143 329.47 -225.722
1144 -785.87 117.333
1145 -274.7 -231.014
1146 -466.31 -207.355
1147 -733.21 140.037
1148 -723.2 -143.789
1149 -474.94 205.919
1150 -827.03 94.4334
1151 -447.15 -210.415
1152 -434.4 -212.357
1153 689.17 -155.518
1154 -859.65 -69.9909
1155 622.37 -174.887
1156 -171.92 -238.161
1157 -79.34 -241.702
1158 622.26 174.916
1159 422.84 214.055
1160 -164.27 238.555
1161 366.47 221.516
1162 -14.84 -242.618
1163 -266.13 -231.746
1164 104.41 -241.005
1165 277.31 230.786
1166 92.59 -241.357
1167 -750.83 133.042
1168 -156.2 -238.951
1169 -240.17 -233.808
1170 779.75 -120.278
1171 -170.44 -238.239
1172 -730.62 141.022
1173 -74.23 -241.82
1174 805.76 -107.026
1175 779.55 -120.373
1176 -94.87 -241.293
1177 -771.49 -124.108
1178 851.61 76.8357
1179 -642.47 169.495
1180 -137.96 239.769
1181 -886.67 38.1052
1182 -644.73 -168.867
1183 -87.05 -241.508
1184 -799.8 110.243
1185 -54.62 -242.202
1186 508.38 -200.002
1187 539.01 -194.055
1188 -225.82 -234.85
1189 672.12 160.877
1190 506.74 -200.306
1191 -790.94 -114.817
1192 97.19 -241.225
1193 -58.87 242.129
1194 -701.59 -151.408
1195 -576.27 186.07
1196 -616.7 176.349
1197 -499.5 201.63
1198 -78.48 -241.722
1199 -406.83 -216.309
1200 411.76 215.627
1201 -632.49 172.215
1202 -823.48 96.673
1203 818.36 99.7984
1204 -34.87 242.468
1205 -832.23 91.0353
1206 -883.03 43.8468
1207 522.65 -197.297
1208 -282.05 230.366
1209 -596.87 181.264
1210 -75.07 241.801
1211 -232.63 234.364
1212 402.73 -216.869
1213 -333.1 -225.332
1214 351.3 -223.304
1215 -600.65 -180.35
1216 479.27 -205.185
1217 -14.5 -242.62
1218 -466.9 -207.258
1219 684.24 -157.101
1220 266.21 -231.739
1221 -376.01 -220.345
1222 667.06 162.408
1223 164.1 -238.564
1224 719.99 -144.961
1225 104.79 -240.993
1226 272.8 -231.179
1227 46.73 242.322
1228 166.57 -238.438
1229 54.33 242.206
1230 -116.82 240.588
1231 -349.84 223.472
1232 7.83 -242.642
1233 -876.34 52.7476
1234 -842.22 84.0567
1235 -837.31 87.5666
1236 -621.41 175.137
1237 -596.48 181.358
1238 628.7 173.226
1239 584.13 184.271
1240 819.13 -99.3359
1241 -511.76 199.371
1242 -375.67 220.388
1243 -573.07 186.79
1244 -780.57 -119.889
1245 452.48 -209.581
1246 429.94 -213.019
1247 -535.75 -194.713
1248 543.86 193.064
1249 -264.7 231.865
1250 -623.01 -174.721
1251 -331.51 225.504
1252 -663.21 163.556
1253 491.16 203.121
1254 -460.48 208.305
1255 -153.63 -239.072
1256 812.92 -102.995
1257 20.14 -242.59
1258 337.57 224.846
1259 -553.74 -191.002
1260 -547.52 -192.307
1261 -435.72 212.16
1262 568.18 187.878
1263 -296.24 -229.062
1264 736.74 138.677
1265 -40.91 -242.399
1266 840.04 85.6353
1267 408.05 216.141
1268 478.95 205.24
1269 -543.89 -193.058
1270 114.57 240.667
1271 426.07 213.586
1272 -436.66 -212.018
1273 -522 197.423
1274 -358.15 222.508
1275 -309.72 227.755
1276 -829.17 -93.0526
1277 552.44 -191.276
1278 -255.79 -232.595
1279 -723.59 143.645
1280 -842.5 83.8515
1281 -163.08 -238.615
1282 810.82 104.197
1283 757.94 130.064
1284 736.11 138.921
1285 -308.79 -227.848
1286 767.13 -126.067
1287 233.04 234.334
1288 520.67 197.679
1289 -173.57 -238.073
1290 226.51 234.802
1291 -330.01 -225.664
1292 -263.3 -231.982
1293 -835.08 89.1085
1294 307.05 228.019
1295 -137.51 239.788
1296 126.84 240.217
1297 874.55 54.8748
1298 819.24 99.2696
1299 -199.34 236.595
1300 -455.73 209.066
1301 -149.5 -239.263
1302 -603.7 179.604
1303 -701.52 -151.431
1304 -483.91 -204.388
1305 133.58 -239.95
1306 857.23 72.1264
1307 -793.02 113.764
1308 733.91 139.769
1309 -38.68 -242.426
1310 568.42 187.825
1311 474.64 -205.97
1312 160.93 238.721
1313 -197.57 236.703
1314 29.55 242.52
1315 152.45 -239.127
1316 -875.04 -54.3012
1317 754.48 -131.525
1318 680.3 -158.346
1319 -516.66 198.446
1320 -437.14 211.946
1321 11.75 -242.63
1322 708.02 -149.205
1323 98.24 241.194
1324 -811.49 103.815
1325 704.33 150.475
1326 -154.77 -239.019
1327 -843.12 -83.395
1328 -777.49 121.342
1329 536.59 -194.544
1330 -560.28 189.603
1331 407.27 216.249
1332 -467.59 -207.144
1333 -447.92 -210.296
1334 393.3 -218.129
1335 787.63 -116.468
1336 -211.01 -235.854
1337 177.14 -237.881
1338 166.06 -238.464
1339 -14.69 242.619
1340 -2.22 -242.65
1341 -697.05 -152.932
1342 779.83 -120.24
1343 -652 166.816
1344 -751.63 -132.712
1345 -451.8 209.688
1346 320.91 226.621
1347 818.02 -100.002
1348 663.09 -163.591
1349 -120.45 -240.458
1350 363.23 221.906
1351 275.09 -230.98
1352 108.29 -240.88
1353 -570.83 187.291
1354 863.95 -66.0102
1355 -5.13 242.647
1356 733.22 140.033
1357 -271.46 -231.294
1358 600.47 -180.393
1359 287.79 -229.847
1360 526.48 196.552
1361 804.37 107.787
1362 150.69 239.209
1363 651.57 166.938
1364 63.92 242.035
1365 575.04 -186.347
1366 -522.07 197.409
1367 -116.02 -240.617
1368 -671.53 161.057
1369 801.18 109.509
1370 279.13 230.626
1371 -726.16 142.695
1372 -564.27 188.737
1373 157.33 238.896
1374 157.32 238.897
1375 -2.91 -242.65
1376 -802.37 108.87
1377 -185.61 -237.409
1378 -348.68 -223.604
1379 160.65 238.735
1380 879.48 48.781
1381 -177.41 237.867
1382 604.55 179.395
1383 234.66 234.216
1384 -119.61 -240.488
1385 226.34 -234.814
1386 -319.44 226.773
1387 59.7 242.114
1388 134.53 -239.912
1389 728.42 -141.851
1390 -335.17 -225.108
1391 618.77 -175.818
1392 -349.07 -223.56
1393 -398.3 217.466
1394 280.5 -230.504
1395 -300.12 228.692
1396 -135.18 -239.885
1397 548.27 -192.151
1398 758.4 -129.868
1399 124.13 240.321
1400 -343.63 -224.174
1401 -799.02 -110.655
1402 -6.51 -242.645
1403 -324.35 226.263
1404 772.34 123.721
1405 435.36 -212.214
1406 -629.27 173.074
1407 843.46 83.1435
1408 366.55 -221.507
1409 684.73 -156.945
1410 -405.15 -216.539
1411 -647.81 168.004
1412 693.11 154.234
1413 489.11 203.482
1414 510.98 199.518
1415 -221.86 -235.126
1416 -504.54 -200.711
1417 365.51 -221.632
1418 -104.98 -240.987
1419 -273.43 -231.124
1420 -286.32 -229.981
1421 -478.8 -205.265
1422 332.13 -225.437
1423 676.41 -159.558
1424 -356.44 -222.709
1425 309.2 227.807
1426 -418.84 -214.628
1427 -820.53 98.4883
1428 -509.05 -199.878
1429 2.27 242.65
1430 802.35 -108.881
1431 -321.39 226.571
1432 -495.92 -202.274
1433 19.49 -242.594
1434 529.4 195.978
1435 828.53 -93.4681
1436 -871.21 58.6273
1437 214.26 235.64
1438 -357.6 222.573
1439 -114.31 240.676
1440 409.63 215.923
1441 751.69 132.687
1442 475.33 -205.854
1443 33.14 242.486
1444 395.26 -217.871
1445 -278.65 -230.668
1446 -561.66 189.305
1447 676.37 -159.571
1448 -91.29 241.394
1449 464.87 -207.591
1450 -101.11 -241.107
1451 839.78 -85.8214
1452 -468.69 -206.963
1453 -698 -152.615
1454 410.11 215.856
1455 201.97 236.432
1456 -798.73 -110.808
1457 649.78 -167.447
1458 816.16 -101.106
1459 -428.87 213.177
1460 -211.73 235.807
1461 -486.04 -204.019
1462 -260.22 232.235
1463 686.67 -156.324
1464 471.9 206.429
1465 -801.8 109.177
1466 710.88 -148.208
1467 -894.91 19.4852
1468 -190.1 237.149
1469 91.56 241.386
1470 -57.13 -242.159
1471 15.37 242.616
1472 302.02 228.51
1473 -495.39 202.369
1474 212.66 -235.746
1475 -505.56 200.524
1476 755.73 -131
1477 211.87 -235.798
1478 206.82 236.125
1479 -415.89 215.047
1480 166.43 238.446
1481 40.58 242.403
1482 397.07 -217.63
1483 -632.16 -172.303
1484 546.83 192.45
1485 551.19 -191.54
1486 431.24 212.827
1487 745.2 135.335
1488 -829.87 -92.5956
1489 604.41 -179.43
1490 -497.68 -201.958
1491 721.42 144.44
1492 448.69 -210.176
1493 836.71 87.9845
1494 -121.66 240.413
1495 569.43 187.602
1496 -290.82 -229.568
1497 237.22 234.028
1498 -647.04 168.22
1499 156.89 238.918
1500 411.82 215.618
1501 -812.45 -103.265
1502 61.2 -242.087
1503 13.56 -242.623
1504 -508.42 199.995
1505 204.95 236.244
1506 -505.71 200.496
1507 372.42 -220.79
1508 -257.47 232.459
1509 -127.14 240.206
1510 878.35 -50.2462
1511 -402.49 216.902
1512 -118.17 -240.54
1513 -662.96 163.63
1514 -634.51 -171.671
1515 163.66 238.586
1516 458.09 208.689
1517 -876.58 52.4555
1518 -129.8 240.102
1519 425.66 -213.646
1520 -93.52 -241.331
1521 352.6 223.155
1522 -130.33 240.081
1523 -531.85 -195.493
1524 -424.44 -213.823
1525 -345.69 -223.943
1526 208.56 -236.013
1527 544.38 192.957
1528 -36.88 -242.446
1529 230.09 -234.547
1530 383.9 219.349
1531 253.63 -232.767
1532 -651.73 -166.893
1533 85.91 241.538
1534 -604.25 -179.469
1535 -440.12 -211.495
1536 -279.49 -230.594
1537 -868.6 61.391
1538 545.34 192.759
1539 -704.69 150.352
1540 -817.3 -100.431
1541 864.52 -65.4628
1542 592.34 -182.346
1543 -118.94 240.512
1544 588.3 183.299
1545 840.92 -85.0021
1546 143.47 239.533
1547 748.01 -134.197
1548 424.17 -213.862
1549 -855.21 -73.8572
1550 256.83 -232.511
1551 -276.02 230.899
1552 -849.41 -78.5944
1553 313.33 227.394
1554 -337.14 -224.893
1555 207.75 -236.065
1556 -751.89 -132.604
1557 384.1 -219.324
1558 129.81 -240.101
1559 682.37 -157.694
1560 -718.39 -145.539
1561 -621.75 175.048
1562 646.07 -168.492
1563 130.12 -240.089
1564 713.28 -147.364
1565 549.32 -191.932
1566 559.38 -189.797
1567 782.43 -119
1568 -533.58 -195.148
1569 -358.18 222.505
1570 63.9 242.036
1571 468.04 207.07
1572 881.63 45.8585
1573 518.96 198.007
1574 461.05 -208.212
1575 815.15 101.699
1576 -452.72 -209.543
1577 -173.72 -238.065
1578 -69.66 -241.92
1579 564.7 188.643
1580 -63.57 -242.042
1581 857.61 71.7957
1582 -531.82 195.499
1583 832.61 -90.7811
1584 -519.82 197.842
1585 171.12 238.203
1586 -650.72 -167.18
1587 500.54 201.441
1588 104.69 -240.996
1589 249.44 -233.098
1590 -304.2 -228.298
1591 -90.35 -241.419
1592 886.11 39.0451
1593 -887.06 37.4363
1594 463.85 207.758
1595 -570.26 -187.417
1596 618.08 175.995
1597 750.73 -133.083
1598 197.15 -236.729
1599 147.38 239.359
1600 303.13 -228.402
1601 -71.79 -241.874
1602 -818.41 -99.7684
1603 -77.11 -241.755
1604 817.34 -100.407
1605 -393.18 218.145
1606 -516.77 -198.425
1607 743.83 135.884
1608 -591.58 182.526
1609 -545.63 -192.699
1610 -98.25 -241.194
1611 -866.47 63.5517
1612 600.93 180.282
1613 489.93 203.338
1614 709.59 148.659
1615 882.71 -44.315
1616 -764.46 127.246
1617 765.01 127.004
1618 -71.95 -241.871
1619 102.92 -241.052
1620 275.42 -230.952
1621 -412.6 -215.509
1622 188.85 237.222
1623 -249.75 233.074
1624 825.86 95.1785
1625 -827.56 -94.0937
1626 825.08 95.6713
1627 -780.03 120.146
1628 546.13 -192.596
1629 561.04 189.439
1630 315.66 -227.159
1631 -769.58 124.971
1632 -200.59 -236.517
1633 148.65 -239.302
1634 866.3 63.7207
1635 -304.45 -228.274
1636 -650.26 -167.311
1637 626.5 -173.807
1638 561.03 189.441
1639 804.9 -107.497
1640 -590.77 182.718
1641 -432.85 -212.588
1642 125.16 -240.282
1643 684.57 -156.996
1644 150.54 -239.216
1645 129.65 -240.108
1646 848.11 79.6133
1647 619.91 -175.525
1648 -450.56 -209.883
1649 171.49 238.184
1650 126.13 240.245
1651 830.41 -92.2413
1652 5.92 242.646
1653 -773.04 123.402
1654 -34.01 242.477
1655 -408.7 216.052
1656 -274.18 231.059
1657 696.03 153.271
1658 419.77 -214.496
1659 713.08 -147.434
1660 -102.48 -241.065
1661 -41.13 -242.396
1662 -642.12 -169.592
1663 312.04 227.524
1664 -337.05 224.903
1665 686.43 156.401
1666 -111.16 -240.784
1667 -639.51 -170.311
1668 622.95 174.737
1669 -687.56 -156.038
1670 -500.73 201.407
1671 653.21 166.469
1672 264.89 231.85
1673 598.44 -180.886
1674 -63.38 -242.046
1675 -188.3 237.254
1676 446.34 -210.541
1677 548.1 -192.186
1678 41.04 -242.398
1679 -688.66 -155.683
1680 452.48 -209.581
1681 -355.63 -222.803
1682 -572.03 -187.023
1683 451.1 209.798
1684 765.89 -126.616
1685 -237.43 234.012
1686 827.9 93.8749
1687 360.99 -222.173
1688 429.72 213.052
1689 -797.39 -111.511
1690 -142.54 -239.574
1691 -186.2 -237.375
1692 -488.46 -203.596
1693 -618.99 -175.762
1694 889.83 -32.2791
1695 741.01 -137.005
1696 443 211.055
1697 -106.95 240.923
1698 -131.84 -240.021
1699 -68.18 -241.95
1700 -363 221.933
1701 -620.02 175.496
1702 179.48 -237.753
1703 859.74 69.9101
1704 808.75 105.366
1705 89.89 241.432
1706 269.48 -231.463
1707 -656.34 -165.568
1708 485.6 204.095
1709 -695.3 153.512
1710 -180.09 -237.719
1711 -289.43 -229.697
1712 722.48 144.053
1713 738.3 138.069
1714 -547.45 192.322
1715 499.87 201.563
1716 -832.96 -90.5463
1717 -580.63 185.077
1718 -584.88 184.097
1719 -137.92 -239.771
1720 518.17 -198.158
1721 730.63 141.018
1722 545.54 -192.718
1723 210.83 235.866
1724 -826.54 -94.7463
1725 350.95 -223.345
1726 662.6 163.736
1727 891.5 28.7166
1728 7.09 242.644
1729 -175.71 -237.959
1730 -809.06 -105.192
1731 716.65 -146.165
1732 -518.51 198.093
1733 -634.62 -171.642
1734 -130.72 240.065
1735 -712.55 147.622
1736 -19.52 -242.594
1737 115.1 -240.649
1738 102.13 -241.076
1739 -706.73 -149.651
1740 -830.19 92.3859
1741 893.12 24.7681
1742 47.42 242.312
1743 393.61 -218.089
1744 394.93 217.914
1745 -423.39 -213.975
1746 738.33 138.058
1747 -378.7 -220.009
1748 -822.13 -97.5087
1749 -443.53 -210.974
1750 -693.78 154.014
1751 121.59 -240.416
1752 -770.54 -124.539
1753 -319.73 -226.743
1754 -533.46 -195.172
1755 -684.78 -156.929
1756 -884.12 -42.2119
1757 481.1 204.872
1758 -607.74 -178.606
1759 -374.12 -220.58
1760 852.94 75.7504
1761 -402.77 216.864
1762 -877.77 50.9812
1763 -761.93 128.35
1764 -273.9 231.084
1765 -200.86 -236.501
1766 -598.88 180.779
1767 -349.95 -223.459
1768 -50.21 242.271
1769 -458.26 -208.662
1770 -486.81 203.884
1771 -309.57 227.77
1772 819.65 -99.0221
1773 -270.48 -231.378
1774 -849.64 78.4126
1775 501.59 -201.25
1776 787.21 116.675
1777 650.84 -167.146
1778 711.68 -147.928
1779 894.86 19.6522
1780 90.42 241.417
1781 129.66 240.107
1782 -893.64 -23.3579
1783 -45.92 242.334
1784 597.24 -181.175
1785 -149.53 -239.262
1786 765.61 126.74
1787 -398.06 -217.498
1788 -9.01 242.639
1789 206.2 -236.165
1790 -466.74 207.284
1791 -746.55 134.79
1792 791.91 -114.328
1793 824.12 96.2738
1794 -467.57 207.148
1795 477.19 205.539
1796 813.32 102.764
1797 -761.87 -128.376
1798 -672.77 160.678
1799 355.72 -222.793
1800 750.01 133.38
1801 788.95 115.813
1802 -782.1 -119.159
1803 -236.16 234.106
1804 734.54 139.527
1805 -260.45 232.217
1806 -868.95 61.0281
1807 656.23 165.6
1808 -754.18 131.651
1809 496.41 202.186
1810 361.83 222.073
1811 440.84 211.386
1812 -447.14 -210.417
1813 -136.84 239.816
1814 277.41 230.777
1815 -88.06 241.481
1816 -439.86 211.535
1817 63.89 -242.036
1818 -736.25 138.867
1819 671.94 160.932
1820 -317.68 226.953
1821 140.19 -239.675
1822 -229.53 234.587
1823 64.66 -242.021
1824 -885.63 39.8327
1825 709.54 -148.677
1826 254.08 232.732
1827 -573.09 186.786
1828 -634.43 -171.693
1829 213.86 235.667
1830 148.15 -239.325
1831 -49.76 -242.278
1832 291.69 229.488
1833 -102.54 -241.063
1834 374.94 -220.479
1835 -289.96 229.648
1836 -589.07 -183.118
1837 106.69 -240.932
1838 -636.58 -171.111
1839 -241.89 -233.678
1840 -316.04 -227.12
1841 -804.89 107.503
1842 771.22 124.231
1843 -486.72 -203.9
1844 -504.19 -200.775
1845 -28.59 242.528
1846 -44.97 242.347
1847 -336.7 224.941
1848 70.67 -241.898
1849 223.63 235.003
1850 570.53 -187.357
1851 772.56 -123.621
1852 553.93 190.961
1853 -800.65 109.791
1854 23.89 242.565
1855 6.27 -242.645
1856 -144.37 -239.493
1857 451.74 -209.698
1858 -188.49 -237.243
1859 886.04 -39.161
1860 -67.26 241.969
1861 -155.31 -238.993
1862 62.44 -242.064
1863 -80.33 -241.678
1864 552.02 -191.365
1865 58.45 -242.136
1866 683.57 157.313
1867 806.48 -106.629
1868 293.34 -229.334
1869 677.73 159.148
1870 -888.57 -34.7221
1871 104.38 241.006
1872 267.55 -231.626
1873 836.33 -88.248
1874 262.93 232.012
1875 845.52 81.6008
1876 643.25 169.279
1877 -357.56 -222.577
1878 -565.68 -188.429
1879 -441.25 -211.323
1880 -207.91 236.055
1881 -676.7 -159.468
1882 826.17 -94.9817
1883 -553.76 -190.997
1884 -660.11 -164.469
1885 -512.62 199.21
1886 358.08 222.516
1887 100.32 241.132
1888 431.61 -212.772
1889 643.41 -169.234
1890 -68.29 241.948
1891 808.02 -105.774
1892 326.89 225.996
1893 240.83 -233.758
1894 214.2 235.644
1895 -799 -110.666
1896 19.15 242.596
1897 833.26 90.3444
1898 -459.8 208.414
1899 -89.09 241.454
1900 -639.39 -170.344
1901 67.74 241.96
1902 -753.55 131.914
1903 273.36 -231.13
1904 360.5 222.231
1905 -380.88 -219.734
1906 764.05 -127.426
1907 -118.74 -240.52
1908 596.5 181.353
1909 -553.04 191.15
1910 -189.09 -237.208
1911 -434.1 212.402
1912 827.26 -94.2862
1913 -400.73 217.139
1914 -429.83 -213.035
1915 437.13 211.948
1916 519.3 -197.942
1917 -137.41 239.792
1918 -529.28 196.002
1919 92.01 -241.374
1920 -847.03 -80.4488
1921 -412.15 -215.572
1922 -492.38 202.905
1923 -758.12 -129.987
1924 793.73 -113.402
1925 -813.38 -102.729
1926 719.08 -145.29
1927 114 -240.687
1928 728.4 141.858
1929 -331.07 225.551
1930 -389.13 218.675
1931 163.94 238.572
1932 204.26 -236.288
1933 -607.16 -178.75
1934 -508.47 -199.985
1935 -28.17 242.532
1936 268.69 -231.53
1937 856.54 72.7227
1938 116.47 -240.601
1939 -679.49 -158.599
1940 -167.12 238.41
1941 386.99 -218.952
1942 635.68 171.355
1943 186.96 -237.332
1944 338.57 -224.736
1945 863.83 66.1248
1946 646.4 168.4
1947 205.57 -236.205
1948 816.26 101.047
1949 797.79 111.302
1950 -1.63 -242.651
1951 412.32 -215.549
1952 648.01 167.947
1953 -128.63 240.148
1954 -28.24 242.531
1955 -724.62 143.266
1956 340.13 224.564
1957 -250.32 233.029
1958 153.23 239.091
1959 -777.25 121.455
1960 659.43 164.668
1961 -669.94 -161.54
1962 -75.71 241.787
1963 -874.99 54.36
1964 567.97 -187.925
1965 -79.07 241.708
1966 158.03 238.863
1967 -832.99 90.5261
1968 -750.54 133.162
1969 683.62 157.298
1970 -895.76 16.3857
1971 657.06 -165.359
1972 354.5 -222.935
1973 -207.8 -236.062
1974 403.91 -216.709
1975 -624.91 174.225
1976 837.63 87.3427
1977 791.45 114.56
1978 -35.47 242.462
1979 282.94 -230.287
1980 537.64 194.333
1981 -144.71 -239.478
1982 413.47 -215.388
1983 197.91 236.682
1984 -764.19 -127.364
1985 -587.05 -183.592
1986 631.62 -172.448
1987 -341.03 224.464
1988 -862.59 67.2968
1989 796.05 112.208
1990 678.12 -159.027
1991 511.74 199.375
1992 310.37 227.691
1993 149.71 239.254
1994 248.25 233.191
1995 276.95 230.818
1996 795.93 112.27
1997 -585.15 184.034
1998 61.65 -242.078
1999 -872.96 -56.6939
2000 355.22 222.851
2001 -541.69 -193.509
2002 295.42 229.139
2003 -211.44 235.826
2004 497.53 201.985
2005 4.12 242.649
2006 -253.11 232.809
2007 288.13 -229.816
2008 244.14 -233.507
2009 813.09 -102.897
2010 483.9 204.39
2011 -34.74 242.469
2012 -91.35 -241.392
2013 345.63 223.95
2014 -820.05 98.7798
2015 484.78 -204.237
2016 167.38 238.397
2017 -499.48 201.633
2018 -509.13 199.863
2019 818.4 99.7744
2020 13.37 -242.624
2021 -566.15 -188.325
2022 56.95 -242.163
2023 830.67 92.0702
2024 586.51 183.718
2025 -710.25 -148.429
2026 341.3 224.434
2027 -516.1 -198.553
2028 266.33 -231.729
2029 -550.62 191.659
2030 688.45 155.751
2031 -794.51 113.003
2032 -97.52 -241.215
2033 -686.89 -156.254
2034 323.58 -226.343
2035 -402.11 -216.953
2036 -270.1 231.41
2037 -421.18 214.294
2038 -246.47 233.329
2039 887.12 -37.3323
2040 -705.71 -150.002
2041 -186.15 -237.378
2042 260.17 232.24
2043 362.64 221.976
2044 182.69 237.574
2045 -780.9 119.732
2046 -848.02 -79.6833
2047 -135.48 239.873
2048 696.23 153.204
2049 -588.9 -183.158
2050 -872.4 57.3201
2051 -6.62 242.645
2052 -111.18 -240.783
2053 586.53 183.713
2054 -709.87 148.562
2055 411.21 -215.703
2056 -160.27 -238.754
2057 -779.39 120.449
2058 93.66 241.327
2059 163.4 -238.599
2060 466.78 -207.278
2061 -314.2 227.307
2062 -84.2 -241.582
2063 -114.81 240.659
2064 852.4 76.1931
2065 -410.57 215.792
2066 88.44 241.471
2067 156.08 -238.956
2068 -378.2 220.071
2069 -104.25 241.01
2070 -221.34 -235.162
2071 -122.23 -240.392
2072 -409.01 216.009
2073 -269.41 -231.469
2074 722.54 144.031
2075 -638.12 170.691
2076 797.05 -111.688
2077 734.38 -139.588
2078 345.07 224.013
2079 -806.37 106.69
2080 16.17 -242.612
2081 -224.92 -234.913
2082 -301.7 -228.54
2083 598.2 -180.944
2084 147.48 239.355
2085 -556.38 190.44
2086 -442.12 211.19
2087 -861.95 67.8932
2088 -385.3 219.17
2089 2.82 242.65
2090 -118.44 240.53
2091 61.4 -242.083
2092 386.42 219.026
2093 -521.21 197.575
2094 -580.59 -185.086
2095 -103.97 241.019
2096 158.41 -238.844
2097 -416.38 -214.978
2098 136.94 239.812
2099 -179.34 237.761
2100 647.8 -168.007
2101 210.19 235.908
2102 782.73 -118.856
2103 323.93 -226.307
2104 -656.67 -165.472
2105 -53.01 242.228
2106 288.58 229.775
2107 -125.91 -240.253
2108 -539.88 -193.878
2109 -738.05 138.167
2110 213.8 -235.671
2111 777.31 121.427
2112 -859.49 70.1343
2113 -762.02 128.311
2114 -426.62 213.506
2115 0.76 -242.651
2116 -521.85 197.452
2117 156.97 238.914
2118 -489.62 203.392
2119 -767.56 125.876
2120 577.65 -185.757
2121 38.32 242.43
2122 -107.96 240.89
2123 275.98 -230.903
2124 -166.58 238.438
2125 -841.39 -84.6617
2126 -610.37 -177.95
2127 528.93 196.071
2128 116.43 -240.602
2129 -406.81 216.312
2130 506.96 200.265
2131 583.63 -184.386
2132 -671.58 161.042
2133 175.47 -237.972
2134 797.28 111.568
2135 -502.66 -201.055
2136 -482.14 -204.693
2137 783.77 -118.354
2138 -220.5 -235.219
2139 -229.2 -234.611
2140 650.91 167.126
2141 -145.95 -239.423
2142 -869.65 60.2954
2143 749.99 133.388
2144 373.52 -220.655
2145 -582.83 184.571
2146 -65.69 -242.001
2147 240.96 233.749
2148 849.64 -78.4126
2149 -106.3 -240.944
2150 -397.05 -217.633
2151 -505.53 -200.529
2152 -229.53 234.587
2153 158.04 238.862
2154 -326.51 -226.036
2155 245.04 -233.439
2156 -98.52 241.186
2157 256.81 -232.513
2158 -176.39 -237.922
2159 -149.11 239.281
2160 -646.85 -168.274
2161 558.01 -190.092
2162 290.77 229.573
2163 -276.18 -230.885
2164 273.75 231.096
2165 -840.22 -85.5063
2166 -508.8 199.924
2167 418.11 -214.732
2168 -695.43 -153.469
2169 -248.3 -233.187
2170 618.86 -175.795
2171 7.55 242.643
2172 -594.83 181.753
2173 559.33 189.808
2174 891.57 28.5574
2175 -827.53 -94.1129
2176 -774.59 122.69
2177 -317.41 -226.981
2178 -834.45 -89.5385
2179 -484.35 204.312
2180 -751.44 132.79
2181 -238.78 233.912
2182 348.88 223.581
2183 895.31 -18.0932
2184 -482.62 -204.611
2185 93.81 -241.323
2186 454.93 -209.193
2187 -526.99 -196.452
2188 -150.83 -239.202
2189 399.83 -217.261
2190 -526.09 -196.628
2191 279.46 230.597
2192 698.97 -152.29
2193 -281.4 -230.424
2194 -199.92 236.559
2195 -71.79 241.874
2196 -737.22 -138.49
2197 495.05 -202.43
2198 660.37 164.393
2199 -375.14 220.454
2200 -784.65 -117.928
2201 -713.74 147.201
2202 410.49 215.804
2203 469.72 206.792
2204 313.22 -227.406
2205 416.61 214.945
2206 -710.39 -148.38
2207 -175.16 -237.988
2208 25.32 242.555
2209 -438.82 -211.692
2210 346.52 -223.849
2211 18.83 -242.598
2212 -416.06 -215.023
2213 -749.58 133.556
2214 601.71 180.091
2215 455.08 209.17
2216 -644.01 169.068
2217 485.89 204.045
2218 332.28 -225.421
2219 -93.48 241.332
2220 409.84 -215.894
2221 13.43 -242.624
2222 561.76 -189.283
2223 -719.26 145.225
2224 767.33 125.978
2225 -249.4 233.101
2226 134.27 239.922
2227 502.66 201.055
2228 -55.61 242.185
2229 -831.54 -91.4947
2230 514.57 198.842
2231 370.38 -221.041
2232 -872.2 57.542
2233 -220.54 -235.216
2234 679.11 -158.718
2235 -110.66 240.801
2236 725.77 142.84
2237 -784.36 -118.069
2238 -461.58 208.127
2239 679.74 -158.521
2240 805.21 -107.328
2241 703.47 150.769
2242 217.89 -235.397
2243 -180.49 237.697
2244 -27.88 -242.534
2245 -361.76 222.081
2246 324.26 226.272
2247 78.32 241.726
2248 831.4 -91.5876
2249 -640.73 -169.975
2250 -737.31 -138.455
2251 -633.96 -171.82
2252 -825.15 -95.6272
2253 -78.63 -241.719
2254 -10.65 242.634
2255 -251.01 232.975
2256 633.14 -172.04
2257 -394.31 217.996
2258 37.17 242.443
2259 -273.79 231.093
2260 -622.76 174.786
2261 -45.14 -242.344
2262 464.8 -207.603
2263 303.45 -228.371
2264 -678.61 -158.874
2265 59.43 -242.119
2266 -766.52 -126.338
2267 -659.2 -164.736
2268 -40.8 -242.4
2269 510.4 199.626
2270 -537.78 -194.304
2271 -447.1 210.423
2272 -766.39 126.395
2273 816.53 100.887
2274 296.95 228.994
2275 -854.08 74.8063
2276 -574.65 -186.435
2277 -263.93 231.929
2278 240.77 -233.763
2279 199.04 236.613
2280 -779.47 -120.411
2281 -268.87 -231.515
2282 -438.71 -211.709
2283 320.14 -226.701
2284 -232.3 -234.388
2285 185.82 -237.397
2286 -672.22 -160.846
2287 -771.17 -124.253
2288 876.96 51.9895
2289 -370.27 -221.054
2290 181.38 -237.648
2291 -757.58 -130.217
2292 -109.5 240.84
2293 -736.45 -138.789
2294 250.87 232.986
2295 52.92 -242.229
2296 617.98 -176.021
2297 502.6 -201.066
2298 -365.98 221.576
2299 248.9 233.14
2300 5.27 -242.647
2301 -413.39 -215.399
2302 -366.87 221.468
2303 391.58 -218.355
2304 -647.55 -168.077
2305 118.76 -240.519
2306 -75.26 241.797
2307 -675.71 159.775
2308 -390.05 -218.555
2309 837.08 87.727
2310 -181.32 237.651
2311 99.22 -241.165
2312 203.16 -236.357
2313 -515.9 198.591
2314 -876.52 52.5287
2315 204.35 236.282
2316 719.73 -145.055
2317 -403.87 -216.714
2318 508.97 199.892
2319 117.98 -240.547
2320 -257.65 232.445
2321 -36.9 -242.446
2322 -629.27 -173.074
2323 -590.77 182.718
2324 -1.38 -242.651
2325 8.95 -242.639
2326 -666.4 162.606
2327 -141.22 239.631
2328 730.02 -141.249
2329 -348.27 223.651
2330 -798.36 111.003
2331 -532.06 -195.451
2332 -684.32 -157.075
2333 -243.96 233.521
2334 740.08 -137.372
2335 129.22 -240.125
2336 -564.64 188.656
2337 568.13 -187.889
2338 -574.86 186.388
2339 -558.92 -189.896
2340 -219.86 235.263
2341 220.04 -235.251
2342 -418.15 214.727
2343 -601.37 -180.174
2344 388.61 -218.743
2345 656.36 165.562
2346 55.5 -242.187
2347 -202.75 -236.383
2348 189.02 237.212
2349 -763.78 -127.544
2350 -10.5 -242.635
2351 877.82 50.9183
2352 295.66 229.116
2353 -446.76 -210.476
2354 368.42 -221.28
2355 302.51 228.462
2356 -498.51 201.809
2357 -725.79 142.832
2358 709.62 -148.649
2359 -42.49 -242.379
2360 210.17 235.909
2361 457.55 -208.776
2362 -179.14 237.772
2363 -299.79 228.724
2364 -406.96 -216.291
2365 -759.69 -129.316
2366 414.75 -215.208
2367 -833.77 90.0001
2368 -790.88 -114.848
2369 -204.45 -236.276
2370 -530.38 195.784
2371 -194.53 236.887
2372 -554.45 -190.851
2373 -474.81 -205.941
2374 556.97 190.314
2375 533.05 195.254
2376 162.41 238.648
2377 -397.53 -217.569
2378 544.17 193
2379 615.9 176.553
2380 -895.44 -17.617
2381 80.34 -241.678
2382 -601.89 180.047
2383 -545.77 192.67
2384 118.22 -240.538
2385 -825.17 -95.6146
2386 -37.6 -242.438
2387 769.58 124.971
2388 158.89 238.821
2389 709.15 -148.813
2390 -12.35 -242.628
2391 313.18 227.41
2392 275.18 230.972
2393 -733.96 139.749
2394 -19.87 -242.592
2395 -749.82 -133.458
2396 -336 -225.018
2397 571.19 187.21
2398 -495.17 -202.408
2399 242.32 -233.646
2400 -673.56 -160.436
2401 -765.79 126.661
2402 713.53 -147.275
2403 655.25 165.883
2404 -825.25 -95.5642
2405 227.01 234.766
2406 531.1 -195.642
2407 346.43 -223.859
2408 727.01 -142.378
2409 7.04 242.644
2410 596.42 181.372
2411 699.58 152.085
2412 -396.86 217.658
2413 -530.65 -195.731
2414 749.71 -133.503
2415 756.3 130.759
2416 -894.54 -20.689
2417 -545.53 -192.72
2418 303.42 -228.374
2419 86.57 241.521
2420 844.64 82.2638
2421 -139.49 -239.705
2422 559.33 189.808
2423 104.29 241.009
2424 645.85 -168.554
2425 890.9 30.046
2426 -211.23 -235.84
2427 -320.85 226.627
2428 -893.96 -22.4457
2429 -215.76 235.54
2430 -738.51 -137.987
2431 28.81 242.526
2432 646.44 168.389
2433 613.93 -177.053
2434 -827.04 -94.4271
2435 -317.02 227.021
2436 -207.86 236.058
2437 -614.71 -176.855
2438 746.45 134.83
2439 -17.14 -242.607
2440 227.8 -234.711
2441 661.89 -163.946
2442 -640.94 -169.918
