%%index real_part   imaginary_part
3147 3147 3147
1 -1471.16 -735.369
2 -739.66 -1223.81
3 1307.88 -899.592
4 618.45 1262.98
5 37.01 -1349.3
6 760.95 -1216.06
7 -169.69 -1343.28
8 674.82 -1245.78
9 -873.67 1170.37
10 -1031.13 1091.92
11 1400.34 813.08
12 528.96 -1286.8
13 -823.99 1191.5
14 -697.58 -1238.34
15 -1161.55 -1011.48
16 -1712 295.194
17 -795.56 1202.88
18 -882.63 -1166.39
19 -1600.57 -552.769
20 784.45 -1207.19
21 -576.25 1274.73
22 1671.56 410.006
23 1396.54 816.938
24 1606.69 542.162
25 487.15 1296.53
26 1431.05 780.8
27 -287.63 -1331.34
28 612.57 1264.67
29 1198.53 985.617
30 492.86 -1295.26
31 -927.62 -1145.54
32 465.98 1301.13
33 -372.61 1318.82
34 -815.88 1194.8
35 1185.27 995.06
36 -1517.79 676.977
37 1434.85 776.662
38 -491.67 1295.52
39 502.56 1293.05
40 -587.2 -1271.77
41 -1162.22 1011.02
42 -119.95 -1346.44
43 -882.88 1166.27
44 766.98 -1213.81
45 -1609.35 537.473
46 1678.01 394.108
47 -841.53 1184.23
48 1124.41 1036.01
49 -1565.84 608.789
50 1487.34 -715.852
51 1583.93 580.438
52 -1292.31 912.81
53 1669.57 -414.776
54 -1743.76 148.983
55 -1367.56 845.451
56 413.63 -1311.56
57 -313.01 -1327.95
58 -124.36 -1346.21
59 1074.72 1066.76
60 -240.13 -1336.9
61 -1006.96 -1105.19
62 1409.31 803.857
63 1298.66 907.462
64 1047.62 1082.6
65 243.1 -1336.58
66 -684.86 1242.53
67 -907.7 1154.95
68 -67.44 1348.6
69 -934.78 -1142.09
70 504.26 1292.66
71 -1117.09 -1040.69
72 -952.5 -1133.4
73 744.93 1221.91
74 762.77 -1215.38
75 -1158.5 -1013.54
76 -33.46 1349.36
77 819.67 -1193.26
78 236.15 -1337.32
79 -546.84 1282.37
80 -1563.55 -612.262
81 651.15 -1253.21
82 -1147.56 -1020.88
83 -1362.11 -850.641
84 -70.86 -1348.5
85 -1296.6 909.203
86 -1144.89 1022.65
87 1168.86 1006.48
88 -1681.53 385.128
89 -1053.25 -1079.36
90 1498.26 702.248
91 888.19 1163.89
92 -1458.97 -749.602
93 -1022.46 1096.74
94 -966.74 -1126.24
95 495.98 -1294.55
96 -1082.25 -1062.25
97 427.42 1308.94
98 -53.68 -1348.97
99 -553.5 -1280.68
100 -1107.65 1046.64
101 1605.91 -543.527
102 1411.35 -801.737
103 247.51 1336.11
104 -88.27 -1347.89
105 467.44 -1300.82
106 789.51 -1205.24
107 1087.92 1058.81
108 -1567.87 605.69
109 -711.49 -1233.65
110 205.13 1340.35
111 -1612.35 532.126
112 -232.84 1337.66
113 197.11 1341.06
114 -498.8 1293.91
115 594.27 1269.83
116 26.12 1349.45
117 1693.23 -353.496
118 -887.97 -1163.99
119 1660.36 -436.103
120 -326.67 1326
121 1278.67 924.106
122 -1371.52 -841.646
123 835.21 -1186.87
124 -692.19 1240.13
125 1294.72 910.787
126 -245.25 -1336.35
127 905.06 -1156.17
128 -193.57 1341.36
129 -1057.96 -1076.63
130 543.74 -1283.15
131 -283.59 -1331.86
132 743.89 1222.29
133 967.5 1125.85
134 1201.92 -983.171
135 920.94 1148.73
136 -591.98 -1270.46
137 390.08 1315.82
138 263.62 1334.28
139 -551.5 1281.19
140 -211.21 -1339.79
141 -62.35 1348.75
142 488.3 1296.28
143 -582.37 1273.08
144 -1066.71 -1071.51
145 -686.1 1242.13
146 1174.32 1002.71
147 803.49 -1199.76
148 1266.83 933.705
149 -1083.81 -1061.31
150 1300.32 906.054
151 -1103.48 1049.24
152 543.01 1283.34
153 -990.42 1114
154 387.38 1316.29
155 -1090.64 -1057.16
156 361.87 -1320.58
157 -725.37 -1228.86
158 -192.66 -1341.44
159 621.86 1261.98
160 -1406.38 -806.888
161 1246.5 949.758
162 -1040.29 -1086.77
163 302.67 1329.37
164 1230.11 -962.319
165 -287.55 1331.35
166 1289.44 915.208
167 1319.77 889.258
168 154.11 -1344.39
169 -1564.09 -611.445
170 224.71 1338.49
171 1609.18 -537.774
172 -428.4 -1308.75
173 -153.64 -1344.42
174 752.77 -1219.07
175 309.53 -1328.43
176 -124.5 -1346.2
177 -757.51 -1217.33
178 1258.05 -940.704
179 -1138.93 -1026.58
180 -255 -1335.27
181 521.05 1288.71
182 1286.55 917.612
183 111.56 -1346.87
184 1494.47 -707.01
185 -1700.19 -333.143
186 -679.81 -1244.17
187 -1074.25 -1067.04
188 -100.87 -1347.37
189 1460.31 -748.056
190 1651.95 454.609
191 -328.16 1325.78
192 1014.47 -1101.12
193 -103.64 1347.25
194 -177.37 1342.69
195 -186.73 1341.94
196 329.82 -1325.54
197 142.06 -1345.17
198 943.23 -1137.97
199 -518.94 -1289.22
200 -433.27 -1307.8
201 -296.45 1330.2
202 1717.65 275.088
203 1617.25 -523.254
204 -1288.42 916.058
205 -1483.9 720.064
206 144.75 -1345
207 288.98 -1331.17
208 -920.1 -1149.13
209 -927.66 1145.52
210 221.62 1338.79
211 1425.46 -786.827
212 937.74 -1140.66
213 -44.99 -1349.16
214 1752.3 67.3002
215 -1063.16 1073.59
216 1431.75 780.04
217 -29.89 1349.41
218 -825.33 -1190.95
219 -1550.45 631.667
220 1386.52 -826.976
221 -142.04 -1345.17
222 -513.63 1290.47
223 -532.79 1285.87
224 917.64 -1150.29
225 -616.58 1263.52
226 430.82 -1308.28
227 1215.2 -973.464
228 -1357.78 -854.727
229 -47.78 -1349.1
230 1312.13 -895.923
231 322.09 1326.67
232 1407.16 806.083
233 -497.92 1294.11
234 -1490.67 711.741
235 -411.82 -1311.9
236 -1638.77 482.009
237 -668.76 -1247.71
238 -1209.32 977.787
239 -1287.02 -917.222
240 -1215.03 -973.59
241 -1740.01 172.991
242 254.36 -1335.34
243 -1114.39 1042.4
244 -946.51 -1136.36
245 799.09 1201.49
246 1210.25 977.106
247 14.29 1349.56
248 749.09 -1220.41
249 117.49 -1346.57
250 284.42 -1331.75
251 -792.94 -1203.9
252 31.1 -1349.39
253 880.98 -1167.12
254 -277.94 -1332.56
255 -368.57 -1319.49
256 1680.01 389.033
257 1749.54 101.234
258 -1177.87 -1000.25
259 -93.82 -1347.67
260 -913.64 1152.17
261 826.96 1190.28
262 1295.39 -910.223
263 218.08 1339.14
264 986.46 1116.08
265 443.69 1305.73
266 -666.12 1248.55
267 399.01 -1314.24
268 -1450.63 759.119
269 -1522.3 -670.958
270 1286.54 917.62
271 -818.87 -1193.59
272 15.85 -1349.55
273 1500.3 699.666
274 510.14 1291.29
275 -1499.85 700.237
276 531.57 -1286.17
277 44.5 1349.17
278 1717.49 275.679
279 -1652.09 -454.308
280 490.84 -1295.71
281 -1501.11 -698.637
282 1263.9 -936.052
283 1653.76 -450.698
284 1708.21 307.912
285 -1705.19 317.662
286 259.26 -1334.79
287 1329.47 880.667
288 -878.31 1168.31
289 -608.67 -1265.78
290 -614.38 1264.15
291 -55.07 1348.94
292 897.2 1159.79
293 928.15 -1145.29
294 1505.52 -692.999
295 -107.76 -1347.05
296 -72.07 1348.46
297 -1450.09 -759.729
298 1132.81 -1030.58
299 1710.39 -300.666
300 582.64 -1273.01
301 -790.08 -1205.02
302 -783.11 1207.7
303 1192.05 990.256
304 534.22 1285.52
305 1073.77 -1067.33
306 802.53 1200.14
307 -777.11 1210
308 -1656.48 444.748
309 -1035.65 -1089.39
310 1706.22 314.373
311 651.03 -1253.25
312 1650.21 458.333
313 -180.62 1342.43
314 1314.57 -893.804
315 -358.74 -1321.09
316 157.83 -1344.13
317 -356.61 -1321.43
318 530.56 -1286.41
319 -943.48 -1137.85
320 -1589.57 -571.242
321 1329.2 -880.908
322 -1356.95 -855.507
323 816.01 1194.75
324 -634.53 1258.25
325 -564.01 -1277.97
326 712.22 -1233.4
327 1151.22 -1018.44
328 -962.61 1128.33
329 -664.72 1248.99
330 -1442.88 767.809
331 -1421.82 790.715
332 -252.08 1335.6
333 -1610.29 -535.804
334 812.01 -1196.36
335 -759.93 -1216.43
336 -159.34 -1344.02
337 -952.28 1133.51
338 407.84 -1312.63
339 -796.98 1202.32
340 1311.9 -896.122
341 1379.79 833.61
342 -1562.21 -614.283
343 615.86 -1263.72
344 1614.85 -527.621
345 611.76 1264.9
346 -858.82 -1176.86
347 -759.87 1216.46
348 671.5 -1246.84
349 1738.74 180.389
350 -168.12 1343.39
351 1057.19 1077.08
352 -1612.67 531.552
353 1437.5 -773.757
354 118.74 1346.51
355 -1273.85 -928.037
356 115.41 1346.68
357 1478.11 727.076
358 1251.17 -946.117
359 1536.7 -651.245
360 16.47 1349.54
361 -1116.3 1041.19
362 906.56 1155.48
363 -253.81 -1335.41
364 1293.37 911.921
365 -1329.23 -880.881
366 -1735.8 -196.43
367 1443.45 767.175
368 264.94 1334.13
369 887.14 -1164.36
370 1213.49 -974.726
371 -187.41 1341.88
372 328.2 1325.78
373 -1444.06 766.495
374 28.37 1349.43
375 -1203.97 981.686
376 -320.61 -1326.88
377 1655.67 446.529
378 -1321.48 -887.754
379 1743.53 150.567
380 1677.61 395.114
381 -677.33 1244.97
382 1553.89 -626.645
383 -1182.97 -996.678
384 -1616.56 -524.514
385 604.91 1266.85
386 1700.89 331.022
387 986.88 1115.86
388 -466.02 -1301.12
389 774.99 1210.8
390 -556.97 1279.79
391 -1582.41 582.886
392 230.64 1337.89
393 -916.23 -1150.95
394 -1524.49 668.01
395 -1594.78 562.584
396 702.33 -1236.75
397 1722.45 256.716
398 -222.09 1338.75
399 1728.2 232.728
400 -111.91 1346.85
401 94.69 1347.64
402 -1249.46 947.454
403 -1010.9 1103.06
404 -1348.1 863.746
405 535.43 -1285.22
406 391.32 1315.6
407 7.43 1349.59
408 -424.94 1309.42
409 686.27 1242.07
410 1305.99 901.215
411 -1593.22 565.194
412 -1085.76 -1060.13
413 723.02 -1229.68
414 -459 1302.6
415 770.74 1212.4
416 1034.17 1090.22
417 -1196.18 987.305
418 489.64 -1295.98
419 520.1 -1288.94
420 -1448.05 -762.028
421 936.93 1141.05
422 -1094.19 1054.98
423 -1010.94 -1103.04
424 -374.44 -1318.51
425 -709.17 1234.44
426 101.91 1347.32
427 -1008.97 -1104.1
428 -415.85 1311.14
429 -298.62 -1329.91
430 17 -1349.54
431 1436.89 774.427
432 530.49 1286.43
433 -1440.77 770.15
434 -1670.64 -412.219
435 -199.7 1340.83
436 456.89 1303.04
437 -1694.02 351.25
438 -321.06 1326.81
439 -885.42 -1165.13
440 -565.37 1277.61
441 1191.93 990.342
442 -850.3 1180.51
443 11.76 -1349.57
444 -13.8 1349.56
445 700.95 -1237.21
446 -1614.96 -527.422
447 1421.53 791.023
448 -177.29 -1342.69
449 -650.93 -1253.28
450 -469.02 -1300.48
451 -990.15 -1114.14
452 1397.25 816.22
453 1644.98 -469.326
454 375.81 -1318.28
455 -1472.16 -734.184
456 -1520.72 673.075
457 -623.39 1261.54
458 -403.61 -1313.41
459 -1187.79 -993.281
460 -381.02 1317.39
461 279.32 1332.39
462 1180.05 998.725
463 16.26 1349.54
464 1211.67 976.064
465 1699.95 -333.867
466 1680.79 387.035
467 1611.08 534.397
468 -1430.82 781.049
469 -232.1 -1337.74
470 1268.83 932.097
471 -983.88 -1117.42
472 -569.17 -1276.61
473 1400.04 -813.386
474 -1734.24 -204.421
475 1585.55 577.815
476 1654.93 448.15
477 -1188.84 -992.537
478 994.32 1111.94
479 109.15 1346.99
480 1463.28 744.614
481 -878.2 -1168.36
482 -1008.62 -1104.29
483 -1587.22 -575.096
484 -661.52 1249.99
485 1590.3 570.039
486 -1108.73 1045.96
487 123.06 -1346.28
488 -1625.13 -508.602
489 1281.6 -921.701
490 -894.73 1160.92
491 1370.57 -842.562
492 1234.43 -959.041
493 -1666.36 422.345
494 -1453.64 -755.704
495 668.43 1247.82
496 -1535.71 -652.625
497 -1088.75 1058.31
498 -1463.65 744.184
499 -583.22 1272.85
500 -433.57 1307.74
501 1669.02 -416.084
502 -11.46 -1349.57
503 -677.56 1244.9
504 330.4 1325.46
505 1318.69 890.205
506 1105.49 -1047.99
507 1345.73 -865.93
508 -859.76 -1176.45
509 1256.36 942.039
510 -1415.73 797.154
511 -1047.12 1082.88
512 -414.26 -1311.44
513 -525.76 1287.58
514 -1214.83 -973.737
515 774.51 -1210.98
516 -1320.12 -888.95
517 -1066.87 1071.41
518 -662.85 -1249.58
519 -593.66 1269.99
520 -911.95 1152.96
521 758.43 1216.99
522 -1503.67 -695.372
523 -874.09 -1170.19
524 1061.09 -1074.81
525 10.3 -1349.58
526 758.63 1216.91
527 -719.29 1230.97
528 981.04 1118.9
529 24.54 1349.47
530 -801.5 1200.54
531 -762.52 1215.48
532 1576.6 592.129
533 886.73 1164.55
534 1124.44 -1035.99
535 -251.66 1335.65
536 -1341.05 870.216
537 -236.11 -1337.33
538 1176.08 1001.49
539 373.19 -1318.72
540 -223.32 -1338.62
541 1527.7 663.656
542 -1210.97 -976.578
543 1441.38 -769.474
544 -990.7 -1113.85
545 -1073.74 1067.35
546 -1236.04 957.813
547 1043.72 -1084.82
548 424.12 1309.58
549 -565.11 -1277.68
550 306.35 1328.87
551 1699.3 -335.82
552 -854.86 -1178.56
553 -416.21 1311.08
554 642.95 -1255.71
555 227.7 1338.19
556 -1549.22 633.45
557 629.17 -1259.84
558 555.33 1280.21
559 1079.75 1063.75
560 472.98 1299.64
561 -1290.51 -914.315
562 -1311.89 896.131
563 -1499.24 701.009
564 1599.75 -554.172
565 -1508.9 688.636
566 863.86 -1174.67
567 -1005.67 -1105.88
568 1555.97 -623.583
569 -182.82 1342.26
570 -1292.45 -912.693
571 1075.13 1066.52
572 -1583.59 580.987
573 520.79 -1288.77
574 1082.1 -1062.34
575 750.22 1220
576 -1738.4 -182.318
577 -1160.18 1012.41
578 -673.77 1246.12
579 88.8 -1347.87
580 -495.4 -1294.68
581 -1060.39 -1075.21
582 500.11 -1293.61
583 898.37 -1159.25
584 827.92 1189.89
585 -931.71 1143.58
586 1437.43 -773.834
587 -386.29 1316.48
588 1300.97 -905.502
589 -614.32 1264.17
590 -1160.08 -1012.47
591 -1657.23 -443.092
592 -1027.78 1093.79
593 -1723.15 253.921
594 -1734.57 -202.757
595 907.77 -1154.91
596 -137.16 -1345.47
597 -1426.12 -786.119
598 -518.31 -1289.37
599 -1338.17 -872.835
600 1085.55 1060.25
601 1052.89 1079.57
602 561.31 1278.67
603 -579.91 1273.75
604 1629.47 500.318
605 55.13 1348.94
606 115.09 1346.7
607 39.76 -1349.26
608 989.3 1114.59
609 -129.48 1345.92
610 -1582.13 -583.336
611 1720.16 -265.646
612 464.43 1301.46
613 -1208.58 978.329
614 728.47 -1227.77
615 1606.03 -543.317
616 -35.98 -1349.32
617 963.76 1127.75
618 -128.11 -1346
619 1109.05 1045.76
620 -1627.37 504.346
621 -1614.19 -528.815
622 447.68 1304.93
623 -820.18 -1193.06
624 946.83 -1136.2
625 808.2 -1197.88
626 697.57 -1238.34
627 -137.6 1345.45
628 1079.46 1063.93
629 -8.41 -1349.59
630 541.66 -1283.67
631 1396.26 -817.221
632 731.59 1226.67
633 -248.47 -1336
634 -526.81 1287.33
635 827.58 -1190.03
636 591.44 -1270.61
637 547.94 -1282.1
638 -1261.87 937.671
639 -1443.49 -767.13
640 -607.79 1266.03
641 -247.44 -1336.11
642 1557.55 621.245
643 -880.08 1167.53
644 563.1 1278.2
645 -810.05 1197.14
646 -1383.51 -829.953
647 1179.92 998.815
648 548.57 1281.94
649 -1371.55 -841.617
650 -635.43 -1257.98
651 1107.09 1046.99
652 -1507.2 690.835
653 1668.95 -416.25
654 -1183.54 -996.278
655 -472.76 -1299.68
656 1484.32 -719.551
657 793.31 -1203.76
658 -291.32 -1330.87
659 1057.81 -1076.72
660 732.69 -1226.28
661 997.15 -1110.44
662 -1493.43 -708.309
663 -1199.12 -985.192
664 -1502.2 697.249
665 -561 -1278.75
666 342.61 1323.62
667 1438.46 -772.701
668 1413.52 799.471
669 390.14 1315.81
670 951.31 -1133.99
671 196.83 -1341.08
672 -128.11 -1346
673 -1073.75 1067.34
674 -1020.3 -1097.93
675 1670.36 -412.889
676 1465.51 -742.015
677 -649.73 -1253.65
678 -927.96 1145.38
679 -1094.78 -1054.62
680 153.23 1344.45
681 492.75 1295.28
682 851.93 1179.82
683 1598.45 -556.387
684 -278.77 1332.46
685 969.94 -1124.61
686 1251.19 946.102
687 1377.87 835.487
688 389.3 -1315.96
689 945.26 1136.98
690 506.11 -1292.23
691 -419.03 -1310.55
692 1066.66 -1071.54
693 1573.96 -596.27
694 860.98 -1175.92
695 -954.97 1132.17
696 -1277.4 925.145
697 1556.4 622.948
698 -1476.41 -729.117
699 696.96 1238.55
700 -133.22 -1345.71
701 -211.44 -1339.77
702 -1653.5 451.262
703 -1693.97 -351.392
704 -792.12 -1204.22
705 -1722.24 -257.548
706 278.2 -1332.53
707 -294 1330.52
708 -1190.38 991.444
709 -387.31 1316.31
710 -1258.6 -940.268
711 -449.46 1304.57
712 -206.65 -1340.21
713 767.59 -1213.59
714 -222.74 1338.68
715 -1744.36 -144.767
716 -1040.4 -1086.71
717 -1641.06 477.377
718 1416.22 -796.639
719 1369.65 843.446
720 -1217.63 -971.666
721 -851.79 1179.88
722 1305.63 901.524
723 -1277.32 -925.21
724 -1726.34 240.758
725 -620.14 -1262.48
726 -1192.73 989.772
727 -599.01 1268.51
728 1009.87 -1103.62
729 -1533.22 -656.08
730 1637.06 -485.435
731 315.08 -1327.66
732 -672.23 -1246.61
733 -854.01 -1178.93
734 -185.9 1342
735 599.52 1268.36
736 309.1 1328.49
737 1346.85 864.899
738 -1023.78 1096.01
739 -1144.76 -1022.74
740 1482.61 721.634
741 927.44 -1145.63
742 -1682.71 382.066
743 -447.05 1305.06
744 -1496.05 -705.03
745 -929.96 1144.42
746 493.13 1295.2
747 -611.48 1264.98
748 1697.1 -342.339
749 1133.17 -1030.35
750 814.36 -1195.41
751 204.29 -1340.42
752 154.75 -1344.34
753 -742.4 -1222.82
754 -965.5 -1126.87
755 -1321.44 887.789
756 -676.35 1245.29
757 747.99 1220.81
758 -1610.33 -535.733
759 -675.78 -1245.47
760 -706.51 1235.34
761 356.62 -1321.43
762 1695.18 -347.922
763 746.88 1221.21
764 644.78 1255.16
765 960.29 -1129.5
766 -538.91 1284.36
767 304.22 1329.16
768 -1513.62 682.479
769 1157.84 -1013.99
770 1521.17 672.473
771 578.2 -1274.21
772 395.89 1314.8
773 1427.98 784.119
774 702.95 -1236.54
775 -1381.4 -832.03
776 -1499.76 -700.351
777 1551.15 630.649
778 1532.58 -656.965
779 -1387.13 -826.37
780 1633.48 -492.52
781 -192.47 1341.46
782 -776.38 1210.27
783 -557 -1279.78
784 891.19 -1162.53
785 375.97 1318.25
786 -1472.29 -734.03
787 -208.99 -1339.99
788 -752.6 1219.13
789 -65.92 1348.65
790 -578.73 1274.07
791 -14.57 1349.56
792 1623.58 511.523
793 -1313.88 -894.404
794 -357.39 -1321.31
795 -1677.92 -394.334
796 448.72 -1304.72
797 102.21 -1347.31
798 -1467.63 739.531
799 1411.07 802.028
800 475.9 1299
801 -183.26 -1342.22
802 1111.36 1044.31
803 -1287.58 -916.756
804 -1525.43 -666.739
805 -773.83 1211.24
806 -1553.71 626.909
807 1242.32 952.993
808 1390.82 822.692
809 1163.3 1010.29
810 -1332.39 -878.052
811 23.57 -1349.48
812 322.82 1326.56
813 -1252.53 -945.052
814 -1001.19 -1108.29
815 -460 1302.39
816 -529.94 1286.57
817 1543.79 -641.246
818 -1342.05 -869.303
819 62.82 1348.74
820 -140.5 1345.27
821 310.37 1328.32
822 1201.49 -983.482
823 -1454.45 -754.782
824 -1243.62 951.989
825 1451.4 -758.248
826 -247.72 1336.08
827 449.77 -1304.5
828 930.79 -1144.02
829 789.92 1205.08
830 -823.75 -1191.6
831 1508.16 -689.594
832 -1272.41 -929.205
833 613.37 1264.44
834 1343.65 -867.839
835 -1480.68 723.975
836 -1183.8 996.095
837 -252.71 1335.53
838 -1069.25 -1070.01
839 -1516.22 679.056
840 1002.93 1107.36
841 1386.78 -826.718
842 412.31 -1311.81
843 -681.36 -1243.67
844 552.93 1280.83
845 1028.22 -1093.55
846 -723.76 -1229.42
847 1398.46 -814.992
848 1613.14 -530.707
849 1570.32 -601.922
850 -103.85 -1347.24
851 -1476.7 728.769
852 -737.24 1224.67
853 751.5 -1219.53
854 80.41 1348.18
855 -1107.1 -1046.98
856 546 1282.59
857 1013.32 1101.74
858 1204.81 -981.076
859 -822.3 -1192.19
860 -41.22 -1349.23
861 -299.8 -1329.75
862 737.71 1224.5
863 258.86 -1334.83
864 1230.61 -961.941
865 -874.14 1170.16
866 -55.63 -1348.92
867 -1712.88 292.158
868 222.11 1338.74
869 160.57 -1343.94
870 1290.47 -914.349
871 -1631.77 495.862
872 -817.25 1194.24
873 398.72 -1314.29
874 532.49 1285.94
875 1682.06 -383.756
876 -842.58 -1183.78
877 -402.38 1313.63
878 -1234.87 958.705
879 1355.75 -856.632
880 -1195.8 -987.577
881 -858.88 1176.83
882 592.72 1270.25
883 1134.55 -1029.45
884 867.38 -1173.14
885 -486.09 1296.77
886 -1008.33 1104.45
887 -86.58 -1347.96
888 488.14 1296.31
889 434.85 1307.49
890 1363.49 -849.331
891 946.79 -1136.22
892 -99.03 1347.45
893 1222.46 -968.071
894 1067.93 1070.79
895 -866.06 -1173.71
896 876.48 -1169.13
897 -15.31 1349.55
898 520.44 -1288.86
899 -334.95 1324.78
900 144.44 1345.02
901 624.9 -1261.1
902 514.56 -1290.25
903 1155.72 1015.42
904 1193.07 989.529
905 -544.63 -1282.93
906 -892.45 -1161.96
907 96.13 -1347.57
908 -1541.02 645.177
909 1110.54 -1044.83
910 -774.91 1210.83
911 1729.93 -224.994
912 97.5 -1347.52
913 592.83 1270.22
914 -227.98 1338.16
915 -1009.85 -1103.63
916 -530.99 -1286.31
917 -324.78 -1326.28
918 -1092.27 -1056.16
919 -953.1 1133.1
920 -1481.64 -722.812
921 1672.89 -406.783
922 -1334.13 876.487
923 -1089.4 -1057.91
924 407.17 1312.76
925 -1494.87 706.51
926 -1096.07 -1053.83
927 -87.26 1347.93
928 1377.24 836.101
929 838.94 -1185.31
930 -1086.34 1059.77
931 -509.88 -1291.35
932 -873.96 -1170.24
933 -1553.62 627.041
934 -721.61 1230.17
935 799.95 1201.16
936 489.84 -1295.94
937 1298.18 907.868
938 -952.63 -1133.33
939 -994.2 -1112
940 -779.43 1209.11
941 -1608.25 -539.418
942 -1702.6 325.779
943 -1159.96 -1012.56
944 1712.68 -292.851
945 80.73 1348.17
946 -1307 -900.349
947 -1274.95 927.142
948 834.4 -1187.21
949 -1692.08 356.74
950 -678.6 1244.57
951 1554.64 -625.543
952 -1345.56 866.086
953 156.52 -1344.22
954 -216.44 1339.29
955 -792.95 1203.9
956 1012.43 1102.23
957 742 1222.97
958 68.89 -1348.56
959 1509.87 687.377
960 -641.87 1256.04
961 -1444.75 -765.726
962 -920.37 -1149
963 1696.68 343.569
964 1204.82 -981.069
965 -780.87 -1208.56
966 1749.8 98.539
967 -1707.94 -308.797
968 -110.01 -1346.95
969 -277.12 1332.66
970 -834.98 1186.97
971 809.02 1197.56
972 1193 989.579
973 1321.03 888.15
974 1213.54 -974.689
975 1354.24 -858.044
976 -69.86 -1348.53
977 421.38 1310.1
978 700.8 1237.26
979 1217.47 -971.784
980 -66.01 1348.65
981 -293.5 1330.58
982 1086.09 -1059.93
983 281.35 1332.14
984 -314.82 -1327.7
985 -1402.93 -810.434
986 830.63 1188.77
987 224.82 -1338.48
988 -852.53 -1179.56
989 1028.65 -1093.31
990 509.03 -1291.55
991 -1689.55 363.766
992 752.95 1219
993 -898.62 1159.14
994 929.72 -1144.53
995 1436.58 774.768
996 306.55 1328.84
997 -1568.46 604.785
998 528.72 1286.86
999 1330.37 879.862
1000 742.52 -1222.78
1001 739.67 -1223.8
1002 -991.3 -1113.54
1003 1461.46 746.726
1004 1192.13 -990.199
1005 167.89 -1343.41
1006 -1496.96 -703.886
1007 -1741.21 -165.693
1008 707.52 1235
1009 -1465.17 -742.412
1010 -1634.18 491.144
1011 -755.51 1218.06
1012 -787.21 1206.13
1013 536.32 -1285
1014 -1423.71 788.7
1015 781.23 1208.42
1016 626.27 -1260.69
1017 1174.99 -1002.25
1018 283.72 1331.84
1019 558.99 1279.27
1020 660.95 -1250.17
1021 -484.15 -1297.2
1022 -1718.13 -273.309
1023 993.36 -1112.45
1024 347.97 -1322.79
1025 -711.66 -1233.59
1026 13.01 1349.57
1027 -837.6 1185.87
1028 -1245.9 950.224
1029 -627.09 1260.45
1030 836.58 1186.3
1031 -248.4 1336.01
1032 -741.74 1223.06
1033 1553.89 626.645
1034 23.83 1349.48
1035 237.19 -1337.21
1036 -82.83 -1348.1
1037 968.25 1125.47
1038 -1741.13 -166.19
1039 1354.99 -857.343
1040 -1274.99 927.11
1041 152.33 1344.51
1042 -1110.99 -1044.54
1043 -201.22 1340.7
1044 327.81 1325.84
1045 -1160.47 1012.21
1046 -497.45 1294.22
1047 -1333.5 877.054
1048 721.12 -1230.34
1049 -1223.08 -967.607
1050 -504.82 -1292.53
1051 -366.82 -1319.78
1052 1293.2 912.064
1053 1404.66 -808.659
1054 -1169.51 1006.03
1055 1460.75 747.548
1056 1236.03 957.82
1057 -1033.39 -1090.66
1058 -550.91 1281.34
1059 -1034.47 -1090.05
1060 -128.19 -1346
1061 422.65 1309.86
1062 412.24 -1311.82
1063 -1363.74 -849.094
1064 1323.02 -886.396
1065 -1453.44 755.932
1066 238.17 1337.11
1067 -39.07 -1349.27
1068 -684.87 -1242.53
1069 408.69 -1312.48
1070 -1090.56 -1057.21
1071 -497.45 1294.22
1072 1150.16 -1019.15
1073 1176.73 1001.04
1074 778.36 1209.52
1075 -1422.38 -790.118
1076 761.25 -1215.95
1077 -431.93 -1308.06
1078 -628.39 1260.07
1079 -228.3 1338.13
1080 -1069.22 -1070.03
1081 1287.48 -916.84
1082 -1249.89 -947.118
1083 -495.65 -1294.63
1084 -954.44 1132.43
1085 902.26 -1157.47
1086 570.89 -1276.16
1087 56.84 -1348.89
1088 304.04 -1329.18
1089 -1338.37 872.653
1090 -71.79 1348.47
1091 -1280.02 -923
1092 123.7 1346.24
1093 523.07 1288.23
1094 333.85 -1324.94
1095 -1404.1 -809.234
1096 -1679.25 -390.97
1097 -782.98 1207.75
1098 -508.35 1291.71
1099 -1540.24 646.278
1100 164.84 1343.63
1101 -366.22 1319.87
1102 887.83 -1164.05
1103 -511.34 -1291.01
1104 1027.95 -1093.7
1105 1372.57 840.633
1106 74.05 1348.4
1107 -1401.63 -811.764
1108 1664.75 426.085
1109 -877.31 -1168.76
1110 1021.61 1097.21
1111 798.37 -1201.78
1112 -1495.08 706.247
1113 -853.62 -1179.09
1114 1648.67 461.601
1115 187.15 1341.9
1116 264.82 -1334.14
1117 -84.1 -1348.05
1118 1455.82 753.217
1119 -36.48 1349.31
1120 -583.02 1272.91
1121 1502.65 -696.675
1122 477.95 1298.56
1123 -615.57 1263.81
1124 1209.62 977.568
1125 -1454.42 754.816
1126 385.57 1316.61
1127 821.83 -1192.38
1128 -1177.7 1000.36
1129 1347.04 864.724
1130 -1730.56 -222.109
1131 -1264.13 -935.868
1132 -928.45 -1145.14
1133 382.37 -1317.16
1134 -751.72 -1219.45
1135 -81.48 1348.15
1136 358.7 1321.1
1137 -428.45 1308.74
1138 552.85 1280.85
1139 -553.2 -1280.76
1140 167.29 -1343.45
1141 941.75 -1138.7
1142 781.43 -1208.35
1143 566.92 1277.2
1144 -1151.85 -1018.02
1145 -62.39 -1348.75
1146 379.2 1317.7
1147 -1227.59 964.222
1148 323.16 -1326.51
1149 -261.24 1334.56
1150 463.84 1301.58
1151 374.43 1318.51
1152 881.19 1167.03
1153 -1233.08 960.068
1154 1520.64 673.182
1155 1724.52 248.356
1156 1545.13 -639.334
1157 -1368.03 -845.001
1158 -1400.57 812.846
1159 -1066.43 1071.67
1160 1098.18 -1052.53
1161 857.89 -1177.26
1162 -1609.69 -536.87
1163 -159.53 -1344.01
1164 1537.3 650.407
1165 -1232.71 960.349
1166 1606.29 542.862
1167 123.19 -1346.27
1168 -105.39 -1347.17
1169 1491.25 -711.022
1170 -1325.97 -883.783
1171 -916.34 -1150.9
1172 64.58 -1348.69
1173 691.64 -1240.31
1174 1610.43 535.555
1175 1604.31 -546.316
1176 -121.18 -1346.38
1177 1662.72 -430.75
1178 965.54 1126.85
1179 106.79 1347.1
1180 -1716.2 280.392
1181 -906.14 -1155.67
1182 -419.53 -1310.45
1183 1137.55 1027.49
1184 1310.3 -897.506
1185 1318.91 -890.012
1186 519.41 -1289.1
1187 981.97 1118.42
1188 566.6 -1277.29
1189 -673.88 -1246.08
1190 -1.74 1349.6
1191 262.84 1334.37
1192 -1086.1 1059.92
1193 -1187.69 993.351
1194 637.69 1257.3
1195 448.34 1304.79
1196 -623.39 -1261.54
1197 -400.64 -1313.94
1198 1657.27 443.003
1199 376.2 -1318.21
1200 942.18 1138.49
1201 558.69 -1279.35
1202 -142.07 -1345.17
1203 1510.89 -686.049
1204 619.83 -1262.57
1205 -1447.78 762.332
1206 862.1 1175.44
1207 1352.44 -859.722
1208 459.03 1302.59
1209 1426.44 -785.775
1210 853.46 1179.16
1211 456.27 1303.17
1212 1141.01 -1025.22
1213 344.24 -1323.37
1214 -957.51 -1130.9
1215 -1397.59 -815.875
1216 -614.91 1264
1217 268.38 1333.72
1218 -200.46 1340.76
1219 1502.77 696.522
1220 726.7 -1228.39
1221 -242.47 -1336.65
1222 837.95 -1185.73
1223 91.22 1347.78
1224 -943.98 -1137.61
1225 -1050.95 -1080.68
1226 -335.41 -1324.71
1227 -560.26 -1278.94
1228 1511.66 685.045
1229 -1338.87 872.2
1230 418.08 -1310.72
1231 1445.46 764.932
1232 1471.7 734.73
1233 24.37 -1349.47
1234 1507.89 -689.944
1235 1280.08 -922.95
1236 174.22 -1342.93
1237 -1420.9 791.692
1238 -1635.59 488.359
1239 137.8 1345.43
1240 -632.99 1258.71
1241 -466.63 -1300.99
1242 1234.48 959.003
1243 -569.56 -1276.51
1244 570.09 -1276.37
1245 964.62 1127.32
1246 871.69 1171.24
1247 816.77 -1194.44
1248 -543.19 1283.29
1249 776.44 -1210.25
1250 650.8 -1253.32
1251 -1507.45 -690.512
1252 -605.88 -1266.58
1253 -538.05 1284.57
1254 -166.2 1343.53
1255 -1048.79 -1081.93
1256 -1253.8 -944.055
1257 591.59 1270.57
1258 1286.97 917.263
1259 -1343.61 867.876
1260 -960.84 -1129.22
1261 1081.78 -1062.53
1262 1397.88 -815.581
1263 1626.84 -505.357
1264 -39.02 1349.27
1265 1560.87 616.295
1266 456.45 -1303.13
1267 -1022.46 -1096.74
1268 467.87 -1300.73
1269 -517.72 -1289.51
1270 605.86 1266.58
1271 -840.25 -1184.76
1272 -458.55 -1302.69
1273 -695.22 1239.13
1274 -890.87 1162.67
1275 476.04 1298.97
1276 -1554.88 625.19
1277 -1491.06 -711.258
1278 -1011.91 -1102.51
1279 135.57 1345.57
1280 1303.05 903.73
1281 517.61 1289.53
1282 426.21 1309.17
1283 1634.74 490.04
1284 1173.22 1003.47
1285 -347.38 -1322.88
1286 205.98 1340.27
1287 -248.83 -1335.96
1288 -453.01 -1303.84
1289 -1491.02 711.307
1290 -1198.46 985.668
1291 1675.67 399.956
1292 -496.42 1294.45
1293 -198.12 -1340.97
1294 653.59 -1252.46
1295 -672.89 1246.4
1296 -677.36 -1244.96
1297 -508.96 -1291.57
1298 -575.66 1274.89
1299 1345.32 -866.307
1300 -1581.66 584.09
1301 136.53 1345.51
1302 -129.22 1345.94
1303 264.26 -1334.21
1304 -1236.87 -957.179
1305 -429.91 -1308.46
1306 1212.93 975.138
1307 1632.81 -493.833
1308 -812.12 1196.31
1309 1516.75 -678.355
1310 374.27 -1318.54
1311 1581.24 -584.762
1312 -918.3 1149.98
1313 40.61 -1349.24
1314 493.47 -1295.12
1315 556.57 -1279.89
1316 1102.32 1049.96
1317 -582.7 1272.99
1318 -1000.52 -1108.65
1319 440.31 -1306.41
1320 -1532.6 -656.937
1321 -1353.37 858.856
1322 -1578.28 -589.475
1323 -949.73 1134.77
1324 -805.37 1199.01
1325 1184.28 -995.758
1326 1005.36 1106.05
1327 -1470.98 -735.582
1328 -1336.11 874.7
1329 -561.9 1278.52
1330 1633.2 493.069
1331 344.62 1323.31
1332 865.73 -1173.86
1333 342.77 1323.6
1334 -1408.47 804.728
1335 -37.7 -1349.29
1336 -78.92 1348.24
1337 991.04 1113.67
1338 -898.88 1159.02
1339 0.07 -1349.6
1340 1565.34 -609.55
1341 -92.47 1347.73
1342 1285.18 918.747
1343 -1324.8 884.821
1344 251.92 -1335.62
1345 -314.02 1327.81
1346 -1453.18 -756.228
1347 -649.24 -1253.8
1348 238.88 1337.03
1349 -608.13 1265.94
1350 -443.3 -1305.81
1351 -662.5 1249.69
1352 -250.62 -1335.76
1353 1400.4 813.019
1354 324.61 1326.3
1355 1336.61 -874.248
1356 -973.15 -1122.97
1357 150.15 1344.65
1358 338.58 -1324.23
1359 -506.06 -1292.24
1360 -1214.49 -973.988
1361 -1728.57 231.097
1362 638.93 -1256.93
1363 -1090.33 1057.35
1364 532 1286.06
1365 -372.41 1318.85
1366 34.77 -1349.34
1367 123.04 -1346.28
1368 -488.73 -1296.18
1369 -276.72 1332.71
1370 -626.58 1260.6
1371 -735.16 -1225.41
1372 -694.94 -1239.22
1373 -1176.6 -1001.13
1374 -1750.93 85.8441
1375 301.38 1329.54
1376 649.95 -1253.58
1377 1266.86 933.681
1378 1047.34 -1082.76
1379 230.26 1337.93
1380 1702.78 -325.222
1381 -646.21 1254.72
1382 -1231.03 -961.623
1383 724.89 1229.02
1384 528.19 -1286.99
1385 351.05 1322.31
1386 -1530.06 660.431
1387 -1530.37 -660.006
1388 -1641.64 476.195
1389 -973.5 -1122.79
1390 1260.95 938.403
1391 735.51 1225.28
1392 -1740.24 171.617
1393 177.09 -1342.71
1394 -1258.86 -940.062
1395 -1395.07 -818.423
1396 958.12 1130.59
1397 -1736.76 191.343
1398 -871.08 1171.51
1399 78.76 -1348.24
1400 161.55 -1343.87
1401 1746.02 -132.397
1402 -305.33 1329.01
1403 -567.44 1277.07
1404 -815.42 1194.98
1405 -1046.21 1083.4
1406 946.68 -1136.28
1407 -552.31 -1280.99
1408 -1129.93 1032.45
1409 743.93 1222.27
1410 853.5 1179.15
1411 1317.99 890.818
1412 1644.08 471.188
1413 1308.78 -898.817
1414 -1562.02 614.568
1415 38.46 1349.28
1416 1122.19 1037.44
1417 1695.74 346.304
1418 920.98 1148.71
1419 1579.07 588.222
1420 -1135.5 1028.83
1421 236.73 1337.26
1422 -1372.26 -840.932
1423 1020.33 1097.91
1424 497.54 -1294.2
1425 448.25 -1304.81
1426 -1128.02 -1033.69
1427 1126.48 1034.68
1428 -426.37 -1309.14
1429 -423.82 -1309.63
1430 1197.58 986.3
1431 -15.68 1349.55
1432 -288.68 1331.21
1433 -567.92 1276.94
1434 -281.29 -1332.14
1435 -769.26 1212.96
1436 -184.51 -1342.12
1437 1752.74 60.1395
1438 -764.27 -1214.82
1439 1242.53 952.831
1440 1037.92 1088.11
1441 914.51 -1151.76
1442 -1050.75 1080.8
1443 1336.71 -874.158
1444 98.21 1347.49
1445 651.26 -1253.18
1446 -1280.3 -922.77
1447 1353.53 -858.706
1448 -198.2 -1340.96
1449 -489.27 -1296.06
1450 -822.84 1191.97
1451 1194.89 988.229
1452 1752.7 60.8254
1453 -1589.47 -571.407
1454 1636.1 -487.347
1455 -21.64 1349.5
1456 -1316.8 891.859
1457 773.13 1211.5
1458 1271.1 -930.265
1459 868.58 -1172.61
1460 603.88 -1267.14
1461 -445.61 -1305.35
1462 -409.44 1312.34
1463 1309.09 -898.55
1464 1433.42 778.223
1465 -1588.76 -572.574
1466 1404.84 -808.474
1467 -1591.21 -568.534
1468 -1007.08 1105.13
1469 -941.75 1138.7
1470 358.7 -1321.1
1471 1345.93 865.746
1472 1399.37 -814.068
1473 1480.32 -724.411
1474 31.98 1349.38
1475 -46.06 -1349.14
1476 1559.33 -618.597
1477 1204.58 -981.243
1478 335.32 -1324.72
1479 289.26 -1331.13
1480 -941.19 -1138.97
1481 -1359.94 -852.693
1482 986.4 -1116.11
1483 -1573.25 597.378
1484 -1727 -237.941
1485 -715.26 1232.36
1486 -928.15 -1145.29
1487 -1313.98 894.317
1488 277.4 -1332.63
1489 229.01 1338.06
1490 283.39 -1331.88
1491 1658.89 439.401
1492 1203.69 -981.889
1493 1081.21 -1062.87
1494 232.05 1337.75
1495 1318.59 890.293
1496 578.14 1274.22
1497 644.48 1255.25
1498 -125.87 -1346.12
1499 -29.38 -1349.41
1500 1296.76 -909.068
1501 778.69 -1209.39
1502 960.63 -1129.33
1503 873.44 -1170.47
1504 -243.45 1336.55
1505 242.15 1336.69
1506 -915.58 -1151.26
1507 -315.07 -1327.66
1508 170.23 -1343.23
1509 1430.85 -781.017
1510 878.18 1168.37
1511 1117.98 1040.12
1512 1231.13 961.547
1513 -975.06 1121.99
1514 -783.5 1207.55
1515 540 1284.09
1516 434.76 -1307.51
1517 166.98 -1343.48
1518 1665.11 -425.252
1519 -1084.06 -1061.15
1520 -1546.35 -637.586
1521 1581.36 584.57
1522 -479.5 1298.22
1523 -1198.44 -985.682
1524 82.42 -1348.11
1525 -257.02 1335.04
1526 -761.77 -1215.75
1527 -331.36 -1325.31
1528 1364.28 -848.58
1529 478.38 -1298.47
1530 -596.56 -1269.19
1531 -1261.57 -937.91
1532 883.61 1165.95
1533 -1562.83 -613.349
1534 -1279.14 923.721
1535 -186.55 -1341.95
1536 895.67 -1160.49
1537 -1428.55 -783.504
1538 -256.82 1335.06
1539 -1673.18 -406.077
1540 -92.46 1347.73
1541 425.88 1309.24
1542 897.89 1159.47
1543 -371.13 -1319.06
1544 -1574.65 595.191
1545 1169.48 1006.05
1546 -1449.59 760.294
1547 -1095.75 -1054.03
1548 -274.93 1332.93
1549 37.76 -1349.29
1550 1468.28 738.767
1551 -850.85 -1180.28
1552 1520.82 -672.941
1553 1589.2 -571.851
1554 500.42 1293.54
1555 -1230.42 -962.085
1556 -1667.72 -419.157
1557 1434.56 776.979
1558 1387.35 826.152
1559 1136.34 -1028.28
1560 1684.96 -376.153
1561 736.22 -1225.03
1562 76.74 -1348.31
1563 -590.11 1270.97
1564 -1470.68 735.937
1565 1104.06 -1048.88
1566 1341.36 869.933
1567 -184.72 -1342.1
1568 816.67 -1194.48
1569 -511.08 -1291.07
1570 1555.6 624.129
1571 1059.71 -1075.61
1572 678.24 1244.68
1573 1219.64 970.173
1574 1390.47 -823.042
1575 -921.92 -1148.26
1576 -983.48 1117.63
1577 1270.72 -930.572
1578 1125.39 1035.38
1579 -1347.45 -864.346
1580 -1360.18 852.466
1581 877.85 1168.52
1582 751.31 1219.6
1583 657.92 -1251.12
1584 -1661.85 -432.732
1585 51.59 -1349.02
1586 40.51 1349.24
1587 -313.36 -1327.9
1588 550.7 -1281.4
1589 -385.86 -1316.56
1590 -955.18 -1132.06
1591 -1575.13 -594.439
1592 1227.92 -963.973
1593 -1744.29 -145.265
1594 731.38 -1226.75
1595 888.81 1163.61
1596 337.68 1324.37
1597 -419.34 1310.49
1598 -89.55 -1347.84
1599 -779.45 1209.1
1600 17.16 -1349.54
1601 497.78 -1294.14
1602 387.49 1316.28
1603 -889.58 -1163.26
1604 -330.15 1325.49
1605 -624.7 1261.15
1606 941.16 -1138.99
1607 1648.5 461.96
1608 -1123.93 -1036.32
1609 -1632.33 -494.771
1610 398.68 1314.3
1611 1151.63 -1018.17
1612 32.07 1349.38
1613 -1299.29 -906.928
1614 -349.21 -1322.6
1615 1737.19 189.019
1616 -252.83 -1335.52
1617 -584.14 -1272.6
1618 -1290.48 -914.34
1619 -1693.58 -352.503
1620 -425.29 -1309.35
1621 -194.78 -1341.26
1622 -1348.21 -863.644
1623 1605.49 -544.261
1624 1481.96 -722.424
1625 1183.93 996.004
1626 1510.78 686.193
1627 1135.6 -1028.76
1628 388.3 1316.13
1629 587.38 -1271.72
1630 -668.85 -1247.68
1631 -124.81 1346.18
1632 -1117.59 1040.37
1633 526.69 1287.35
1634 995.66 -1111.23
1635 -1100.66 1050.99
1636 1376.93 -836.403
1637 -1011.62 1102.67
1638 -513.72 1290.45
1639 917.69 -1150.26
1640 1576.83 -591.766
1641 521.33 -1288.65
1642 -656.82 1251.46
1643 786.39 1206.44
1644 -1594.84 -562.484
1645 537.86 1284.62
1646 -1631.67 496.057
1647 -1006.61 1105.38
1648 1000.81 -1108.49
1649 -536.26 -1285.01
1650 77.57 1348.28
1651 1278.98 923.852
1652 -737.82 -1224.46
1653 416.77 -1310.97
1654 -1306.84 -900.486
1655 -767.49 1213.62
1656 -1736.65 -191.933
1657 463.09 -1301.74
1658 -361.44 1320.65
1659 -680.49 -1243.95
1660 1393.12 820.386
1661 -799.69 -1201.26
1662 779.01 -1209.27
1663 -80.18 -1348.19
1664 -983.88 1117.42
1665 -363.29 1320.35
1666 -1073.05 1067.76
1667 -367.6 1319.65
1668 -1012.57 1102.15
1669 1153.17 1017.13
1670 -1707.1 -311.533
1671 1357.66 -854.84
1672 1151.22 1018.44
1673 1744.58 -143.189
1674 -1555.64 -624.07
1675 1039.73 -1087.09
1676 1259.73 -939.372
1677 -1568.27 605.077
1678 -1742.99 154.222
1679 1030.71 -1092.16
1680 -1721.67 259.793
1681 -1524.96 667.374
1682 -1105.07 -1048.25
1683 1199.83 984.681
1684 -471.99 -1299.85
1685 -1367.9 -845.125
1686 -1147.05 -1021.22
1687 -931.6 -1143.63
1688 1184.62 995.518
1689 1653.07 452.193
1690 1263.43 936.427
1691 -179.85 -1342.49
1692 956.01 -1131.65
1693 1477.41 -727.917
1694 -1734.77 -201.742
1695 432.93 -1307.87
1696 214.21 -1339.51
1697 -1012.13 1102.39
1698 -211.32 -1339.78
1699 1192.83 -989.7
1700 -987.34 -1115.62
1701 162.43 -1343.81
1702 1740.3 171.257
1703 -1610.18 536
1704 -1516.62 678.527
1705 32.31 1349.37
1706 565.45 1277.59
1707 1392.79 820.718
1708 574.59 -1275.17
1709 993.37 1112.44
1710 -171.81 -1343.12
1711 -971.11 -1124.01
1712 793.72 -1203.6
1713 -130.24 1345.88
1714 180.49 -1342.44
1715 -1416.44 796.407
1716 469.03 1300.48
1717 -1378.82 834.559
1718 429.89 1308.46
1719 1085.89 1060.05
1720 -352.35 -1322.11
1721 632.21 -1258.94
1722 1490.84 711.531
1723 1605.2 544.767
1724 -1223.73 967.121
1725 1466.71 -740.611
1726 -1013.06 -1101.89
1727 691.46 1240.37
1728 -285.07 -1331.67
1729 1144.73 -1022.76
1730 430.21 -1308.4
1731 1407.9 -805.318
1732 1346.7 -865.037
1733 -143.45 1345.08
1734 22.82 -1349.49
1735 -747.41 -1221.02
1736 -1120.57 -1038.47
1737 -1093.26 1055.56
1738 -918.74 -1149.77
1739 -557.11 -1279.76
1740 -387.26 -1316.32
1741 -580.99 -1273.46
1742 -355.4 1321.62
1743 -1029.25 1092.97
1744 -1593.24 -565.16
1745 -473.87 -1299.44
1746 -1366.59 -846.378
1747 -92.92 1347.71
1748 -1539.66 -647.095
1749 -785.26 1206.88
1750 -144.56 -1345.01
1751 -1634.46 490.592
1752 -1239.64 -955.056
1753 1590.47 -569.758
1754 169.65 -1343.28
1755 569.39 -1276.55
1756 -658.95 -1250.8
1757 -926.36 1146.15
1758 -834.1 -1187.33
1759 -667.24 1248.19
1760 956.02 -1131.64
1761 -991.12 1113.63
1762 1565.97 608.591
1763 1044.28 1084.5
1764 -183.99 1342.16
1765 -147.43 1344.83
1766 -1067.51 1071.04
1767 -556.79 -1279.84
1768 -1462.53 745.486
1769 -580.98 -1273.46
1770 -223.23 1338.63
1771 -162.07 1343.83
1772 -364 1320.24
1773 569.94 -1276.41
1774 -55.12 1348.94
1775 412.78 1311.72
1776 -1502.3 697.122
1777 1182.26 997.177
1778 -1299.58 -906.682
1779 1025.43 1095.09
1780 -530.57 1286.41
1781 574.03 -1275.32
1782 -1561.31 615.635
1783 699 -1237.87
1784 -1242.12 953.147
1785 466.79 -1300.96
1786 -81.91 1348.13
1787 1360.91 851.776
1788 -1632.69 -494.067
1789 -1206.3 -979.992
1790 1274.02 -927.899
1791 1037.86 1088.14
1792 1488.92 713.905
1793 -70.7 1348.51
1794 720.98 -1230.38
1795 -115.75 1346.66
1796 156.43 1344.23
1797 -681.56 1243.61
1798 1722.88 255.002
1799 -5.97 1349.59
1800 -1373.78 -839.463
1801 173.07 1343.02
1802 -73.9 1348.4
1803 825.79 -1190.76
1804 -1244.66 951.185
1805 156.66 1344.21
1806 -957.53 1130.89
1807 1027.08 -1094.18
1808 933.07 1142.92
1809 -835.57 1186.72
1810 531.04 1286.3
1811 -550.03 1281.57
1812 237.61 1337.17
1813 -15.56 1349.55
1814 -582.89 -1272.94
1815 1338.26 872.753
1816 -469.42 -1300.4
1817 951.79 1133.75
1818 23.8 1349.48
1819 1597.17 -558.558
1820 -1091.14 1056.85
1821 1444.3 766.228
1822 186.5 1341.96
1823 -1700.16 -333.234
1824 793.99 -1203.49
1825 1696.94 342.808
1826 -1541.81 -644.059
1827 -1713.96 288.386
1828 1666 -423.184
1829 1366.79 -846.187
1830 822.29 -1192.2
1831 -177.33 1342.69
1832 1358.96 -853.617
1833 -933.08 -1142.92
1834 -1479.47 -725.437
1835 1259.82 939.301
1836 -1045.26 1083.94
1837 1178.85 999.563
1838 -319.16 -1327.08
1839 -1153.27 -1017.07
1840 1008.74 -1104.23
1841 1556.12 -623.362
1842 -1591.43 568.17
1843 737.79 -1224.47
1844 150.28 -1344.64
1845 1026.25 1094.64
1846 -1106.51 1047.35
1847 -335.44 1324.71
1848 804.34 -1199.42
1849 168.53 1343.36
1850 25.16 -1349.46
1851 850.89 -1180.26
1852 -582.01 -1273.18
1853 1159.02 1013.19
1854 -774.07 -1211.15
1855 -1360.66 -852.013
1856 -1107.73 -1046.59
1857 942.59 -1138.29
1858 -1439.68 771.355
1859 -142.51 1345.14
1860 1311.38 -896.572
1861 -1121.05 -1038.16
1862 -273.89 1333.06
1863 -128.85 -1345.96
1864 1004.51 1106.51
1865 257.85 -1334.95
1866 1517.17 -677.799
1867 -1090.76 -1057.08
1868 -157.46 1344.16
1869 1315.47 893.02
1870 456.04 -1303.21
1871 341.92 1323.73
1872 -1300.26 906.105
1873 274.97 1332.92
1874 897.34 1159.73
1875 -1563.66 -612.096
1876 1546.15 -637.873
1877 722.37 -1229.9
1878 -42.23 1349.21
1879 1449.59 760.294
1880 465.44 1301.25
1881 8.45 -1349.59
1882 -315.03 -1327.67
1883 -827.66 -1190
1884 951.36 1133.96
1885 231.22 -1337.83
1886 1167.43 1007.46
1887 220.19 1338.93
1888 611.11 -1265.09
1889 886.34 -1164.72
1890 -1713.43 290.243
1891 370.71 1319.13
1892 -1397.77 -815.693
1893 -1035.47 1089.49
1894 -1691.69 -357.833
1895 248.44 -1336
1896 -471.57 -1299.94
1897 1509.76 -687.52
1898 -331.3 -1325.32
1899 -1216.11 -972.792
1900 -128.21 -1345.99
1901 506.61 -1292.11
1902 849.77 1180.74
1903 1318.43 890.433
1904 -1573.07 597.658
1905 142.54 -1345.14
1906 344.5 -1323.33
1907 831.57 -1188.38
1908 -482.68 1297.52
1909 -1708.52 306.892
1910 -82.21 1348.12
1911 1331.16 879.155
1912 726.87 1228.33
1913 -952.84 1133.23
1914 -468.25 1300.65
1915 224.44 1338.51
1916 -977.67 -1120.64
1917 -1001.84 1107.94
1918 -1656.66 -444.351
1919 1184.75 995.427
1920 -472.43 1299.75
1921 -1233.14 960.022
1922 854.62 1178.67
1923 1349.1 862.822
1924 -1383.58 829.884
1925 -895.74 -1160.46
1926 44.56 -1349.17
1927 1055.6 1078
1928 -176.63 1342.75
1929 -632.44 1258.87
1930 -131.15 1345.83
1931 1694.47 349.963
1932 -1706.52 -313.408
1933 -492.03 1295.44
1934 1033.98 1090.33
1935 -1397.42 -816.047
1936 -1724.89 246.831
1937 -606.88 -1266.29
1938 1154.01 -1016.57
1939 -340.93 -1323.88
1940 490.65 -1295.75
1941 456.41 -1303.14
1942 -1569.35 603.418
1943 -1048.35 -1082.18
1944 371.28 1319.04
1945 -6.38 -1349.59
1946 -178.08 -1342.63
1947 110.04 1346.95
1948 -189.62 1341.7
1949 -1458.98 -749.591
1950 -1594.88 -562.416
1951 -1069.73 -1069.73
1952 -1027.23 1094.1
1953 -42.95 1349.2
1954 -605.5 1266.68
1955 1729.99 -224.721
1956 1418.61 -794.119
1957 855.45 1178.31
1958 -1621.13 -516.1
1959 -998.75 -1109.59
1960 -1374.76 838.513
1961 -1651.32 455.961
1962 14.91 1349.55
1963 -451.07 1304.24
1964 1172.79 -1003.77
1965 -1370.6 -842.533
1966 162.87 1343.77
1967 939.04 1140.02
1968 -272.94 1333.17
1969 983.14 1117.81
1970 517.04 -1289.67
1971 -504.81 -1292.53
1972 263.32 -1334.32
1973 -747.44 -1221.01
1974 1251.51 -945.851
1975 1532.34 657.296
1976 -367.33 1319.69
1977 303.04 -1329.32
1978 -835.02 1186.95
1979 1538.41 648.852
1980 -364.18 -1320.21
1981 661.2 -1250.09
1982 1130.71 1031.95
1983 1045.93 -1083.56
1984 1589.32 571.654
1985 997.9 -1110.04
1986 -1001.64 -1108.05
1987 125.63 1346.14
1988 889.87 -1163.13
1989 -267.96 1333.77
1990 398.16 -1314.39
1991 -901.23 -1157.94
1992 -1674.48 -402.894
1993 -1503.85 695.142
1994 -1454.88 -754.291
1995 1471.39 735.097
1996 644.93 -1255.11
1997 802.92 -1199.98
1998 -605.35 -1266.73
1999 235.72 1337.37
2000 -152.11 1344.52
2001 -782.13 1208.08
2002 -876.58 1169.08
2003 1313.24 894.96
2004 -1610.58 535.288
2005 -126.6 1346.08
2006 -1287.13 -917.13
2007 -1337.03 873.868
2008 579.31 -1273.91
2009 988.52 1115
2010 595.06 1269.61
2011 -1517.11 -677.878
2012 293.37 1330.6
2013 -1562.56 -613.756
2014 -1108.6 1046.05
2015 1660.33 -436.171
2016 -707.63 1234.96
2017 -391.65 1315.55
2018 -223.54 1338.6
2019 -1093.16 1055.62
2020 899.97 -1158.52
2021 -1181.65 -997.605
2022 -1699.9 334.018
2023 621.21 -1262.17
2024 1728.45 -231.627
2025 689.46 -1241.03
2026 1254.66 -943.379
2027 -560.99 -1278.75
2028 1165.35 -1008.89
2029 165.09 1343.61
2030 -74.96 1348.37
2031 -1661.54 433.436
2032 970.01 -1124.58
2033 -630.92 -1259.32
2034 -1343.04 -868.398
2035 -1208.93 978.073
2036 -969.66 1124.75
2037 -683.41 1243.01
2038 547.66 1282.17
2039 527.25 1287.22
2040 -471.17 -1300.02
2041 360 1320.89
2042 -1710.83 299.181
2043 -694.55 1239.35
2044 627.71 -1260.27
2045 864.92 -1174.21
2046 83.52 1348.07
2047 -1359.63 852.985
2048 347.92 1322.8
2049 -779.93 1208.92
2050 1380.33 -833.08
2051 680.6 1243.92
2052 -1001.9 1107.91
2053 -11.08 1349.58
2054 1747.91 116.712
2055 1539.31 -647.588
2056 1214.24 -974.173
2057 -1412.88 -800.141
2058 -942.21 1138.47
2059 967.57 1125.82
2060 -425.08 1309.39
2061 -1143.69 -1023.45
2062 662.45 1249.7
2063 -1705.37 -317.09
2064 1305.92 901.276
2065 807.13 1198.31
2066 278.4 -1332.5
2067 599.95 1268.24
2068 176.13 1342.78
2069 -604.68 1266.91
2070 748.28 -1220.7
2071 -374.19 -1318.55
2072 -456.86 -1303.04
2073 338.65 1324.22
2074 -99.6 -1347.43
2075 367.43 1319.67
2076 -778.09 -1209.62
2077 -1415.08 -797.837
2078 744.52 -1222.06
2079 -253.82 1335.4
2080 108.44 1347.02
2081 1688.68 366.149
2082 1552.67 -628.432
2083 87.8 -1347.91
2084 -1427.64 -784.485
2085 1443.61 -766.997
2086 -1675.01 -401.588
2087 -967.59 -1125.81
2088 734.22 1225.74
2089 1302.62 -904.097
2090 746.83 1221.23
2091 -16.96 1349.54
2092 871.17 1171.47
2093 1603.43 -547.843
2094 -1550.61 -631.434
2095 -264.64 -1334.16
2096 -1446.16 764.149
2097 111.57 1346.87
2098 368.8 1319.45
2099 -1165.01 -1009.12
2100 -1350.88 861.172
2101 -535.16 -1285.29
2102 1371.07 842.08
2103 -807.47 1198.17
2104 -1551.47 630.183
2105 -1334.19 876.433
2106 1662.57 -431.092
2107 -946.22 -1136.5
2108 75.17 1348.36
2109 -1458.49 -750.155
2110 1316.96 891.719
2111 -1423.56 788.86
2112 -1712.97 291.845
2113 1369.37 843.715
2114 -480.55 1297.99
2115 -1088.64 1058.38
2116 514.75 -1290.21
2117 1573.41 597.129
2118 -584.68 -1272.46
2119 561.83 -1278.53
2120 1667.94 418.638
2121 527.36 -1287.19
2122 -50.56 -1349.04
2123 1108.72 -1045.97
2124 1182.76 996.826
2125 -1208.82 -978.153
2126 -1451.53 -758.1
2127 -1603.05 -548.5
2128 1160.45 1012.22
2129 1632.04 495.336
2130 -674.84 -1245.77
2131 779.23 1209.19
2132 -111.89 1346.85
2133 -1272.84 -928.856
2134 1472.11 734.244
2135 -1121.64 1037.79
2136 -941.12 1139.01
2137 -224.64 1338.49
2138 -1672.41 407.95
2139 622.65 1261.75
2140 902.31 -1157.44
2141 320.34 -1326.92
2142 210.86 -1339.82
2143 -532.83 1285.86
2144 -901.6 -1157.77
2145 43.72 1349.18
2146 -1326.86 -882.993
2147 -618.24 1263.04
2148 630.78 1259.36
2149 1334.67 876
2150 -923.26 1147.62
2151 -539.44 1284.23
2152 -6.63 -1349.59
2153 -604.35 -1267.01
2154 1597.87 557.372
2155 1276.42 -925.945
2156 -234.35 1337.51
2157 -1062.69 -1073.87
2158 716.96 1231.77
2159 1497.13 -703.672
2160 -912.75 1152.59
2161 -253.13 -1335.48
2162 1347.57 -864.235
2163 889.39 -1163.34
2164 -61.99 -1348.76
2165 951.94 -1133.68
2166 -1172.89 -1003.7
2167 1665.93 -423.348
2168 -1426.75 785.442
2169 1602.7 -549.105
2170 1587.46 -574.704
2171 529.34 1286.71
2172 1642.19 475.072
2173 -489.35 -1296.04
2174 -1636.67 -486.213
2175 1338.22 872.79
2176 162.76 1343.78
2177 1191.14 -990.904
2178 919.1 -1149.6
2179 -1731.41 218.154
2180 -840.27 -1184.75
2181 922.92 -1147.79
2182 -150.31 -1344.64
2183 283.07 -1331.92
2184 696.58 -1238.67
2185 1324.13 -885.414
2186 1598.7 555.962
2187 -0.63 -1349.6
2188 -1715.08 284.418
2189 -1582.52 -582.71
2190 485.61 -1296.88
2191 -1091.08 1056.89
2192 -144.06 1345.04
2193 -131.63 -1345.8
2194 189.19 1341.73
2195 1518.22 676.406
2196 948.19 -1135.53
2197 880.94 -1167.14
2198 1138.94 1026.58
2199 255.43 -1335.22
2200 358.12 -1321.19
2201 140.96 1345.24
2202 -43.84 -1349.18
2203 1183.91 996.018
2204 1067.54 1071.02
2205 -191.87 -1341.51
2206 420.17 1310.33
2207 161.18 -1343.9
2208 606.03 1266.53
2209 -1444.86 765.603
2210 1515.55 679.94
2211 1043.88 -1084.73
2212 427.72 -1308.88
2213 1481.94 -722.448
2214 -1596.07 560.415
2215 237.74 1337.15
2216 -1099.53 1051.69
2217 1043.19 -1085.12
2218 683.8 1242.88
2219 -507.49 -1291.91
2220 -342.76 1323.6
2221 60.73 -1348.79
2222 752.48 -1219.17
2223 1333.1 877.414
2224 1409.16 804.013
2225 -1080.42 -1063.35
2226 -111.08 1346.89
2227 1203.33 982.15
2228 -1730.1 -224.22
2229 461.84 -1302
2230 1687.02 370.649
2231 -1730.71 -221.417
2232 644.43 1255.27
2233 226 -1338.36
2234 -1659.34 -438.394
2235 749.96 1220.09
2236 -583.26 -1272.84
2237 439.88 -1306.5
2238 -1006.02 1105.7
2239 -1748.19 -114.203
2240 1128.28 -1033.52
2241 -47.37 -1349.11
2242 -1303.32 -903.5
2243 -1201.37 -983.569
2244 -83.93 1348.06
2245 -1211.62 -976.101
2246 789.14 -1205.38
2247 1580.57 585.833
2248 1735.57 -197.629
2249 -1323.46 -886.007
2250 851.71 1179.91
2251 573.63 1275.43
2252 24.92 -1349.47
2253 -1097.56 -1052.91
2254 -1002.16 -1107.77
2255 1147.89 -1020.66
2256 861.14 1175.85
2257 778.04 -1209.64
2258 -962.37 -1128.45
2259 -775.76 1210.51
2260 -680.03 1244.1
2261 -1747.72 -118.383
2262 1587.05 575.373
2263 -842.45 -1183.84
2264 -879.43 1167.82
2265 988.84 1114.83
2266 1306.16 901.07
2267 -1275.11 -927.012
2268 -721.1 -1230.34
2269 650.12 1253.53
2270 -441.89 1306.09
2271 -85.15 -1348.01
2272 -1291.82 913.22
2273 717.7 1231.52
2274 703.67 -1236.3
2275 -719.16 1231.01
2276 -221.79 -1338.78
2277 1140.21 1025.74
2278 932.52 -1143.19
2279 194.75 1341.26
2280 250.35 1335.79
2281 -107.59 1347.06
2282 1569.05 603.879
2283 -1151.64 -1018.16
2284 477.95 -1298.56
2285 25.1 1349.46
2286 851.52 1179.99
2287 1539.31 -647.588
2288 -1023.06 1096.41
2289 -265.13 1334.1
2290 -655.76 1251.79
2291 1031.53 -1091.7
2292 861.1 -1175.87
2293 -502.56 -1293.05
2294 -798.35 -1201.79
2295 873.91 1170.27
2296 -1718.06 -273.569
2297 -1039.51 -1087.21
2298 -1342.34 869.038
2299 364.66 -1320.13
2300 -510.6 1291.18
2301 468.04 1300.69
2302 1461.63 -746.53
2303 -660.71 1250.25
2304 -536.97 -1284.84
2305 -1179.6 -999.039
2306 -1553.75 626.85
2307 -1266.71 933.802
2308 319.17 -1327.08
2309 -168.68 -1343.35
2310 -484.94 1297.03
2311 -1428.85 -783.18
2312 828.97 -1189.46
2313 -779.37 -1209.13
2314 677.69 1244.86
2315 1616.35 -524.896
2316 637.49 -1257.36
2317 -346.62 -1323
2318 -1668.55 -417.197
2319 -978.81 1120.05
2320 -821.58 -1192.49
2321 -98.6 1347.47
2322 -455.87 1303.25
2323 911.05 1153.38
2324 212.69 1339.65
2325 -913.12 1152.41
2326 378.26 -1317.86
2327 1465.66 741.839
2328 -1092.36 1056.11
2329 -1215.17 973.486
2330 -969.77 -1124.7
2331 -1481.25 723.285
2332 234.68 -1337.47
2333 -445.67 -1305.33
2334 1020.92 -1097.59
2335 -128.93 -1345.95
2336 -1228.32 963.671
2337 -610.83 -1265.17
2338 1297.17 -908.722
2339 -1238.02 -956.298
2340 602.04 -1267.66
2341 -399.2 1314.2
2342 918.84 -1149.72
2343 6.94 -1349.59
2344 -196.88 1341.08
2345 -937.36 1140.84
2346 -1565.7 -609.002
2347 261.46 1334.53
2348 -354.21 1321.81
2349 -529.53 -1286.67
2350 -1151.75 1018.09
2351 -148.91 1344.73
2352 513.12 -1290.59
2353 1471.3 735.204
2354 1040.96 -1086.39
2355 574.3 -1275.25
2356 -369.97 1319.25
2357 1420.68 791.926
2358 -1069.62 1069.79
2359 409.14 -1312.39
2360 -39.92 -1349.25
2361 931.73 -1143.57
2362 -443.32 1305.81
2363 -1702.9 -324.85
2364 -1648.11 462.782
2365 -1299.88 906.427
2366 -172.65 1343.05
2367 -1248.72 -948.031
2368 1016.44 -1100.04
2369 -772.97 1211.56
2370 -2.33 1349.6
2371 -1060.55 1075.12
2372 -224.33 -1338.52
2373 -781 1208.51
2374 -1508.52 -689.128
2375 -849.76 1180.74
2376 1496.09 704.98
2377 -276.23 -1332.77
2378 -434.6 1307.54
2379 -481.96 -1297.68
2380 -1562.33 -614.102
2381 90.47 -1347.81
2382 -952.26 1133.52
2383 -1063.36 -1073.48
2384 -755.54 1218.05
2385 -455.28 -1303.37
2386 736.87 -1224.8
2387 741.31 -1223.21
2388 1364.24 848.618
2389 692.3 1240.09
2390 1503.12 696.075
2391 1468.13 738.944
2392 -379.53 -1317.65
2393 345.2 1323.22
2394 699.54 1237.69
2395 -197.14 -1341.06
2396 -1277.39 925.153
2397 1129.98 1032.42
2398 1618.1 -521.696
2399 160.73 -1343.93
2400 -1653.32 451.652
2401 221.71 -1338.78
2402 -1573.97 -596.255
2403 672.42 1246.55
2404 -52.05 -1349.01
2405 606.89 1266.29
2406 -1432.7 -779.007
2407 1657.07 443.446
2408 -941.74 -1138.7
2409 1475.31 -730.433
2410 231.73 1337.78
2411 -1052.36 -1079.87
2412 -519.67 -1289.04
2413 725.42 -1228.84
2414 -364.48 -1320.16
2415 806.88 1198.41
2416 -139.4 -1345.34
2417 -1377.95 -835.409
2418 -1230.79 961.805
2419 -972.72 -1123.19
2420 681.55 -1243.61
2421 -1335.36 -875.378
2422 -804.82 -1199.23
2423 83.95 1348.06
2424 42.98 -1349.2
2425 241.91 1336.71
2426 -1402.91 -810.454
2427 -155.86 -1344.27
2428 -524.24 1287.95
2429 -618.14 -1263.06
2430 -1123.33 1036.7
2431 -1414.08 -798.885
2432 -1622.64 513.285
2433 -1658.43 -440.427
2434 350.42 1322.41
2435 -119.14 1346.49
2436 1571.46 600.159
2437 -263.61 -1334.28
2438 -746.15 1221.47
2439 1067.31 1071.15
2440 -333.91 1324.93
2441 531.68 -1286.14
2442 344.48 -1323.33
2443 -1431.51 -780.301
2444 -395.68 -1314.83
2445 1109.48 1045.49
2446 -871.78 -1171.21
2447 -347 -1322.94
2448 -1527.56 663.847
2449 -907.3 1155.13
2450 73.4 -1348.42
2451 -846.93 1181.94
2452 440.76 -1306.32
2453 1413.7 -799.283
2454 341.71 -1323.76
2455 775.74 1210.52
2456 -1114.27 -1042.47
2457 481.15 1297.86
2458 1311.27 896.667
2459 -1235.35 -958.339
2460 -1396.56 816.918
2461 -24.71 1349.47
2462 812.9 -1196
2463 736.25 1225.02
2464 -1363.74 849.094
2465 -766.76 1213.9
2466 728.98 1227.59
2467 -1067.87 1070.82
2468 293.03 1330.65
2469 -290.11 -1331.02
2470 -372.43 1318.85
2471 873.89 1170.27
2472 -572.16 -1275.82
2473 -951.24 -1134.02
2474 -1688.62 -366.312
2475 1425.98 786.269
2476 -1272.79 -928.897
2477 871.87 1171.17
2478 -1184.69 995.469
2479 -755.83 1217.95
2480 -1632.12 -495.18
2481 1607.89 -540.052
2482 1440.64 -770.294
2483 431.58 1308.13
2484 -1748.42 -112.1
2485 -470.86 1300.09
2486 268.14 1333.75
2487 1640.06 -479.406
2488 -1559.74 -617.985
2489 1338.46 -872.572
2490 1597.08 558.71
2491 224.16 -1338.54
2492 137.91 1345.43
2493 397.22 -1314.56
2494 -509.38 -1291.47
2495 -1313.08 895.099
2496 1731.63 -217.119
2497 1354.49 857.81
2498 20.55 1349.51
2499 1005.81 -1105.81
2500 1617.4 -522.979
2501 473.75 1299.47
2502 1342.26 869.111
2503 -147.58 -1344.82
2504 -119.96 -1346.44
2505 -1194.03 988.844
2506 1287.74 -916.623
2507 -1059.41 -1075.79
2508 1380.9 -832.521
2509 -453.93 -1303.65
2510 788.33 1205.69
2511 508.2 1291.75
2512 -606.95 1266.27
2513 156.73 -1344.21
2514 203.59 1340.49
2515 127.48 1346.03
2516 1013.71 1101.53
2517 147.47 1344.83
2518 308.33 1328.6
2519 162.49 1343.8
2520 -1048.42 1082.14
2521 440.71 -1306.33
2522 317.51 -1327.32
2523 -202.24 -1340.61
2524 -492.12 1295.42
2525 1696.51 -344.065
2526 391.54 -1315.57
2527 -62.83 1348.74
2528 1450.38 759.402
2529 -452.26 1303.99
2530 -1582.26 583.127
2531 1195.77 987.599
2532 -1431.1 -780.746
2533 -736.98 1224.76
2534 1540.02 -646.588
2535 -1066.66 1071.54
2536 -1035.95 -1089.22
2537 -981.63 1118.59
2538 823.58 -1191.67
2539 -99.27 1347.44
2540 -1631.09 -497.185
2541 330.88 1325.38
2542 -214.84 -1339.45
2543 -1275.43 -926.752
2544 -1300.88 905.578
2545 -494.78 -1294.82
2546 738.6 -1224.18
2547 -677.56 -1244.9
2548 984.18 -1117.27
2549 1441.72 -769.097
2550 983.72 -1117.51
2551 658.59 1250.91
2552 -292.56 1330.71
2553 1342.64 868.764
2554 503.08 -1292.93
2555 -19.99 1349.51
2556 975.38 -1121.82
2557 252.8 1335.52
2558 -808.59 -1197.73
2559 -585.13 -1272.33
2560 -559.7 1279.09
2561 -1175.03 -1002.22
2562 643.94 1255.41
2563 -397.51 -1314.51
2564 1172.72 -1003.82
2565 1526.62 -665.125
2566 -1386.35 827.144
2567 -558.89 1279.3
2568 -640.33 1256.51
2569 -1225.29 965.951
2570 -659.03 -1250.77
2571 -1712.15 294.679
2572 -593.04 -1270.17
2573 1024.55 -1095.58
2574 684.64 1242.61
2575 349.16 -1322.61
2576 423.42 1309.71
2577 1120.99 1038.2
2578 -1275.97 926.312
2579 733.01 1226.17
2580 933.84 1142.55
2581 1633.2 493.069
2582 -596.16 -1269.3
2583 -1008.79 -1104.2
2584 -91.24 -1347.78
2585 1240.12 954.687
2586 -1581.87 -583.753
2587 862.92 -1175.08
2588 -1704.54 -319.72
2589 1407.32 805.918
2590 -1081.41 -1062.75
2591 761.46 1215.87
2592 -1533.07 -656.288
2593 -532.15 -1286.03
2594 1664.22 427.309
2595 839.97 -1184.88
2596 -1340.03 871.145
2597 -953.3 -1133
2598 853.14 -1179.3
2599 1679.87 389.391
2600 -1675.81 399.608
2601 -1499.98 -700.072
2602 1725 -246.376
2603 575.43 1274.95
2604 215.32 -1339.4
2605 1329.31 -880.809
2606 1283.59 920.061
2607 -1730.53 -222.247
2608 193.68 -1341.35
2609 1457 -751.866
2610 -991.48 1113.44
2611 1484.97 -718.757
2612 1587.68 -574.344
2613 -756.26 -1217.79
2614 524.51 1287.88
2615 458.64 1302.67
2616 569.8 1276.45
2617 -685.84 1242.21
2618 1669.69 414.49
2619 1103.4 -1049.29
2620 1008.76 1104.22
2621 -1238.21 956.153
2622 1413.69 799.294
2623 1224.81 -966.311
2624 1203.72 -981.868
2625 -121.11 -1346.38
2626 1710.46 300.43
2627 -1435.33 -776.137
2628 249 1335.94
2629 -758.61 -1216.92
2630 -521.54 -1288.59
2631 -1213.61 -974.637
2632 212.3 -1339.69
2633 -996.61 -1110.73
2634 -19.48 1349.52
2635 1004.22 1106.66
2636 543.17 1283.3
2637 -534.39 1285.48
2638 -339.92 -1324.03
2639 678.49 -1244.6
2640 -113.55 1346.77
2641 -251.07 1335.71
2642 -732.57 -1226.33
2643 1391.71 -821.801
2644 1230.76 961.828
2645 159.73 -1344
2646 -391.26 -1315.62
2647 126.66 -1346.08
2648 -51.76 -1349.01
2649 -607.3 -1266.17
2650 -3.14 -1349.6
2651 -1002.04 1107.83
2652 719.72 1230.82
2653 -1709.39 304.012
2654 -1687.85 -368.406
2655 -104.8 -1347.19
2656 -1728.86 229.809
2657 640.02 -1256.6
2658 1167.1 -1007.69
2659 1190.63 991.267
2660 329.67 -1325.56
2661 -770.33 1212.56
2662 218.21 -1339.12
2663 -25.11 1349.46
2664 1187.63 993.394
2665 -1356.77 -855.675
2666 -1536.74 651.189
2667 -1656.21 -445.343
2668 -495.56 -1294.65
2669 -148.72 -1344.74
2670 679.67 -1244.22
2671 447.97 1304.87
2672 -844.2 1183.1
2673 232.44 1337.71
2674 -1143.92 1023.3
2675 776.34 -1210.29
2676 1568.46 604.785
2677 -1018.02 1099.18
2678 391.19 -1315.63
2679 1493.71 707.96
2680 810.41 -1197
2681 712.88 -1233.17
2682 -1588.69 -572.689
2683 35.06 1349.33
2684 -654.9 -1252.06
2685 -1628.05 503.046
2686 -1305.3 901.807
2687 801.02 -1200.73
2688 -1280.27 -922.794
2689 -1016.62 1099.94
2690 -586.21 1272.04
2691 -318.71 -1327.15
2692 -894.99 -1160.8
2693 -1393.75 819.753
2694 -611.11 -1265.09
2695 -349.19 -1322.6
2696 -121.31 1346.37
2697 1464.2 743.544
2698 157.58 1344.15
2699 -819.49 1193.34
2700 615.67 1263.78
2701 -840.27 1184.75
2702 -1326.77 -883.073
2703 1690.42 -361.367
2704 -1024.12 -1095.82
2705 1611.3 534.005
2706 105.82 1347.15
2707 1584.13 580.115
2708 -1187.77 -993.295
2709 1061.91 -1074.33
2710 -331.78 -1325.25
2711 -1561.78 -614.929
2712 202.78 1340.56
2713 1351.47 -860.624
2714 920.42 1148.97
2715 -704.03 -1236.18
2716 576.34 -1274.71
2717 -703.13 -1236.48
2718 656.45 -1251.57
2719 -577.05 -1274.52
2720 -867.05 1173.28
2721 1498.19 -702.336
2722 1649.65 -459.524
2723 -987.44 -1115.56
2724 -905.32 1156.05
2725 874.86 1169.85
2726 -1155.81 1015.36
2727 -1344.43 867.124
2728 -1061.49 -1074.57
2729 1079.03 -1064.18
2730 987.57 -1115.49
2731 263.26 1334.32
2732 885.88 1164.93
2733 59.7 -1348.82
2734 -1229.15 963.045
2735 156.32 -1344.23
2736 1346.04 -865.645
2737 -1396.12 817.363
2738 136.69 1345.5
2739 1649.02 460.86
2740 1118.53 1039.77
2741 -105.96 1347.14
2742 173.08 -1343.02
2743 -293.69 1330.56
2744 -65.27 1348.67
2745 -408.23 1312.56
2746 -1412.1 -800.955
2747 145.22 -1344.97
2748 -1343.75 -867.747
2749 1631.11 497.146
2750 -1494.88 706.497
2751 48.12 1349.09
2752 -543.01 -1283.34
2753 -506.71 -1292.09
2754 -312.18 1328.07
2755 1479.2 725.763
2756 -145.66 -1344.94
2757 975.37 1121.83
2758 50.75 1349.04
2759 1326.8 883.046
2760 -6.06 1349.59
2761 1109.14 -1045.71
2762 -866.24 1173.63
2763 -688.29 1241.41
2764 20.49 -1349.51
2765 -1231.5 961.267
2766 1584.13 580.115
2767 670.4 1247.19
2768 -411.47 -1311.96
2769 1558.5 619.834
2770 1638.02 483.515
2771 -1154.07 -1016.53
2772 -212.62 1339.66
2773 740.72 1223.43
2774 49.11 1349.07
2775 571.53 1275.99
2776 347.72 1322.83
2777 -789.77 -1205.14
2778 1428.41 -783.655
2779 99.39 1347.43
2780 187.8 -1341.85
2781 -820.04 -1193.11
2782 -1429.74 782.219
2783 191.44 1341.54
2784 1734.31 204.069
2785 -494.04 -1294.99
2786 843.35 1183.46
2787 -1173.89 -1003.01
2788 -707.03 -1235.16
2789 -1247.5 -948.981
2790 614.11 1264.23
2791 1091.95 -1056.36
2792 -282.15 -1332.04
2793 1419.43 793.251
2794 -455.1 1303.41
2795 -303.16 -1329.3
2796 -441.12 1306.25
2797 699.08 1237.84
2798 1132.97 1030.48
2799 -1014.71 1100.99
2800 -673.85 1246.09
2801 -608.86 -1265.73
2802 -1359.34 -853.259
2803 -1383.9 -829.568
2804 808.76 1197.66
2805 -297.52 1330.06
2806 1561.22 -615.77
2807 -825.1 1191.05
2808 18.43 1349.53
2809 569.63 -1276.49
2810 -209.6 -1339.94
2811 880.12 1167.51
2812 1647.22 464.654
2813 -957.69 -1130.81
2814 -1371.42 841.743
2815 -1114.73 1042.18
2816 1206.68 -979.715
2817 122.14 1346.33
2818 -263.95 -1334.24
2819 -495.7 -1294.62
2820 -1539.84 646.842
2821 -413.04 -1311.67
2822 1715.23 -283.883
2823 -1081.05 -1062.97
2824 -454.96 1303.44
2825 -1431.56 780.246
2826 806.01 -1198.76
2827 158.94 1344.05
2828 189.42 -1341.71
2829 276.42 1332.75
2830 820.16 1193.06
2831 740.48 -1223.51
2832 31.76 -1349.38
2833 1282.28 921.142
2834 524.51 -1287.88
2835 1550.15 632.102
2836 -534.24 1285.51
2837 177.51 -1342.68
2838 -1305.06 902.012
2839 -427.31 1308.96
2840 -392.93 -1315.32
2841 797.02 -1202.31
2842 240.65 1336.85
2843 281.61 -1332.1
2844 -738.04 -1224.38
2845 -612.89 -1264.58
2846 1020.88 1097.61
2847 -185.71 -1342.02
2848 -1212.47 975.476
2849 -153.2 -1344.45
2850 1101.02 -1050.77
2851 244.33 1336.45
2852 889.68 1163.21
2853 -719.25 1230.98
2854 1339.14 871.954
2855 835.8 1186.62
2856 -26.32 -1349.45
2857 1470.68 -735.937
2858 65.83 1348.65
2859 648.69 -1253.97
2860 1127.2 1034.22
2861 1181.99 997.366
2862 -324.59 -1326.3
2863 955.21 -1132.05
2864 233.66 1337.58
2865 -1577.96 589.982
2866 136.72 -1345.5
2867 -477.21 1298.72
2868 -1637.43 484.696
2869 1414.42 798.529
2870 760.53 -1216.21
2871 -683.16 1243.09
2872 1364.84 848.047
2873 1292.21 912.894
2874 -1271.92 929.602
2875 902.48 -1157.36
2876 -182.3 1342.3
2877 -657.28 1251.32
2878 -234.08 1337.54
2879 650.22 -1253.5
2880 919.35 -1149.48
2881 299.06 1329.85
2882 -262.61 -1334.4
2883 470.73 1300.12
2884 503.13 -1292.92
2885 -469.98 -1300.28
2886 -592.61 1270.28
2887 897.31 -1159.74
2888 -1100.77 1050.93
2889 -39.85 -1349.25
2890 -117.22 1346.59
2891 706.07 -1235.49
2892 -619.92 -1262.55
2893 1322.85 -886.546
2894 -876.56 -1169.09
2895 -654.22 -1252.27
2896 -479.78 -1298.16
2897 1629.47 -500.318
2898 1072.5 1068.08
2899 971.32 1123.91
2900 1600.82 -552.34
2901 -1353.05 -859.154
2902 -1525.64 666.454
2903 1114.93 -1042.06
2904 798.65 1201.67
2905 -709.19 1234.43
2906 -520.08 -1288.94
2907 -1028.07 1093.63
2908 -521.97 -1288.49
2909 1514.88 680.823
2910 -1238.45 -955.969
2911 -1662.12 432.118
2912 805.88 -1198.81
2913 -71.87 -1348.47
2914 -1070.33 -1069.37
2915 -796.37 -1202.56
2916 859.49 1176.57
2917 98.29 -1347.48
2918 -549.59 -1281.68
2919 -945.69 1136.77
2920 1326.41 883.393
2921 -54.98 -1348.94
2922 1345.45 -866.187
2923 1080.77 -1063.14
2924 1198.28 -985.797
2925 206.04 -1340.26
2926 512.27 -1290.79
2927 228.26 -1338.13
2928 983.49 1117.63
2929 342.43 1323.65
2930 -1555.45 624.351
2931 1575.83 -593.341
2932 -1142.14 -1024.47
2933 -26.01 1349.45
2934 -481.88 -1297.7
2935 1554.39 625.911
2936 969.76 1124.7
2937 -477.03 -1298.76
2938 -1014.82 -1100.93
2939 211.57 1339.75
2940 -721.67 1230.14
2941 -275.57 1332.85
2942 -1674.89 -401.884
2943 1603.03 -548.535
2944 -746.33 1221.41
2945 -700.16 1237.48
2946 1646.4 -466.37
2947 -1551 630.867
2948 -1651.76 -455.017
2949 1269.32 931.702
2950 -734.86 1225.52
2951 235.28 1337.41
2952 -965.07 1127.09
2953 -147.18 1344.85
2954 -1230.86 -961.752
2955 62.94 1348.73
2956 -1586.41 -576.417
2957 -1576.57 592.176
2958 786.71 1206.32
2959 -1429.28 -782.716
2960 249.26 1335.91
2961 -1170.57 1005.3
2962 -1032.07 1091.4
2963 975.89 -1121.56
2964 1553.07 627.847
2965 877 -1168.9
2966 -1116.54 -1041.04
2967 1398.01 -815.449
2968 -1673.38 -405.589
2969 1114.04 -1042.62
2970 1160.51 1012.18
2971 165.98 -1343.55
2972 -685.04 -1242.48
2973 1499.05 701.25
2974 1228.08 963.852
2975 -618.45 1262.98
2976 -1509.84 -687.416
2977 -286.63 -1331.47
2978 -253.81 -1335.41
2979 -694.67 1239.31
2980 -510.02 -1291.32
2981 -434.73 1307.52
2982 -89.59 -1347.84
2983 -1579.18 -588.047
2984 403.15 -1313.49
2985 1210.91 -976.622
2986 -1171.87 1004.41
2987 -118.43 1346.52
2988 152.19 -1344.52
2989 920.34 -1149.01
2990 -869.18 1172.35
2991 -247.98 -1336.05
2992 1366.82 -846.158
2993 610.25 -1265.33
2994 -618.7 -1262.9
2995 -51.73 1349.02
2996 -925.85 1146.39
2997 -235.12 -1337.43
2998 1131.53 -1031.41
2999 26.46 1349.45
3000 927.46 1145.62
3001 872.57 -1170.86
3002 642.22 -1255.94
3003 306.98 -1328.78
3004 751.4 1219.57
3005 -220.6 -1338.89
3006 1701.5 -329.162
3007 -212.98 1339.62
3008 -1303.66 903.209
3009 490.37 -1295.82
3010 -1361.31 -851.398
3011 1532.96 -656.44
3012 -825.57 1190.85
3013 -1082.72 -1061.96
3014 -900.64 1158.21
3015 1296.94 -908.916
3016 1114.05 -1042.61
3017 -294.87 1330.4
3018 1326.32 -883.473
3019 238.09 1337.12
3020 229.55 1338
3021 415.89 -1311.14
3022 1045.07 -1084.05
3023 500.95 1293.42
3024 622.73 -1261.73
3025 800.14 1201.08
3026 1084.92 1060.63
3027 1263.38 -936.467
3028 341.67 1323.76
3029 1205.32 980.705
3030 -987.26 1115.66
3031 525.49 1287.65
3032 692.59 1240
3033 991.24 1113.57
3034 499.45 1293.76
3035 583.1 1272.89
3036 233.82 -1337.56
3037 -13.57 1349.56
3038 -1274.86 927.216
3039 1198.86 985.38
3040 -1415.44 -797.459
3041 -1531.92 -657.875
3042 1327.23 -882.664
3043 1626.95 505.147
3044 -5.78 -1349.59
3045 -782.91 1207.78
3046 82.72 -1348.1
3047 1298.29 907.775
3048 -601.99 -1267.67
3049 1688.63 366.285
3050 -1288.27 916.183
3051 -155.51 -1344.29
3052 1074.71 -1066.77
3053 353.96 -1321.85
3054 862.68 1175.19
3055 855.12 -1178.45
3056 -1131.41 1031.49
3057 1022.46 1096.74
3058 -562.68 -1278.31
3059 -93.74 -1347.67
3060 -1435.42 -776.039
3061 838.03 1185.69
3062 1720.56 264.109
3063 653.11 -1252.61
3064 -995.4 1111.37
3065 1403.43 809.922
3066 181.26 1342.38
3067 981.25 1118.79
3068 -308.97 -1328.51
3069 -1718.31 272.638
3070 -6.61 1349.59
3071 622.34 1261.84
3072 -1589.41 -571.506
3073 1341.53 -869.778
3074 276.67 -1332.72
3075 -769.08 -1213.03
3076 1233.2 959.976
3077 1137.25 1027.69
3078 -639.99 1256.61
3079 -253.98 -1335.39
3080 -3.26 -1349.6
3081 1086.67 -1059.57
3082 -151.71 -1344.55
3083 -1166.6 -1008.03
3084 -1591.77 -567.606
3085 -1060.94 -1074.89
3086 429.21 1308.59
3087 -1442.48 768.254
3088 -386.24 1316.49
3089 716.69 -1231.87
3090 1388.03 -825.476
3091 -1467.2 -740.036
3092 -563.26 1278.16
3093 -396.76 -1314.64
3094 1006.32 1105.53
3095 1633.35 -492.775
3096 1312.78 -895.359
3097 -840.34 -1184.72
3098 1107.84 1046.52
3099 670.24 1247.24
3100 1245.83 950.278
3101 472.75 -1299.69
3102 -727.33 1228.17
3103 1230.5 -962.024
3104 955.29 -1132.01
3105 -792.84 -1203.94
3106 -1422.8 789.671
3107 1184.82 -995.377
3108 1741.2 -165.755
3109 -223.91 1338.57
3110 -1534.44 654.391
3111 1028.54 -1093.37
3112 -1457.42 -751.384
3113 79.27 1348.22
3114 -339.72 1324.06
3115 -937.03 1141
3116 -1703.15 -324.073
3117 698.82 1237.93
3118 1120.51 -1038.51
3119 1600.46 -552.957
3120 -1626.38 -506.232
3121 -832.29 1188.08
3122 -1299.87 -906.436
3123 -609.41 -1265.57
3124 -911.65 1153.1
3125 844.43 1183
3126 -1516.05 -679.28
3127 -641.84 1256.05
3128 -291.09 -1330.9
3129 -867.73 1172.98
3130 762.93 -1215.32
3131 1133.09 -1030.4
3132 -1311.43 896.529
3133 -796.32 1202.58
3134 -818.24 1193.84
3135 578.47 1274.14
3136 1394.9 818.595
3137 1182.3 -997.149
3138 -511.02 -1291.09
3139 -507.77 -1291.85
3140 256.92 1335.05
3141 1203.47 982.049
3142 -342.91 -1323.57
3143 272.17 1333.26
3144 -456.03 -1303.22
3145 1234.2 -959.216
3146 -35.71 1349.32
3147 1457.22 751.614
