%%index real_part   imaginary_part
3134 3134 3134
1 130.12 -264.405
2 -179.74 260.069
3 219.19 -255.554
4 -15.53 -269.034
5 537.93 172.072
6 -602.25 -136.968
7 437.79 209.911
8 -310.03 241.239
9 14.97 -269.038
10 -616.93 -126.936
11 210.87 256.587
12 222.15 255.175
13 302.74 242.604
14 105.38 266.03
15 165.05 261.505
16 -531.07 -175.196
17 570.08 -156.01
18 -266.5 -248.814
19 433.48 211.23
20 498.64 188.768
21 -449.2 206.314
22 114.55 265.469
23 -411.68 -217.586
24 -372.25 -227.851
25 302.3 -242.686
26 139.05 263.732
27 152.74 -262.609
28 514.9 -182.196
29 616.53 127.223
30 -495.22 -190.095
31 -401.74 220.317
32 307.72 -241.676
33 392.88 222.668
34 18.94 -269.001
35 599.42 138.792
36 -416.75 216.154
37 73.18 -267.624
38 547.01 167.784
39 51.26 268.377
40 -380.95 225.714
41 55.99 -268.237
42 -685.24 54.3522
43 -393.85 222.415
44 -25.07 -268.927
45 -224.78 254.834
46 617.52 126.51
47 401.43 -220.401
48 622.03 -123.199
49 371.36 -228.066
50 -558.35 -162.164
51 348.7 -233.298
52 -350.08 232.992
53 518.57 -180.65
54 -408.35 -218.512
55 391.67 222.984
56 -295.38 243.943
57 -575.49 153.044
58 -527.25 176.894
59 348.58 233.324
60 273.96 247.613
61 481.66 -195.181
62 133.88 264.128
63 -237.33 253.145
64 -327.42 237.816
65 -264.59 249.116
66 -648.25 101.247
67 497.15 189.349
68 -583.46 148.513
69 -596.69 -140.522
70 429.62 -212.394
71 -463.19 201.686
72 -594.9 -141.64
73 652.5 -97.1241
74 330.85 237.112
75 -37.03 268.723
76 -471.27 -198.898
77 219.16 -255.557
78 -539.61 171.292
79 -498.15 188.96
80 -624.62 -121.245
81 -461.4 -202.292
82 357.18 231.392
83 503.55 186.83
84 -21.08 268.978
85 175.59 260.488
86 184.29 -259.597
87 659.52 89.8366
88 461.8 202.157
89 118.38 265.22
90 -136.31 -263.944
91 314.09 240.46
92 52.35 -268.346
93 25.46 268.922
94 -470.76 -199.077
95 0.7 -269.1
96 -436.33 -210.36
97 -328.9 237.513
98 -557.59 162.551
99 624.82 -121.092
100 111.31 -265.673
101 686.18 52.5686
102 333.57 236.548
103 570.94 -155.544
104 -652.78 -96.8454
105 210.93 256.58
106 363.46 229.941
107 -183.62 -259.667
108 589.58 -144.893
109 -405.98 -219.165
110 289.43 -244.996
111 7.06 269.086
112 -178.75 260.17
113 686.23 52.472
114 -94.51 -266.634
115 -680.16 63.0891
116 46.32 -268.51
117 -632.74 114.848
118 -144.45 263.302
119 -282.78 -246.142
120 -467.09 -200.351
121 -675.2 70.5315
122 680.69 -62.2378
123 377.4 -226.595
124 -489.8 -192.161
125 -472.68 -198.403
126 485.21 193.876
127 106.23 -265.98
128 205.15 -257.272
129 -482.08 195.028
130 -163.82 261.62
131 -601.21 137.642
132 383.4 225.1
133 384.49 -224.825
134 476.41 -197.078
135 -295.98 243.835
136 -212.59 -256.377
137 431.23 -211.91
138 278.02 246.943
139 342.54 -234.644
140 14.8 269.04
141 -441.7 208.696
142 232.29 253.836
143 -487.89 192.879
144 114.66 -265.462
145 446.64 207.135
146 -449.02 206.372
147 -168.11 261.217
148 236.64 -253.241
149 -640.58 108.228
150 -646.73 -102.675
151 23.17 268.952
152 144.11 -263.33
153 -133.73 -264.139
154 369.44 228.527
155 642.03 106.949
156 -566.7 -157.821
157 -628.64 118.131
158 235.09 -253.454
159 -672.23 74.6103
160 483.61 194.467
161 -215.09 -256.068
162 626.34 -119.925
163 544.28 -169.092
164 353.39 -232.251
165 213.13 -256.311
166 -37.41 268.715
167 -420.87 214.97
168 396.73 221.656
169 -242.99 -252.35
170 684.22 -56.221
171 654.18 -95.4377
172 436.08 210.437
173 644.23 -104.974
174 527.01 177
175 40.58 268.647
176 -330.58 237.168
177 289.54 -244.976
178 -626.1 -120.11
179 -337.36 -235.751
180 -63.89 267.976
181 -135.46 264.008
182 575.23 -153.188
183 -129.3 -264.465
184 170.92 -260.947
185 -212.03 256.446
186 195.67 -258.362
187 -213.09 -256.316
188 -510.87 183.867
189 -149.67 -262.871
190 -659.19 -90.1942
191 -267.56 -248.646
192 429.37 -212.468
193 531.43 -175.034
194 260.54 249.746
195 -352.12 232.537
196 478.77 -196.23
197 -519.42 -180.289
198 -195.92 -258.334
199 128.57 264.517
200 19.81 268.992
201 395.39 -222.01
202 353 -232.339
203 -487.19 193.14
204 -426.23 -213.402
205 538.63 -171.748
206 -324.44 -238.419
207 -654.76 94.8475
208 -262.64 249.421
209 473.17 198.23
210 -67.22 267.855
211 506.68 -185.574
212 -212.03 256.446
213 -615.99 -127.609
214 291.37 -244.655
215 -648.6 -100.914
216 -660.19 89.1056
217 -204.83 257.31
218 -194.62 -258.48
219 599.89 138.491
220 -395.87 -221.884
221 400.22 220.726
222 23.02 -268.954
223 551.11 -165.787
224 642.46 106.566
225 175.58 -260.489
226 583.62 -148.42
227 -248.35 251.577
228 388.17 -223.887
229 -341.52 -234.864
230 78.48 -267.402
231 317.85 239.728
232 597.55 139.98
233 571.56 155.207
234 568.59 -156.812
235 -157.38 -262.204
236 417.07 216.062
237 432.57 211.506
238 -541.69 170.318
239 -690.09 -44.3556
240 -269.9 248.272
241 -270.89 -248.112
242 -500.74 -187.944
243 630.95 116.295
244 -103.07 266.164
245 -65.93 -267.903
246 -152.18 -262.657
247 -323 -238.708
248 624.72 -121.168
249 394.49 -222.247
250 232.17 253.852
251 533.64 -174.037
252 142.62 263.45
253 480.13 -195.738
254 -0.27 -269.1
255 585.01 -147.608
256 154.46 -262.461
257 308.18 241.589
258 120.07 -265.108
259 -136.78 -263.908
260 -541.34 170.483
261 -396.25 -221.783
262 -336.32 235.971
263 483.65 194.452
264 328.75 237.544
265 123.24 264.893
266 -24.49 -268.935
267 -449.56 206.198
268 274.53 -247.519
269 581.61 149.582
270 -662.88 -86.1007
271 629.74 -117.261
272 54.08 268.295
273 -135.63 263.995
274 647.87 101.606
275 -137.36 -263.863
276 68.04 -267.825
277 -433.6 211.194
278 159.03 -262.056
279 409.57 -218.174
280 181.69 259.868
281 406.56 -219.006
282 -219.81 255.475
283 146.09 -263.168
284 441.96 -208.615
285 -473.76 198.021
286 444.45 207.831
287 350.01 -233.007
288 181.65 259.872
289 217.9 255.717
290 437.07 210.133
291 523.01 -178.747
292 172.95 -260.749
293 105.24 -266.038
294 263.01 249.363
295 117.52 -265.277
296 -332.51 -236.769
297 550.42 166.126
298 -204.85 257.308
299 651.36 -98.2496
300 -374.56 227.291
301 37.31 268.717
302 110.86 265.701
303 649.29 -100.256
304 231.74 253.91
305 -205.07 -257.282
306 -7.64 -269.084
307 -630.03 117.031
308 567.33 -157.486
309 -519.08 180.433
310 37.36 -268.716
311 -161.33 -261.848
312 598.54 -139.353
313 -552.83 -164.938
314 -328.76 -237.542
315 51.32 -268.375
316 352.74 232.398
317 120.99 -265.046
318 246.58 -251.834
319 53.69 -268.306
320 -617.68 126.395
321 120.14 -265.103
322 482.07 195.032
323 319.93 -239.319
324 -279.47 246.7
325 -465.23 200.991
326 -295.7 -243.885
327 -485.44 -193.791
328 -503.81 -186.727
329 -80.22 -267.325
330 -24.5 268.935
331 -552.73 -164.988
332 -304.21 -242.332
333 470.82 -199.056
334 620.82 -124.098
335 510.5 -184.019
336 -344.93 -234.125
337 -290.21 244.859
338 659.41 89.956
339 81.33 -267.276
340 696.62 25.0578
341 -222.06 -255.187
342 -440.54 -209.058
343 -170.55 260.983
344 -346.97 233.679
345 -599.54 -138.715
346 280.58 -246.514
347 441.82 -208.658
348 -505.25 -186.15
349 400.48 220.657
350 181.19 -259.92
351 -465.05 201.052
352 -514.71 -182.276
353 -271.71 -247.979
354 -596.49 -140.647
355 370.52 228.268
356 599.53 -138.722
357 -22.74 -268.958
358 -682.06 -59.978
359 667.33 -80.8559
360 -217.24 -255.8
361 -55.28 268.259
362 417.23 216.017
363 209.27 -256.781
364 601.23 -137.629
365 -116.92 265.316
366 189.4 259.053
367 -82.54 -267.221
368 -468.58 199.836
369 -608.93 132.527
370 -584.91 -147.666
371 77.17 -267.458
372 -165.24 -261.487
373 432.17 -211.627
374 32.55 268.809
375 -12.33 -269.058
376 113.56 265.532
377 616.82 -127.015
378 565.92 -158.235
379 307.63 -241.693
380 -242.41 252.432
381 392.98 222.642
382 208.42 256.883
383 520.4 179.87
384 584.65 147.819
385 -615.63 127.866
386 666.89 81.3911
387 -480.46 -195.618
388 237.55 -253.115
389 303.26 -242.508
390 645.91 -103.435
391 -625.24 -120.771
392 -455.01 204.422
393 77 -267.465
394 -17.43 269.016
395 -560.58 161.022
396 583.83 148.297
397 -658.61 -90.8188
398 485.42 193.799
399 57.39 -268.193
400 300.41 -243.032
401 84.41 267.134
402 344.05 234.317
403 387.08 -224.166
404 487.19 193.14
405 -676.91 -68.0637
406 -269.56 -248.326
407 618.23 -125.996
408 -242.72 -252.388
409 407.95 -218.623
410 182.02 -259.834
411 -189.37 259.056
412 123.99 264.841
413 35.8 268.747
414 445.19 207.596
415 -538.82 171.66
416 -615.34 -128.072
417 -102.11 -266.219
418 560.63 160.996
419 131.44 264.309
420 357.32 -231.36
421 -327.68 237.763
422 509.27 184.522
423 -658.1 -91.3641
424 310.64 -241.123
425 -406.86 218.923
426 267.83 -248.603
427 -318.87 239.528
428 -519.6 180.212
429 -339.47 235.303
430 693.35 -36.0591
431 -325.15 238.276
432 558.8 161.935
433 -181.86 259.851
434 -438.9 -209.568
435 -102.12 266.218
436 -6.92 269.087
437 -264.36 -249.152
438 635.18 112.838
439 663.1 -85.8497
440 -57.06 -268.204
441 -80.1 -267.331
442 381.07 225.684
443 -67.99 -267.826
444 34.13 268.78
445 249.23 251.448
446 171.07 -260.932
447 -98.02 266.446
448 -132.17 -264.255
449 -135.16 -264.031
450 -79.94 267.338
451 -482.3 -194.948
452 -495.47 -189.999
453 246.68 -251.82
454 617.57 -126.474
455 138.75 -263.755
456 -139.62 263.688
457 -505.96 -185.865
458 0.17 -269.1
459 222.87 -255.082
460 274.01 247.605
461 -147.93 263.016
462 -551.81 165.443
463 -487.96 -192.853
464 -296.71 243.704
465 -258.48 250.063
466 316.9 -239.914
467 -320.4 239.226
468 -691.81 40.1972
469 -351.35 232.709
470 -279.06 246.769
471 -215.05 256.073
472 239.39 252.858
473 -34.16 -268.779
474 366.32 229.269
475 -412.53 -217.348
476 422 -214.642
477 565.8 158.298
478 -624.98 -120.97
479 -32.7 -268.806
480 163.65 261.635
481 398.75 221.12
482 -521.3 -179.484
483 -169.28 261.105
484 -129.89 -264.422
485 321.69 -238.97
486 -25.94 268.915
487 -81.25 -267.279
488 294.58 244.086
489 507.6 185.202
490 244.17 252.181
491 160.34 261.938
492 -404.03 -219.697
493 -669.55 78.0938
494 46.85 -268.496
495 -230.65 -254.057
496 -621.93 -123.273
497 -139.59 -263.69
498 -185.06 259.516
499 -52.16 -268.351
500 632.73 114.856
501 -267.32 -248.684
502 252.01 -251.038
503 127.17 -264.618
504 -467.49 200.213
505 -399.75 220.852
506 19.51 268.995
507 606.25 134.332
508 311.8 -240.901
509 460.12 202.723
510 226.43 -254.618
511 -473.37 198.159
512 583.72 148.361
513 696.73 -24.6013
514 -664.71 -83.9877
515 459.08 -203.072
516 -559.99 -161.326
517 135.9 263.975
518 -507.57 -185.214
519 -31.06 268.835
520 -453.48 204.925
521 -462.5 201.92
522 218.47 -255.645
523 665.93 -82.5457
524 218.93 -255.587
525 322.32 238.844
526 349.26 233.174
527 222.67 -255.108
528 -464.17 201.353
529 -559.81 -161.418
530 403.27 219.904
531 -627.27 119.204
532 483.17 194.629
533 222.96 255.071
534 514.33 182.434
535 -268.28 -248.531
536 425.07 213.744
537 463.68 201.52
538 673.41 73.0192
539 -667.03 -81.2212
540 522.63 -178.911
541 -690.17 44.1711
542 403.51 219.838
543 87.86 -266.97
544 -439.96 -209.239
545 -27.5 268.892
546 -390.59 223.264
547 -309.18 -241.4
548 142.72 -263.442
549 398.76 221.117
550 409.37 218.23
551 311.06 241.042
552 -566.31 158.028
553 536.12 172.906
554 345.89 -233.916
555 596.57 140.597
556 -529.43 175.929
557 18.29 269.008
558 -301.77 -242.783
559 -287.54 245.325
560 376.93 -226.71
561 -432.68 211.473
562 -224.59 254.859
563 77.32 267.452
564 -213.84 256.223
565 -290.97 244.726
566 260.04 249.823
567 5.57 -269.091
568 -531.77 -174.881
569 -256.56 250.355
570 387.47 224.066
571 49.14 -268.435
572 -630.72 -116.48
573 -121.75 -264.994
574 548.62 167.005
575 -412.74 217.289
576 123.66 -264.864
577 -230.43 254.087
578 -566.79 157.773
579 -35.93 -268.745
580 434.6 210.89
581 -615.7 -127.816
582 191.26 258.85
583 426.6 213.292
584 301.35 -242.86
585 -2.91 -269.098
586 -444.8 207.72
587 -283.01 246.103
588 234.81 253.493
589 61.46 268.06
590 432.51 -211.524
591 -168.42 261.187
592 -559.33 161.664
593 273.34 -247.714
594 468.82 199.753
595 660.58 88.677
596 123.64 264.865
597 -133.99 264.119
598 221.74 255.228
599 -536.63 -172.671
600 319.25 239.453
601 -497.57 -189.185
602 580.22 -150.379
603 -340.41 235.102
604 281.94 -246.284
605 -571.38 -155.305
606 605.49 134.838
607 -507.94 185.064
608 350.65 232.865
609 1.42 269.099
610 36.67 268.73
611 -350.49 -232.901
612 -384.13 224.916
613 -487.31 193.096
614 -229.16 254.257
615 -451.54 -205.557
616 -458.36 -203.312
617 -377.44 226.585
618 109.76 -265.768
619 -113.67 265.525
620 -450.62 205.856
621 313.61 -240.553
622 94.59 -266.629
623 -669.86 -77.6995
624 -57.26 -268.197
625 505.64 185.993
626 578.59 -151.305
627 399.73 -220.858
628 485.08 193.925
629 515.87 181.79
630 -12.75 -269.055
631 152.44 -262.635
632 416.56 216.208
633 686.3 -52.3364
634 -444.6 207.783
635 -672.39 -74.3967
636 384.56 -224.807
637 -186.6 -259.353
638 -427.95 -212.892
639 601.78 -137.273
640 -551.02 -165.832
641 -629.29 117.618
642 12.65 -269.056
643 -641.68 -107.259
644 -589.74 144.797
645 402.94 -219.993
646 57.38 268.193
647 -169.88 -261.047
648 -260.4 -249.768
649 -438.69 209.633
650 -659.93 -89.3901
651 -517.25 181.209
652 -165.78 261.437
653 -17.06 -269.02
654 -265.5 -248.972
655 -427.83 212.927
656 -310.69 -241.113
657 175.69 260.478
658 -581.03 -149.915
659 -455.32 -204.32
660 -314.4 -240.401
661 -171.03 260.936
662 559.67 -161.49
663 -657.35 -92.1593
664 134.42 264.087
665 134.46 -264.084
666 -472.38 -198.508
667 516.77 -181.412
668 -612.71 -129.924
669 172.18 260.824
670 495.94 189.818
671 -578.52 151.344
672 508.7 184.755
673 140.62 263.609
674 498.01 -189.014
675 390.56 223.271
676 62.73 -268.016
677 652.92 96.7057
678 392.48 222.773
679 82.33 -267.23
680 319.63 239.378
681 -49.33 268.43
682 487.68 -192.957
683 -402.45 220.126
684 192.75 -258.687
685 -124.06 264.836
686 624.21 121.557
687 -605.88 -134.579
688 86.27 -267.047
689 -345.4 -234.023
690 599.07 -139.016
691 -145.71 -263.2
692 13.82 269.047
693 604.58 -135.441
694 319.86 -239.333
695 151.54 262.712
696 -234.07 253.594
697 -23.87 -268.943
698 -37.7 -268.709
699 -30.79 268.839
700 175.3 -260.517
701 650.2 -99.3797
702 -95.5 -266.581
703 259.39 249.923
704 425.02 -213.758
705 549.87 166.395
706 -8.54 -269.08
707 103.26 -266.153
708 247.42 -251.712
709 516.55 -181.504
710 293.96 244.196
711 439.79 -209.292
712 304.37 242.302
713 375.37 -227.093
714 39.26 268.676
715 187.8 -259.225
716 87.54 266.985
717 362.7 -230.119
718 62.65 268.019
719 671.67 75.3526
720 438.14 -209.803
721 -343.17 234.508
722 150.42 262.807
723 -414.24 216.866
724 -182.71 259.762
725 -474.68 -197.695
726 -43.69 268.575
727 204.84 -257.309
728 441.48 208.765
729 -474.33 197.819
730 -334.19 -236.418
731 -196.33 -258.288
732 235.52 253.395
733 6.73 -269.088
734 -468.33 -199.923
735 647.35 -102.095
736 77.69 -267.436
737 165.88 -261.428
738 316.17 240.057
739 -617.5 126.525
740 188.4 259.16
741 403.86 -219.743
742 622.64 122.742
743 133.13 264.184
744 550.21 -166.229
745 -515.15 -182.092
746 -597.76 139.847
747 -345.07 -234.095
748 -660.29 88.996
749 208.05 -256.927
750 200.55 257.808
751 -218.42 -255.651
752 -446.36 207.224
753 -652.73 96.8953
754 235.8 -253.357
755 77.28 -267.453
756 -651.84 97.7775
757 288.21 -245.208
758 48.69 -268.448
759 -57.81 -268.18
760 -249.36 -251.429
761 100.04 -266.335
762 -346.71 233.736
763 684.35 55.9864
764 262.2 -249.489
765 247.6 -251.686
766 430.4 212.16
767 -189.29 259.064
768 -547.62 -167.489
769 -265.09 -249.037
770 499.69 188.357
771 582.35 -149.156
772 376.39 -226.843
773 -187.48 -259.259
774 148.75 -262.948
775 -111.4 265.667
776 -273.61 -247.67
777 534.14 -173.81
778 697.52 21.0306
779 408.09 218.584
780 572.88 -154.485
781 -693.43 -35.8309
782 -671.21 -75.9566
783 253.55 250.808
784 93.19 -266.702
785 425.91 213.496
786 -471.51 -198.814
787 -341.3 234.911
788 -6.53 -269.088
789 -531.84 -174.85
790 260.07 249.819
791 139.57 -263.691
792 111.9 -265.636
793 682.23 -59.6913
794 120.94 -265.049
795 88.24 -266.951
796 -132.7 -264.216
797 -367.77 -228.925
798 442.19 -208.542
799 -46.11 -268.515
800 -684.13 -56.3827
801 -59.92 268.111
802 -312.32 -240.801
803 -102.73 -266.183
804 -159.16 262.045
805 248.31 -251.583
806 6.14 -269.09
807 -563.72 -159.392
808 -199.72 -257.903
809 -152.16 262.659
810 -130.12 264.405
811 548 -167.305
812 -2.22 269.099
813 -403.5 -219.841
814 -607.39 133.568
815 8.06 -269.082
816 -112.45 265.602
817 -152.55 -262.626
818 -152.69 262.614
819 -277.88 -246.966
820 202.46 -257.587
821 -28.03 268.884
822 434.67 210.868
823 -453.23 -205.006
824 -132.01 -264.267
825 -607.91 133.218
826 -254.19 -250.712
827 601.55 -137.422
828 619.75 124.887
829 51.97 -268.357
830 183.85 259.643
831 301.49 -242.835
832 147.86 -263.022
833 -35.27 268.758
834 -606.95 133.864
835 83.55 267.174
836 -493.41 190.79
837 -603.14 136.387
838 118.98 265.18
839 -638.63 -109.919
840 -217.24 -255.8
841 65.98 -267.901
842 192.31 -258.735
843 -281.49 -246.36
844 196.49 -258.27
845 -386.22 224.385
846 -1.25 269.1
847 393.53 222.499
848 159.14 -262.047
849 -308.24 -241.578
850 -643.26 105.85
851 -127.14 -264.62
852 27.41 -268.893
853 620.27 -124.504
854 103.46 266.142
855 165.47 -261.466
856 -398.23 -221.258
857 -356.92 231.452
858 484.61 -194.098
859 543.56 -169.435
860 585.72 147.191
861 -254.43 -250.676
862 74.72 267.561
863 511.41 183.645
864 -425.32 213.67
865 41.35 268.63
866 524.1 178.274
867 -428.44 -212.746
868 199.03 257.982
869 495.36 -190.041
870 176.01 260.446
871 380.77 225.759
872 476.62 -197.003
873 -115.34 -265.418
874 -118.92 265.184
875 683.85 -56.883
876 -639.86 108.856
877 146.68 -263.12
878 520.39 -179.874
879 -298.57 243.368
880 -13 269.054
881 -306.95 241.821
882 68.03 267.825
883 -404.67 -219.523
884 -539.15 171.506
885 -257.96 250.142
886 -43.52 -268.579
887 517.61 -181.057
888 257.11 -250.272
889 669.17 -78.5741
890 -358.84 -231.012
891 293.86 -244.214
892 -29.65 -268.858
893 339.93 235.205
894 179.62 260.081
895 -673.02 73.5492
896 305 -242.185
897 -457.13 203.721
898 -159.84 261.984
899 -534.71 173.55
900 455.53 -204.251
901 163.38 261.66
902 197.5 -258.156
903 -335.52 -236.14
904 534.27 173.751
905 -213.68 -256.243
906 57.57 268.187
907 -230.37 254.095
908 496.71 -189.519
909 -361.02 -230.509
910 121.85 -264.988
911 -491.2 191.632
912 61.05 268.074
913 297.43 -243.574
914 -207 -257.053
915 170.43 260.994
916 -287.18 -245.387
917 600.78 -137.92
918 230.83 254.033
919 673.95 -72.2784
920 -343.83 -234.365
921 -298.29 243.418
922 -672.7 73.981
923 639.24 -109.393
924 696.3 26.3407
925 7.53 269.084
926 485.47 193.78
927 496.59 -189.566
928 339.52 235.292
929 -174.09 260.637
930 -535.01 173.413
931 -162.84 261.71
932 618.94 125.48
933 544.33 -169.068
934 591.48 143.743
935 -278.69 246.831
936 -677.12 -67.754
937 129.37 -264.46
938 422.29 214.557
939 -337.61 235.698
940 -236.36 -253.28
941 240.36 252.722
942 682.34 -59.505
943 -607.37 -133.582
944 -471.36 198.867
945 322.82 238.744
946 -332.18 236.837
947 -311.17 241.021
948 -637.01 111.301
949 524.55 -178.078
950 647.75 101.719
951 651.43 -98.1809
952 -134.86 264.054
953 -152.78 262.606
954 -645.42 -103.887
955 212.07 -256.441
956 -99.77 266.35
957 477.04 -196.853
958 600.92 -137.829
959 -111.94 -265.634
960 -423.69 214.149
961 673.18 73.3322
962 -547.8 -167.402
963 284.44 245.859
964 110.46 -265.725
965 617.33 -126.648
966 527.25 -176.894
967 675.83 69.6332
968 493.42 190.787
969 625.86 -120.295
970 171.25 -260.915
971 -64.92 267.939
972 388.76 -223.736
973 268.62 248.477
974 -470.33 -199.227
975 -67.24 -267.854
976 -621.7 -123.445
977 210.39 -256.645
978 -1.96 269.099
979 316.45 240.002
980 280.4 246.544
981 224.61 -254.856
982 -259.96 -249.836
983 -45.88 268.521
984 52.08 268.353
985 607.03 -133.81
986 524.77 177.982
987 -63.56 267.987
988 -82.47 -267.224
989 -641.88 -107.082
990 455.74 -204.182
991 -329.75 -237.339
992 -238.1 253.038
993 -188.04 -259.199
994 687.58 -49.7891
995 -607.63 -133.407
996 248.57 -251.545
997 -454.59 -204.56
998 -28.07 -268.883
999 -478.39 196.368
1000 557.96 -162.363
1001 596.5 140.641
1002 341.97 -234.767
1003 -183.11 259.721
1004 230.07 -254.135
1005 254.15 250.718
1006 481.08 195.393
1007 516.59 181.487
1008 571.05 155.484
1009 646.41 -102.972
1010 360.12 230.717
1011 533.09 174.286
1012 -532.44 174.58
1013 -459.65 202.881
1014 -519.06 180.442
1015 -445.79 -207.406
1016 147.86 263.022
1017 -150.03 262.84
1018 515.87 181.79
1019 470.34 -199.223
1020 655.33 94.2634
1021 -128.57 -264.517
1022 617.79 126.315
1023 -105.62 266.016
1024 -19.6 -268.994
1025 506.78 -185.534
1026 459.84 202.817
1027 285.8 -245.625
1028 -122.3 -264.957
1029 -155.87 262.337
1030 -7.42 -269.085
1031 76.42 -267.49
1032 101.9 -266.231
1033 425.8 213.529
1034 -215.28 -256.045
1035 557.88 -162.403
1036 691.77 40.2989
1037 399.04 -221.042
1038 37.79 268.707
1039 561.09 160.759
1040 -136.31 -263.944
1041 -363.08 -230.03
1042 -218.02 255.702
1043 233.55 -253.665
1044 -11.83 -269.062
1045 71.92 267.674
1046 2.12 269.099
1047 -649.27 100.275
1048 -606.92 133.884
1049 -390.93 223.176
1050 154.67 262.442
1051 -12.96 -269.054
1052 -634.86 113.104
1053 382.69 225.278
1054 443.1 -208.256
1055 453.63 204.875
1056 -604.1 -135.757
1057 -496.86 -189.461
1058 417.7 215.882
1059 -488.92 192.493
1060 167.38 -261.286
1061 -383.04 225.19
1062 -131.28 -264.32
1063 -436.55 210.293
1064 485.12 -193.91
1065 492.28 -191.222
1066 698.92 12.3726
1067 557.3 -162.698
1068 -149.49 262.886
1069 212.27 256.416
1070 607.72 -133.346
1071 614.66 128.554
1072 -596.17 -140.848
1073 -71.25 -267.701
1074 512.96 183.004
1075 535.14 -173.354
1076 51.21 -268.378
1077 -79.24 267.369
1078 -94.06 -266.657
1079 -320.54 -239.198
1080 674.15 -72.002
1081 228.52 254.342
1082 -236.12 253.313
1083 -315.84 240.121
1084 -309.86 241.271
1085 344.29 -234.265
1086 -332.25 -236.823
1087 -560.85 160.883
1088 128.96 264.489
1089 693.78 -34.8142
1090 -265.19 -249.021
1091 -632.12 115.351
1092 239.08 -252.902
1093 298.38 243.402
1094 -7.04 -269.086
1095 549.17 166.737
1096 3.09 269.097
1097 465.71 200.826
1098 238.85 -252.934
1099 -12.5 269.057
1100 -157.42 262.2
1101 -423.84 -214.105
1102 410.46 217.927
1103 331.39 -237.001
1104 -639.91 108.812
1105 292.51 -244.454
1106 -523.3 -178.621
1107 684.5 55.7145
1108 -538.37 171.868
1109 178.97 -260.147
1110 -625.83 -120.318
1111 -297.61 243.542
1112 -662.34 -86.7133
1113 -558.13 -162.276
1114 -300.81 242.959
1115 -41.76 268.62
1116 -507.3 -185.323
1117 -249.63 251.389
1118 53.16 268.322
1119 -205.31 257.253
1120 1.85 269.099
1121 630.53 116.632
1122 -244.42 -252.145
1123 163.62 -261.638
1124 528.02 176.554
1125 -105.14 -266.044
1126 525.18 -177.803
1127 -393.23 -222.577
1128 16.5 269.025
1129 174.37 260.609
1130 -21.84 -268.969
1131 -573.81 -153.974
1132 539.15 171.506
1133 -486.8 -193.286
1134 -431.18 -211.925
1135 471.66 198.761
1136 -583.8 148.315
1137 -51.36 268.374
1138 -639.87 -108.847
1139 -250.18 -251.308
1140 300.77 242.967
1141 559.97 161.336
1142 -626.38 -119.894
1143 463.34 201.635
1144 -628.97 -117.871
1145 -408.1 -218.581
1146 541.5 170.408
1147 -138.46 -263.778
1148 688.13 -48.6521
1149 -305.13 -242.161
1150 -434.28 -210.987
1151 -219.96 -255.456
1152 292.68 244.424
1153 39.37 268.674
1154 322.65 238.778
1155 114.05 -265.501
1156 59.23 -268.134
1157 -524.87 177.938
1158 -664.69 84.0111
1159 336.69 235.893
1160 255.75 250.478
1161 443.71 -208.064
1162 76.37 267.492
1163 -391.86 222.934
1164 320.51 -239.204
1165 -293.49 -244.28
1166 623.96 -121.746
1167 339.25 235.35
1168 -348.17 233.415
1169 -116.16 265.365
1170 51.87 268.359
1171 -139.1 -263.728
1172 -238.81 -252.939
1173 436.86 210.198
1174 180.61 -259.98
1175 99.04 -266.39
1176 441.75 208.68
1177 -510.72 183.929
1178 127.44 -264.598
1179 -679.04 64.8492
1180 532.12 -174.724
1181 -661.46 87.7013
1182 -429.55 -212.415
1183 -129.04 264.484
1184 -339.83 235.226
1185 -145.04 -263.254
1186 -199.24 -257.958
1187 403.16 219.933
1188 582.67 148.971
1189 4.45 -269.095
1190 -244.7 252.105
1191 -161.16 261.864
1192 -39.07 268.68
1193 -653.77 -95.8524
1194 300.13 243.084
1195 -696.65 -24.9341
1196 421.85 214.685
1197 258.17 -250.11
1198 227.88 -254.427
1199 -138.63 -263.765
1200 -488.61 192.609
1201 -248.66 251.531
1202 480.42 195.633
1203 -341.66 234.834
1204 -110.75 -265.707
1205 350.33 -232.936
1206 -618.92 125.494
1207 183.82 259.647
1208 -571.69 -155.136
1209 -36.53 -268.733
1210 114.85 -265.45
1211 -481.29 195.316
1212 399.3 -220.973
1213 -680.46 62.6087
1214 -214.29 256.168
1215 -421.64 -214.746
1216 -366.52 229.221
1217 630.2 -116.895
1218 -376.3 -226.865
1219 -569.52 -156.312
1220 -133.27 264.173
1221 393.28 222.564
1222 -112.69 265.587
1223 570.1 -155.999
1224 -322.26 -238.856
1225 -368.3 -228.799
1226 -6.86 269.087
1227 41.84 -268.618
1228 -190.86 258.894
1229 -364.85 229.615
1230 3.41 269.097
1231 -135.68 -263.992
1232 469.79 199.415
1233 -470.18 -199.279
1234 636.98 111.326
1235 223.46 -255.006
1236 278.94 246.789
1237 564.86 -158.794
1238 566.02 -158.182
1239 695.62 -28.8764
1240 -291.19 -244.687
1241 548.61 -167.009
1242 -10.65 -269.069
1243 157.63 262.182
1244 272.02 -247.929
1245 -568.1 -157.075
1246 -69.49 267.769
1247 382.24 -225.391
1248 -580.06 150.47
1249 -340.23 235.141
1250 -232.27 253.839
1251 -230.96 -254.016
1252 -30.58 -268.843
1253 -284.33 -245.877
1254 481.26 -195.327
1255 -626.66 119.677
1256 -548.3 167.16
1257 635.08 112.921
1258 -71.34 -267.697
1259 604.42 -135.546
1260 -185.2 -259.501
1261 -56.6 268.218
1262 -512.79 183.075
1263 -467.05 200.365
1264 -231.09 253.998
1265 -283.39 -246.038
1266 148.41 -262.976
1267 487.12 193.167
1268 -624.86 -121.062
1269 -270.16 248.23
1270 -659.14 -90.2482
1271 -144.48 263.3
1272 355.82 231.702
1273 -604.8 -135.296
1274 -33.09 -268.799
1275 469.17 -199.631
1276 225.67 -254.718
1277 611.58 130.709
1278 -70.62 267.726
1279 -263.88 -249.227
1280 450.54 205.882
1281 387.42 224.079
1282 463.95 -201.428
1283 -393.76 -222.438
1284 -461.16 -202.373
1285 -448.41 -206.568
1286 -124.68 -264.793
1287 -196.76 258.24
1288 -283.74 -245.978
1289 456.97 203.774
1290 81.32 -267.276
1291 -423.04 214.339
1292 140.71 -263.602
1293 -446.11 207.304
1294 -566.78 -157.779
1295 -416.82 -216.134
1296 -121.15 265.035
1297 145.11 -263.249
1298 -658.87 -90.5394
1299 348.76 -233.285
1300 -565.97 158.208
1301 31.12 -268.834
1302 -128.19 -264.545
1303 -355.53 231.768
1304 460.45 -202.612
1305 634.51 113.394
1306 330.92 237.098
1307 474.33 -197.819
1308 278.31 -246.894
1309 512.48 -183.203
1310 424.75 -213.838
1311 624.12 121.625
1312 640.52 -108.28
1313 -620.95 -124.002
1314 577.1 152.144
1315 494.7 190.296
1316 -663.65 -85.2187
1317 -668.12 -79.885
1318 -546.38 168.087
1319 -423.67 -214.154
1320 -57.97 -268.175
1321 229.58 254.201
1322 -345.57 233.986
1323 -546.65 167.958
1324 579.92 -150.55
1325 -154.67 262.442
1326 228.24 -254.379
1327 -64.28 267.962
1328 -665.38 -83.1992
1329 593.4 142.568
1330 -579.15 150.988
1331 -648.06 -101.426
1332 -514.28 -182.455
1333 464.49 201.244
1334 -537.24 -172.391
1335 -493.98 190.572
1336 -652.25 -97.3722
1337 -643.97 105.209
1338 244.46 -252.14
1339 -272.53 247.846
1340 541.67 170.328
1341 -619.14 -125.334
1342 -271.56 -248.004
1343 -679.97 -63.3913
1344 526.79 177.097
1345 -72.15 -267.665
1346 509.75 -184.326
1347 406.23 219.096
1348 -271.23 -248.057
1349 -492.63 -191.088
1350 636.62 111.631
1351 220.64 -255.369
1352 396.82 221.633
1353 429.68 212.376
1354 548.92 166.859
1355 -94.92 266.612
1356 -461.87 -202.134
1357 480 -195.785
1358 -213.58 -256.255
1359 -11.02 -269.067
1360 -83.67 267.169
1361 535.24 -173.308
1362 75.26 267.539
1363 -457.51 203.595
1364 590.01 -144.634
1365 -310.97 241.06
1366 -114.38 265.48
1367 -493.99 -190.568
1368 -695.77 28.3368
1369 106.69 -265.953
1370 555.75 -163.48
1371 329.15 -237.462
1372 428.04 212.865
1373 424.99 213.767
1374 -142.46 263.463
1375 -107.25 -265.92
1376 233.01 253.738
1377 -172.01 260.841
1378 -330.47 237.191
1379 280.62 246.507
1380 198.12 258.086
1381 20.57 268.984
1382 667.6 80.5255
1383 -662.59 86.4303
1384 -53.17 -268.322
1385 469.29 -199.589
1386 607.86 -133.251
1387 -613.78 -129.175
1388 585 147.614
1389 -259.65 -249.883
1390 347.74 233.51
1391 392.42 222.788
1392 -71.43 267.694
1393 159.04 262.056
1394 -96.78 -266.513
1395 316.17 -240.057
1396 587.67 -146.036
1397 -168.15 261.213
1398 -632.65 114.921
1399 39.39 268.673
1400 -433.59 211.197
1401 115.5 -265.408
1402 113.26 -265.551
1403 -696.44 25.7874
1404 34.52 -268.772
1405 366.97 229.115
1406 -244.55 252.127
1407 -282.29 246.225
1408 111.67 265.65
1409 -63.17 -268.001
1410 -100.43 -266.313
1411 39.52 268.67
1412 283.05 -246.096
1413 641.13 107.745
1414 695.31 29.9605
1415 23.3 268.951
1416 -110.36 265.731
1417 389.9 223.442
1418 394.66 -222.202
1419 -234.18 -253.579
1420 -326.6 -237.982
1421 -162.17 261.772
1422 673.82 -72.4575
1423 -152.94 -262.592
1424 380.11 -225.924
1425 -54.1 -268.294
1426 -190.09 258.978
1427 518.24 180.79
1428 507.71 -185.157
1429 632.66 114.913
1430 74.98 267.55
1431 507.79 185.125
1432 -648.56 100.953
1433 -610.56 -131.413
1434 74.26 -267.58
1435 90.12 266.858
1436 167.64 261.261
1437 234.4 253.549
1438 -572.67 154.601
1439 -595.12 -141.503
1440 206.43 -257.121
1441 -206.02 -257.169
1442 -474.92 197.61
1443 597.19 140.207
1444 197.98 -258.102
1445 131.07 264.336
1446 -419.77 215.287
1447 -698.98 -11.8606
1448 119.08 -265.174
1449 -314.24 240.431
1450 120.63 265.07
1451 563.86 -159.319
1452 249.6 251.394
1453 -550.67 166.004
1454 604.04 -135.797
1455 90.81 266.824
1456 621.55 123.557
1457 -512.91 -183.025
1458 -441.6 208.727
1459 -216.33 -255.914
1460 152.78 -262.606
1461 -167.45 261.279
1462 -69.12 -267.784
1463 347.86 -233.483
1464 57.76 268.181
1465 671.05 76.1654
1466 -180.86 -259.954
1467 152.82 -262.602
1468 504.36 -186.507
1469 -568.62 -156.796
1470 -400.19 220.734
1471 429.05 212.564
1472 -320.69 -239.168
1473 9.51 269.075
1474 316.24 -240.043
1475 40.85 268.641
1476 -13.42 -269.05
1477 -113.17 -265.556
1478 405.17 219.386
1479 626.43 119.855
1480 75.24 267.539
1481 -428.69 -212.671
1482 153.63 -262.533
1483 580.7 -150.104
1484 -322.04 238.9
1485 522.19 -179.101
1486 -414.47 216.801
1487 -620.44 124.379
1488 -637.03 111.284
1489 -523.8 -178.404
1490 338.59 235.49
1491 -75.69 267.521
1492 -443.06 208.269
1493 111.81 265.642
1494 287.27 -245.371
1495 11.24 -269.065
1496 653.76 -95.8625
1497 -140.21 263.641
1498 21.39 268.974
1499 643.19 -105.913
1500 477.22 -196.788
1501 -622.67 -122.719
1502 492.61 191.096
1503 -566.22 158.076
1504 536.04 -172.942
1505 177.77 260.269
1506 613.3 129.512
1507 -458.04 203.419
1508 365.67 229.422
1509 200.84 -257.775
1510 273.01 247.768
1511 -116.89 265.318
1512 -2.68 -269.098
1513 -84.01 267.153
1514 84.08 -267.15
1515 324.94 -238.318
1516 471.27 198.898
1517 -80.07 -267.332
1518 312.29 240.807
1519 -406.94 -218.901
1520 -347.29 233.609
1521 -154.97 262.416
1522 604.66 135.388
1523 582.92 148.826
1524 201.55 -257.693
1525 288.35 245.184
1526 -155.54 -262.366
1527 139.92 -263.664
1528 -381.69 -225.529
1529 44.75 268.549
1530 471.3 -198.888
1531 -582.06 -149.323
1532 -142.21 263.483
1533 184.89 -259.534
1534 -577.3 152.032
1535 -457.47 203.608
1536 -385.21 -224.642
1537 -433.29 211.288
1538 -43.77 268.573
1539 439.8 209.289
1540 -424.21 -213.996
1541 -652.06 97.5603
1542 0.7 -269.1
1543 -411.33 -217.684
1544 569.95 156.08
1545 -560.63 160.996
1546 9.31 -269.076
1547 468.29 -199.937
1548 -461.16 -202.373
1549 458.67 203.209
1550 -550.79 165.945
1551 385.82 -224.487
1552 -277.19 247.081
1553 -354.11 232.089
1554 -118.46 265.215
1555 153.82 -262.516
1556 49.53 -268.425
1557 343.16 234.51
1558 475.62 -197.36
1559 670.11 -77.38
1560 -272.38 -247.871
1561 294.23 244.148
1562 -301.75 242.787
1563 595.64 -141.179
1564 503.28 186.938
1565 -443.5 208.131
1566 -174.75 260.571
1567 622.76 122.652
1568 -282.29 -246.225
1569 -278.14 246.923
1570 -509.58 -184.396
1571 -384.85 -224.733
1572 -15.49 -269.034
1573 641.71 107.233
1574 260.86 249.697
1575 458.84 -203.152
1576 -621.85 -123.333
1577 535.62 173.135
1578 -34.52 268.772
1579 437.18 -210.099
1580 -645.78 103.555
1581 -512.1 183.36
1582 -263.48 -249.29
1583 -18.62 -269.005
1584 -131.61 264.296
1585 180.4 -260.001
1586 1.84 -269.099
1587 344.46 234.228
1588 -153.4 -262.552
1589 444.81 207.717
1590 173.83 -260.662
1591 -628.79 -118.013
1592 230.47 254.081
1593 138.1 -263.806
1594 89.82 266.873
1595 -48.39 -268.456
1596 140.34 -263.631
1597 698.89 12.6208
1598 249.79 -251.366
1599 156.36 262.294
1600 538.25 171.924
1601 665.51 -83.0453
1602 606.02 -134.486
1603 375.28 227.115
1604 74.45 -267.572
1605 -187.96 -259.208
1606 634.11 113.724
1607 636.74 111.529
1608 -414.51 216.79
1609 -160.41 -261.932
1610 535.16 -173.345
1611 404.49 -219.572
1612 662.55 -86.4756
1613 174.8 260.566
1614 357.85 231.239
1615 327.36 -237.828
1616 -422.19 -214.586
1617 485.7 -193.695
1618 163.34 -261.664
1619 -307.5 -241.717
1620 505.52 186.042
1621 73.73 -267.602
1622 -498.4 -188.862
1623 -295.03 244.005
1624 300.72 242.976
1625 -605.28 -134.978
1626 558.08 -162.302
1627 681.49 60.9289
1628 593.36 -142.592
1629 -384.99 -224.698
1630 -594.76 141.727
1631 -521.39 179.445
1632 -671.91 -75.0354
1633 -95.85 -266.563
1634 566.48 -157.938
1635 -601.77 137.28
1636 389.66 -223.504
1637 564.25 -159.115
1638 205.81 -257.194
1639 427.83 -212.927
1640 533.23 174.223
1641 -199.69 257.907
1642 689.17 -46.4234
1643 250.25 -251.298
1644 -455.72 -204.188
1645 -265.43 -248.983
1646 547.24 167.673
1647 166.85 261.336
1648 308.96 241.442
1649 279.42 246.709
1650 385.71 -224.515
1651 -592.84 -142.912
1652 -499.07 188.6
1653 -62.29 268.031
1654 -276.51 247.193
1655 -426.49 213.325
1656 -576.98 -152.212
1657 428.57 -212.707
1658 504.26 -186.547
1659 -539.94 171.138
1660 -538.53 171.794
1661 -619.36 -125.173
1662 -64.28 267.962
1663 85.72 267.073
1664 621.04 123.935
1665 -139.73 263.679
1666 324.57 -238.393
1667 325.71 -238.163
1668 548.9 166.868
1669 183.98 -259.63
1670 -516.26 181.626
1671 -205.52 -257.229
1672 -467.41 200.241
1673 434.6 -210.89
1674 -198.87 258.001
1675 215.93 255.964
1676 -592.72 -142.985
1677 -478.47 -196.339
1678 -580.55 150.19
1679 -350.42 -232.916
1680 -608.03 -133.137
1681 499.55 188.412
1682 300.85 242.952
1683 -511.01 183.809
1684 -493.29 190.836
1685 -365.73 -229.408
1686 14.27 269.044
1687 15.9 -269.03
1688 482.2 -194.984
1689 -677.92 66.5601
1690 127.03 264.628
1691 225.52 254.738
1692 -36.28 -268.738
1693 -164.08 -261.596
1694 694.65 -32.1456
1695 -468.97 -199.701
1696 -549.32 166.664
1697 -20.76 -268.981
1698 -448.49 206.543
1699 -125.94 264.705
1700 94.55 266.631
1701 395.14 -222.076
1702 -152.18 262.657
1703 -215.12 256.065
1704 -478.03 196.497
1705 282.3 246.223
1706 384.36 -224.857
1707 -677.94 66.53
1708 -85.02 -267.106
1709 -584.14 148.117
1710 428.72 212.662
1711 -68.29 -267.815
1712 -542.91 169.743
1713 -596.96 140.352
1714 42.42 268.605
1715 -453.63 -204.875
1716 99.31 -266.375
1717 391.71 222.973
1718 330.78 237.127
1719 16.66 -269.024
1720 -350.83 232.825
1721 220.79 255.35
1722 551.05 -165.817
1723 -203.45 257.472
1724 199.54 -257.924
1725 534.96 173.436
1726 504.23 186.559
1727 116.15 265.366
1728 630.98 -116.271
1729 -241.73 252.529
1730 -472.33 198.526
1731 -19.32 268.997
1732 358.87 -231.005
1733 403.63 -219.806
1734 -210.25 -256.662
1735 98.26 266.433
1736 -191.47 -258.827
1737 16.77 -269.023
1738 -93.6 266.681
1739 665.46 83.1045
1740 -61 268.075
1741 -106.94 -265.938
1742 14.08 -269.045
1743 325.31 -238.244
1744 -239.6 -252.829
1745 -339.87 235.218
1746 63.79 -267.979
1747 526.62 -177.172
1748 405.1 219.405
1749 -570.53 -155.767
1750 340.56 235.07
1751 -224.48 254.873
1752 -126.11 -264.693
1753 -55.99 -268.237
1754 59.07 268.139
1755 334.89 236.272
1756 560.92 160.847
1757 542.4 -169.984
1758 395.45 -221.994
1759 -434.1 -211.042
1760 -518.01 180.888
1761 103.56 -266.136
1762 -608.04 133.13
1763 -134.85 264.054
1764 103.56 266.136
1765 -407.45 218.761
1766 -287.3 -245.366
1767 633.57 114.169
1768 -605.54 -134.805
1769 -296.8 243.688
1770 -214.32 256.164
1771 -577.58 -151.875
1772 -636.02 -112.135
1773 562.21 -160.179
1774 -364.48 229.702
1775 599.38 138.818
1776 -432.34 211.576
1777 244.1 252.191
1778 -85.82 267.068
1779 -679.56 -64.0384
1780 23.4 -268.949
1781 172.86 260.758
1782 336.45 -235.944
1783 640.26 -108.507
1784 441.29 208.824
1785 -497.58 189.182
1786 -445.03 -207.647
1787 686.06 52.7998
1788 -365.06 -229.566
1789 418.01 215.793
1790 -39.46 268.672
1791 -669.99 -77.5335
1792 474.63 -197.713
1793 443.44 -208.149
1794 -12.28 -269.059
1795 524.2 178.23
1796 -131.18 264.328
1797 518.51 -180.676
1798 -64.28 -267.962
1799 73.01 -267.631
1800 -524.55 178.078
1801 235.21 -253.438
1802 -323.08 -238.692
1803 -26.18 268.912
1804 -447.22 -206.95
1805 -394.19 -222.326
1806 -466.48 200.561
1807 397.41 -221.476
1808 -114.11 265.497
1809 -19.36 268.997
1810 -317.27 -239.842
1811 649.18 -100.361
1812 13.52 -269.05
1813 461.69 202.194
1814 378.45 -226.335
1815 587.14 -146.351
1816 662.76 86.2372
1817 574.89 153.377
1818 310.59 -241.132
1819 -76.43 267.49
1820 131.93 264.273
1821 675.03 70.7718
1822 -120.22 -265.098
1823 -340.14 -235.16
1824 221.73 255.229
1825 476.26 -197.132
1826 229.94 254.152
1827 694.97 31.1056
1828 -609.82 -131.92
1829 -420.8 -214.99
1830 -200.91 257.767
1831 633.19 114.48
1832 -237.87 -253.07
1833 195.51 258.38
1834 373.8 227.476
1835 -362.47 230.172
1836 -555.7 -163.505
1837 562.49 -160.034
1838 81.24 267.28
1839 465.56 -200.877
1840 336.82 -235.866
1841 -394.32 -222.292
1842 47.7 -268.474
1843 -550.01 -166.327
1844 265.93 248.904
1845 654.93 94.6738
1846 -524.12 178.265
1847 -60.79 268.082
1848 -697.32 -21.9898
1849 171.85 -260.856
1850 117.29 265.292
1851 507.07 -185.417
1852 -618.23 -125.996
1853 -412.49 -217.359
1854 546.94 -167.818
1855 -385.83 224.485
1856 -246.93 -251.783
1857 518.65 -180.616
1858 -180.99 -259.94
1859 542.76 -169.814
1860 626.75 -119.608
1861 -316.91 239.912
1862 87.93 266.966
1863 336.15 236.007
1864 82.64 -267.216
1865 -558.67 162.001
1866 411.73 217.572
1867 39.04 -268.681
1868 320.04 -239.297
1869 478.49 -196.331
1870 -122.46 -264.946
1871 -129.29 -264.466
1872 194.28 -258.517
1873 -206.65 257.095
1874 557.92 -162.383
1875 -116.02 -265.374
1876 76.39 -267.491
1877 -264.14 249.186
1878 -41.06 268.636
1879 104.45 266.084
1880 309.21 241.394
1881 232.1 253.862
1882 -221.69 -255.234
1883 -579.26 -150.925
1884 636.23 111.959
1885 -622.59 122.78
1886 -225.16 254.785
1887 231.39 253.958
1888 -460.91 -202.458
1889 237.24 -253.158
1890 261.61 249.581
1891 -685.33 -54.1841
1892 45.25 -268.537
1893 50.85 268.388
1894 497.77 -189.108
1895 -611.15 -131.006
1896 250.65 -251.239
1897 51.56 -268.368
1898 -369.87 -228.424
1899 -668.12 -79.885
1900 -26.81 -268.902
1901 348.43 -233.357
1902 364.26 -229.754
1903 -110.09 265.748
1904 174.6 260.586
1905 575.19 153.21
1906 -411.9 217.525
1907 -460.13 202.72
1908 -285.01 245.761
1909 -468.11 -199.999
1910 -414.88 216.685
1911 117.55 265.275
1912 507.23 185.352
1913 -407.59 218.722
1914 239.4 252.857
1915 -638.9 109.687
1916 131.66 -264.293
1917 -23.88 268.943
1918 6.42 269.089
1919 -381.7 -225.527
1920 687.97 48.9857
1921 -329.34 237.423
1922 149.61 262.876
1923 -576.07 152.721
1924 -103.08 266.163
1925 244.36 -252.154
1926 -436.61 210.274
1927 -389.96 -223.427
1928 537.99 172.044
1929 169.54 -261.08
1930 334.75 -236.301
1931 -361.43 230.414
1932 598 -139.695
1933 551.25 -165.719
1934 -172.77 -260.767
1935 494.64 190.319
1936 377.08 -226.673
1937 -390.46 223.297
1938 -295.92 243.846
1939 219.97 -255.454
1940 -630.72 -116.48
1941 -386.56 -224.299
1942 -304.03 -242.366
1943 -573.4 -154.2
1944 -45.77 -268.524
1945 -517 181.315
1946 -212.04 -256.444
1947 -120 265.112
1948 646.81 -102.6
1949 -559.34 -161.659
1950 80.82 267.299
1951 439.73 -209.31
1952 -26.87 268.901
1953 -72.89 -267.636
1954 -296.37 -243.765
1955 -259.88 -249.848
1956 589.8 144.761
1957 324.74 -238.359
1958 -395.17 -222.068
1959 481.59 -195.207
1960 213.02 256.324
1961 306.24 241.954
1962 423.66 214.157
1963 -305.8 242.036
1964 345.42 -234.018
1965 16.28 269.027
1966 353.53 -232.22
1967 -336.24 235.988
1968 37.9 268.705
1969 71.39 267.695
1970 181.23 259.916
1971 457.6 -203.565
1972 -588.05 145.81
1973 -19.14 -268.999
1974 405.29 219.354
1975 552.74 -164.983
1976 -279.5 -246.695
1977 -179.62 260.081
1978 690.07 -44.4017
1979 -584.21 148.076
1980 -39.32 268.675
1981 375.75 -227
1982 318.26 -239.648
1983 -52.18 268.351
1984 -190.91 258.889
1985 14.87 269.039
1986 482.91 -194.724
1987 628.36 118.351
1988 -76.93 -267.468
1989 -463.32 -201.642
1990 13.62 269.049
1991 -180.37 -260.004
1992 -30.28 268.848
1993 369.04 -228.623
1994 -104.44 -266.085
1995 -280.89 -246.462
1996 597.7 139.885
1997 327.35 -237.83
1998 -29.63 -268.859
1999 -599.91 138.479
2000 -553.11 -164.799
2001 -70.43 -267.733
2002 -690.52 43.3544
2003 522.37 -179.023
2004 507.67 185.174
2005 511.19 183.735
2006 -69.7 -267.761
2007 320.17 -239.271
2008 584.74 -147.766
2009 695.98 27.5634
2010 539.11 171.525
2011 153.43 262.55
2012 -296.73 -243.7
2013 47.74 -268.473
2014 -157.63 262.182
2015 658.82 90.5932
2016 168.18 261.21
2017 408.13 218.573
2018 -609.02 -132.466
2019 -689.3 -46.137
2020 571.75 -155.103
2021 -652.02 -97.5998
2022 -411.48 -217.642
2023 -420.92 214.955
2024 350.36 232.93
2025 -145.75 -263.196
2026 87.98 -266.964
2027 -75.74 -267.519
2028 -277.88 -246.966
2029 -565.54 158.436
2030 -299.12 243.268
2031 -572.22 -154.847
2032 -597.8 -139.822
2033 -525.85 177.51
2034 561.76 -160.413
2035 -514.2 -182.489
2036 36.87 -268.726
2037 56.96 268.207
2038 37.14 -268.721
2039 562.14 160.216
2040 -72.47 -267.653
2041 663.69 -85.1726
2042 -615.8 127.745
2043 -383.98 224.953
2044 556.5 -163.102
2045 591.96 143.45
2046 450.19 -205.995
2047 299.36 243.224
2048 -389.12 -223.643
2049 -312.51 240.765
2050 -535.28 173.29
2051 -454.71 -204.521
2052 -23.83 268.944
2053 -511.59 -183.571
2054 83.42 267.18
2055 -170.71 260.967
2056 378.69 226.276
2057 636.84 111.445
2058 -163.43 -261.656
2059 -634.31 -113.559
2060 -518.03 180.879
2061 113.7 -265.523
2062 375.56 -227.046
2063 -661.9 87.2088
2064 641.08 -107.789
2065 -17.36 269.017
2066 3.93 269.096
2067 97.15 -266.493
2068 -577.51 -151.914
2069 -559.6 161.526
2070 -130.1 264.407
2071 -218.95 -255.584
2072 -632.37 -115.149
2073 -588.13 145.762
2074 693.78 -34.8142
2075 -424.77 213.832
2076 596.6 -140.578
2077 -261.47 -249.602
2078 -417.73 -215.874
2079 438.53 209.683
2080 -636.38 -111.833
2081 148.54 262.966
2082 -669.24 78.4859
2083 -665.82 82.6769
2084 649.88 99.6889
2085 -164.3 261.575
2086 460.83 -202.484
2087 361.67 230.358
2088 662.13 86.9502
2089 -509.68 -184.355
2090 697.1 22.9985
2091 -185.94 -259.423
2092 487.88 192.883
2093 -105.04 -266.05
2094 16.27 269.027
2095 -387.21 -224.133
2096 536.21 -172.864
2097 -625.66 -120.449
2098 277.28 247.066
2099 -544 -169.226
2100 -652.49 -97.1341
2101 192.33 258.733
2102 81.46 -267.27
2103 -476.8 196.939
2104 186.44 259.37
2105 -286.18 -245.56
2106 501.8 -187.525
2107 31.88 268.82
2108 -377.41 -226.592
2109 399.63 220.884
2110 537.08 -172.464
2111 28.11 -268.883
2112 -260.79 -249.708
2113 -347.85 233.485
2114 256.12 -250.422
2115 476.99 -196.871
2116 317.26 239.844
2117 619.79 -124.858
2118 -665.21 -83.4001
2119 258.16 -250.112
2120 -448.84 206.43
2121 -694.81 -31.6299
2122 166.06 -261.411
2123 207.92 -256.943
2124 -608.48 -132.832
2125 144.47 -263.301
2126 284.14 245.91
2127 -165.69 261.445
2128 -97.81 -266.457
2129 -674.74 71.1798
2130 -567.03 -157.646
2131 -427.15 213.129
2132 -605.92 -134.552
2133 -168.83 261.148
2134 -291.68 -244.601
2135 -303.41 -242.481
2136 -490.2 192.011
2137 654.84 94.7658
2138 670.72 -76.5942
2139 57.76 268.181
2140 -455.1 204.393
2141 461.3 -202.326
2142 -644.98 104.29
2143 -409.44 -218.21
2144 261.01 249.674
2145 -297.31 243.596
2146 -296.34 -243.771
2147 -258.37 250.08
2148 104.2 -266.099
2149 657.51 91.9903
2150 461.5 -202.259
2151 -281.95 -246.282
2152 -338.23 235.567
2153 -255.87 250.46
2154 -84.3 267.14
2155 590.48 144.35
2156 -203.91 -257.418
2157 -606.71 134.025
2158 408.08 -218.587
2159 404.84 219.476
2160 -414.23 -216.869
2161 -304.27 -242.321
2162 -185.16 -259.506
2163 -122.28 -264.958
2164 125.98 264.702
2165 -329.45 237.4
2166 337.09 235.809
2167 -639.09 109.523
2168 333.8 -236.5
2169 250.41 251.275
2170 -670.23 77.2261
2171 -109.83 -265.764
2172 -270.04 248.249
2173 -80.86 -267.297
2174 -110.21 265.741
2175 -302.13 242.717
2176 413.4 217.103
2177 -581.88 149.427
2178 208.45 -256.879
2179 96.31 -266.538
2180 585.99 -147.032
2181 -200.48 -257.816
2182 -461.22 202.353
2183 149.97 -262.845
2184 221.57 -255.25
2185 -61.33 -268.064
2186 641.76 -107.188
2187 -228.24 254.379
2188 126.47 -264.667
2189 427.57 -213.005
2190 296.84 -243.68
2191 148.5 262.969
2192 -128.35 264.533
2193 263.04 249.358
2194 -516.38 181.576
2195 -156.84 -262.252
2196 212.88 256.342
2197 164.08 261.596
2198 -649.54 100.016
2199 -288.07 245.233
2200 -346.05 -233.881
2201 319.24 -239.455
2202 -475.96 -197.239
2203 70.28 267.739
2204 -581.04 -149.909
2205 -561.96 -160.309
2206 -473.65 198.06
2207 412.54 -217.345
2208 -578.47 151.373
2209 -322.39 -238.83
2210 122.66 -264.932
2211 -183.21 259.71
2212 -387.55 224.046
2213 -497.91 -189.053
2214 505.75 185.949
2215 -92.13 -266.757
2216 -399.41 220.943
2217 671.35 -75.7733
2218 278.69 -246.831
2219 205.39 257.244
2220 562.05 -160.262
2221 405.97 -219.167
2222 -426.17 -213.419
2223 210.47 -256.636
2224 403.94 219.722
2225 -124.96 264.773
2226 70.88 -267.716
2227 -613.05 -129.687
2228 -200.59 -257.804
2229 182.02 259.834
2230 -686.93 51.0991
2231 -663.36 85.5521
2232 -272.06 247.923
2233 -688 48.9233
2234 424.95 -213.779
2235 -63.96 -267.973
2236 8.49 269.08
2237 33.19 -268.797
2238 392.11 -222.869
2239 -265.72 248.938
2240 516.92 181.348
2241 -569.36 -156.399
2242 606.24 134.339
2243 -698.15 -17.6696
2244 103.46 266.142
2245 250.48 -251.264
2246 150.29 -262.818
2247 425.87 -213.508
2248 509.02 -184.624
2249 361.48 -230.402
2250 -347.11 233.648
2251 11.99 269.06
2252 461.08 -202.4
2253 -564.06 -159.214
2254 531.39 175.052
2255 -291.57 -244.62
2256 -286.5 245.504
2257 -270.11 248.238
2258 -696.96 -23.6179
2259 -528.11 -176.515
2260 -169.13 -261.119
2261 -465.42 200.925
2262 365.37 -229.493
2263 299.52 -243.195
2264 -480.41 -195.637
2265 251.95 -251.047
2266 -60.13 -268.104
2267 230.39 -254.092
2268 -320.47 -239.212
2269 -23.47 -268.949
2270 -304.12 242.349
2271 663.36 -85.5521
2272 -272.55 247.843
2273 -436.92 -210.179
2274 -298.14 -243.446
2275 500.18 -188.165
2276 53.98 -268.298
2277 349.35 -233.154
2278 -255.67 -250.49
2279 -281.95 -246.282
2280 -631.2 116.094
2281 634.55 -113.361
2282 -462.47 -201.931
2283 417.55 -215.925
2284 206.38 257.127
2285 360.33 -230.669
2286 155 262.413
2287 193.86 258.564
2288 271.56 248.004
2289 544.54 -168.968
2290 524.94 177.908
2291 381.9 225.477
2292 40.3 268.653
2293 -247.55 251.693
2294 -604.16 -135.718
2295 34.05 -268.781
2296 -187.16 -259.293
2297 266.13 248.873
2298 659.82 -89.5101
2299 -514.25 182.468
2300 -11.36 -269.065
2301 312.75 240.719
2302 -208.33 -256.894
2303 287.59 -245.316
2304 129.97 264.416
2305 33.6 268.789
2306 -181.7 -259.867
2307 -628.24 -118.446
2308 483.03 194.68
2309 542.25 170.054
2310 -388.86 223.71
2311 -495.55 189.968
2312 -98.88 266.399
2313 -360.29 230.678
2314 140.86 263.59
2315 -504.44 186.475
2316 -96.38 -266.535
2317 -469.68 199.454
2318 420.19 215.166
2319 -443.02 -208.282
2320 -542.18 170.087
2321 226.64 254.59
2322 -195.26 -258.408
2323 -12.89 269.054
2324 85.54 -267.081
2325 159.88 261.98
2326 -111.48 -265.662
2327 -668.01 80.0209
2328 -157.06 262.232
2329 319.48 -239.408
2330 113.04 265.565
2331 -406.57 219.003
2332 -655.34 -94.2531
2333 -210.18 -256.671
2334 57.67 268.184
2335 -327.78 237.742
2336 196.62 -258.256
2337 -227.93 -254.42
2338 667.89 80.169
2339 284.56 245.838
2340 477.68 -196.623
2341 620.12 124.615
2342 -666.92 -81.3548
2343 -399.99 220.788
2344 21.12 268.977
2345 -687.14 50.6797
2346 488.52 -192.643
2347 -220.62 -255.372
2348 -511.59 -183.571
2349 -225.14 -254.787
2350 186.32 259.383
2351 396.77 -221.646
2352 -225.65 -254.721
2353 -408.73 -218.407
2354 101.42 266.258
2355 246.73 251.812
2356 -687.56 -49.8299
2357 -137.4 263.86
2358 503.77 186.742
2359 387.23 224.128
2360 107.26 -265.919
2361 -317.41 -239.815
2362 184.74 -259.55
2363 206.08 -257.162
2364 591.62 -143.658
2365 -541.53 -170.393
2366 383.59 225.052
2367 155.93 262.332
2368 -86.48 267.036
2369 -684.64 55.4594
2370 296.43 -243.754
2371 480.58 -195.575
2372 77.15 267.459
2373 675.62 69.934
2374 578.97 -151.09
2375 507.31 -185.319
2376 290.31 -244.841
2377 99.5 -266.365
2378 -313.99 -240.48
2379 587.87 145.917
2380 -288.8 245.106
2381 -302.09 -242.724
2382 -167.02 -261.32
2383 -109.23 265.8
2384 378.96 226.209
2385 220.16 -255.43
2386 420.05 -215.207
2387 426.68 213.269
2388 601 137.778
2389 207.25 257.023
2390 -14.69 -269.041
2391 -130.57 -264.373
2392 -173.3 260.715
2393 10.64 269.069
2394 -547.67 167.465
2395 -120.52 -265.078
2396 -668.71 -79.1513
2397 -161.86 -261.8
2398 312.37 240.792
2399 349.25 -233.176
2400 -640.15 -108.603
2401 400.47 220.659
2402 334.34 -236.387
2403 518.89 180.514
2404 -390.21 223.362
2405 51.83 -268.361
2406 11.05 -269.066
2407 -558.17 162.256
2408 -77.73 267.434
2409 440.18 209.171
2410 518.42 -180.714
2411 -442.77 -208.36
2412 515.31 182.025
2413 586.08 146.979
2414 -223.78 -254.964
2415 189.42 -259.05
2416 544.65 168.916
2417 470.01 199.339
2418 -75.21 267.541
2419 119.73 -265.131
2420 493.84 -190.626
2421 671.72 -75.2867
2422 84.93 -267.11
2423 686.8 51.357
2424 -390.96 223.168
2425 -285.59 -245.661
2426 491.2 -191.632
2427 -120.01 265.112
2428 32.87 268.803
2429 542.15 170.102
2430 440.6 209.04
2431 368.37 -228.782
2432 -567.44 157.427
2433 -673.15 -73.373
2434 -346.9 -233.694
2435 519.4 -180.297
2436 543.49 -169.468
2437 430.21 -212.217
2438 -420.77 214.998
2439 -52.36 268.345
2440 464.15 -201.36
2441 -459.61 -202.894
2442 323.01 238.706
2443 -187.61 -259.245
2444 -164.05 261.598
2445 -317.62 -239.774
2446 297.21 243.614
2447 488.99 192.466
2448 346.99 233.675
2449 -104.91 -266.058
2450 422.99 214.353
2451 238.57 252.973
2452 223.38 255.016
2453 303.86 242.397
2454 626.29 -119.964
2455 -565.65 158.378
2456 -566.02 -158.182
2457 261.11 -249.658
2458 311.45 -240.968
2459 -50.89 268.387
2460 562.11 160.231
2461 -30.2 268.849
2462 221.54 255.254
2463 -687.59 -49.7687
2464 4.5 -269.094
2465 616.16 127.488
2466 628 -118.634
2467 43 268.591
2468 372.39 227.818
2469 256.89 250.305
2470 -289.38 245.004
2471 76.52 267.486
2472 77.91 -267.426
2473 -299.59 -243.182
2474 -388.65 223.764
2475 192.16 -258.752
2476 -186.23 259.392
2477 -509.58 -184.396
2478 635.23 -112.796
2479 -528.13 176.506
2480 -134.69 -264.067
2481 418.43 -215.673
2482 -219.9 -255.463
2483 -144.52 263.297
2484 -496.14 189.74
2485 503.05 -187.029
2486 572.41 154.743
2487 571.24 -155.381
2488 602.15 137.033
2489 -277.6 247.012
2490 505.94 185.873
2491 134.31 264.095
2492 590.92 -144.083
2493 -540.8 170.736
2494 671.55 75.5107
2495 -130.16 264.402
2496 -231.8 -253.902
2497 588.49 145.547
2498 -3.7 269.096
2499 89.34 -266.897
2500 -244.81 252.09
2501 218.97 -255.582
2502 628.84 117.974
2503 154.34 -262.471
2504 334.57 -236.339
2505 -160.17 -261.954
2506 680.78 62.092
2507 367.65 228.954
2508 -270.89 -248.112
2509 -485.2 -193.88
2510 -140.7 -263.603
2511 -453.12 -205.042
2512 -601.35 -137.552
2513 646.8 102.609
2514 34.99 -268.763
2515 -343.09 -234.525
2516 -676.15 69.1722
2517 208.56 -256.866
2518 -210.57 -256.624
2519 -426.83 -213.224
2520 -277.45 247.037
2521 426.85 -213.218
2522 692.37 -38.7447
2523 108.44 -265.848
2524 613.86 -129.118
2525 466.2 200.658
2526 494.62 190.326
2527 231.91 -253.887
2528 648.59 -100.924
2529 508.83 -184.702
2530 284.02 245.93
2531 377.43 226.587
2532 150.54 -262.797
2533 -232.2 253.848
2534 -618.25 -125.982
2535 -86.78 267.022
2536 512.91 -183.025
2537 -4.98 -269.093
2538 487.11 -193.17
2539 673.71 72.6087
2540 -192.48 -258.717
2541 41.61 -268.624
2542 -198.77 258.012
2543 -184.25 -259.601
2544 -644.85 -104.409
2545 -441.11 208.88
2546 -233.09 -253.728
2547 -221.47 255.263
2548 232.78 -253.77
2549 160.62 -261.913
2550 -431.8 211.739
2551 -624.77 -121.13
2552 -308.89 -241.455
2553 -176.54 -260.393
2554 -336.14 -236.009
2555 544.06 -169.197
2556 -409.02 -218.327
2557 -425.63 213.579
2558 -126.78 -264.645
2559 -543.09 169.657
2560 -244.88 -252.079
2561 597.18 -140.213
2562 38.91 268.684
2563 118.59 -265.206
2564 210.93 256.58
2565 617.22 -126.727
2566 -184.71 -259.553
2567 -665.81 -82.6888
2568 667.51 80.6358
2569 -676.91 68.0637
2570 510.23 -184.13
2571 -359.95 -230.756
2572 -109.18 -265.803
2573 655.7 -93.882
2574 627.25 -119.219
2575 -668.69 -79.1763
2576 363.63 -229.901
2577 644.15 -105.046
2578 175.25 260.522
2579 -47.17 268.488
2580 262.04 -249.514
2581 -394.18 -222.328
2582 -210.87 256.587
2583 -561.5 -160.547
2584 -224.62 254.855
2585 -235.34 253.42
2586 -662.29 86.7697
2587 -674.96 70.8705
2588 540.49 170.881
2589 -544.13 169.164
2590 54.53 268.281
2591 174.03 -260.643
2592 642.33 -106.682
2593 640.85 -107.991
2594 288.17 245.215
2595 -494.21 -190.484
2596 319.72 239.36
2597 -489.9 -192.124
2598 -272.57 247.84
2599 493.71 190.676
2600 115.27 265.423
2601 -187.98 259.206
2602 -531.28 175.102
2603 79.89 267.34
2604 505.46 186.066
2605 -561.81 -160.387
2606 -377.08 226.673
2607 696.95 -23.6615
2608 -609.07 132.432
2609 447.16 206.969
2610 -258.39 250.077
2611 -686.83 51.2976
2612 346.62 -233.756
2613 371.17 -228.112
2614 -622.98 122.487
2615 -245.62 251.973
2616 -396.98 221.59
2617 341.36 234.898
2618 595.22 141.441
2619 -459.53 -202.921
2620 -319.93 239.319
2621 72.47 267.653
2622 -590.17 -144.537
2623 -418.34 -215.699
2624 -39.34 268.674
2625 -281.86 -246.298
2626 400.58 -220.63
2627 -398.25 221.253
2628 224.25 -254.903
2629 -533.17 -174.25
2630 420.73 -215.01
2631 -542.71 169.837
2632 388.07 223.913
2633 -171.14 -260.926
2634 -130.26 264.395
2635 -612.42 130.126
2636 -622.94 -122.517
2637 -538.88 171.632
2638 199.72 257.903
2639 56.02 268.236
2640 554.95 -163.882
2641 -398.41 -221.21
2642 273.23 -247.732
2643 -209.05 256.807
2644 -36.51 268.733
2645 61.63 -268.054
2646 -688.5 47.8715
2647 599.12 138.984
2648 -134.86 -264.054
2649 431.43 211.85
2650 -550.37 -166.151
2651 -112.59 -265.593
2652 -430.08 -212.256
2653 154.48 -262.459
2654 -86.16 267.052
2655 422.93 214.371
2656 -48.66 -268.448
2657 444.95 -207.672
2658 -71.53 267.69
2659 -550.64 166.018
2660 -542 170.172
2661 -624.83 121.085
2662 -642.81 -106.254
2663 508.58 184.804
2664 11.23 -269.065
2665 -520.52 179.819
2666 -234.92 -253.478
2667 -634.84 -113.12
2668 -3.66 -269.096
2669 97.59 266.469
2670 497.19 -189.333
2671 -676.37 -68.8533
2672 -176.05 260.442
2673 -350.5 -232.898
2674 -10.76 -269.068
2675 -591.32 -143.84
2676 56.82 268.211
2677 176.79 -260.368
2678 310.81 -241.09
2679 435.27 -210.685
2680 -124.1 -264.833
2681 468.18 -199.975
2682 182.1 -259.826
2683 -394.93 -222.131
2684 403.65 219.8
2685 135.93 -263.973
2686 331.67 -236.943
2687 182.02 -259.834
2688 513.98 -182.58
2689 1.05 -269.1
2690 51.36 268.374
2691 190.93 258.886
2692 504.06 -186.627
2693 -617.61 -126.445
2694 -341.14 -234.945
2695 543.35 169.534
2696 570.33 155.875
2697 116.46 -265.346
2698 357.09 231.413
2699 -438.41 -209.72
2700 -457.98 203.439
2701 -55.52 268.251
2702 606.37 -134.252
2703 189.59 -259.032
2704 -395.19 222.063
2705 -376.44 -226.831
2706 566.18 -158.097
2707 -322.21 238.866
2708 361.85 230.316
2709 -455.37 204.304
2710 -180.55 259.986
2711 43.53 -268.579
2712 -670.96 -76.2826
2713 688.46 47.9565
2714 332.46 236.779
2715 388.64 223.766
2716 610.9 -131.179
2717 314.92 -240.3
2718 -223.25 -255.033
2719 309.34 -241.37
2720 257.26 250.249
2721 -118.38 265.22
2722 -242.08 252.479
2723 -116.47 -265.345
2724 200.67 257.794
2725 295.28 -243.961
2726 -244.65 252.112
2727 -302.14 242.715
2728 -43.68 268.575
2729 525.35 -177.729
2730 470.6 -199.133
2731 -337.4 235.743
2732 -181.26 -259.913
2733 450.07 206.034
2734 93.88 266.667
2735 -588.93 -145.284
2736 -373.13 -227.638
2737 -553.17 164.769
2738 593.78 -142.333
2739 -157.79 -262.167
2740 558.04 -162.322
2741 260.13 249.81
2742 -6.57 269.088
2743 -626.8 119.569
2744 395.31 -222.031
2745 -502.03 187.434
2746 -478.11 196.468
2747 -76.97 -267.467
2748 312.52 240.763
2749 10.01 269.072
2750 -19.28 -268.998
2751 -439.11 -209.503
2752 148.35 -262.981
2753 -470.11 199.304
2754 122.87 264.918
2755 -546.79 167.89
2756 639.16 -109.462
2757 -644.6 -104.637
2758 -7.78 -269.083
2759 170.35 -261.002
2760 -101.19 266.271
2761 112.41 265.604
2762 541.41 170.45
2763 -171.43 260.897
2764 692.07 39.5296
2765 258.67 -250.034
2766 -541.2 170.548
2767 -514.78 -182.247
2768 574.11 153.809
2769 73.42 -267.614
2770 251.55 -251.106
2771 -268.52 248.493
2772 384.45 224.835
2773 -447.43 206.882
2774 385.25 224.632
2775 593.2 142.691
2776 557.34 -162.677
2777 -56.79 -268.212
2778 -408.02 -218.604
2779 -143.51 263.378
2780 -195.82 258.345
2781 -202.18 -257.62
2782 284.73 245.809
2783 -51.29 268.376
2784 -195.52 258.379
2785 458.25 -203.349
2786 370.3 -228.321
2787 570.82 -155.609
2788 306.41 241.922
2789 125.35 264.746
2790 356.47 -231.554
2791 -84.99 267.107
2792 662.85 86.1348
2793 -534.43 173.678
2794 411.69 -217.583
2795 446.17 207.285
2796 579.56 -150.755
2797 654.05 -95.5694
2798 326.95 -237.911
2799 -13.86 -269.047
2800 645.69 -103.638
2801 218.5 -255.641
2802 -240.31 -252.729
2803 396.57 221.699
2804 -277.22 247.076
2805 425.99 213.472
2806 -420.11 -215.189
2807 -117.9 265.252
2808 -116.68 265.332
2809 -125.44 -264.74
2810 -669.74 77.8524
2811 -165.33 -261.479
2812 435.96 -210.474
2813 685.29 -54.2589
2814 -647.66 101.804
2815 -518.57 -180.65
2816 597.79 -139.828
2817 -398.13 221.285
2818 331.94 -236.887
2819 -6.6 -269.088
2820 -628.51 118.234
2821 615.59 127.894
2822 434.88 -210.804
2823 50.22 268.406
2824 378.06 -226.432
2825 590.58 -144.289
2826 276.46 -247.201
2827 15.24 -269.036
2828 -302.49 242.65
2829 607.67 133.38
2830 245.63 251.971
2831 -20.55 268.984
2832 374.46 227.315
2833 -466.64 -200.506
2834 218.19 255.68
2835 605.34 134.938
2836 656.07 -93.4988
2837 91.48 266.79
2838 268.99 248.418
2839 606.26 134.325
2840 -529.73 175.795
2841 550.65 166.013
2842 -293.82 244.221
2843 577.24 -152.066
2844 688.19 -48.5264
2845 575.32 -153.138
2846 -440.23 -209.155
2847 -23.22 -268.952
2848 579.9 -150.561
2849 -28.23 268.881
2850 313.33 240.607
2851 -125.18 264.758
2852 -619.88 -124.791
2853 135.32 -264.019
2854 343.25 -234.49
2855 540.7 -170.783
2856 302.28 -242.689
2857 -603.44 -136.191
2858 -601.93 137.176
2859 -59.71 268.118
2860 665.48 83.0808
2861 -27.35 -268.894
2862 644.89 104.373
2863 413.52 -217.069
2864 563.95 159.272
2865 -233.32 -253.696
2866 -409.02 -218.327
2867 -349.1 233.209
2868 -145.04 -263.254
2869 289.38 -245.004
2870 -307.33 -241.749
2871 411.65 -217.595
2872 295.5 -243.921
2873 411.17 217.729
2874 319.95 239.315
2875 -11.01 -269.067
2876 441.71 208.693
2877 113.75 -265.52
2878 -289.88 244.917
2879 -534.01 -173.869
2880 333.86 -236.487
2881 543.25 -169.582
2882 429.89 212.313
2883 231.6 -253.929
2884 -307.25 -241.764
2885 301.1 -242.906
2886 54.83 -268.272
2887 411.24 -217.709
2888 258.8 250.014
2889 199.45 -257.934
2890 292.88 244.388
2891 -347.09 233.653
2892 -389.42 223.566
2893 -207.27 -257.021
2894 -214.15 256.185
2895 -275 -247.442
2896 -306.17 -241.967
2897 -334.64 236.324
2898 -234.06 -253.595
2899 -466.41 -200.586
2900 -305.1 242.167
2901 57.46 268.191
2902 -675.65 -69.8912
2903 -358.15 -231.17
2904 -56.65 -268.216
2905 473.13 198.244
2906 379.07 -226.182
2907 57.69 268.184
2908 -163.25 -261.672
2909 445.11 -207.621
2910 421.31 -214.842
2911 425.7 213.558
2912 -302.53 242.643
2913 323.19 238.67
2914 20.27 268.987
2915 -83.07 267.197
2916 113.66 265.525
2917 166.88 261.333
2918 653.94 -95.6807
2919 118.69 -265.2
2920 -317.05 239.885
2921 -684.4 -55.8959
2922 169.82 -261.053
2923 560.73 -160.945
2924 -507.91 185.076
2925 -225.49 254.742
2926 528.98 -176.129
2927 326.56 237.99
2928 -493.37 190.806
2929 -564.46 159.004
2930 307.24 241.766
2931 -408.84 -218.377
2932 -227.72 -254.448
2933 281.03 -246.438
2934 69.43 -267.772
2935 -348.57 -233.327
2936 193.57 -258.596
2937 -524 178.317
2938 540.06 171.082
2939 -22.97 -268.955
2940 -340.38 -235.108
2941 674.08 72.0989
2942 -51.76 -268.363
2943 -15.47 -269.034
2944 -30.91 268.837
2945 276.81 247.144
2946 519.29 180.344
2947 14.51 -269.042
2948 -327.34 -237.832
2949 14.73 -269.04
2950 -276.39 247.213
2951 -31.36 -268.83
2952 663.04 85.9183
2953 -85.76 -267.071
2954 -258.25 -250.098
2955 131.92 -264.273
2956 472.77 -198.371
2957 -411.79 -217.555
2958 275.51 -247.358
2959 557.31 -162.693
2960 423.63 -214.166
2961 -563.75 159.377
2962 -305.46 242.099
2963 640.56 -108.245
2964 70.03 -267.749
2965 601.8 137.26
2966 -328.97 -237.499
2967 -302.58 -242.634
2968 30.65 -268.842
2969 211.72 -256.484
2970 393.31 -222.556
2971 692.23 -39.113
2972 -608.11 -133.083
2973 351.18 232.747
2974 -318.96 239.51
2975 -542.33 170.017
2976 -599.11 138.99
2977 -151.1 -262.75
2978 -293.83 -244.22
2979 -273.6 247.672
2980 487.17 193.148
2981 511.92 183.434
2982 -220.72 255.359
2983 -118.14 265.236
2984 131.44 -264.309
2985 677.34 -67.4279
2986 -172.8 260.764
2987 488.58 -192.62
2988 -321.5 -239.007
2989 -264.03 249.204
2990 -398.02 221.314
2991 606.57 -134.118
2992 595.95 140.985
2993 -513.13 -182.934
2994 299.67 243.168
2995 184.06 259.621
2996 -292.66 -244.427
2997 572.39 -154.754
2998 468.35 199.916
2999 393.22 222.58
3000 -18.18 -269.009
3001 435.53 210.606
3002 622.54 122.817
3003 -488.31 -192.722
3004 225.52 -254.738
3005 -311.62 240.935
3006 272.96 -247.776
3007 -168.13 -261.215
3008 -688.74 47.358
3009 572.13 -154.896
3010 91.89 266.769
3011 434.18 211.017
3012 -554.43 164.142
3013 -132.83 264.206
3014 -210.08 -256.683
3015 -377.09 226.671
3016 71.66 -267.685
3017 389.16 -223.633
3018 38.12 268.7
3019 -421.08 214.909
3020 -562.53 160.013
3021 543.52 -169.454
3022 271.63 -247.992
3023 -184.31 259.595
3024 254.17 -250.715
3025 463.91 -201.441
3026 457.06 -203.745
3027 367.79 228.92
3028 -610 131.797
3029 254.05 -250.733
3030 233.65 -253.651
3031 -566.99 157.667
3032 291.58 244.618
3033 412 217.497
3034 -18.55 269.005
3035 576.26 152.615
3036 299.75 -243.153
3037 543.01 -169.695
3038 234.63 -253.517
3039 -63.34 -267.995
3040 -601.27 -137.603
3041 -383.82 -224.994
3042 385.67 224.525
3043 80.2 -267.326
3044 -522.81 -178.833
3045 -684.04 -56.544
3046 241.97 -252.495
3047 -349.31 -233.163
3048 -696.2 -26.7288
3049 -81.24 -267.28
3050 -6.54 -269.088
3051 494.1 190.526
3052 372.47 227.798
3053 453.8 204.82
3054 223.39 255.015
3055 -634.39 -113.493
3056 -594.22 -142.061
3057 -559.94 -161.351
3058 200.33 257.833
3059 665.89 -82.5934
3060 654.2 95.4175
3061 -240.41 -252.715
3062 532.02 174.769
3063 422.61 -214.464
3064 -165.69 -261.445
3065 320.31 -239.244
3066 64.73 -267.946
3067 239.21 252.884
3068 -529.28 175.995
3069 88.52 -266.938
3070 -61.29 268.065
3071 349.87 233.039
3072 -480.59 -195.571
3073 680.62 62.3509
3074 489.64 192.222
3075 -113.49 265.536
3076 -394.68 222.197
3077 -559.21 161.725
3078 -257.39 250.229
3079 26.93 -268.901
3080 107.53 -265.903
3081 -347.24 233.62
3082 224.2 254.91
3083 -269.35 -248.36
3084 79.01 267.379
3085 -575.55 153.01
3086 296.35 -243.769
3087 -217.68 -255.744
3088 358.94 230.989
3089 -62.97 268.008
3090 -154.15 262.487
3091 112.21 -265.617
3092 -336.05 -236.028
3093 500.19 -188.161
3094 328.24 -237.648
3095 -367.92 -228.889
3096 82.05 267.243
3097 234.35 -253.556
3098 206.54 257.108
3099 -369.43 228.529
3100 653.03 96.5958
3101 -578.12 -151.57
3102 559.64 -161.505
3103 696.13 -26.9972
3104 111.72 265.647
3105 -535.56 -173.162
3106 -524.65 -178.034
3107 632.14 -115.335
3108 401.28 220.441
3109 -89.44 266.892
3110 -264.08 -249.196
3111 333.7 236.521
3112 487.07 193.185
3113 249.38 251.426
3114 588.98 145.254
3115 -28.38 -268.879
3116 -541.12 170.586
3117 -168.08 -261.22
3118 -524.91 177.921
3119 -255.6 250.5
3120 280.58 -246.514
3121 595.51 141.26
3122 613.61 -129.294
3123 -512.42 183.228
3124 93.14 -266.705
3125 -382.98 225.205
3126 193.39 258.616
3127 -687.43 -50.0946
3128 -319.42 -239.42
3129 -376.92 226.713
3130 688.83 -47.164
3131 193.23 258.634
3132 -167.22 261.301
3133 -471.44 -198.838
3134 -245.53 251.986
