%%index real_part   imaginary_part
4210 4210 4210
1 -565.13 -360.325
2 579.86 -352.134
3 94.67 -487.075
4 92.6 487.213
5 -689.79 -275.143
6 -609.03 -334.662
7 -477.31 401.885
8 532.48 377.14
9 -124.65 -484.734
10 -651.49 305.743
11 -305.29 -456.173
12 381.64 435.828
13 347.41 445.624
14 26.63 489.998
15 -13.67 490.183
16 786.35 162.428
17 752.11 211.211
18 -770.92 -186.272
19 832.35 -24.8642
20 656.19 -302.245
21 769.83 -187.826
22 656.68 -301.877
23 -596.69 -342.267
24 -765.6 -193.716
25 280.57 461.633
26 -189.28 477.438
27 494.13 -394.788
28 -676.34 286.464
29 824.39 71.9821
30 793.45 150.006
31 -781.72 -169.986
32 -424.85 421.767
33 -399.17 -430.36
34 606.39 336.316
35 209.62 474.488
36 -828.12 -55.2142
37 -475.43 402.655
38 -365.38 -440.623
39 100.95 -486.639
40 639.78 -314.183
41 -37.88 489.742
42 -266.53 464.503
43 -777.87 -175.991
44 -156.84 -481.489
45 96.06 -486.981
46 512.7 386.508
47 623.6 -325.245
48 -154.9 481.707
49 -614.04 331.479
50 430.83 -419.663
51 164.97 -480.548
52 682.78 -281.128
53 -781.96 -169.603
54 -129.72 -484.274
55 421.13 423.056
56 174.28 -479.41
57 -411.44 -426.343
58 -793.72 149.511
59 331.47 -449.806
60 -489.1 -396.95
61 490.53 396.339
62 188 -477.613
63 742.87 222.239
64 55.29 -489.169
65 204.7 -475.231
66 -664.19 -296.137
67 595.88 342.755
68 378.7 -436.714
69 -378.04 -436.912
70 598.34 341.269
71 109.87 -485.97
72 -520.02 383.109
73 -429.31 420.202
74 422.65 -422.532
75 560.38 362.883
76 -202.05 -475.623
77 -596.86 342.165
78 605.93 -336.603
79 287.67 460.119
80 -352.6 444.212
81 205.58 475.1
82 204.52 475.258
83 6.25 490.235
84 -296.22 458.238
85 -371.16 438.949
86 -555.7 365.365
87 -287.6 -460.134
88 521.85 -382.247
89 675.6 -287.067
90 694.4 -271.1
91 -427.3 420.91
92 364.81 -440.787
93 -501.98 -391.346
94 -12.15 -490.196
95 616.59 329.837
96 -757.53 -204.399
97 266.15 464.578
98 474.84 402.896
99 96.3 -486.965
100 -148.59 -482.394
101 -493.53 395.048
102 407.98 427.492
103 219.01 473.019
104 -548.87 368.92
105 -697.76 268.099
106 393.07 -432.299
107 669.82 -291.716
108 -362.4 -441.474
109 813.23 107.263
110 547.51 369.619
111 750.83 212.781
112 -699.28 -266.725
113 -500.9 -391.825
114 258.4 -466.09
115 -75.04 -488.257
116 418.45 -423.976
117 178.32 478.895
118 -282.28 -461.272
119 -515.65 385.147
120 624.54 324.62
121 -373.88 -438.149
122 287.42 460.173
123 537.02 -374.906
124 -55.13 489.175
125 -230.45 -471.134
126 -206.53 -474.957
127 -451.44 412.099
128 -494.82 -394.489
129 -715.02 -251.872
130 278.85 -461.994
131 71.41 488.446
132 682.7 -281.195
133 -661.74 -298.029
134 227.52 -471.627
135 -665.42 295.18
136 77.73 488.112
137 619.97 -327.637
138 270.01 -463.807
139 319.72 452.74
140 -749.31 -214.627
141 -343.82 -446.587
142 687.07 -277.487
143 715.86 251.045
144 194.55 -476.704
145 -21.57 490.084
146 271.96 463.413
147 -531.16 -377.784
148 -47.99 -489.435
149 -34.2 489.836
150 -75.96 -488.208
151 -701.32 264.865
152 -618.15 -328.825
153 -753.91 208.979
154 172.56 479.625
155 402.28 429.357
156 7.51 490.229
157 -124.25 -484.77
158 -81.5 -487.899
159 567.02 359.296
160 -629.84 321.057
161 -259.36 -465.905
162 -552.95 366.806
163 -334.33 449.073
164 361.73 -441.664
165 -669.68 -291.827
166 257.61 -466.241
167 -36.24 489.785
168 -432.56 -419.047
169 -50.59 489.345
170 -779.56 173.384
171 36.76 -489.771
172 472.06 -404.025
173 -273.52 463.095
174 156.99 481.472
175 -220.53 -472.774
176 -485.71 398.387
177 -198.51 -476.139
178 723.1 243.759
179 344.96 -446.283
180 27.78 489.976
181 -680.51 -283.026
182 -312.51 -454.478
183 471.39 404.296
184 -52.11 -489.289
185 156.69 -481.506
186 161.45 -480.962
187 -170.37 479.896
188 -211.23 -474.241
189 -269.02 464.006
190 -174.25 479.414
191 460.27 408.705
192 456.96 409.988
193 524.29 -381.09
194 356.55 -443.119
195 26.02 -490.01
196 298.85 -457.646
197 -599.66 -340.466
198 771.7 -185.151
199 511.02 -387.277
200 -604.72 -337.355
201 806.39 123.849
202 512.75 -386.485
203 -642.92 -311.957
204 -830.39 -41.784
205 -206.18 475.01
206 -753.3 209.739
207 -265.48 -464.711
208 607.23 -335.792
209 2.64 490.246
210 366.18 440.394
211 -796.16 144.953
212 403.55 428.944
213 237.37 469.944
214 576.06 354.286
215 735.18 230.918
216 -678.47 -284.715
217 663.83 296.416
218 -765.16 194.317
219 -264.2 -464.963
220 359.43 442.314
221 -199.15 -476.046
222 -436.58 -417.602
223 406.23 428.068
224 -728.86 -237.749
225 -735.05 231.061
226 547.29 369.731
227 464.43 -407.073
228 -156.63 481.513
229 395.59 -431.502
230 26.32 490.004
231 -390.07 433.238
232 530.73 377.993
233 224.52 472.124
234 -17.89 490.136
235 -644.73 310.662
236 -645.22 -310.31
237 772.65 -183.775
238 363.01 -441.301
239 760.04 -201.149
240 203.89 475.352
241 -630.25 320.779
242 -336.28 448.569
243 558.52 363.874
244 -701.32 264.865
245 507.75 388.762
246 520.01 -383.114
247 680.04 -283.416
248 818.68 -91.8029
249 675.11 287.466
250 706.48 260.077
251 -149.79 482.265
252 -133.65 483.904
253 165.16 -480.526
254 -650.54 306.442
255 556.18 365.112
256 -520.63 382.822
257 -354.66 443.644
258 -426.21 -421.292
259 -58.9 -489.023
260 384.83 434.856
261 -693.79 271.64
262 -156.93 481.479
263 427.41 -420.872
264 800.25 -136.938
265 -267.39 464.332
266 -210.05 474.423
267 633.42 -318.611
268 -354.68 -443.638
269 -762.81 197.488
270 -758.86 202.685
271 -450.25 412.549
272 370.73 -439.074
273 23.58 -490.052
274 63.79 -488.81
275 70.23 -488.505
276 -647.13 308.93
277 552.01 -367.295
278 464.89 406.892
279 82.02 487.869
280 -271.44 463.518
281 810.16 115.021
282 85.48 487.663
283 633.55 -318.521
284 120.52 -485.096
285 766.46 -192.536
286 -532.04 377.355
287 770.9 186.301
288 75.19 488.249
289 -440.65 -416.12
290 -356.63 -443.097
291 207.97 474.74
292 -399 -430.415
293 446.61 -413.916
294 778.2 -175.485
295 335.05 448.887
296 121.07 -485.048
297 -442.78 415.337
298 74.63 -488.279
299 204.3 -475.291
300 665.1 -295.43
301 453.41 -411.35
302 19.47 490.115
303 470.52 404.646
304 -164.13 -480.648
305 -733.6 232.65
306 486.67 397.982
307 263.44 465.112
308 422.93 422.435
309 500.56 -391.975
310 674.82 287.701
311 287.65 460.123
312 -149.22 482.327
313 248.52 -467.945
314 386.08 -434.473
315 682.42 281.43
316 -141.51 -483.13
317 -128.38 484.397
318 677.41 285.587
319 -741.34 224
320 120.77 -485.074
321 -741.85 -223.415
322 -217.05 -473.331
323 611.36 333.189
324 -705.39 -261.098
325 -347.85 445.506
326 -706.77 259.804
327 -44.27 -489.556
328 662.08 297.768
329 -582.91 -350.387
330 204 475.335
331 734 232.213
332 -223.8 472.242
333 -358.86 -442.474
334 583.72 349.92
335 325.98 451.192
336 -222.76 472.412
337 760.72 -200.258
338 344.33 446.451
339 -229.52 471.291
340 83.83 -487.762
341 -582.09 -350.859
342 152.97 481.92
343 -708.17 -258.481
344 -733.72 232.519
345 712.17 254.65
346 -492.93 -395.307
347 -761.06 -199.81
348 -171.89 -479.708
349 139.36 483.346
350 571.79 -356.671
351 660.47 -299.002
352 410.72 -426.583
353 776.1 -178.674
354 701.96 264.278
355 60.7 488.947
356 -33.14 489.861
357 -300.1 -457.363
358 -72.84 -488.373
359 109.92 485.966
360 -801.27 134.858
361 -684.88 279.355
362 -398.28 -430.645
363 -165.25 480.515
364 -248.16 468.011
365 301.25 -457.101
366 -746.97 217.432
367 45.6 489.514
368 527.36 -379.621
369 -134.07 483.864
370 568.28 358.607
371 344.28 446.464
372 -684.21 -279.922
373 75.01 -488.259
374 -57.86 489.066
375 436.97 -417.461
376 258.52 -466.067
377 751.93 211.433
378 -82.79 487.824
379 -281.93 461.346
380 -366.26 -440.371
381 267.53 -464.304
382 -453.24 -411.414
383 -404.61 -428.599
384 -801.25 134.899
385 -679.13 -284.17
386 -98.92 486.783
387 -566.81 359.411
388 -716.89 250.026
389 525.52 380.503
390 -102.6 486.519
391 152.91 481.927
392 528.34 -379.149
393 697.66 -268.189
394 729.65 236.909
395 775.97 178.87
396 304.87 -456.27
397 -799.83 137.784
398 543.97 371.423
399 64.64 -488.772
400 -232.43 470.798
401 686.12 -278.3
402 103.99 486.417
403 739.76 -225.8
404 -169.43 -480.011
405 116.86 -485.405
406 -89.53 -487.412
407 -249.47 467.77
408 419.13 423.743
409 777.76 176.159
410 581.32 351.3
411 196.08 -476.487
412 819.03 -90.7162
413 -114.96 485.562
414 -250.96 467.494
415 169.31 480.026
416 645.61 310.029
417 -16.3 -490.155
418 514.17 -385.831
419 -164.16 480.644
420 324.78 -451.492
421 -72.65 488.382
422 -586.64 348.227
423 -536.12 375.352
424 522.26 -382.053
425 441.71 415.731
426 -237.43 469.933
427 117.79 -485.328
428 786.14 162.78
429 383.92 -435.135
430 -545.3 370.747
431 669.68 291.827
432 -610.19 -333.93
433 -374.31 438.022
434 798.29 140.841
435 289.06 459.817
436 -629.48 321.301
437 -146.59 482.606
438 -659.39 -299.826
439 184.46 -478.09
440 -139.61 483.321
441 176.66 -479.108
442 588.16 -347.338
443 430.66 419.724
444 459.15 409.141
445 -188.07 -477.603
446 426.75 421.103
447 251.29 467.433
448 -318.02 453.154
449 308.09 455.521
450 192.71 476.963
451 -393.13 -432.28
452 -789.02 157.885
453 397.49 430.898
454 -491.18 396.06
455 566.38 359.646
456 328.28 -450.615
457 -654.33 -303.637
458 92.79 487.201
459 69.84 -488.524
460 -232.87 -470.722
461 197.69 -476.257
462 730.46 236.044
463 -582.39 -350.686
464 127.79 484.451
465 68.46 488.592
466 -693.45 -271.941
467 -773.27 -182.871
468 454.5 -410.933
469 -300.05 -457.374
470 -494.37 -394.684
471 247.58 468.118
472 569.33 -358.03
473 285.3 -460.629
474 562.65 -361.666
475 -291.02 459.389
476 298.51 457.723
477 275.33 462.723
478 376.3 -437.432
479 -822.95 77.4742
480 -257.35 466.291
481 -345.26 446.202
482 646.8 309.17
483 381.45 -435.886
484 683.22 280.758
485 377.28 -437.14
486 -766.54 -192.425
487 416.77 424.548
488 -175.27 -479.285
489 678.37 -284.798
490 -522.87 381.764
491 485.19 -398.607
492 -763.03 197.193
493 -517.3 384.381
494 -40.96 -489.656
495 294.77 -458.561
496 -514.2 385.818
497 -366.71 440.241
498 625.58 323.926
499 -79.29 488.025
500 -597.41 341.832
501 271.78 -463.449
502 -823.03 -77.1796
503 417.95 424.146
504 78.35 -488.077
505 270.41 463.726
506 355.65 -443.37
507 -729.05 -237.548
508 -736.47 229.491
509 754.19 208.629
510 675.67 287.01
511 -661.79 297.99
512 -321.27 452.36
513 -204.42 475.273
514 -692.69 272.61
515 -706.81 259.766
516 527.56 379.525
517 825.01 -69.4808
518 -349.91 -444.947
519 110.52 -485.919
520 688.73 -276.06
521 -108.4 -486.084
522 327.74 -450.751
523 -443.79 -414.964
524 140.83 -483.199
525 292.81 -458.995
526 -265.03 -464.8
527 -668.14 -293.046
528 -9.9 -490.214
529 -678.36 284.806
530 -157.31 -481.436
531 -710.15 256.595
532 749.71 -214.144
533 362.47 -441.454
534 606.43 -336.292
535 -726.92 239.796
536 -161.34 480.975
537 -1.86 -490.247
538 -48.04 -489.433
539 -299.82 457.427
540 -485.42 398.51
541 -447.51 413.579
542 751.38 212.109
543 788.81 -158.247
544 -27.71 -489.978
545 -730.27 236.247
546 78.33 -488.078
547 -361.94 -441.605
548 450.64 412.402
549 790.83 154.719
550 -660.01 -299.353
551 746.91 -217.503
552 -133.96 483.874
553 -718.41 -248.511
554 -541.53 -372.655
555 -384.18 -435.055
556 635.63 -317.084
557 631.44 319.968
558 110.25 485.94
559 107.92 486.121
560 -180.36 478.631
561 -581.35 351.283
562 355.03 -443.541
563 -154.63 -481.737
564 -149.65 482.28
565 -209.99 -474.432
566 -229.56 -471.285
567 273.22 463.156
568 -342.81 446.855
569 389.9 -433.291
570 -617.82 329.04
571 38.95 489.713
572 -573.82 -355.541
573 -378.32 -436.828
574 241.27 469.256
575 -286.83 460.3
576 -219.32 472.969
577 -117.05 -485.389
578 -341.95 -447.083
579 415.19 -425.083
580 -294.57 458.605
581 543.63 371.595
582 339.73 -447.669
583 456.88 -410.019
584 780.47 -171.962
585 -186.03 -477.88
586 -723.73 243.111
587 337.23 448.322
588 394.49 -431.851
589 365.71 -440.529
590 69.35 -488.548
591 518.76 -383.7
592 -629.29 321.43
593 755.96 -206.401
594 27.44 -489.983
595 355.84 -443.317
596 188.68 -477.52
597 492.03 -395.695
598 -802.58 132.135
599 -533.66 376.563
600 -811.67 111.276
601 588.44 -347.174
602 639.43 314.429
603 -705.44 -261.052
604 -235.31 470.302
605 -303.3 456.632
606 -363.23 -441.238
607 -537.94 374.449
608 14.99 -490.169
609 -802.31 132.701
610 719.62 -247.297
611 -157.95 481.364
612 -300.96 457.168
613 751.87 -211.507
614 -108.57 -486.071
615 817.54 95.2534
616 -662.26 -297.629
617 269.99 463.811
618 -521.5 382.412
619 -338.24 -448.059
620 -725.95 240.81
621 -87.97 487.51
622 512.57 -386.567
623 33.57 -489.851
624 143.43 482.934
625 -36.58 -489.776
626 165.35 480.503
627 428.96 420.326
628 486.44 -398.079
629 -500.32 392.081
630 -714.82 252.068
631 468.56 405.432
632 -60.54 -488.953
633 130.17 -484.232
634 646.36 -309.488
635 -721.98 244.905
636 -756.8 205.333
637 -184.55 -478.078
638 376.18 437.467
639 -417.19 424.405
640 180.39 -478.627
641 288.93 -459.845
642 -67.73 488.627
643 -747.24 217.11
644 -290.88 -459.42
645 -569.68 -357.838
646 -638.71 314.935
647 327.21 450.884
648 -641.68 312.839
649 437.62 417.225
650 -53.26 489.246
651 118.05 485.306
652 816.43 -98.4925
653 -802.02 133.307
654 108.36 -486.087
655 448.41 -413.242
656 192.73 -476.96
657 -243.18 -468.915
658 -195.72 476.538
659 440.3 416.248
660 -644.22 -311.028
661 592.83 -344.58
662 754.68 -208.015
663 164.34 480.623
664 -810.93 113.128
665 648.85 307.68
666 303.58 456.568
667 531.93 -377.409
668 685.43 -278.887
669 -307.26 455.715
670 551.12 -367.758
671 667.91 293.228
672 113.56 -485.676
673 -621.79 -326.442
674 247.88 -468.063
675 -212.17 -474.096
676 58.38 -489.044
677 -425.21 -421.642
678 806.86 -122.785
679 179 478.808
680 -452.3 -411.772
681 -110.47 -485.923
682 104.57 -486.374
683 -225.05 -472.037
684 -633.88 318.294
685 -220.51 472.777
686 459.28 -409.09
687 420.49 -423.277
688 347.3 445.654
689 531.91 377.418
690 -388.65 -433.679
691 -465.25 -406.749
692 -618.03 -328.903
693 -672.17 -289.84
694 792.01 -152.617
695 -762.51 -197.888
696 -592.48 344.789
697 -392.53 432.468
698 598.1 -341.415
699 -421.57 -422.905
700 713.75 -253.115
701 456.23 410.269
702 -27.48 489.982
703 -567 359.307
704 4.63 490.241
705 254.24 466.881
706 405.54 428.294
707 -709.86 256.872
708 -662.93 297.112
709 -142.12 483.068
710 255.89 -466.569
711 334.11 -449.13
712 -680.19 283.292
713 372.73 438.488
714 -566.26 359.711
715 772.21 -184.414
716 571.04 357.087
717 -229.07 471.367
718 263.25 465.15
719 -827.91 -56.2933
720 -788.96 157.988
721 -535.04 375.884
722 -434.9 418.208
723 -177.1 479.052
724 433.78 418.61
725 -330.96 449.936
726 534.65 376.076
727 -804.33 128.4
728 699.52 266.507
729 625.37 324.067
730 170.43 479.889
731 -48.45 -489.419
732 715.65 251.252
733 -340.55 -447.453
734 -419.62 -423.575
735 28.01 489.972
736 -252.94 467.125
737 570.46 357.407
738 -24.44 -490.038
739 110.79 -485.898
740 778.66 -174.778
741 -617.95 -328.955
742 -59.22 489.009
743 422.71 422.511
744 -511.61 387.007
745 -795.7 145.824
746 188.22 -477.583
747 -286.18 460.44
748 292.66 -459.028
749 470.92 -404.485
750 -719.37 -247.549
751 -257.45 -466.272
752 260.23 465.737
753 -233.12 470.679
754 449.7 412.756
755 -414.26 -425.397
756 264.79 -464.847
757 728.89 237.717
758 751.92 -211.445
759 296.88 458.09
760 -629.16 321.518
761 -156.7 481.505
762 -593.95 343.912
763 254.03 466.92
764 117.53 -485.349
765 -507.57 -388.843
766 812.13 -110.109
767 258.16 466.136
768 -345.61 -446.108
769 -72.95 488.367
770 -480.43 -400.597
771 584.23 -349.626
772 72.81 -488.374
773 -671.38 290.473
774 400.13 430.052
775 -410.7 426.59
776 -569.29 358.052
777 -424.08 422.035
778 804.8 127.377
779 -531.06 377.832
780 617.34 329.351
781 -213.48 473.893
782 -313.43 454.259
783 -247.93 468.053
784 153.63 481.847
785 -673.17 -289.036
786 -265.37 -464.733
787 28.01 489.972
788 -689.99 -274.969
789 -504.21 -390.353
790 504.06 390.42
791 389.22 -433.502
792 -316.38 -453.551
793 -46.49 489.485
794 570.08 357.617
795 -242.21 469.089
796 306.95 455.787
797 6.9 490.232
798 240.27 469.434
799 519.65 383.283
800 821.5 82.6276
801 153.21 -481.894
802 475.56 -402.602
803 -195.34 -476.592
804 176.89 479.079
805 -530.89 377.915
806 2.04 490.247
807 -825.62 66.9266
808 830.21 43.0038
809 820.6 85.6662
810 -398.38 -430.613
811 180.87 478.564
812 -285.06 -460.68
813 -191.38 477.148
814 -147.75 482.483
815 211.31 474.229
816 222.22 472.5
817 -156.4 -481.539
818 234.82 -470.387
819 -25.01 490.028
820 127.65 -484.464
821 -117.33 -485.366
822 383.25 -435.339
823 312.31 454.526
824 -783.99 -166.329
825 605.88 -336.634
826 -116.67 -485.421
827 263.34 465.132
828 219.77 -472.897
829 226.24 -471.84
830 802.37 132.576
831 77.71 488.113
832 -800.94 135.535
833 -19.13 490.119
834 330.13 450.147
835 244.82 -468.62
836 -197.61 476.268
837 -287 -460.263
838 409.14 -427.108
839 -561.21 362.439
840 -634.34 -317.977
841 193.9 -476.796
842 -157.26 -481.442
843 713 -253.845
844 -386.49 434.347
845 254.97 -466.743
846 -336.77 -448.442
847 117.59 -485.344
848 297.38 457.977
849 470.92 404.485
850 373.77 438.182
851 326.52 -451.057
852 157.07 481.463
853 441.6 -415.772
854 -369.99 -439.29
855 629.72 -321.139
856 257.16 -466.327
857 -105.49 -486.306
858 -341.56 -447.186
859 255.66 466.612
860 -74.01 488.312
861 502.5 391.115
862 785.83 163.297
863 -155.43 -481.648
864 -103.45 -486.457
865 127.02 -484.521
866 374.47 437.975
867 -306.89 -455.801
868 -211.27 474.235
869 -207.3 -474.841
870 -312.63 -454.45
871 39.14 489.708
872 -413.74 -425.572
873 24.14 -490.043
874 -126.91 -484.531
875 -372 438.703
876 -84.89 487.699
877 -435.35 -418.046
878 -611.48 -333.112
879 174.12 -479.43
880 -234.24 -470.487
881 -332.6 449.517
882 -795.7 -145.824
883 -754.66 -208.04
884 -11.02 -490.206
885 -214.84 473.68
886 522.81 381.793
887 -262.59 -465.279
888 -276.19 462.546
889 168.64 -480.107
890 2.64 -490.246
891 492.23 395.609
892 -666.85 -294.061
893 382.85 435.461
894 435.69 -417.923
895 95.81 -486.998
896 -323.22 -451.879
897 562.9 -361.531
898 385.23 -434.734
899 -641.5 312.967
900 706.01 260.518
901 154.86 481.711
902 -403.74 428.883
903 -296.87 458.092
904 -691.38 273.758
905 -688.21 276.508
906 -659.35 -299.856
907 -593.21 344.354
908 -828.64 52.4452
909 -311.13 -454.806
910 -47.78 -489.442
911 272.83 463.236
912 -292.91 458.973
913 70.71 488.481
914 -360.89 441.902
915 244.98 468.591
916 -770.8 -186.444
917 -698.69 -267.259
918 291.21 459.347
919 657.56 301.213
920 107.4 -486.161
921 -405.85 -428.193
922 186.17 -477.861
923 -211.68 474.172
924 -768.74 189.364
925 530.55 -378.08
926 -425.91 -421.397
927 -585.07 -349.139
928 -1.4 -490.248
929 -533.17 376.803
930 419.35 -423.668
931 -76.49 -488.179
932 -685.4 -278.913
933 694.39 271.109
934 -593.27 -344.318
935 47.46 -489.453
936 -674.64 -287.847
937 -538.69 -374.076
938 -136.31 -483.647
939 -296.15 -458.253
940 -399.85 -430.142
941 -688.13 -276.577
942 311.37 -454.749
943 395.48 -431.537
944 81.68 -487.888
945 563.86 361.013
946 -131.54 -484.104
947 -581.48 -351.209
948 656.92 301.696
949 745.54 219.123
950 478.94 401.213
951 -60.99 488.934
952 -537.56 -374.638
953 -332.33 449.586
954 -682.94 280.993
955 -499.16 -392.593
956 311.52 454.713
957 -545.92 -370.432
958 -761.47 199.269
959 126.56 -484.563
960 103.84 -486.428
961 -86.68 -487.59
962 -248.04 468.033
963 -247.37 468.156
964 779.03 174.207
965 -673.82 -288.511
966 -75.65 488.225
967 299.21 -457.565
968 120.7 485.08
969 -509.41 -388.01
970 832.02 28.4302
971 655.37 -302.86
972 571.09 -357.059
973 -794.07 -148.867
974 53.78 -489.227
975 -194.39 476.727
976 -657.29 -301.417
977 100.99 -486.636
978 -579.98 352.066
979 252.19 -467.265
980 503.18 390.813
981 242.37 469.06
982 74.3 488.296
983 633 318.9
984 391.83 432.688
985 -226.7 471.763
986 443.78 414.968
987 521.6 382.365
988 -76.58 488.175
989 606.71 336.117
990 669.02 -292.351
991 174.39 -479.396
992 -42.49 489.611
993 -521.34 -382.488
994 832.36 -24.7481
995 -88.56 487.473
996 629.75 321.118
997 32.59 -489.874
998 -165.79 480.451
999 220.56 472.769
1000 -706.32 -260.227
1001 -52.55 489.273
1002 -387.65 433.989
1003 616.71 -329.759
1004 604.31 337.609
1005 -211.25 -474.238
1006 657.89 300.964
1007 -646.06 309.704
1008 -469.7 404.976
1009 515.84 -385.059
1010 -203.64 475.389
1011 36.29 489.784
1012 -159.65 -481.17
1013 648.03 -308.277
1014 275.44 -462.701
1015 266.72 464.465
1016 15.56 490.163
1017 -605.76 -336.709
1018 59.93 488.979
1019 -24.14 -490.043
1020 175.63 -479.239
1021 -350.4 -444.814
1022 -626.36 -323.404
1023 -212.99 -473.969
1024 -271.66 -463.473
1025 801.73 133.909
1026 -129.27 -484.315
1027 646.49 -309.394
1028 623.51 -325.304
1029 -129.61 484.284
1030 218.36 473.123
1031 666.59 -294.265
1032 790.31 155.636
1033 784.21 165.97
1034 -528.47 379.087
1035 -530.92 377.9
1036 169.8 479.966
1037 -743.03 -222.054
1038 -494.14 -394.784
1039 -725.83 -240.935
1040 831.48 -33.453
1041 374.69 -437.91
1042 31.78 -489.892
1043 155.35 -481.656
1044 -270.99 -463.609
1045 14.09 -490.178
1046 291.41 459.303
1047 -285.49 -460.588
1048 -698.57 267.368
1049 -564.61 360.607
1050 4.22 -490.242
1051 569.59 -357.887
1052 305.07 456.224
1053 380.56 -436.155
1054 176.04 -479.187
1055 59.66 488.991
1056 543.69 371.565
1057 187.87 477.63
1058 375.22 437.753
1059 -256.18 466.514
1060 -600.41 -340.009
1061 -793.26 150.353
1062 668.31 292.912
1063 -86.38 -487.608
1064 -568.19 358.656
1065 239.69 -469.536
1066 -271.82 -463.441
1067 1.39 490.248
1068 -171.42 -479.767
1069 250.09 467.656
1070 -323.17 -451.891
1071 -99.69 486.729
1072 50.82 -489.336
1073 -208.33 474.685
1074 -631.07 -320.22
1075 -757.04 -205.026
1076 -503.84 390.518
1077 802.91 -131.44
1078 -563.17 361.386
1079 -97.26 486.899
1080 259.22 465.932
1081 763.83 -196.119
1082 611.14 333.328
1083 9.75 490.215
1084 -76.71 -488.168
1085 -155.07 481.688
1086 -304.48 456.36
1087 -139.13 483.369
1088 -390.45 -433.119
1089 57.09 489.097
1090 675.3 287.311
1091 -442.98 415.263
1092 -56.89 -489.105
1093 -88.86 -487.454
1094 432.3 419.14
1095 182.37 478.367
1096 315.25 -453.823
1097 -173.29 -479.534
1098 687.35 -277.247
1099 169.89 -479.955
1100 633.46 -318.583
1101 -542.26 372.287
1102 92.47 487.222
1103 807.93 -120.326
1104 -590.92 345.714
1105 616.08 330.166
1106 -167.39 -480.259
1107 292.25 -459.119
1108 127.56 484.472
1109 -332.98 449.42
1110 -812.79 -108.41
1111 -256.69 466.417
1112 805.06 126.807
1113 -762.99 197.247
1114 -780.27 172.276
1115 -4.12 -490.243
1116 352.09 -444.352
1117 366.16 -440.399
1118 -185.45 477.958
1119 7.45 -490.229
1120 -818.72 -91.6794
1121 -699.06 -266.924
1122 91.46 487.288
1123 525.82 -380.36
1124 -617.97 -328.942
1125 510.75 -387.4
1126 483 -399.526
1127 753.5 209.49
1128 566.04 359.831
1129 607.97 -335.328
1130 759.73 201.554
1131 -181.73 -478.452
1132 -152.74 481.945
1133 -572.27 356.405
1134 -775.2 180.021
1135 -326.47 451.07
1136 -675.17 -287.417
1137 -322.66 452.017
1138 104.76 -486.36
1139 341.97 -447.078
1140 341.3 -447.255
1141 -82.54 -487.838
1142 -655.37 -302.86
1143 -269.35 -463.94
1144 520.47 382.897
1145 -426.51 -421.187
1146 824.6 -71.145
1147 304.32 456.397
1148 161.32 -480.977
1149 291.59 -459.264
1150 -62.54 -488.866
1151 -99.92 486.712
1152 269.78 463.853
1153 567.1 359.253
1154 684.69 279.516
1155 407.51 -427.647
1156 53.34 489.243
1157 201.66 -475.681
1158 -772.95 183.338
1159 570.76 357.242
1160 203.06 -475.475
1161 333.09 449.392
1162 309.56 455.176
1163 -92.25 -487.236
1164 -446.38 414.002
1165 191.71 477.102
1166 584.18 349.655
1167 -632.95 -318.934
1168 467.72 -405.768
1169 -289.71 459.675
1170 -344.4 446.432
1171 -780.14 172.479
1172 -109.93 -485.965
1173 655.13 -303.04
1174 826.13 64.7124
1175 -310.39 -454.981
1176 -367.4 440.042
1177 155.77 -481.609
1178 716.32 250.59
1179 544.36 371.225
1180 -668 -293.157
1181 220.29 472.813
1182 -134.13 483.858
1183 -582.82 -350.439
1184 -370.97 -439.004
1185 -279.76 -461.803
1186 -523.72 -381.361
1187 419.67 -423.558
1188 809.3 117.097
1189 -63.03 -488.845
1190 321.13 -452.394
1191 -24.19 -490.042
1192 338.27 -448.051
1193 546.98 369.89
1194 6.02 490.236
1195 731.3 -235.142
1196 -319.04 452.906
1197 -186.42 477.827
1198 -229.85 -471.236
1199 820.58 -85.7325
1200 485.81 398.345
1201 499.43 392.474
1202 615.61 330.47
1203 207.74 -474.774
1204 -667.47 -293.574
1205 -225.44 471.972
1206 -25.04 490.027
1207 -337.18 -448.335
1208 484.62 -398.846
1209 -447.15 413.714
1210 -672.65 -289.454
1211 66.62 -488.68
1212 -418.88 -423.829
1213 -197.53 476.28
1214 -721.92 244.966
1215 -600.52 339.941
1216 -113.08 -485.715
1217 616.32 -330.011
1218 767.42 191.208
1219 542.66 -372.085
1220 5.06 -490.24
1221 115.8 485.493
1222 259 -465.975
1223 -579.98 352.066
1224 696.23 -269.471
1225 710.23 256.518
1226 -423.81 -422.129
1227 -796.04 -145.18
1228 -443.81 414.956
1229 -333.49 -449.289
1230 -452.64 411.643
1231 -357.59 -442.829
1232 451.28 -412.159
1233 -709.28 257.426
1234 313.36 454.276
1235 27.45 -489.983
1236 -813.51 -106.525
1237 -197.57 -476.274
1238 -86.34 -487.611
1239 34.94 -489.818
1240 587 348.017
1241 652.68 304.864
1242 202.11 475.615
1243 487.17 -397.77
1244 39.38 489.701
1245 -317.17 453.36
1246 -255.05 466.728
1247 702.62 -263.67
1248 610.18 333.936
1249 552.2 -367.197
1250 -238.31 469.779
1251 410.1 -426.789
1252 253.88 -466.948
1253 -125.11 484.693
1254 -507.3 -388.965
1255 -237.71 469.884
1256 123.03 484.877
1257 490.6 -396.309
1258 470.45 -404.674
1259 -409.91 426.853
1260 -642.45 312.292
1261 691.22 273.898
1262 80.81 -487.939
1263 95.49 -487.02
1264 -418.58 -423.931
1265 723.38 -243.472
1266 -747.89 -216.334
1267 665.58 -295.055
1268 -481.05 -400.339
1269 -280.63 -461.62
1270 195.73 -476.537
1271 -620.38 -327.369
1272 541.25 -372.795
1273 256.93 466.371
1274 -61.61 -488.907
1275 -827.68 57.4517
1276 -373.3 438.32
1277 -523.04 381.684
1278 -217.02 473.336
1279 65.42 -488.736
1280 523.95 -381.252
1281 -804.95 -127.049
1282 -485.53 -398.463
1283 -556.06 -365.175
1284 405.14 428.425
1285 347.1 -445.708
1286 -619.64 -327.853
1287 -512.79 386.466
1288 324.17 -451.643
1289 -524.24 381.114
1290 -689.9 275.047
1291 534.1 376.347
1292 748.06 216.131
1293 483.1 399.484
1294 -764.2 -195.619
1295 343.91 -446.563
1296 489.18 396.915
1297 378.36 436.816
1298 -580.55 -351.741
1299 -647.31 308.8
1300 26.28 -490.005
1301 -579.17 352.527
1302 -330.88 -449.956
1303 655.65 -302.65
1304 -47.93 489.437
1305 331.8 449.722
1306 572.46 -356.299
1307 -310.19 455.028
1308 -804.56 127.901
1309 -703.04 -263.282
1310 71.06 488.463
1311 -72.58 488.386
1312 679.56 -283.814
1313 -518.56 -383.793
1314 -338.58 447.97
1315 351.81 -444.428
1316 -168.82 480.085
1317 312.77 -454.416
1318 -366.95 440.172
1319 -655.53 -302.74
1320 -676.78 286.104
1321 384.08 435.086
1322 -215.04 -473.648
1323 -821.22 83.5851
1324 -90.24 487.366
1325 645.25 310.288
1326 -41.71 489.634
1327 434.8 418.244
1328 536.87 374.98
1329 -831.97 28.9321
1330 108.45 -486.08
1331 -155.06 -481.689
1332 428.52 420.481
1333 -619.66 -327.84
1334 165.2 480.521
1335 -139.04 483.378
1336 -680 283.45
1337 694.53 270.985
1338 -396.35 431.261
1339 493.51 395.056
1340 -119.54 485.179
1341 -818.53 -92.2646
1342 -164.04 480.658
1343 308.68 -455.383
1344 201.48 475.707
1345 -181 -478.547
1346 406.1 428.111
1347 212.59 -474.031
1348 -746.23 -218.309
1349 515 -385.448
1350 -367.38 -440.048
1351 690.71 -274.343
1352 396.01 431.369
1353 -338.37 448.025
1354 -602.46 -338.752
1355 349.05 445.181
1356 -223.36 472.314
1357 170.63 479.864
1358 625.65 -323.88
1359 459.28 409.09
1360 -503.48 390.679
1361 -673.73 288.584
1362 -388.56 433.707
1363 716.52 250.392
1364 -707.74 258.889
1365 -334.46 449.04
1366 -568.7 -358.377
1367 327.97 450.693
1368 -306.81 455.82
1369 -805.06 126.807
1370 -746.72 -217.728
1371 58.36 489.045
1372 -391.5 -432.791
1373 244.18 -468.735
1374 565.1 360.342
1375 -819.23 -90.0892
1376 161.59 480.946
1377 664.28 -296.067
1378 -777.4 -176.708
1379 -317.71 453.229
1380 729.67 236.888
1381 618.18 -328.805
1382 -577.46 -353.496
1383 810.55 114.066
1384 86.3 -487.613
1385 -576.68 -353.937
1386 35.25 -489.81
1387 -254.89 466.758
1388 -669.69 291.82
1389 -142.83 482.996
1390 -703.1 263.227
1391 258.5 -466.071
1392 412.22 426.082
1393 623.35 325.411
1394 -678.92 284.344
1395 357.19 -442.941
1396 729.12 237.473
1397 -793.88 149.217
1398 782.97 167.983
1399 -73.69 -488.328
1400 400.59 429.903
1401 -651.42 -305.795
1402 -51.54 -489.31
1403 754.91 -207.726
1404 313.76 -454.18
1405 -29.69 -489.937
1406 -721.92 244.966
1407 789.56 -156.948
1408 -800.4 -136.634
1409 -602.34 338.825
1410 -513.1 386.324
1411 429.32 420.198
1412 -136.19 -483.659
1413 -18.18 -490.132
1414 -52.85 489.262
1415 -326.49 451.065
1416 -389.82 433.316
1417 278.07 -462.156
1418 -149.66 482.279
1419 -770.74 186.53
1420 425.18 -421.652
1421 649.07 307.519
1422 -34.91 489.818
1423 -660.91 298.666
1424 -554.94 365.764
1425 -299.42 -457.517
1426 251.55 467.385
1427 -210.94 474.286
1428 138.48 -483.434
1429 -817.13 96.463
1430 654.56 -303.466
1431 787.89 159.825
1432 106.05 486.263
1433 -423.05 -422.393
1434 634.84 317.631
1435 222.16 -472.51
1436 47.69 -489.445
1437 -736.88 -229.035
1438 580.27 351.9
1439 -281.77 461.38
1440 347.25 445.668
1441 -553.26 366.644
1442 206.69 -474.933
1443 -469.68 -404.984
1444 -237.95 469.842
1445 590.32 -346.068
1446 -827.31 59.2671
1447 -505.73 -389.672
1448 -640.17 -313.908
1449 -354.31 -443.741
1450 515.36 -385.282
1451 -619.02 -328.258
1452 -384.87 -434.844
1453 -777.3 176.86
1454 -501.76 -391.444
1455 -209.68 474.479
1456 -103.98 -486.418
1457 243.24 -468.904
1458 101.89 -486.571
1459 458.43 -409.42
1460 -463.98 -407.251
1461 -36.59 489.776
1462 -700.65 -265.478
1463 63.21 488.837
1464 -20.35 -490.102
1465 -470.39 404.698
1466 -609.52 -334.353
1467 -485.41 -398.514
1468 -738.47 -227.256
1469 282.94 -461.132
1470 137.12 483.568
1471 744.73 220.074
1472 800.05 137.342
1473 606.26 336.398
1474 -440.07 -416.332
1475 -635.89 -316.904
1476 -21.57 490.084
1477 -257.41 -466.279
1478 -183.14 -478.266
1479 -342.43 446.956
1480 -160.1 481.118
1481 -151.52 482.078
1482 199.17 476.044
1483 494.96 394.428
1484 -53.7 489.23
1485 -306.62 455.864
1486 533.92 -376.435
1487 -743.09 -221.984
1488 -440.83 416.054
1489 -369.08 439.555
1490 -153.24 481.89
1491 257.3 -466.3
1492 -717.84 -249.081
1493 569.49 357.942
1494 -515.49 -385.221
1495 672.68 289.43
1496 581.95 350.939
1497 756.33 205.931
1498 15.24 490.167
1499 666.64 -294.226
1500 -301.52 -457.04
1501 82.95 487.814
1502 466.21 -406.369
1503 585.35 -348.977
1504 -117.13 485.383
1505 -431.11 -419.564
1506 -207.72 -474.778
1507 398.01 -430.732
1508 -426.38 421.233
1509 475.97 402.435
1510 -696.24 -269.463
1511 -510.75 387.4
1512 711.07 255.712
1513 -759.82 201.437
1514 -126.01 -484.613
1515 625.79 -323.786
1516 706.83 259.747
1517 70.04 488.514
1518 -387.98 -433.887
1519 339 447.86
1520 -195.68 -476.544
1521 111.26 -485.86
1522 -343.03 -446.797
1523 775.83 -179.08
1524 216.66 -473.393
1525 654.03 -303.861
1526 261.63 465.466
1527 -454.38 -410.979
1528 129.66 -484.279
1529 135.7 483.706
1530 -209.64 -474.485
1531 -653.01 304.619
1532 619.27 328.095
1533 478.15 -401.539
1534 814.98 102.564
1535 817.41 95.6386
1536 -83.54 487.779
1537 390.6 433.073
1538 567.07 -359.269
1539 13.36 490.186
1540 -134.93 483.781
1541 -698.51 267.422
1542 452.38 -411.742
1543 107.6 -486.146
1544 423.97 422.074
1545 -598.03 341.457
1546 326.07 -451.17
1547 314.92 453.902
1548 -634.61 317.79
1549 -647.17 -308.901
1550 -595.09 -343.23
1551 770.54 186.816
1552 -162.31 -480.862
1553 -139.4 483.342
1554 -548.15 -369.29
1555 579.25 -352.481
1556 -53.73 -489.229
1557 -66.2 488.7
1558 238.04 469.827
1559 -698.9 267.069
1560 655 -303.137
1561 315.97 453.65
1562 -431.3 419.496
1563 690.76 274.299
1564 -643.03 311.879
1565 -270.06 -463.797
1566 -292.79 -459
1567 -58.21 489.051
1568 693.45 -271.941
1569 170.07 479.933
1570 -167.44 480.253
1571 -724 242.833
1572 39.24 -489.705
1573 231.55 -470.948
1574 -575.52 -354.589
1575 469.14 405.2
1576 510.45 387.537
1577 96.01 -486.985
1578 -470.23 -404.763
1579 -505.22 -389.901
1580 -655.18 -303.002
1581 682.21 281.606
1582 -427.34 -420.896
1583 149.37 482.311
1584 627.73 -322.484
1585 8.05 490.226
1586 -246.12 468.384
1587 -659.16 -300.001
1588 -480.34 -400.634
1589 -684.23 279.905
1590 -207.23 -474.852
1591 -633.82 -318.336
1592 517.48 -384.297
1593 -193.03 -476.918
1594 447.7 413.508
1595 65.55 488.73
1596 -149.64 -482.282
1597 -63.26 488.834
1598 -697.62 268.225
1599 -247.16 468.194
1600 354.98 443.555
1601 548.49 -369.116
1602 -429.22 420.234
1603 -229.38 -471.315
1604 -84.03 487.75
1605 568.68 -358.388
1606 -293.51 458.841
1607 601.95 -339.065
1608 -660.53 298.956
1609 299.43 -457.515
1610 -567.42 359.078
1611 453.67 411.25
1612 543.91 371.453
1613 335.99 -448.644
1614 75.76 488.219
1615 -197.97 -476.217
1616 -614.2 -331.376
1617 1.03 -490.248
1618 587.13 -347.941
1619 -353.85 -443.868
1620 -625.43 324.027
1621 -39.59 -489.695
1622 799.64 -138.165
1623 -731.11 235.347
1624 27.02 -489.991
1625 -64.55 -488.776
1626 -619.79 327.755
1627 272.87 463.227
1628 560.06 -363.054
1629 -512.99 -386.375
1630 -282.31 -461.266
1631 -223.01 -472.372
1632 -690.61 -274.43
1633 -544.79 -371.007
1634 14.94 -490.17
1635 754.6 -208.116
1636 -0.45 -490.248
1637 448.5 -413.208
1638 201.69 -475.676
1639 560.59 -362.771
1640 255.1 -466.718
1641 589.14 346.763
1642 -157.42 481.424
1643 -240.36 469.418
1644 -437.44 417.29
1645 -631.43 -319.975
1646 -187.31 -477.707
1647 552.27 367.16
1648 797.84 -141.72
1649 678.15 -284.979
1650 547.04 369.859
1651 -100.45 -486.675
1652 210.97 474.281
1653 -12.23 490.196
1654 42.38 -489.614
1655 -328.42 -450.58
1656 198.39 476.156
1657 815.62 100.788
1658 50.45 -489.35
1659 32.47 -489.876
1660 345.16 446.229
1661 437.84 417.145
1662 340.55 -447.453
1663 743.89 -221.055
1664 -623.13 325.556
1665 -633.23 318.742
1666 -695.8 269.855
1667 74.76 -488.272
1668 -51.59 -489.308
1669 -635.02 -317.507
1670 -719.63 -247.287
1671 657 301.636
1672 10.3 -490.211
1673 602.93 -338.462
1674 176.25 -479.161
1675 0.69 490.248
1676 -611.19 -333.296
1677 529.07 378.797
1678 210.09 474.417
1679 452.1 -411.848
1680 -170.74 479.85
1681 -649.58 -307.146
1682 226.57 471.785
1683 778.68 174.747
1684 -555.65 365.391
1685 -432.86 418.94
1686 545.76 -370.513
1687 -259.73 -465.834
1688 486.86 -397.901
1689 348.12 445.433
1690 612.48 332.476
1691 -55.58 -489.157
1692 684.77 -279.448
1693 -245.13 468.563
1694 -313.53 454.235
1695 583.61 349.984
1696 22.61 -490.068
1697 799.35 138.745
1698 586.06 -348.564
1699 170.85 479.837
1700 92.25 -487.236
1701 -236.87 470.031
1702 -235.76 -470.224
1703 -99.21 -486.763
1704 333.65 -449.248
1705 -282.32 -461.264
1706 778.91 -174.392
1707 -672.12 -289.88
1708 298.05 -457.827
1709 59.75 -488.987
1710 119.86 -485.152
1711 745.6 219.053
1712 824.06 -73.278
1713 485.32 -398.552
1714 604.53 -337.473
1715 807.85 -120.512
1716 598.67 -341.069
1717 -522.73 -381.831
1718 -743.28 -221.764
1719 -81.17 -487.918
1720 454.04 411.109
1721 808.36 -119.322
1722 -270.21 463.767
1723 260.88 -465.611
1724 96.01 -486.985
1725 -185.6 477.937
1726 -87.29 487.552
1727 -656.69 301.869
1728 -194.14 -476.762
1729 22.2 -490.075
1730 504.69 -390.138
1731 611.41 333.157
1732 675.69 286.994
1733 3.82 -490.243
1734 264.52 -464.9
1735 -221.9 472.552
1736 701.84 264.388
1737 -273.68 -463.062
1738 153.11 481.905
1739 734.64 -231.512
1740 315.53 453.756
1741 681.64 282.083
1742 -816.08 99.4912
1743 709.89 256.844
1744 655.42 -302.823
1745 617.16 329.468
1746 -376.99 -437.226
1747 -533.57 376.607
1748 -680.14 283.333
1749 823.45 -75.6135
1750 18.71 490.125
1751 -482.42 -399.768
1752 330.99 449.928
1753 764.08 195.782
1754 -183.62 478.202
1755 -448.07 -413.369
1756 717.08 249.837
1757 148.44 482.41
1758 -231.84 470.898
1759 -135.45 483.731
1760 -810.94 113.103
1761 167.53 480.242
1762 -386.12 434.46
1763 572.89 -356.06
1764 538.69 374.076
1765 -644.51 -310.82
1766 -182.76 478.316
1767 688.27 -276.457
1768 672.24 289.784
1769 -191.28 477.162
1770 813.02 -107.812
1771 354 -443.826
1772 -328.84 -450.474
1773 720.61 -246.297
1774 476.72 402.127
1775 156.1 481.573
1776 472.39 403.891
1777 -680.12 283.35
1778 -479.87 -400.829
1779 551.77 367.42
1780 -53.27 489.246
1781 -476.1 -402.381
1782 829.64 46.6552
1783 322.43 452.074
1784 744.5 220.343
1785 -324.03 -451.678
1786 -438.56 -416.883
1787 42.68 -489.605
1788 -757.86 -203.976
1789 413.41 425.683
1790 -617.81 329.046
1791 612.48 -332.476
1792 564.93 360.434
1793 -764.8 194.806
1794 -22.49 -490.07
1795 542.7 372.065
1796 470.92 -404.485
1797 -629.95 -320.983
1798 -235.01 470.354
1799 -501.9 -391.382
1800 148.85 -482.366
1801 -628.9 321.694
1802 -630.06 320.908
1803 577.62 -353.406
1804 -166.24 480.397
1805 802.11 -133.119
1806 -782.37 168.948
1807 -675.87 286.847
1808 -136.77 483.602
1809 -477.93 401.63
1810 -585.13 349.105
1811 -415.13 -425.103
1812 -444.04 414.871
1813 668.47 292.786
1814 -577.86 -353.27
1815 627.25 322.807
1816 500.63 391.944
1817 -540.07 373.387
1818 788.26 159.193
1819 -240.56 469.382
1820 239.86 469.506
1821 -378 -436.924
1822 434.46 418.366
1823 -237.64 469.897
1824 359.36 -442.333
1825 -85.59 -487.656
1826 695.54 -270.087
1827 -64.64 488.772
1828 681.79 -281.958
1829 -90.03 487.38
1830 457.27 -409.868
1831 169.85 479.96
1832 786.16 162.746
1833 -340.77 -447.395
1834 51.32 489.318
1835 -373.5 438.261
1836 -57.49 -489.081
1837 175.09 479.308
1838 -279.72 461.811
1839 -604.62 337.417
1840 601.76 339.182
1841 759.77 -201.502
1842 -660.78 298.765
1843 748.82 215.218
1844 762.87 197.408
1845 -447.79 -413.474
1846 430.82 419.667
1847 186.61 477.801
1848 -351.71 444.456
1849 784.89 -164.854
1850 60.7 488.947
1851 -821.51 82.5932
1852 -753.35 -209.677
1853 -290.69 459.461
1854 504.14 -390.384
1855 -823.59 -75.0841
1856 308.64 455.392
1857 -584.32 349.574
1858 785.76 163.413
1859 -665.28 295.289
1860 409.37 -427.032
1861 -185.85 -477.904
1862 -357.54 442.843
1863 -781.1 170.969
1864 -771.33 -185.684
1865 -476.04 -402.406
1866 -172.23 -479.666
1867 -653.91 303.95
1868 526.64 -379.967
1869 710.19 256.556
1870 -46.68 489.479
1871 67.34 -488.646
1872 505.98 389.56
1873 -453.85 -411.182
1874 466.79 -406.138
1875 -667.63 293.448
1876 -381.71 435.807
1877 -136.33 483.645
1878 118.09 485.302
1879 -485.72 398.383
1880 454.58 -410.903
1881 85.37 487.67
1882 6.63 490.233
1883 -138.69 483.413
1884 -675.77 286.929
1885 -455.99 410.362
1886 -302.93 456.717
1887 428.76 -420.396
1888 584.77 -349.313
1889 -627.25 322.807
1890 388.47 -433.735
1891 277.78 462.217
1892 -288.07 460.032
1893 136.83 483.596
1894 -412.19 426.092
1895 315.95 453.654
1896 -131.19 -484.137
1897 -126.61 484.558
1898 -123.1 484.871
1899 -454.34 -410.994
1900 68.03 -488.613
1901 676.84 286.055
1902 -682.1 281.698
1903 589.8 346.375
1904 660.8 298.75
1905 -721.86 245.028
1906 -318.14 -453.125
1907 -24.32 -490.04
1908 520.28 382.987
1909 -451.06 -412.243
1910 -12.93 -490.19
1911 -686.43 278.035
1912 697.95 -267.927
1913 -54.13 489.213
1914 366.68 440.25
1915 -645.36 -310.209
1916 -416.68 424.578
1917 -80.04 487.982
1918 -607.75 -335.466
1919 85.58 -487.657
1920 806.76 -123.012
1921 564.29 -360.781
1922 -372.44 438.573
1923 -519.29 383.451
1924 -308.64 -455.392
1925 56.21 489.132
1926 77.93 488.101
1927 -312.03 -454.592
1928 52.11 489.289
1929 -350.74 -444.721
1930 -636.29 316.626
1931 -783.82 166.606
1932 733.64 232.606
1933 -334.84 448.942
1934 817.26 -96.0812
1935 342.69 -446.887
1936 -369.5 -439.433
1937 479.31 -401.06
1938 -599.94 -340.296
1939 418.68 423.897
1940 97.14 486.907
1941 -674.21 -288.196
1942 -240.82 469.336
1943 134.96 483.778
1944 -507.23 -388.997
1945 -794.82 147.475
1946 713.6 -253.261
1947 680.26 -283.234
1948 -774.82 -180.586
1949 -579.07 352.584
1950 -178.58 478.862
1951 476.58 402.185
1952 -81.92 -487.875
1953 296.51 458.173
1954 -710.15 256.595
1955 61.96 -488.892
1956 -810.65 113.82
1957 -438.66 -416.847
1958 91.02 487.316
1959 556.35 365.023
1960 -519.37 -383.414
1961 519.88 -383.175
1962 -605.18 337.07
1963 -482.94 -399.551
1964 487.98 -397.426
1965 -604.57 337.448
1966 -149.43 482.304
1967 -325.06 451.422
1968 -777.75 -176.174
1969 -441.44 -415.83
1970 374.84 -437.865
1971 -771.58 -185.324
1972 -543.36 371.732
1973 667.53 -293.527
1974 446.02 -414.136
1975 -289.59 -459.702
1976 160.03 481.126
1977 674.47 -287.985
1978 -14.16 -490.178
1979 -426.94 421.037
1980 825.87 -65.8507
1981 556.53 364.928
1982 832.01 28.5313
1983 68.23 488.603
1984 34.72 -489.823
1985 705.12 -261.351
1986 -378.9 436.654
1987 506.73 389.222
1988 54.23 -489.21
1989 488.97 397.005
1990 -701.3 -264.883
1991 -281.1 -461.521
1992 -581.23 351.352
1993 540.88 372.981
1994 -546.5 -370.136
1995 -253.05 -467.104
1996 265.11 464.784
1997 -635.62 317.091
1998 23.63 490.051
1999 -39.88 489.687
2000 196.32 476.453
2001 771.31 -185.713
2002 -37.41 -489.754
2003 107.5 -486.153
2004 -816.1 99.4344
2005 -110.22 485.942
2006 -585.49 -348.896
2007 95.89 486.993
2008 -692.45 -272.821
2009 819.79 88.3089
2010 711.88 254.931
2011 -458.08 409.555
2012 -421.94 422.777
2013 -602.47 -338.745
2014 -138.41 483.441
2015 730.47 -236.033
2016 391.82 432.691
2017 430.81 419.67
2018 -424.7 421.82
2019 -331.21 449.872
2020 -639.32 314.507
2021 287.84 -460.082
2022 -294.38 458.648
2023 503.65 390.603
2024 527.03 379.78
2025 -78.03 488.095
2026 -242.68 -469.005
2027 356.61 443.103
2028 318.91 -452.937
2029 -56.74 -489.111
2030 -442.96 -415.271
2031 744.41 220.449
2032 802.91 131.44
2033 -655.86 302.493
2034 217.79 473.214
2035 -208.31 474.688
2036 1.11 -490.248
2037 -85.21 -487.679
2038 363.52 441.155
2039 55.44 -489.163
2040 427.84 420.72
2041 816.03 99.633
2042 555.64 365.397
2043 -68.6 -488.585
2044 693.89 -271.552
2045 -807.43 -121.482
2046 -306.69 -455.848
2047 -319.99 -452.674
2048 348.66 445.286
2049 -817.39 95.6977
2050 -294.9 -458.532
2051 157.04 481.467
2052 -691.63 -273.54
2053 527.05 -379.77
2054 806.98 -122.512
2055 295.96 458.296
2056 1.5 490.248
2057 709.83 256.901
2058 -278.54 -462.058
2059 789.02 -157.885
2060 -439.04 416.709
2061 601.03 -339.629
2062 -160.43 -481.08
2063 -16.62 -490.151
2064 -728.97 237.632
2065 656.3 302.163
2066 -103.39 -486.462
2067 737.34 -228.522
2068 -47.88 489.439
2069 -64.52 -488.777
2070 -649.72 307.044
2071 758.29 203.422
2072 -180.29 478.64
2073 -207.88 -474.753
2074 173.12 -479.555
2075 -576.95 353.784
2076 657.27 301.432
2077 -624.28 324.793
2078 -701.48 -264.718
2079 -308.04 455.533
2080 -261.34 465.522
2081 -663.32 296.811
2082 5 -490.24
2083 740.48 224.982
2084 704.85 -261.603
2085 -801.56 134.26
2086 300.59 457.252
2087 132.93 483.972
2088 -815.44 -101.291
2089 -224.12 -472.19
2090 -621.02 326.948
2091 139.14 -483.368
2092 -756.06 206.274
2093 -326.15 451.15
2094 339.06 447.844
2095 -594.28 -343.715
2096 275.06 462.779
2097 -124.81 484.72
2098 47.87 -489.439
2099 -828.63 52.4999
2100 -32.61 489.873
2101 712.04 -254.776
2102 -196.73 476.395
2103 332.95 449.428
2104 -495.59 394.154
2105 -664.79 -295.671
2106 -584.5 349.47
2107 815.5 101.123
2108 123.12 484.87
2109 138.3 -483.452
2110 143.12 -482.966
2111 -302.43 -456.832
2112 -543.03 -371.899
2113 -580.47 -351.786
2114 515.17 -385.37
2115 -122.51 -484.923
2116 11.08 490.205
2117 -577.93 353.23
2118 -0.56 -490.248
2119 120.36 485.109
2120 135.47 -483.729
2121 -666.91 -294.014
2122 -827.85 56.5978
2123 -637.83 315.552
2124 -326.51 451.06
2125 136.45 -483.633
2126 468.98 405.264
2127 126.11 484.604
2128 -802.15 133.036
2129 -589.52 -346.54
2130 509.82 -387.824
2131 499.16 -392.593
2132 243.62 -468.836
2133 -36.4 489.781
2134 113.96 485.644
2135 138.89 483.393
2136 679.49 283.872
2137 -654.24 303.704
2138 45.64 489.513
2139 -449.84 -412.704
2140 -339.13 447.826
2141 -786.1 -162.847
2142 -234.21 470.492
2143 155.98 -481.586
2144 -9.41 -490.217
2145 502.64 -391.053
2146 -828.69 -52.1712
2147 805.67 125.46
2148 -178.51 -478.871
2149 613.75 331.665
2150 -565.76 359.983
2151 810.02 -115.361
2152 -443.93 414.912
2153 102.36 -486.537
2154 -519.62 -383.297
2155 -163.25 -480.752
2156 -195.65 -476.548
2157 796.37 144.553
2158 -521.97 382.19
2159 174.61 479.368
2160 -247.31 -468.167
2161 -320.4 -452.573
2162 -156.52 -481.525
2163 832.28 25.6622
2164 525.1 -380.704
2165 -181.94 -478.424
2166 -38.16 -489.734
2167 -483.81 -399.186
2168 796.56 144.19
2169 -636.11 316.751
2170 -645.25 310.288
2171 -233.63 -470.592
2172 -90.86 -487.326
2173 -451.13 412.216
2174 637.43 -315.832
2175 562.67 361.655
2176 729.49 -237.08
2177 -300.57 457.256
2178 -721.63 -245.262
2179 601.63 -339.262
2180 -457.85 -409.644
2181 23.04 490.061
2182 -10.72 -490.208
2183 -31.83 -489.891
2184 92.22 -487.238
2185 615.04 -330.837
2186 -97.51 -486.882
2187 -304.81 456.284
2188 367.3 440.071
2189 806.93 122.626
2190 35.84 -489.795
2191 -703.83 262.551
2192 728.79 -237.823
2193 267.23 -464.364
2194 791.46 -153.601
2195 -231.09 471.026
2196 -627.01 322.968
2197 61.94 -488.893
2198 -782.15 169.3
2199 59.25 489.008
2200 -291.8 -459.218
2201 -459.06 409.176
2202 505.21 389.906
2203 -521.1 -382.601
2204 -28.38 489.964
2205 -593.94 -343.918
2206 88.48 -487.478
2207 170.97 479.822
2208 212.49 -474.047
2209 -101.66 -486.588
2210 440.11 416.318
2211 -756.19 206.109
2212 336.43 448.53
2213 -664.57 295.842
2214 -106.43 -486.235
2215 -420.24 423.363
2216 -458.53 -409.381
2217 -318.82 452.959
2218 -112.95 485.725
2219 -208.21 474.703
2220 -578.53 352.89
2221 330.25 450.117
2222 -70.72 488.48
2223 -721.68 245.211
2224 594.93 -343.326
2225 481.91 399.981
2226 -613.71 331.69
2227 -784.33 165.773
2228 29.75 489.936
2229 61.59 -488.908
2230 -746.13 -218.427
2231 805.65 -125.504
2232 -602.71 338.598
2233 -546.05 -370.365
2234 227.28 -471.667
2235 411.29 -426.393
2236 -218.97 -473.025
2237 -378.84 436.672
2238 325.33 451.355
2239 -77.98 -488.098
2240 -764.4 -195.349
2241 -132.73 -483.991
2242 -605.16 337.082
2243 19.1 490.12
2244 -512.15 386.76
2245 -621.23 326.81
2246 670.07 -291.518
2247 187.73 477.649
2248 -422.5 422.583
2249 -364.89 440.764
2250 -319.57 -452.776
2251 -768.6 189.561
2252 279.72 -461.811
2253 -782.62 168.547
2254 210.52 474.351
2255 -824.34 72.18
2256 -510.51 -387.509
2257 -812.21 -109.904
2258 751.27 -212.243
2259 -357.45 -442.868
2260 525.33 -380.594
2261 -142.08 483.072
2262 109.81 485.975
2263 198.23 -476.179
2264 -760.42 200.652
2265 261.19 -465.551
2266 41.29 489.647
2267 223.21 472.339
2268 256.3 466.491
2269 562.36 -361.822
2270 193.42 -476.863
2271 -10.34 490.211
2272 49.37 489.388
2273 -82.66 487.831
2274 -769.34 188.519
2275 315.51 453.76
2276 -815.44 101.291
2277 343.71 446.616
2278 -17.53 -490.14
2279 162.9 480.793
2280 118.76 -485.246
2281 -301.14 457.127
2282 356.19 443.22
2283 660.12 -299.269
2284 -329.52 450.302
2285 118.48 -485.269
2286 -114.8 485.575
2287 636.03 -316.807
2288 -188.33 -477.568
2289 -163 480.781
2290 -84.5 -487.722
2291 -381.66 435.822
2292 -460.03 -408.798
2293 236.46 470.103
2294 -742.17 -223.047
2295 238.56 469.735
2296 556.35 -365.023
2297 167.28 -480.272
2298 767.61 -190.944
2299 18.13 -490.133
2300 -340.17 447.553
2301 804.7 -127.596
2302 -685.52 -278.811
2303 -128.47 -484.389
2304 592.77 -344.616
2305 -541.71 372.564
2306 97.82 486.86
2307 -76.55 488.176
2308 -628.64 321.87
2309 298.57 457.709
2310 625.8 -323.779
2311 -63.07 488.843
2312 -673.99 -288.374
2313 -122.8 -484.898
2314 -735.59 230.466
2315 -439.37 416.588
2316 -729.17 -237.42
2317 150.25 482.216
2318 -75.15 -488.251
2319 692.2 273.04
2320 305.43 -456.141
2321 665.33 -295.25
2322 -391.07 -432.926
2323 -775.68 179.304
2324 -293.12 -458.927
2325 422.09 -422.725
2326 -568.13 -358.689
2327 358.1 -442.687
2328 -792.29 152.113
2329 -139.28 -483.354
2330 723.25 243.605
2331 481.84 400.01
2332 26.78 -489.995
2333 -140.06 483.276
2334 20.67 -490.098
2335 164.88 -480.559
2336 -281.41 -461.456
2337 -371.58 -438.826
2338 608.42 -335.045
2339 -691.08 274.02
2340 -821.66 -82.0753
2341 792.93 150.955
2342 475.01 402.827
2343 541.87 -372.484
2344 -186.82 -477.773
2345 -145.46 -482.724
2346 760.66 -200.337
2347 166.1 480.414
2348 178.03 -478.933
2349 38.59 489.723
2350 343.5 -446.672
2351 565.17 360.304
2352 -342.98 446.81
2353 164.47 480.608
2354 -708.83 -257.855
2355 -603.18 338.308
2356 -269.59 -463.891
2357 -179.7 -478.717
2358 691.62 -273.548
2359 2.13 490.247
2360 749.52 -214.374
2361 228.55 -471.454
2362 -587.06 -347.982
2363 282.29 -461.27
2364 -94.35 487.097
2365 43.9 -489.568
2366 -295.8 -458.331
2367 9.03 490.22
2368 484.62 -398.846
2369 665 295.507
2370 -311.75 -454.659
2371 -343 446.805
2372 525.73 -380.403
2373 501.92 -391.373
2374 813.45 106.684
2375 -814.12 -104.9
2376 -552.9 366.832
2377 -693.97 271.481
2378 -666.9 294.022
2379 -456.76 -410.065
2380 198.6 -476.126
2381 -235.93 470.195
2382 300.9 457.181
2383 447.05 413.751
2384 198.8 476.097
2385 -72.03 -488.414
2386 -669.89 291.661
2387 -595.98 -342.695
2388 670.02 291.557
2389 -654.14 -303.779
2390 -646.96 -309.054
2391 -275.54 -462.68
2392 -697.91 267.964
2393 738.64 227.065
2394 -583.53 -350.03
2395 423.42 -422.265
2396 302.18 456.889
2397 226.18 -471.85
2398 397.4 430.927
2399 -274.48 -462.898
2400 522.43 381.973
2401 523.49 -381.47
2402 717.15 -249.767
2403 -699.65 266.389
2404 139.89 -483.293
2405 587.85 347.52
2406 -358.62 -442.541
2407 741.63 -223.667
2408 764.84 194.752
2409 -262.15 -465.365
2410 -233.86 -470.552
2411 -335.01 448.898
2412 -608.56 334.957
2413 425.92 421.394
2414 -330.61 -450.025
2415 -424.94 -421.736
2416 684.46 279.71
2417 -306.01 -456.006
2418 -525.6 380.465
2419 250.76 467.531
2420 135.63 -483.713
2421 -730.67 -235.819
2422 741.89 223.369
2423 -577.76 -353.327
2424 -240.39 -469.412
2425 -313.29 -454.292
2426 -290.41 459.523
2427 377.43 -437.095
2428 64.01 488.8
2429 484.06 399.082
2430 -149.57 482.289
2431 223.01 472.372
2432 587.82 347.537
2433 102.19 486.549
2434 395.23 431.617
2435 -773.83 182.049
2436 -703.39 262.959
2437 639 314.732
2438 489.3 396.864
2439 826.15 -64.624
2440 -342.17 447.025
2441 7.74 490.227
2442 -157.86 481.374
2443 375.11 437.785
2444 -252.4 467.226
2445 760.38 200.704
2446 754.46 208.291
2447 -822.62 -78.6775
2448 -341.37 447.237
2449 669.32 292.113
2450 -198.26 -476.175
2451 826.29 64.0016
2452 -688.59 -276.181
2453 527.05 -379.77
2454 -726.45 -240.288
2455 790.67 155.002
2456 -103.5 486.453
2457 524.86 -380.818
2458 -29.66 -489.938
2459 251.42 -467.409
2460 104.66 486.368
2461 282.51 -461.223
2462 -367.93 -439.889
2463 755.79 -206.616
2464 715.25 251.646
2465 641.55 312.932
2466 379.01 -436.621
2467 -631.03 320.248
2468 -177.63 478.984
2469 -437.58 -417.24
2470 -474.55 403.014
2471 -534.22 376.288
2472 -624.33 324.76
2473 -166.2 480.402
2474 174.97 -479.323
2475 -806.57 -123.443
2476 322.36 -452.091
2477 309.8 -455.12
2478 -662.02 -297.814
2479 150.86 -482.15
2480 822.21 -80.1467
2481 -375.31 -437.726
2482 565.93 -359.891
2483 416.65 424.589
2484 -165.08 480.535
2485 -634.14 318.115
2486 -19.01 -490.121
2487 729.22 237.367
2488 54.11 -489.214
2489 -329.36 -450.342
2490 -236.88 -470.029
2491 -521.34 -382.488
2492 -632.26 -319.407
2493 -104.55 -486.376
2494 430.51 -419.777
2495 562.92 361.52
2496 -310.3 -455.002
2497 51.67 489.305
2498 -418.05 424.112
2499 561.09 362.503
2500 278.33 -462.102
2501 587.87 347.508
2502 357.94 -442.731
2503 212.84 -473.992
2504 222.3 472.487
2505 464.79 -406.931
2506 817.39 95.6977
2507 672.98 -289.189
2508 -437.83 -417.149
2509 -677.46 -285.546
2510 613.25 -331.985
2511 137.92 -483.489
2512 -459.77 408.9
2513 478.72 401.304
2514 611.41 -333.157
2515 -829.97 -44.578
2516 -295.48 -458.403
2517 -499.99 -392.227
2518 -506.71 -389.231
2519 -369.75 439.36
2520 -321.98 452.185
2521 -503.79 -390.541
2522 -507.04 -389.083
2523 -130.97 484.157
2524 120.16 485.126
2525 168.61 480.111
2526 742.73 -222.401
2527 293.87 -458.761
2528 636.17 316.709
2529 425.19 421.649
2530 -222.01 472.534
2531 208.47 474.664
2532 42.96 -489.597
2533 83.4 -487.788
2534 -349.67 -445.012
2535 -327.54 -450.801
2536 192.35 -477.013
2537 -24.96 490.029
2538 -305.4 456.148
2539 831.43 -33.8803
2540 421.56 -422.908
2541 -522.01 382.171
2542 341.23 -447.274
2543 -338.96 447.871
2544 -64.45 488.78
2545 -32.61 -489.873
2546 -240.4 -469.411
2547 150.3 482.211
2548 -69.33 -488.549
2549 504.18 390.367
2550 158.61 -481.289
2551 -187.59 -477.668
2552 68.95 -488.568
2553 309.71 -455.141
2554 -111.35 -485.853
2555 523.52 -381.456
2556 785.32 164.144
2557 710.01 256.729
2558 -591.45 345.4
2559 136.33 -483.645
2560 -602.82 338.53
2561 -546.94 369.911
2562 -817.19 96.287
2563 623.52 325.298
2564 49.32 -489.389
2565 84.29 487.735
2566 319.44 -452.808
2567 -657.67 301.13
2568 483.9 399.149
2569 -743.55 221.451
2570 698.53 267.404
2571 -577.43 -353.513
2572 165.73 480.458
2573 541.18 -372.83
2574 -183.77 -478.182
2575 -823.94 -73.7434
2576 828.29 -54.3247
2577 -244.26 -468.721
2578 55.13 489.175
2579 -426.72 421.114
2580 -4.23 490.242
2581 612.27 332.61
2582 772.42 -184.11
2583 -457.15 409.915
2584 616.2 -330.089
2585 527.9 379.361
2586 619.3 -328.075
2587 9.7 490.215
2588 -49.15 489.395
2589 592.57 -344.735
2590 750.33 -213.391
2591 -388.72 -433.657
2592 -694.72 -270.817
2593 -819.5 -89.2354
2594 457.11 409.93
2595 489.86 396.625
2596 72.56 -488.387
2597 261.15 465.559
2598 -47.31 489.458
2599 747.93 216.287
2600 -607.54 -335.598
2601 -228.18 471.516
2602 90.8 -487.33
2603 457.6 -409.741
2604 10.8 -490.207
2605 600.15 -340.167
2606 -550.6 368.027
2607 -593.95 343.912
2608 781.49 -170.351
2609 -624.79 -324.454
2610 164.63 480.589
2611 431.19 -419.535
2612 177.78 -478.965
2613 273.29 463.142
2614 148.91 -482.36
2615 -420.82 423.163
2616 -590.96 -345.69
2617 445.62 414.285
2618 -827.49 58.3911
2619 -759.75 201.528
2620 -98.44 486.817
2621 330.42 -450.073
2622 -178.39 478.886
2623 -240.58 -469.379
2624 599.98 -340.271
2625 -47.68 489.446
2626 546.58 -370.095
2627 406.75 427.897
2628 -818.81 91.4008
2629 -67.6 488.633
2630 470.54 -404.638
2631 232.66 470.758
2632 222.16 472.51
2633 -626.32 323.431
2634 -43.77 -489.572
2635 -151.31 482.101
2636 619.6 -327.879
2637 236.76 -470.05
2638 -333.24 -449.353
2639 24.54 490.036
2640 -768.44 189.785
2641 134.07 -483.864
2642 -122.14 484.955
2643 -813.94 -105.383
2644 80.25 -487.971
2645 375.99 437.524
2646 -455.99 -410.362
2647 -718.22 248.701
2648 -38.79 489.717
2649 -78.16 -488.088
2650 -763.09 197.113
2651 333.04 449.405
2652 784.42 -165.626
2653 -629.62 -321.207
2654 -12.73 -490.191
2655 -366.72 -440.238
2656 809.78 -115.943
2657 -318.96 -452.925
2658 774.04 -181.74
2659 -494.83 394.485
2660 381.91 435.746
2661 -72.82 -488.374
2662 -440.25 -416.267
2663 -136.83 483.596
2664 -525.39 -380.565
2665 -720.21 246.702
2666 136.09 483.668
2667 129.13 -484.328
2668 6.6 -490.233
2669 101.75 -486.581
2670 439.1 -416.687
2671 -24.6 490.035
2672 658.32 300.638
2673 603.43 338.154
2674 -770.33 187.115
2675 -213.32 473.918
2676 -141.37 483.144
2677 177.46 479.006
2678 110.34 485.933
2679 811.77 111.023
2680 597.44 -341.814
2681 326.91 450.959
2682 -43.76 489.572
2683 725.37 241.414
2684 -309.39 455.216
2685 474.56 -403.01
2686 658.1 -300.805
2687 -100.27 -486.688
2688 -496.58 393.723
2689 315.04 453.873
2690 -594.01 343.876
2691 -242.37 469.06
2692 69.43 -488.544
2693 -418.97 -423.798
2694 691.27 -273.854
2695 385.77 434.568
2696 222.66 -472.429
2697 -338.02 -448.116
2698 -27.98 -489.972
2699 772.17 184.472
2700 -366.29 440.362
2701 625.99 323.652
2702 -102.83 -486.503
2703 -95.15 -487.043
2704 -373.39 -438.294
2705 41.86 -489.63
2706 -786.91 161.487
2707 250.91 467.504
2708 180.83 -478.57
2709 783.48 167.159
2710 -178.67 478.85
2711 -726.3 -240.445
2712 797.85 -141.701
2713 726.49 -240.246
2714 115.16 -485.546
2715 -106.23 486.25
2716 -341.25 -447.268
2717 -452.36 -411.749
2718 636.3 316.619
2719 363.67 -441.113
2720 -46 -489.501
2721 -180.8 -478.574
2722 -177.43 -479.01
2723 -8.85 -490.221
2724 -94 487.12
2725 194.68 476.686
2726 -600.17 -340.155
2727 -603.63 338.03
2728 543.08 -371.873
2729 -446.49 413.96
2730 -156.56 -481.521
2731 39.56 489.696
2732 625 324.314
2733 349.7 445.004
2734 45.32 489.523
2735 181.73 -478.452
2736 -511.34 -387.131
2737 -348 -445.465
2738 -486.19 398.185
2739 -370.21 -439.226
2740 687.06 277.496
2741 685.91 -278.479
2742 -356.54 443.122
2743 -303.83 -456.51
2744 421.26 423.012
2745 -727.51 -239.176
2746 495.8 394.063
2747 67.36 -488.645
2748 -534.6 376.101
2749 227.77 471.585
2750 54.08 -489.215
2751 -252.5 -467.207
2752 -810.84 113.351
2753 144.06 482.869
2754 760 201.202
2755 60.68 488.947
2756 643.31 -311.679
2757 -609.05 -334.649
2758 -465.03 406.836
2759 657.84 301.002
2760 64.46 488.78
2761 314.46 -454.013
2762 -710.89 255.885
2763 116.24 485.457
2764 449.74 -412.741
2765 -283.65 460.981
2766 343.26 -446.736
2767 -403.38 -429
2768 -812 -110.44
2769 196.36 476.447
2770 592.65 -344.687
2771 -188.92 -477.487
2772 -407.6 -427.617
2773 675.74 286.953
2774 -367.67 -439.964
2775 -737.65 -228.176
2776 -750.7 212.94
2777 -806.14 -124.411
2778 -138.32 -483.45
2779 -18.36 490.13
2780 674.01 288.358
2781 -396.87 -431.096
2782 -272.43 -463.317
2783 -278.52 462.062
2784 366.25 440.373
2785 -462.59 407.798
2786 -628.23 -322.147
2787 -576.99 -353.762
2788 -821.43 82.868
2789 -64.09 -488.797
2790 725.29 -241.497
2791 -273.99 -462.999
2792 690.65 -274.395
2793 827.19 -59.8438
2794 -63.32 -488.832
2795 418.3 -424.027
2796 -509.77 387.846
2797 -488.01 397.414
2798 -19.87 -490.109
2799 -460.92 -408.451
2800 -534.45 -376.175
2801 640.16 -313.915
2802 133.95 -483.875
2803 -159.94 -481.136
2804 -560.86 -362.627
2805 -678.41 284.765
2806 -513.71 386.043
2807 720.97 245.933
2808 247.38 -468.154
2809 160.72 481.046
2810 479.34 401.048
2811 -18.29 -490.13
2812 -200.39 -475.866
2813 272.09 463.386
2814 608.39 -335.064
2815 549.57 -368.559
2816 558.21 -364.039
2817 -429.55 420.117
2818 -644.08 -311.128
2819 -357.23 442.93
2820 466.08 -406.42
2821 -29.92 489.933
2822 795.77 145.692
2823 315.22 453.83
2824 792.01 152.617
2825 719.95 246.964
2826 -517.32 384.372
2827 -597.4 341.838
2828 518.72 -383.718
2829 301.14 -457.127
2830 -405.57 -428.285
2831 436.98 417.457
2832 -202.51 475.556
2833 572.62 -356.21
2834 -777.77 176.144
2835 642.29 312.406
2836 -748.09 -216.095
2837 679.39 283.955
2838 324.17 451.643
2839 762.78 -197.528
2840 -393.47 432.173
2841 -528.56 -379.043
2842 353.34 -444.008
2843 708.23 258.424
2844 488.75 -397.099
2845 -750.36 -213.354
2846 569.58 -357.893
2847 215.17 -473.628
2848 213.16 -473.942
2849 -278.14 -462.142
2850 -670.84 -290.904
2851 384.3 435.018
2852 824.99 -69.5629
2853 289.68 -459.682
2854 23.06 -490.061
2855 624.16 324.873
2856 313.94 -454.137
2857 442.69 -415.37
2858 678.34 -284.823
2859 -610.12 333.974
2860 -442.69 -415.37
2861 -581.6 351.14
2862 534.36 376.219
2863 406.97 427.825
2864 675.58 -287.083
2865 451.95 411.905
2866 -378.36 -436.816
2867 -176.93 479.074
2868 -623.53 -325.291
2869 -279.83 -461.788
2870 741.61 -223.69
2871 543.37 371.727
2872 -310.14 -455.04
2873 -202.29 475.588
2874 95.04 -487.05
2875 477.13 401.959
2876 -336.43 -448.53
2877 146.03 482.664
2878 -121.09 485.046
2879 -281.82 461.37
2880 -169.81 479.965
2881 -359.43 442.314
2882 -305.47 -456.131
2883 -832.93 -16.8529
2884 565.48 360.135
2885 -166.21 480.4
2886 259.28 465.921
2887 229.13 471.357
2888 -614.93 330.907
2889 236.05 -470.174
2890 -535.62 375.598
2891 290.3 459.547
2892 -81.7 487.887
2893 -444.17 -414.823
2894 -758.7 202.892
2895 227.84 -471.573
2896 -680.09 283.375
2897 187.77 477.644
2898 -400.83 429.826
2899 -276.81 462.418
2900 -191.99 -477.063
2901 598.55 -341.142
2902 -566.79 359.422
2903 -117.42 485.359
2904 -285.7 460.543
2905 430.16 -419.901
2906 738.46 227.268
2907 -810.52 114.14
2908 695.86 269.802
2909 -419.1 423.753
2910 -262.05 -465.384
2911 -298.02 -457.833
2912 -53.45 -489.239
2913 -666.79 294.108
2914 375.49 437.673
2915 -674.5 -287.961
2916 607.6 335.56
2917 -530.52 -378.095
2918 479.44 -401.007
2919 -332.74 449.482
2920 -230 471.21
2921 -513.87 385.97
2922 -545.15 370.824
2923 -598.51 341.166
2924 -92.15 487.243
2925 521.27 -382.521
2926 351.24 444.584
2927 -358.62 442.541
2928 634.69 -317.735
2929 554.32 366.09
2930 -587.26 347.865
2931 -636.06 316.786
2932 659.22 299.955
2933 -101.08 -486.63
2934 745.06 -219.687
2935 -474.33 -403.104
2936 -359.08 -442.412
2937 -208.29 474.691
2938 832.46 -23.5555
2939 524.93 380.785
2940 -344.83 -446.317
2941 457.73 409.691
2942 -521.6 -382.365
2943 -396.92 431.08
2944 -750.47 213.22
2945 -195.25 476.605
2946 -238.76 469.7
2947 -655.58 302.703
2948 -117.27 -485.371
2949 -672.78 -289.35
2950 445.28 -414.411
2951 111.86 485.813
2952 -282.84 -461.153
2953 -573.9 -355.497
2954 750.54 -213.135
2955 -71.9 488.421
2956 -532.29 -377.233
2957 720.45 246.459
2958 -354.97 443.558
2959 -614.09 -331.447
2960 -482.6 399.693
2961 -451.27 -412.163
2962 419.63 -423.572
2963 -757.45 204.502
2964 -829.29 48.7608
2965 -547.19 -369.783
2966 192.53 -476.988
2967 220.86 472.721
2968 -551.02 367.809
2969 542.42 -372.206
2970 430.54 419.766
2971 656.69 -301.869
2972 749.1 -214.881
2973 396.38 431.252
2974 731.96 234.431
2975 -7.31 490.23
2976 -820.18 -87.0468
2977 77.34 488.133
2978 -3.86 490.243
2979 813.5 -106.552
2980 390.57 -433.082
2981 206.32 -474.989
2982 179.64 478.725
2983 496.87 393.596
2984 -65.92 -488.713
2985 470.32 -404.727
2986 19.49 -490.114
2987 815.22 101.902
2988 -245.96 -468.413
2989 236.19 470.15
2990 -567.01 -359.302
2991 -791.52 153.494
2992 -527.99 -379.318
2993 196.04 476.493
2994 -360.17 -442.105
2995 280.12 -461.728
2996 406.61 -427.943
2997 2.68 490.246
2998 -218.67 -473.073
2999 676.1 -286.66
3000 -58.44 -489.042
3001 -558.7 363.778
3002 -238.08 469.82
3003 -775.16 180.081
3004 707.34 259.267
3005 -766.59 -192.357
3006 -223.69 472.26
3007 -635.32 -317.299
3008 412.83 -425.878
3009 200.1 -475.909
3010 74.1 488.307
3011 -232.45 470.794
3012 241.41 -469.231
3013 824.17 72.8486
3014 -811.61 111.427
3015 269.63 463.883
3016 501.55 391.537
3017 -597.37 341.856
3018 635.78 316.98
3019 766.25 -192.825
3020 488.44 397.231
3021 79.92 487.989
3022 -525.16 380.675
3023 -589.65 -346.463
3024 -372.95 -438.423
3025 331.7 -449.747
3026 -553.05 -366.754
3027 -707.1 -259.493
3028 603.55 338.08
3029 -557.54 364.394
3030 -219.22 -472.985
3031 480.01 -400.771
3032 136.13 483.665
3033 -258.65 466.042
3034 -789.73 156.652
3035 -577.74 -353.338
3036 -389.27 -433.487
3037 -447.99 413.399
3038 -556.22 365.091
3039 197.3 476.313
3040 -404.32 -428.693
3041 225.41 -471.977
3042 822.5 -79.1104
3043 -674.51 -287.953
3044 412.63 425.945
3045 -752 -211.347
3046 -392.7 -432.415
3047 -476.33 -402.287
3048 -767.23 191.472
3049 331.67 -449.755
3050 -575.91 354.37
3051 -225.92 -471.893
3052 -387.57 434.013
3053 -560.05 363.059
3054 403.52 -428.954
3055 -290.92 459.411
3056 -553.94 -366.289
3057 719.67 -247.247
3058 22.15 490.075
3059 441.48 415.816
3060 36.21 489.786
3061 691.53 273.627
3062 195.5 476.57
3063 -253.74 -466.975
3064 -484.87 398.741
3065 -556.17 365.117
3066 405.34 -428.36
3067 228.67 -471.434
3068 -570.62 -357.319
3069 128.45 -484.391
3070 -28.93 -489.953
3071 579.88 -352.123
3072 -244.23 468.726
3073 -37.43 489.754
3074 -441.03 415.981
3075 201.65 -475.682
3076 -711.32 255.471
3077 793.22 150.426
3078 730.7 -235.787
3079 -554.47 366.011
3080 -499.71 392.35
3081 -116.36 -485.447
3082 -559.83 -363.177
3083 -551.67 -367.472
3084 458.97 409.21
3085 -781.72 169.986
3086 -784.89 164.854
3087 189.4 -477.421
3088 -547.91 369.414
3089 120.09 485.132
3090 -83.93 487.756
3091 475.63 -402.574
3092 127.76 -484.454
3093 165.28 -480.511
3094 8.93 -490.22
3095 -687.13 -277.436
3096 -450.02 -412.636
3097 439.43 416.566
3098 787.56 160.387
3099 -399.01 -430.411
3100 235.23 -470.316
3101 -132.18 484.044
3102 -669.73 -291.788
3103 329.62 450.276
3104 78.75 488.055
3105 -261.68 465.456
3106 -150.56 -482.182
3107 -553.19 366.681
3108 403.82 -428.856
3109 -433.14 -418.84
3110 -266.13 -464.582
3111 306.01 456.006
3112 -669.13 292.264
3113 -152.84 -481.934
3114 238.28 -469.785
3115 -454.92 410.772
3116 655 -303.137
3117 -790.4 -155.478
3118 217.51 473.258
3119 124.27 -484.768
3120 534.3 -376.248
3121 794.99 -147.158
3122 -356.01 443.27
3123 178.11 -478.923
3124 426.56 421.17
3125 180.8 -478.574
3126 127.95 484.437
3127 621.55 -326.6
3128 -435.02 -418.165
3129 259.43 465.892
3130 -397.3 -430.958
3131 -347.33 -445.646
3132 48.73 -489.41
3133 -267.7 -464.27
3134 -211.41 474.214
3135 -151.57 -482.073
3136 -60.4 -488.959
3137 -281.41 461.456
3138 -341.83 -447.115
3139 741.95 223.3
3140 -248.89 -467.877
3141 -698.29 267.621
3142 -633.68 318.432
3143 -820.66 85.4671
3144 -289.63 459.693
3145 304.81 456.284
3146 391.63 -432.751
3147 372.09 438.676
3148 -107.1 486.184
3149 647.15 308.916
3150 -354.03 443.818
3151 -595.03 -343.266
3152 402.65 429.237
3153 325.85 451.225
3154 -349.77 444.985
3155 67.96 488.616
3156 494.21 394.754
3157 90.46 -487.352
3158 -311.27 454.773
3159 -662.16 297.706
3160 569.56 357.904
3161 334.28 449.086
3162 303.66 456.549
3163 -526.41 380.077
3164 340.75 447.4
3165 -694.6 -270.923
3166 73.53 -488.337
3167 300.41 457.293
3168 534.19 376.302
3169 -380.19 -436.266
3170 580.35 351.855
3171 -454.06 411.101
3172 796.09 -145.085
3173 -381.15 -435.976
3174 126.39 -484.578
3175 -224.93 472.056
3176 -52.11 -489.289
3177 -96.02 -486.984
3178 439.31 -416.61
3179 452.55 411.677
3180 686.4 278.061
3181 468.92 -405.288
3182 -491.61 -395.875
3183 -131.15 -484.14
3184 -546.38 -370.197
3185 -324.58 451.541
3186 366.7 440.244
3187 237.46 -469.928
3188 27.31 -489.985
3189 -47.52 -489.451
3190 30.76 489.915
3191 -643.05 -311.865
3192 -456.19 -410.285
3193 -510.35 -387.582
3194 -498.93 392.694
3195 666.19 -294.579
3196 -777.24 176.951
3197 72.62 -488.384
3198 518.71 -383.723
3199 790.75 -154.861
3200 532.4 377.179
3201 -131.04 484.151
3202 -137.2 483.56
3203 -321 452.426
3204 -327.07 450.919
3205 185.3 477.978
3206 24.14 -490.043
3207 -728.69 237.929
3208 -728.96 -237.643
3209 -271.29 -463.548
3210 -641.22 -313.166
3211 762.66 197.688
3212 -368 439.868
3213 588.88 -346.916
3214 -723.44 -243.41
3215 485.05 398.665
3216 -198.28 -476.172
3217 133.34 -483.933
3218 -431.2 419.532
3219 -286.16 460.444
3220 482.27 -399.831
3221 217.26 473.298
3222 -37.71 -489.746
3223 303.3 456.632
3224 -691.39 -273.749
3225 -131.36 -484.121
3226 -665.97 294.751
3227 -669.92 -291.637
3228 119.34 485.196
3229 -269.47 463.916
3230 -341.52 447.197
3231 -674.93 -287.612
3232 -567.73 -358.908
3233 -60.65 -488.949
3234 -404.15 -428.749
3235 -66.33 488.693
3236 161.97 480.901
3237 -522.24 -382.063
3238 209.81 -474.459
3239 -50.11 -489.362
3240 24.99 490.028
3241 -775.66 179.334
3242 662.24 297.644
3243 596.28 342.514
3244 526.62 379.977
3245 247.21 -468.185
3246 146.6 -482.605
3247 -423.06 422.39
3248 280.45 461.658
3249 246.44 -468.326
3250 414.21 -425.414
3251 -433.04 418.875
3252 616.65 -329.798
3253 -713.3 -253.554
3254 -289.78 459.66
3255 773.97 181.843
3256 631.24 -320.104
3257 -334.59 -449.006
3258 553.92 -366.299
3259 479.09 401.151
3260 476.04 -402.406
3261 789.8 156.529
3262 236.33 470.125
3263 216.35 -473.442
3264 53.99 489.219
3265 696.95 -268.827
3266 -545.54 370.625
3267 691.22 273.898
3268 533.78 -376.504
3269 475.97 -402.435
3270 374.94 437.836
3271 352.15 -444.335
3272 -60.82 -488.941
3273 356.14 443.233
3274 808.41 119.205
3275 278.26 462.117
3276 582.41 350.675
3277 -201.44 -475.713
3278 -391.41 432.819
3279 -503.28 390.768
3280 783.49 -167.142
3281 -716.76 250.154
3282 639.64 -314.282
3283 239.29 469.607
3284 -421.97 -422.767
3285 -355 443.55
3286 75.83 488.215
3287 -215.69 -473.546
3288 819.73 -88.5014
3289 -39.34 -489.702
3290 -756.11 -206.211
3291 -17.59 -490.139
3292 279.58 461.841
3293 -15.92 -490.159
3294 179.46 -478.748
3295 87.68 487.528
3296 148.08 482.448
3297 -73.18 488.355
3298 650.69 -306.332
3299 555.42 365.512
3300 263.32 465.136
3301 -149.32 482.316
3302 -565.58 360.081
3303 546.94 -369.911
3304 642.49 312.264
3305 538.21 374.315
3306 -608.82 -334.794
3307 410.76 426.57
3308 241.95 -469.135
3309 397.31 430.955
3310 -450.62 -412.409
3311 448.86 413.073
3312 -179.3 -478.769
3313 185.1 478.004
3314 705.53 -260.967
3315 303.61 -456.561
3316 -263.79 465.044
3317 -565.43 -360.162
3318 591.2 345.548
3319 38.39 489.728
3320 -805.29 -126.301
3321 -219.52 -472.937
3322 -797.66 142.07
3323 -223.82 -472.239
3324 -83.41 487.787
3325 -652.38 305.086
3326 -255.92 466.563
3327 515.14 385.383
3328 766.7 -192.205
3329 -731.79 -234.614
3330 132.84 -483.981
3331 -609.7 334.239
3332 -742.18 223.035
3333 166.37 -480.381
3334 -165.71 -480.46
3335 646.17 -309.625
3336 -286.99 460.265
3337 433.5 418.711
3338 759.93 -201.293
3339 385.8 -434.559
3340 -541.39 372.725
3341 -107.81 486.129
3342 -270.43 -463.722
3343 375.55 -437.655
3344 511.77 -386.934
3345 551.62 -367.498
3346 605.74 -336.722
3347 201.39 475.72
3348 -0.48 -490.248
3349 -208.28 474.693
3350 -319.6 452.769
3351 -113.76 -485.66
3352 643.28 -311.7
3353 303.29 -456.634
3354 -694.16 -271.313
3355 -329.78 450.236
3356 695.51 -270.114
3357 188.32 477.569
3358 349.3 -445.113
3359 822.7 78.3875
3360 -34.27 -489.834
3361 519.35 -383.423
3362 292.16 459.139
3363 -734.91 -231.215
3364 -540.93 372.956
3365 419.48 -423.623
3366 -376.67 437.322
3367 506.52 -389.317
3368 -506.01 -389.546
3369 -109.1 486.03
3370 -631.06 320.227
3371 -17.8 490.137
3372 -43.11 -489.592
3373 -47.95 489.436
3374 -407.86 427.531
3375 801.59 -134.198
3376 -754.79 -207.877
3377 136.68 -483.611
3378 621.68 -326.514
3379 544.27 -371.271
3380 209.19 474.554
3381 -576.07 -354.28
3382 -92.68 487.208
3383 -138.8 483.402
3384 184.72 -478.055
3385 91.59 -487.279
3386 92.71 487.206
3387 -787.1 -161.167
3388 -793.56 -149.805
3389 -268.41 -464.128
3390 -34.36 -489.832
3391 -125.67 -484.643
3392 -228.67 471.434
3393 539.03 -373.907
3394 125.67 484.643
3395 266.02 -464.604
3396 -450.07 -412.617
3397 317.97 -453.166
3398 183.27 478.248
3399 648.46 307.964
3400 796.66 143.999
3401 618.9 328.336
3402 -773.01 183.251
3403 469.08 405.224
3404 -588.07 347.391
3405 511.87 -386.888
3406 402.01 429.444
3407 -820.32 86.5892
3408 -237.47 -469.926
3409 11.67 490.201
3410 -590.68 -345.856
3411 614.18 -331.389
3412 -561.74 -362.155
3413 429.55 420.117
3414 259.93 -465.795
3415 -237.59 -469.905
3416 357.62 -442.821
3417 -72.7 488.38
3418 713.48 253.378
3419 670.99 290.784
3420 -117.16 485.38
3421 15.81 -490.16
3422 299.66 457.463
3423 460.83 408.486
3424 -108.88 -486.047
3425 -298.95 -457.624
3426 -174.6 479.37
3427 -282.38 461.251
3428 10.77 -490.208
3429 279.57 461.843
3430 -807.73 -120.79
3431 629.44 -321.329
3432 556.55 364.917
3433 -239.62 -469.549
3434 -244.21 468.73
3435 -228.89 471.397
3436 -802.02 -133.307
3437 410.14 426.776
3438 -803.06 -131.122
3439 359.27 -442.359
3440 -19.91 -490.109
3441 -182.71 -478.323
3442 -725.3 -241.487
3443 -446.95 -413.789
3444 -610.19 -333.93
3445 545.47 -370.661
3446 297.41 457.971
3447 320.1 452.647
3448 589.77 -346.392
3449 153.88 -481.82
3450 419.94 -423.466
3451 672.1 -289.896
3452 93.16 -487.176
3453 -455.82 -410.427
3454 -651.38 -305.824
3455 -499.28 -392.54
3456 -491.41 -395.961
3457 -609.4 334.429
3458 206.15 475.014
3459 318.38 -453.066
3460 103.21 486.475
3461 368.37 -439.761
3462 -813.8 -105.756
3463 -426.54 421.177
3464 -86.24 487.617
3465 -133.58 -483.911
3466 -604.49 -337.498
3467 -731.45 234.981
3468 828.12 -55.2142
3469 671.59 290.305
3470 621.12 -326.883
3471 696.61 -269.131
3472 151.29 482.103
3473 446.97 413.781
3474 268.11 -464.188
3475 -321.37 -452.335
3476 -126.25 -484.591
3477 -813.15 -107.472
3478 106.69 486.215
3479 262.62 465.273
3480 505.33 -389.852
3481 325.28 -451.367
3482 394.56 431.829
3483 -709.83 256.901
3484 60.92 -488.937
3485 -668.72 -292.588
3486 -629.98 320.962
3487 -146.66 482.598
3488 -21.12 490.091
3489 170.05 -479.935
3490 -271.8 463.445
3491 -236.61 -470.077
3492 -432.84 418.947
3493 744.81 -219.981
3494 766.04 193.113
3495 582.78 350.462
3496 232.12 -470.85
3497 -415.02 -425.141
3498 -100.44 486.675
3499 20.01 490.107
3500 -108.79 486.054
3501 794.93 147.27
3502 372.52 438.55
3503 658.83 300.251
3504 241.88 -469.148
3505 -222.77 -472.411
3506 89.87 487.39
3507 -802.41 132.492
3508 -578.07 -353.151
3509 260.05 465.772
3510 -110.95 485.885
3511 346.66 -445.826
3512 652.41 305.064
3513 -300.32 457.313
3514 96.69 486.938
3515 742.48 222.689
3516 600.35 340.045
3517 107.33 -486.166
3518 -243.07 -468.935
3519 -2.72 -490.246
3520 485.81 -398.345
3521 201.64 475.684
3522 219.83 -472.887
3523 -236.69 470.063
3524 707.58 -259.04
3525 -732.54 233.803
3526 -61.33 488.919
3527 592.08 -345.026
3528 144.32 -482.842
3529 -388.01 -433.877
3530 -413.66 -425.599
3531 426.55 421.173
3532 -195.64 -476.55
3533 -189.92 -477.35
3534 -778.78 -174.593
3535 -634.56 317.825
3536 716.56 250.353
3537 -281.64 461.408
3538 -35.71 -489.798
3539 653.33 -304.382
3540 632.06 -319.544
3541 819.35 -89.7108
3542 -632.37 -319.332
3543 -723.54 243.307
3544 560.16 -363.001
3545 45.96 -489.503
3546 -756.41 205.829
3547 792.85 -151.1
3548 -262.62 465.273
3549 145.29 482.742
3550 347.1 -445.708
3551 424.37 -421.935
3552 -675.21 287.384
3553 -293.5 -458.843
3554 348.91 445.219
3555 -619.54 -327.919
3556 -75.44 -488.236
3557 443.93 -414.912
3558 -651.1 306.03
3559 551.81 367.399
3560 -534.06 -376.366
3561 275 -462.791
3562 104.68 486.366
3563 -122.26 -484.945
3564 -517.65 -384.218
3565 307.15 455.741
3566 125.31 -484.675
3567 688.69 -276.094
3568 -516.43 384.786
3569 477.24 401.914
3570 294.96 458.519
3571 698.13 -267.765
3572 -550.65 368.001
3573 581.35 -351.283
3574 680.78 -282.801
3575 286.63 460.343
3576 -470.83 404.521
3577 -34.32 489.833
3578 -602.96 338.444
3579 -773.36 -182.739
3580 594.31 -343.697
3581 -316.42 -453.541
3582 -364.06 -441.001
3583 482.95 399.547
3584 773.62 -182.358
3585 -15.45 -490.164
3586 397.49 -430.898
3587 -136.21 -483.657
3588 -701.5 264.7
3589 789 -157.919
3590 -310.47 -454.962
3591 -343.54 -446.661
3592 -523.14 381.636
3593 24.48 -490.037
3594 -346.35 445.91
3595 -533.37 -376.705
3596 -603.24 -338.271
3597 681.27 282.392
3598 719.61 -247.307
3599 -112.24 485.782
3600 169.4 480.015
3601 353.04 -444.091
3602 431.81 -419.315
3603 123.34 484.85
3604 745.5 219.17
3605 -383.58 -435.238
3606 -253.68 466.986
3607 730.15 236.376
3608 -821.34 83.1762
3609 -490.17 396.493
3610 317.02 -453.396
3611 -256.15 -466.519
3612 431.03 -419.592
3613 372.7 438.497
3614 -467.63 -405.804
3615 656.43 302.065
3616 218.04 -473.174
3617 93.49 487.154
3618 -611.95 -332.814
3619 -519.47 -383.367
3620 798 141.408
3621 635.56 -317.133
3622 568.65 -358.404
3623 94.44 487.091
3624 -166.88 480.32
3625 -106.36 486.24
3626 446.23 -414.057
3627 -27.26 -489.986
3628 363.71 -441.101
3629 509.17 -388.119
3630 -479.4 401.023
3631 443.79 414.964
3632 755.39 207.122
3633 83.5 487.782
3634 -313.95 -454.135
3635 333.25 449.351
3636 524.99 -380.756
3637 406.31 428.042
3638 -417.92 424.156
3639 -644.63 310.734
3640 647.13 -308.93
3641 -742.43 222.747
3642 257.18 466.323
3643 358.94 -442.451
3644 -490.9 -396.18
3645 -287.7 460.112
3646 -309.27 455.244
3647 -773.64 182.329
3648 108.3 -486.092
3649 398.23 -430.661
3650 -593.36 344.264
3651 562.2 361.908
3652 -107.32 -486.167
3653 533.87 376.46
3654 366.77 440.224
3655 -412.93 -425.844
3656 778.71 -174.701
3657 -147.85 482.473
3658 117.13 485.383
3659 313.72 454.19
3660 220.82 -472.727
3661 -317.83 453.2
3662 215.53 -473.571
3663 -476.34 -402.283
3664 447.24 -413.68
3665 -152.72 481.947
3666 -118.99 485.226
3667 -581.59 -351.146
3668 -377.3 -437.134
3669 660.55 298.941
3670 -409.96 -426.836
3671 -79.71 488.001
3672 605.16 337.082
3673 -384.54 434.945
3674 -513.3 -386.232
3675 649.32 307.336
3676 -150.83 482.153
3677 160.07 481.121
3678 714.17 -252.705
3679 798.98 -139.48
3680 -76.2 488.195
3681 708.7 257.978
3682 -663.2 296.904
3683 47 -489.468
3684 -130.48 484.203
3685 -447.41 413.617
3686 577.71 353.355
3687 -177.65 478.982
3688 324.54 -451.551
3689 109.56 485.994
3690 679.4 283.947
3691 492.41 -395.531
3692 -699.41 266.607
3693 682.93 -281.002
3694 -822.81 -77.987
3695 636.82 -316.257
3696 -374.13 438.075
3697 57.26 489.09
3698 171.29 -479.783
3699 260.53 465.679
3700 -152.5 481.971
3701 160.69 481.05
3702 -461.28 -408.311
3703 633.45 -318.59
3704 -228.75 -471.421
3705 -496.99 393.544
3706 -228.51 -471.461
3707 503.63 390.612
3708 -456.44 410.188
3709 64.59 488.774
3710 -767.09 191.666
3711 141.15 483.166
3712 464.97 -406.86
3713 639.26 314.549
3714 807.5 121.321
3715 267.16 464.378
3716 105.69 -486.291
3717 67.78 -488.625
3718 -331.09 449.903
3719 290.66 459.468
3720 792.56 151.625
3721 -753.72 209.216
3722 26.49 490.001
3723 -686.84 277.684
3724 278.65 -462.035
3725 -264.76 -464.853
3726 -545.47 -370.661
3727 -565.42 360.168
3728 -285.38 460.612
3729 709.64 -257.083
3730 -239.75 -469.526
3731 790.69 154.967
3732 24.14 490.043
3733 -803.9 -129.329
3734 334.93 -448.918
3735 -704.94 261.519
3736 -455.46 -410.565
3737 -7.96 490.226
3738 506.1 389.506
3739 740.31 -225.175
3740 678.69 -284.534
3741 351.8 -444.431
3742 -444.35 414.756
3743 588.3 347.256
3744 589.89 346.322
3745 423.63 -422.192
3746 260.19 465.745
3747 205.25 -475.149
3748 -230.11 471.192
3749 665.84 294.852
3750 40.61 489.666
3751 812.99 107.89
3752 211.71 474.167
3753 762.27 -198.208
3754 -652.48 305.012
3755 161 481.014
3756 -289.09 -459.81
3757 652.74 -304.819
3758 -151.36 -482.096
3759 639.86 314.127
3760 232.37 -470.808
3761 -738.17 -227.593
3762 545.4 -370.697
3763 414.73 -425.238
3764 220.57 -472.768
3765 -201.37 475.723
3766 -325.53 451.305
3767 -22.54 -490.069
3768 -229.84 471.237
3769 427.56 -420.819
3770 -426.51 421.187
3771 -72.37 488.397
3772 -549.95 -368.363
3773 444.62 414.656
3774 344.67 446.36
3775 7 490.231
3776 -591.74 345.228
3777 789.56 156.948
3778 709.22 -257.483
3779 387.87 433.921
3780 684.3 279.846
3781 -613.14 -332.055
3782 57.91 -489.064
3783 -799.82 137.804
3784 365.61 440.557
3785 -144.29 -482.845
3786 -200.35 475.872
3787 822.89 -77.6944
3788 -69.14 -488.559
3789 492.99 -395.281
3790 -428.25 420.576
3791 -650.83 306.229
3792 -425.87 421.411
3793 -105.79 -486.283
3794 105.32 -486.318
3795 -548.54 -369.09
3796 707.34 259.267
3797 -267.2 464.37
3798 627.2 -322.841
3799 447.67 413.519
3800 796.2 144.876
3801 529.76 378.463
3802 -264.28 464.948
3803 742.66 222.482
3804 550.55 -368.053
3805 769.13 -188.816
3806 -572.4 356.332
3807 648.57 -307.884
3808 -664.74 -295.71
3809 -497.13 -393.483
3810 630.08 320.894
3811 -721.93 -244.956
3812 -552.81 366.879
3813 820.66 -85.4671
3814 755.77 -206.641
3815 627.27 322.794
3816 579.43 -352.379
3817 716.12 -250.788
3818 97.74 486.866
3819 555.9 365.26
3820 -724.64 242.172
3821 199.18 476.042
3822 -463.36 -407.495
3823 277.04 462.37
3824 -482.51 -399.731
3825 -159.12 -481.23
3826 784.9 -164.837
3827 -471.69 404.174
3828 -223.2 -472.34
3829 -666.64 294.226
3830 487.18 -397.766
3831 -481.01 -400.356
3832 -344.89 446.301
3833 -343.09 -446.781
3834 192.29 -477.021
3835 539.51 -373.667
3836 391.41 432.819
3837 320.37 452.581
3838 -781.99 -169.556
3839 -38.49 489.725
3840 -60.03 -488.975
3841 -3.63 490.244
3842 -301.79 456.978
3843 -770.79 186.459
3844 -565.29 360.238
3845 248.08 -468.026
3846 446.44 -413.979
3847 -73.77 -488.324
3848 582.72 -350.497
3849 308.52 455.42
3850 543.6 371.61
3851 443.07 415.23
3852 -749.65 -214.216
3853 -357.19 -442.941
3854 375.72 -437.604
3855 261.77 -465.439
3856 174.46 479.387
3857 65.68 488.724
3858 310.63 -454.924
3859 106.54 -486.226
3860 -216.53 473.414
3861 101.81 486.577
3862 243.37 -468.881
3863 56.63 -489.116
3864 814.15 104.82
3865 -16.24 490.155
3866 -61.37 -488.918
3867 314.98 453.888
3868 -167.95 480.191
3869 498.74 392.777
3870 319.89 452.698
3871 -524.4 381.037
3872 -282.91 -461.139
3873 -633.72 -318.404
3874 -681.62 -282.1
3875 -158.88 481.258
3876 786.62 161.975
3877 -608.75 -334.838
3878 628.51 -321.958
3879 306.18 -455.967
3880 -46.75 -489.477
3881 490.3 396.437
3882 124.44 -484.753
3883 531.82 377.462
3884 403.62 -428.922
3885 -19.08 490.12
3886 280 -461.753
3887 624.3 -324.78
3888 284.65 460.768
3889 -115.24 -485.539
3890 -319.08 452.896
3891 -279.7 -461.816
3892 98.89 486.785
3893 660.06 -299.315
3894 353.83 443.873
3895 827.35 59.0735
3896 430.85 -419.656
3897 795.2 146.765
3898 -472.89 403.689
3899 561.35 362.364
3900 726.31 -240.434
3901 -261.69 465.454
3902 -621.37 326.718
3903 325.76 -451.247
3904 8.59 490.223
3905 254.99 466.739
3906 -390.82 433.004
3907 -176.73 -479.099
3908 414.43 425.34
3909 -609.98 334.063
3910 236.56 -470.085
3911 -270.38 -463.732
3912 272.27 -463.35
3913 77.2 -488.141
3914 409.96 -426.836
3915 -648.19 -308.161
3916 -714.49 252.391
3917 55.85 -489.147
3918 -226.04 -471.873
3919 483.74 -399.216
3920 -14.72 490.172
3921 -804.04 -129.027
3922 728.87 -237.739
3923 431.66 -419.368
3924 668.94 292.414
3925 -768.56 189.617
3926 -821.36 83.1078
3927 -232.22 470.833
3928 -725.8 -240.967
3929 -83.03 487.81
3930 -724.21 -242.616
3931 683.7 280.353
3932 -126.69 -484.551
3933 -507.54 388.857
3934 -389.54 -433.403
3935 517.78 -384.157
3936 -410.72 426.583
3937 169.74 -479.973
3938 -68.04 488.612
3939 -327.09 450.914
3940 -820.33 -86.5564
3941 -21.85 490.08
3942 -701.01 265.149
3943 -534.59 -376.106
3944 432.8 418.961
3945 -805.57 -125.682
3946 -442.14 -415.573
3947 56.97 489.102
3948 -538.92 373.961
3949 255.04 466.73
3950 522.08 382.138
3951 425.27 421.621
3952 -768.63 189.519
3953 518.55 -383.798
3954 10.2 490.212
3955 9 490.22
3956 161.06 -481.007
3957 647.7 308.517
3958 578.68 -352.805
3959 -39.75 489.691
3960 586.98 348.028
3961 -445.57 414.303
3962 -299.21 457.565
3963 274.58 462.878
3964 782.74 -168.354
3965 -450.73 -412.367
3966 -629.32 321.41
3967 -63.24 -488.835
3968 395.25 431.61
3969 27.39 -489.984
3970 119.74 485.162
3971 -563.14 -361.402
3972 546.44 -370.166
3973 -770.64 -186.673
3974 744.35 220.519
3975 67.38 488.644
3976 378.28 -436.84
3977 356.7 443.078
3978 796.14 144.991
3979 569.49 357.942
3980 764.8 -194.806
3981 -45.18 -489.528
3982 -501.89 391.386
3983 404.55 -428.618
3984 175.22 479.291
3985 -753.58 -209.391
3986 289.65 459.688
3987 610.5 -333.734
3988 601.34 339.439
3989 -7.83 -490.227
3990 -535.72 375.549
3991 -80.02 487.984
3992 -752.31 210.965
3993 -352.78 -444.162
3994 -725.53 241.248
3995 154.29 -481.774
3996 659.3 299.894
3997 -274.39 -462.917
3998 535.84 375.49
3999 -269.37 463.936
4000 -142.39 -483.04
4001 -274.63 -462.867
4002 396.24 -431.296
4003 -27.68 489.978
4004 -772.58 183.877
4005 -683.34 280.656
4006 -20.27 -490.104
4007 634.7 -317.728
4008 -287.83 -460.084
4009 705.27 -261.211
4010 694.04 -271.419
4011 825.96 -65.4589
4012 409.69 426.926
4013 587.15 -347.929
4014 -96.9 -486.924
4015 683.66 280.387
4016 -602 339.034
4017 -141.58 -483.123
4018 456.44 -410.188
4019 578.39 352.97
4020 515.26 -385.328
4021 706.28 260.265
4022 205.49 475.113
4023 598.21 341.348
4024 571.19 -357.004
4025 560.53 362.803
4026 -80.45 487.959
4027 -526.78 -379.9
4028 -314.93 453.9
4029 77.22 488.14
4030 -819.53 89.14
4031 -88.76 -487.46
4032 755.01 -207.6
4033 -522.56 -381.911
4034 252.08 467.286
4035 -619.65 327.847
4036 546.14 370.319
4037 -148.28 -482.427
4038 -700.8 -265.341
4039 89.01 487.445
4040 587.69 347.614
4041 -391.87 -432.675
4042 -327.5 450.811
4043 -707.78 -258.851
4044 453.86 411.178
4045 -399.14 -430.37
4046 394.27 431.92
4047 -208.26 -474.696
4048 719.18 247.739
4049 621 -326.962
4050 588.57 -347.098
4051 -207.67 474.785
4052 88.09 -487.502
4053 -531.79 -377.477
4054 -374.5 437.966
4055 -90.92 -487.323
4056 -241.57 -469.203
4057 73.9 488.317
4058 754.71 207.978
4059 -196.4 -476.442
4060 -45.71 -489.511
4061 96.2 -486.972
4062 -629.57 -321.24
4063 -445.39 -414.37
4064 -66.21 -488.699
4065 480.63 400.514
4066 642.29 -312.406
4067 -167.84 480.204
4068 775.07 180.215
4069 -665.78 -294.899
4070 -569 358.212
4071 -239.43 -469.582
4072 -68.93 -488.569
4073 -288.52 -459.934
4074 772.96 -183.324
4075 117.16 485.38
4076 -386.23 434.427
4077 -211.97 474.127
4078 635.63 317.084
4079 -613.89 -331.575
4080 671.28 -290.553
4081 -563.34 -361.294
4082 -304.79 456.289
4083 -80.17 -487.975
4084 -228.32 471.493
4085 -387.21 -434.125
4086 454.8 410.818
4087 769.12 188.83
4088 -378.12 436.888
4089 132.96 -483.97
4090 -133.57 483.911
4091 -425.65 -421.488
4092 -175.91 -479.204
4093 750.43 213.269
4094 95.59 -487.013
4095 680.12 283.35
4096 389.15 -433.524
4097 -697.98 267.9
4098 -11.96 -490.198
4099 35.64 -489.8
4100 408.82 -427.214
4101 -34.5 489.828
4102 721.62 245.272
4103 776.64 -177.861
4104 -681.01 -282.609
4105 85.26 487.676
4106 -772.54 -183.935
4107 -630.06 320.908
4108 702.8 263.504
4109 -696.9 -268.872
4110 -296.75 458.119
4111 -270.12 -463.785
4112 154.37 481.765
4113 254.28 -466.873
4114 553.55 366.493
4115 351 -444.65
4116 130.32 484.218
4117 153.34 481.879
4118 -452.65 -411.639
4119 476.89 402.057
4120 166.05 -480.42
4121 -679.66 283.732
4122 -584.39 349.533
4123 -792.68 -151.408
4124 -388.95 -433.586
4125 301.79 456.978
4126 -378.3 -436.834
4127 174.63 479.366
4128 -292.27 -459.114
4129 743.19 -221.868
4130 -537.04 374.896
4131 -179.13 -478.791
4132 343.97 -446.547
4133 -87.19 -487.558
4134 88.94 -487.449
4135 100.73 -486.655
4136 304.31 456.4
4137 349.77 444.985
4138 227.11 -471.695
4139 542.66 -372.085
4140 134.35 483.837
4141 -131.91 484.069
4142 -708.99 -257.702
4143 353.93 -443.846
4144 57.54 489.079
4145 276.88 -462.403
4146 -433.45 -418.729
4147 754.04 -208.817
4148 366.03 440.437
4149 748.02 -216.179
4150 421.46 -422.943
4151 -481.86 400.002
4152 -679.41 283.939
4153 -669 292.367
4154 -410.31 426.72
4155 -195.8 -476.527
4156 -230.78 -471.078
4157 -157.02 481.469
4158 789.17 -157.625
4159 -753.5 209.49
4160 -793.19 -150.481
4161 419.31 -423.681
4162 -740.47 -224.993
4163 241.67 469.185
4164 -772.58 183.877
4165 563.16 -361.391
4166 547.14 -369.808
4167 99.34 486.754
4168 499.01 392.658
4169 307.25 -455.717
4170 -610.28 -333.873
4171 69.39 -488.546
4172 193.05 476.915
4173 120.72 485.078
4174 -13.36 -490.186
4175 25 490.028
4176 239.53 -469.565
4177 257.41 -466.279
4178 -736.18 -229.813
4179 472.35 403.908
4180 20.97 -490.093
4181 636.5 -316.48
4182 -301.79 -456.978
4183 239.8 469.517
4184 -383 -435.415
4185 308.69 455.381
4186 -212.67 -474.019
4187 132.74 -483.99
4188 322.41 452.079
4189 544.86 370.971
4190 -80.56 487.953
4191 -362.71 441.386
4192 -48.15 489.43
4193 -70.3 488.501
4194 381.39 -435.904
4195 -87.98 487.509
4196 586.22 348.471
4197 564.29 -360.781
4198 121.52 -485.009
4199 -589.92 -346.304
4200 514.24 385.799
4201 504.77 390.103
4202 -534.39 -376.204
4203 796.16 144.953
4204 -481.29 400.239
4205 339.67 -447.684
4206 -492.77 -395.376
4207 57.66 -489.074
4208 221.24 -472.659
4209 -693.7 271.72
4210 -281.4 -461.458
