%%index real_part   imaginary_part
4839 4839 4839
1 -373.7 1083.71
2 243.22 -1223.28
3 -204.79 -1251.11
4 644.14 270.874
5 377.97 1077.77
6 -566.15 -671.517
7 0.01 -1316.45
8 83.11 1305.91
9 -337.28 1130.49
10 -421.71 -1010.78
11 217.11 1242.78
12 595.56 560.599
13 611.78 485.735
14 609.69 496.135
15 -329.43 1139.71
16 606.35 -512.247
17 406.34 -1035.66
18 -206.57 -1249.94
19 84.89 1305.45
20 398.4 1047.93
21 504.63 845.241
22 380.18 1074.66
23 -489.29 -880.579
24 535.38 765.84
25 -274.25 1196.74
26 -558.52 696.606
27 -397.5 1049.29
28 -231.14 1232.61
29 -479.85 -901.118
30 263.2 1206.62
31 11.98 1316.23
32 -99.87 1301.21
33 73.13 1308.3
34 -136.54 1287.81
35 276.25 1194.9
36 -212.21 -1246.16
37 162.09 1275.91
38 -474.37 -912.65
39 -186.71 1262.38
40 -333.34 -1135.15
41 639.01 315.757
42 -4.82 1316.41
43 651.83 183.053
44 598.79 546.663
45 -416.42 1019.52
46 85.66 1305.25
47 212.86 1245.71
48 546.34 734.226
49 595.72 559.918
50 -445.88 -968.402
51 185.69 1262.98
52 -280.82 -1190.63
53 -104.95 -1299.61
54 495.86 865.754
55 -324.44 -1145.42
56 483.97 -892.261
57 -216.97 1242.87
58 230.44 -1233.14
59 -97.51 -1301.92
60 607.56 506.479
61 -359.29 -1103.03
62 332.19 1136.5
63 626.13 406.058
64 307.75 1163.7
65 -132.61 -1289.46
66 415.93 1020.32
67 324.45 1145.41
68 -20.27 -1315.82
69 -326.21 -1143.41
70 -383.55 1069.86
71 -216.09 1243.49
72 -114.36 -1296.43
73 44.21 -1313.48
74 -347.94 -1117.49
75 308.35 1163.06
76 -612.4 482.6
77 68.71 1309.26
78 -515.65 818.204
79 -525.55 -792.607
80 -655.18 -126.469
81 -382.88 -1070.82
82 552.34 716.045
83 398.93 1047.12
84 -376.07 -1080.43
85 -631.15 -373.68
86 521.07 804.352
87 -490.84 877.122
88 -408.94 1031.56
89 505.8 -842.439
90 569.4 660.433
91 510.34 -831.415
92 378.38 1077.2
93 -466.73 928.273
94 124.49 1292.69
95 -587.96 591.819
96 -15.73 1316.07
97 -488.22 -882.951
98 316.9 1153.84
99 180.03 -1266.25
100 403.83 -1039.58
101 -16.86 1316.02
102 -241.7 -1224.48
103 186.2 1262.68
104 -204.1 1251.56
105 333.8 -1134.61
106 186.68 1262.39
107 -375.14 -1081.72
108 0.36 1316.45
109 -197.01 1256.1
110 174.64 1269.27
111 588.42 589.988
112 -505.22 -843.83
113 438.41 981.949
114 -477.39 -906.329
115 610.78 490.743
116 -502.21 850.987
117 363.22 -1097.87
118 297.19 1174.63
119 -55.05 1311.84
120 491.08 -876.584
121 471.23 919.134
122 -196.32 -1256.53
123 -5.75 -1316.4
124 56.73 -1311.55
125 -434.78 -988.384
126 63.38 -1310.33
127 -622.73 426.459
128 239.6 1226.13
129 -585.84 -600.17
130 -138.04 1287.17
131 -306.49 -1165.03
132 -101.57 1300.68
133 -422.97 1008.67
134 140.88 1285.94
135 426.92 -1002
136 647.36 -238.197
137 -291.9 -1179.92
138 84.17 -1305.64
139 295.08 1176.75
140 502.58 -850.112
141 -532.82 -772.948
142 -316.22 -1154.58
143 9.51 -1316.31
144 -399.56 -1046.16
145 608.79 500.536
146 -589.99 -583.682
147 -187.35 -1262
148 -422.08 -1010.16
149 -545.93 735.445
150 -304.42 -1167.2
151 -498.15 -860.479
152 630.81 375.969
153 201.77 1253.07
154 -223.23 -1238.43
155 -93.93 1302.98
156 209.67 1247.87
157 -324.31 1145.57
158 -54.09 -1312
159 -606.14 513.24
160 -282.76 -1188.79
161 -499.02 -858.46
162 -245.41 1221.53
163 -242.53 1223.83
164 603.81 524.11
165 -115.17 1296.14
166 210 1247.65
167 -180.7 1265.87
168 358.12 -1104.55
169 129.47 1290.73
170 -138.29 -1287.07
171 190.19 1260.3
172 160 -1276.96
173 -324.96 -1144.83
174 385.05 -1067.7
175 391.35 -1058.5
176 -255.68 1213.07
177 -606.98 509.253
178 277.63 -1193.62
179 657.23 -72.3376
180 -8.17 -1316.35
181 -260.4 1209.05
182 -557.1 -701.139
183 -252.02 1216.13
184 -165.98 1273.91
185 -212.67 -1245.84
186 -447.05 966.242
187 72.31 1308.48
188 -419.23 1014.9
189 535.4 765.784
190 330.01 -1139.04
191 -85.79 1305.22
192 301.77 -1169.95
193 526.39 -790.375
194 -34.65 1314.62
195 358.91 1103.53
196 337.29 1130.48
197 140.83 -1285.96
198 -259.73 -1209.63
199 84.6 1305.53
200 54.42 1311.94
201 616.98 -458.673
202 -646.47 -247.677
203 612.4 482.6
204 181.72 1265.29
205 -48.99 -1312.8
206 257.09 -1211.88
207 -94.16 -1302.91
208 -128.22 1291.23
209 -636.89 -332.449
210 -612.92 479.952
211 64.47 -1310.12
212 567.94 -665.443
213 -9.45 1316.31
214 305.5 -1166.07
215 -615.58 466.136
216 -145.87 1283.72
217 310.93 -1160.31
218 215.56 1243.85
219 -240 1225.82
220 610.14 493.918
221 -649.5 213.628
222 443.85 -972.125
223 256.01 -1212.8
224 302.84 1168.84
225 270.51 -1200.14
226 -169.43 -1272.09
227 336.9 1130.94
228 565.26 -674.509
229 -456.22 948.942
230 -55.43 1311.77
231 384.82 -1068.03
232 -87.35 -1304.81
233 157.96 1277.98
234 202.57 -1252.56
235 54.41 -1311.94
236 420.45 1012.88
237 -202.83 -1252.39
238 153.68 1280.07
239 401.23 1043.6
240 -575.87 637.599
241 284.04 -1187.57
242 596.68 -555.814
243 -68.77 -1309.24
244 374.23 -1082.98
245 154.06 -1279.88
246 -333.35 1135.14
247 51.49 1312.41
248 625.88 -407.596
249 259.11 -1210.16
250 -158.7 -1277.61
251 625.25 411.446
252 -334.27 1134.06
253 -348.63 1116.63
254 -266.34 1203.86
255 390.23 -1060.15
256 642.33 287.553
257 -534.06 769.518
258 402.32 1041.92
259 -463.87 933.989
260 -207.41 -1249.38
261 616.92 458.995
262 -451.7 957.552
263 457.09 947.266
264 133.03 -1289.28
265 -301.14 -1170.6
266 48.3 1312.9
267 -413.98 -1023.48
268 285.02 1186.63
269 -473.08 915.325
270 -63.38 1310.33
271 -599.31 544.378
272 42.42 -1313.71
273 -305.37 -1166.21
274 140.94 1285.92
275 193.91 -1258.03
276 -657.28 70.497
277 160.96 1276.48
278 420.91 -1012.12
279 50.06 1312.64
280 -275.02 -1196.03
281 -286.96 1184.76
282 362.66 -1098.61
283 487.88 -883.703
284 -43.74 -1313.54
285 573.59 -645.768
286 184.15 1263.88
287 485.26 -889.454
288 -346.5 -1119.28
289 -518.65 810.584
290 459.09 -943.389
291 26.75 -1315.36
292 -148.06 1282.71
293 -307.2 -1164.28
294 303.24 1168.43
295 230.25 -1233.28
296 79.84 -1306.73
297 -170.87 -1271.32
298 -607.79 505.374
299 -11.13 1316.26
300 -169.96 1271.81
301 -141.18 -1285.81
302 -175.6 1268.74
303 6.13 -1316.39
304 -596.12 558.213
305 383.07 1070.55
306 257.84 1211.24
307 -529.22 782.779
308 -3.2 -1316.43
309 416.68 -1019.09
310 -503.72 -847.409
311 500.37 855.311
312 35.57 -1314.53
313 129.99 -1290.52
314 265.01 1205.04
315 174.84 1269.16
316 -394.12 -1054.38
317 448.98 962.656
318 127.72 -1291.43
319 473.79 -913.854
320 650.87 196.242
321 111.56 1297.4
322 -547.1 -731.959
323 92.57 -1303.37
324 371.16 -1087.2
325 60.59 1310.86
326 -358.62 -1103.9
327 338.59 1128.92
328 -171.38 -1271.04
329 464.77 -932.198
330 571.89 -651.771
331 -314.2 -1156.78
332 -142.41 1285.27
333 -541.62 748.083
334 -201.95 -1252.96
335 -29.04 1315.17
336 405.95 -1036.27
337 -274.5 -1196.51
338 473.42 -914.621
339 -657.43 -64.6606
340 -236.72 -1228.37
341 63.49 -1310.31
342 599.13 -545.17
343 -563.21 681.334
344 85.71 1305.24
345 89.63 1304.19
346 -52.84 1312.2
347 -20.98 -1315.78
348 133.5 1289.09
349 479.14 -902.628
350 564.16 678.183
351 -342.47 1124.23
352 -583.62 608.76
353 -518.7 810.456
354 549.79 723.852
355 -41.57 1313.82
356 370.61 1087.95
357 -579.54 -624.157
358 -0.45 1316.45
359 -120.72 -1294.12
360 -89.11 -1304.33
361 129.03 -1290.91
362 593.63 -568.728
363 -231.39 1232.43
364 -280.88 -1190.57
365 556.61 -702.694
366 468.56 -924.578
367 -383.73 1069.6
368 -267.07 1203.22
369 -243.53 -1223.03
370 -312.53 1158.59
371 -13.83 1316.16
372 417.38 -1017.95
373 109.34 -1298.16
374 -310.92 -1160.32
375 -449.82 -961.086
376 -267.17 1203.13
377 125.33 1292.37
378 -45.27 -1313.33
379 -121.53 -1293.82
380 -523.72 797.438
381 499.98 856.223
382 5.35 -1316.41
383 320.4 1149.96
384 299.35 1172.43
385 491.97 -874.586
386 281.84 -1189.66
387 349.07 -1116.08
388 -266.71 -1203.54
389 -35.21 1314.56
390 84.8 -1305.48
391 -156.09 1278.9
392 378.12 -1077.56
393 28.51 1315.21
394 -615.69 465.555
395 446.52 -967.221
396 77.62 1307.26
397 635.53 342.701
398 142.53 1285.22
399 -220.66 -1240.27
400 67.99 1309.41
401 345.53 1120.48
402 -370.14 1088.59
403 -249.67 1218.07
404 -364.01 1096.82
405 405.05 1037.68
406 164.58 -1274.63
407 -528.82 -783.859
408 655.55 -118.552
409 241.57 1224.59
410 375.92 1080.64
411 -614.79 470.288
412 103.2 -1300.17
413 -162.48 -1275.71
414 -106.56 1299.08
415 583.26 610.138
416 -420.05 -1013.54
417 -208.3 1248.79
418 -645.53 -257.297
419 643.5 -276.891
420 -237.41 -1227.84
421 -170.05 -1271.76
422 249.03 1218.6
423 -194.45 1257.69
424 -344.35 -1121.93
425 656.41 97.6804
426 -261.13 -1208.42
427 513.18 824.392
428 -422.54 1009.39
429 -92.79 1303.3
430 93.06 1303.23
431 452.36 -956.305
432 548.69 -727.183
433 55.23 -1311.81
434 -537.64 759.481
435 -385.91 1066.46
436 -5.1 1316.41
437 -178.81 -1266.94
438 468.33 -925.044
439 -174.26 -1269.48
440 544.63 739.291
441 600.4 -539.553
442 646.83 243.889
443 438.64 981.538
444 138.3 -1287.06
445 -161.89 1276.01
446 434.65 -988.613
447 370.15 -1088.57
448 176.68 -1268.14
449 460.8 940.049
450 -550.02 723.153
451 23.73 -1315.59
452 -638.54 319.538
453 359.95 -1102.17
454 -349.92 -1115.02
455 604.33 -521.708
456 -463.56 -934.605
457 -188.75 -1261.16
458 -602.59 529.697
459 -153.6 -1280.1
460 -560.1 691.513
461 250.66 1217.26
462 -374.58 -1082.5
463 435.11 -987.803
464 177.95 -1267.43
465 450.26 -960.261
466 12.42 1316.21
467 146.56 -1283.4
468 373.48 -1084.02
469 -193.99 1257.98
470 401.37 1043.38
471 -224.24 -1237.7
472 -224.04 1237.85
473 -428.55 999.208
474 579.45 624.491
475 505.5 843.159
476 20.12 -1315.83
477 -215.93 -1243.6
478 -147.09 1283.16
479 -648.25 228.31
480 -167.26 1273.24
481 260.61 1208.87
482 603.53 -525.399
483 -518.55 810.84
484 365.62 1094.68
485 -455.69 -949.96
486 386.6 1065.46
487 -312.39 -1158.74
488 -421.79 -1010.65
489 620.44 -439.607
490 403.92 -1039.44
491 -332.33 -1136.34
492 656.32 -100.07
493 -85.98 -1305.17
494 23.93 -1315.58
495 -648.11 -229.895
496 -86.31 -1305.08
497 -324.93 -1144.87
498 -155.57 -1279.15
499 -609.7 496.086
500 -216.83 -1242.97
501 -36.32 -1314.44
502 -253.43 1214.96
503 -124.69 -1292.61
504 78.64 -1307.02
505 346.24 1119.6
506 426.51 1002.69
507 378.51 1077.01
508 30.73 1315.01
509 -188.25 -1261.46
510 531.79 775.781
511 -183.18 -1264.44
512 -99.96 -1301.18
513 -188.71 1261.19
514 -309.96 -1161.35
515 519.81 -807.606
516 -576.98 -633.573
517 210.08 -1247.6
518 -389.47 -1061.27
519 530.47 -779.387
520 247.03 -1220.22
521 -601.05 536.65
522 -608.85 500.244
523 578.27 628.851
524 -285.76 -1185.92
525 -374.27 -1082.92
526 -214.87 1244.33
527 -203.38 -1252.03
528 -6.72 1316.38
529 -51.01 1312.49
530 -636.42 336.03
531 315.31 1155.58
532 -91.49 -1303.67
533 527.92 -786.282
534 -123.76 1292.97
535 -544.21 740.527
536 -200.45 1253.92
537 -138.04 -1287.17
538 -386.98 1064.91
539 320.01 1150.4
540 125.35 1292.36
541 -644.32 269.156
542 -86.09 1305.14
543 -176.12 1268.45
544 -96.65 -1302.18
545 -157.61 -1278.15
546 530.34 779.741
547 475.8 -909.668
548 513.58 823.396
549 26.68 1315.37
550 -203.55 -1251.92
551 284.73 1186.91
552 -561.75 686.138
553 -288.49 1183.27
554 43.22 1313.61
555 111.68 1297.36
556 -519.65 -808.018
557 166 1273.9
558 570.1 658.014
559 -74.17 -1308.06
560 -45.21 -1313.34
561 -461.65 -938.379
562 322.77 1147.31
563 339.11 1128.3
564 -419.54 -1014.39
565 648.86 221.27
566 -255.26 -1213.43
567 97.19 1302.02
568 -622.2 -429.542
569 243.26 -1223.25
570 247.9 1219.52
571 451.94 957.099
572 -493.22 871.765
573 109.33 -1298.16
574 -482.87 894.642
575 394.48 -1053.84
576 -272.32 1198.5
577 -376.17 1080.29
578 -136.38 -1287.88
579 -105.47 -1299.44
580 580.69 619.866
581 -140.04 1286.31
582 35.78 -1314.5
583 -132.69 -1289.42
584 -409.74 -1030.29
585 -213.17 1245.5
586 -312.65 -1158.46
587 -221.36 1239.77
588 105.28 -1299.5
589 -186.02 -1262.78
590 -537.75 -759.169
591 238.15 -1227.26
592 -19.42 1315.88
593 -243.29 -1223.22
594 -242.37 1223.95
595 -397.25 1049.67
596 79.74 1306.75
597 -512.6 -825.835
598 128.53 1291.11
599 207.73 1249.17
600 644.97 262.855
601 -372.15 -1085.84
602 -150.71 1281.48
603 434.92 988.138
604 366.56 -1093.42
605 -428.51 -999.277
606 8.74 1316.33
607 347.1 -1118.54
608 503.75 847.338
609 266.58 1203.65
610 -89.54 -1304.21
611 514.34 -821.496
612 55.5 -1311.76
613 25.83 1315.43
614 -248.51 1219.02
615 -436.29 985.719
616 453.87 -953.439
617 -304.36 -1167.26
618 518.63 -810.635
619 -505 -844.356
620 488.44 882.464
621 0.22 -1316.45
622 245.99 1221.06
623 -587.18 594.909
624 609.07 499.172
625 -205.53 -1250.63
626 431.82 -993.561
627 -361.19 1100.55
628 -506.22 841.429
629 -646.96 242.505
630 -333.13 -1135.4
631 170.75 1271.38
632 570.9 -655.233
633 -329.34 1139.82
634 -190.5 1260.11
635 211.4 -1246.71
636 162.56 1275.67
637 362.22 1099.19
638 -151 -1281.34
639 -32.64 1314.83
640 273.73 -1197.22
641 305.78 -1165.78
642 604.18 522.402
643 566.4 670.673
644 -566.76 -669.455
645 -117.84 1295.18
646 -352.87 -1111.29
647 370.77 1087.73
648 166.35 -1273.71
649 219.29 -1241.24
650 376.58 -1079.72
651 468.66 924.375
652 456.77 -947.883
653 -625.86 -407.719
654 208.14 1248.9
655 470.68 -920.26
656 303 1168.68
657 446.44 967.369
658 604.17 522.448
659 624.4 -416.577
660 457.13 947.189
661 125.96 -1292.12
662 459.63 -942.337
663 325.6 1144.11
664 92.15 1303.48
665 568.83 -662.395
666 651.02 -194.241
667 -501.27 853.201
668 133.32 1289.16
669 7.68 -1316.36
670 156.97 1278.47
671 -545.41 -736.987
672 123.8 1292.95
673 154.31 -1279.76
674 545.35 -737.164
675 -199.18 -1254.73
676 -549.63 724.338
677 -285.1 -1186.55
678 124.81 1292.57
679 -196.16 -1256.63
680 408.91 1031.6
681 -442.68 974.256
682 -108.11 -1298.57
683 519.96 -807.22
684 639.61 -310.86
685 -326.71 1142.84
686 -51.94 -1312.34
687 -118.28 1295.02
688 -275.22 1195.85
689 159.38 1277.27
690 -356.21 1107.02
691 355.31 -1108.18
692 -282.64 -1188.91
693 -249.33 -1218.35
694 -232.51 -1231.58
695 14.79 1316.12
696 -126.03 -1292.09
697 -598.21 549.197
698 229.15 -1234.1
699 158.65 -1277.64
700 -45.89 -1313.25
701 8.88 1316.33
702 -283.5 -1188.09
703 -645.06 -261.97
704 -550.9 -720.468
705 546.37 -734.137
706 -482.16 896.172
707 -249.88 1217.9
708 134.64 -1288.61
709 -261.23 -1208.33
710 -128.85 -1290.98
711 -185.36 1263.17
712 486 -887.837
713 519.83 807.555
714 -458.31 -944.905
715 -592.58 573.091
716 591.34 -578.192
717 -158.04 1277.94
718 378.48 -1077.06
719 560.34 -690.735
720 475.56 -910.17
721 480.34 -900.073
722 -620.48 439.381
723 -172.11 1270.65
724 352.09 -1112.28
725 -425.4 1004.58
726 58.33 1311.27
727 34.91 -1314.6
728 -256.38 1212.48
729 332.86 -1135.72
730 384.01 1069.2
731 -107.25 1298.86
732 -517.91 -812.474
733 235.02 -1229.67
734 561.61 686.596
735 345.15 -1120.95
736 -170.96 -1271.27
737 482.23 -896.022
738 -561.32 687.544
739 194.37 -1257.74
740 -610.12 494.016
741 2.38 1316.44
742 -143.06 1284.98
743 -550.64 -721.263
744 428.93 998.556
745 -197.28 1255.93
746 -448.26 963.997
747 -457.22 947.015
748 -33.7 -1314.72
749 523.69 -797.517
750 -513.53 -823.52
751 130.29 1290.4
752 -163.81 1275.03
753 576.58 -635.027
754 -185.73 -1262.95
755 349.83 1115.13
756 -178.27 -1267.25
757 38.89 1314.15
758 276.11 -1195.03
759 178.78 1266.96
760 -40.8 1313.92
761 -246.17 1220.92
762 244.13 -1222.55
763 -243.07 1223.4
764 -439.03 980.841
765 -387.14 1064.67
766 471.5 918.58
767 -475.64 910.002
768 223.77 1238.04
769 -277.2 -1194.02
770 133.34 -1289.15
771 -92.78 -1303.31
772 -467.42 926.883
773 -84.3 1305.61
774 152.07 1280.83
775 -93.15 -1303.2
776 414.35 1022.89
777 -247.91 -1219.51
778 360.56 -1101.37
779 -437.52 -983.536
780 -344.47 1121.78
781 -594.94 563.226
782 273.76 -1197.19
783 -551.22 719.489
784 648.93 220.448
785 -443.09 -973.511
786 -244.56 -1222.21
787 580.08 -622.147
788 -133.57 1289.06
789 -187.61 1261.84
790 -224.01 1237.87
791 -593.1 -570.936
792 573.51 646.052
793 370.41 -1088.22
794 -575.34 -639.51
795 -272.36 -1198.46
796 -197.08 1256.06
797 -124.03 -1292.87
798 -528.85 -783.778
799 319.3 -1151.19
800 -82.08 1306.17
801 -608.54 -501.751
802 -17.45 -1315.99
803 -92.22 -1303.46
804 -568.67 662.945
805 631.33 -372.461
806 24.87 1315.51
807 131.15 1290.05
808 191.59 -1259.45
809 -566.74 669.523
810 -378.13 -1077.55
811 628.21 -392.997
812 208.47 -1248.68
813 89.63 -1304.19
814 125.94 -1292.13
815 -308.31 -1163.11
816 -382.86 -1070.85
817 284.63 -1187
818 593.69 -568.477
819 88.63 1304.46
820 -621.53 433.405
821 -93.93 1302.98
822 -66.42 -1309.73
823 454.52 -952.2
824 622.13 429.948
825 486.6 886.521
826 629.78 382.814
827 590.76 580.559
828 145.07 1284.08
829 131.08 1290.08
830 -519.6 -808.147
831 -76.7 -1307.48
832 378.45 1077.1
833 126.28 -1292
834 -340.97 1126.05
835 623.66 -420.988
836 289.67 1182.12
837 -21.86 -1315.72
838 221.93 -1239.37
839 462.42 936.861
840 -652.06 -179.747
841 -472.02 -917.511
842 -550.5 -721.69
843 -128.43 1291.15
844 -572.49 649.66
845 383.09 -1070.52
846 487.56 -884.409
847 301.24 1170.49
848 69.79 1309.03
849 -77.38 -1307.32
850 64.15 1310.18
851 -651.61 186.16
852 -578.74 -627.119
853 -260.42 -1209.03
854 112.2 1297.18
855 -446.7 966.889
856 -395.53 -1052.27
857 -278.96 1192.38
858 339.26 1128.12
859 -63.48 1310.31
860 -550.21 722.574
861 654.57 138.529
862 -453.25 -954.618
863 -15.17 1316.1
864 85.64 1305.26
865 -657.14 -75.5374
866 418.28 -1016.47
867 587.28 -594.514
868 -566.95 668.811
869 540.25 -752.036
870 -311.59 -1159.61
871 223.51 1238.23
872 360.57 1101.36
873 305.76 -1165.8
874 187.49 1261.91
875 -578.25 628.924
876 -545.12 -737.845
877 -536.69 -762.163
878 -235.15 -1229.58
879 329.32 1139.84
880 587.07 595.343
881 -375.56 1081.14
882 346.41 -1119.39
883 -71.87 1308.58
884 -470.34 920.955
885 -299.06 1172.73
886 4.72 -1316.42
887 640.84 -300.556
888 512.39 -826.356
889 -577.64 631.162
890 590.56 581.372
891 -443.34 973.055
892 -403.11 1040.7
893 -304.07 1167.56
894 431.96 -993.318
895 -214.4 1244.66
896 308.53 -1162.87
897 435.66 -986.833
898 215.56 -1243.85
899 524.68 794.91
900 -587.27 -594.553
901 -366.43 1093.6
902 85.67 1305.25
903 -105.55 -1299.41
904 -34.86 1314.6
905 -61.08 -1310.77
906 -143.41 -1284.82
907 -439.52 979.962
908 -518.57 -810.789
909 -267.22 1203.08
910 -324.31 1145.57
911 -309.37 -1161.98
912 -249.48 -1218.23
913 452.08 956.835
914 331.04 -1137.84
915 -356.69 -1106.4
916 -479.59 -901.672
917 -355.97 -1107.33
918 -317.16 -1153.55
919 -178.56 -1267.08
920 -208.3 -1248.79
921 648.45 -226.027
922 587.37 594.158
923 -118.64 -1294.89
924 513.86 -822.696
925 540.48 -751.374
926 412.91 -1025.21
927 -400.69 -1044.43
928 -629.97 381.561
929 -619.34 445.769
930 -274.42 -1196.58
931 -453.03 -955.036
932 -244.57 -1222.2
933 44.21 -1313.48
934 -615.5 466.558
935 -289.85 -1181.94
936 -483.31 -893.691
937 -332.79 1135.8
938 -548.37 728.148
939 -371.57 -1086.64
940 340.18 1127.01
941 120.48 -1294.21
942 -60.81 -1310.82
943 -23.18 -1315.63
944 -459.68 942.239
945 75.82 1307.69
946 -505.32 843.59
947 -563.28 681.102
948 296.15 1175.68
949 640.11 -306.716
950 148.2 1282.65
951 654.23 -144.811
952 484.17 -891.827
953 225.38 -1236.87
954 344.96 1121.18
955 -1.82 1316.44
956 394.42 -1053.93
957 310.14 -1161.16
958 -110.72 -1297.69
959 -426.11 -1003.37
960 -211.16 1246.87
961 398.29 1048.09
962 124.52 -1292.68
963 -253.45 1214.94
964 -210.24 -1247.49
965 571.42 653.418
966 -1.32 -1316.45
967 260.27 -1209.16
968 55.53 1311.76
969 554.51 709.304
970 503.25 -848.526
971 -202.96 1252.3
972 432.12 -993.039
973 593.52 569.187
974 -361.86 -1099.67
975 506.33 -841.164
976 -135.24 1288.36
977 63.41 1310.33
978 157.16 1278.37
979 -93.59 -1303.07
980 164.32 -1274.77
981 169.06 -1272.29
982 -452.51 956.021
983 453.41 -954.314
984 -126.55 1291.89
985 -87.46 1304.78
986 -337.95 -1129.69
987 265.94 -1204.22
988 -530.05 780.529
989 -544.03 741.055
990 -75.98 -1307.65
991 -653.05 164.744
992 -41.54 -1313.82
993 300.99 -1170.75
994 59.33 -1311.09
995 -184.79 -1263.51
996 -242.32 -1223.99
997 -542.73 744.859
998 69.26 1309.14
999 -115.5 1296.02
1000 -307.4 -1164.07
1001 -451.24 -958.419
1002 -91.99 1303.53
1003 -629.26 386.219
1004 -373.06 1084.59
1005 -304.26 -1167.37
1006 -271.2 1199.52
1007 -99.59 1301.29
1008 471.86 -917.84
1009 -229.16 1234.09
1010 123.08 -1293.23
1011 317.93 -1152.7
1012 -324.75 -1145.07
1013 557.09 701.171
1014 500.83 -854.234
1015 -592.03 -575.361
1016 -569.68 659.467
1017 423.22 1008.25
1018 418.6 -1015.94
1019 388.88 -1062.13
1020 568.58 663.253
1021 27.17 1315.33
1022 385.23 1067.44
1023 368.29 1091.09
1024 586.84 596.249
1025 442.2 -975.128
1026 119.17 1294.69
1027 169.56 -1272.02
1028 -129.63 1290.67
1029 417.11 1018.39
1030 450.52 -959.773
1031 -537.25 -760.584
1032 -470.55 920.526
1033 303.42 1168.24
1034 7.13 -1316.37
1035 -264.25 1205.71
1036 -63.02 1310.4
1037 293.69 1178.14
1038 -397.84 1048.78
1039 498.83 858.902
1040 -516.3 -816.563
1041 -185.88 1262.87
1042 522.46 800.737
1043 -495.82 -865.845
1044 353.51 1110.48
1045 208.91 1248.38
1046 -344.54 -1121.7
1047 -633.09 360.314
1048 491.31 -876.068
1049 -28.27 -1315.23
1050 -251.87 1216.26
1051 -414.7 -1022.32
1052 543.91 -741.408
1053 -366.73 1093.19
1054 212.48 1245.97
1055 -9.99 1316.3
1056 549.93 -723.426
1057 596.51 556.544
1058 -9.76 1316.3
1059 -544.83 738.701
1060 -296.33 -1175.5
1061 372.77 1084.99
1062 -343.89 1122.5
1063 -641.25 297.038
1064 252.28 -1215.92
1065 -190.58 -1260.06
1066 371.91 -1086.17
1067 -510.81 830.259
1068 552.47 -715.643
1069 -236.74 -1228.35
1070 -371.94 -1086.13
1071 -467.9 925.914
1072 52.48 1312.26
1073 -615.66 465.713
1074 60.21 1310.93
1075 326.19 -1143.43
1076 306.5 1165.02
1077 655.2 126.054
1078 -340.89 1126.15
1079 203.36 -1252.04
1080 231.9 -1232.04
1081 -329.9 1139.17
1082 254.05 -1214.44
1083 -548.25 728.509
1084 572.74 648.778
1085 -539.99 752.782
1086 421.02 -1011.93
1087 -456.23 -948.923
1088 584.14 -606.762
1089 -466.01 929.719
1090 646.66 -245.685
1091 415.94 1020.3
1092 -456.13 949.115
1093 -492.07 874.36
1094 429.09 -998.281
1095 -558.41 -696.958
1096 64.14 1310.18
1097 285.7 -1185.98
1098 417.89 1017.11
1099 -316.22 1154.58
1100 565.89 -672.393
1101 -183.88 -1264.04
1102 605.6 -515.783
1103 258 1211.11
1104 -375.77 1080.84
1105 361.11 1100.65
1106 540.2 752.179
1107 522.57 -800.45
1108 305.43 1166.14
1109 -229.65 -1233.73
1110 150.1 -1281.76
1111 298.68 1173.12
1112 308.32 -1163.1
1113 -123.53 1293.06
1114 602.07 532.057
1115 -33.16 1314.78
1116 233.82 -1230.59
1117 -657.53 -60.4567
1118 405.56 -1036.88
1119 -410.52 -1029.04
1120 -131.93 -1289.73
1121 -525.96 791.519
1122 344.08 -1122.26
1123 351.92 -1112.5
1124 -422.51 1009.44
1125 597.49 -552.323
1126 -119.26 1294.66
1127 -406.93 1034.73
1128 -42.74 -1313.67
1129 451.06 958.758
1130 283.62 1187.97
1131 415.82 1020.5
1132 25.05 -1315.5
1133 374.9 1082.05
1134 -58.88 1311.17
1135 459.23 943.117
1136 233.61 -1230.75
1137 619.17 -446.712
1138 -473.99 913.44
1139 64.54 -1310.11
1140 -626.94 401.027
1141 -27.75 -1315.28
1142 152.22 -1280.76
1143 31.62 1314.93
1144 -60.02 -1310.96
1145 181.49 -1265.42
1146 -429.18 -998.126
1147 -339.95 -1127.29
1148 222.84 1238.71
1149 -522.35 -801.024
1150 294.03 1177.8
1151 -637.33 -329.059
1152 104.2 1299.85
1153 6.23 -1316.39
1154 37.33 1314.33
1155 271.52 1199.23
1156 -299.8 1171.97
1157 -241.43 1224.7
1158 464.36 -933.015
1159 -43.8 -1313.53
1160 -398.33 1048.03
1161 -147.08 1283.16
1162 -15.37 1316.09
1163 28.24 1315.24
1164 -212.11 -1246.22
1165 625.85 407.78
1166 373.71 1083.7
1167 -386.25 1065.97
1168 585.68 -600.794
1169 -439.5 979.998
1170 -360.73 -1101.15
1171 627.81 395.545
1172 262.01 1207.66
1173 -73.54 -1308.21
1174 94.02 1302.95
1175 654.02 148.557
1176 657.97 36.6024
1177 -186.57 1262.46
1178 508.32 836.35
1179 569.02 -661.742
1180 -194.05 -1257.94
1181 -335.42 -1132.7
1182 314.47 -1156.49
1183 -235.39 -1229.39
1184 413.93 1023.57
1185 -229.4 -1233.91
1186 611.33 -487.996
1187 -233.99 -1230.46
1188 615.84 -464.76
1189 -556.75 702.25
1190 100.52 1301.01
1191 303.46 1168.2
1192 -267.22 1203.08
1193 -355.62 -1107.78
1194 -248.43 -1219.08
1195 -467.27 927.185
1196 -12.46 -1316.21
1197 534.74 -767.626
1198 446.36 -967.517
1199 332.98 -1135.58
1200 285.63 1186.04
1201 -7.03 1316.37
1202 434.49 -988.894
1203 514.01 822.322
1204 319.14 -1151.36
1205 253.4 -1214.99
1206 -622.32 -428.846
1207 -458.35 944.827
1208 567.09 -668.336
1209 489.32 -880.512
1210 445.59 -968.936
1211 281.46 -1190.02
1212 -22.81 -1315.66
1213 -603.16 527.096
1214 632.37 -365.336
1215 175.88 1268.58
1216 -82.13 -1306.16
1217 -343.39 1123.11
1218 148.22 1282.64
1219 -460.93 -939.794
1220 -522.27 801.233
1221 -393.78 -1054.89
1222 69.4 -1309.11
1223 125.86 -1292.16
1224 -260.77 -1208.73
1225 -335.13 -1133.04
1226 197.15 -1256.01
1227 -168.81 -1272.42
1228 87.88 -1304.66
1229 -91.2 -1303.75
1230 -472.78 -915.944
1231 241.21 1224.87
1232 332.06 -1136.65
1233 -212.29 1246.1
1234 -395.92 -1051.68
1235 -195.58 -1256.99
1236 -522.68 -800.163
1237 -335.04 -1133.15
1238 91.01 1303.8
1239 9.19 1316.32
1240 269.37 -1201.16
1241 -271.71 -1199.05
1242 336.6 1131.3
1243 -99.42 -1301.35
1244 511.8 827.817
1245 541.63 -748.055
1246 364.77 1095.81
1247 372.88 -1084.84
1248 251.33 -1216.7
1249 148.34 -1282.58
1250 -485.87 888.121
1251 -470.19 921.262
1252 495.07 -867.56
1253 -629.89 -382.089
1254 -652.02 180.326
1255 512.72 825.537
1256 -159.65 -1277.14
1257 486.93 885.796
1258 -308.38 1163.03
1259 -21.41 -1315.75
1260 375.21 -1081.62
1261 -178.08 1267.35
1262 329.21 1139.97
1263 502.65 849.947
1264 562.22 -684.597
1265 245.81 1221.21
1266 -407.01 -1034.61
1267 -523.05 -799.195
1268 0.39 1316.45
1269 -516.59 -815.829
1270 -455.32 -950.67
1271 395.46 1052.37
1272 -608.71 500.926
1273 425.19 -1004.93
1274 -602.3 531.015
1275 -645.37 258.898
1276 -438.02 -982.645
1277 -306.04 -1165.5
1278 -3.28 -1316.43
1279 90.56 -1303.93
1280 367.75 -1091.82
1281 -314.22 1156.76
1282 51.68 -1312.39
1283 75.19 -1307.83
1284 8.15 1316.35
1285 -502.57 -850.136
1286 406.69 1035.11
1287 228.63 -1234.48
1288 67.87 1309.43
1289 232.79 1231.37
1290 -86.78 1304.96
1291 -314.58 -1156.37
1292 87.78 1304.69
1293 84.05 1305.67
1294 109.08 1298.25
1295 415.56 1020.92
1296 591.29 -578.396
1297 -36.81 -1314.39
1298 -591.14 579.009
1299 -280.68 1190.76
1300 550.56 -721.507
1301 -230.58 -1233.03
1302 -25.71 1315.44
1303 544.67 739.173
1304 -199.66 -1254.42
1305 599.47 543.673
1306 -376.5 1079.83
1307 -626.76 402.151
1308 340.29 1126.88
1309 -487.87 -883.725
1310 502.06 851.341
1311 402.12 -1042.23
1312 153.78 -1280.02
1313 -118.23 -1295.04
1314 370.65 -1087.89
1315 261.18 -1208.38
1316 -601.9 -532.826
1317 -135.03 1288.45
1318 444.14 971.595
1319 -203.18 1252.16
1320 -341.89 -1124.94
1321 598.56 547.669
1322 629.78 -382.814
1323 -174.82 -1269.17
1324 -285.26 -1186.4
1325 -412.15 1026.43
1326 622.58 427.334
1327 191.82 1259.31
1328 -124.19 -1292.81
1329 -352.84 1111.33
1330 151.94 1280.9
1331 -72.06 -1308.54
1332 653.27 161.217
1333 -295.77 1176.06
1334 -511.74 -827.965
1335 494.34 -869.224
1336 -185.05 1263.35
1337 579.4 -624.676
1338 -369.11 1089.99
1339 -165.01 -1274.41
1340 493.92 870.178
1341 -502.94 -849.26
1342 633.14 359.962
1343 -341.32 1125.63
1344 403.7 -1039.78
1345 532.93 -772.645
1346 -332.18 -1136.51
1347 364.37 -1096.35
1348 -106.54 -1299.09
1349 351.28 -1113.3
1350 256.34 1212.52
1351 -202.54 1252.58
1352 91.49 -1303.67
1353 -552.96 714.128
1354 97.27 -1302
1355 -325.69 1144
1356 -24.83 -1315.51
1357 -87.82 -1304.68
1358 -87.44 1304.78
1359 -457.39 946.687
1360 -544.02 -741.085
1361 -150.79 1281.44
1362 356.22 -1107.01
1363 110.14 1297.89
1364 -405.27 1037.33
1365 -49.91 1312.66
1366 544.87 738.583
1367 62.24 1310.55
1368 -536.36 -763.092
1369 632.91 361.576
1370 -207.35 -1249.42
1371 -63.13 -1310.38
1372 -354.7 1108.96
1373 -399.19 -1046.72
1374 189.43 1260.75
1375 -129.12 1290.87
1376 -402.69 -1041.35
1377 26.33 1315.4
1378 -641.43 -295.479
1379 71 -1308.77
1380 -291.85 1179.97
1381 -244.29 1222.43
1382 440.39 978.399
1383 -623.15 423.998
1384 29.52 -1315.12
1385 -382.29 1071.66
1386 33.13 1314.78
1387 322.86 1147.21
1388 -332.83 1135.75
1389 150.46 1281.59
1390 194.18 1257.86
1391 -1.52 1316.45
1392 -420.23 -1013.24
1393 412.6 -1025.71
1394 -127.71 -1291.43
1395 -589.87 -584.167
1396 532.98 -772.507
1397 462.96 935.794
1398 -442.02 975.454
1399 -39.01 -1314.13
1400 157.39 1278.26
1401 -75.93 1307.66
1402 476.81 907.55
1403 50.24 -1312.61
1404 -511.41 -828.78
1405 -385.25 -1067.41
1406 -458.89 -943.778
1407 -438.04 982.61
1408 349.02 -1116.14
1409 175.26 1268.93
1410 606.79 510.158
1411 309.93 1161.38
1412 -496.49 -864.308
1413 600.36 539.731
1414 -547.74 730.042
1415 -58.62 -1311.22
1416 482.8 -894.793
1417 498.44 859.807
1418 -467.36 -927.004
1419 -373.89 -1083.45
1420 329.52 -1139.61
1421 -528.43 784.911
1422 -314.13 1156.86
1423 -416.37 -1019.6
1424 589.73 -584.732
1425 613.43 477.339
1426 419.34 1014.72
1427 540.43 -751.518
1428 -84.69 1305.51
1429 -500.62 854.726
1430 -162.73 1275.58
1431 544.42 739.909
1432 -57.12 -1311.48
1433 145.16 -1284.04
1434 200.77 -1253.72
1435 386.88 -1065.05
1436 430.73 -995.452
1437 -133.2 -1289.21
1438 -241.84 1224.37
1439 -447.67 -965.093
1440 577.45 -631.857
1441 -270.46 1200.18
1442 -455.66 -950.018
1443 -313.53 1157.51
1444 -444.43 -971.064
1445 -41.12 1313.88
1446 -517.19 -814.307
1447 -651.99 180.759
1448 324.92 1144.88
1449 -273.88 1197.08
1450 -214.75 1244.41
1451 -477.06 907.024
1452 -273.22 -1197.68
1453 -226.88 1235.77
1454 -96.4 1302.25
1455 -471.5 -918.58
1456 649.6 212.408
1457 43.57 1313.56
1458 161.34 -1276.29
1459 -429.6 997.403
1460 342.48 -1124.22
1461 -62.7 1310.46
1462 444.2 -971.485
1463 -189.13 1260.94
1464 449.11 -962.413
1465 -69.95 1308.99
1466 -96.52 -1302.22
1467 301.56 -1170.16
1468 469.77 922.118
1469 184.99 -1263.39
1470 552.88 714.376
1471 486.4 886.96
1472 -256.02 -1212.79
1473 -278.42 -1192.88
1474 209.13 -1248.24
1475 492.57 -873.234
1476 -511.85 -827.693
1477 -87.21 1304.84
1478 528.62 784.399
1479 -535.47 765.588
1480 652.2 -177.703
1481 -474.51 912.359
1482 440.49 -978.219
1483 -513.83 822.771
1484 -572.92 648.142
1485 56.15 1311.65
1486 93.01 -1303.24
1487 326.62 -1142.94
1488 -452.05 956.891
1489 630.63 377.175
1490 -595 562.972
1491 -29.63 1315.11
1492 -313.2 -1157.87
1493 -225.44 -1236.83
1494 -264.99 -1205.06
1495 222.94 -1238.64
1496 130.27 1290.41
1497 393.03 -1056.01
1498 345.23 -1120.85
1499 -69.21 -1309.15
1500 446.89 -966.538
1501 -366.68 -1093.26
1502 -314.96 1155.96
1503 -508.78 835.23
1504 -259.04 1210.22
1505 -393.9 -1054.71
1506 128.87 -1290.97
1507 -246.36 -1220.76
1508 -524.05 796.57
1509 -484.07 892.044
1510 -313.4 1157.65
1511 -315.77 -1155.07
1512 -656.15 104.434
1513 -420.07 1013.51
1514 430.87 -995.21
1515 -642.44 286.568
1516 -65.47 1309.92
1517 -147.93 -1282.77
1518 519.47 -808.481
1519 -316.13 -1154.68
1520 168.53 -1272.57
1521 -632.72 -362.904
1522 112.78 -1296.98
1523 -198.96 -1254.87
1524 458.69 -944.167
1525 -498.95 858.623
1526 503.71 847.433
1527 293.72 1178.11
1528 223.03 1238.58
1529 -636.87 332.602
1530 -288.44 -1183.32
1531 -282.62 1188.92
1532 -637.61 -326.882
1533 -352.36 -1111.94
1534 -593.63 -568.728
1535 304.47 1167.15
1536 -497.81 861.266
1537 -644.5 -267.426
1538 332.89 -1135.68
1539 396.55 -1050.73
1540 -313.06 1158.02
1541 -47.32 1313.04
1542 263.59 1206.28
1543 -263.03 -1206.77
1544 -156.2 1278.84
1545 -25.47 1315.46
1546 164.79 1274.53
1547 639.63 -310.695
1548 281.91 1189.6
1549 -578.6 627.635
1550 -181.34 -1265.5
1551 -265.15 -1204.91
1552 456.24 -948.904
1553 -518.92 -809.893
1554 303.66 1167.99
1555 -617.63 455.16
1556 604.8 -519.524
1557 459.37 -942.844
1558 87.61 -1304.74
1559 -409.49 1030.68
1560 -397.39 1049.46
1561 -339.75 1127.53
1562 -480.22 -900.329
1563 -488.89 -881.467
1564 60.1 1310.95
1565 -406.52 1035.38
1566 -207.09 1249.6
1567 -269.14 1201.37
1568 -579.16 625.566
1569 463.54 934.645
1570 -9.32 -1316.32
1571 148.59 -1282.47
1572 -619.13 -446.934
1573 329.58 -1139.54
1574 200.95 1253.6
1575 -79.91 -1306.71
1576 -262.49 -1207.24
1577 603.95 -523.465
1578 -388.96 1062.02
1579 -247.89 -1219.52
1580 62.37 -1310.53
1581 13.75 -1316.16
1582 -57.63 -1311.39
1583 -611.3 488.147
1584 -219.67 1240.97
1585 502.4 -850.538
1586 412.62 -1025.68
1587 245.61 1221.37
1588 421.77 -1010.68
1589 -370.71 -1087.81
1590 192.39 -1258.96
1591 593.7 -568.436
1592 249.92 1217.87
1593 647.74 -234.029
1594 263.08 1206.73
1595 -472.03 -917.49
1596 -55.58 1311.75
1597 188.34 1261.41
1598 -481.43 897.741
1599 -198.02 -1255.46
1600 -111.15 -1297.54
1601 -539.66 753.728
1602 6.61 1316.38
1603 -98.64 -1301.58
1604 -448.37 -963.792
1605 289.22 -1182.56
1606 10.6 -1316.28
1607 -533.01 772.424
1608 137.91 1287.23
1609 181.77 -1265.26
1610 602.95 -528.056
1611 418.38 1016.3
1612 -338.75 1128.73
1613 73.21 1308.28
1614 -542.57 745.325
1615 -650.51 -200.96
1616 -202.44 -1252.64
1617 -307.95 -1163.49
1618 515.66 818.179
1619 240.87 1225.14
1620 512.28 -826.628
1621 -554.75 708.553
1622 265.02 1205.03
1623 241.47 1224.67
1624 -434.89 988.191
1625 140.83 1285.96
1626 -140.84 1285.96
1627 -142 1285.45
1628 -23.14 -1315.64
1629 226.71 1235.9
1630 641.2 -297.469
1631 22.8 1315.66
1632 -227.16 -1235.57
1633 602.87 -528.421
1634 -242.09 1224.18
1635 560.7 689.565
1636 183.44 -1264.29
1637 -475.86 -909.542
1638 616.01 463.858
1639 393.3 1055.6
1640 -647.51 -236.561
1641 317.1 -1153.62
1642 -478.44 904.112
1643 -154.27 1279.78
1644 -385.31 1067.32
1645 49.65 -1312.7
1646 146.26 -1283.54
1647 529.1 783.103
1648 190.11 1260.35
1649 -263.98 1205.94
1650 24.07 1315.57
1651 -253.2 1215.15
1652 -538.6 -756.755
1653 138.8 1286.85
1654 -262.78 1206.99
1655 338.96 1128.48
1656 547.11 -731.929
1657 640.62 302.427
1658 451.98 957.024
1659 -4.3 1316.42
1660 143.34 1284.86
1661 233.24 -1231.03
1662 -567.36 667.419
1663 -444.29 -971.32
1664 79.45 1306.82
1665 372.92 -1084.79
1666 -569.39 -660.468
1667 503.83 -847.148
1668 -652.08 179.456
1669 -275.18 -1195.89
1670 463.4 934.922
1671 -160.79 -1276.57
1672 -32.93 1314.8
1673 519.29 808.943
1674 148.63 1282.45
1675 -583.28 -610.062
1676 247.36 1219.95
1677 564.17 678.149
1678 437.28 -983.963
1679 -366.3 1093.77
1680 615.21 -468.086
1681 -550.07 -723.001
1682 385.11 -1067.61
1683 -349.4 1115.67
1684 -542.77 744.742
1685 608.95 -499.757
1686 -189.94 1260.45
1687 142.36 -1285.29
1688 -448.81 962.973
1689 -593.76 -568.185
1690 194.05 -1257.94
1691 -89.97 -1304.09
1692 -475.8 -909.668
1693 254.41 1214.14
1694 -528.07 785.879
1695 60.22 1310.93
1696 500.82 854.257
1697 -135.73 -1288.16
1698 -126.77 -1291.8
1699 80.57 1306.55
1700 311.27 1159.95
1701 585.29 -602.312
1702 56.93 1311.52
1703 75.12 1307.85
1704 -501.14 853.506
1705 128.65 1291.06
1706 237.88 -1227.47
1707 -379.23 1076
1708 -458.85 943.856
1709 -217.07 -1242.8
1710 -20.16 -1315.83
1711 134.86 -1288.52
1712 104.73 -1299.68
1713 314.89 -1156.03
1714 -417.75 1017.34
1715 -646.57 -246.631
1716 603.8 524.157
1717 130.9 1290.15
1718 -28.22 -1315.24
1719 -47.6 -1313
1720 -473.28 914.911
1721 -183.3 -1264.37
1722 -544.65 739.232
1723 -368.66 1090.59
1724 -258.21 1210.93
1725 -392.87 1056.24
1726 -135.9 -1288.08
1727 336.59 1131.31
1728 124.2 -1292.8
1729 283.48 -1188.11
1730 198.04 1255.45
1731 -527.62 -787.087
1732 502.54 850.207
1733 -179.72 -1266.43
1734 601.81 -533.232
1735 -605.45 -516.487
1736 -9.77 1316.3
1737 -329.68 -1139.42
1738 -318.89 1151.64
1739 -87.76 -1304.7
1740 -511.35 828.929
1741 -603.34 -526.271
1742 -150.09 1281.77
1743 223.85 -1237.98
1744 -133.02 -1289.29
1745 -643.82 -273.9
1746 389.86 -1060.7
1747 -13.89 -1316.16
1748 -614.31 -472.79
1749 245.33 -1221.59
1750 231.6 -1232.27
1751 -427.34 1001.28
1752 -628.4 391.78
1753 63.44 1310.32
1754 -68.62 -1309.28
1755 -592.62 -572.926
1756 54.31 1311.96
1757 524.62 795.068
1758 366.12 1094.01
1759 -399.98 -1045.52
1760 -522.21 801.389
1761 -621.34 -434.493
1762 -566.96 668.777
1763 164.66 -1274.59
1764 291.1 1180.71
1765 193.12 1258.51
1766 476.17 908.893
1767 143.53 -1284.77
1768 -492.38 -873.662
1769 -216.1 1243.48
1770 -331 1137.89
1771 419.87 -1013.84
1772 389.07 -1061.85
1773 -40.2 1313.99
1774 603.59 -525.123
1775 -199.29 1254.66
1776 438.62 -981.574
1777 395.45 -1052.39
1778 432.14 993.004
1779 466.02 929.698
1780 -432.9 -991.679
1781 -215.89 -1243.63
1782 -551.84 -717.585
1783 -404.66 -1038.29
1784 495.79 -865.914
1785 545.36 -737.135
1786 487.97 -883.504
1787 29.46 -1315.13
1788 352.44 1111.84
1789 -158.53 -1277.7
1790 157.24 1278.33
1791 -561.24 687.806
1792 -288.42 -1183.34
1793 602.71 -529.151
1794 313.78 -1157.24
1795 370.74 1087.77
1796 -308.69 -1162.7
1797 -255.32 1213.38
1798 -5.67 -1316.4
1799 -400.59 1044.58
1800 -610.75 -490.893
1801 -348.09 1117.31
1802 651.51 -187.555
1803 -594.08 -566.845
1804 -215.99 -1243.56
1805 -81.87 1306.23
1806 -390.99 1059.03
1807 -575.49 -638.97
1808 372.81 -1084.94
1809 -524.61 -795.094
1810 490.42 -878.061
1811 84.08 -1305.66
1812 -140.51 1286.1
1813 -205.07 -1250.93
1814 24.41 1315.54
1815 94.32 1302.86
1816 -611.66 486.339
1817 90.4 1303.97
1818 185.51 1263.08
1819 552.47 -715.643
1820 72.76 1308.38
1821 -490.17 -878.619
1822 -82.41 -1306.09
1823 105.42 1299.46
1824 -155.41 1279.23
1825 546.16 -734.762
1826 -641.92 291.192
1827 93.37 -1303.14
1828 -432.86 991.749
1829 40.53 1313.95
1830 594 567.181
1831 -72.02 1308.55
1832 -448.19 -964.127
1833 90.48 1303.95
1834 -250.98 1216.99
1835 139.19 -1286.68
1836 -146.49 1283.43
1837 5.86 1316.4
1838 -602.3 -531.015
1839 644.14 -270.874
1840 -655.97 108.863
1841 431.26 994.534
1842 54.06 1312
1843 13.37 -1316.18
1844 -126.81 -1291.79
1845 109.27 -1298.18
1846 16.09 1316.06
1847 -497.88 -861.104
1848 599.6 -543.1
1849 197.23 1255.96
1850 462.28 937.137
1851 -499.97 -856.246
1852 452 -956.986
1853 -52.29 -1312.29
1854 64.25 1310.16
1855 604.32 521.754
1856 554.17 710.366
1857 -555.71 -705.538
1858 353.82 -1110.08
1859 32.87 -1314.81
1860 -291.38 1180.44
1861 58.87 -1311.17
1862 -26.38 1315.39
1863 -23.07 -1315.64
1864 -409.96 -1029.94
1865 509.47 -833.546
1866 -73.34 -1308.25
1867 254.55 1214.02
1868 -400.94 -1044.04
1869 -108.33 1298.5
1870 -369.33 -1089.69
1871 -175.42 -1268.84
1872 -576.9 -633.864
1873 2.3 -1316.44
1874 90.51 1303.94
1875 -310.32 1160.97
1876 -422.53 -1009.41
1877 -443.2 -973.31
1878 521.74 802.613
1879 -251.26 1216.76
1880 138.51 1286.97
1881 645.75 255.08
1882 -608.47 -502.09
1883 -169.14 -1272.24
1884 -347.58 -1117.94
1885 201.54 1253.22
1886 -335.34 1132.8
1887 -606.18 513.051
1888 253.78 -1214.67
1889 -289.94 -1181.85
1890 -399.05 -1046.94
1891 214.48 -1244.6
1892 -104.62 -1299.71
1893 444.32 971.266
1894 211.2 -1246.84
1895 512.17 826.901
1896 -501.73 -852.118
1897 -562.74 -682.885
1898 291.73 1180.09
1899 89.63 -1304.19
1900 335.33 -1132.81
1901 121.11 1293.97
1902 241.41 1224.71
1903 305.62 -1165.94
1904 277.07 -1194.14
1905 246.26 -1220.84
1906 213.99 1244.94
1907 602.77 -528.877
1908 191.32 -1259.61
1909 -468.89 -923.908
1910 -370.75 1087.76
1911 -654.42 141.335
1912 -649.66 211.673
1913 306.91 1164.59
1914 414.36 1022.87
1915 3.58 1316.43
1916 -282.57 1188.97
1917 231.7 1232.19
1918 457.16 -947.131
1919 206.22 -1250.17
1920 117.31 -1295.37
1921 -240.97 -1225.06
1922 443.21 973.292
1923 519.12 809.38
1924 -564.54 676.917
1925 93.69 -1303.05
1926 -625.23 -411.567
1927 647.92 232.027
1928 -66.49 -1309.72
1929 -179.14 -1266.76
1930 378.54 -1076.97
1931 342 -1124.8
1932 500.16 855.802
1933 -475.37 -910.566
1934 -185.81 1262.91
1935 218.06 -1242.11
1936 508.87 -835.011
1937 265.72 -1204.41
1938 -400.91 -1044.09
1939 447.73 -964.981
1940 178.12 1267.33
1941 1.78 -1316.44
1942 185.67 1262.99
1943 -102.42 1300.41
1944 19.96 1315.84
1945 -4.17 1316.42
1946 -407.1 1034.46
1947 195.31 -1257.16
1948 219.53 -1241.07
1949 278.92 1192.41
1950 579.69 -623.599
1951 -232.66 1231.47
1952 136.8 -1287.7
1953 -38.34 1314.21
1954 -495.37 -866.875
1955 59.46 -1311.07
1956 -449.8 961.123
1957 8.11 1316.35
1958 -1.34 1316.45
1959 -495.98 865.479
1960 6.67 1316.38
1961 -576.44 635.536
1962 185.83 -1262.9
1963 341.47 1125.45
1964 -163.77 -1275.05
1965 -187.01 1262.2
1966 -590.27 -582.549
1967 566.43 670.571
1968 -342.23 -1124.52
1969 -9.05 1316.32
1970 633.67 -356.212
1971 -420.19 1013.31
1972 337.9 1129.75
1973 572.48 649.696
1974 568.32 -664.144
1975 615.95 -464.177
1976 -100.47 -1301.02
1977 -357.55 -1105.29
1978 305.43 -1166.14
1979 -124.69 1292.61
1980 403.76 1039.69
1981 406.33 1035.67
1982 -365.04 -1095.45
1983 377.74 1078.09
1984 173.23 1270.04
1985 207.92 1249.05
1986 541.26 749.125
1987 616.56 460.926
1988 -441.94 -975.599
1989 -637.76 -325.709
1990 383.99 -1069.23
1991 -345.31 -1120.75
1992 401.17 1043.69
1993 -79.41 -1306.83
1994 31 -1314.99
1995 -110.19 1297.87
1996 465.02 -931.699
1997 369.75 -1089.12
1998 -390.81 1059.3
1999 -173.46 -1269.92
2000 423.69 -1007.46
2001 71.74 -1308.61
2002 234.73 1229.9
2003 -205.13 1250.89
2004 555.41 -706.482
2005 228.35 -1234.69
2006 458.95 943.662
2007 341.18 1125.8
2008 271.54 -1199.21
2009 -168.03 1272.83
2010 -155.32 1279.27
2011 637.17 -330.296
2012 6.94 1316.38
2013 -603.66 524.801
2014 482.59 895.246
2015 474.95 -911.443
2016 91.68 -1303.62
2017 -532.03 775.122
2018 -129.05 -1290.9
2019 -601.69 -533.774
2020 304.2 1167.43
2021 -588.07 591.382
2022 173.08 -1270.12
2023 -388.97 -1062
2024 657.12 -76.2302
2025 350.54 -1114.24
2026 546.91 732.527
2027 46.78 -1313.12
2028 -535.88 -764.44
2029 -82.54 -1306.06
2030 485.73 888.427
2031 -543.61 742.287
2032 -288.96 1182.81
2033 -304.98 1166.61
2034 -99.84 -1301.22
2035 228.93 1234.26
2036 262.6 -1207.15
2037 620.83 437.399
2038 19.27 -1315.88
2039 354.97 1108.61
2040 131.48 1289.92
2041 471.63 918.313
2042 -38.57 1314.19
2043 155.23 -1279.32
2044 -70.32 1308.91
2045 614.89 469.765
2046 -599.4 -543.982
2047 -115.53 -1296.01
2048 353.3 -1110.74
2049 86.79 1304.96
2050 -575.69 -638.249
2051 150.18 -1281.73
2052 365.84 -1094.39
2053 -79.76 1306.75
2054 -299.92 -1171.85
2055 -367.45 -1092.23
2056 323.36 1146.64
2057 -366.06 -1094.09
2058 -542.34 745.994
2059 72.05 -1308.54
2060 -5.26 -1316.41
2061 -518.15 811.862
2062 450.9 -959.059
2063 479.9 901.012
2064 -522.69 800.137
2065 -369.57 1089.36
2066 -249.46 -1218.24
2067 -386 -1066.33
2068 -432.49 992.395
2069 59.7 1311.02
2070 280.6 -1190.84
2071 220.18 1240.61
2072 -40.55 -1313.95
2073 89.79 -1304.14
2074 -174.63 -1269.27
2075 55.88 -1311.7
2076 657.92 40.0364
2077 606.16 513.145
2078 325.64 1144.06
2079 -518.14 -811.888
2080 -573.47 646.194
2081 -409.33 -1030.94
2082 175.87 1268.59
2083 -199.98 1254.22
2084 -600.37 539.686
2085 -631.5 -371.307
2086 -2.83 -1316.44
2087 44.19 1313.48
2088 -115.14 1296.15
2089 61.07 -1310.77
2090 650.97 -194.91
2091 -186.65 -1262.41
2092 541.23 749.212
2093 -462.15 -937.394
2094 468.27 -925.165
2095 -36.83 -1314.39
2096 543.87 -741.525
2097 574.36 -643.024
2098 -165.83 -1273.99
2099 60.26 -1310.92
2100 317.36 -1153.33
2101 -520.74 -805.206
2102 -232.59 -1231.52
2103 151.45 -1281.13
2104 -18.62 -1315.92
2105 -357.21 -1105.73
2106 -526.12 -791.093
2107 525.27 -793.35
2108 302.81 -1168.87
2109 493.91 870.201
2110 649.16 -217.722
2111 645.08 -261.773
2112 -581.47 -616.935
2113 -595.22 562.041
2114 576.8 -634.228
2115 429.61 -997.386
2116 -127.13 1291.66
2117 -639.72 309.953
2118 -76.52 -1307.52
2119 -448.73 -963.122
2120 -540.39 751.633
2121 -653.96 149.61
2122 -627.62 396.75
2123 654.11 -146.963
2124 -537.56 -759.707
2125 -397.75 -1048.91
2126 271.51 -1199.24
2127 -354.22 -1109.57
2128 -213.74 1245.11
2129 -364.39 1096.32
2130 -478.97 902.989
2131 565.31 674.341
2132 -137.68 -1287.33
2133 86.65 -1304.99
2134 -215.19 1244.11
2135 -541.91 -747.243
2136 -108.02 -1298.6
2137 -407.15 1034.39
2138 -609.59 496.627
2139 399.11 1046.84
2140 540.17 752.265
2141 -56.4 1311.61
2142 211.93 -1246.35
2143 -620.68 -438.25
2144 -213.4 -1245.34
2145 -224.88 1237.24
2146 -387.76 -1063.77
2147 -171.17 -1271.16
2148 -524.33 -795.833
2149 556.25 -703.833
2150 -18.68 -1315.92
2151 458.48 -944.575
2152 -516.66 -815.652
2153 162.82 1275.54
2154 51.06 1312.48
2155 -331.5 -1137.31
2156 473.32 -914.828
2157 12.11 -1316.23
2158 -657.03 -79.2725
2159 -299.34 -1172.44
2160 270.94 1199.75
2161 392.79 1056.36
2162 223.71 -1238.08
2163 249.86 1217.92
2164 209.4 -1248.06
2165 -627.02 -400.527
2166 -380.15 1074.7
2167 -234.8 1229.84
2168 -598.12 549.589
2169 415.21 -1021.49
2170 394.68 1053.54
2171 70.21 1308.94
2172 -156.21 -1278.84
2173 -206.58 1249.93
2174 493.53 -871.063
2175 223.97 1237.9
2176 629.26 386.219
2177 393.7 1055.01
2178 -36.95 -1314.37
2179 -392.84 -1056.29
2180 -43.61 1313.56
2181 -633.46 -357.703
2182 646.86 -243.57
2183 600.46 539.286
2184 308.59 -1162.81
2185 441.35 -976.667
2186 53.18 1312.15
2187 -236.45 1228.58
2188 345.26 1120.81
2189 -378.62 -1076.86
2190 -287.38 -1184.35
2191 -381.44 -1072.87
2192 -8.14 1316.35
2193 -88.13 1304.6
2194 174.32 1269.44
2195 476.1 909.04
2196 -304.47 1167.15
2197 0.61 1316.45
2198 -147.81 -1282.83
2199 28.17 1315.24
2200 17.93 1315.96
2201 -511.77 -827.891
2202 -573.41 646.407
2203 359.05 -1103.35
2204 -75.27 1307.81
2205 -525.1 -793.8
2206 616.52 -461.14
2207 -630.3 379.375
2208 -611.64 486.44
2209 -287.98 1183.77
2210 -13.17 1316.19
2211 488.83 -881.6
2212 64.89 -1310.04
2213 7.25 1316.37
2214 258.35 1210.81
2215 -468.79 -924.111
2216 382.95 -1070.72
2217 92.95 1303.26
2218 -105.81 -1299.33
2219 457.26 946.938
2220 -519.42 -808.609
2221 -579.67 -623.673
2222 -322.48 1147.63
2223 -452.95 955.187
2224 13.76 1316.16
2225 -185.71 -1262.97
2226 438.4 -981.967
2227 69.81 -1309.02
2228 -396.56 1050.71
2229 -598.91 -546.136
2230 -8.08 1316.35
2231 -267.5 1202.84
2232 -263.42 -1206.43
2233 181.8 1265.24
2234 -420.66 -1012.53
2235 -48.76 -1312.83
2236 -210.25 1247.48
2237 -244.6 -1222.18
2238 -85.14 1305.39
2239 343.51 1122.96
2240 649.67 -211.55
2241 -319.83 1150.6
2242 191.29 -1259.63
2243 -328.95 -1140.27
2244 43.07 1313.63
2245 559.53 -693.356
2246 -63.59 1310.29
2247 215.23 -1244.08
2248 449.4 -961.871
2249 -523.41 -798.252
2250 -585.01 -603.4
2251 -495.59 -866.372
2252 -447.39 -965.612
2253 -143.83 -1284.64
2254 -347.38 1118.19
2255 65.31 1309.95
2256 -450.85 -959.153
2257 626.39 -404.45
2258 313.24 1157.83
2259 565.97 -672.123
2260 318.99 -1151.53
2261 238.37 -1227.09
2262 552.65 -715.087
2263 -209.24 -1248.16
2264 -47.92 1312.96
2265 489.36 -880.423
2266 575.82 -637.78
2267 169.07 -1272.28
2268 171.7 -1270.87
2269 10.86 -1316.27
2270 339.55 -1127.77
2271 491.45 -875.754
2272 89.4 1304.25
2273 -331.18 -1137.68
2274 -190.77 1259.95
2275 -59.7 -1311.02
2276 -149.03 1282.26
2277 -522.34 801.05
2278 39.9 1314.03
2279 467.09 -927.548
2280 353.32 -1110.72
2281 283.59 -1188
2282 405 -1037.76
2283 -158.46 1277.73
2284 -345.79 1120.16
2285 -656.35 99.28
2286 -148.97 1282.29
2287 -242.01 1224.24
2288 245.86 -1221.17
2289 -473.75 -913.937
2290 -485.16 889.672
2291 289.55 1182.24
2292 86.33 -1305.08
2293 79.65 -1306.78
2294 169.24 -1272.19
2295 -54.52 -1311.93
2296 224.84 -1237.27
2297 210.58 -1247.26
2298 -529.28 -782.616
2299 -346.14 -1119.73
2300 -639.55 -311.354
2301 433.04 -991.435
2302 -179.09 -1266.79
2303 -315.59 1155.27
2304 -167.22 -1273.26
2305 -234.26 1230.25
2306 -576.42 -635.608
2307 -26.71 -1315.36
2308 74.99 1307.88
2309 451.63 -957.684
2310 578.27 -628.851
2311 189.18 1260.91
2312 -535.46 -765.616
2313 -357.62 -1105.2
2314 123.65 1293.01
2315 527.79 -786.631
2316 -561.92 685.581
2317 336.02 1131.99
2318 92.11 1303.5
2319 -76.04 1307.64
2320 -64.6 1310.09
2321 194.45 -1257.69
2322 -445.63 968.862
2323 -517.02 814.739
2324 -178.73 1266.99
2325 258.01 1211.1
2326 -460.87 -939.911
2327 354.16 -1109.65
2328 457.97 -945.564
2329 -643.57 -276.24
2330 -250.62 1217.29
2331 228.17 1234.82
2332 -351.25 -1113.34
2333 140.96 1285.91
2334 -570.86 655.373
2335 143.7 1284.69
2336 61.24 -1310.74
2337 241.89 1224.33
2338 15.4 -1316.09
2339 -463.23 -935.259
2340 -372.51 1085.35
2341 631.02 374.557
2342 -111.94 -1297.27
2343 -318.24 1152.36
2344 640 -307.633
2345 194.4 1257.73
2346 -476.73 -907.718
2347 -74.9 1307.9
2348 -292.46 -1179.37
2349 -563.5 -680.374
2350 -615.58 -466.136
2351 -513.29 -824.119
2352 451.07 958.739
2353 177.6 -1267.62
2354 -209.87 -1247.74
2355 68.62 1309.28
2356 -321.37 1148.88
2357 112.97 -1296.92
2358 -455.59 950.152
2359 -452.23 -956.551
2360 88.46 1304.51
2361 272.88 1197.99
2362 536.69 -762.163
2363 573.15 647.328
2364 523.19 798.828
2365 299.68 1172.09
2366 -7.35 1316.37
2367 365.42 1094.95
2368 -299.78 -1171.99
2369 135.34 -1288.32
2370 -644.85 264.03
2371 226.81 -1235.83
2372 131.26 1290.01
2373 160.63 1276.65
2374 -284.67 1186.97
2375 485.36 889.236
2376 -260.15 1209.27
2377 85.74 -1305.23
2378 346.56 1119.21
2379 19.06 -1315.9
2380 324.72 1145.11
2381 524.15 796.307
2382 511.6 -828.311
2383 -350.69 1114.05
2384 257.97 1211.13
2385 404.35 -1038.77
2386 -200.43 -1253.93
2387 625.59 -409.373
2388 167.26 1273.24
2389 -209.59 -1247.93
2390 -546.8 732.855
2391 609.35 -497.803
2392 -12.11 1316.23
2393 568.79 -662.533
2394 -220.55 -1240.35
2395 148.56 -1282.48
2396 652.5 173.242
2397 -75.23 1307.82
2398 -407.68 -1033.55
2399 324.1 -1145.81
2400 -578.86 626.676
2401 500.82 -854.257
2402 316.76 -1153.99
2403 118.99 -1294.76
2404 416.61 -1019.21
2405 487.8 883.879
2406 -159.92 -1277
2407 312.14 -1159.01
2408 -372.2 1085.77
2409 -377.13 -1078.95
2410 -307.03 -1164.46
2411 486.61 886.499
2412 433.52 -990.596
2413 310.89 1160.36
2414 -159.88 1277.02
2415 -547.98 729.321
2416 -215.04 -1244.21
2417 -367.97 1091.53
2418 625.87 -407.658
2419 -497.99 -860.849
2420 154.95 1279.45
2421 143.54 1284.77
2422 -66.64 -1309.68
2423 -594.33 565.796
2424 282.45 -1189.09
2425 9.54 1316.31
2426 -582.14 -614.402
2427 -330.26 -1138.75
2428 335.61 -1132.48
2429 657.38 -66.663
2430 303.65 -1168
2431 -162.8 -1275.55
2432 77.64 1307.26
2433 -364.92 1095.61
2434 137.16 -1287.55
2435 120.47 1294.21
2436 454.17 -952.867
2437 640.17 306.214
2438 -642.12 -289.423
2439 -174.21 1269.5
2440 581.08 618.403
2441 195.77 -1256.87
2442 472.38 916.77
2443 -489.48 -880.156
2444 -248.43 1219.08
2445 -218.63 1241.71
2446 599.56 543.276
2447 290.25 1181.55
2448 -626.19 -405.687
2449 -568.76 -662.636
2450 615.93 -464.283
2451 -264.64 -1205.36
2452 -625.96 407.105
2453 450.5 959.811
2454 -642.12 289.423
2455 476.78 907.613
2456 312.49 -1158.64
2457 -343.94 1122.43
2458 -243.39 1223.14
2459 -346.43 -1119.37
2460 652.45 -173.994
2461 110.11 -1297.9
2462 198.22 1255.34
2463 -645.91 -253.454
2464 192.59 -1258.84
2465 600.93 537.187
2466 -326.9 -1142.62
2467 134.18 1288.81
2468 -4.94 1316.41
2469 581.29 -617.613
2470 -24.46 -1315.54
2471 -580.01 -622.408
2472 -121.22 1293.93
2473 87.98 -1304.64
2474 -621.3 -434.722
2475 -344.07 -1122.27
2476 93.95 1302.97
2477 470.5 920.628
2478 447.96 -964.554
2479 -304.04 -1167.59
2480 -259 1210.25
2481 -580.28 621.4
2482 216.53 -1243.18
2483 -142.16 -1285.38
2484 -420.24 1013.23
2485 415.84 1020.46
2486 257.26 1211.74
2487 218.01 1242.15
2488 -642.04 -290.132
2489 -108.25 1298.52
2490 627.53 -397.319
2491 -529.86 -781.045
2492 -583.33 -609.871
2493 -637.67 326.413
2494 -22.8 1315.66
2495 595.77 -559.705
2496 -596.06 558.469
2497 -41.05 -1313.89
2498 32.43 1314.85
2499 575.14 640.229
2500 585.97 -599.662
2501 89.37 1304.26
2502 632.87 361.856
2503 363.68 1097.26
2504 376.24 -1080.19
2505 -594.9 -563.395
2506 -47.7 -1312.99
2507 -454.12 -952.963
2508 -1.13 1316.45
2509 104.21 -1299.85
2510 60.9 -1310.8
2511 130.19 -1290.44
2512 -195.41 1257.1
2513 163.54 -1275.17
2514 -137.79 1287.28
2515 228.87 -1234.31
2516 504.14 -846.41
2517 562.84 682.556
2518 -584.02 -607.223
2519 203.23 -1252.13
2520 535.2 766.343
2521 233.45 1230.87
2522 137.35 1287.47
2523 -520.7 805.31
2524 -8.21 1316.35
2525 -287.14 -1184.58
2526 -288.77 1183
2527 -260.69 -1208.8
2528 -243.93 1222.71
2529 -270.92 1199.77
2530 -258.79 1210.43
2531 445.02 969.983
2532 -222.01 -1239.31
2533 -261.6 1208.01
2534 230.48 1233.11
2535 -156.42 -1278.74
2536 -324.79 1145.03
2537 86.31 1305.08
2538 553.11 713.663
2539 -61.83 -1310.63
2540 -381.15 -1073.28
2541 565.48 673.771
2542 -396.53 1050.76
2543 -69.69 -1309.05
2544 -58.02 -1311.32
2545 150.82 1281.43
2546 -576.97 633.609
2547 524.58 -795.174
2548 -208.02 -1248.98
2549 520.8 805.051
2550 350.16 1114.72
2551 540.81 750.424
2552 -10.2 1316.29
2553 560.14 691.383
2554 -40.38 -1313.97
2555 -84.64 1305.52
2556 322.04 1148.13
2557 383.35 1070.14
2558 180.77 -1265.83
2559 616.22 462.741
2560 -335.09 1133.09
2561 -524.72 794.804
2562 353.08 -1111.02
2563 -3.21 -1316.43
2564 394.71 1053.5
2565 93.57 -1303.08
2566 -262.69 1207.07
2567 -529.88 780.991
2568 13.93 1316.15
2569 196.5 -1256.42
2570 -520.39 -806.111
2571 360.25 1101.78
2572 281.56 -1189.93
2573 22.84 1315.66
2574 621.29 434.779
2575 470.44 -920.751
2576 30.62 -1315.02
2577 536.8 761.854
2578 -191.07 1259.76
2579 -517.44 -813.671
2580 -23.75 -1315.59
2581 66.62 -1309.69
2582 -489.91 879.199
2583 645.81 -254.471
2584 -436.44 -985.453
2585 521.23 803.937
2586 17.29 1315.99
2587 523.68 -797.543
2588 -140.22 1286.23
2589 15.2 -1316.1
2590 -106.83 -1298.99
2591 -92.18 -1303.48
2592 147.48 -1282.98
2593 -625.81 -408.026
2594 484.93 -890.174
2595 158.51 -1277.71
2596 49.62 -1312.7
2597 -72.48 1308.44
2598 -98.94 1301.49
2599 491.42 -875.822
2600 -91.44 -1303.68
2601 -77.38 1307.32
2602 -499.97 856.246
2603 634.28 351.843
2604 503.13 -848.81
2605 69.8 -1309.03
2606 -75.29 1307.81
2607 -589.17 -586.986
2608 -483.76 -892.717
2609 259.63 1209.71
2610 395.27 -1052.66
2611 -295.38 1176.45
2612 645.6 -256.594
2613 -271.37 1199.36
2614 -128.01 1291.31
2615 -651.94 -181.479
2616 -41.92 1313.78
2617 598.75 546.838
2618 -214.09 -1244.87
2619 -305.2 1166.38
2620 538.79 756.214
2621 54.17 -1311.98
2622 -259.51 -1209.82
2623 -605.31 -517.143
2624 401.39 -1043.35
2625 -481.15 -898.341
2626 306.13 1165.41
2627 -583.95 607.493
2628 380.59 1074.08
2629 -143.47 -1284.8
2630 15.52 1316.08
2631 -397.69 1049
2632 360.87 1100.97
2633 95.52 -1302.51
2634 235.89 -1229.01
2635 -588.16 591.024
2636 -254.59 1213.99
2637 277.99 1193.28
2638 589.52 585.579
2639 -8.46 1316.34
2640 110.43 -1297.79
2641 -632.7 -363.044
2642 206.15 1250.22
2643 134.38 -1288.72
2644 340.27 -1126.9
2645 642.31 287.731
2646 -337.47 1130.26
2647 -164.63 1274.61
2648 25.56 1315.46
2649 134.34 -1288.74
2650 -447.69 965.056
2651 188.39 -1261.38
2652 378.13 -1077.55
2653 -618.4 450.959
2654 -508.03 837.054
2655 99.92 -1301.19
2656 -223.71 -1238.08
2657 -179.03 -1266.82
2658 510.86 830.136
2659 -632.27 366.028
2660 28.72 1315.2
2661 -341.23 -1125.74
2662 -651.48 -187.971
2663 -4.35 1316.42
2664 469.33 923.014
2665 -617.84 -454.018
2666 -380.03 -1074.87
2667 319.99 -1150.42
2668 18.74 -1315.92
2669 414.29 -1022.98
2670 -508.6 835.669
2671 412.1 1026.51
2672 409 1031.46
2673 47.44 1313.03
2674 -429.31 997.903
2675 269.35 1201.18
2676 -480.44 899.86
2677 -432.51 992.36
2678 290.18 -1181.62
2679 388.53 -1062.65
2680 203.89 1251.7
2681 493.47 -871.199
2682 -478.12 904.789
2683 497.02 -863.089
2684 -201.02 -1253.56
2685 -59.2 1311.11
2686 171.46 -1271
2687 -103.5 -1300.07
2688 34.35 1314.66
2689 126.38 -1291.96
2690 -314.9 -1156.02
2691 319.09 -1151.42
2692 -131.69 -1289.83
2693 404.19 1039.02
2694 -482.91 -894.556
2695 -488.71 881.866
2696 381.42 -1072.9
2697 231.54 -1232.31
2698 320.09 -1150.31
2699 317.33 -1153.36
2700 18.49 1315.93
2701 551.2 719.55
2702 -353.56 1110.41
2703 -492.56 873.256
2704 357.62 -1105.2
2705 339.08 -1128.33
2706 48.3 -1312.9
2707 314.17 1156.82
2708 523.77 -797.307
2709 -38.7 -1314.17
2710 -176.05 -1268.49
2711 172.18 1270.61
2712 -172.08 1270.67
2713 653.86 -151.348
2714 101.57 1300.68
2715 380.71 -1073.91
2716 195.5 1257.04
2717 26.91 -1315.35
2718 17.41 -1315.99
2719 471.89 917.778
2720 239.69 1226.06
2721 564.26 -677.85
2722 -487.64 -884.232
2723 102.55 1300.37
2724 471.18 -919.236
2725 -411.95 -1026.76
2726 413.57 1024.15
2727 -199.44 1254.56
2728 -310.63 1160.64
2729 -370.26 1088.42
2730 76.61 1307.5
2731 -376.72 -1079.52
2732 196.27 1256.56
2733 507.84 -837.515
2734 -526.96 788.854
2735 -223.78 -1238.03
2736 -285.87 -1185.81
2737 64.56 1310.1
2738 222.48 -1238.97
2739 -276.93 1194.27
2740 -266.58 -1203.65
2741 328.53 1140.75
2742 -325.42 1144.31
2743 80.85 1306.48
2744 558.19 -697.663
2745 194.54 1257.64
2746 28.58 -1315.21
2747 216.86 1242.95
2748 -167.23 -1273.25
2749 -167.65 -1273.03
2750 -32.01 -1314.89
2751 -348.47 -1116.83
2752 635.83 340.468
2753 65.72 1309.87
2754 -405.18 1037.48
2755 -421.93 -1010.41
2756 527.92 -786.282
2757 517.67 813.086
2758 -551.65 718.169
2759 282.5 1189.04
2760 389.98 -1060.52
2761 602.22 -531.378
2762 328.41 -1140.89
2763 -383.86 1069.41
2764 618.4 -450.959
2765 242.98 -1223.47
2766 139.38 1286.6
2767 206.01 1250.31
2768 -546.4 -734.048
2769 28.05 1315.25
2770 592.36 -574
2771 144.48 1284.34
2772 19.39 1315.88
2773 194.04 1257.95
2774 -91.25 -1303.74
2775 230.26 -1233.27
2776 147.6 1282.92
2777 529.83 781.126
2778 -238.86 -1226.71
2779 -99.89 -1301.2
2780 280.58 -1190.86
2781 464.45 932.836
2782 -341.96 1124.85
2783 -509.97 -832.322
2784 66.68 1309.68
2785 36.29 -1314.45
2786 182.72 1264.71
2787 -375.89 -1080.68
2788 -436.5 985.347
2789 -297.14 1174.68
2790 510.88 830.087
2791 151.67 1281.02
2792 -479.74 901.352
2793 159 1277.46
2794 -192.35 -1258.99
2795 230.66 -1232.97
2796 477.96 -905.127
2797 67.12 -1309.59
2798 559.12 694.678
2799 -138.91 1286.8
2800 499 -858.507
2801 -567.27 -667.725
2802 -488.19 883.018
2803 242.18 -1224.11
2804 -23.28 -1315.63
2805 271.21 -1199.51
2806 170.79 1271.36
2807 257.04 -1211.92
2808 -14.35 -1316.14
2809 339.57 -1127.74
2810 -16.58 1316.03
2811 -641.97 290.751
2812 9.21 1316.32
2813 -473.22 -915.035
2814 531 -777.942
2815 558.75 -695.867
2816 592.75 -572.388
2817 -467.22 927.286
2818 248.54 1219
2819 643.76 274.463
2820 324.48 1145.38
2821 -459.59 942.415
2822 194.26 1257.81
2823 -317.74 -1152.91
2824 -369.99 1088.79
2825 -504.39 -845.814
2826 293.58 -1178.25
2827 176.57 1268.2
2828 568.94 662.017
2829 -326.37 -1143.23
2830 -284.72 1186.92
2831 246.02 1221.04
2832 -119.53 -1294.56
2833 44.95 -1313.38
2834 264.45 -1205.53
2835 -452.84 -955.396
2836 -532.83 -772.921
2837 -17.2 -1316
2838 -478.99 902.946
2839 268.06 1202.34
2840 33.48 -1314.74
2841 -140.31 1286.19
2842 -533.55 770.932
2843 -564.4 677.383
2844 -48.07 1312.93
2845 483.07 -894.21
2846 454.16 -952.886
2847 205.58 -1250.59
2848 514.08 -822.146
2849 -312.19 1158.96
2850 553.18 -713.446
2851 594.01 -567.139
2852 -197.29 -1255.92
2853 215.27 1244.06
2854 -307.7 1163.75
2855 -496.07 -865.272
2856 -626.76 402.151
2857 644.88 -263.737
2858 68.97 -1309.2
2859 435.5 -987.115
2860 96.81 -1302.13
2861 305.15 -1166.44
2862 -648.51 -225.337
2863 -588.43 -589.948
2864 -130.87 1290.17
2865 546.77 732.945
2866 624.48 416.097
2867 -238.81 -1226.75
2868 374.48 -1082.63
2869 503.99 846.767
2870 276.36 -1194.8
2871 653.62 -155.439
2872 150.54 -1281.56
2873 268.18 -1202.23
2874 -254.94 1213.7
2875 468.4 924.902
2876 75.61 -1307.73
2877 -188.74 -1261.17
2878 -355.35 1108.13
2879 -392.56 -1056.7
2880 -612.55 481.838
2881 -562.03 -685.22
2882 -215.94 1243.59
2883 -390.62 1059.58
2884 643.32 -278.559
2885 -623.73 420.573
2886 130.96 -1290.13
2887 -449.76 961.198
2888 -212.04 1246.27
2889 -183.73 -1264.12
2890 -412.87 -1025.28
2891 377.23 -1078.81
2892 -342.99 -1123.6
2893 649.13 218.08
2894 -529.12 -783.049
2895 462.3 -937.098
2896 -608 -504.363
2897 -313.64 1157.39
2898 88.58 1304.47
2899 -655.78 113.35
2900 -196.74 1256.27
2901 303.82 1167.82
2902 275.66 1195.44
2903 262.79 1206.98
2904 -494.44 868.996
2905 -258.01 -1211.1
2906 640.93 299.788
2907 93.3 -1303.16
2908 -80.87 -1306.48
2909 301 1170.74
2910 -488.22 882.951
2911 558.13 -697.855
2912 -414.75 1022.24
2913 274 1196.97
2914 526.51 -790.055
2915 -112.13 -1297.21
2916 -351.56 1112.95
2917 -330.31 -1138.69
2918 -498.14 -860.502
2919 -60.59 1310.86
2920 -207.88 1249.07
2921 655.89 110.775
2922 465.86 930.019
2923 -329.23 1139.94
2924 198.18 1255.36
2925 -601.82 533.187
2926 -376.93 1079.23
2927 402.05 1042.33
2928 371.77 -1086.36
2929 -26.2 1315.41
2930 330.62 -1138.33
2931 -204.73 -1251.15
2932 -222.9 1238.67
2933 351.26 -1113.33
2934 -155.63 1279.12
2935 130.45 1290.34
2936 533.72 770.461
2937 -32.35 1314.86
2938 345.17 1120.92
2939 -546.55 -733.601
2940 279.48 1191.89
2941 651.23 191.405
2942 245.91 -1221.13
2943 445.78 968.586
2944 557.33 -700.408
2945 -410.08 -1029.75
2946 464.65 932.437
2947 -375.63 -1081.04
2948 473.33 -914.807
2949 249.39 -1218.3
2950 73.92 1308.12
2951 503.27 848.478
2952 -528.84 783.805
2953 577.53 631.565
2954 -359.52 1102.73
2955 -34.03 -1314.69
2956 202.86 1252.37
2957 -236.47 1228.56
2958 -536.88 761.628
2959 -469.39 922.892
2960 -408.67 -1031.99
2961 -646.36 -248.823
2962 71.18 -1308.73
2963 222.03 -1239.29
2964 -443.68 -972.435
2965 194.78 -1257.49
2966 612.27 483.259
2967 -565.38 674.107
2968 -395.96 1051.62
2969 449.19 962.264
2970 613.59 476.516
2971 510.65 -830.653
2972 -443.11 -973.474
2973 -656.86 -84.7206
2974 -281.68 1189.82
2975 -532.89 772.755
2976 -156.08 1278.9
2977 -583.43 -609.488
2978 216.55 -1243.17
2979 -496.28 -864.79
2980 -7.53 -1316.36
2981 140.21 1286.24
2982 -81.57 1306.3
2983 -321.49 -1148.74
2984 -469.97 921.711
2985 -189.58 1260.66
2986 172.32 -1270.54
2987 -272.58 -1198.26
2988 378.34 -1077.25
2989 19.98 -1315.84
2990 324.9 -1144.9
2991 37.28 -1314.34
2992 -112.98 -1296.91
2993 313.66 -1157.37
2994 512.86 825.189
2995 -147.78 -1282.84
2996 380.71 1073.91
2997 -198.4 1255.22
2998 -475.73 -909.814
2999 602.18 531.559
3000 329.97 1139.09
3001 311.64 -1159.55
3002 -360.89 1100.94
3003 -262.8 -1206.97
3004 364.72 1095.88
3005 -251.34 1216.7
3006 -455.56 950.21
3007 475.44 -910.42
3008 -545.92 -735.475
3009 -225.55 1236.75
3010 -10.6 1316.28
3011 218.12 1242.07
3012 20.78 1315.79
3013 -467.66 -926.399
3014 -215.77 1243.71
3015 44.59 1313.42
3016 -143.69 -1284.7
3017 -27.39 1315.31
3018 -587.29 -594.474
3019 576.22 636.333
3020 -633.18 -359.681
3021 -425.07 1005.14
3022 337.64 -1130.06
3023 -444.9 -970.203
3024 -402.5 -1041.64
3025 -65.29 1309.96
3026 200.1 1254.14
3027 220.1 1240.67
3028 -284.72 -1186.92
3029 -560.17 691.286
3030 293.66 -1178.17
3031 -512.1 -827.074
3032 481.69 897.183
3033 -253.79 -1214.66
3034 -91.19 1303.75
3035 -319.65 1150.8
3036 222.98 -1238.61
3037 527.29 787.971
3038 -430.97 995.036
3039 -440.98 977.335
3040 473.33 -914.807
3041 499.67 856.947
3042 428.59 999.14
3043 -241.89 1224.33
3044 -58.75 -1311.19
3045 443.41 -972.928
3046 85.51 -1305.29
3047 444.72 -970.533
3048 232.42 1231.65
3049 -35.91 -1314.49
3050 43.94 -1313.51
3051 -270.66 1200
3052 444.15 971.577
3053 244.06 1222.61
3054 -424.78 1005.63
3055 -421.3 1011.47
3056 569.45 660.261
3057 101.8 -1300.61
3058 205.97 -1250.34
3059 -469.71 -922.241
3060 -485.67 888.559
3061 199.01 -1254.84
3062 -121.82 1293.71
3063 387.31 -1064.43
3064 -591.26 578.519
3065 476.36 -908.495
3066 -362.27 -1099.13
3067 -123.48 -1293.08
3068 -635.76 -340.991
3069 -7.58 1316.36
3070 -653.93 150.133
3071 -67.64 1309.48
3072 -64.38 -1310.14
3073 66.25 1309.76
3074 624.65 -415.075
3075 482.32 895.828
3076 392.18 -1057.27
3077 -439.74 979.568
3078 -102.19 -1300.49
3079 -230.97 -1232.74
3080 204 -1251.63
3081 -65.2 1309.97
3082 46.26 -1313.19
3083 -591.34 -578.192
3084 279.99 -1191.41
3085 195 1257.35
3086 -99.66 -1301.27
3087 -524.44 -795.543
3088 -294.1 -1177.73
3089 -543.16 -743.604
3090 -115.82 1295.91
3091 -116.76 -1295.57
3092 125.96 -1292.12
3093 535.78 764.72
3094 456.49 948.423
3095 440.38 978.417
3096 -615.32 -467.507
3097 376.07 1080.43
3098 465.13 -931.48
3099 202.25 1252.76
3100 291.98 -1179.84
3101 33.26 -1314.77
3102 500.22 855.662
3103 402.25 -1042.03
3104 -502.57 -850.136
3105 -70.84 1308.8
3106 556.91 -701.743
3107 378.94 -1076.41
3108 -634.67 -349.018
3109 -419.8 1013.96
3110 274.81 -1196.23
3111 -55.22 1311.81
3112 -135.74 -1288.15
3113 253.09 1215.24
3114 301.66 1170.06
3115 212.94 -1245.66
3116 -530.41 -779.55
3117 -347.24 1118.36
3118 497.38 862.259
3119 616.92 -458.995
3120 -242.53 1223.83
3121 -148.03 -1282.73
3122 -450.17 960.43
3123 -577.94 -630.063
3124 99.59 1301.29
3125 -439.12 -980.68
3126 372.42 -1085.47
3127 553.77 711.613
3128 313.78 -1157.24
3129 -117.57 1295.28
3130 167.4 1273.16
3131 -97.22 -1302.01
3132 -559.34 -693.969
3133 -79.97 -1306.7
3134 -67.82 -1309.44
3135 328.51 -1140.77
3136 584.38 605.837
3137 115.29 1296.1
3138 -228.74 -1234.4
3139 -282.35 1189.18
3140 347.42 -1118.14
3141 -350.28 1114.56
3142 -307.18 1164.3
3143 44.34 1313.46
3144 433.88 -989.965
3145 151.93 -1280.9
3146 339.98 1127.25
3147 599.87 -541.906
3148 -233.39 1230.92
3149 395.91 1051.69
3150 -78.82 -1306.98
3151 -492.17 874.135
3152 119.49 1294.58
3153 -68.96 -1309.2
3154 260.51 -1208.96
3155 -406.29 -1035.74
3156 -635.88 -340.095
3157 -315.23 -1155.66
3158 -307.62 1163.84
3159 268.81 1201.67
3160 316.37 1154.42
3161 617.69 454.834
3162 263.5 1206.36
3163 -122.67 1293.39
3164 -584.66 604.755
3165 -91.78 1303.59
3166 249.57 1218.15
3167 326.39 1143.2
3168 89.05 -1304.35
3169 -424.28 -1006.47
3170 -607.95 -504.604
3171 19.95 -1315.84
3172 -287.58 -1184.16
3173 53.54 -1312.09
3174 -20.16 1315.83
3175 -272.85 1198.02
3176 305.52 1166.05
3177 -458.15 945.215
3178 -633.64 356.426
3179 -407.39 -1034.01
3180 484.81 890.435
3181 596.24 557.7
3182 -575.84 -637.708
3183 -504.13 846.433
3184 -489.04 -881.134
3185 94.1 -1302.93
3186 -383.59 1069.8
3187 328.92 1140.3
3188 -245.3 1221.62
3189 401.38 1043.37
3190 -407.97 1033.09
3191 581.43 -617.085
3192 -532.95 772.59
3193 -526.03 791.333
3194 334.85 -1133.38
3195 544.06 740.967
3196 -587.45 -593.842
3197 56.56 1311.58
3198 245.31 -1221.61
3199 -584.72 604.523
3200 531.56 -776.411
3201 -654.81 -133.915
3202 -316.41 -1154.37
3203 461.93 -937.828
3204 -447.94 -964.592
3205 294.6 1177.23
3206 -274.74 1196.29
3207 -654.91 131.945
3208 616.22 462.741
3209 404.86 -1037.97
3210 118.69 -1294.87
3211 513.07 -824.666
3212 249.19 1218.46
3213 521.92 802.145
3214 170.91 1271.3
3215 33.66 -1314.73
3216 -513.78 822.896
3217 -330.39 1138.6
3218 470.38 920.874
3219 -521.06 -804.378
3220 -496.35 864.63
3221 -185.18 1263.28
3222 91.05 -1303.79
3223 -127.86 1291.37
3224 473.15 915.18
3225 -455.28 -950.746
3226 -269.82 -1200.76
3227 194.7 -1257.54
3228 595.99 558.768
3229 -364.03 -1096.8
3230 -470.98 -919.646
3231 54.46 1311.94
3232 117.77 1295.21
3233 628.83 -389.01
3234 -385.09 -1067.64
3235 -143.99 1284.56
3236 -548.62 727.394
3237 -518.73 -810.379
3238 -51.24 1312.45
3239 -420.36 1013.03
3240 -366.47 -1093.54
3241 627.28 -398.895
3242 -90.35 -1303.99
3243 -320.86 1149.45
3244 -176.25 1268.38
3245 446.45 967.351
3246 -507.11 -839.283
3247 214.02 1244.92
3248 -516.58 -815.854
3249 569.18 -661.192
3250 -234.87 -1229.79
3251 629.02 387.78
3252 311.28 -1159.94
3253 649.74 210.688
3254 -146.73 1283.32
3255 591.38 578.028
3256 426 -1003.56
3257 578.42 628.299
3258 -236.84 -1228.28
3259 306.77 -1164.73
3260 184.71 -1263.55
3261 302.68 1169.01
3262 -366.65 -1093.3
3263 -184.87 -1263.46
3264 -347.19 -1118.42
3265 232.23 1231.79
3266 641.96 -290.839
3267 460.51 940.617
3268 -555.1 -707.456
3269 -279.99 -1191.41
3270 -404.02 1039.28
3271 -287.17 -1184.56
3272 517.75 812.882
3273 -218.6 1241.73
3274 -368.56 1090.73
3275 -485.87 888.121
3276 629.54 -384.39
3277 378.11 1077.58
3278 216.15 -1243.44
3279 41.2 -1313.87
3280 -34.98 1314.59
3281 471.33 918.929
3282 624.28 417.296
3283 -456.64 -948.134
3284 269.66 1200.9
3285 558.54 -696.542
3286 -250.17 1217.66
3287 389.59 -1061.09
3288 -239.2 -1226.45
3289 -35.83 1314.5
3290 -356.81 1106.25
3291 109.8 1298
3292 -216.52 -1243.19
3293 37.12 -1314.35
3294 -414.48 1022.67
3295 31.29 1314.96
3296 435.77 986.639
3297 256.92 1212.03
3298 613.24 -478.314
3299 395.34 1052.55
3300 231.68 1232.21
3301 -487.31 884.96
3302 133.39 -1289.13
3303 345.67 1120.31
3304 645.77 -254.877
3305 434.72 -988.49
3306 -507.92 837.321
3307 488.41 -882.531
3308 96.3 -1302.28
3309 515.25 819.212
3310 -160.94 1276.49
3311 -35.86 1314.49
3312 262.85 -1206.93
3313 459.71 -942.181
3314 -425.06 -1005.15
3315 80.09 1306.67
3316 292.85 -1178.98
3317 -345.99 -1119.91
3318 280.6 1190.84
3319 645.39 -258.698
3320 -160.2 1276.86
3321 188.3 1261.43
3322 452.05 956.891
3323 200.44 1253.93
3324 438.1 982.503
3325 224.55 1237.48
3326 -597.55 -552.063
3327 328.37 -1140.93
3328 641.46 295.219
3329 485.57 888.777
3330 604.52 -520.826
3331 -533.01 772.424
3332 100.36 1301.06
3333 446.43 -967.388
3334 -252.4 -1215.82
3335 473.55 -914.352
3336 228.6 -1234.51
3337 334.97 1133.23
3338 274.58 -1196.44
3339 -143.73 1284.68
3340 109.18 -1298.21
3341 -331.87 -1136.88
3342 499.16 -858.135
3343 525.43 -792.926
3344 521.9 -802.197
3345 255.61 -1213.13
3346 -116.18 1295.78
3347 -47.97 1312.95
3348 48.48 1312.87
3349 -88.78 1304.42
3350 117.3 1295.38
3351 642.7 284.226
3352 188.79 -1261.14
3353 484.66 890.762
3354 -453.7 -953.763
3355 -495.03 -867.651
3356 -175.21 -1268.95
3357 -91.78 -1303.59
3358 573.09 -647.541
3359 -247.65 1219.72
3360 -607.5 -506.767
3361 592.67 572.719
3362 -387.69 -1063.87
3363 -92.9 1303.27
3364 503.22 -848.597
3365 167.6 1273.06
3366 -256.55 1212.34
3367 -611.21 -488.597
3368 -250.54 1217.36
3369 -416.65 1019.14
3370 -246.77 1220.43
3371 -159.6 1277.16
3372 -177.48 1267.69
3373 -102.6 1300.36
3374 460.4 -940.832
3375 -456.75 -947.922
3376 347.27 -1118.33
3377 -557.65 -699.388
3378 129.38 1290.77
3379 -426.92 1002
3380 532.58 773.61
3381 -254.13 -1214.38
3382 -543.77 741.818
3383 235.33 1229.44
3384 -161.94 -1275.99
3385 119.3 -1294.65
3386 563.47 680.473
3387 353.66 1110.29
3388 239.63 -1226.11
3389 -136.47 -1287.84
3390 -252.86 1215.44
3391 538.31 757.58
3392 -578.99 626.195
3393 65.62 1309.89
3394 -97.59 1301.9
3395 -481.14 -898.362
3396 416.35 1019.63
3397 -120.8 -1294.09
3398 554.17 -710.366
3399 -612.03 -484.474
3400 -362.55 1098.76
3401 362.01 1099.47
3402 460.47 940.695
3403 -177.4 1267.74
3404 -234.45 1230.11
3405 472.95 -915.593
3406 343.18 -1123.36
3407 -501.92 851.671
3408 -190.82 1259.92
3409 -158.28 1277.82
3410 -173.22 -1270.05
3411 -110.21 -1297.86
3412 184.42 -1263.72
3413 281.61 1189.88
3414 -288.61 1183.15
3415 367.36 -1092.35
3416 637.15 330.45
3417 306.5 1165.02
3418 -387.04 -1064.82
3419 111.93 1297.28
3420 -624.09 -418.431
3421 -511.91 -827.545
3422 -313.69 -1157.34
3423 -259.92 -1209.46
3424 -377.26 -1078.77
3425 453.77 953.629
3426 312.58 1158.54
3427 331.07 -1137.81
3428 -10.99 -1316.27
3429 -177.06 -1267.93
3430 125.3 -1292.38
3431 218.27 1241.96
3432 469.47 922.729
3433 23.38 -1315.62
3434 24.9 1315.51
3435 398.95 1047.09
3436 -263.53 -1206.34
3437 -310.28 -1161.01
3438 -344.16 -1122.16
3439 -555.98 704.686
3440 -446.01 -968.162
3441 148.5 -1282.51
3442 -470.61 920.404
3443 202.85 -1252.38
3444 323.76 1146.19
3445 -425 1005.26
3446 525.42 792.952
3447 294.66 -1177.17
3448 0.25 1316.45
3449 338.73 -1128.75
3450 -454.52 -952.2
3451 -623.21 423.645
3452 350.23 -1114.63
3453 -646.22 -250.273
3454 -67.65 1309.48
3455 307.77 -1163.68
3456 -194.82 -1257.47
3457 -41.37 1313.85
3458 -139.52 1286.54
3459 -500.25 -855.592
3460 -294.13 1177.7
3461 652.93 166.636
3462 -130.44 1290.34
3463 -163.64 -1275.12
3464 -427.42 -1001.14
3465 -288.67 -1183.1
3466 -455.86 949.634
3467 -186.02 1262.78
3468 -447.42 -965.556
3469 268.22 -1202.19
3470 513.91 -822.571
3471 -624 -418.968
3472 88.98 -1304.37
3473 -346.99 1118.67
3474 -284.85 1186.79
3475 -187.37 1261.99
3476 -518.5 -810.968
3477 409.72 1030.32
3478 -194.66 1257.56
3479 -492.6 -873.166
3480 -635.77 -340.916
3481 -111.18 1297.53
3482 161.05 1276.44
3483 168.1 1272.8
3484 -81.56 1306.3
3485 627.09 -400.088
3486 486.91 885.84
3487 474.89 -911.568
3488 632.37 -365.336
3489 -440.88 977.516
3490 -361.68 1099.9
3491 340.43 -1126.71
3492 -411 1028.28
3493 6.87 -1316.38
3494 -298.15 1173.65
3495 -8.83 1316.33
3496 -434.04 -989.684
3497 16.67 -1316.03
3498 607.22 -508.108
3499 640.14 306.465
3500 -383.65 1069.71
3501 -351.64 1112.85
3502 -510.1 -832.003
3503 251.06 -1216.93
3504 231 -1232.72
3505 425.26 -1004.82
3506 -324.24 1145.65
3507 -446.43 -967.388
3508 -543.55 742.463
3509 461.76 938.162
3510 -345.19 1120.9
3511 171.59 -1270.93
3512 -361.65 1099.94
3513 -69.95 -1308.99
3514 -122.56 -1293.43
3515 252.57 1215.68
3516 429.06 998.333
3517 132.44 1289.53
3518 147.13 1283.14
3519 -447.48 965.445
3520 467.88 925.954
3521 -570.02 658.291
3522 -436.3 985.701
3523 -438.77 981.306
3524 -623.23 423.527
3525 -242.4 1223.93
3526 -2.06 -1316.44
3527 606.79 -510.158
3528 -138.22 -1287.1
3529 -171.08 1271.21
3530 339.04 -1128.38
3531 -328.76 1140.48
3532 221.33 1239.79
3533 -448.91 962.786
3534 -295.03 1176.8
3535 300.22 1171.54
3536 -231.72 -1232.18
3537 374.81 -1082.18
3538 247.35 1219.96
3539 314.97 -1155.95
3540 -420.38 1013
3541 -560.28 690.929
3542 -557.77 699.005
3543 426.02 1003.53
3544 -544.48 739.732
3545 68.19 -1309.37
3546 -565.71 672.998
3547 -104.66 1299.7
3548 -172.43 -1270.48
3549 219.18 -1241.32
3550 -653.42 -158.767
3551 7.99 1316.35
3552 -129.93 -1290.55
3553 488.02 883.393
3554 -514.54 -820.995
3555 -484.23 -891.697
3556 -329.98 -1139.07
3557 -363.34 -1097.71
3558 533.11 -772.148
3559 629 -387.91
3560 -164.1 1274.88
3561 -135.44 1288.28
3562 174.8 1269.18
3563 194 -1257.97
3564 -602.96 528.01
3565 -380.72 -1073.89
3566 -485.49 888.952
3567 142.49 -1285.23
3568 36.04 -1314.47
3569 65.02 -1310.01
3570 234.86 1229.8
3571 307.94 -1163.5
3572 -496.05 -865.318
3573 -350.49 1114.3
3574 -645.73 -255.282
3575 -571.3 -653.837
3576 -543.84 -741.613
3577 122.59 -1293.42
3578 70.2 1308.94
3579 -210.62 -1247.23
3580 -414.53 1022.59
3581 19.36 -1315.88
3582 -349.09 1116.06
3583 -527.15 788.346
3584 35.07 1314.58
3585 354.91 -1108.69
3586 345.37 -1120.68
3587 645.94 -253.148
3588 303.96 -1167.68
3589 510.52 830.972
3590 539.66 753.728
3591 245.95 1221.09
3592 383.87 1069.4
3593 -160.69 1276.62
3594 389.44 1061.31
3595 357.08 -1105.9
3596 444.31 -971.284
3597 130.15 -1290.46
3598 -215.06 1244.2
3599 -386.61 -1065.44
3600 51.81 1312.36
3601 -413.02 1025.03
3602 152.65 -1280.56
3603 -385.8 -1066.62
3604 495.41 -866.783
3605 430.26 996.265
3606 413.16 1024.81
3607 329.93 1139.13
3608 651.65 185.599
3609 -403.07 1040.76
3610 -452.8 955.472
3611 208.89 -1248.4
3612 39.16 1314.12
3613 253.75 -1214.69
3614 412.26 -1026.26
3615 201.29 -1253.38
3616 -633.74 355.714
3617 -390.5 1059.75
3618 117.49 -1295.31
3619 -118.68 -1294.87
3620 -207.6 -1249.26
3621 614.4 -472.322
3622 -230.05 1233.43
3623 96.42 1302.25
3624 374.19 1083.04
3625 136.81 1287.7
3626 50.85 1312.51
3627 -560.63 -689.793
3628 -170.77 -1271.37
3629 -63.83 1310.24
3630 -277.95 1193.32
3631 -206.93 -1249.7
3632 -612.25 -483.361
3633 -601.12 536.336
3634 598.29 548.848
3635 -402.2 1042.1
3636 -443.12 -973.456
3637 127.7 -1291.44
3638 134.36 -1288.73
3639 417.78 1017.29
3640 374.55 1082.54
3641 -457.45 946.571
3642 -217.38 1242.59
3643 -312.52 -1158.6
3644 338.61 -1128.9
3645 -49.92 -1312.66
3646 -305.72 1165.84
3647 -384.79 -1068.08
3648 -368.1 -1091.35
3649 334.17 1134.18
3650 -401.68 1042.9
3651 429.74 -997.162
3652 374.74 1082.27
3653 -427.76 -1000.56
3654 375.69 -1080.96
3655 205.28 1250.79
3656 401.8 -1042.72
3657 -9.62 -1316.31
3658 556.88 701.838
3659 549.87 -723.609
3660 -52.41 1312.27
3661 -0.45 1316.45
3662 -561.94 -685.516
3663 375.12 -1081.75
3664 41.11 -1313.88
3665 119.23 1294.67
3666 392.62 -1056.62
3667 258.97 1210.28
3668 -194.44 1257.7
3669 642.91 282.32
3670 48.15 -1312.92
3671 410.23 -1029.51
3672 -212.59 1245.9
3673 -640.12 -306.632
3674 -340.85 1126.2
3675 311.39 1159.82
3676 -253.16 -1215.19
3677 162.35 -1275.78
3678 -75.27 1307.81
3679 11.53 1316.25
3680 614.8 -470.236
3681 312.77 -1158.33
3682 154.21 1279.81
3683 -204.34 -1251.41
3684 -542.42 745.761
3685 537.67 759.396
3686 -85.84 -1305.21
3687 207.75 -1249.16
3688 603.49 525.583
3689 165.47 1274.17
3690 -101.54 -1300.69
3691 -115.63 1295.98
3692 517.7 813.01
3693 -553.68 -711.893
3694 -598.68 -547.144
3695 654.86 -132.934
3696 -183.42 1264.3
3697 -234.99 1229.7
3698 62.05 -1310.59
3699 -478.06 -904.916
3700 500.4 855.241
3701 486.75 886.192
3702 -189.32 -1260.82
3703 -130.22 1290.43
3704 -601.08 -536.516
3705 -626.76 402.151
3706 479.66 901.523
3707 -103.43 1300.09
3708 -279.44 1191.93
3709 -463.92 -933.89
3710 -280.95 -1190.51
3711 384.28 -1068.81
3712 -41.25 1313.86
3713 -64.05 -1310.2
3714 657.01 79.9328
3715 40.08 -1314.01
3716 376.43 -1079.93
3717 -435.89 -986.427
3718 426.21 1003.2
3719 253.91 -1214.56
3720 123.41 -1293.1
3721 97.28 1301.99
3722 252.18 1216
3723 -486.76 886.17
3724 -657.73 -51.0177
3725 -47.77 1312.98
3726 -627.72 396.116
3727 -607 509.158
3728 -181.63 -1265.34
3729 110.62 -1297.73
3730 484.58 890.936
3731 178.37 -1267.19
3732 646.27 -249.756
3733 -413.09 1024.92
3734 -267.06 -1203.23
3735 -460.76 -940.127
3736 343.9 1122.48
3737 -8.71 -1316.33
3738 255.55 -1213.18
3739 318.43 -1152.15
3740 -42.2 1313.74
3741 636.38 336.333
3742 550.19 722.635
3743 443.91 -972.015
3744 33.11 1314.78
3745 632.79 -362.416
3746 618.54 450.19
3747 -18.3 1315.94
3748 -583.96 -607.454
3749 -109.71 -1298.03
3750 -126.51 1291.91
3751 448.24 -964.034
3752 165.7 -1274.05
3753 -498.57 859.505
3754 -269.14 1201.37
3755 483.61 -893.042
3756 492.78 872.76
3757 266.36 1203.85
3758 -411.34 -1027.73
3759 -451.35 -958.212
3760 -458.03 945.448
3761 -257.97 -1211.13
3762 -339.04 1128.38
3763 31.5 -1314.94
3764 -367.49 1092.17
3765 298.04 -1173.77
3766 593.44 569.521
3767 281.57 1189.92
3768 -338.65 -1128.85
3769 -52.72 -1312.22
3770 -12.74 1316.2
3771 299.88 1171.89
3772 -195.55 -1257.01
3773 249.92 1217.87
3774 248.9 1218.7
3775 186.63 1262.42
3776 37.91 -1314.26
3777 -72.78 -1308.38
3778 619.06 -447.322
3779 -635.18 345.287
3780 -191.88 1259.27
3781 73.68 -1308.18
3782 -380.32 -1074.46
3783 -309.97 1161.34
3784 -631.77 -369.465
3785 647.32 238.632
3786 -491.75 875.08
3787 -309.35 -1162
3788 -366.49 1093.52
3789 106.97 -1298.95
3790 -252.69 1215.58
3791 642.65 -284.678
3792 -179.83 1266.37
3793 -170.8 -1271.36
3794 -337.52 -1130.2
3795 -350.51 1114.28
3796 159.34 1277.29
3797 -396.38 1050.98
3798 -607.29 507.773
3799 202.14 1252.83
3800 162.2 -1275.85
3801 190.7 -1259.99
3802 239.02 -1226.59
3803 154.22 1279.81
3804 534.7 -767.738
3805 583.91 607.646
3806 -178.94 -1266.87
3807 15.71 1316.07
3808 -128.01 1291.31
3809 -476.91 -907.34
3810 72.04 -1308.54
3811 33.85 1314.71
3812 126.49 -1291.91
3813 -381.78 1072.39
3814 451.69 957.571
3815 -271.02 1199.68
3816 177.56 -1267.65
3817 314.57 -1156.38
3818 -333.39 1135.1
3819 -252.03 1216.13
3820 -525.93 -791.599
3821 -362.32 1099.06
3822 94.34 1302.86
3823 211.32 -1246.76
3824 226.05 -1236.38
3825 -88.61 1304.47
3826 497.98 -860.873
3827 297.49 -1174.32
3828 -502.56 -850.16
3829 404.46 1038.6
3830 -205.32 1250.76
3831 -28.39 -1315.22
3832 64.34 1310.14
3833 -203.72 -1251.81
3834 -600.73 538.081
3835 -435.11 987.803
3836 290.76 1181.05
3837 37.09 1314.36
3838 657.33 -68.6069
3839 -615 469.188
3840 38.52 1314.19
3841 -6.41 1316.39
3842 -204.02 -1251.62
3843 -99.85 1301.21
3844 -385.17 1067.53
3845 544.16 740.674
3846 150.85 -1281.41
3847 -389.29 1061.53
3848 258.02 1211.09
3849 -51.48 1312.42
3850 370.17 -1088.55
3851 -75.53 -1307.75
3852 497.4 -862.213
3853 -414.1 -1023.29
3854 36.94 -1314.37
3855 211.02 1246.96
3856 -405.89 -1036.36
3857 422.57 -1009.34
3858 -249.02 1218.6
3859 39.32 1314.1
3860 -507.44 838.485
3861 233.16 -1231.09
3862 212.4 1246.03
3863 509.48 -833.522
3864 631.15 373.68
3865 -210.62 -1247.23
3866 650.51 -200.96
3867 228.6 -1234.51
3868 336.94 -1130.9
3869 277.89 1193.38
3870 -317.98 -1152.65
3871 186.19 -1262.68
3872 507.96 837.224
3873 -519.8 -807.632
3874 -631.05 -374.355
3875 -220.41 -1240.45
3876 -180.51 -1265.98
3877 623.22 423.586
3878 312.32 -1158.82
3879 163.81 -1275.03
3880 190.21 1260.29
3881 103.68 1300.02
3882 598.8 546.619
3883 -547.42 -731.001
3884 -15.17 -1316.1
3885 625.53 409.74
3886 654.47 140.406
3887 159.4 -1277.26
3888 -220.88 1240.12
3889 -429.91 996.869
3890 -128.86 1290.98
3891 -483.16 894.015
3892 100.43 -1301.04
3893 -470.12 921.405
3894 -127.68 1291.44
3895 362.27 1099.13
3896 -378.02 -1077.7
3897 167.43 1273.15
3898 307.57 -1163.89
3899 89.93 1304.1
3900 -140.88 -1285.94
3901 -120.38 1294.25
3902 524.13 -796.36
3903 505.14 844.021
3904 -622.14 -429.89
3905 -151.23 1281.23
3906 280.33 -1191.09
3907 222.42 1239.01
3908 252.24 1215.95
3909 333.61 -1134.84
3910 -630.33 379.176
3911 326.13 -1143.5
3912 -182.68 -1264.73
3913 -101.81 1300.61
3914 11.9 1316.23
3915 -198.66 1255.06
3916 10.57 -1316.28
3917 63.15 1310.38
3918 -206.26 -1250.15
3919 -621.81 -431.795
3920 -114.2 1296.48
3921 89.31 1304.27
3922 62.77 1310.45
3923 405.58 1036.85
3924 620.31 -440.341
3925 -176.65 1268.15
3926 404.38 -1038.72
3927 17.04 -1316.01
3928 498.04 860.734
3929 490.48 877.927
3930 -84.28 -1305.61
3931 78.31 -1307.1
3932 -244.46 1222.29
3933 100.38 -1301.05
3934 151.19 -1281.25
3935 361.03 1100.76
3936 532.64 -773.444
3937 597.88 550.632
3938 469.63 922.404
3939 -361.16 -1100.59
3940 606.08 -513.523
3941 -518.71 -810.43
3942 -425.18 -1004.95
3943 469.19 923.299
3944 94.56 1302.79
3945 -629.18 386.74
3946 297.69 -1174.12
3947 39.22 1314.11
3948 265.39 1204.7
3949 -524.45 795.517
3950 -392.76 -1056.41
3951 -371.96 1086.1
3952 512.39 -826.356
3953 218.8 -1241.59
3954 -206.3 -1250.12
3955 88.7 1304.44
3956 -81.61 1306.29
3957 -550.44 -721.873
3958 -196.23 -1256.59
3959 175.01 -1269.06
3960 -280.3 1191.12
3961 286.84 1184.88
3962 -582.47 613.15
3963 -405.16 -1037.51
3964 -164.8 1274.52
3965 -361.05 -1100.73
3966 657.97 -36.6024
3967 -272.2 -1198.61
3968 -150.08 -1281.77
3969 -64.27 1310.16
3970 -375.94 -1080.61
3971 -65.63 1309.89
3972 619.57 -444.488
3973 -140.45 1286.13
3974 -64.97 1310.02
3975 -487.7 884.1
3976 -63.79 -1310.25
3977 406.94 1034.72
3978 201.38 -1253.32
3979 60.99 -1310.79
3980 -510.19 831.783
3981 -586.79 596.446
3982 -4.74 1316.41
3983 -592.42 573.753
3984 594.63 -564.534
3985 -178.69 1267.01
3986 -91.29 1303.73
3987 -414.04 -1023.39
3988 381.37 -1072.97
3989 499.03 -858.437
3990 593.53 -569.145
3991 635.66 341.736
3992 -524.8 -794.593
3993 -533.9 -769.962
3994 61.63 -1310.67
3995 549.84 -723.7
3996 -76.04 -1307.64
3997 -575.24 -639.87
3998 -36.11 -1314.47
3999 -543.76 -741.848
4000 -227.41 1235.39
4001 391.56 -1058.19
4002 -134.31 1288.75
4003 -384.73 -1068.16
4004 -276.78 -1194.41
4005 -533.44 771.236
4006 -635.9 -339.945
4007 647.96 231.58
4008 318.55 1152.02
4009 468.07 -925.57
4010 -190 1260.41
4011 304.03 -1167.6
4012 390.47 -1059.8
4013 -454.05 -953.096
4014 -80.72 -1306.51
4015 -213.56 1245.23
4016 -334.31 -1134.01
4017 -224.72 -1237.35
4018 -608.35 -502.672
4019 550.56 -721.507
4020 -201.9 1252.99
4021 465.41 930.92
4022 351.22 1113.38
4023 -654.68 -136.434
4024 -323.12 1146.91
4025 -656.25 -101.89
4026 578.37 -628.483
4027 -165.51 1274.15
4028 -611.95 484.878
4029 -637.79 325.474
4030 -438.29 -982.164
4031 -589.34 586.303
4032 437.05 -984.371
4033 464.21 -933.314
4034 49.06 1312.79
4035 -474.84 911.672
4036 -262.04 1207.63
4037 395.02 -1053.03
4038 -515.26 -819.186
4039 -283.3 -1188.28
4040 128.24 -1291.22
4041 588.56 589.429
4042 -303.8 -1167.84
4043 631.93 -368.369
4044 401.48 1043.21
4045 -312.2 1158.95
4046 -268.12 -1202.28
4047 564.59 676.75
4048 110.32 -1297.83
4049 -171.64 1270.9
4050 -641.11 -298.244
4051 365.66 -1094.63
4052 -159.19 1277.37
4053 -24.42 1315.54
4054 616.03 -463.752
4055 -592.65 572.802
4056 262.05 -1207.62
4057 551.07 719.948
4058 -270.24 -1200.38
4059 -31.52 1314.94
4060 124.21 1292.8
4061 -328.58 -1140.69
4062 -227.48 -1235.33
4063 567.49 666.977
4064 -496.8 863.595
4065 -373.98 -1083.33
4066 15.88 -1316.07
4067 342.51 -1124.18
4068 -45.46 -1313.31
4069 -336.92 1130.92
4070 145.24 1284
4071 -256.64 -1212.26
4072 253.2 -1215.15
4073 438.71 -981.413
4074 438.61 981.592
4075 -305.89 -1165.66
4076 -4.26 1316.42
4077 459.83 -941.947
4078 224.24 1237.7
4079 104.74 -1299.68
4080 543.54 742.492
4081 -556.2 -703.992
4082 508.39 836.18
4083 171.85 1270.79
4084 616.42 461.675
4085 -96.68 1302.17
4086 -211.77 -1246.46
4087 -526.76 789.388
4088 -625.19 -411.81
4089 428.83 998.728
4090 627.18 -399.523
4091 337.96 -1129.68
4092 238.23 -1227.2
4093 206.98 -1249.67
4094 -153.69 1280.06
4095 -226.67 1235.93
4096 451.42 958.08
4097 -224.76 -1237.32
4098 159.76 -1277.08
4099 301.87 -1169.84
4100 -330 1139.05
4101 389.39 1061.39
4102 388.19 1063.14
4103 270.06 1200.54
4104 -434.74 988.455
4105 4.84 -1316.41
4106 -253.76 1214.69
4107 218.22 -1242
4108 628.61 390.43
4109 -393.16 1055.81
4110 -274.6 -1196.42
4111 -467.99 925.732
4112 213.52 1245.26
4113 -19.58 -1315.87
4114 367.52 1092.13
4115 209.27 1248.14
4116 648 -231.132
4117 -192.01 1259.19
4118 -374.55 1082.54
4119 504.79 -844.859
4120 -314.59 1156.36
4121 -470.09 -921.466
4122 263.8 1206.1
4123 -630.91 -375.297
4124 -74.94 1307.89
4125 -65.59 -1309.9
4126 171.52 1270.97
4127 147.18 1283.12
4128 -565.8 672.696
4129 232.17 1231.84
4130 106.15 -1299.22
4131 -517.74 -812.908
4132 -540.31 -751.863
4133 -213.58 -1245.22
4134 -465.58 930.58
4135 -66.58 -1309.7
4136 -298.45 1173.35
4137 137.9 1287.23
4138 -422.18 -1010
4139 -115.41 1296.06
4140 268.74 1201.73
4141 459.81 -941.986
4142 -189.07 1260.97
4143 -637.57 -327.194
4144 -160.4 1276.76
4145 441.06 977.191
4146 372.82 1084.92
4147 564.71 676.349
4148 -241.21 -1224.87
4149 -395.91 1051.69
4150 217.59 -1242.44
4151 20.82 -1315.79
4152 585.22 602.584
4153 -510.1 832.003
4154 -426.36 -1002.95
4155 -60.46 1310.88
4156 445.49 -969.119
4157 -436.98 -984.496
4158 182.1 1265.07
4159 -246.65 1220.53
4160 165.82 1273.99
4161 394.25 1054.18
4162 -133.67 -1289.02
4163 233.89 -1230.54
4164 -598.98 545.829
4165 30.02 -1315.08
4166 -219.11 1241.37
4167 148.69 -1282.42
4168 575.71 -638.177
4169 -606.33 -512.341
4170 -7.48 1316.36
4171 363.89 -1096.98
4172 -122.41 -1293.48
4173 478.58 -903.816
4174 405.49 1036.99
4175 -63.52 -1310.3
4176 512.76 -825.437
4177 -190.99 1259.81
4178 -630.43 378.51
4179 -407.79 1033.38
4180 -267.47 -1202.86
4181 -78.57 -1307.04
4182 -519.89 807.4
4183 -512.18 -826.876
4184 -217.05 -1242.82
4185 -60.86 1310.81
4186 -65.09 1310
4187 17.23 1316
4188 -354.25 1109.53
4189 251.78 -1216.33
4190 -304.92 -1166.68
4191 -640.54 -303.104
4192 -646.4 248.407
4193 456.16 -949.057
4194 -303.71 1167.94
4195 -439.53 -979.945
4196 -235.63 -1229.21
4197 569.12 -661.398
4198 -582.2 -614.175
4199 -153.61 1280.1
4200 -238.15 1227.26
4201 -494.81 -868.153
4202 319.96 -1150.45
4203 -455.03 951.225
4204 -372.13 1085.87
4205 515.7 818.078
4206 561.8 -685.974
4207 55.67 1311.73
4208 504.29 846.052
4209 -525.13 793.72
4210 216.45 -1243.24
4211 -503.72 -847.409
4212 420.05 1013.54
4213 524.29 -795.938
4214 -631.65 -370.285
4215 -649.67 211.55
4216 600.22 -540.353
4217 238.88 -1226.7
4218 240.85 1225.15
4219 -572.95 648.036
4220 519.43 -808.584
4221 75.67 1307.72
4222 -501.26 853.224
4223 120.11 1294.35
4224 85.34 1305.34
4225 -313.2 1157.87
4226 624.17 417.953
4227 -247.41 -1219.91
4228 -61.54 -1310.68
4229 339.24 1128.14
4230 188.67 1261.21
4231 196.47 1256.44
4232 -199.43 1254.57
4233 478.54 903.9
4234 -172.84 -1270.25
4235 621.96 430.93
4236 58.07 -1311.32
4237 -320.01 -1150.4
4238 -495.92 865.616
4239 -83.59 -1305.79
4240 575.68 -638.285
4241 -214.63 -1244.5
4242 -162.15 -1275.88
4243 180.28 -1266.11
4244 -96.34 1302.27
4245 580.94 -618.929
4246 -580.29 -621.363
4247 -424.05 1006.86
4248 -621.65 -432.716
4249 97.93 -1301.8
4250 432.33 -992.674
4251 -440.81 -977.642
4252 -238.01 1227.37
4253 286.22 -1185.47
4254 47.55 -1313.01
4255 -226.36 1236.16
4256 -168.32 1272.68
4257 -497.61 861.728
4258 416.17 1019.93
4259 24.51 1315.54
4260 -280.88 1190.57
4261 -57.96 -1311.34
4262 -210.21 -1247.51
4263 279.04 -1192.3
4264 -394.51 -1053.8
4265 -71.45 1308.67
4266 550.85 -720.621
4267 -265.25 -1204.83
4268 502.19 851.034
4269 -402.6 1041.48
4270 398.56 -1047.68
4271 368.78 -1090.43
4272 218.37 -1241.89
4273 418.98 1015.31
4274 492.9 872.488
4275 187.98 1261.62
4276 -394.67 1053.56
4277 416.21 1019.86
4278 598.72 546.969
4279 -596.32 557.358
4280 506.94 -839.693
4281 -414.41 -1022.79
4282 -411.06 -1028.18
4283 -76.89 1307.44
4284 356.13 1107.12
4285 -289.82 -1181.97
4286 413.85 1023.69
4287 -587 595.619
4288 300.39 1171.37
4289 279.72 -1191.66
4290 -200.99 1253.57
4291 -345.09 1121.02
4292 -111.97 -1297.26
4293 -21.35 1315.76
4294 -3.78 1316.43
4295 144.24 -1284.45
4296 475.21 -910.9
4297 -580.01 622.408
4298 -375.41 -1081.35
4299 15.1 1316.1
4300 250.16 1217.67
4301 124.18 -1292.81
4302 -5.95 -1316.4
4303 113.81 1296.62
4304 -518.27 -811.556
4305 357.26 -1105.67
4306 476.76 -907.655
4307 -303.9 1167.74
4308 215.94 1243.59
4309 463.11 -935.497
4310 -16.21 1316.05
4311 -40.16 -1314
4312 -252.4 -1215.82
4313 -405.99 1036.21
4314 577.81 630.54
4315 -117.5 1295.3
4316 -630.88 -375.499
4317 -209.3 1248.12
4318 97.75 1301.85
4319 -248.15 1219.31
4320 -282.19 1189.33
4321 361.91 -1099.6
4322 -522.87 -799.666
4323 -528.56 -784.56
4324 400.31 1045.01
4325 141.91 -1285.49
4326 -207.11 1249.58
4327 -413.12 -1024.87
4328 333.45 1135.03
4329 -34 1314.69
4330 -148.88 1282.33
4331 270.26 -1200.36
4332 -173.82 -1269.72
4333 -213.98 1244.95
4334 -156.08 -1278.9
4335 169.89 -1271.84
4336 -264.19 1205.76
4337 606.21 -512.909
4338 -493.36 -871.448
4339 102.63 1300.35
4340 -245.59 1221.38
4341 280.44 -1190.99
4342 517.9 812.5
4343 -242.84 -1223.58
4344 480.29 900.18
4345 182.52 1264.83
4346 -86.08 1305.14
4347 512.32 826.529
4348 315.56 1155.3
4349 251.55 1216.52
4350 258.91 1210.33
4351 -580.86 -619.229
4352 -611.8 -485.634
4353 487.14 885.334
4354 116.39 1295.7
4355 209.39 1248.06
4356 -559.55 -693.291
4357 -57.98 1311.33
4358 394.83 -1053.32
4359 -278.02 -1193.25
4360 399.55 -1046.17
4361 -211.33 -1246.75
4362 641.61 293.912
4363 238.68 -1226.85
4364 -184.04 -1263.94
4365 -285.27 -1186.39
4366 363.77 -1097.14
4367 374.21 1083.01
4368 225.83 1236.54
4369 411.97 1026.72
4370 -67.75 1309.46
4371 -57.77 -1311.37
4372 -4.48 -1316.42
4373 77.29 -1307.34
4374 209.52 1247.98
4375 -494 869.996
4376 -145.73 1283.78
4377 566.78 -669.387
4378 -604.99 -518.639
4379 -536.95 -761.431
4380 653.15 -163.151
4381 -167.05 1273.35
4382 -356.48 -1106.67
4383 168.73 1272.46
4384 400.47 -1044.76
4385 -510.07 832.077
4386 48.91 1312.81
4387 -544.06 -740.967
4388 -389.01 1061.94
4389 -636.57 334.892
4390 558.28 697.375
4391 553.68 711.893
4392 -485.63 -888.646
4393 337.72 1129.96
4394 -348.63 1116.63
4395 -353.91 1109.97
4396 290.34 1181.46
4397 -521.68 802.769
4398 -415.67 1020.74
4399 198.11 1255.41
4400 -590.5 -581.616
4401 654.1 147.141
4402 98.18 1301.72
4403 243.23 -1223.27
4404 -508.53 -835.839
4405 97.11 -1302.04
4406 -160.96 1276.48
4407 -148.84 1282.35
4408 8.49 1316.34
4409 -305.92 1165.63
4410 262.09 1207.59
4411 530.12 -780.339
4412 -619.07 447.266
4413 -188.45 -1261.34
4414 -103.93 -1299.94
4415 69.03 1309.19
4416 593.79 -568.059
4417 411.13 -1028.07
4418 -335.66 -1132.42
4419 137.34 1287.47
4420 -413.77 1023.82
4421 407.22 1034.28
4422 322.89 1147.17
4423 646.39 248.511
4424 399.43 -1046.36
4425 588.64 -589.109
4426 -212.96 -1245.64
4427 220.71 1240.24
4428 166.05 -1273.87
4429 116.16 -1295.79
4430 -578.66 -627.414
4431 -170.06 -1271.75
4432 511.95 -827.446
4433 -38.04 -1314.25
4434 -307.55 -1163.91
4435 -474.05 -913.315
4436 -15.59 1316.08
4437 -370.18 1088.53
4438 22.17 1315.7
4439 -605.56 -515.971
4440 -142.75 1285.12
4441 -521.33 -803.678
4442 -606.94 509.444
4443 -321.68 -1148.53
4444 -241.44 1224.69
4445 392.22 1057.21
4446 572.48 649.696
4447 -21.05 1315.78
4448 116.56 1295.64
4449 -227.16 1235.57
4450 -141.7 1285.58
4451 273.95 1197.01
4452 -373.11 -1084.52
4453 65.12 1309.99
4454 344.82 1121.35
4455 -295.65 -1176.18
4456 157.76 -1278.08
4457 105.14 -1299.55
4458 -397.45 1049.37
4459 155.29 1279.29
4460 -191.77 -1259.34
4461 40.11 -1314
4462 -528.35 785.126
4463 -503.96 -846.838
4464 -314.49 1156.47
4465 577.02 -633.427
4466 449.57 961.553
4467 296.22 1175.61
4468 99.7 1301.26
4469 230.66 -1232.97
4470 -597.68 -551.5
4471 -66.48 -1309.72
4472 435.4 -987.292
4473 -337.39 1130.36
4474 -403.63 -1039.89
4475 217.56 1242.46
4476 480.91 898.855
4477 450.17 960.43
4478 -146.36 -1283.49
4479 344.05 1122.3
4480 263.91 1206
4481 -357.16 -1105.8
4482 -588.21 590.825
4483 323.69 1146.27
4484 -247.75 1219.64
4485 -395.68 -1052.04
4486 405.14 1037.54
4487 394.91 1053.2
4488 -470.13 -921.384
4489 -21.76 1315.73
4490 -521.1 804.274
4491 495.42 -866.761
4492 642.82 -283.139
4493 -136.69 -1287.75
4494 -487.46 -884.629
4495 306.16 -1165.38
4496 -169.82 1271.88
4497 218.47 1241.82
4498 -51.37 1312.43
4499 -77.73 -1307.24
4500 218.69 1241.67
4501 374.96 -1081.97
4502 613.01 -479.492
4503 -400.72 -1044.38
4504 -384.98 1067.8
4505 620.93 436.831
4506 10.13 -1316.29
4507 -1 -1316.45
4508 424.66 -1005.83
4509 -72.51 -1308.44
4510 -604.58 520.548
4511 -620.31 -440.341
4512 -476.85 907.466
4513 -452.87 -955.339
4514 484.61 890.871
4515 -200.78 1253.71
4516 616.09 -463.433
4517 200.63 1253.81
4518 277.86 1193.4
4519 40.86 1313.91
4520 -130.43 -1290.34
4521 100.13 1301.13
4522 406.41 1035.55
4523 -415.06 1021.73
4524 -533.31 771.595
4525 281.09 1190.37
4526 583.61 608.798
4527 294.66 -1177.17
4528 -290.72 1181.09
4529 274.65 1196.37
4530 -633.71 355.927
4531 580.1 622.072
4532 -179.26 1266.69
4533 353.7 -1110.24
4534 -497.67 -861.589
4535 338.12 1129.49
4536 -147.51 1282.97
4537 -245.48 -1221.47
4538 -633.03 360.735
4539 418.8 -1015.61
4540 -603.87 -523.834
4541 515.76 -817.927
4542 -387.34 1064.38
4543 -385.93 -1066.43
4544 -306.39 -1165.13
4545 594.36 -565.67
4546 -134.63 -1288.62
4547 510.79 -830.308
4548 297.95 -1173.86
4549 44.52 1313.43
4550 139.85 1286.39
4551 365.86 -1094.36
4552 164.69 1274.58
4553 -561.77 686.073
4554 656.15 104.434
4555 323.14 1146.89
4556 462.86 935.992
4557 -33.39 1314.75
4558 -606.43 511.868
4559 -189.16 -1260.92
4560 333.27 -1135.24
4561 356.46 -1106.7
4562 141.88 -1285.5
4563 217.24 -1242.68
4564 -587.77 -592.574
4565 -396.17 -1051.3
4566 19.5 1315.87
4567 -224.32 -1237.64
4568 288.58 -1183.18
4569 -496.82 863.549
4570 -261.36 1208.22
4571 534.53 -768.211
4572 477.12 906.898
4573 476.47 908.264
4574 570.02 658.291
4575 406.14 1035.97
4576 540.23 752.093
4577 448.91 -962.786
4578 642.96 -281.864
4579 413.84 1023.71
4580 -115.58 -1295.99
4581 236.51 -1228.53
4582 136 -1288.04
4583 636.73 -333.673
4584 -635.98 339.346
4585 92.94 -1303.26
4586 337.21 -1130.57
4587 -167.18 -1273.28
4588 -274.23 1196.76
4589 -606.78 -510.206
4590 -347.5 -1118.04
4591 -178.13 -1267.33
4592 67.69 -1309.47
4593 506.52 -840.707
4594 395.86 -1051.77
4595 284.51 1187.12
4596 259.12 1210.15
4597 -609.74 495.889
4598 -593.17 570.645
4599 -497.97 860.896
4600 -85.05 -1305.41
4601 -3.2 1316.43
4602 399.49 1046.26
4603 125.52 -1292.29
4604 276.79 1194.4
4605 455.8 949.749
4606 -62.2 1310.56
4607 -603.72 -524.525
4608 555.26 -706.953
4609 -211.3 1246.77
4610 643.67 275.306
4611 -303.45 -1168.21
4612 433.64 -990.385
4613 -163.75 1275.06
4614 -440.03 -979.047
4615 272.92 1197.96
4616 -374.41 -1082.73
4617 423.69 1007.46
4618 -587.94 591.899
4619 -483.38 -893.54
4620 58.8 -1311.19
4621 629.2 386.61
4622 50.23 -1312.61
4623 -402.53 1041.59
4624 489.17 880.845
4625 86.96 -1304.91
4626 447.92 -964.629
4627 476.22 -908.788
4628 472.06 917.429
4629 -22.12 1315.71
4630 -591.9 -575.895
4631 640.91 299.959
4632 -133.38 1289.14
4633 -126.8 1291.79
4634 398.2 1048.23
4635 -217.87 -1242.24
4636 41.62 1313.81
4637 589.64 -585.095
4638 -143.15 1284.94
4639 534.45 768.434
4640 -39.79 -1314.04
4641 -540.92 -750.107
4642 406.24 1035.82
4643 -69.39 1309.11
4644 313.14 -1157.93
4645 -261.53 -1208.08
4646 -535.94 -764.272
4647 -155.81 1279.04
4648 -202.83 1252.39
4649 -297.41 1174.4
4650 574.43 642.774
4651 86.22 1305.11
4652 119.95 -1294.41
4653 -377.38 -1078.6
4654 603.01 -527.782
4655 279.54 -1191.83
4656 -500.38 855.288
4657 -10.02 1316.3
4658 291.15 -1180.66
4659 -460.85 -939.95
4660 541.24 -749.183
4661 -117.73 1295.22
4662 140.74 -1286
4663 -434.12 989.544
4664 -427.72 1000.63
4665 -171.23 -1271.13
4666 -540.53 -751.23
4667 261.23 1208.33
4668 193.52 1258.27
4669 171.02 1271.24
4670 70.17 -1308.95
4671 549.8 -723.822
4672 525.29 793.297
4673 363.93 1096.93
4674 -483.58 -893.107
4675 190.88 -1259.88
4676 -366.41 1093.62
4677 -578.56 627.783
4678 634.67 349.018
4679 40.6 -1313.94
4680 -100.23 1301.1
4681 71.99 -1308.55
4682 3.12 -1316.43
4683 13.57 1316.17
4684 -171.19 -1271.15
4685 -382.02 1072.05
4686 -267.6 1202.75
4687 18.78 1315.91
4688 264.62 1205.38
4689 -328.73 1140.52
4690 -323.47 1146.52
4691 132.08 1289.67
4692 181.8 -1265.24
4693 -303.83 -1167.81
4694 583.81 -608.031
4695 442.97 -973.729
4696 -52.53 1312.25
4697 -301.51 1170.22
4698 405.68 -1036.69
4699 -597.52 -552.193
4700 351.08 -1113.56
4701 46.06 -1313.22
4702 -580.71 619.791
4703 157.85 1278.03
4704 418.44 1016.2
4705 -220.53 1240.36
4706 -64.52 1310.11
4707 277.84 1193.42
4708 -162.01 -1275.95
4709 -312.73 1158.38
4710 -112.61 1297.04
4711 629.38 -385.436
4712 309.5 -1161.84
4713 -433.13 991.278
4714 46.31 -1313.19
4715 -597.25 553.36
4716 184.45 -1263.71
4717 -352.54 1111.71
4718 -462.31 937.078
4719 -429.87 996.938
4720 -583.96 607.454
4721 551.07 -719.948
4722 463.28 -935.16
4723 463.42 -934.883
4724 -545.79 -735.861
4725 597.23 -553.447
4726 -402.7 -1041.33
4727 -14.72 -1316.12
4728 392.8 -1056.35
4729 -587.65 -593.05
4730 229.25 1234.02
4731 287.72 1184.02
4732 151.11 -1281.29
4733 90.6 1303.92
4734 -573.57 645.839
4735 -5.48 1316.4
4736 271.34 -1199.39
4737 429.18 -998.126
4738 408.35 1032.49
4739 61.33 1310.72
4740 -10.36 1316.29
4741 19.57 -1315.87
4742 408.81 -1031.76
4743 481.08 -898.491
4744 11.52 -1316.25
4745 -323.47 1146.52
4746 -388.64 -1062.48
4747 -42.99 1313.64
4748 -606.59 511.109
4749 -219.24 1241.28
4750 317.3 -1153.4
4751 478.24 904.535
4752 556.15 704.15
4753 -46.78 -1313.12
4754 -32.59 -1314.83
4755 -401.36 -1043.4
4756 85.82 1305.21
4757 146.66 1283.36
4758 -598.61 547.451
4759 518.45 811.096
4760 -454.86 -951.55
4761 -637.09 330.913
4762 346.37 1119.44
4763 -82.27 1306.13
4764 554.43 709.554
4765 362.41 -1098.94
4766 479.2 902.501
4767 -208.61 1248.59
4768 598.85 546.4
4769 432.74 991.959
4770 -81.12 -1306.41
4771 -521.86 802.301
4772 -149.02 1282.27
4773 29.38 1315.14
4774 -256.59 1212.31
4775 -532.64 773.444
4776 -522.99 -799.352
4777 -577.31 -632.369
4778 390.11 -1060.33
4779 -258.44 1210.73
4780 401.54 -1043.12
4781 439.74 979.568
4782 -193.28 -1258.42
4783 218.3 -1241.94
4784 -213.08 -1245.56
4785 519.74 -807.787
4786 -223.63 -1238.14
4787 -378.07 1077.63
4788 -123.24 1293.17
4789 -406.22 -1035.85
4790 80.97 1306.45
4791 221.38 -1239.76
4792 187.51 -1261.9
4793 286.74 1184.97
4794 291.83 -1179.99
4795 -60.22 -1310.93
4796 -612.33 -482.955
4797 -453.33 -954.466
4798 410.88 1028.47
4799 -425.8 -1003.9
4800 -582.36 -613.568
4801 613.17 478.673
4802 -72.58 1308.42
4803 -386.64 1065.4
4804 617.19 457.541
4805 323.87 -1146.07
4806 387.79 -1063.73
4807 634.98 346.756
4808 17.21 -1316
4809 -550.12 722.848
4810 -169.64 -1271.98
4811 -283.8 1187.8
4812 -635.36 -343.96
4813 411.12 1028.09
4814 -487.37 -884.828
4815 70.7 -1308.83
4816 -648.38 226.829
4817 -160.49 -1276.72
4818 262.15 -1207.54
4819 70.09 1308.96
4820 339.02 1128.41
4821 452.92 -955.244
4822 -633.18 359.681
4823 409.3 -1030.99
4824 -377.52 -1078.4
4825 -520.16 806.704
4826 200.46 -1253.91
4827 -30.74 1315.01
4828 -464.34 933.055
4829 -247.63 1219.74
4830 -464.42 -932.896
4831 381.06 -1073.41
4832 571.74 652.297
4833 -141.53 -1285.66
4834 -444.58 -970.79
4835 -433.58 990.49
4836 122.89 -1293.3
4837 -170.85 1271.33
4838 593.39 -569.729
4839 -362.28 1099.11
