%%index real_part   imaginary_part
1648 1648 1648
1 124.11 -200.797
2 -378.78 -166.771
3 -397.48 162.466
4 -511.56 127.545
5 241.6 -190.062
6 -266.99 -186.715
7 204.57 194.26
8 468.5 -142.79
9 347.57 173.281
10 -86.77 -202.703
11 -4.39 -204.504
12 -209.31 193.766
13 -216.23 193.023
14 54.55 -203.797
15 -489.8 135.631
16 -320.87 178.24
17 -73.4 -203.218
18 102.16 202.002
19 -611.77 -72.6275
20 443.21 -150.468
21 220.71 -192.527
22 107.97 -201.706
23 358.93 171.005
24 -571.48 99.6511
25 -161.95 198.148
26 294.39 182.648
27 105.08 -201.855
28 595.17 85.0372
29 -402.25 161.315
30 -520.14 124.11
31 355.07 171.79
32 500.19 131.876
33 -118.74 201.114
34 262.2 187.377
35 -510.68 127.889
36 544.25 113.566
37 -629.9 -55.465
38 133.23 200.226
39 -176.74 196.909
40 -453.98 147.299
41 305.25 180.899
42 573.89 98.2892
43 -445.27 -149.873
44 -320.58 178.291
45 69.4 -203.356
46 -181.54 196.483
47 231.36 -191.302
48 -199.79 194.745
49 188.98 -195.796
50 -156.68 198.561
51 361.13 -170.552
52 369.04 -168.89
53 -288.37 -183.584
54 478.03 139.672
55 -16.54 -204.443
56 466.32 143.485
57 -628.79 56.6817
58 -47.51 203.969
59 533.16 -118.592
60 341.03 174.546
61 645.24 -34.1489
62 492.87 134.54
63 199.14 194.81
64 67.73 203.411
65 -644.91 -34.7524
66 -10.32 204.483
67 -577.72 -96.0731
68 268.53 -186.499
69 -523.96 -122.531
70 120.28 -201.025
71 -165.45 197.865
72 -125.76 -200.697
73 -106.05 201.806
74 274.14 185.701
75 481.56 138.482
76 612.74 71.8245
77 380.18 -166.46
78 391.79 -163.81
79 378.32 -166.873
80 436.25 152.442
81 68.25 203.394
82 12.02 -204.474
83 167.54 -197.693
84 -638.21 45.2468
85 125.02 -200.742
86 -329.06 176.775
87 593.59 86.1089
88 -54.44 203.8
89 -159.59 -198.335
90 -41.73 -204.093
91 603.38 79.1857
92 -527.79 -120.915
93 -307.82 180.473
94 -50.12 203.908
95 383.93 165.617
96 84.64 -202.791
97 378.07 -166.929
98 -626.43 59.1785
99 259.28 187.773
100 -547.04 112.249
101 -209.52 193.744
102 627.66 57.8918
103 619.23 66.1661
104 -290.25 -183.294
105 -476.39 140.218
106 258.7 -187.851
107 342.41 -174.282
108 361.21 170.536
109 -614.41 -70.4176
110 264.79 187.021
111 402.59 -161.232
112 -257.11 -188.064
113 494.34 -134.013
114 -627.83 -57.7115
115 456.81 -146.442
116 -291.26 -183.138
117 -182.79 -196.369
118 -255.94 188.22
119 472.66 141.445
120 246.05 189.504
121 271.84 186.03
122 499.4 132.168
123 56.04 203.758
124 465.08 143.878
125 -468.65 142.742
126 -358.19 -171.156
127 -310.81 -179.972
128 612.1 72.3555
129 -580.47 -94.4405
130 290.25 -183.294
131 -380.94 -166.29
132 223.09 192.259
133 444.37 -150.134
134 -263.5 -187.199
135 624.74 -60.8982
136 -511.51 127.565
137 -182.49 196.397
138 -634.1 -50.576
139 173.06 197.228
140 67.77 203.409
141 583.01 -92.9
142 628.41 -57.0917
143 553.54 -109.093
144 106.26 -201.795
145 568.39 101.362
146 -342.25 174.313
147 280.61 -184.754
148 -4.73 204.503
149 239.58 190.312
150 -242.29 189.976
151 73.94 -203.199
152 567.9 -101.63
153 354.03 172
154 -611.4 -72.9312
155 -404.62 -160.735
156 202.32 -194.49
157 362.69 -170.228
158 357.57 -171.283
159 -237.54 190.561
160 490.58 135.355
161 6.45 -204.499
162 474.08 140.98
163 247.04 189.378
164 -331.2 176.385
165 -336.06 -175.485
166 -139.87 199.783
167 -254.14 188.458
168 -114.87 201.334
169 -448.64 148.889
170 120.49 -201.013
171 -413.72 158.457
172 -603.33 -79.2229
173 -571.24 99.7854
174 216.98 -192.941
175 -393.28 163.461
176 -83.08 -202.854
177 560.06 105.794
178 -426.9 -155.005
179 -527.28 121.132
180 354.29 171.947
181 57.73 203.711
182 -273.06 185.856
183 352.64 172.278
184 -558.01 -106.846
185 100.1 -202.102
186 -129.98 200.434
187 -11.02 204.48
188 -198.36 -194.888
189 -118.14 -201.149
190 192.85 -195.427
191 -635.63 48.6643
192 144.91 -199.432
193 502.78 130.91
194 -86.75 202.704
195 -258.56 -187.87
196 -138.74 -199.86
197 -336.21 175.457
198 543.57 -113.884
199 36.73 -204.186
200 10.8 -204.481
201 -493.78 -134.214
202 591.4 87.5681
203 160.49 -198.264
204 -426.29 -155.169
205 297.77 182.112
206 -75.74 203.134
207 -404.78 160.696
208 444.47 150.105
209 152.66 198.867
210 525.68 -121.81
211 -609.8 74.2278
212 -462.75 -144.61
213 357.58 -171.281
214 -554.44 -108.646
215 -303.33 181.214
216 -358.35 -171.124
217 10.51 204.482
218 -17.3 204.437
219 577.08 -96.448
220 -315.01 179.258
221 -77.95 -203.053
222 501.52 -131.382
223 -330.13 176.581
224 -159.05 -198.377
225 451.58 148.018
226 -250.74 188.902
227 -256.79 -188.107
228 59.45 203.663
229 -294.76 -182.59
230 -160.48 198.264
231 -321.4 178.146
232 -524.81 -122.175
233 523.15 122.869
234 -7.86 204.494
235 528.25 -120.719
236 -512.57 127.149
237 598.07 83.0264
238 350.56 172.692
239 399.46 -161.991
240 619.98 65.4766
241 -229.8 -191.486
242 -492.71 134.598
243 -378.48 166.838
244 337.16 -175.279
245 84.23 -202.808
246 577.01 -96.4889
247 211.85 -193.497
248 -214.76 193.183
249 -510.57 -127.932
250 -368.35 -169.037
251 -103.09 201.955
252 -261.79 187.433
253 130.44 -200.405
254 39.15 -204.142
255 616.02 -69.0302
256 -350.62 172.68
257 -147.67 199.234
258 78.99 -203.014
259 -204.03 194.316
260 256.02 188.21
261 302.94 181.278
262 -481.22 -138.598
263 -100.16 202.099
264 -151.93 198.921
265 -82.86 202.863
266 421.2 -156.521
267 -186.55 -196.024
268 69.44 -203.354
269 327.94 176.979
270 -615.03 -69.887
271 242.68 189.928
272 94.69 -202.357
273 478.79 139.417
274 -465.45 143.761
275 484.32 137.539
276 -342.17 -174.328
277 -54.49 -203.799
278 -579.6 94.9609
279 546.81 112.359
280 -651.66 18.7898
281 -608.47 75.2861
282 242.9 189.9
283 1.69 204.508
284 484.31 137.543
285 -329.43 -176.708
286 153.05 -198.837
287 -213.32 -193.339
288 -565.4 102.982
289 -634.29 -50.3428
290 531.53 119.305
291 -513.13 126.928
292 228.02 191.693
293 -626.46 59.1475
294 593.07 -86.4581
295 94.81 -202.351
296 615.03 -69.887
297 -520.43 123.991
298 -559.07 106.304
299 -146.39 199.327
300 -640.88 -41.3975
301 226.53 -191.866
302 -361.52 -170.471
303 394.07 163.275
304 56.46 203.746
305 560.63 105.498
306 243.93 189.771
307 194.99 195.22
308 283.33 -184.349
309 -527.03 -121.238
310 633.93 -50.7837
311 40.16 -204.123
312 -569.71 100.636
313 -410.98 159.152
314 219.67 192.643
315 -480.08 138.983
316 28.67 204.312
317 326.49 177.24
318 -278.84 -185.016
319 -451.12 -148.155
320 77.13 203.083
321 342.41 -174.282
322 359.59 -170.87
323 -356.69 -171.462
324 -213.68 -193.3
325 431.14 -153.855
326 -357.39 -171.32
327 -138.42 -199.882
328 17.21 204.438
329 83.77 -202.826
330 -299.54 181.829
331 558.91 106.386
332 619.36 66.0472
333 -564.97 103.213
334 -320.75 -178.261
335 -319.72 178.441
336 -653.46 11.1193
337 165.42 197.868
338 266.1 186.839
339 584.81 91.7885
340 340.59 174.63
341 -167.36 197.708
342 12.8 204.47
343 -354.12 171.982
344 386.78 164.968
345 145.48 -199.392
346 -110.31 201.583
347 -217.44 192.89
348 46.87 -203.984
349 -623.92 -61.7137
350 345.22 173.74
351 -595.88 -84.5502
352 -410.32 159.318
353 55.62 -203.769
354 -634.96 49.5111
355 215.03 193.154
356 534.98 117.789
357 -82.66 -202.871
358 27.05 -204.334
359 570.31 -100.304
360 -303.24 181.229
361 179.39 -196.675
362 103.65 201.927
363 602.9 79.5419
364 187.62 -195.924
365 579.03 -95.2998
366 -603.88 78.8126
367 261.62 -187.456
368 464.16 -144.168
369 546.13 -112.681
370 530.83 -119.609
371 -12.36 -204.472
372 466.08 -143.562
373 -35.25 204.212
374 104.54 -201.883
375 591.69 -87.3766
376 -56.73 203.739
377 10.44 -204.483
378 -485.29 137.205
379 -312.63 -179.664
380 585.4 -91.4205
381 525.79 -121.763
382 637.18 46.6428
383 490.92 135.235
384 -327.6 -177.04
385 -504.71 130.183
386 -21.77 204.396
387 629.27 56.159
388 355.37 171.73
389 535.11 117.731
390 338.32 175.06
391 629.75 55.6311
392 280.78 -184.729
393 -610.57 73.6071
394 260.01 -187.675
395 -632.23 52.8127
396 251.77 188.769
397 -376.5 167.275
398 521.56 123.527
399 404.61 -160.738
400 -571.78 99.4829
401 60.93 -203.62
402 -377.39 167.079
403 -401.77 -161.432
404 -261.81 -187.43
405 -62.03 203.588
406 116.68 201.232
407 574.96 97.6766
408 -46.84 -203.984
409 -233.11 -191.095
410 -45.91 204.005
411 70.65 203.314
412 86.61 202.71
413 169.46 -197.533
414 63.62 -203.54
415 4.2 -204.505
416 -495.92 133.441
417 -160.05 -198.298
418 187.37 195.947
419 186.77 196.003
420 39.35 -204.139
421 -644.95 -34.6798
422 578.82 -95.4243
423 121.75 200.938
424 445.82 -149.713
425 595.52 -84.7975
426 456.58 146.512
427 -95.82 202.305
428 -74.69 203.172
429 -637.3 -46.4825
430 226.25 -191.898
431 628.83 -56.6383
432 505.49 -129.887
433 -326.08 -177.314
434 214.93 -193.165
435 -57.28 203.724
436 -291.71 -183.068
437 380.89 -166.301
438 -245.77 -189.539
439 402.23 -161.32
440 521.85 -123.407
441 -558.04 106.831
442 -304.02 181.101
443 -123.82 -200.815
444 563.45 -104.021
445 378.53 166.827
446 -227.25 191.783
447 -420.56 156.689
448 -556.98 107.37
449 77.4 -203.073
450 291.61 -183.083
451 23.45 204.377
452 -386.9 -164.941
453 652.76 14.5922
454 288.79 -183.519
455 394.8 -163.103
456 -165.82 197.835
457 619.95 -65.5044
458 -544.99 -113.219
459 -15.64 204.45
460 -230.71 191.379
461 -15.97 -204.448
462 469.27 142.543
463 -319.07 -178.555
464 267.98 186.577
465 623.42 -62.2052
466 -42.16 -204.084
467 123.92 -200.809
468 410.6 -159.247
469 586.46 -90.7546
470 -214.76 -193.183
471 -563.82 -103.825
472 -137.2 199.964
473 454.42 147.167
474 331.29 -176.368
475 -238.79 190.409
476 462.95 144.547
477 577.02 -96.4831
478 255.07 188.335
479 54.09 203.809
480 51.45 -203.876
481 -446.29 -149.577
482 -515.57 125.959
483 646.18 -32.3667
484 -182.88 -196.361
485 629.96 -55.3984
486 -512.71 -127.094
487 465.98 143.593
488 455.71 -146.777
489 372.89 -168.063
490 -233.14 -191.091
491 -174.7 197.087
492 -213.53 193.316
493 633.92 50.7959
494 539.43 -115.79
495 -105.54 201.832
496 -609.66 -74.34
497 39.48 204.136
498 -295.93 -182.405
499 -12.58 -204.471
500 -152.44 198.883
501 276.27 185.392
502 -293.87 182.73
503 249.97 -189.002
504 -414 -158.385
505 -555.74 107.995
506 -167.49 197.697
507 -366.18 -169.497
508 235.86 -190.765
509 124.09 -200.799
510 553.97 108.88
511 453.92 147.317
512 -646.78 -31.1744
513 525.08 -122.062
514 457.54 146.22
515 -158.01 198.458
516 632.99 51.9161
517 -525.67 -121.814
518 -209.54 193.742
519 140.32 199.752
520 505.91 -129.727
521 -231.46 191.29
522 -145.66 199.379
523 -369.55 -168.781
524 -229.05 191.573
525 171.09 197.396
526 -301.2 181.561
527 575.05 97.6249
528 285.61 184.005
529 382.82 -165.868
530 -132.77 -200.256
531 -341.9 -174.38
532 -355.02 171.8
533 558.48 -106.606
534 548.24 -111.676
535 -460.85 -145.201
536 -383.02 165.823
537 389.73 164.289
538 100.69 -202.074
539 -405.74 160.459
540 -590 -88.4855
541 -645.93 32.8504
542 -188.47 -195.844
543 -610.88 73.3554
544 -383.75 -165.658
545 -526.13 -121.62
546 -634.51 50.0713
547 410.43 -159.29
548 2.98 -204.507
549 652.26 16.6329
550 -67.54 -203.417
551 -439.28 -151.59
552 129.43 -200.469
553 499.15 132.26
554 -609.99 74.0752
555 -129.47 -200.467
556 259.23 -187.78
557 -177.42 -196.85
558 -274.13 185.702
559 -180.96 -196.535
560 465.69 143.685
561 -422.11 156.281
562 -299.65 181.811
563 545.78 112.847
564 -318.51 178.653
565 -73.57 203.212
566 -364.3 169.892
567 -173.23 -197.214
568 544.07 113.65
569 -177.04 -196.883
570 224.33 -192.118
571 -529.47 120.196
572 245.42 189.583
573 -399.59 -161.959
574 109.89 -201.605
575 -414.07 158.368
576 530.25 -119.86
577 -346.46 -173.498
578 273.11 185.849
579 -220.69 -192.529
580 -94.98 -202.343
581 55.99 203.759
582 -450.5 -148.339
583 568.99 -101.033
584 349.06 -172.989
585 -400.71 161.689
586 14.42 204.459
587 195.91 -195.13
588 -283.62 -184.305
589 551.68 110.009
590 434.56 -152.912
591 490.43 -135.408
592 -209.95 -193.699
593 -546.76 -112.383
594 -84.64 202.791
595 357.6 171.277
596 -38.73 204.15
597 146.32 199.332
598 -107.12 -201.75
599 -465.19 143.843
600 558.6 -106.545
601 -142.64 199.592
602 -123.32 200.845
603 -92.07 202.475
604 -540.93 -115.105
605 -555.88 107.925
606 81.94 202.899
607 -25.92 -204.348
608 172.74 -197.256
609 610.54 -73.6314
610 -252.02 -188.736
611 407.66 159.983
612 -571.92 -99.4043
613 356.35 -171.531
614 -329.91 176.621
615 -187.67 -195.919
616 330.33 -176.544
617 -118.29 201.14
618 216.51 -192.992
619 347.06 173.381
620 315.15 -179.234
621 555.32 108.206
622 -250 188.998
623 639.69 43.1575
624 401.64 161.463
625 -274.46 -185.654
626 430.8 -153.948
627 347.84 -173.229
628 -640.95 -41.2916
629 -16.76 -204.442
630 433.42 -153.228
631 -117.59 201.18
632 143.36 -199.541
633 -264.11 -187.115
634 102.86 201.967
635 108.07 201.701
636 89.12 -202.604
637 35.47 204.208
638 65.51 -203.482
639 -167.01 197.737
640 -296.5 -182.315
641 -52 203.862
642 402.68 -161.21
643 50.92 -203.889
644 476.12 140.307
645 138.65 199.866
646 -441.7 -150.901
647 -407.59 -160.001
648 62.12 -203.585
649 275.8 -185.46
650 649.2 -25.7986
651 189.46 195.751
652 -105.89 -201.814
653 -648.48 -27.5102
654 -402.44 161.269
655 -330.91 176.438
656 146.83 -199.295
657 -96.03 -202.295
658 -526.34 121.531
659 24.24 204.368
660 6.95 -204.497
661 630.44 -54.8626
662 235.27 -190.836
663 87.81 -202.659
664 359.7 170.847
665 -30.74 204.283
666 332.03 176.232
667 44.69 204.031
668 419.7 -156.914
669 214.55 193.206
670 -65.28 203.489
671 -360.88 170.604
672 -221.89 192.395
673 235.94 190.755
674 176.52 -196.929
675 -612.2 72.2728
676 373.64 -167.9
677 -371.55 -168.352
678 359.53 170.882
679 492.16 134.794
680 206.28 194.084
681 -151.08 -198.984
682 423.55 -155.9
683 -475.56 140.493
684 -301.59 -181.498
685 -211.59 -193.524
686 -628.94 56.5189
687 -115.02 201.325
688 -258.81 187.837
689 -562.72 -104.406
690 20.43 204.409
691 -323.44 177.785
692 -140.17 199.763
693 -267.42 -186.655
694 -138.98 -199.844
695 -114.54 -201.352
696 -39.88 204.129
697 339.5 -174.837
698 404.09 -160.865
699 -375.89 167.409
700 561.92 -104.826
701 -373.47 167.937
702 547.95 111.815
703 -91.74 -202.489
704 -456.28 146.604
705 -417.6 157.46
706 -587.91 -89.8338
707 32.82 -204.251
708 246.93 -189.392
709 281.76 -184.583
710 536.97 116.901
711 3.31 204.506
712 -608.91 -74.9379
713 161.29 198.2
714 -351.54 -172.498
715 80.74 202.946
716 -306.97 180.615
717 166.18 197.805
718 427.4 154.871
719 41.41 -204.099
720 132.46 -200.276
721 -66.97 203.435
722 -75.89 203.129
723 -206.91 194.018
724 165.91 -197.828
725 468.42 -142.816
726 -105.95 -201.811
727 -241.4 190.087
728 560.27 -105.685
729 -158.64 198.409
730 535.43 -117.589
731 475.51 140.509
732 -74.91 203.165
733 628.05 57.4773
734 172.18 197.304
735 379.09 166.703
736 265.9 186.867
737 420.5 -156.704
738 129.23 -200.482
739 200.53 194.671
740 -262.16 187.382
741 12.12 204.474
742 -292.66 -182.92
743 127.26 -200.605
744 516.15 -125.726
745 -225.42 -191.994
746 82.3 202.885
747 -393.73 -163.355
748 -394.46 -163.183
749 -42.84 204.07
750 410.82 -159.192
751 -322.87 177.887
752 -407.47 160.031
753 -178.99 -196.711
754 -313.36 -179.54
755 -322.48 177.956
756 20.78 -204.406
757 -75.7 203.136
758 74.65 -203.174
759 16.35 204.445
760 -436.01 152.509
761 91.99 202.478
762 -21.33 -204.4
763 206.45 -194.066
764 621.4 64.1486
765 130.34 -200.412
766 512.85 127.038
767 541.86 114.677
768 -637.85 45.7398
769 276.04 185.425
770 -126.01 200.682
771 542.38 -114.436
772 44.3 -204.04
773 232.44 191.174
774 18.51 -204.427
775 -295.23 182.516
776 -164.96 -197.905
777 -271.51 186.078
778 169.66 197.517
779 -438.81 -151.722
780 190.35 -195.667
781 489.11 135.874
782 349.94 172.815
783 649.35 -25.4272
784 -258.32 -187.902
785 -144.2 -199.482
786 -536.98 116.897
787 -149.44 -199.105
788 365.27 169.689
789 -420.15 156.796
790 -422.91 156.07
791 63.06 203.557
792 -179.07 -196.704
793 514.82 -126.258
794 61.25 203.611
795 -93.73 -202.4
796 -557.65 -107.03
797 -188.81 195.812
798 -559.62 -106.021
799 530.88 -119.587
800 -193.67 -195.348
801 327.98 176.971
802 168.18 197.64
803 320.1 178.375
804 -269.67 186.339
805 127.89 200.566
806 -5.02 -204.503
807 -158.48 -198.422
808 20.82 -204.405
809 508.17 128.862
810 -566.37 102.46
811 -570.72 -100.076
812 -78.89 -203.017
813 187.29 195.955
814 -237.25 190.596
815 302.12 -181.411
816 526.1 121.632
817 138.16 -199.899
818 595.74 84.6465
819 24.65 204.364
820 338.01 175.119
821 -465.76 -143.663
822 563.42 104.037
823 625.09 60.5464
824 -511.6 127.53
825 376.65 -167.242
826 129.02 -200.495
827 -326.35 177.265
828 -503.45 -130.659
829 473.44 141.19
830 -113.21 201.425
831 646.98 -30.7664
832 -625.67 59.9586
833 594.02 -85.8188
834 -310.6 180.008
835 606.59 76.7533
836 209.41 193.756
837 617.01 68.1613
838 402.44 161.269
839 240.49 190.199
840 -639.34 43.6611
841 -110.85 -201.554
842 -533.75 -118.333
843 -586.44 90.7672
844 -548.68 -111.465
845 472.75 141.416
846 -6.77 204.498
847 423.3 155.966
848 460.03 -145.455
849 -620.21 65.2636
850 366.95 -169.335
851 599.79 -81.8058
852 384 165.601
853 -282.98 -184.401
854 175.34 -197.032
855 -572.67 -98.9817
856 451.13 -148.152
857 -501.27 -131.475
858 395.42 -162.956
859 -544.54 -113.43
860 114.08 201.378
861 525.23 121.999
862 462.96 -144.544
863 -460.46 145.322
864 365.26 -169.691
865 487.94 -136.284
866 34.61 204.223
867 -522.67 123.068
868 -514.64 -126.33
869 -320.48 178.308
870 180.67 -196.561
871 -549.58 -111.031
872 230.06 -191.455
873 -409.84 159.438
874 274.89 -185.592
875 -281.4 184.637
876 -248.12 189.24
877 89.32 202.595
878 -228.3 191.661
879 -286.12 -183.927
880 -321.47 178.134
881 -516.33 -125.654
882 70.01 203.335
883 112.97 201.439
884 -89.22 202.599
885 81.62 202.912
886 -8.83 -204.49
887 -321.96 178.048
888 121.81 -200.935
889 -365.29 169.685
890 288.95 -183.495
891 -568.38 -101.368
892 -513.27 -126.873
893 -401.62 -161.468
894 39.88 -204.129
895 -539.79 115.626
896 334.8 175.72
897 205.98 194.115
898 -491.03 135.196
899 -489.08 135.884
900 -335.63 -175.565
901 -303.83 181.132
902 -11.81 204.475
903 343.63 -174.047
904 493.6 134.279
905 459.17 -145.72
906 521.72 123.461
907 -367.86 -169.142
908 648.4 -27.6937
909 -283.65 184.3
910 -121.23 200.969
911 -482.61 138.125
912 391.15 -163.959
913 -9.34 -204.488
914 -104.14 -201.903
915 579.79 -94.8475
916 209.92 193.702
917 -218.87 -192.732
918 -459.54 -145.606
919 122.31 -200.905
920 -503.89 -130.493
921 -307.79 -180.478
922 194.86 -195.233
923 24.36 -204.367
924 -574.46 97.9635
925 -107.99 201.705
926 -287.79 183.673
927 140.63 199.731
928 -434.02 -153.062
929 -350.97 -172.611
930 -195.59 -195.161
931 -488.47 -136.098
932 -601.99 80.2122
933 -547.94 -111.82
934 -108.44 201.682
935 153.64 -198.793
936 581.18 -94.0131
937 -512.3 -127.255
938 222.36 192.342
939 452.24 147.821
940 -85.1 -202.772
941 -365.2 -169.704
942 559.62 -106.021
943 -313.02 -179.598
944 288.75 183.525
945 -498.44 132.521
946 -121.41 -200.959
947 -21.57 204.398
948 232.82 -191.129
949 -653.18 12.6241
950 -96.94 -202.253
951 -191.02 195.603
952 -589.21 -88.9981
953 85.88 -202.74
954 105.85 -201.816
955 -384.61 165.463
956 468.64 -142.745
957 -553.22 -109.252
958 32.51 -204.256
959 -556.04 107.844
960 420.28 -156.762
961 -567.3 101.957
962 646.6 -31.5369
963 -44.65 204.032
964 -432.42 153.504
965 -48.83 203.939
966 263.02 -187.265
967 348.18 -173.162
968 -70.12 -203.331
969 -305.18 180.911
970 105.11 -201.854
971 209.01 193.798
972 -328.07 176.955
973 -367.89 169.135
974 456.53 146.528
975 -321.21 178.18
976 -275.4 -185.518
977 -533 -118.662
978 -276.6 185.344
979 485.5 -137.132
980 -412.39 -158.795
981 61.72 203.597
982 -278.5 185.066
983 343.95 173.985
984 158.96 198.384
985 -483.39 137.858
986 393.83 -163.331
987 173.95 197.152
988 469.46 -142.482
989 -566.37 102.46
990 -366.71 169.385
991 105.8 -201.818
992 -535.89 -117.384
993 156.6 -198.567
994 -320.59 178.289
995 59.79 203.653
996 -169.5 197.53
997 -635.3 -49.0833
998 -589.83 88.5962
999 -103.22 201.949
1000 -603.66 78.977
1001 141.79 199.651
1002 -419.57 156.948
1003 -179.62 -196.655
1004 -628.78 56.6925
1005 638.13 45.3568
1006 528.87 120.453
1007 -576.4 -96.8443
1008 -5.7 -204.501
1009 401.36 161.531
1010 -194.4 195.277
1011 -451.2 148.131
1012 394.5 -163.173
1013 -302.8 181.301
1014 -427.56 154.827
1015 366.21 169.491
1016 324.7 -177.561
1017 -135.33 200.088
1018 -441.07 -151.081
1019 -588.35 89.552
1020 -304.55 181.014
1021 610.39 -73.7527
1022 -303.66 181.16
1023 -481.76 -138.414
1024 -554.81 108.461
1025 281.86 184.568
1026 -376.71 167.229
1027 -169.89 197.497
1028 296.69 182.285
1029 131.42 200.343
1030 153.84 -198.778
1031 -498.57 -132.473
1032 -560.91 -105.353
1033 575.48 97.3771
1034 252.84 188.629
1035 -36.81 204.185
1036 473.03 141.324
1037 -128.38 -200.535
1038 48.27 -203.952
1039 515.85 125.847
1040 -347.02 -173.389
1041 -575.14 -97.5731
1042 158.44 198.425
1043 145.41 -199.397
1044 -92.36 202.462
1045 -334.36 175.802
1046 491.13 135.16
1047 -325.86 -177.353
1048 -535.37 117.616
1049 67.78 203.409
1050 -350.39 -172.726
1051 194.77 195.241
1052 303.8 -181.137
1053 -49.69 -203.918
1054 -568.2 101.466
1055 452.12 -147.857
1056 -637.31 -46.4691
1057 -99.99 202.108
1058 -410.54 -159.263
1059 372.67 168.11
1060 -210.27 193.665
1061 -77.18 -203.082
1062 287 183.793
1063 185.1 -196.158
1064 254.49 188.412
1065 -93.98 -202.389
1066 -394.39 -163.199
1067 135.77 -200.059
1068 -192.97 195.416
1069 -429.31 154.354
1070 -145.09 -199.419
1071 248.86 189.145
1072 569.25 -100.89
1073 49.19 -203.93
1074 49.58 -203.921
1075 -570.31 100.304
1076 -637.71 45.9301
1077 -650.44 22.543
1078 -372.83 -168.076
1079 -62.79 -203.565
1080 627.07 -58.5129
1081 269.09 186.42
1082 22.56 -204.387
1083 567.85 -101.657
1084 85.12 202.771
1085 265.6 186.909
1086 345.88 -173.611
1087 -124.3 200.786
1088 -354.85 171.835
1089 -140.05 -199.771
1090 -321.6 -178.111
1091 -548.26 -111.667
1092 -150.71 -199.012
1093 -69.94 -203.337
1094 -398.58 -162.202
1095 268.05 186.567
1096 148.9 199.145
1097 527.99 -120.83
1098 -140.59 -199.734
1099 -395.19 -163.01
1100 -413.09 -158.617
1101 -246.89 189.397
1102 52.97 203.838
1103 400.57 -161.723
1104 592.39 86.9122
1105 208.97 -193.802
1106 197.16 195.007
1107 -71.63 203.28
1108 -390.33 164.15
1109 125.61 200.706
1110 648.25 28.0345
1111 438.36 -151.849
1112 -511.49 -127.573
1113 51.24 203.881
1114 -279.45 184.926
1115 65.73 203.475
1116 144.7 -199.447
1117 208.24 -193.879
1118 -380.64 166.357
1119 -362.75 170.216
1120 109.65 -201.618
1121 596.92 83.8307
1122 410.83 159.189
1123 78.62 -203.028
1124 -416.72 -157.687
1125 -423.22 -155.988
1126 366.15 169.504
1127 -209.46 -193.751
1128 -12.09 -204.474
1129 291.17 -183.152
1130 411.32 -159.066
1131 508.19 -128.854
1132 -174.66 -197.091
1133 25.22 204.357
1134 460.42 145.334
1135 579.7 -94.9012
1136 -122.98 -200.865
1137 317.96 -178.748
1138 -113.22 -201.425
1139 -460.62 -145.272
1140 -85.27 202.765
1141 381.9 -166.075
1142 295.9 182.41
1143 246.27 -189.476
1144 -284.24 -184.212
1145 35.25 204.212
1146 34.07 -204.231
1147 -425.39 155.41
1148 -16.95 204.44
1149 -589.87 -88.5701
1150 -359.93 -170.8
1151 652.3 16.479
1152 286.85 -183.816
1153 50.96 -203.888
1154 115.73 201.286
1155 58.9 203.679
1156 488.66 -136.032
1157 185.7 -196.103
1158 198.44 -194.88
1159 -261.52 -187.47
1160 -12.1 -204.474
1161 -607.97 -75.6795
1162 410.37 -159.305
1163 155.46 -198.655
1164 522.45 -123.159
1165 -9.77 204.486
1166 320.14 -178.368
1167 361.01 170.577
1168 265.38 -186.939
1169 238.94 190.39
1170 649.82 -24.2263
1171 -275.28 185.536
1172 -58.73 203.684
1173 -388.54 -164.564
1174 -18.01 -204.431
1175 -539.37 -115.817
1176 -25.87 204.349
1177 -288.6 -183.548
1178 -444.96 149.963
1179 -419.39 156.994
1180 -55.29 -203.778
1181 -366.57 -169.415
1182 605.05 -77.9313
1183 -403.57 -160.993
1184 -374.62 -167.686
1185 541.42 114.88
1186 401.36 161.531
1187 350.61 -172.682
1188 482.37 138.207
1189 -248.59 -189.18
1190 3.27 -204.506
1191 -320.02 -178.389
1192 -313.83 -179.46
1193 -580.04 -94.6981
1194 -250.16 188.978
1195 124.09 200.799
1196 -588.15 -89.6802
1197 0.46 -204.509
1198 30.03 -204.293
1199 103.27 201.946
1200 459.13 145.732
1201 439.41 -151.553
1202 226.91 191.822
1203 626.83 -58.7635
1204 534.76 117.887
1205 622.69 -62.9152
1206 -121.99 -200.924
1207 -274.04 185.715
1208 59.43 203.664
1209 484.64 137.429
1210 -568.57 101.264
1211 -366.5 169.43
1212 -152.51 198.878
1213 346.68 -173.456
1214 137.06 199.973
1215 459.77 145.535
1216 548.23 111.681
1217 618.83 -66.5306
1218 -460.66 -145.26
1219 371.12 -168.445
1220 -37.26 -204.177
1221 -23.88 -204.373
1222 558.51 -106.591
1223 646.96 -30.8075
1224 122.8 200.876
1225 -636.65 47.3443
1226 165.64 197.85
1227 -605.91 77.2761
1228 -649.91 23.9894
1229 -327.66 -177.029
1230 -118.98 201.1
1231 483 137.992
1232 551.12 110.283
1233 457.75 -146.155
1234 644.76 35.0231
1235 -523.86 122.573
1236 532.77 -118.763
1237 -139.47 -199.81
1238 -364.47 -169.857
1239 428.23 154.646
1240 253.88 188.492
1241 -317.49 -178.83
1242 331.56 176.319
1243 -356.11 171.58
1244 83.83 -202.824
1245 -305.75 180.817
1246 -81.17 202.93
1247 -612.29 72.1983
1248 370.99 168.473
1249 2.88 -204.507
1250 255.63 188.261
1251 -43.46 204.057
1252 -420.79 -156.628
1253 -76.62 -203.102
1254 126.93 -200.625
1255 -40.51 204.117
1256 361.53 170.469
1257 509.14 128.487
1258 -435.23 -152.726
1259 -135.7 200.064
1260 -499.73 -132.046
1261 153.33 198.816
1262 -418.46 157.237
1263 -353.26 -172.154
1264 -322.99 -177.865
1265 318.41 178.67
1266 -209.37 193.76
1267 436.14 -152.472
1268 -484.18 -137.587
1269 -625.48 -60.1518
1270 -541.78 -114.714
1271 -486.95 136.629
1272 31.99 -204.264
1273 -69.97 203.336
1274 210.52 193.638
1275 537.45 -116.686
1276 -48.51 -203.946
1277 -225.34 192.003
1278 -94.78 -202.353
1279 120.31 -201.023
1280 304.79 180.975
1281 157.37 -198.508
1282 -190.54 -195.649
1283 -356.04 171.594
1284 545.53 -112.965
1285 324.41 -177.613
1286 294.69 -182.601
1287 71.43 203.287
1288 -163.76 -198.002
1289 -445.37 -149.844
1290 -213 -193.373
1291 -620.37 -65.1149
1292 -420.34 156.746
1293 -31.34 204.274
1294 460.64 145.266
1295 445.77 149.728
1296 490.1 -135.525
1297 525.55 -121.864
1298 -334.25 175.822
1299 307.89 180.462
1300 325.48 -177.422
1301 -274.78 185.608
1302 -642.74 -38.4785
1303 -153.34 198.816
1304 653.6 -10.2844
1305 -392.01 -163.758
1306 -467.55 143.094
1307 -367.18 169.286
1308 -131.29 200.351
1309 -508.64 -128.681
1310 311.53 179.85
1311 -313.79 -179.466
1312 18.78 204.425
1313 271.02 -186.147
1314 -26.07 204.346
1315 575.93 -97.117
1316 190.53 -195.65
1317 380.07 166.484
1318 -561.98 104.794
1319 -153.52 -198.802
1320 -161.57 198.178
1321 330.09 176.588
1322 348 -173.197
1323 -74.11 203.193
1324 -101.28 202.045
1325 -236.13 -190.732
1326 -177.94 -196.804
1327 -416.81 157.664
1328 170.28 -197.465
1329 241.62 190.06
1330 284.72 184.139
1331 -625.05 -60.5868
1332 -605.94 77.2531
1333 -308.6 -180.343
1334 -447.88 149.112
1335 184.42 196.22
1336 95.18 -202.334
1337 -370.26 168.629
1338 253.8 -188.503
1339 438.59 151.785
1340 -217.74 -192.857
1341 279.35 -184.941
1342 375.67 167.457
1343 432.99 -153.347
1344 68.33 203.391
1345 -615.75 69.2651
1346 596.68 -83.9974
1347 294.14 -182.688
1348 -649.71 24.5127
1349 -170.88 197.414
1350 411.64 -158.985
1351 40.6 -204.115
1352 41.83 -204.091
1353 -109.34 201.634
1354 -224.75 192.07
1355 -304.37 181.044
1356 584.32 92.0927
1357 588.54 -89.43
1358 641.34 40.6959
1359 -166.53 -197.777
1360 59.7 -203.656
1361 -44.06 204.045
1362 -559.67 105.995
1363 250.48 188.936
1364 -640.58 41.8485
1365 123.38 -200.841
1366 191.29 195.577
1367 -193.01 -195.412
1368 -498.78 -132.396
1369 54.41 -203.801
1370 -606.46 76.8536
1371 -225.72 -191.959
1372 592.01 87.1646
1373 -26.5 -204.341
1374 270.18 186.266
1375 644.89 34.7886
1376 550.86 110.41
1377 -399.8 161.909
1378 578.33 95.714
1379 150.7 199.013
1380 126.76 -200.636
1381 -79.18 -203.006
1382 48.55 -203.945
1383 -76.7 203.099
1384 -272.95 -185.872
1385 23.1 -204.381
1386 -377.99 -166.946
1387 -521.46 123.568
1388 295.55 182.465
1389 -341.6 174.437
1390 79.65 -202.988
1391 -130.91 -200.375
1392 -70.4 -203.322
1393 -180.34 196.59
1394 242.16 -189.992
1395 57.48 203.718
1396 496.14 -133.361
1397 256.48 188.148
1398 277.98 185.142
1399 -312.92 -179.615
1400 323.24 -177.821
1401 -168.9 -197.58
1402 -168.1 -197.647
1403 -73.88 203.201
1404 -5.21 204.502
1405 -608.82 -75.0093
1406 98.55 202.177
1407 148.31 199.188
1408 -503.88 -130.497
1409 343.1 174.149
1410 470.68 -142.088
1411 266.88 186.73
1412 -372.4 -168.169
1413 -181.78 196.461
1414 425.72 155.322
1415 -630.68 -54.5926
1416 -165.76 197.84
1417 -624.45 61.188
1418 4.7 -204.503
1419 471.55 141.806
1420 -312.13 -179.749
1421 352.54 172.298
1422 -69.7 -203.346
1423 3.04 -204.507
1424 -332.9 176.072
1425 -647.42 29.8489
1426 -350.09 -172.785
1427 498.55 -132.481
1428 -133.76 200.191
1429 -2.73 -204.507
1430 -325.89 -177.348
1431 -118.48 201.129
1432 -203.39 194.381
1433 -2.22 -204.508
1434 -242.84 189.908
1435 -183.98 196.261
1436 526.93 121.281
1437 623.74 61.8911
1438 530.25 -119.86
1439 188.79 -195.814
1440 503.99 -130.455
1441 546.04 -112.724
1442 -489.32 -135.8
1443 52.22 203.857
1444 -632.05 -53.0227
1445 130.99 -200.37
1446 -395.24 -162.998
1447 190.07 195.693
1448 -139.92 199.78
1449 -249.49 -189.064
1450 -151.36 -198.964
1451 65.17 203.492
1452 528.42 -120.646
1453 117.83 -201.167
1454 -144.45 -199.465
1455 -102.21 -201.999
1456 -638.51 44.8315
1457 -141.45 199.675
1458 -510.03 -128.142
1459 292.58 182.932
1460 238.28 -190.471
1461 -580.55 94.3925
1462 37.38 -204.175
1463 -212.63 -193.413
1464 -177.07 196.881
1465 -173.54 197.187
1466 -293.52 182.785
1467 409.95 159.411
1468 -400.07 -161.844
1469 -47.64 203.966
1470 195.46 -195.174
1471 -39.5 204.136
1472 33.31 -204.244
1473 12.21 204.473
1474 497.45 132.884
1475 -344.03 -173.97
1476 151.97 -198.918
1477 316.5 -179.001
1478 -373.68 -167.891
1479 -278.47 185.07
1480 372.82 -168.078
1481 -623.14 62.4786
1482 440.59 -151.218
1483 353.58 -172.09
1484 -479.94 139.03
1485 -217.62 192.87
1486 -230.36 -191.42
1487 -502.65 130.959
1488 -521.93 123.374
1489 -613.28 71.373
1490 -415.25 -158.066
1491 -166.13 -197.81
1492 -261.5 -187.472
1493 -269.7 -186.334
1494 -218.38 192.786
1495 192.14 -195.496
1496 364.51 169.848
1497 374.99 167.606
1498 -541.06 -115.045
1499 423.8 155.834
1500 -255.82 188.236
1501 47.61 -203.967
1502 585.13 91.5891
1503 501.21 -131.497
1504 462.05 -144.828
1505 -126.15 200.673
1506 584 92.2907
1507 -587.09 -90.3559
1508 -359.43 170.902
1509 -274.71 -185.618
1510 611.37 -72.9557
1511 -341.76 -174.406
1512 -89.01 -202.608
1513 -201.23 -194.601
1514 -285.5 -184.021
1515 -352.73 -172.26
1516 -343.08 174.153
1517 579.38 95.0919
1518 163.8 -197.999
1519 -179.78 -196.641
1520 494.11 -134.095
1521 214.04 -193.261
1522 67.2 -203.428
1523 222.62 -192.312
1524 295.99 -182.396
1525 505.67 -129.819
1526 -204.85 194.231
1527 412.03 -158.886
1528 194.18 -195.299
1529 653.89 8.29101
1530 252.94 -188.616
1531 370.19 168.644
1532 584.2 -92.1671
1533 -172.09 -197.311
1534 -104.1 -201.905
1535 -188.27 -195.863
1536 -643.23 37.6705
1537 560.01 105.819
1538 -618.16 -67.1361
1539 -245.67 -189.552
1540 556.2 107.764
1541 575.67 97.2674
1542 -176.81 -196.903
1543 571.65 -99.5558
1544 560.93 105.342
1545 430.16 -154.123
1546 532.04 -119.082
1547 -463.18 -144.475
1548 56.46 203.746
1549 -129.68 200.453
1550 -116.13 -201.263
1551 -417.45 157.499
1552 593.65 86.0685
1553 -57.94 203.706
1554 -155.97 198.616
1555 -529.72 -120.088
1556 -469.34 -142.521
1557 -556.22 107.754
1558 79.36 -202.999
1559 -540.92 115.109
1560 -447.82 149.129
1561 -53 203.837
1562 380.64 -166.357
1563 -52.92 203.839
1564 364.96 -169.754
1565 297.82 182.104
1566 416.32 -157.79
1567 148.17 -199.198
1568 -614.88 70.0158
1569 -380.12 -166.473
1570 343.56 174.061
1571 407.39 160.05
1572 -308.3 -180.393
1573 -315.59 179.158
1574 -161.92 -198.15
1575 -500.71 -131.683
1576 361.63 170.449
1577 -276.7 185.329
1578 -616.63 -68.4963
1579 37.37 -204.175
1580 630.61 54.6715
1581 -365.5 169.641
1582 313.48 179.519
1583 414.21 158.332
1584 -540.65 -115.233
1585 194.77 195.241
1586 560.28 105.68
1587 -613.56 -71.1376
1588 -256.82 -188.103
1589 -223.41 192.223
1590 -307.76 180.483
1591 -211.21 -193.565
1592 640.74 41.6086
1593 -484.04 137.635
1594 448 149.077
1595 -151.11 198.982
1596 545.18 113.13
1597 -553.57 -109.078
1598 -416.91 -157.638
1599 472.63 -141.455
1600 -539.34 -115.831
1601 214.1 -193.255
1602 465.81 143.647
1603 -387.26 -164.858
1604 -578.09 -95.8555
1605 169.67 -197.516
1606 39.26 -204.14
1607 -640.96 -41.2764
1608 -381.95 -166.064
1609 -255.4 -188.292
1610 483.64 137.773
1611 111.83 -201.501
1612 159.46 198.345
1613 -286 -183.945
1614 66.7 -203.444
1615 134.68 200.131
1616 30.69 -204.284
1617 222.53 -192.322
1618 577.27 -96.3369
1619 43.74 204.051
1620 -622.37 -63.2236
1621 97.4 -202.231
1622 -364.59 169.832
1623 287.63 -183.697
1624 73.12 -203.228
1625 169.05 197.568
1626 -72.53 203.249
1627 143.76 199.513
1628 374.8 167.647
1629 436.05 -152.498
1630 -146.15 -199.344
1631 -513.47 126.794
1632 -536.57 117.081
1633 588.78 -89.2756
1634 310.87 179.962
1635 280.92 -184.708
1636 -576.13 -97.0011
1637 581.74 93.6742
1638 -284.71 -184.141
1639 -536.02 117.326
1640 -375.54 167.485
1641 194.42 195.275
1642 -573.52 98.4999
1643 -456.77 -146.455
1644 -599.2 -82.2269
1645 413.52 -158.508
1646 34.38 -204.226
1647 146.48 199.32
1648 225.84 191.945
