%%index real_part   imaginary_part
3714 3714 3714
1 -687.33 -198.511
2 1039.78 -96.6769
3 955.78 -132.757
4 -457.78 228.883
5 527.4 221.36
6 978.66 -124.252
7 697.81 196.697
8 -433.84 231.174
9 -860.16 -161.861
10 -989.52 -119.93
11 259.76 -243.729
12 750.57 186.859
13 652.14 204.29
14 92.41 -249.629
15 269.88 243.186
16 -87.34 -249.719
17 -990.79 -119.411
18 860.65 161.733
19 -616.39 209.699
20 -3.11 -250.471
21 -512.4 223.093
22 -813.06 173.467
23 -3.17 250.471
24 1039.55 96.799
25 27.24 -250.399
26 -96.32 249.556
27 522.82 -221.896
28 692.11 -197.689
29 786.27 179.462
30 -211.76 246.012
31 -902.84 149.944
32 611.41 -210.418
33 -80.19 -249.837
34 710.52 -194.437
35 -409.13 233.388
36 978.93 -124.147
37 -314.62 240.516
38 -92.48 249.627
39 894.85 -152.291
40 -349.41 238.133
41 424.15 -232.06
42 -548.86 -218.769
43 -347.1 -238.299
44 322.5 240
45 715.96 193.449
46 670.37 -201.355
47 421.58 232.292
48 1108.88 -44.8826
49 -211.93 -246.004
50 -898.15 -151.329
51 768.13 -183.301
52 -631.29 207.499
53 -25.18 250.409
54 228.47 -245.272
55 -26.7 250.402
56 -574.11 -215.545
57 -988.53 120.332
58 814.28 -173.184
59 -446.42 229.988
60 -1116.79 33.8388
61 634.6 207
62 51.22 -250.213
63 126.57 248.888
64 -940.82 137.933
65 -1099 -55.6029
66 861.72 161.451
67 526.46 221.471
68 -110.8 -249.259
69 152.76 248.161
70 -123.14 248.973
71 371.35 236.487
72 491.57 -225.396
73 54.16 -250.183
74 -384.7 235.431
75 678.68 199.975
76 673.57 -200.827
77 -891.23 -153.336
78 774.73 181.924
79 305.96 -241.067
80 972.36 126.671
81 -291.08 -241.975
82 305.75 -241.08
83 -372.14 236.426
84 -812.46 -173.606
85 -431.13 231.424
86 827.4 170.086
87 24.35 250.413
88 434.52 -231.111
89 -618.2 209.436
90 -43.31 250.287
91 -1102.15 -52.4336
92 -1048.33 -92.0042
93 -230.09 245.197
94 1027.99 -102.715
95 23.37 -250.418
96 -420.7 232.37
97 1124.74 16.2806
98 407.93 233.492
99 783.6 -180.038
100 -1.96 -250.472
101 588.68 -213.595
102 809.62 -174.26
103 29.34 -250.387
104 -704.51 195.514
105 -965.82 129.118
106 -364.94 236.98
107 -850.96 -164.245
108 1061.09 -84.4724
109 -791.58 178.306
110 -496.9 224.818
111 -1000.9 -115.172
112 786.19 -179.48
113 158.53 247.982
114 -468.51 -227.808
115 720.16 192.678
116 -69.06 250.001
117 618.14 -209.445
118 1116.22 -34.7552
119 -40.84 250.307
120 115.69 -249.149
121 -405.57 233.695
122 885.64 -154.927
123 201.7 -246.429
124 -156.38 -248.049
125 -353.63 237.825
126 -965.33 129.299
127 455.23 -229.134
128 1075.04 75.2597
129 978.7 124.237
130 -119.84 249.052
131 -457.36 228.924
132 -771.51 182.599
133 -447.86 -229.85
134 -939.79 138.279
135 -697.79 196.701
136 -539.17 219.955
137 1125.9 11.6676
138 76.45 249.895
139 705.9 -195.267
140 -721.86 192.364
141 472.71 227.379
142 -1107.85 46.1216
143 180.99 247.222
144 104.65 249.39
145 -220.33 245.64
146 566.75 -216.504
147 915.92 145.974
148 -758.98 -185.174
149 382.17 235.635
150 -1101.85 52.744
151 482.66 226.345
152 -502.72 224.178
153 -772.16 182.463
154 662.69 202.606
155 -33.66 250.36
156 662.71 -202.603
157 282.7 242.466
158 475.85 -227.056
159 63.18 -250.078
160 -171.92 -247.541
161 1070.42 78.4443
162 -813.5 173.365
163 618.24 -209.43
164 -635.45 -206.871
165 1123.47 20.1509
166 229.05 -245.246
167 63.9 250.069
168 -329.89 239.504
169 422.02 232.252
170 1046.19 -93.1994
171 -521.72 222.024
172 745.37 187.884
173 -570.96 -215.957
174 -30.97 250.377
175 505.54 223.865
176 -1088.01 65.411
177 -388.16 235.151
178 -151.87 248.188
179 308.14 240.93
180 -260.65 243.683
181 1111.25 -41.8881
182 -1088.59 -64.9327
183 992.41 -118.744
184 -467.88 -227.872
185 177.67 247.341
186 -155.43 -248.079
187 -382.44 235.613
188 992.86 118.559
189 -208.53 -246.148
190 643.68 205.611
191 -216.21 245.82
192 1123.53 19.985
193 1095.19 -59.1989
194 452.37 229.414
195 127.56 248.863
196 117.22 249.114
197 798.92 -176.682
198 -1109.55 44.0574
199 -400.52 -234.125
200 -369.35 236.642
201 786.72 179.365
202 217.37 245.77
203 -682.18 199.386
204 -498.12 224.685
205 971.65 -126.94
206 -354.32 -237.774
207 -1009.65 111.336
208 -1071.8 -77.5082
209 -841.14 166.725
210 -774.32 182.01
211 5 -250.469
212 -771.41 -182.619
213 1078.17 -73.0151
214 790.7 178.499
215 -376.85 236.057
216 162.82 247.845
217 304.02 241.188
218 -204.4 -246.319
219 -856.82 162.734
220 215.8 245.838
221 349.05 -238.159
222 345.77 -238.395
223 -351.01 -238.016
224 -332.94 239.295
225 743.92 -188.167
226 -881.55 156.075
227 714.52 -193.712
228 360.31 237.329
229 779.93 180.823
230 416.95 -232.704
231 -767.7 183.39
232 -364.89 236.983
233 -701.41 196.064
234 -205.43 -246.277
235 -650.58 -204.535
236 -903.03 -149.888
237 41.56 -250.302
238 351.35 -237.992
239 -650.19 -204.597
240 800.72 -176.279
241 -450.26 229.618
242 730.8 -190.689
243 -308.26 -240.922
244 -260.8 243.675
245 -400.64 -234.115
246 -1104.62 -49.8007
247 281.55 -242.532
248 489.44 -225.625
249 1102.73 -51.8278
250 427.18 231.786
251 -102.64 -249.431
252 478.15 226.817
253 1069.52 -79.0482
254 -1100.74 -53.8764
255 1053.26 89.1803
256 544.01 219.366
257 -751.56 186.662
258 -136.43 248.63
259 -37.4 250.334
260 552.95 -218.26
261 -973.03 -126.417
262 938.33 -138.768
263 -1110.76 42.5251
264 916.22 -145.881
265 560.13 -217.354
266 -990.11 -119.689
267 855.17 163.162
268 196.87 246.622
269 -493.55 -225.182
270 289.92 -242.044
271 89.65 249.678
272 640.02 206.174
273 -417.82 -232.627
274 709.79 -194.569
275 -1095.28 -59.1166
276 -550.89 -218.517
277 -478.26 -226.805
278 31.95 -250.371
279 -976.91 124.93
280 -886.34 -154.729
281 -484.46 -226.155
282 852.37 163.884
283 -659.79 203.073
284 827.71 170.011
285 351.37 237.99
286 432.55 231.294
287 -488.25 -225.752
288 -291.54 241.948
289 1105.84 48.4452
290 -863.06 161.097
291 -264.66 -243.469
292 135.16 -248.665
293 -731.42 190.572
294 613.17 210.165
295 993.66 118.227
296 -179.02 247.292
297 434.86 231.08
298 510.86 -223.267
299 -603.89 211.488
300 -377.53 -236.004
301 121.7 249.008
302 74.55 -249.923
303 876.09 -157.586
304 -838.67 -167.338
305 820.58 -171.71
306 -641.58 205.934
307 22.59 -250.422
308 -717.38 193.189
309 -652.43 -204.244
310 656.11 -203.661
311 636.28 206.745
312 98.91 249.506
313 874.84 -157.928
314 539.91 -219.866
315 -751.76 186.622
316 -1031.81 -100.806
317 685.58 -198.81
318 52.81 250.197
319 -849.05 164.733
320 -650.63 204.528
321 617.62 -209.521
322 -717.65 -193.14
323 -404.43 -233.793
324 -409.36 -233.368
325 -70.1 249.987
326 825.86 170.455
327 453.13 229.339
328 810.8 173.989
329 -985.69 121.477
330 -900.23 150.717
331 931.96 140.872
332 -75.57 249.908
333 -956.63 132.454
334 -1070.23 78.5722
335 -276.55 -242.816
336 -523.16 -221.856
337 643.19 -205.686
338 -362.18 -237.189
339 843.06 -166.245
340 335.74 -239.102
341 -771.84 -182.53
342 385.1 -235.399
343 698.46 -196.583
344 -332.77 -239.307
345 1103.43 -51.0868
346 -381.21 235.711
347 -473.43 227.305
348 -1087.17 -66.0972
349 -21.25 250.427
350 -378.7 235.911
351 704.66 -195.488
352 638.28 206.44
353 748.67 -187.235
354 610.29 -210.579
355 632.51 207.315
356 1033.93 99.7271
357 -237.89 244.83
358 1100.03 -54.5878
359 71.68 -249.965
360 -392.5 234.794
361 857.25 -162.622
362 292.4 241.897
363 -878.99 156.786
364 489.68 -225.599
365 46.17 -250.262
366 -952 -134.091
367 -497.84 -224.715
368 602.39 -211.699
369 500.82 224.388
370 57.71 250.143
371 -735.78 189.741
372 1052.88 89.4016
373 -564.12 216.843
374 -946.45 136.017
375 -278.63 242.698
376 -1088.11 65.3288
377 -375.11 -236.194
378 -718.53 192.978
379 -121.56 -249.011
380 -710.94 -194.361
381 759.86 -184.995
382 -972.99 126.432
383 1010.12 -111.126
384 789.94 178.665
385 -774.22 182.031
386 765.5 183.843
387 -522.18 -221.97
388 579.18 -214.874
389 -909.52 147.937
390 -457.88 -228.873
391 892.27 -153.037
392 815.94 -172.798
393 -669.79 201.45
394 -354.34 -237.773
395 507.78 223.614
396 -1027.76 -102.828
397 -760.78 184.808
398 -353.21 -237.856
399 -407.43 -233.535
400 445.78 230.05
401 -228.91 -245.252
402 -938.16 138.825
403 -96.88 249.545
404 -671.7 201.136
405 -228.08 -245.29
406 -171.62 247.551
407 -760.48 184.869
408 -115.76 249.147
409 -380.02 -235.806
410 -399.3 234.228
411 -1033.04 100.182
412 -935.62 -139.669
413 931.5 141.022
414 -73.84 -249.934
415 279.57 242.645
416 -68.89 250.004
417 355.81 -237.664
418 -386.99 -235.246
419 -60.16 250.115
420 -284.82 -242.343
421 391.86 234.847
422 -443.58 -230.26
423 -958.87 -131.652
424 799.08 176.646
425 318.53 240.262
426 1003.49 114.053
427 -946.27 -136.079
428 -759.11 -185.147
429 -1092.27 61.8056
430 -247.69 244.349
431 -628.1 -207.976
432 -505.44 -223.876
433 -966.38 -128.911
434 -2.31 250.471
435 -241.89 -244.636
436 1083.22 -69.2257
437 592.44 -213.081
438 508.5 223.533
439 117.21 249.114
440 925.57 -142.937
441 -100.39 249.476
442 -631.67 207.442
443 -519.58 -222.272
444 398.56 234.29
445 -639.5 206.254
446 -394.96 -234.591
447 30.85 250.378
448 732.94 -190.283
449 -931.25 -141.103
450 -685.94 -198.748
451 -430.34 231.497
452 704.83 195.457
453 -677.45 -200.181
454 477.12 -226.924
455 -902.91 149.924
456 997.81 -116.488
457 1083.88 -68.7136
458 -683.34 199.19
459 -1000.84 -115.197
460 726.14 191.566
461 255.44 243.955
462 -365.36 236.948
463 -434.32 231.13
464 -450.23 229.621
465 -563.91 216.87
466 -868.72 159.588
467 -639.43 206.264
468 319.95 -240.169
469 -567.3 216.433
470 -668.71 201.627
471 -422.74 -232.187
472 908.27 148.316
473 -799.99 176.443
474 765.99 183.743
475 -1056.32 -87.3748
476 204.98 246.295
477 30.96 -250.377
478 -416.59 -232.736
479 -967.8 128.384
480 658.86 203.222
481 -1005.68 113.097
482 630.15 207.67
483 -237.09 244.868
484 503.95 224.042
485 1077.87 -73.2335
486 459.25 228.737
487 -1069.92 78.7804
488 -612.76 210.224
489 898.1 -151.344
490 -821.29 -171.542
491 -130 248.8
492 58.13 -250.139
493 -1119.55 -28.9873
494 516.11 -222.67
495 -803.5 175.653
496 588.67 213.596
497 -591.81 -213.168
498 473.88 227.259
499 703.33 -195.724
500 720.45 -192.624
501 66.95 250.03
502 589.6 213.47
503 794.14 -177.743
504 650.59 -204.534
505 -776.42 181.568
506 1100.93 53.6843
507 -999.13 115.928
508 -353.47 -237.837
509 856.04 -162.936
510 242.15 244.623
511 0.63 250.472
512 455.7 229.088
513 -1110.51 -42.8463
514 -1075.14 75.1891
515 -23.58 -250.417
516 12.17 -250.457
517 -521.67 -222.03
518 -367.99 -236.747
519 -15.36 250.449
520 658.91 -203.214
521 -1014.45 -109.16
522 914.92 146.284
523 -715.48 193.537
524 408.69 -233.426
525 -510.63 -223.293
526 -994.85 -117.732
527 -1025.95 103.717
528 -514.31 222.876
529 912.28 147.096
530 -966.21 128.974
531 -1099.51 55.1027
532 -400.64 -234.115
533 883.25 -155.6
534 -1087.46 -65.8611
535 536.86 -220.234
536 156.38 -248.049
537 898.42 151.25
538 -678.14 200.066
539 -976.01 -125.277
540 542.58 -219.541
541 -746.98 -187.568
542 -611.37 -210.424
543 -591.42 -213.221
544 -819.17 172.042
545 -115.74 -249.148
546 1055.75 87.7143
547 270.36 -243.16
548 -683.77 199.117
549 -261.43 -243.641
550 -294.22 241.788
551 611.08 -210.466
552 802.42 -175.897
553 953.19 -133.673
554 800.37 -176.358
555 -604.14 211.453
556 -193.67 246.747
557 415.28 -232.851
558 189.45 -246.908
559 30.47 -250.38
560 20.65 250.43
561 -977.68 124.633
562 -620.06 -209.164
563 623.93 -208.595
564 894.07 152.517
565 263.91 -243.509
566 -545.84 -219.142
567 620.69 209.072
568 408.41 233.451
569 -735.64 189.768
570 -324.39 -239.874
571 -992.75 118.604
572 1085.17 -67.7007
573 383.06 235.563
574 -604.83 211.355
575 464.16 228.248
576 1055.26 -88.005
577 201.39 246.441
578 -723.95 191.975
579 -1052.69 -89.5121
580 322.03 -240.031
581 101.71 -249.45
582 24.32 -250.414
583 892.28 -153.034
584 -426.28 -231.868
585 553.69 -218.167
586 751.64 186.646
587 235.31 -244.953
588 -695.49 -197.103
589 1046.11 -93.2437
590 487.67 -225.814
591 997.76 116.509
592 470.11 -227.645
593 -503.25 224.119
594 -891.13 -153.365
595 -273.83 -242.968
596 -42.24 250.296
597 -1039.23 96.9685
598 -207.46 -246.193
599 -506.35 -223.774
600 -566.07 -216.592
601 -710.98 -194.354
602 658.32 -203.309
603 -663.28 -202.511
604 278.96 242.679
605 -940.14 138.162
606 -175.55 -247.415
607 -997.39 -116.666
608 523.09 221.865
609 603.59 -211.53
610 -37.57 -250.333
611 -571.09 215.941
612 -51.87 -250.207
613 758.21 185.329
614 349.9 -238.097
615 -677.26 -200.213
616 869.93 -159.262
617 849.57 -164.6
618 -851.48 -164.112
619 295.64 -241.702
620 673.7 -200.805
621 219.32 -245.684
622 908.75 -148.171
623 128.12 -248.848
624 634.67 -206.989
625 235.58 244.94
626 183.13 247.144
627 668.09 201.729
628 772.71 182.348
629 555.92 -217.887
630 672.6 200.987
631 710.31 -194.475
632 -401.56 -234.037
633 -256.14 243.919
634 107.35 -249.333
635 85.62 249.748
636 -449.66 229.676
637 -929.43 141.695
638 713.89 193.827
639 -326.1 239.76
640 -72.62 -249.951
641 585.07 -214.084
642 -1010.51 -110.95
643 -422.32 232.225
644 -854.21 163.41
645 -402.08 -233.993
646 1018.7 107.188
647 -193 -246.773
648 -50.06 -250.225
649 165.82 247.747
650 -154.49 -248.108
651 -392.7 234.778
652 418.34 232.581
653 843.11 -166.232
654 -965.15 -129.366
655 1122.09 23.645
656 719.54 192.792
657 1067.62 -80.3065
658 580.42 214.709
659 179.16 247.287
660 -419.74 232.456
661 847.77 -165.058
662 -68.06 -250.015
663 884.69 -155.195
664 -172.79 -247.511
665 -293.7 -241.819
666 -651.59 204.377
667 272.08 -243.065
668 233.11 -245.057
669 567.12 216.457
670 -27.65 -250.397
671 259.86 -243.724
672 721.82 192.371
673 21.51 250.426
674 5.29 250.469
675 400.36 -234.138
676 333.26 239.273
677 -141.25 -248.497
678 847.28 165.182
679 692.97 -197.54
680 -822.61 -171.229
681 -412.2 233.121
682 981.44 -123.165
683 -991.69 119.041
684 -159.07 247.965
685 575.7 -215.335
686 -131.2 248.769
687 672.08 201.073
688 182.01 247.185
689 -516.92 222.578
690 728.96 -191.037
691 259.39 243.749
692 934.44 -140.058
693 865.2 160.529
694 -787.84 179.122
695 -875.14 -157.846
696 -442.3 230.381
697 -140.91 248.507
698 243.04 244.58
699 -3.33 250.471
700 -1115.88 -35.2902
701 -375.85 -236.136
702 297.1 241.614
703 -622.96 208.739
704 396.44 -234.467
705 -898.36 151.267
706 -126.55 -248.888
707 -965.29 -129.314
708 174.82 -247.441
709 -856.43 -162.835
710 470.59 227.596
711 -818.39 172.225
712 -206.54 246.231
713 -892 -153.115
714 336.93 239.019
715 272.95 243.017
716 148.76 248.281
717 1074.02 75.9755
718 -785.37 -179.657
719 -294.77 -241.755
720 -564.71 -216.768
721 1048.61 -91.8465
722 -1027.37 -103.021
723 456.95 228.965
724 54.02 -250.184
725 754.94 -185.987
726 -202.35 246.402
727 1092.54 -61.5695
728 -185.42 -247.059
729 -275.06 242.899
730 1067.74 80.2277
731 595.37 212.677
732 -360.8 237.292
733 -661.11 -202.861
734 843.75 166.072
735 475.18 -227.125
736 -453.76 -229.278
737 1054.55 -88.4243
738 -840.31 166.931
739 -431.41 231.399
740 535.76 -220.367
741 -496.94 224.814
742 451.88 -229.461
743 458.6 -228.802
744 282.09 -242.501
745 -556.33 217.835
746 427.25 -231.779
747 192.12 -246.807
748 924.96 -143.132
749 327.17 239.688
750 -798.98 -176.669
751 -799.63 176.523
752 399.22 -234.234
753 922.17 144.018
754 -422.9 -232.173
755 -82.43 -249.801
756 -804.2 -175.495
757 -536.55 220.272
758 372.03 236.435
759 793.08 177.977
760 -947.76 -135.566
761 776.8 -181.488
762 -1024.1 -104.616
763 1071.95 -77.4057
764 -602.99 -211.615
765 -312.44 -240.656
766 -972.5 126.618
767 -931.44 141.041
768 -1095.29 59.1075
769 347.39 -238.279
770 -246.13 244.427
771 -51.76 250.208
772 706.77 -195.111
773 111.98 -249.233
774 298.54 241.526
775 124.51 -248.939
776 294.71 241.758
777 -257.92 -243.826
778 -206.24 246.243
779 86.15 249.739
780 -76.29 249.897
781 145.67 248.371
782 -1093.92 60.3474
783 -1066.25 -81.2004
784 6.35 250.468
785 -591.1 213.265
786 -648.94 -204.793
787 5.56 250.469
788 27.48 -250.397
789 -405.28 -233.72
790 805.02 -175.309
791 1047.45 -92.4978
792 -930.9 -141.217
793 352.44 -237.912
794 681.07 -199.574
795 -117.25 -249.113
796 -397.45 234.383
797 -240.16 -244.72
798 725.34 -191.716
799 545.74 219.154
800 494.32 -225.099
801 520.15 -222.206
802 823.51 171.016
803 154.2 248.117
804 -878.19 157.007
805 -1040.01 -96.5546
806 -764.17 -184.116
807 493.89 -225.145
808 -487.08 225.877
809 -949.97 -134.8
810 11.74 250.458
811 981.15 123.279
812 919.91 144.73
813 773.4 -182.203
814 -777.92 -181.251
815 939.81 138.272
816 871.67 158.792
817 -243.97 -244.534
818 -189.25 246.916
819 734.99 -189.892
820 329.5 239.53
821 904.79 -149.363
822 -275.82 -242.857
823 -203.45 246.358
824 -358.67 237.452
825 147.03 248.332
826 -812.76 173.537
827 499.32 224.553
828 1019.42 106.849
829 547.35 218.955
830 904.37 -149.488
831 -627.82 -208.018
832 -89.32 -249.684
833 -260.9 -243.669
834 -318.27 240.279
835 161.12 247.9
836 -680.94 -199.596
837 684.93 -198.92
838 518.47 222.4
839 -520.1 -222.211
840 -958.35 -131.838
841 -569.43 216.157
842 483.02 -226.307
843 343.48 -238.558
844 94.26 -249.594
845 -513.27 222.994
846 434.83 -231.082
847 -879.13 -156.747
848 -963.12 -130.111
849 876.04 157.599
850 522.92 221.884
851 84.73 -249.763
852 -911.8 147.243
853 580.39 -214.713
854 866.5 -160.183
855 1001.81 -114.78
856 -6.32 250.468
857 -946.8 135.897
858 -941.56 -137.683
859 31.54 250.374
860 -39.59 250.317
861 -594.57 212.788
862 -367.31 -236.799
863 425.62 -231.928
864 348.95 238.166
865 307.04 240.999
866 -758.04 185.364
867 1107.36 -46.6991
868 -82.97 -249.792
869 -160.28 247.926
870 199.46 246.519
871 -861.82 161.425
872 759.82 -185.003
873 227.95 245.296
874 1033.73 -99.8294
875 1017.4 107.796
876 -395.2 234.571
877 1025.99 -103.698
878 -407.89 -233.496
879 -631.01 207.541
880 317.39 240.336
881 -286.97 -242.218
882 -475.97 -227.043
883 -966.2 -128.978
884 1062.54 -83.5674
885 801.51 -176.102
886 57.91 250.141
887 -1092.07 -61.9799
888 -491.29 -225.426
889 175.61 247.413
890 -622.12 208.862
891 594.88 212.745
892 -688.46 198.318
893 -143.16 248.443
894 -808.64 -174.485
895 631.31 -207.496
896 215.26 -245.862
897 -318.52 -240.262
898 -772.93 -182.302
899 831.48 -169.101
900 -654.44 203.926
901 292.76 241.875
902 -905.28 -149.216
903 -997.82 -116.484
904 649.8 204.658
905 213.51 245.937
906 557.82 217.647
907 950.93 -134.465
908 -610.37 -210.567
909 -774 182.077
910 264.38 243.484
911 -377.37 -236.016
912 421.46 232.302
913 -1021.12 -106.045
914 -740.03 188.923
915 789.24 -178.817
916 -843.25 166.197
917 959.96 131.259
918 -125.96 -248.903
919 -938.01 138.875
920 -487.74 225.806
921 524.26 221.728
922 515.46 -222.745
923 -22.78 250.421
924 -613.42 210.129
925 693.49 -197.45
926 64.33 -250.064
927 68.21 -250.013
928 -1023.63 104.843
929 -619.55 209.239
930 -962.97 -130.165
931 305.8 -241.077
932 -67.79 250.018
933 472.77 -227.373
934 -116.03 249.141
935 -774.37 182
936 -704.32 195.548
937 315.19 240.479
938 706.42 195.174
939 -382.88 -235.578
940 -1097.06 -57.4636
941 -29.37 -250.387
942 -1086.7 -66.4777
943 33.97 250.358
944 294.81 241.752
945 -503.77 224.062
946 471.6 227.493
947 744.49 188.056
948 -473.96 -227.251
949 -764.44 -184.061
950 -448.46 229.792
951 -13.75 -250.453
952 -133.07 248.72
953 46.37 250.26
954 -73.44 249.94
955 827.71 -170.011
956 748.64 187.241
957 -49.09 250.234
958 902.74 -149.974
959 -270.76 243.138
960 -1026.7 103.35
961 752.52 186.471
962 732.51 190.365
963 -353 237.871
964 86.76 249.729
965 1028.29 102.566
966 1016.52 -108.205
967 -458.72 228.79
968 1094.12 -60.168
969 248.12 244.328
970 -557.6 -217.675
971 1014.13 109.307
972 -520.09 222.213
973 -310.67 -240.77
974 568.37 216.295
975 -460.98 -228.566
976 640.79 206.056
977 -452.39 229.412
978 640.26 -206.137
979 848.39 164.901
980 -565.69 -216.641
981 -240.63 -244.697
982 183.97 -247.113
983 380.27 235.786
984 1024.41 104.466
985 232.85 -245.069
986 938.79 -138.614
987 -509.85 -223.381
988 122.12 248.997
989 975.37 125.523
990 -1086.35 66.7596
991 -503.27 224.117
992 957.12 -132.279
993 96.45 -249.553
994 -528.25 -221.26
995 85.26 249.754
996 1071.29 77.8556
997 291.89 241.927
998 311.27 -240.731
999 -415.08 -232.869
1000 554.41 -218.077
1001 605.39 -211.276
1002 -158.12 247.995
1003 -1008.2 -111.983
1004 233.8 -245.024
1005 805.82 175.128
1006 -931.21 141.116
1007 123.77 248.957
1008 -111.38 249.246
1009 -407.31 233.546
1010 -881.44 156.106
1011 -823.95 170.911
1012 -921.02 144.381
1013 -1059.56 -85.4155
1014 -641.37 205.967
1015 -987.89 -120.591
1016 77.95 249.872
1017 -955.83 132.739
1018 1047.39 -92.5314
1019 326.24 -239.75
1020 -1043.24 -94.8183
1021 1052.27 -89.7556
1022 -1005.09 113.355
1023 583.31 214.321
1024 180.41 247.243
1025 176.11 247.396
1026 655.66 -203.733
1027 -584.86 -214.113
1028 404.12 -233.819
1029 -573.21 215.663
1030 -380.21 235.791
1031 -528.04 221.285
1032 346.56 238.338
1033 -142.42 -248.464
1034 1072.31 -77.159
1035 1116.04 35.0395
1036 -100.94 -249.465
1037 -233.72 -245.028
1038 -511.16 223.234
1039 363.18 237.113
1040 -1027.04 103.183
1041 300.23 -241.423
1042 -282.2 242.494
1043 -618.44 -209.401
1044 -411.56 233.177
1045 -154.39 -248.111
1046 153.37 248.142
1047 -189.42 246.91
1048 -388.38 -235.133
1049 819.17 172.042
1050 -383.98 -235.489
1051 423.07 -232.158
1052 861.72 161.451
1053 -599.52 212.101
1054 368.3 -236.723
1055 -51.42 -250.211
1056 -122.04 -248.999
1057 -108.8 249.302
1058 745.08 187.941
1059 180.99 247.222
1060 -265.25 -243.437
1061 -548.1 218.863
1062 282.05 -242.503
1063 -1089.17 64.4507
1064 27.92 -250.395
1065 127.56 248.863
1066 695.69 -197.068
1067 -409.19 233.383
1068 777.3 -181.382
1069 -205.69 -246.266
1070 -333.05 -239.288
1071 -762.37 184.485
1072 133.96 248.697
1073 538.45 -220.043
1074 -637.3 206.59
1075 -990.6 119.488
1076 -328.67 239.586
1077 -377.45 236.01
1078 -50.83 -250.217
1079 -34.21 -250.357
1080 849.73 -164.559
1081 1072.92 -76.7391
1082 1126.83 -5.71609
1083 -597.67 -212.359
1084 -679.01 199.92
1085 -166.6 -247.721
1086 535.88 220.352
1087 -1078.92 72.466
1088 480.48 226.574
1089 1058.19 -86.2501
1090 441.98 -230.411
1091 172.61 247.517
1092 946.7 -135.931
1093 792.29 -178.15
1094 947.05 -135.811
1095 163.39 247.826
1096 141.42 -248.493
1097 -152.78 -248.16
1098 -903.69 149.691
1099 917.44 145.502
1100 696.75 -196.883
1101 -574.66 215.472
1102 186.54 -247.018
1103 793.33 -177.921
1104 976.53 125.077
1105 -97.9 249.525
1106 572.07 215.812
1107 -325.2 -239.82
1108 -1010.24 111.072
1109 721.05 -192.514
1110 470.33 227.623
1111 129.31 -248.818
1112 -919.42 144.884
1113 437.98 -230.788
1114 855.19 -163.157
1115 -299.03 241.496
1116 -360.13 237.343
1117 447.35 -229.899
1118 661.13 202.858
1119 -206.42 -246.236
1120 289.93 -242.044
1121 -375.15 -236.191
1122 -783.19 180.126
1123 -58.24 -250.137
1124 -565.14 216.712
1125 -848.4 164.898
1126 92.94 249.619
1127 -842.69 166.338
1128 847.91 165.022
1129 -33.79 250.359
1130 -593.3 212.963
1131 -1117.7 32.3211
1132 -906.13 -148.961
1133 -293.63 241.823
1134 -73.53 -249.938
1135 95.35 -249.574
1136 754.02 186.171
1137 -219.08 -245.695
1138 -91.25 -249.65
1139 253.76 -244.041
1140 -597.68 -212.357
1141 -466.35 228.027
1142 1116.05 35.0237
1143 233.73 245.027
1144 511.36 223.211
1145 550.11 218.614
1146 946.06 -136.151
1147 783.81 -179.993
1148 807.73 -174.693
1149 403.42 233.879
1150 904.31 149.506
1151 791.87 178.242
1152 292.72 241.878
1153 -190.06 -246.885
1154 -690.63 197.945
1155 254.08 244.025
1156 855.82 162.994
1157 186.25 247.029
1158 512.1 223.127
1159 -427.27 -231.778
1160 114.06 -249.186
1161 -165.78 -247.748
1162 721.63 -192.406
1163 433.73 231.184
1164 871.23 158.911
1165 -980.65 -123.475
1166 1005.84 113.026
1167 -425.29 231.957
1168 733.61 -190.156
1169 -65.07 -250.054
1170 778.9 -181.043
1171 388.83 235.096
1172 -339.66 238.828
1173 -1066.01 81.3558
1174 399.08 -234.246
1175 -1104.22 -50.2368
1176 -499.06 224.582
1177 -656.64 203.577
1178 255.3 243.962
1179 -102.74 249.429
1180 -453.87 229.267
1181 -404.55 233.782
1182 598.11 -212.297
1183 -200.27 246.486
1184 -676.6 -200.323
1185 -463.72 -228.292
1186 -112.74 249.216
1187 479.48 -226.678
1188 -474.66 227.179
1189 -907.4 148.579
1190 1077.96 73.1681
1191 -1100.41 54.2083
1192 13.5 250.454
1193 -792.87 178.023
1194 788.27 -179.029
1195 722.41 192.262
1196 745.97 187.766
1197 -737.78 -189.357
1198 1123.12 21.0923
1199 -530.12 -221.039
1200 150.84 -248.219
1201 912.68 -146.973
1202 -950.48 134.623
1203 -603.88 211.489
1204 108.93 249.299
1205 -843.18 166.215
1206 826.9 170.206
1207 -410.6 -233.261
1208 696.49 -196.928
1209 -515.82 222.704
1210 268.35 -243.269
1211 407.96 -233.489
1212 212.19 245.993
1213 -576.17 -215.273
1214 -424.64 -232.016
1215 731.24 190.606
1216 684.16 -199.051
1217 -693.16 -197.508
1218 110.73 -249.26
1219 538.52 220.034
1220 -629.91 -207.706
1221 335.86 239.094
1222 905.29 149.213
1223 -1076.17 74.4579
1224 -811.41 173.848
1225 -899.27 -151
1226 935.14 139.827
1227 -835.02 168.237
1228 -61.17 250.103
1229 -33.74 -250.36
1230 -985.81 -121.429
1231 -132.76 248.728
1232 492.75 225.269
1233 1059.29 -85.5807
1234 -33.73 -250.36
1235 1054.51 -88.4478
1236 -456.8 228.98
1237 343.02 238.591
1238 -145.28 248.383
1239 -411.55 233.178
1240 -679.15 199.897
1241 237.95 -244.827
1242 -474.38 -227.208
1243 -770.67 -182.774
1244 -575.98 -215.298
1245 -463.45 -228.319
1246 37.33 250.334
1247 -278.81 242.688
1248 605.51 -211.259
1249 298.21 -241.546
1250 -873.9 -158.185
1251 708.47 -194.806
1252 583.33 -214.319
1253 958.21 -131.889
1254 1100.83 53.7855
1255 547.08 -218.989
1256 196.21 -246.648
1257 -4.87 -250.47
1258 808.09 174.61
1259 -561.54 217.174
1260 -425.96 -231.897
1261 705.71 -195.3
1262 1087.98 65.4357
1263 405.59 233.693
1264 -696.3 -196.961
1265 718.31 193.019
1266 696.16 196.986
1267 -108.16 249.316
1268 -275.82 242.857
1269 514.44 -222.861
1270 938.52 138.704
1271 418.77 232.542
1272 -171.61 -247.552
1273 671.4 -201.185
1274 -434.82 231.083
1275 -334.88 239.161
1276 686.49 -198.655
1277 -697.03 -196.834
1278 -645.3 205.36
1279 9.79 -250.462
1280 -364.24 237.033
1281 328.54 -239.595
1282 908.18 -148.343
1283 135.45 248.657
1284 -541.11 219.72
1285 972 -126.808
1286 848.17 -164.956
1287 514.36 222.87
1288 1102.42 -52.1525
1289 -39.43 -250.319
1290 -140.93 -248.506
1291 -854.39 163.364
1292 -631.5 -207.467
1293 -857.27 -162.617
1294 810.29 -174.106
1295 -1038.33 97.4434
1296 -302.72 -241.269
1297 426.61 231.838
1298 -539.69 -219.892
1299 -1066.27 -81.1874
1300 -1096.76 57.7457
1301 -1036.74 98.2759
1302 1007.94 -112.099
1303 352 -237.944
1304 718.79 192.93
1305 -437.66 230.818
1306 1118.98 -30.0545
1307 216.77 -245.796
1308 -830.57 -169.321
1309 -76.15 249.9
1310 514.34 -222.873
1311 -1085.32 67.5819
1312 457.72 -228.889
1313 369.65 236.619
1314 1105.09 49.283
1315 -121.17 -249.02
1316 792.4 -178.126
1317 585.96 -213.964
1318 -16.18 250.446
1319 -482.53 226.358
1320 897.42 -151.543
1321 274.78 -242.915
1322 -595.99 212.592
1323 -387.06 235.24
1324 802.29 175.926
1325 100.94 249.465
1326 596.83 212.475
1327 635.73 -206.828
1328 -495.71 224.948
1329 864.97 160.591
1330 -704.31 -195.55
1331 961.94 130.541
1332 866.17 160.271
1333 -0.87 -250.472
1334 290.61 242.003
1335 1030.12 -101.656
1336 -848.61 -164.845
1337 716.55 -193.341
1338 20.73 -250.43
1339 867.24 159.985
1340 -1078.22 72.9786
1341 41.01 -250.306
1342 -116.44 -249.132
1343 -783.74 180.008
1344 -10.04 250.462
1345 324.45 -239.87
1346 572.61 -215.742
1347 -716.97 -193.265
1348 -67.94 -250.016
1349 65.75 250.045
1350 -65.92 250.043
1351 965.85 129.107
1352 1083.35 69.1251
1353 -1014.41 -109.179
1354 316.12 240.419
1355 -769.23 183.073
1356 -220.69 -245.624
1357 -691.35 -197.821
1358 414.41 232.928
1359 331.14 -239.418
1360 1009.46 111.421
1361 -1048.19 92.083
1362 579.31 214.857
1363 -468.97 -227.761
1364 718.04 193.068
1365 -490.12 225.552
1366 -963.84 129.847
1367 -882.32 155.86
1368 -813.59 -173.345
1369 1075.41 74.9982
1370 429.52 231.572
1371 -932.62 140.656
1372 520.23 222.196
1373 435.8 230.992
1374 633.09 -207.228
1375 -1122.13 23.5511
1376 951.85 -134.144
1377 991.89 -118.959
1378 -980.73 -123.444
1379 -837.79 -167.555
1380 -925.84 142.851
1381 35.29 -250.349
1382 -407.48 233.531
1383 -1020.29 -106.439
1384 931.16 -141.133
1385 -159.16 -247.962
1386 1046.08 93.2603
1387 -134.55 248.681
1388 -666.95 -201.915
1389 -803.7 -175.608
1390 1024.44 104.452
1391 -1063.11 83.2087
1392 10.93 250.46
1393 -701.21 196.099
1394 -370.43 236.559
1395 -863.61 -160.952
1396 -565.38 216.681
1397 439.58 230.638
1398 538.56 -220.029
1399 400.39 234.136
1400 270.5 -243.152
1401 -578.4 -214.978
1402 -981.19 -123.263
1403 42.13 250.297
1404 -302.49 241.283
1405 586.91 213.836
1406 -742 -188.541
1407 741.11 -188.714
1408 597.66 212.36
1409 165.37 247.761
1410 -430.54 -231.479
1411 -65.01 -250.055
1412 -82.53 -249.8
1413 -60.62 250.109
1414 1019.56 106.783
1415 -658.04 -203.353
1416 113.68 249.195
1417 -878.11 157.03
1418 -534.84 220.477
1419 1026.33 103.531
1420 1050.79 90.6078
1421 357.13 237.566
1422 156.97 248.031
1423 -609.76 -210.655
1424 14.17 250.452
1425 -16.16 -250.446
1426 -500.83 224.387
1427 609.53 -210.687
1428 100.39 249.476
1429 -638.97 -206.335
1430 223.12 -245.515
1431 -695.89 197.033
1432 84.65 249.765
1433 -497.57 -224.745
1434 -168.34 247.663
1435 -229.4 -245.229
1436 -586.23 -213.928
1437 -556.76 217.781
1438 -52.15 250.204
1439 797.05 177.099
1440 702.83 -195.813
1441 -200.01 246.497
1442 629.13 207.823
1443 -1094.21 60.0872
1444 380.36 -235.779
1445 -782.64 180.244
1446 -705.08 195.413
1447 -558.4 217.573
1448 1072.18 77.2482
1449 527.26 -221.377
1450 -98.47 -249.514
1451 836.61 -167.846
1452 -993.32 -118.368
1453 725.57 191.673
1454 -791.62 -178.297
1455 -227.16 245.332
1456 175.34 -247.423
1457 158.5 -247.983
1458 -934.7 139.972
1459 350.31 -238.067
1460 319.81 240.178
1461 87.84 249.71
1462 -350.28 238.07
1463 -64.77 250.058
1464 25.91 -250.406
1465 104.99 249.383
1466 -976.97 -124.907
1467 825.54 170.532
1468 355.98 -237.652
1469 -895.95 -151.972
1470 988.51 120.34
1471 -209.46 -246.109
1472 34.34 -250.356
1473 -113.79 -249.192
1474 415 232.876
1475 191.34 246.836
1476 -225.42 245.412
1477 -392.37 -234.805
1478 -123.58 248.962
1479 -491.23 -225.432
1480 1044.08 -94.3606
1481 -605.08 211.32
1482 -307.87 240.947
1483 -18.78 250.437
1484 611.87 -210.352
1485 -476.25 227.014
1486 284.61 242.355
1487 63.78 250.071
1488 269.28 243.219
1489 708.8 194.747
1490 754.17 -186.141
1491 873.71 158.237
1492 -176.78 247.372
1493 140.64 -248.514
1494 -0.11 250.472
1495 759.57 185.054
1496 -567.05 216.466
1497 399.5 -234.211
1498 933.93 140.226
1499 -569.36 216.166
1500 201.73 246.428
1501 671.02 -201.248
1502 -229.73 245.214
1503 1017.66 -107.675
1504 -213.17 245.952
1505 336.72 239.034
1506 -601.16 211.872
1507 253.44 -244.058
1508 -961.43 130.726
1509 743.23 -188.302
1510 -90.06 249.671
1511 -194.51 -246.714
1512 -534.65 -220.5
1513 439.86 -230.612
1514 77.44 -249.88
1515 -207.77 246.18
1516 -31.57 -250.374
1517 130.49 248.788
1518 -568.29 216.305
1519 338.72 238.894
1520 447.63 -229.872
1521 -522.17 -221.972
1522 457.57 -228.904
1523 579.12 -214.882
1524 1027.45 102.981
1525 972.72 -126.535
1526 -1025.96 -103.712
1527 924.25 -143.358
1528 -1067.09 -80.6536
1529 -282.92 -242.453
1530 268.1 -243.283
1531 -245.86 -244.44
1532 -1035.75 -98.7901
1533 464.97 228.166
1534 826.68 170.259
1535 -80.06 -249.839
1536 -964.32 129.671
1537 551.11 -218.489
1538 369.38 -236.64
1539 -402.06 -233.994
1540 -265.37 243.431
1541 -346.41 -238.349
1542 -691.16 197.853
1543 -855.77 163.007
1544 301.62 -241.337
1545 -381.66 235.675
1546 176.67 247.376
1547 -993.72 118.202
1548 -709.29 -194.659
1549 40.19 250.313
1550 452.13 -229.437
1551 -287.25 -242.201
1552 -216.23 245.82
1553 845.15 165.72
1554 -350.6 -238.046
1555 205.59 -246.27
1556 -1085.78 -67.216
1557 1081.68 70.4048
1558 820.51 171.726
1559 687.9 -198.414
1560 818.25 -172.258
1561 352.65 237.897
1562 812.47 173.604
1563 979.47 -123.937
1564 -191.59 246.827
1565 551.04 218.498
1566 32.39 -250.368
1567 429.9 -231.537
1568 -337.73 -238.963
1569 125.25 248.921
1570 45.98 250.263
1571 -810.85 173.977
1572 512.26 223.109
1573 -671.33 201.197
1574 -335.38 -239.127
1575 -933.01 140.528
1576 740.4 188.852
1577 -82.73 249.796
1578 -1080.71 71.1366
1579 -84.14 249.773
1580 662.74 -202.598
1581 -36.14 -250.343
1582 745.59 -187.841
1583 -901.83 -150.244
1584 -74.5 249.924
1585 -38.22 250.328
1586 998.57 -116.166
1587 511.81 -223.16
1588 -105.17 -249.379
1589 450.63 -229.583
1590 130.6 248.785
1591 1090.32 -63.4832
1592 -449.95 -229.648
1593 -0.44 -250.472
1594 -1018.28 107.385
1595 -314.06 -240.552
1596 841.33 166.677
1597 -378.48 235.928
1598 -630.92 -207.555
1599 809.38 -174.315
1600 890.57 -153.525
1601 -239.02 244.775
1602 -644.06 -205.552
1603 -660.98 202.882
1604 -664.07 -202.383
1605 -307.25 240.986
1606 -375 236.203
1607 777.76 181.284
1608 174.21 -247.462
1609 920.56 144.526
1610 846.95 165.266
1611 1061.67 84.1117
1612 325.33 -239.811
1613 807.55 -174.734
1614 -1007.63 -112.236
1615 -170.11 -247.603
1616 587.2 213.796
1617 -24.97 250.41
1618 122.24 248.995
1619 -984.17 -122.084
1620 1104.43 -50.0083
1621 465.08 -228.155
1622 -156.45 -248.047
1623 -925.52 -142.953
1624 -518.72 -222.371
1625 -102.84 249.427
1626 -1118.93 -30.1463
1627 -1027.32 -103.045
1628 354.99 -237.725
1629 -1008.39 -111.899
1630 -267.37 -243.323
1631 -446.52 -229.979
1632 -509.34 -223.439
1633 -418.44 -232.572
1634 -537.77 220.125
1635 -701.41 196.064
1636 238.14 244.818
1637 649.94 -204.636
1638 -460.57 228.606
1639 -1119.75 28.6032
1640 -167.03 247.706
1641 703.35 -195.72
1642 557.89 217.638
1643 204.49 246.315
1644 450.69 229.577
1645 198.63 246.552
1646 -745.43 -187.872
1647 424.26 232.051
1648 -684.14 199.055
1649 223.26 245.509
1650 -322.83 239.978
1651 -960.26 131.15
1652 -346.63 238.333
1653 -1040.9 96.0799
1654 736.12 189.676
1655 -1077.99 -73.1462
1656 63.87 -250.069
1657 -88.2 249.704
1658 1051.3 90.3152
1659 1054.15 -88.6595
1660 -126.66 -248.885
1661 -790.18 178.612
1662 258.74 243.783
1663 168.68 247.651
1664 -938.43 -138.734
1665 -1000.27 -115.442
1666 -77.13 -249.885
1667 -661.13 202.858
1668 169.72 247.616
1669 -190.47 246.87
1670 864.64 -160.678
1671 253.76 244.041
1672 39.65 250.317
1673 -928.72 -141.924
1674 871.45 158.851
1675 467.03 227.958
1676 62.61 250.085
1677 255.09 243.973
1678 787.28 179.244
1679 -1067.81 80.1817
1680 341.44 -238.703
1681 -1036.47 98.4165
1682 880.68 -156.317
1683 -220.69 245.624
1684 245.9 244.438
1685 -565.44 216.674
1686 3.27 250.471
1687 47.31 250.251
1688 -785.74 179.577
1689 1015.86 108.511
1690 813.33 -173.405
1691 304.81 -241.139
1692 428.99 -231.621
1693 317.59 -240.323
1694 -436.34 230.942
1695 -299.62 -241.46
1696 1056.22 87.4344
1697 529.25 221.142
1698 -655.35 -203.782
1699 477.25 226.911
1700 -36.88 250.338
1701 -644.43 -205.495
1702 2.62 -250.471
1703 405.09 -233.736
1704 823.6 -170.994
1705 -1002.58 114.448
1706 133.53 -248.708
1707 -830.1 -169.435
1708 1093.37 60.8376
1709 583.6 214.282
1710 -814.17 -173.21
1711 702.45 -195.88
1712 454.96 -229.16
1713 803.85 -175.574
1714 -12.84 250.456
1715 -433.31 -231.223
1716 525.2 221.618
1717 -291.78 -241.934
1718 -77.39 -249.881
1719 519.24 -222.311
1720 -379.18 -235.873
1721 -767.57 -183.417
1722 713.71 -193.86
1723 646.56 -205.164
1724 1032.24 -100.588
1725 53.08 -250.194
1726 559.74 217.403
1727 -1057.38 -86.7393
1728 1096.76 -57.7457
1729 206.24 246.243
1730 138.56 -248.572
1731 930.61 -141.312
1732 -1121.32 -25.3849
1733 -564.79 -216.757
1734 -1090.14 63.6356
1735 -288.49 242.129
1736 -140.89 -248.507
1737 99.41 249.496
1738 697.12 -196.818
1739 91.94 249.637
1740 -972.93 126.455
1741 -1070.31 78.5184
1742 789.47 -178.767
1743 733.89 -190.102
1744 728.93 191.042
1745 935.96 -139.556
1746 -661.26 -202.837
1747 -727.08 -191.39
1748 149.65 -248.254
1749 430.41 231.491
1750 961.57 130.675
1751 -846.8 165.304
1752 172.21 247.531
1753 481.46 226.471
1754 315.64 -240.45
1755 -706.97 195.075
1756 -878.57 -156.902
1757 -1093.13 61.0502
1758 302.54 -241.28
1759 730.55 -190.737
1760 -477.92 -226.841
1761 810.2 174.127
1762 255.47 243.953
1763 -232.08 245.105
1764 -177.81 -247.336
1765 -204.32 -246.322
1766 600.08 -212.023
1767 527.51 -221.347
1768 86 249.742
1769 121.19 249.02
1770 873.53 158.286
1771 913.42 -146.746
1772 629.73 207.733
1773 -514.88 -222.811
1774 324.26 239.883
1775 1083.84 -68.7448
1776 348.57 238.193
1777 55.22 250.171
1778 930.87 -141.227
1779 -41.2 -250.305
1780 -1049.09 -91.5754
1781 556.63 -217.797
1782 686.12 -198.718
1783 -482.76 226.334
1784 576.54 -215.224
1785 -156.07 248.059
1786 -76.85 249.889
1787 387.46 235.208
1788 757 185.573
1789 658.02 203.357
1790 -672.56 200.994
1791 -597.09 212.439
1792 -1093.29 -60.9085
1793 311.13 -240.74
1794 -736.7 189.565
1795 739.36 189.053
1796 -374.9 236.211
1797 -391.92 234.842
1798 339.43 -238.844
1799 -451.94 229.455
1800 850.64 164.327
1801 155.05 248.091
1802 -554.09 218.117
1803 572.02 -215.819
1804 575.19 215.402
1805 -57.88 250.141
1806 933.88 -140.242
1807 616.32 209.71
1808 -138.89 248.563
1809 -580.98 214.634
1810 856.77 -162.747
1811 -58.4 -250.135
1812 -996.49 117.045
1813 1124.66 -16.5513
1814 777.15 -181.414
1815 827.53 170.055
1816 -304.86 241.136
1817 -264.47 -243.479
1818 -263.85 243.512
1819 81.51 -249.816
1820 -226.95 -245.342
1821 394.23 -234.651
1822 201.97 -246.418
1823 -743.45 188.259
1824 75.78 249.905
1825 211.19 246.036
1826 762.03 -184.554
1827 -146.24 248.355
1828 -1009.72 111.305
1829 310.89 -240.755
1830 1052.74 -89.483
1831 -704.89 -195.447
1832 -549.38 218.704
1833 -161.83 247.877
1834 262.76 -243.571
1835 -300.35 241.415
1836 629.52 207.764
1837 908.62 -148.21
1838 -924.01 143.435
1839 -666.04 -202.063
1840 -715.7 193.497
1841 -802.74 175.825
1842 -304.12 -241.182
1843 1046.28 -93.1495
1844 -921.39 144.264
1845 1003.63 -113.992
1846 -993.52 118.285
1847 1047.39 92.5314
1848 -599.76 212.067
1849 62.98 -250.081
1850 348.52 238.197
1851 -1001.88 -114.75
1852 163.28 247.83
1853 -288.7 -242.116
1854 -994.56 -117.853
1855 -399.69 -234.195
1856 -969.27 127.835
1857 381.37 -235.699
1858 -887.69 154.347
1859 116.94 -249.12
1860 -931.06 141.165
1861 853.24 -163.66
1862 -885.42 154.989
1863 301.44 -241.348
1864 -687.16 -198.54
1865 -1029.82 -101.805
1866 651.28 204.425
1867 -478.1 226.822
1868 -143.36 248.438
1869 571.08 -215.942
1870 470.32 227.624
1871 -259.73 243.731
1872 -60.61 -250.109
1873 -1007.03 112.502
1874 -82.81 -249.795
1875 -314.81 -240.504
1876 601.18 211.869
1877 -956.95 -132.34
1878 26.97 -250.4
1879 -813.53 173.358
1880 -295.62 -241.703
1881 -778.73 -181.079
1882 329.27 239.546
1883 237.53 244.847
1884 -643.68 205.611
1885 -585.3 214.053
1886 -313.57 240.584
1887 -116.31 249.135
1888 -77.84 249.874
1889 -255.88 243.932
1890 767.37 183.458
1891 289.35 242.078
1892 -950.58 134.588
1893 255.47 -243.953
1894 -759.45 185.078
1895 65.71 -250.046
1896 -331.08 239.423
1897 1079.82 71.8009
1898 -536.02 220.335
1899 -118.57 -249.082
1900 547.04 -218.994
1901 -1016.24 -108.335
1902 955.92 132.707
1903 278.17 242.724
1904 138.53 248.573
1905 -768.32 -183.262
1906 -228.34 245.278
1907 395.3 -234.562
1908 950.6 134.581
1909 -1091.26 62.6805
1910 -355.28 237.703
1911 462.3 -228.434
1912 915.54 146.092
1913 87.29 249.72
1914 -320.56 240.128
1915 -302.06 -241.31
1916 -320.04 240.163
1917 6.64 -250.468
1918 308.11 -240.932
1919 -472.33 227.418
1920 -755.17 -185.941
1921 945.52 -136.336
1922 502.76 224.174
1923 -228.93 245.251
1924 379.49 -235.848
1925 -735.41 189.812
1926 -383.91 -235.495
1927 783.06 180.154
1928 -610.15 210.599
1929 -846.76 165.314
1930 187.4 -246.986
1931 -751.67 186.64
1932 -174.8 -247.441
1933 688.22 -198.359
1934 -167.57 247.688
1935 -26.89 250.401
1936 56.01 -250.162
1937 631.78 207.425
1938 1022.5 -105.386
1939 -1051.76 90.0503
1940 -832.34 -168.891
1941 -719.5 -192.8
1942 48.54 250.24
1943 -861.99 -161.38
1944 -163.17 -247.833
1945 526.63 -221.451
1946 978.9 -124.159
1947 1010.05 111.157
1948 -478.2 226.812
1949 -966.97 -128.693
1950 694.67 197.245
1951 564.99 -216.731
1952 247.92 244.338
1953 -543.26 219.458
1954 -404.41 233.794
1955 -359.36 237.4
1956 -16.53 -250.445
1957 -738.3 189.257
1958 -223.77 -245.486
1959 210.07 -246.083
1960 565.49 -216.667
1961 201.88 -246.421
1962 316.48 -240.396
1963 1084.06 68.5733
1964 -938.85 138.594
1965 -1026.87 103.267
1966 693.58 197.435
1967 -824.92 170.68
1968 95.72 249.567
1969 655.47 203.763
1970 -323.45 239.937
1971 -910.46 147.652
1972 52.03 -250.205
1973 1029.18 102.125
1974 -344.41 238.492
1975 -711.91 -194.186
1976 255.78 243.937
1977 -1081.92 -70.2224
1978 967.89 -128.351
1979 -540.41 -219.805
1980 -914.95 -146.275
1981 532.17 220.796
1982 -1084.06 -68.5733
1983 -861.57 161.491
1984 -110.92 249.256
1985 809.06 174.388
1986 912.83 146.927
1987 -587.27 -213.787
1988 422.17 232.239
1989 108.35 249.312
1990 685.85 198.764
1991 -763.19 184.317
1992 542.23 219.584
1993 636.5 206.711
1994 706 -195.249
1995 -859.61 162.006
1996 -997.21 116.742
1997 685.35 -198.849
1998 897.48 -151.525
1999 -750.83 -186.807
2000 900.87 150.528
2001 -544.03 219.364
2002 -887.8 154.315
2003 708.7 -194.765
2004 -57.41 250.147
2005 553.85 -218.147
2006 -655.93 -203.69
2007 -767.94 -183.34
2008 -696.28 -196.965
2009 -430.34 -231.497
2010 -807.58 -174.727
2011 340.4 -238.776
2012 -687.98 -198.4
2013 -977.41 124.737
2014 -646.22 205.217
2015 -102.35 249.437
2016 -303.37 -241.229
2017 -1035.11 99.1208
2018 -482.31 -226.382
2019 -639.69 -206.225
2020 340.08 238.799
2021 417.83 -232.626
2022 -509.14 -223.461
2023 -177.74 -247.338
2024 60.12 250.115
2025 -32.32 250.369
2026 953.94 -133.408
2027 441.18 -230.487
2028 306.39 241.04
2029 617.07 209.601
2030 848.54 -164.862
2031 -923.18 143.698
2032 406.52 -233.613
2033 186.36 247.025
2034 1119.91 -28.2922
2035 180.61 -247.235
2036 -27.78 250.396
2037 -487.4 225.843
2038 221.91 245.569
2039 -757.54 185.464
2040 716.2 193.405
2041 -756.92 -185.589
2042 241.63 244.649
2043 6.82 -250.467
2044 -51.42 -250.211
2045 -873.11 -158.4
2046 -468.75 227.784
2047 -417.24 -232.678
2048 775.19 -181.827
2049 -749.39 -187.092
2050 149.56 248.257
2051 -442.78 -230.336
2052 -1068.39 79.7992
2053 133 -248.722
2054 216.86 245.792
2055 401.61 234.032
2056 719.55 -192.79
2057 997.63 116.564
2058 847.06 165.238
2059 -722.74 192.2
2060 -944.7 -136.617
2061 553.02 -218.251
2062 322.37 -240.009
2063 -510.72 -223.283
2064 474.48 227.197
2065 -355.05 237.72
2066 -36.01 -250.344
2067 -969.16 -127.877
2068 260.89 -243.67
2069 -684.15 199.053
2070 742.47 -188.45
2071 25.04 -250.41
2072 712.82 -194.021
2073 -793.42 177.902
2074 -570.71 -215.99
2075 1074.58 75.5834
2076 924.12 143.4
2077 885.12 -155.074
2078 247.81 -244.343
2079 765.85 183.771
2080 104.66 249.39
2081 667.79 201.778
2082 644.03 -205.556
2083 1101.75 52.8471
2084 68.47 -250.009
2085 15.04 250.45
2086 -216.07 -245.827
2087 412.62 233.085
2088 475.32 227.111
2089 -272.73 243.029
2090 527.6 -221.337
2091 -79.14 -249.854
2092 755.87 -185.801
2093 626.17 -208.264
2094 200.74 -246.467
2095 251.09 -244.178
2096 -5.28 -250.469
2097 -626.29 -208.246
2098 680.77 199.624
2099 -726.63 191.475
2100 469.54 227.703
2101 354.92 -237.73
2102 704.86 -195.452
2103 -1105.15 -49.2166
2104 -243.74 244.545
2105 648.29 -204.894
2106 309.41 240.85
2107 151.21 248.208
2108 228.84 245.255
2109 -641.58 205.934
2110 -198.31 -246.565
2111 130.68 -248.783
2112 128 248.852
2113 834.28 168.418
2114 -267.3 243.327
2115 749.53 187.065
2116 42 -250.298
2117 -763.3 -184.295
2118 -93.55 -249.608
2119 613.56 210.109
2120 342.04 -238.66
2121 103.63 249.411
2122 1104.46 -49.9756
2123 -867.91 159.805
2124 -998.63 116.141
2125 1015.91 108.488
2126 -43.82 250.283
2127 -341.65 -238.688
2128 430.19 -231.511
2129 990.2 119.652
2130 -642.83 -205.742
2131 -6.13 -250.468
2132 -562 217.115
2133 -761.31 -184.701
2134 -879.23 -156.72
2135 32.5 -250.368
2136 -974.88 -125.711
2137 931.83 -140.914
2138 203.06 -246.374
2139 -1122.89 21.6886
2140 121.93 -249.002
2141 -779.5 -180.915
2142 -972.26 126.709
2143 -828.2 169.894
2144 -203.12 246.371
2145 -639.83 -206.203
2146 633.86 -207.112
2147 524.23 -221.732
2148 777.21 181.401
2149 804.89 175.339
2150 -923.78 143.508
2151 -645.96 -205.257
2152 -75.05 249.916
2153 -612.53 210.257
2154 723.79 -192.005
2155 577.49 215.098
2156 1041.02 -96.0156
2157 52.71 -250.198
2158 356.72 -237.597
2159 -959.19 -131.536
2160 744.84 -187.988
2161 505 223.925
2162 394.33 234.643
2163 826.29 170.352
2164 -456.7 228.989
2165 -164.79 -247.78
2166 131.57 248.76
2167 204.9 -246.298
2168 -189.62 246.902
2169 -585.8 -213.986
2170 113.82 249.192
2171 468.15 -227.845
2172 -174.28 -247.46
2173 -204.47 -246.316
2174 408.43 -233.449
2175 10.8 -250.46
2176 926.91 -142.508
2177 -409.63 -233.345
2178 -110.17 249.273
2179 -1102.77 -51.7858
2180 -811.32 173.869
2181 11.07 250.46
2182 623.5 208.659
2183 -469.64 227.693
2184 -310.53 -240.778
2185 -721.44 192.441
2186 174.37 247.456
2187 985.86 121.409
2188 1103.12 51.4164
2189 -734.36 -190.013
2190 838.76 167.316
2191 -204.19 -246.327
2192 -462.65 228.399
2193 881.45 -156.103
2194 -181.39 -247.207
2195 -94.7 -249.586
2196 786.15 -179.488
2197 281.82 242.516
2198 -892.1 153.086
2199 -849.62 -164.588
2200 -591.67 -213.187
2201 380.58 -235.762
2202 833 -168.731
2203 -847.69 -165.078
2204 -926.15 142.751
2205 201.3 -246.445
2206 1086.43 -66.6953
2207 148.98 248.274
2208 1031.05 -101.189
2209 -610.31 -210.576
2210 -138.05 -248.586
2211 -574.1 215.546
2212 802.54 -175.87
2213 319.84 -240.176
2214 -871.17 158.927
2215 661.56 -202.789
2216 263.93 -243.508
2217 149.68 -248.253
2218 -177.67 -247.341
2219 621.05 -209.019
2220 938.66 -138.658
2221 12.28 250.457
2222 151.59 -248.196
2223 989.27 -120.031
2224 -1004.23 -113.731
2225 526.38 221.48
2226 925.93 142.822
2227 735.02 -189.887
2228 235.46 244.946
2229 467.87 227.873
2230 176.38 -247.386
2231 1079.66 -71.9196
2232 325.79 -239.781
2233 853.24 -163.66
2234 277.22 -242.778
2235 650.87 204.49
2236 -70 249.988
2237 748.04 -187.359
2238 -728.47 -191.129
2239 893.83 -152.587
2240 -875.92 -157.632
2241 812.8 173.527
2242 448.59 229.78
2243 585.82 -213.983
2244 -417.34 -232.669
2245 -962.81 -130.224
2246 -926.84 -142.53
2247 276.29 242.83
2248 -733.41 190.194
2249 -73.34 249.941
2250 -192.65 246.786
2251 -1051.5 -90.2001
2252 259.65 -243.735
2253 -519.72 222.255
2254 269.94 -243.183
2255 811.57 173.812
2256 416.97 -232.702
2257 990.54 -119.513
2258 -183.34 247.136
2259 -336.3 -239.063
2260 938.81 -138.607
2261 -210.27 246.075
2262 -208.83 246.135
2263 -578.81 214.923
2264 -749.42 -187.086
2265 -19.39 -250.435
2266 315.11 -240.484
2267 728.08 -191.202
2268 -879.35 156.687
2269 518.89 222.351
2270 540.52 219.792
2271 -990.21 119.648
2272 575.25 215.395
2273 722.72 -192.204
2274 -1039.94 96.5919
2275 -817.24 -172.495
2276 1017.44 -107.777
2277 610.39 210.564
2278 850.87 164.268
2279 366.8 236.838
2280 -507.04 223.697
2281 40.18 250.313
2282 -463.27 228.337
2283 -611.92 -210.345
2284 -175.88 247.404
2285 552.09 218.367
2286 595.14 -212.709
2287 424.95 -231.988
2288 350.63 238.044
2289 -555.5 -217.94
2290 -397.38 234.389
2291 666.55 -201.98
2292 -743.31 188.286
2293 985.01 -121.749
2294 -546.41 -219.071
2295 473.97 -227.25
2296 -787.06 179.291
2297 -970.84 127.246
2298 477.85 226.848
2299 -335.95 -239.087
2300 -85.55 249.749
2301 -267.16 243.334
2302 -892.5 -152.971
2303 282.82 -242.459
2304 -436.34 230.942
2305 -138.99 248.56
2306 -59.5 -250.123
2307 385.32 235.381
2308 -748.37 187.294
2309 -723.99 -191.968
2310 -1124.54 -16.9491
2311 -54.52 -250.179
2312 105.14 249.38
2313 464.16 -228.248
2314 -913.52 146.715
2315 502.1 -224.247
2316 -79.02 249.856
2317 -90.89 -249.656
2318 -1111.17 41.9928
2319 258.01 243.821
2320 489.42 -225.627
2321 -927.24 142.402
2322 -429.57 231.568
2323 718.21 -193.037
2324 -672.67 200.976
2325 839.36 -167.167
2326 713.76 193.85
2327 -104.44 249.394
2328 812.2 173.666
2329 -379.44 -235.852
2330 120.57 249.035
2331 -269.67 -243.197
2332 1093.89 -60.3742
2333 -104.73 -249.388
2334 -1114.51 -37.367
2335 348.6 238.191
2336 1029.96 -101.736
2337 -431.14 -231.423
2338 894.43 152.413
2339 232.75 -245.073
2340 0.05 250.472
2341 -490.89 225.469
2342 -781.3 -180.531
2343 -976.43 -125.116
2344 413.41 -233.016
2345 5.77 250.469
2346 552.62 -218.301
2347 857.47 -162.565
2348 329.74 -239.514
2349 910.57 147.618
2350 1049.52 91.3318
2351 -109 249.298
2352 -143.24 -248.441
2353 -454.81 -229.175
2354 -783.42 180.077
2355 -823.25 171.077
2356 286.66 -242.236
2357 -1014.4 -109.183
2358 -26.93 -250.4
2359 -538.98 -219.978
2360 527.46 -221.353
2361 -261.44 243.641
2362 307.64 240.962
2363 -484.42 226.159
2364 -1045.02 -93.8453
2365 19.98 -250.433
2366 -841.86 -166.545
2367 329.64 239.521
2368 189.98 246.888
2369 41.78 250.3
2370 -563.36 -216.941
2371 -330.7 239.448
2372 131.74 248.755
2373 -747.76 -187.414
2374 71.22 -249.971
2375 621.02 209.024
2376 -148.9 -248.277
2377 -483.01 226.308
2378 226.81 -245.348
2379 -985.54 -121.537
2380 437.3 230.852
2381 758.6 -185.25
2382 1079.96 71.6969
2383 -417.6 -232.646
2384 -501.86 -224.273
2385 -989.13 120.088
2386 -448.67 -229.772
2387 -442.65 230.348
2388 -1006.98 112.524
2389 -1041.59 -95.7099
2390 -106.96 -249.342
2391 984.56 121.929
2392 -703.33 -195.724
2393 549.39 -218.703
2394 -177.19 247.358
2395 -631.76 207.428
2396 954.58 -133.182
2397 711.98 -194.173
2398 -530.64 -220.977
2399 452.01 -229.449
2400 -814.89 173.043
2401 -1055.65 -87.7737
2402 377.97 -235.969
2403 -1019.06 -107.019
2404 -642.72 205.759
2405 595.68 -212.635
2406 -223.43 245.501
2407 -1098.91 -55.6906
2408 175.59 -247.414
2409 231.33 -245.14
2410 146.17 -248.357
2411 -208.89 -246.133
2412 348.12 -238.226
2413 516.82 -222.589
2414 -5.58 250.469
2415 591.77 213.173
2416 1010.52 110.946
2417 -583.48 214.299
2418 -1028.83 -102.299
2419 -1099.54 -55.0731
2420 -858.71 -162.241
2421 413.3 -233.025
2422 896.37 151.849
2423 -608.72 210.803
2424 -545.3 -219.208
2425 734.77 189.934
2426 -978.92 -124.151
2427 -808.28 174.567
2428 253.39 -244.06
2429 674.83 200.618
2430 419.14 -232.51
2431 449.71 229.672
2432 992.22 118.823
2433 1000.6 -115.3
2434 -515.42 -222.749
2435 -327.92 -239.637
2436 1033.76 -99.8141
2437 602.38 211.7
2438 281.2 242.552
2439 542.83 -219.51
2440 -343.09 238.586
2441 -1103.64 50.8623
2442 927.9 -142.189
2443 -163.97 -247.807
2444 604.19 211.446
2445 978.61 -124.272
2446 900.53 -150.629
2447 401.96 234.003
2448 1044.87 -93.9278
2449 -477.08 226.928
2450 -243.69 244.548
2451 1054.87 -88.2356
2452 -1069.93 78.7737
2453 206.73 246.223
2454 349.52 238.125
2455 -768.07 -183.313
2456 240.19 -244.719
2457 871.78 158.762
2458 -387.17 -235.231
2459 996.7 116.957
2460 -291.22 241.967
2461 943.88 -136.896
2462 23.36 -250.418
2463 775.89 -181.68
2464 -1118.1 -31.6305
2465 -438.41 -230.748
2466 -1021.68 -105.778
2467 -966.23 -128.967
2468 725.91 -191.609
2469 878.96 156.795
2470 544.16 219.348
2471 -361.63 -237.23
2472 -308.01 240.938
2473 -35.66 -250.347
2474 5.58 250.469
2475 821.96 171.384
2476 82.4 -249.802
2477 -111.46 -249.244
2478 -184.1 247.108
2479 -69.65 -249.993
2480 -542.24 -219.582
2481 718.55 -192.975
2482 823.47 -171.025
2483 -651.42 204.403
2484 -706.15 195.222
2485 -210.18 -246.079
2486 1058.57 -86.0195
2487 -259.03 243.768
2488 -788.81 -178.911
2489 1078.12 73.0516
2490 -996.64 -116.982
2491 -5.63 -250.469
2492 -1005.92 112.991
2493 1085.42 -67.5025
2494 -722.99 -192.154
2495 355.27 237.704
2496 -420.66 232.374
2497 -665.32 -202.18
2498 247.03 -244.382
2499 -870.16 159.2
2500 181.2 -247.214
2501 1126.82 -5.81262
2502 -539.13 219.96
2503 150.16 248.239
2504 1122.56 22.5164
2505 80.92 249.826
2506 -101.18 -249.461
2507 138.74 -248.567
2508 602.09 -211.741
2509 -399.81 234.185
2510 877.06 157.319
2511 -173.56 -247.485
2512 -431.88 -231.355
2513 -221.49 245.588
2514 342.32 238.641
2515 -522.03 -221.988
2516 970.79 127.265
2517 641.68 -205.919
2518 1069.26 -79.2217
2519 788.32 179.018
2520 1025.49 -103.942
2521 -523.41 221.827
2522 -414.7 -232.902
2523 1023.82 -104.751
2524 -885.15 155.065
2525 1018.71 107.183
2526 801.28 176.153
2527 -504.99 223.926
2528 -1092.21 -61.858
2529 407.42 233.536
2530 -596.31 212.547
2531 -713.07 -193.976
2532 -906.04 148.988
2533 -735.85 -189.728
2534 352.65 -237.897
2535 -1027.53 -102.942
2536 -587.38 213.772
2537 260.39 243.696
2538 -482.31 226.382
2539 -728.24 191.172
2540 419.5 232.478
2541 433.15 -231.238
2542 942.73 137.287
2543 -423.15 232.151
2544 -74.38 249.926
2545 -387.25 235.225
2546 -905.29 149.213
2547 345.28 238.43
2548 -475.91 227.049
2549 -557.97 217.628
2550 104.27 -249.398
2551 -288.8 -242.11
2552 -359.45 -237.394
2553 1027.95 102.735
2554 -1064.11 -82.575
2555 -77.55 -249.878
2556 511.01 -223.251
2557 -911.76 -147.255
2558 509.26 -223.448
2559 692.76 -197.577
2560 -594.15 -212.846
2561 -958.26 131.871
2562 392.66 234.781
2563 1078.92 72.466
2564 -371.86 236.448
2565 1026.66 103.37
2566 838.36 167.415
2567 -245.8 -244.443
2568 -1081.94 -70.2072
2569 -151.03 248.213
2570 -880.87 -156.264
2571 12.91 250.455
2572 -679.86 -199.777
2573 -294.92 241.746
2574 556.74 217.783
2575 561.23 -217.213
2576 -695.63 197.078
2577 -738.21 189.275
2578 -55.77 -250.165
2579 -251.21 -244.172
2580 -1052.53 -89.6049
2581 -12.96 -250.455
2582 1099.33 -55.2798
2583 14.55 250.451
2584 337.6 -238.972
2585 -730.07 190.827
2586 -439.54 230.642
2587 -1104 50.475
2588 402.72 233.938
2589 1098.97 55.6321
2590 653.01 204.153
2591 785.99 179.523
2592 202.16 246.41
2593 718.21 193.037
2594 -1010.54 -110.937
2595 324 239.9
2596 -960.77 -130.966
2597 526.71 221.441
2598 -394.62 -234.619
2599 667.95 -201.752
2600 -370.72 -236.536
2601 383.79 -235.504
2602 -1017.1 107.936
2603 548 -218.875
2604 -546.9 219.011
2605 592.07 213.132
2606 -266.25 243.383
2607 -116.54 249.129
2608 51.18 -250.214
2609 125.93 -248.904
2610 -740.51 188.83
2611 -693.45 197.457
2612 146.21 -248.356
2613 -346.65 238.332
2614 -33.77 250.359
2615 -1117.74 32.2527
2616 947.62 -135.615
2617 -1089.94 63.8046
2618 543.21 219.464
2619 7.19 250.467
2620 432.31 -231.316
2621 -514.61 -222.842
2622 1040.08 -96.5174
2623 1083.87 -68.7214
2624 534.21 220.552
2625 -253.13 -244.074
2626 564.62 -216.779
2627 472.48 227.403
2628 503.41 -224.102
2629 -1052.02 -89.9002
2630 829.29 -169.631
2631 205.93 -246.256
2632 692.72 -197.584
2633 -74.28 -249.927
2634 -174.11 -247.465
2635 115.07 249.163
2636 -934.78 -139.946
2637 -348.46 -238.201
2638 1023.67 -104.824
2639 757.59 -185.454
2640 951.66 -134.21
2641 92.4 249.629
2642 -148.75 -248.281
2643 -139.93 248.534
2644 -709.62 194.6
2645 -764.57 184.034
2646 295.53 241.709
2647 -398.63 -234.284
2648 -888.29 -154.176
2649 -350.74 -238.036
2650 -1047.18 92.6487
2651 177.41 -247.35
2652 -807.09 174.839
2653 -298.25 241.544
2654 -180.31 -247.246
2655 987.48 120.757
2656 718.87 192.916
2657 -87.63 -249.714
2658 -544.71 -219.28
2659 -636.56 206.702
2660 -139.66 -248.542
2661 180.35 247.245
2662 -1113.07 39.4297
2663 101.02 -249.464
2664 -896.5 -151.811
2665 441.13 230.492
2666 -955.46 -132.87
2667 290.3 -242.022
2668 1048.1 92.1335
2669 1020.04 -106.557
2670 963.7 129.898
2671 703.74 -195.651
2672 -481.06 -226.513
2673 -295.89 241.687
2674 -585.19 -214.068
2675 -783.06 180.154
2676 -972.62 -126.573
2677 -25.36 -250.408
2678 -1039.45 96.852
2679 246.67 244.4
2680 251.74 -244.145
2681 293.39 241.838
2682 400.52 -234.125
2683 550.24 -218.597
2684 743.76 188.199
2685 628.46 -207.923
2686 -894.78 -152.312
2687 304.62 241.151
2688 72.61 249.952
2689 -891.96 153.126
2690 18.24 -250.439
2691 -142.13 248.473
2692 316.98 -240.363
2693 -528.85 221.189
2694 -48.8 -250.237
2695 751.8 186.614
2696 -824.96 170.67
2697 -393.79 -234.688
2698 875.58 -157.726
2699 -1064.43 -82.3711
2700 -853.36 163.629
2701 -376.12 236.115
2702 39.4 -250.319
2703 769.8 -182.955
2704 -460.68 -228.595
2705 -824.24 170.842
2706 -538.04 -220.092
2707 723.22 192.111
2708 426.65 -231.834
2709 -539.25 -219.946
2710 -329.21 -239.55
2711 196.78 246.625
2712 -435.33 -231.036
2713 -318.39 240.271
2714 -544.69 219.283
2715 -879.52 -156.639
2716 675.8 200.456
2717 -976.83 -124.961
2718 960.22 -131.165
2719 847.1 -165.228
2720 -402.42 233.964
2721 -771.41 -182.619
2722 969.19 -127.865
2723 -185.73 -247.048
2724 225.4 245.412
2725 -988.46 -120.36
2726 -142.76 248.455
2727 767.24 183.485
2728 23.21 -250.419
2729 1040.24 -96.4322
2730 -374.76 236.222
2731 304.16 -241.18
2732 77.56 -249.878
2733 712.82 194.021
2734 -1022.77 -105.257
2735 192.58 246.789
2736 321.98 -240.035
2737 -970.54 127.359
2738 458.93 228.769
2739 489.33 225.636
2740 473.97 -227.25
2741 1039.1 -97.0373
2742 127.49 248.864
2743 576.98 -215.166
2744 -451.96 -229.453
2745 -445.63 230.064
2746 -310.5 240.78
2747 -870.88 -159.005
2748 -701.07 -196.124
2749 909.81 -147.849
2750 -238.7 -244.791
2751 365.69 236.922
2752 935.18 139.814
2753 -662.36 202.66
2754 -1008.46 -111.868
2755 -1071.89 77.4467
2756 -714.09 -193.79
2757 374.85 -236.214
2758 672.89 -200.939
2759 504.41 -223.991
2760 -1058.15 -86.2743
2761 -603.4 -211.557
2762 -571.31 -215.912
2763 60.95 250.105
2764 -912.13 -147.142
2765 915.14 -146.216
2766 -411.06 -233.221
2767 -18.91 250.437
2768 -412.18 233.123
2769 1071.31 77.842
2770 380.15 -235.796
2771 918.14 145.284
2772 -491.88 -225.362
2773 -504.37 -223.995
2774 405.6 233.692
2775 796.03 -177.325
2776 -994.29 117.965
2777 -480.91 226.529
2778 1105.26 -49.0944
2779 484.43 -226.158
2780 -506.7 223.735
2781 -729.34 -190.965
2782 -242.5 244.606
2783 -129.88 248.803
2784 -75.35 -249.912
2785 938.84 -138.597
2786 856.8 -162.739
2787 -543.31 219.452
2788 373.2 -236.343
2789 40.89 -250.307
2790 -50.78 250.218
2791 631.04 -207.537
2792 1109.56 44.0449
2793 -1079.16 -72.2893
2794 749.31 -187.108
2795 -1032.12 -100.649
2796 -588.74 213.587
2797 1105.72 48.5802
2798 -496.5 224.862
2799 -151.71 248.193
2800 -312.71 -240.639
2801 232.64 -245.079
2802 -829.63 169.549
2803 490.07 225.557
2804 -696.81 196.872
2805 -46.99 -250.254
2806 -315.11 240.484
2807 -538.5 220.036
2808 1049.54 -91.3204
2809 -996.52 -117.032
2810 -715.34 193.563
2811 -1009.74 -111.296
2812 -355.04 237.721
2813 -120.73 249.031
2814 436.69 230.909
2815 -399.78 234.187
2816 -1097.34 -57.199
2817 -5.18 250.469
2818 217.64 245.758
2819 832.38 -168.882
2820 911.82 -147.237
2821 -803.77 175.592
2822 842.21 -166.458
2823 -328.27 -239.614
2824 192.58 246.789
2825 354.48 -237.762
2826 -570.57 216.008
2827 -451.09 229.538
2828 -123.28 -248.969
2829 913.59 146.694
2830 38.28 250.327
2831 64.07 250.067
2832 -96.58 249.551
2833 -1113.96 -38.1683
2834 373.79 236.297
2835 -826.88 170.211
2836 -414.73 232.9
2837 579.43 214.841
2838 -1029.53 -101.95
2839 -263.52 -243.53
2840 -701.96 195.967
2841 954.69 133.143
2842 -904.46 -149.462
2843 1054.8 88.2769
2844 102.41 -249.436
2845 56.53 250.157
2846 -189.93 246.89
2847 472.95 -227.355
2848 -1059.27 -85.5929
2849 -61.06 -250.104
2850 -564.68 216.771
2851 1079.43 72.0899
2852 452.11 -229.439
2853 651.92 -204.325
2854 880.14 -156.467
2855 499.37 224.548
2856 -991.09 119.288
2857 -820.38 171.757
2858 -438.32 -230.756
2859 -265.22 243.439
2860 -1066.14 -81.2717
2861 773.87 -182.105
2862 728 -191.217
2863 1025.1 104.131
2864 525.11 -221.629
2865 -877.34 -157.242
2866 506.14 -223.798
2867 -123.28 248.969
2868 -159.66 -247.946
2869 -517.81 222.475
2870 631.27 -207.502
2871 75.01 249.917
2872 1079.22 -72.245
2873 188.87 246.93
2874 -564.25 216.827
2875 499.31 -224.554
2876 880.54 -156.356
2877 -1067.9 80.1225
2878 407.34 233.543
2879 -1085.12 67.7403
2880 78.33 249.866
2881 -57.12 250.15
2882 143.95 -248.421
2883 790.92 178.451
2884 544.47 219.31
2885 -136.2 248.636
2886 511.03 -223.248
2887 257.53 243.846
2888 -196.07 246.653
2889 83.51 -249.783
2890 -1015.02 108.898
2891 -972.78 -126.512
2892 730.65 190.718
2893 -1016.63 -108.154
2894 601.8 -211.782
2895 -159.78 247.942
2896 567.91 -216.354
2897 523.88 -221.773
2898 -980.93 -123.365
2899 1120.22 -27.6795
2900 -332.57 -239.321
2901 673.27 200.876
2902 941.8 -137.602
2903 -1090.38 -63.4323
2904 477.91 226.842
2905 647.11 -205.078
2906 1118.8 30.3836
2907 519.51 -222.28
2908 1044.14 -94.3278
2909 -16.05 -250.447
2910 -477.33 -226.902
2911 -549.34 -218.709
2912 -437.72 230.813
2913 -137.88 248.591
2914 -589.27 213.515
2915 230.87 -245.161
2916 474.38 227.208
2917 -555.31 -217.963
2918 879.7 156.589
2919 665.14 202.21
2920 973.61 -126.196
2921 863.15 161.073
2922 328.07 -239.627
2923 99.01 -249.504
2924 -214.11 -245.911
2925 978.12 -124.462
2926 742.38 188.467
2927 904.74 149.378
2928 180.65 247.234
2929 -529.51 -221.111
2930 817.52 -172.429
2931 398.78 234.271
2932 1073.53 76.3167
2933 402.58 -233.95
2934 900.34 -150.685
2935 -642.2 -205.839
2936 -275.25 242.888
2937 -1066.82 -80.8298
2938 6.89 250.467
2939 -690.63 197.945
2940 880.09 -156.481
2941 904.06 149.581
2942 -630.45 -207.625
2943 -199.93 246.5
2944 -1025.88 103.751
2945 -465.1 -228.153
2946 -1002.45 -114.504
2947 858.29 -162.351
2948 -587.92 -213.698
2949 241.09 244.675
2950 -334.4 239.195
2951 -1011.49 -110.508
2952 -733 190.272
2953 -124.02 248.951
2954 559.08 -217.487
2955 -976.76 -124.988
2956 -546.75 -219.03
2957 989.88 -119.783
2958 1105.42 48.9162
2959 95.53 249.571
2960 -595.19 -212.702
2961 337.96 238.947
2962 -701.08 -196.122
2963 652.6 204.217
2964 -743.61 -188.228
2965 -598.94 212.182
2966 -30.8 250.378
2967 -441.45 230.462
2968 -495.18 -225.005
2969 -347.4 238.278
2970 985.76 121.449
2971 -887.84 -154.304
2972 1106.2 48.0376
2973 17.29 -250.442
2974 -223.55 245.496
2975 -793.89 -177.798
2976 917.9 145.359
2977 768.04 -183.319
2978 -1054.09 88.6947
2979 -109.95 -249.277
2980 876.26 -157.539
2981 157.9 248.002
2982 93.35 -249.611
2983 437.12 -230.869
2984 186.22 -247.03
2985 -1026.72 -103.34
2986 -702.9 195.8
2987 -888.49 154.119
2988 -467.89 227.871
2989 397.99 234.338
2990 -1071.37 -77.8012
2991 -829.2 -169.652
2992 9.43 -250.463
2993 737.18 -189.473
2994 135.52 248.655
2995 372.08 236.431
2996 770.29 -182.853
2997 530.97 -220.938
2998 -1074.05 -75.9545
2999 789.22 -178.822
3000 -23.88 -250.416
3001 -1039.3 96.9314
3002 -215.31 -245.859
3003 763.58 184.237
3004 595.91 -212.603
3005 -1062.84 -83.3788
3006 22.82 -250.421
3007 350.69 -238.04
3008 857.53 -162.549
3009 343.42 238.563
3010 -45.3 250.27
3011 -987.94 -120.571
3012 -1075.25 75.1114
3013 -549.08 -218.741
3014 143.59 248.431
3015 -1023.47 -104.92
3016 -4.49 250.47
3017 -192.04 246.81
3018 -220.62 245.627
3019 -409.57 -233.35
3020 178.41 247.314
3021 -895.54 152.091
3022 987.62 120.7
3023 -612.6 -210.247
3024 -359.13 -237.417
3025 808.29 -174.565
3026 -908.11 -148.365
3027 450.39 -229.606
3028 114.61 249.174
3029 -1123.33 20.5327
3030 587.73 -213.724
3031 -104.23 249.399
3032 860.66 -161.73
3033 -521.28 222.075
3034 -146.71 248.341
3035 -35.8 -250.346
3036 569.96 -216.088
3037 496.48 224.864
3038 314.55 240.521
3039 -881.69 -156.036
3040 -435.84 -230.988
3041 -0.77 -250.472
3042 564.4 -216.807
3043 1096.51 57.9797
3044 -40.67 250.309
3045 921.48 144.236
3046 402.91 -233.922
3047 -743.44 188.261
3048 178.16 247.323
3049 -1033.14 -100.131
3050 -336.96 239.017
3051 -819.06 172.068
3052 142.49 248.462
3053 273.34 242.995
3054 -697.2 196.804
3055 -1091.76 -62.249
3056 841.25 -166.697
3057 1002.31 -114.565
3058 1046.84 92.8382
3059 -110.97 -249.255
3060 -445.01 -230.123
3061 -531.22 220.909
3062 473.81 -227.266
3063 -154.96 248.093
3064 95.94 249.563
3065 443.46 -230.271
3066 403.35 -233.885
3067 -397.05 234.416
3068 -1069.54 -79.0348
3069 629.88 -207.71
3070 256.81 243.884
3071 89.11 -249.688
3072 424.58 -232.022
3073 552.11 218.365
3074 -738.22 -189.273
3075 1023.59 -104.862
3076 224.21 -245.466
3077 -18.49 -250.438
3078 171.39 247.559
3079 712.54 194.072
3080 -569.59 216.136
3081 376.55 236.081
3082 655.42 -203.771
3083 867.25 -159.982
3084 -988.33 -120.413
3085 -1034.43 -99.4707
3086 -821.76 -171.431
3087 64.58 -250.06
3088 62.23 -250.09
3089 437.51 230.832
3090 -471.41 -227.513
3091 757.46 -185.481
3092 -402.83 233.929
3093 -178.36 247.316
3094 239 244.776
3095 680.68 199.639
3096 138.43 248.576
3097 -1121.06 -25.9458
3098 -644.61 205.467
3099 905.62 149.114
3100 -428.48 231.667
3101 -894.03 -152.529
3102 -967.33 -128.559
3103 391.52 234.875
3104 -697.17 -196.809
3105 -665.54 202.145
3106 1023.17 105.065
3107 -185.83 -247.044
3108 426 231.893
3109 -788.05 -179.076
3110 27.55 -250.397
3111 -819.58 -171.945
3112 -308.18 240.927
3113 -275.78 -242.859
3114 759.64 -185.04
3115 345.58 238.409
3116 -216.54 245.806
3117 -67.26 -250.026
3118 -110.85 249.258
3119 409.53 233.354
3120 -273.8 242.969
3121 -620.62 -209.082
3122 -783.4 -180.081
3123 335 239.153
3124 283.73 -242.406
3125 187.14 -246.995
3126 -577.39 215.112
3127 -465.89 -228.073
3128 -143.73 248.427
3129 107.01 249.34
3130 -282.85 242.457
3131 1099.73 -54.8855
3132 -219.19 -245.69
3133 -714.05 193.798
3134 40.36 -250.311
3135 1000.78 115.223
3136 1028.34 102.542
3137 -19.22 250.435
3138 710.28 -194.481
3139 -1124.99 -15.404
3140 242.95 -244.584
3141 -48.67 -250.238
3142 531.75 -220.846
3143 873.37 -158.33
3144 -222.3 -245.552
3145 -613.69 210.09
3146 -139.13 -248.556
3147 290.65 -242.001
3148 838.48 167.385
3149 85.02 -249.758
3150 545.28 -219.21
3151 239.04 -244.774
3152 913.93 -146.589
3153 269.38 -243.213
3154 -745.87 187.786
3155 -521.63 -222.034
3156 1059.33 -85.5563
3157 533.83 -220.598
3158 835.04 -168.232
3159 1.21 250.472
3160 244.82 -244.492
3161 40.27 -250.312
3162 -338.76 -238.891
3163 -380.99 -235.729
3164 881.01 -156.225
3165 -900.69 -150.582
3166 -313.8 240.569
3167 -148.68 248.283
3168 721.57 -192.417
3169 340.24 -238.787
3170 -278.19 242.723
3171 926.89 142.514
3172 80.99 -249.824
3173 526.23 -221.498
3174 52.02 250.205
3175 837.61 167.6
3176 -264.19 243.494
3177 873.42 -158.316
3178 -701.93 -195.972
3179 -588.2 -213.66
3180 -914.28 -146.481
3181 949.93 -134.814
3182 -104.22 -249.399
3183 -121.04 249.023
3184 -439.79 -230.618
3185 530.83 -220.955
3186 234.33 244.999
3187 -164.06 -247.804
3188 -172.4 -247.525
3189 -1094.38 59.9341
3190 -528.68 -221.209
3191 144.15 248.415
3192 959.53 -131.414
3193 -229.61 245.22
3194 440.85 -230.518
3195 517.31 -222.533
3196 -84.14 -249.773
3197 879.18 156.734
3198 648.58 -204.849
3199 113.9 249.19
3200 -1039.43 -96.8626
3201 -173.82 -247.476
3202 846.47 -165.387
3203 -1032.89 -100.258
3204 132.3 -248.74
3205 450.72 -229.574
3206 720.26 192.659
3207 78.11 -249.87
3208 -524.68 221.679
3209 -656.41 203.613
3210 912.97 146.884
3211 103.15 -249.421
3212 600.93 -211.904
3213 107.99 249.32
3214 20.88 -250.429
3215 -630.88 207.561
3216 -511.83 -223.158
3217 -1025.07 -104.146
3218 -80.63 249.83
3219 -401.96 234.003
3220 680.89 199.604
3221 -616.15 -209.734
3222 -203.34 -246.362
3223 -550.52 -218.563
3224 760.27 184.912
3225 -443.49 -230.268
3226 1095.96 58.491
3227 -844.84 165.798
3228 -569.3 216.174
3229 -917.92 -145.353
3230 877.59 157.173
3231 657.77 203.397
3232 283.75 -242.405
3233 750.52 186.869
3234 985.47 -121.565
3235 -972.39 -126.66
3236 332.03 239.358
3237 -911.63 -147.295
3238 535.29 -220.423
3239 -173.25 247.495
3240 333.39 -239.264
3241 -653.14 -204.132
3242 554.21 218.102
3243 489 -225.672
3244 714.01 -193.805
3245 123.11 248.973
3246 622.7 208.777
3247 470.6 227.595
3248 988.91 120.178
3249 4.26 -250.47
3250 172.59 -247.518
3251 69.31 249.998
3252 310.56 240.777
3253 -269.71 -243.195
3254 -497.28 -224.776
3255 775.05 -181.857
3256 -419.51 -232.477
3257 675.12 200.57
3258 -281.23 -242.55
3259 934.15 140.154
3260 170.78 247.58
3261 144.23 248.413
3262 -385.26 -235.386
3263 50.63 -250.219
3264 336.39 -239.057
3265 803.98 -175.545
3266 -468.82 -227.777
3267 -789.93 178.667
3268 276.41 -242.823
3269 887.59 -154.375
3270 -542.7 219.526
3271 850.66 164.322
3272 -210.58 -246.062
3273 -452.2 -229.43
3274 937.49 139.048
3275 126.47 -248.89
3276 544.75 -219.275
3277 -561.03 -217.239
3278 794.42 177.681
3279 1106.84 47.304
3280 375.52 -236.162
3281 -197.1 246.613
3282 343.82 238.534
3283 -147.77 -248.31
3284 -175.68 -247.411
3285 776.31 -181.591
3286 -619.22 -209.287
3287 -123.92 -248.953
3288 -114.04 -249.187
3289 1019.31 106.901
3290 -541.41 -219.684
3291 808.05 174.62
3292 -6.51 250.468
3293 627.51 208.064
3294 616.19 -209.728
3295 -457.47 -228.914
3296 -1103.83 50.6583
3297 770.09 182.894
3298 543.21 -219.464
3299 551.09 -218.492
3300 -851.33 -164.151
3301 1008.16 112.001
3302 -448.19 229.818
3303 954.54 133.196
3304 -428.38 231.676
3305 -1082.7 69.6262
3306 -789.96 178.66
3307 -243.43 244.561
3308 301.17 -241.365
3309 333.54 -239.254
3310 468.91 -227.768
3311 -104.3 -249.397
3312 563.8 -216.884
3313 -85.76 249.746
3314 774.88 -181.892
3315 -998.41 116.234
3316 -108.59 249.307
3317 148.69 248.283
3318 945.58 136.316
3319 656.33 203.626
3320 597.29 212.411
3321 1012.81 -109.91
3322 902.5 150.045
3323 1102.82 -51.7332
3324 284.31 -242.373
3325 41.63 -250.301
3326 2.29 -250.471
3327 -1121.59 24.7888
3328 1085.64 -67.3276
3329 289.13 242.091
3330 -855.7 163.025
3331 255.67 243.943
3332 624.21 -208.554
3333 -304 241.19
3334 101.07 249.463
3335 592.31 213.099
3336 606.4 -211.133
3337 1081.82 -70.2985
3338 -7.99 250.466
3339 88.6 249.697
3340 -381.66 -235.675
3341 526.11 -221.512
3342 -626.24 -208.253
3343 -267.37 -243.323
3344 810.76 -173.998
3345 -628.77 -207.876
3346 1016.84 108.057
3347 1105.07 -49.3052
3348 893.64 152.642
3349 -349.63 -238.117
3350 277.89 -242.74
3351 148.7 -248.283
3352 -1123.38 -20.3971
3353 -871.94 -158.718
3354 -497.19 224.786
3355 283.43 242.423
3356 569.32 -216.171
3357 230.16 -245.194
3358 238.99 244.777
3359 -851.5 164.107
3360 102.79 249.428
3361 124.09 -248.949
3362 192.57 246.789
3363 932.43 -140.718
3364 393.68 -234.697
3365 -1079.89 -71.7489
3366 350.88 -238.026
3367 918.53 145.162
3368 -929.21 141.766
3369 390.89 -234.927
3370 370.66 236.541
3371 -568.73 216.248
3372 87.17 249.722
3373 -1124.76 16.2122
3374 419.36 -232.49
3375 205.74 -246.264
3376 -964.16 -129.73
3377 -627.47 -208.07
3378 300.75 -241.391
3379 -1026.15 103.619
3380 69.32 -249.998
3381 -940.62 138
3382 556.27 217.843
3383 -336.68 -239.037
3384 1005.25 113.285
3385 -805.16 175.278
3386 -316.88 -240.37
3387 -1088.2 -65.2548
3388 116.79 249.124
3389 1022.64 105.319
3390 -446.27 -230.003
3391 595.95 212.597
3392 -765.8 -183.782
3393 999.86 115.617
3394 273.59 242.981
3395 256.19 -243.916
3396 -752.02 -186.571
3397 -154.98 248.093
3398 -510.61 -223.296
3399 642.63 205.773
3400 -941.91 137.565
3401 -800.64 176.297
3402 -639.02 -206.327
3403 -989.77 119.828
3404 426.61 231.838
3405 -644.4 -205.499
3406 -870.4 159.135
3407 -941.76 -137.616
3408 -210.42 246.068
3409 -401.18 234.069
3410 434.68 231.096
3411 -380.25 235.788
3412 51.49 -250.21
3413 4.67 250.47
3414 -724.98 191.783
3415 963.66 -129.913
3416 547.38 218.952
3417 -1068.55 -79.6934
3418 234.35 244.998
3419 -564.09 -216.847
3420 974.92 -125.696
3421 -934.62 -139.999
3422 1039.13 -97.0214
3423 -927.24 -142.402
3424 620.32 209.126
3425 -540.47 -219.798
3426 -795.37 177.471
3427 180.05 247.256
3428 1103.5 51.0121
3429 -546.8 219.023
3430 428.09 -231.703
3431 413.76 232.985
3432 474.47 227.198
3433 1100.73 -53.8865
3434 49.82 250.227
3435 -150.86 -248.218
3436 -921.24 -144.312
3437 147.39 -248.321
3438 876.54 -157.462
3439 -86.63 249.731
3440 -581.34 -214.586
3441 -689.87 198.076
3442 -940.98 137.879
3443 110.63 -249.262
3444 -606 211.19
3445 1046.58 92.9829
3446 1120.5 -27.1141
3447 396.65 234.45
3448 -1070.58 -78.3364
3449 -144.15 -248.415
3450 435.43 231.027
3451 665.33 202.179
3452 -789.99 -178.654
3453 -870.05 -159.23
3454 -557.21 217.724
3455 471.78 -227.475
3456 -175.76 247.408
3457 613.01 -210.188
3458 -836.59 167.851
3459 -971.51 126.993
3460 586.09 213.947
3461 -938.36 -138.758
3462 -782.17 -180.345
3463 -294.93 -241.745
3464 725.89 -191.613
3465 -19.38 -250.435
3466 431.75 231.367
3467 -927.26 142.395
3468 -674.82 -200.619
3469 -402.44 -233.962
3470 642.31 -205.822
3471 848.76 -164.807
3472 733.16 -190.241
3473 258 -243.822
3474 -512.39 -223.094
3475 -1123.84 19.1048
3476 -1033.43 99.9827
3477 86.13 -249.74
3478 1081.12 70.8283
3479 729.48 190.939
3480 450.87 229.559
3481 -680.72 -199.633
3482 -1105.87 48.4113
3483 -262.31 243.595
3484 -444.11 230.209
3485 -784.43 -179.86
3486 1073.62 -76.2542
3487 211.89 246.006
3488 236.3 -244.906
3489 1004.95 113.417
3490 -1086.83 66.3727
3491 238.05 244.822
3492 -523.97 221.762
3493 472.75 227.375
3494 -527.83 221.31
3495 -436.61 -230.916
3496 -218.46 245.722
3497 305.13 241.119
3498 -645.39 205.346
3499 -787.04 179.296
3500 302.56 241.279
3501 -812.73 173.544
3502 82.35 249.802
3503 120.09 249.046
3504 -1035.41 98.9659
3505 -108.23 249.314
3506 -864.9 160.609
3507 957.83 132.025
3508 -324.63 239.858
3509 491.97 -225.353
3510 1062.32 83.7055
3511 -232.54 -245.083
3512 -1085.88 -67.1362
3513 368.71 -236.691
3514 597.33 212.406
3515 -940.33 138.098
3516 -225.17 -245.423
3517 800.98 -176.221
3518 -477.13 -226.923
3519 -913.94 -146.586
3520 -862.37 161.28
3521 -430.76 231.458
3522 -835.62 -168.09
3523 -643.95 -205.569
3524 179.98 -247.258
3525 -268.57 243.257
3526 219.31 245.685
3527 -250.66 244.2
3528 -667.74 201.786
3529 158.98 -247.968
3530 489.89 225.576
3531 984.53 -121.941
3532 -201.63 246.432
3533 -477.53 226.881
3534 -1102.36 52.2151
3535 -709 194.711
3536 532.68 220.735
3537 608.32 -210.86
3538 -618.22 209.433
3539 1035.53 98.9039
3540 98.21 249.519
3541 -292.6 241.885
3542 -724.24 191.921
3543 373.52 236.319
3544 587.62 213.739
3545 -985.38 -121.601
3546 401.66 234.028
3547 -337.13 -239.005
3548 -465.77 -228.086
3549 137.7 -248.596
3550 -563.89 -216.873
3551 501.24 224.342
3552 -380.48 -235.77
3553 1037.24 98.015
3554 1009.97 -111.193
3555 -627.17 -208.115
3556 -157.4 248.018
3557 -798.44 176.789
3558 -992.5 118.707
3559 -1110.27 -43.1523
3560 480.78 -226.542
3561 720.89 192.543
3562 561.14 217.225
3563 351.65 -237.97
3564 421.44 -232.304
3565 894.38 -152.428
3566 522.51 221.932
3567 -816.97 -172.558
3568 429.11 231.61
3569 -1104.16 50.3019
3570 -496.63 -224.847
3571 958.72 131.706
3572 -826.07 -170.405
3573 971.43 -127.023
3574 492.78 -225.265
3575 274.77 242.915
3576 27.27 250.399
3577 -448.95 229.745
3578 -898.47 -151.235
3579 566.05 216.595
3580 864.92 160.604
3581 401.99 -234
3582 -805.49 175.203
3583 -350.43 238.059
3584 74.02 -249.931
3585 7.76 -250.466
3586 -1075.83 -74.7002
3587 -1033.12 100.141
3588 826.56 170.287
3589 321.66 240.056
3590 -777.19 -181.405
3591 419.92 -232.44
3592 -267.79 243.3
3593 881.91 155.974
3594 -508.46 -223.538
3595 -695.87 197.036
3596 -84.52 -249.767
3597 472.42 227.409
3598 -571.05 -215.946
3599 958.05 131.946
3600 -335.03 239.151
3601 474.15 227.231
3602 228.63 245.265
3603 -276.02 242.845
3604 906.3 148.91
3605 -209.72 246.098
3606 715.04 -193.617
3607 492.57 225.288
3608 -1118.25 -31.3675
3609 258.06 -243.819
3610 -583.53 -214.292
3611 -24.12 -250.415
3612 938.77 -138.621
3613 -70.54 249.981
3614 1002.31 -114.565
3615 -427.11 231.792
3616 -606.69 211.092
3617 -659.9 203.056
3618 -344.35 -238.496
3619 -486.58 225.93
3620 -281.24 242.549
3621 -505.52 -223.867
3622 749.37 187.096
3623 983.53 -122.339
3624 429.99 -231.529
3625 427.15 231.789
3626 989.45 119.958
3627 -925.88 -142.838
3628 1005.88 -113.009
3629 822.02 171.369
3630 56.82 250.153
3631 -172.3 -247.528
3632 812.65 173.562
3633 -1079.49 72.0455
3634 -121.82 249.005
3635 -1099.93 -54.6872
3636 12.58 -250.456
3637 -1104.32 50.1281
3638 62.68 -250.084
3639 853.97 163.472
3640 206.74 -246.222
3641 -958.51 -131.781
3642 -49.42 -250.231
3643 523.72 -221.791
3644 494.98 225.027
3645 -816.98 -172.555
3646 -1086.88 66.3323
3647 635.82 206.815
3648 -420.75 -232.366
3649 637.49 -206.561
3650 -794.12 -177.747
3651 44.88 -250.273
3652 319.32 240.21
3653 1091.3 -62.6461
3654 -111.85 249.236
3655 361.99 -237.203
3656 844.84 165.798
3657 592.87 213.022
3658 -531.95 220.822
3659 -540.96 219.738
3660 -463.43 -228.321
3661 -356.16 237.638
3662 -242.93 244.585
3663 254.94 -243.981
3664 47.64 -250.248
3665 -39.88 -250.315
3666 56.05 250.162
3667 -554.3 218.09
3668 236.42 -244.9
3669 440.6 230.542
3670 -1042.33 95.3112
3671 972.81 -126.501
3672 -212.08 -245.998
3673 85.05 -249.758
3674 1115.45 35.9552
3675 417.23 -232.679
3676 -82.9 249.794
3677 72.33 -249.956
3678 191.36 -246.836
3679 712.23 194.128
3680 -166.94 247.709
3681 -476.59 -226.979
3682 -559.05 217.491
3683 733.65 190.148
3684 1113.18 39.276
3685 -682.5 -199.332
3686 930.58 141.322
3687 -745.29 187.899
3688 -719.5 192.8
3689 -406.67 233.601
3690 -496.28 -224.886
3691 176.22 -247.392
3692 248.2 244.324
3693 -658.11 203.342
3694 -830.92 -169.236
3695 814.27 173.187
3696 499.5 -224.533
3697 239.7 244.742
3698 -737.68 -189.377
3699 1102.87 51.6805
3700 648.85 -204.807
3701 714.98 193.628
3702 -850.04 -164.48
3703 287.6 242.181
3704 -388.24 -235.144
3705 -161.92 -247.874
3706 -1004.33 113.688
3707 -744.38 -188.077
3708 729.91 -190.858
3709 -25.26 -250.409
3710 766.71 -183.594
3711 1015.71 108.58
3712 -1100.31 -54.3084
3713 -749.6 -187.051
3714 697.22 196.801
