%%index real_part   imaginary_part
2362 2362 2362
1 148.52 365.868
2 -287.46 -289.478
3 175.15 -356
4 257.68 -311.792
5 254.85 -313.708
6 -179.11 354.368
7 -184.48 -352.084
8 -175.38 355.907
9 146.94 366.395
10 -254.64 313.849
11 -187.81 -350.626
12 85.49 -382.164
13 417.9 -88.0826
14 139.91 368.662
15 -49.45 387.387
16 -15.41 -389.735
17 -373.65 191.587
18 -180.97 -353.586
19 -168.82 358.519
20 149.64 365.491
21 168.6 358.604
22 52.49 -387.056
23 287.01 289.847
24 -72.68 -384.349
25 372.38 -193.62
26 337.41 -240.837
27 44.05 387.925
28 -93.09 380.694
29 -101.91 378.822
30 388.17 -166.024
31 -21.3 -389.505
32 -370.29 -196.905
33 -74.13 -384.12
34 227.47 -330.646
35 231.98 328.046
36 406.03 125.862
37 -136.24 369.797
38 399.56 -141.946
39 -214.4 -337.787
40 155.7 -363.393
41 -113.6 376.064
42 -275.92 -298.614
43 -363.66 -206.865
44 239.68 -323.439
45 234.43 326.604
46 -333.85 -244.902
47 -188.85 350.164
48 236.6 325.308
49 230.06 -329.162
50 -338.06 240.082
51 -345.74 230.866
52 -421.7 -71.5666
53 -317.46 -262.297
54 -256.51 312.588
55 -10.56 389.868
56 316.47 263.283
57 354.67 219.386
58 105.68 -377.968
59 -154.12 -363.949
60 -173.88 356.514
61 -188.64 -350.258
62 156.18 363.223
63 209.34 -340.4
64 358.72 213.875
65 -102.82 -378.619
66 -101.62 -378.887
67 396.65 -148.538
68 268.16 -304.401
69 242.74 321.548
70 43.27 -387.998
71 -253.43 314.658
72 -321.38 258.321
73 158.55 -362.373
74 -1.57 -389.984
75 217.13 336.343
76 310.71 -268.894
77 -124.63 373.166
78 -402.76 -134.265
79 -161.21 -361.402
80 58.05 -386.399
81 66.83 -385.225
82 41.78 388.132
83 -103.61 378.441
84 -141.79 368.068
85 -412.82 -106.048
86 -198.3 -345.82
87 -179.16 -354.347
88 345.58 231.064
89 -10.77 -389.864
90 -121.3 -374.071
91 -185.62 -351.588
92 -265.31 306.458
93 152.07 -364.661
94 -118.75 -374.747
95 -96.08 -380.079
96 -250.38 316.669
97 -255.26 -313.433
98 142.9 367.713
99 -181.44 353.387
100 -185.62 351.588
101 -325.74 -253.768
102 363.7 -206.807
103 -319.91 -259.825
104 -289.39 -287.884
105 337.23 241.045
106 379.59 -181.681
107 -172.14 -357.211
108 -394.53 153.133
109 229.03 -329.755
110 264.86 306.779
111 -259.08 -310.832
112 -215.01 337.466
113 -237.94 324.499
114 -66.98 385.204
115 -335.45 -243.089
116 -172.16 -357.204
117 -203.4 343.363
118 -307.36 272.057
119 274.58 -299.633
120 179.33 354.276
121 -269.95 -303.09
122 -240.53 322.917
123 356.37 -217.097
124 -104.09 378.332
125 -331.39 -247.648
126 -40.91 388.209
127 -275.5 298.935
128 -196.96 -346.452
129 249.16 317.464
130 312.55 267.125
131 -144.76 367.112
132 135.02 370.166
133 -155.52 363.457
134 -225.18 331.939
135 141.88 -368.04
136 369.88 -197.541
137 4.77 389.962
138 -11.15 389.855
139 -54.58 -386.817
140 -364.1 -206.224
141 412.06 108.463
142 29.55 389.06
143 -351.09 -224.094
144 -394.13 153.982
145 289.17 288.067
146 371.64 -194.792
147 -385.71 -170.696
148 170.29 -357.944
149 -32.74 -388.849
150 -247.62 318.458
151 265.29 -306.472
152 -355.7 218.003
153 267.85 304.626
154 57.13 -386.513
155 255.62 -313.19
156 -338.72 239.312
157 -410.84 -112.223
158 319.47 -260.272
159 325.1 254.445
160 185.34 -351.71
161 -339.79 238.055
162 13.68 -389.788
163 -325.05 -254.498
164 145.43 -366.893
165 127.98 -372.227
166 113.62 376.059
167 107.74 -377.487
168 51.59 -387.156
169 19.83 389.57
170 194.06 347.802
171 18.87 389.609
172 -397.82 -145.93
173 139.98 368.64
174 388.91 164.586
175 -381.79 -177.83
176 -43.28 387.997
177 109.51 -377.065
178 237.22 324.935
179 105.18 378.083
180 237.63 -324.687
181 -153.22 -364.263
182 53.73 386.915
183 -421.88 -70.6844
184 177.99 354.834
185 -362.23 208.928
186 -374.21 -190.682
187 124.64 373.163
188 87.87 -381.718
189 -155.37 363.51
190 351.26 223.874
191 -369.36 198.343
192 -184.97 351.871
193 -303.29 -275.806
194 -256.88 -312.337
195 127.64 372.324
196 -107.06 377.646
197 372.27 193.795
198 -111.49 376.586
199 -295.81 282.44
200 -152.59 -364.481
201 240.35 323.028
202 -340.51 -237.203
203 359.37 -212.971
204 72.42 -384.389
205 -360.07 211.991
206 320.12 259.611
207 -59.35 386.236
208 51.75 387.138
209 233.57 -327.113
210 -218.47 -335.625
211 307.59 -271.842
212 -226.13 -331.405
213 -154.87 363.686
214 24.14 -389.369
215 75.46 -383.906
216 -243.05 321.354
217 108.64 377.273
218 224.85 332.124
219 -251.56 -315.895
220 -344.13 -232.846
221 -61.32 -385.982
222 -136.96 369.577
223 27.07 389.209
224 -34.92 -388.692
225 -353.87 -220.451
226 -382.59 -176.404
227 -228.15 330.259
228 262.8 -308.24
229 233.54 327.13
230 8.19 389.915
231 103.79 -378.4
232 -95.26 -380.25
233 196.05 -346.878
234 -36.57 388.567
235 -117.23 375.142
236 -306.57 272.793
237 259.27 310.701
238 -399.15 -142.897
239 -349.94 -225.576
240 -44.25 -387.906
241 65.02 -385.481
242 -291.84 285.833
243 -158.35 362.445
244 -310.93 268.683
245 345.72 230.891
246 -274.64 -299.588
247 39.79 -388.305
248 177.8 -354.913
249 57.5 386.467
250 421.98 70.1894
251 394.88 152.386
252 -37.5 -388.494
253 406.32 125.086
254 244.4 320.507
255 -78.17 -383.457
256 -325.01 -254.54
257 -83.5 -382.527
258 -9.79 389.885
259 65.71 385.384
260 -56.78 -386.555
261 -54.72 386.801
262 163.3 -360.625
263 49.77 387.353
264 -37.22 -388.516
265 -162.21 -361.032
266 -113.95 -375.977
267 -262.53 -308.43
268 11.21 -389.853
269 -250.66 -316.486
270 110.33 -376.868
271 -62.45 385.832
272 108.52 -377.302
273 -239.41 -323.605
274 121.96 -373.894
275 -257.64 -311.819
276 -72.64 -384.355
277 333.13 -245.711
278 222.88 -333.22
279 46.72 -387.667
280 -226.64 -331.117
281 -328.6 -250.702
282 18.51 389.623
283 253.39 314.684
284 28.51 -389.124
285 206.81 341.675
286 73.97 384.145
287 255.96 312.961
288 107.31 -377.588
289 -129.33 371.842
290 -324.19 -255.403
291 -19.71 389.575
292 -126.6 -372.617
293 79.19 -383.284
294 -291.72 -285.934
295 72.46 -384.383
296 -75.11 383.962
297 350.11 -225.358
298 -367.48 201.209
299 -201.96 344.065
300 -104.2 378.307
301 -184.52 352.067
302 -140.88 -368.357
303 -81.79 -382.833
304 -310.18 269.399
305 28.47 -389.127
306 49.33 387.399
307 -381.89 177.653
308 75.25 -383.94
309 -335.34 -243.214
310 289.34 287.926
311 -290.92 286.607
312 177.16 -355.177
313 30.08 389.027
314 166.59 -359.38
315 -187.18 -350.904
316 362.17 -209.014
317 -401.06 -138.406
318 131.79 371.127
319 153.19 -364.273
320 103.06 378.565
321 4.62 -389.964
322 -305.57 -273.718
323 -276.5 298.171
324 60.11 386.139
325 376.11 -187.567
326 76.48 383.739
327 -28.8 -389.107
328 -345.73 -230.879
329 47.23 -387.616
330 254.76 313.769
331 -280.05 -295.42
332 371.13 -195.594
333 240.88 322.702
334 -34.59 388.717
335 -125.97 372.794
336 -115.46 375.596
337 52.4 -387.066
338 382.19 177.119
339 260.54 309.822
340 86.32 -382.01
341 -148.84 365.761
342 -374.55 190.129
343 -21.08 -389.515
344 38.03 388.451
345 -227.49 330.635
346 -285.11 -291.392
347 272.11 -301.49
348 161.52 -361.287
349 -148.66 365.821
350 386.69 -168.854
351 -122.68 -373.699
352 344.26 -232.687
353 -9.49 -389.891
354 250.84 -316.368
355 -335.95 -242.518
356 276.43 -298.224
357 85.24 -382.21
358 282.69 -293.334
359 358.52 214.152
360 58.97 386.284
361 367.77 -200.77
362 43.52 -387.974
363 -186.31 -351.287
364 -244.52 320.431
365 -252.74 315.116
366 -400.45 139.858
367 -10.62 -389.867
368 356.14 217.409
369 170.69 -357.786
370 -142.82 -367.739
371 358.84 213.708
372 -175.09 -356.025
373 -394.13 -153.982
374 -181.03 353.561
375 128.85 -371.979
376 338.03 -240.117
377 -0.24 -389.986
378 116.53 375.322
379 -55.94 386.657
380 -30.64 388.99
381 -363.79 -206.676
382 21.11 -389.514
383 -139.33 368.844
384 -426.97 37.7559
385 -151.83 -364.744
386 -204.88 -342.635
387 6.54 389.941
388 70.05 384.752
389 -250.09 -316.859
390 176.21 355.568
391 -271.86 -301.676
392 -112.31 -376.384
393 169.09 358.413
394 -200.5 344.77
395 86.56 381.965
396 143.52 -367.514
397 -280.31 -295.216
398 206.58 -341.79
399 278.46 296.659
400 175.12 356.012
401 102.88 -378.605
402 56.11 386.636
403 146.36 366.587
404 -102.32 -378.731
405 -41.49 388.158
406 219.77 334.922
407 -119.17 374.637
408 -167.92 358.868
409 -118.07 -374.924
410 89.07 381.488
411 48.02 387.535
412 57.75 386.437
413 -75.84 -383.844
414 -4.19 389.968
415 -206.23 341.965
416 -405.78 126.526
417 15.24 389.74
418 -198.1 345.914
419 295.45 282.751
420 -192.88 348.344
421 3.09 -389.976
422 -61.45 -385.965
423 115.77 -375.517
424 208.11 -341.022
425 -238 -324.463
426 -291.98 285.715
427 149.09 365.677
428 89.63 -381.379
429 -383.71 -174.382
430 25.77 -389.282
431 237.48 -324.778
432 138.69 -369.043
433 -340.52 237.192
434 -133.34 370.669
435 -110.96 -376.715
436 -378.4 183.721
437 362.94 207.907
438 -56.69 -386.566
439 246.13 -319.411
440 193.32 -348.142
441 351.81 223.159
442 -405.13 128.236
443 -411.01 111.707
444 80.81 -383.005
445 274.71 299.535
446 41.97 388.116
447 216.36 -336.752
448 -385.13 -171.775
449 -17.4 -389.666
450 -201.09 344.486
451 -273.09 -300.757
452 -363.51 -207.083
453 42.27 -388.089
454 -408.19 -119.949
455 -321.84 -257.848
456 -84.73 -382.304
457 52.36 387.071
458 9.33 389.894
459 45.25 -387.811
460 115.84 375.499
461 -310.36 269.227
462 -73.82 384.169
463 -337.38 240.871
464 -221.06 334.22
465 -349.73 -225.845
466 -342.81 234.449
467 -341.26 -236.311
468 -152.97 -364.35
469 389.66 163.114
470 -76.97 -383.658
471 264.21 307.242
472 -82.72 382.667
473 365.6 -204.019
474 -366.91 202.066
475 -167.43 359.057
476 -41.88 388.124
477 159.24 -362.123
478 -180.84 -353.641
479 -317.88 261.876
480 397.18 147.363
481 382.39 -176.762
482 419.55 81.3423
483 -143.2 -367.617
484 -87.12 -381.86
485 231.5 328.327
486 42.17 -388.098
487 -31.84 388.911
488 316.4 263.353
489 112.69 -376.29
490 258.42 311.285
491 -140.48 368.483
492 -69.21 384.878
493 245.47 -319.83
494 -87.11 381.862
495 -306.7 272.672
496 33.49 388.796
497 101.8 -378.847
498 424.87 -53.8879
499 -363.18 -207.561
500 -242.87 321.467
501 331.46 -247.571
502 -401.62 -137.058
503 108.08 -377.406
504 371.46 -195.075
505 -274.66 -299.573
506 48.64 -387.472
507 -226.77 331.043
508 112.3 376.387
509 314.06 265.658
510 420.96 75.0808
511 -338.65 -239.394
512 85.03 -382.249
513 79.64 383.207
514 -164.71 -360.095
515 -427.36 33.9138
516 -179.55 -354.184
517 18.5 389.624
518 -404.03 -131.073
519 -368.54 -199.6
520 151.75 364.771
521 -75.59 -383.884
522 217.02 -336.401
523 344.28 -232.662
524 -274.82 -299.452
525 -159.26 362.116
526 240.79 -322.757
527 -124.88 373.097
528 40.36 388.257
529 412.1 -108.338
530 319.27 -260.475
531 4.74 -389.963
532 354.99 -218.958
533 424.12 58.5674
534 19.24 -389.594
535 -367.8 200.725
536 159.49 362.032
537 235.43 -326.009
538 -156.94 -362.952
539 400.8 139.027
540 60.57 -386.08
541 413.22 104.753
542 -212.43 338.814
543 -272.19 -301.43
544 6.68 389.939
545 373.1 -192.471
546 -86.8 -381.92
547 -310.35 269.237
548 -142.74 -367.765
549 -51.49 387.167
550 -405.15 -128.184
551 -134.96 370.184
552 236.04 -325.644
553 -69.4 -384.849
554 -407.31 122.396
555 367.62 200.997
556 109.59 -377.046
557 301.99 -276.982
558 -213.69 338.158
559 12.1 -389.831
560 -172.82 -356.94
561 -95.6 380.179
562 -213.17 338.43
563 -151.55 -364.84
564 -334.85 243.772
565 290.78 -286.724
566 -149.69 -365.474
567 -7.54 -389.926
568 163.29 360.629
569 -44.9 -387.844
570 -354.12 220.119
571 -422.57 -67.1918
572 -298.97 -279.677
573 132.23 -370.998
574 321.57 -258.126
575 -382.14 177.208
576 386.09 169.985
577 420.19 -78.5646
578 -303.28 -275.815
579 368.65 199.432
580 176.25 355.551
581 -131.24 371.288
582 -4.08 389.969
583 -94.33 380.441
584 -43.38 387.987
585 -258.55 -311.196
586 314.96 -264.776
587 -385.71 170.696
588 -217.75 -336.011
589 215.32 -337.303
590 -390.51 161.425
591 60.13 -386.136
592 -175.77 355.748
593 158.11 362.532
594 -222.21 -333.589
595 274.91 -299.383
596 -178.98 354.422
597 -84.1 -382.419
598 124.85 -373.105
599 -337.46 -240.779
600 -101.38 -378.94
601 135.22 370.106
602 69.04 384.903
603 -265.34 -306.436
604 0.32 -389.986
605 -23.56 389.398
606 -416.22 -94.4281
607 -216.86 -336.486
608 -337.2 -241.08
609 -288.02 289.018
610 -9.96 -389.881
611 107.28 377.595
612 -346.71 229.661
613 304.34 -274.848
614 137.99 369.26
615 -382.57 -176.44
616 12.62 389.818
617 326.12 253.364
618 424.78 -54.4711
619 161.86 361.162
620 -117.17 -375.158
621 79.28 383.269
622 -345.76 -230.842
623 426.93 38.1279
624 116.43 375.348
625 365.41 -204.3
626 355.34 218.488
627 138.15 -369.21
628 -416.51 93.3653
629 -395.72 -150.574
630 48.77 -387.458
631 396.54 148.781
632 226.72 -331.072
633 226.92 330.958
634 -107.41 377.564
635 59.08 386.27
636 105.48 -378.014
637 -171.29 -357.549
638 -172.41 -357.104
639 318.99 -260.758
640 -170.08 -358.026
641 -36.59 388.565
642 -216.36 -336.752
643 -73.05 384.291
644 38.03 -388.451
645 -185.77 351.523
646 169.86 -358.112
647 2.93 -389.977
648 -11.07 -389.857
649 -318.11 -261.645
650 -229.89 329.26
651 -291.57 -286.061
652 154.43 363.84
653 -227.74 -330.493
654 209.45 -340.344
655 152.48 -364.519
656 57.73 -386.439
657 344.07 -232.919
658 -230.11 -329.133
659 -259.39 -310.618
660 35.16 -388.674
661 -398.64 144.068
662 -161.42 361.324
663 -41.72 -388.138
664 -202.93 343.593
665 -387.99 -166.371
666 291.48 -286.136
667 82.39 -382.726
668 296.49 -281.85
669 377.22 185.716
670 -152.03 -364.675
671 -282.51 293.478
672 12.78 -389.813
673 415.18 98.1389
674 278.76 -296.427
675 -133.06 -370.752
676 -163.85 360.419
677 240.02 323.231
678 237.45 -324.796
679 -230.73 328.774
680 236.99 325.073
681 422.59 67.0878
682 -286.63 -290.157
683 348 228.043
684 -105.47 -378.016
685 -260.02 -310.182
686 -108.1 -377.402
687 198.97 -345.501
688 20.69 -389.533
689 358.39 -214.331
690 -123.94 -373.355
691 272.01 301.565
692 -44.27 387.904
693 394.62 -152.942
694 -144.29 -367.264
695 415.71 96.2668
696 249.36 317.334
697 0.21 389.986
698 178.66 354.556
699 -288.71 288.448
700 -216.05 -336.917
701 239.74 -323.403
702 -150.77 365.107
703 25.42 -389.301
704 278.86 -296.349
705 397.37 146.939
706 86 -382.069
707 -0.12 -389.986
708 379.73 -181.439
709 241.81 -322.126
710 -181.56 353.336
711 134.99 -370.175
712 160.21 -361.769
713 -52.32 387.075
714 286.35 290.386
715 238.8 323.977
716 -42.65 388.054
717 -361.03 -210.638
718 172.43 -357.096
719 290 287.377
720 279.64 -295.741
721 -392.33 -157.736
722 44.07 -387.923
723 71.59 384.518
724 204.08 343.029
725 -30.78 -388.981
726 94.42 380.423
727 -152.85 364.391
728 -206.26 341.95
729 5.31 -389.957
730 -393.74 -154.805
731 -176.57 -355.42
732 -85.04 -382.247
733 -333.43 245.375
734 27.64 -389.176
735 -1.56 389.984
736 -161.04 361.464
737 291.1 286.456
738 391.87 -158.678
739 -50.58 -387.266
740 365.04 204.846
741 296.32 281.998
742 42.92 -388.03
743 -129.52 371.787
744 243.95 -320.79
745 371.59 -194.87
746 259.71 310.397
747 -14.49 -389.764
748 60.46 -386.094
749 142.04 367.989
750 121.23 -374.09
751 -277.66 297.279
752 -338.22 -239.896
753 -156.4 363.144
754 57.87 386.422
755 -56.14 386.633
756 -372.55 -193.35
757 181.99 -353.153
758 128.82 371.988
759 -355.77 -217.909
760 139.18 368.891
761 -300.79 -278.059
762 97.63 379.753
763 -169.77 -358.148
764 359.13 -213.305
765 265.33 -306.444
766 -16.97 -389.681
767 -139.56 368.772
768 -195.23 -347.26
769 84.33 382.377
770 -348.95 -226.84
771 197.15 -346.363
772 289.72 -287.61
773 305.1 274.151
774 372.8 192.951
775 -372.27 193.795
776 -310.61 268.989
777 -19.54 -389.582
778 5.04 -389.96
779 -26.62 389.235
780 162.78 360.82
781 106.75 377.719
782 -263.22 -307.944
783 -114.41 -375.861
784 244.71 320.311
785 -347.49 228.685
786 50.89 387.233
787 -155.45 -363.481
788 -177.73 -354.942
789 119.49 374.552
790 -99.06 -379.446
791 128.57 -372.059
792 -207.85 341.153
793 -6.52 -389.941
794 -185.85 -351.488
795 121.94 -373.899
796 -207.13 -341.515
797 -30.4 -389.006
798 -349.84 -225.704
799 -377.65 -184.992
800 261.67 309.033
801 49.88 -387.341
802 367.42 -201.299
803 220.01 334.792
804 39.77 -388.307
805 135.99 369.873
806 88.43 381.611
807 207.71 -341.224
808 212.4 -338.829
809 -44 -387.93
810 -220.66 334.438
811 -49.13 -387.42
812 -127.69 -372.31
813 -228.02 -330.333
814 -163.57 -360.524
815 -179.04 -354.397
816 130.39 371.535
817 -132.02 371.059
818 402.89 -133.942
819 264.73 -306.872
820 328.54 250.767
821 -265.36 306.422
822 267.28 305.04
823 177.66 -354.971
824 66.54 -385.267
825 119.76 374.481
826 -395.73 150.553
827 372.62 -193.238
828 -144.33 367.251
829 361.66 209.743
830 308.81 -270.696
831 -183.94 352.317
832 100.43 -379.149
833 61.22 -385.995
834 349.83 225.717
835 -150.02 365.362
836 25.78 389.282
837 65.53 -385.41
838 176.02 -355.645
839 -14.59 389.761
840 -243.8 -320.884
841 -228.3 330.173
842 -17.21 389.673
843 -166.22 -359.521
844 -110.86 -376.739
845 -141.72 368.091
846 374.31 190.52
847 -146.54 366.527
848 81.94 -382.806
849 155.38 -363.506
850 203.6 343.265
851 190.65 -349.357
852 -318.35 261.404
853 61.49 -385.959
854 89.26 381.451
855 40.18 -388.272
856 -398.49 144.411
857 38.47 -388.415
858 125.22 373.002
859 10.58 389.868
860 -119.71 -374.494
861 333.42 -245.386
862 -407.64 -121.485
863 141.83 368.056
864 326.16 -253.322
865 217.01 336.407
866 328.87 250.409
867 -259.53 310.521
868 201.54 344.268
869 -394.43 -153.346
870 297.75 -280.75
871 -409.37 116.578
872 -402.53 -134.833
873 421.48 -72.6298
874 -204.43 342.857
875 -290.24 287.176
876 28.14 389.147
877 -283.94 292.335
878 411.71 -109.556
879 -1.86 389.983
880 -129.27 371.859
881 -141.55 368.145
882 292.86 284.97
883 45.53 -387.784
884 317.05 262.706
885 -404.19 -130.665
886 410.64 112.826
887 306.88 272.504
888 -194.89 347.418
889 136.38 -369.754
890 -268.94 303.832
891 220.77 334.378
892 388.78 -164.84
893 -388.14 -166.082
894 297.13 -281.293
895 -140.96 -368.332
896 -136.61 369.684
897 -121.44 -374.034
898 54.01 386.883
899 -135.84 -369.918
900 333.36 245.453
901 -215.35 337.287
902 191.18 349.117
903 -235.37 -326.045
904 -40.42 -388.251
905 238.76 324.001
906 264.62 -306.95
907 146.14 366.659
908 357.81 215.131
909 -328.3 -251.027
910 -59.45 386.223
911 -172.05 -357.247
912 15.16 389.743
913 -246.12 319.417
914 -117.97 -374.95
915 312.22 267.444
916 -139.61 368.756
917 -375.26 -188.969
918 -169.08 358.417
919 16.9 -389.684
920 -245.67 -319.703
921 204.79 -342.679
922 242.06 321.971
923 318.27 261.484
924 -29.05 389.091
925 99.54 -379.343
926 -306.21 -273.126
927 421.17 -74.1011
928 -74.35 384.085
929 175.75 -355.756
930 5.19 -389.958
931 23.06 -389.423
932 16.72 -389.69
933 -177.33 -355.107
934 312.25 -267.415
935 -97.42 -379.797
936 -326.63 -252.821
937 217.92 -335.92
938 171.52 357.458
939 -354.67 219.386
940 -2.22 389.981
941 330.57 -248.552
942 418.32 86.4192
943 217.11 336.353
944 36.56 -388.568
945 -422.65 66.7747
946 -39.09 388.364
947 -309.5 270.044
948 -388.65 -165.093
949 17.61 389.658
950 -132.8 -370.829
951 187.39 350.812
952 -259.12 -310.804
953 289.1 -288.125
954 167.57 -359.003
955 351.59 -223.445
956 -21.17 -389.511
957 -101.07 -379.008
958 156.46 -363.123
959 198.15 345.891
960 -401.9 -136.378
961 107.43 -377.56
962 -193.81 347.917
963 -186.23 -351.322
964 325.52 254.001
965 131.45 371.227
966 129.43 -371.813
967 281.61 -294.192
968 314.38 265.345
969 -98.3 -379.61
970 416.02 95.1537
971 413.77 102.943
972 57.63 -386.451
973 -257.44 -311.956
974 374.29 190.552
975 -207.3 341.43
976 52.07 387.103
977 11.2 -389.854
978 -29.72 389.049
979 68.26 -385.018
980 144.43 -367.219
981 -26.54 -389.239
982 -29.01 389.094
983 -283.91 -292.359
984 -287.86 -289.149
985 335.46 243.077
986 -286.78 290.035
987 226.49 -331.202
988 319.19 260.556
989 356.85 -216.444
990 410.56 -113.067
991 153.27 364.246
992 -183.91 352.33
993 268.29 -304.306
994 164.63 360.125
995 261.96 308.83
996 -327.24 -252.168
997 61.89 -385.907
998 239.05 323.824
999 317.08 262.676
1000 394.27 -153.686
1001 -94.17 -380.474
1002 258.53 -311.21
1003 88.98 -381.505
1004 270.95 -302.352
1005 -386.24 169.703
1006 214.14 -337.923
1007 234.71 326.438
1008 -158.18 362.507
1009 315.23 -264.51
1010 -45.15 -387.82
1011 -284.83 -291.619
1012 331.84 -247.15
1013 151.67 364.799
1014 -155.26 363.548
1015 -138.95 -368.962
1016 -137.22 369.497
1017 -8.86 389.903
1018 43.86 387.943
1019 -133.41 370.648
1020 -269.87 303.149
1021 71.31 384.561
1022 119 374.681
1023 -168.84 358.511
1024 251.66 315.83
1025 40.56 388.239
1026 352.54 -222.205
1027 230.83 328.716
1028 -228.82 -329.876
1029 157.57 -362.726
1030 397.65 -146.312
1031 -423.82 60.3355
1032 -92.8 -380.752
1033 27.58 389.18
1034 -79.69 -383.199
1035 393.04 -156.268
1036 -196.9 346.48
1037 133.39 370.654
1038 -72.73 384.341
1039 236.63 325.29
1040 20.78 389.529
1041 -389.84 162.758
1042 344.64 -232.222
1043 217.01 336.407
1044 222.14 333.628
1045 87.27 381.831
1046 78.4 -383.418
1047 269.21 -303.634
1048 -367.59 -201.042
1049 290.36 -287.076
1050 -297.96 280.566
1051 -295.76 282.483
1052 355.07 -218.85
1053 166.88 359.268
1054 -27.07 -389.209
1055 60.25 -386.121
1056 -69.52 384.831
1057 -343.91 233.114
1058 -258.24 -311.409
1059 168.35 358.701
1060 231.82 -328.14
1061 354.76 219.265
1062 -232.03 328.017
1063 -320.9 258.814
1064 347.98 228.068
1065 392.95 156.455
1066 -420.86 75.5427
1067 264.1 307.32
1068 420.55 -76.9563
1069 233.96 326.882
1070 -4.47 -389.965
1071 180.86 353.633
1072 -296.96 281.441
1073 -396.45 -148.979
1074 204.8 342.674
1075 -372.16 193.969
1076 -193.3 -348.151
1077 111.09 -376.683
1078 -157.3 -362.823
1079 144.47 367.206
1080 -426.48 42.0847
1081 -80.79 383.008
1082 259.15 -310.783
1083 -159.67 -361.966
1084 -313.7 -266.009
1085 383.83 174.163
1086 -65.81 -385.37
1087 285.16 -291.352
1088 101.78 -378.851
1089 265.43 -306.372
1090 -151.97 364.695
1091 421.21 73.9129
1092 -143.9 -367.391
1093 107.1 -377.637
1094 140.18 -368.578
1095 226.63 -331.123
1096 -30.44 -389.003
1097 -400.45 139.858
1098 316.76 -262.995
1099 263.43 307.795
1100 109.93 376.964
1101 225.2 -331.928
1102 -425.63 48.6797
1103 -215.68 337.113
1104 419.79 -80.3124
1105 386.77 168.702
1106 187.79 -350.635
1107 317.12 -262.636
1108 -156.87 362.977
1109 -355.86 217.787
1110 139.03 368.937
1111 424.38 -56.9896
1112 373.17 -192.359
1113 -7.09 389.933
1114 278.3 -296.784
1115 -280.01 -295.451
1116 31.56 -388.93
1117 26.75 389.228
1118 249.77 317.067
1119 -310.88 -268.731
1120 47.49 387.589
1121 -166.62 -359.368
1122 -233.47 -327.172
1123 391.94 158.535
1124 -20.15 -389.556
1125 -415.25 97.8939
1126 -155.38 -363.506
1127 254.01 314.271
1128 -128.54 372.068
1129 -222.76 -333.286
1130 -372.09 194.08
1131 194.93 -347.399
1132 -107.04 377.651
1133 -406.99 -123.273
1134 89.97 -381.313
1135 -67.3 385.157
1136 361.24 -210.34
1137 303.59 275.533
1138 -274.98 -299.33
1139 -4.26 -389.967
1140 -275.28 -299.102
1141 70.12 384.741
1142 -114.1 -375.939
1143 51.42 -387.175
1144 380.7 -179.751
1145 96.22 380.05
1146 -397.51 146.626
1147 32.12 388.892
1148 -374.33 -190.487
1149 -25.41 389.302
1150 -88.71 381.557
1151 247.25 -318.695
1152 -303.15 275.933
1153 -125.4 -372.952
1154 -105.93 377.91
1155 -328.4 -250.918
1156 -288.55 -288.58
1157 268.78 -303.949
1158 -95.1 -380.283
1159 324.04 -255.56
1160 -385.89 -170.36
1161 224.72 -332.197
1162 98.98 -379.464
1163 -115.7 375.535
1164 253.86 314.371
1165 -175.42 355.89
1166 11.2 389.854
1167 185.95 -351.444
1168 210.78 339.664
1169 297.13 -281.293
1170 21.25 -389.508
1171 -213.47 338.273
1172 -87.88 -381.716
1173 186.59 351.164
1174 -133 -370.77
1175 -6.84 -389.937
1176 205.29 342.432
1177 -396.89 -148.008
1178 -185.74 351.536
1179 374.18 190.731
1180 131.59 371.186
1181 -402.69 134.438
1182 277.76 297.201
1183 -424.41 56.8047
1184 175.55 -355.837
1185 -128.63 372.042
1186 -247.56 -318.496
1187 329.36 -249.876
1188 341.84 235.617
1189 -380.09 -180.815
1190 403.67 131.987
1191 5.97 389.949
1192 -204.18 -342.98
1193 67.36 -385.149
1194 -12.16 389.83
1195 -419.46 81.725
1196 -244.2 320.633
1197 -290.05 -287.335
1198 -141.05 -368.303
1199 245.39 -319.881
1200 -171.25 -357.565
1201 3.38 -389.974
1202 -383.24 -175.234
1203 114.72 375.783
1204 303.9 -275.25
1205 -354.83 219.172
1206 -147.29 -366.279
1207 13.61 389.79
1208 414.19 101.537
1209 250.76 316.421
1210 -389.02 164.371
1211 -104.55 -378.227
1212 228.04 -330.322
1213 308.27 271.205
1214 -278.12 -296.923
1215 12.19 -389.829
1216 -130.61 -371.472
1217 389.42 -163.587
1218 -24.53 -389.348
1219 170.27 -357.951
1220 -414.23 101.402
1221 -3.11 -389.976
1222 -226.88 330.981
1223 -5.71 389.952
1224 326.48 -252.981
1225 -345.33 -231.373
1226 -117.23 -375.142
1227 314.38 265.345
1228 69.86 -384.781
1229 -317.19 -262.566
1230 -81.28 -382.922
1231 88.4 -381.616
1232 278.4 -296.706
1233 -178.53 -354.61
1234 30.52 388.998
1235 -138.28 369.17
1236 -64.15 -385.601
1237 383.4 174.944
1238 -317.15 262.606
1239 -343.11 234.087
1240 -347.55 -228.609
1241 -291.49 286.128
1242 342.98 234.244
1243 302.07 276.91
1244 49 -387.434
1245 353.42 -221.047
1246 -371.51 -194.996
1247 -360.9 210.822
1248 -283 293.087
1249 162.35 -360.98
1250 -232.71 -327.619
1251 416.8 -92.2895
1252 -416.75 -92.476
1253 31.44 -388.938
1254 -122.57 373.729
1255 287.66 289.314
1256 253.47 314.631
1257 327.77 -251.598
1258 -396.95 147.875
1259 102.86 378.61
1260 190.69 -349.339
1261 -12.74 389.814
1262 -85.4 382.181
1263 -259.08 -310.832
1264 -347.8 -228.295
1265 -382.09 -177.297
1266 135.74 -369.948
1267 -227.93 -330.384
1268 -122.53 373.74
1269 263.73 -307.583
1270 75.1 -383.964
1271 395.72 150.574
1272 -360.11 211.935
1273 247.71 -318.4
1274 360.6 211.246
1275 18.8 -389.612
1276 304.69 274.528
1277 68.33 -385.008
1278 -35.09 -388.68
1279 187 -350.984
1280 385.45 -171.181
1281 -308.1 271.364
1282 70.78 384.642
1283 -26.71 -389.23
1284 -334.36 244.327
1285 -260.3 -309.988
1286 -155.69 -363.396
1287 274.01 -300.064
1288 87.01 -381.88
1289 -55.16 386.749
1290 -344.83 -231.988
1291 -163.67 360.487
1292 -206.49 341.835
1293 67.15 385.179
1294 4.74 389.963
1295 -129.6 -371.764
1296 -205.26 -342.447
1297 -130.01 -371.645
1298 -131.79 -371.127
1299 -333.11 245.734
1300 -268.73 -303.985
1301 -378.24 -183.993
1302 328.38 -250.94
1303 -51.25 387.193
1304 -286.09 -290.597
1305 45.95 387.743
1306 269.16 -303.671
1307 103.42 -378.484
1308 -346.03 -230.507
1309 -239.57 -323.507
1310 -98.09 379.655
1311 -243.51 -321.066
1312 -127.93 372.242
1313 377.15 185.833
1314 -34.85 388.697
1315 -117.46 -375.083
1316 330.23 248.926
1317 99.89 -379.267
1318 128.43 -372.099
1319 -138.37 369.142
1320 -121.35 374.058
1321 121.23 -374.09
1322 365.2 -204.61
1323 -140.21 -368.568
1324 -369.41 198.266
1325 328.57 -250.734
1326 147.28 366.282
1327 -30.79 388.981
1328 172.62 357.02
1329 276.56 298.125
1330 -247.71 -318.4
1331 -53.82 -386.905
1332 -374.1 190.86
1333 -78.98 383.32
1334 -376.68 186.619
1335 396.32 149.265
1336 -183.83 -352.365
1337 71.9 -384.47
1338 -227.45 -330.658
1339 76.98 383.656
1340 -351.59 223.445
1341 -356.87 216.417
1342 272.81 -300.967
1343 -290.85 286.666
1344 -423.65 61.3143
1345 278.07 -296.962
1346 399.55 -141.97
1347 325.84 253.662
1348 -220.34 334.613
1349 -211.47 339.31
1350 73.11 384.281
1351 418.14 87.1362
1352 -20.25 389.552
1353 -291.19 286.38
1354 23.65 389.393
1355 -15.03 389.747
1356 -229.4 329.542
1357 21.55 -389.494
1358 -405.31 127.765
1359 -205.77 342.194
1360 191.01 -349.194
1361 -244.24 320.608
1362 419.28 82.4848
1363 -361.26 210.312
1364 22.11 -389.468
1365 -333.56 -245.229
1366 -344.38 232.54
1367 365.45 204.241
1368 -40.66 -388.231
1369 88.96 -381.509
1370 159.33 -362.09
1371 175.35 355.919
1372 -129.4 -371.821
1373 230.76 328.757
1374 -41.31 -388.174
1375 -412.69 106.465
1376 -338.97 -239.019
1377 219.69 334.966
1378 79.71 -383.195
1379 75.84 383.844
1380 118.59 374.789
1381 -217.54 336.123
1382 61.86 -385.911
1383 -99.79 379.288
1384 194.52 347.589
1385 5.2 389.958
1386 -402.87 -133.992
1387 332.9 -245.969
1388 -308.37 -271.111
1389 -306.58 272.783
1390 105.3 -378.055
1391 -323.52 256.104
1392 48.51 387.485
1393 127.55 372.349
1394 -2.37 -389.981
1395 250.1 -316.852
1396 -284.79 -291.651
1397 -86.32 382.01
1398 -20.14 -389.556
1399 -253.94 314.318
1400 -321.63 -258.064
1401 -81.57 382.871
1402 137.1 -369.534
1403 -189.61 -349.824
1404 -41.85 -388.126
1405 -226.64 -331.117
1406 -364.18 -206.108
1407 -365.45 204.241
1408 -22.11 -389.468
1409 -396.92 147.941
1410 154.66 363.76
1411 -333.44 245.364
1412 358.31 -214.442
1413 354.66 -219.399
1414 -422.26 -68.7836
1415 -327.62 251.76
1416 -139.47 -368.8
1417 -260.65 -309.745
1418 231.59 328.274
1419 297.13 -281.293
1420 -399.37 142.388
1421 152.07 -364.661
1422 -69.3 -384.864
1423 -136.06 369.851
1424 -51.88 -387.124
1425 -374.16 -190.763
1426 5.49 -389.955
1427 -150.15 -365.318
1428 -101.99 378.804
1429 309.12 270.404
1430 169.49 358.257
1431 -68.22 385.024
1432 -86.89 381.903
1433 61.61 -385.944
1434 -182 353.149
1435 61.88 -385.908
1436 419.42 -81.8944
1437 398.3 144.843
1438 427.48 32.64
1439 -37.56 -388.489
1440 -180.47 -353.797
1441 91.36 -381.04
1442 167.16 -359.161
1443 -401.71 -136.84
1444 -357.18 215.994
1445 392.29 157.818
1446 105.7 -377.963
1447 -64.87 385.502
1448 229.48 -329.496
1449 -339.61 238.267
1450 -327.89 -251.469
1451 165.68 359.727
1452 132.09 -371.039
1453 232.89 327.513
1454 239.65 -323.458
1455 204.24 -342.951
1456 -72.82 384.327
1457 -278.86 296.349
1458 243.55 -321.041
1459 68.87 -384.928
1460 127.45 -372.378
1461 33.74 -388.778
1462 -46.51 -387.688
1463 -189.12 350.044
1464 95.18 380.266
1465 10.19 389.876
1466 59.55 -386.211
1467 -298.19 280.364
1468 268.4 304.226
1469 -33.17 388.819
1470 -58.06 386.398
1471 222.57 333.391
1472 253.57 314.564
1473 254.7 313.809
1474 -390.21 -162.023
1475 -97.77 -379.723
1476 197.64 -346.132
1477 66.57 -385.262
1478 -197.4 346.245
1479 27.14 389.205
1480 -259.87 310.286
1481 66.5 385.272
1482 -40.71 -388.226
1483 -251.06 316.224
1484 265.01 306.672
1485 322.19 257.486
1486 71.8 384.485
1487 205.21 342.472
1488 18.23 -389.634
1489 -309.44 -270.101
1490 355.22 -218.649
1491 -219.49 335.074
1492 -427.52 32.2041
1493 -233.32 -327.26
1494 254.01 -314.271
1495 -220.28 -334.645
1496 -205.83 342.164
1497 270.2 302.906
1498 -347.09 229.186
1499 -276.89 -297.871
1500 -92.76 380.76
1501 -407.81 -121.012
1502 224.11 332.537
1503 -159.71 -361.952
1504 104.82 -378.165
1505 21.64 389.49
1506 -71.46 384.538
1507 87.43 -381.801
1508 9.07 -389.899
1509 -224.34 -332.409
1510 332.36 246.572
1511 -165.01 359.982
1512 -280.28 295.24
1513 227.37 330.703
1514 19.88 -389.567
1515 350.81 -224.456
1516 -194.83 347.446
1517 178.77 -354.51
1518 79.82 -383.176
1519 344.2 232.76
1520 124.39 373.232
1521 203.6 343.265
1522 -373.3 -192.15
1523 -205.02 -342.566
1524 360.05 212.019
1525 -426.97 -37.7559
1526 -134.51 -370.32
1527 116.51 -375.328
1528 278.66 296.504
1529 -175.58 355.825
1530 385.09 171.849
1531 -271 -302.315
1532 241.11 -322.56
1533 -155.03 363.629
1534 -108.94 377.202
1535 -271.18 302.182
1536 -362.42 -208.656
1537 -327.08 -252.339
1538 15.13 389.744
1539 -228.13 -330.27
1540 33.45 388.799
1541 191.43 -349.004
1542 375.57 -188.459
1543 73.65 -384.196
1544 -4.55 -389.965
1545 -251.67 315.823
1546 246.29 319.309
1547 183.24 -352.619
1548 368.31 -199.95
1549 389.79 162.857
1550 163.89 360.404
1551 -370.02 197.324
1552 419.29 82.4428
1553 193.49 348.064
1554 -389.13 -164.156
1555 -145.79 -366.775
1556 318.43 261.323
1557 -185.54 -351.623
1558 -355.16 -218.73
1559 249.93 -316.963
1560 -108.94 -377.202
1561 317.29 262.467
1562 -289.96 -287.41
1563 -204.53 -342.808
1564 406.59 -124.359
1565 22.03 389.472
1566 -305.07 274.179
1567 334.11 -244.609
1568 135.28 370.088
1569 24.65 389.342
1570 420.91 75.3121
1571 -73.5 384.22
1572 394.32 -153.58
1573 173.98 -356.474
1574 342.12 235.281
1575 -47.27 387.612
1576 96.15 380.065
1577 -307.04 -272.355
1578 -7.17 389.932
1579 -119.88 374.449
1580 51.92 387.12
1581 -157.72 -362.672
1582 252.25 315.44
1583 89.37 381.43
1584 -163.5 -360.551
1585 134.82 -370.226
1586 -149.11 365.67
1587 -160.31 -361.732
1588 -290.44 287.009
1589 165.68 -359.727
1590 -99.47 379.358
1591 264.28 -307.192
1592 57.85 386.424
1593 -325.19 254.35
1594 50.33 -387.293
1595 4.34 -389.967
1596 -209.24 -340.45
1597 177.62 354.987
1598 370.62 -196.391
1599 -368.47 199.707
1600 322.85 256.802
1601 -226.66 -331.106
1602 153.39 364.204
1603 -132.88 370.806
1604 402.61 134.636
1605 321.67 -258.023
1606 127.87 372.259
1607 -281.84 294.01
1608 361.65 -209.757
1609 374.48 190.243
1610 -75.71 383.865
1611 373.25 192.231
1612 -140.82 368.376
1613 185.7 -351.554
1614 -105.73 377.956
1615 64.41 385.566
1616 260.06 310.155
1617 -49.32 -387.401
1618 384.97 -172.071
1619 -336.96 241.357
1620 198 345.962
1621 -4.04 -389.969
1622 146.38 366.58
1623 191.35 349.04
1624 226.69 331.089
1625 -239.2 323.733
1626 233.21 327.325
1627 -53.47 -386.945
1628 -369.13 198.697
1629 266.79 -305.394
1630 -178.44 -354.647
1631 -363.4 207.242
1632 -255.86 -313.028
1633 72.71 -384.344
1634 -10.34 -389.873
1635 -407.85 120.901
1636 1.92 389.983
1637 -204.43 342.857
1638 76.71 383.701
1639 -344.9 231.902
1640 -226.51 -331.191
1641 -161.71 -361.217
1642 222.79 333.269
1643 59.04 386.275
1644 46.73 -387.666
1645 101.01 -379.021
1646 -48.84 -387.451
1647 150.29 -365.27
1648 391.14 -160.159
1649 -363.88 -206.545
1650 -40.98 -388.203
1651 -48.45 -387.491
1652 -25.82 -389.279
1653 119.48 374.555
1654 -92.75 380.762
1655 235.85 325.758
1656 359.95 212.16
1657 206.75 341.705
1658 20.26 -389.551
1659 -106.08 377.875
1660 -2.04 -389.982
1661 -251.05 -316.231
1662 -59.53 -386.213
1663 -47.83 387.555
1664 415.67 96.4095
1665 253.88 314.358
1666 -398.3 -144.843
1667 185.39 -351.689
1668 -184.07 352.261
1669 -43.03 -388.02
1670 234.21 -326.734
1671 -128.11 -372.19
1672 -250.91 -316.322
1673 -96.43 -380.006
1674 88.18 381.659
1675 399.93 -141.083
1676 -213.16 338.435
1677 -131.73 -371.145
1678 -305.94 -273.376
1679 207.38 -341.39
1680 -199.94 -345.038
1681 -87.14 -381.856
1682 -218.38 -335.673
1683 -318.53 -261.222
1684 142.56 367.822
1685 -274.75 -299.505
1686 -94.94 380.316
1687 -26.58 389.237
1688 -339.95 -237.866
1689 -199.28 -345.354
1690 -202.18 343.958
1691 -287.16 -289.724
1692 -404.3 130.383
1693 -185.13 351.802
1694 -232.5 327.742
1695 407.04 123.136
1696 233.66 -327.06
1697 -174.18 -356.393
1698 -350.46 -224.908
1699 -217.6 336.091
1700 -183.1 352.679
1701 180.2 -353.911
1702 337 -241.311
1703 111.92 -376.48
1704 -29.38 389.071
1705 304.6 -274.61
1706 53.49 386.943
1707 408.74 118.391
1708 218.06 -335.845
1709 278.9 -296.318
1710 307.13 272.271
1711 -265.22 306.522
1712 -113.28 -376.144
1713 -196.71 -346.569
1714 -406.03 125.862
1715 91.33 -381.046
1716 18.86 389.609
1717 347.07 -229.211
1718 -310.07 269.503
1719 -184.26 -352.179
1720 -359.49 -212.803
1721 -118.41 -374.836
1722 176.18 355.58
1723 271.64 301.84
1724 34.89 388.694
1725 253.44 314.651
1726 113.86 -375.999
1727 -277.79 297.178
1728 -63.41 385.703
1729 312.69 -266.99
1730 -22.76 389.437
1731 -169.18 358.378
1732 -139.67 -368.738
1733 271.22 -302.152
1734 -247.76 -318.368
1735 -162.17 361.047
1736 382.56 -176.458
1737 -169.95 -358.077
1738 234.01 -326.853
1739 -127.37 372.4
1740 -128.91 -371.962
1741 117.75 375.008
1742 359.12 213.319
1743 237.31 -324.88
1744 250 316.917
1745 10.72 389.865
1746 102.31 378.733
1747 52.11 387.099
1748 -270.7 302.537
1749 -275.66 298.813
1750 251.25 316.099
1751 192.46 -348.536
1752 -217.71 336.033
1753 75.17 383.953
1754 -163.5 -360.551
1755 26.08 389.265
1756 43.37 -387.988
1757 -329.22 -250.029
1758 305.42 -273.857
1759 -35.37 388.659
1760 -323.26 256.375
1761 272.34 301.318
1762 115.28 375.641
1763 -419.76 80.4419
1764 -236.5 325.368
1765 -241.25 -322.473
1766 -295.22 -282.95
1767 -352.96 221.653
1768 -156.41 363.141
1769 -66.62 385.255
1770 -210.94 -339.582
1771 290.27 287.151
1772 -121.41 374.042
1773 -427.93 -27.3357
1774 226.67 331.1
1775 -132.1 371.036
1776 -345.48 231.188
1777 -414.08 -101.907
1778 -390 162.441
1779 306.51 -272.848
1780 -375.73 188.195
1781 -119.94 374.434
1782 -32.57 388.861
1783 93.87 -380.535
1784 315.48 -264.264
1785 -68.43 384.993
1786 361.81 -209.529
1787 -255.96 312.961
1788 270.64 302.581
1789 -283.27 292.872
1790 -329.21 250.04
1791 303.71 -275.424
1792 -178.15 -354.768
1793 -4.28 -389.967
1794 -265.37 -306.415
1795 -278.39 -296.714
1796 -411.63 -109.804
1797 -104.29 378.287
1798 -137.34 -369.46
1799 302.7 -276.341
1800 -302.5 -276.522
1801 411.19 111.159
1802 63.04 385.753
1803 -235.44 326.003
1804 -199.36 345.316
1805 -54.42 -386.836
1806 -59.76 -386.184
1807 132.85 -370.815
1808 -259.75 -310.369
1809 37.98 388.455
1810 202.04 344.026
1811 -398.69 143.954
1812 192.82 -348.371
1813 -172.04 357.251
1814 65.73 -385.381
1815 189.35 -349.941
1816 246.86 318.945
1817 235.57 325.925
1818 347.91 228.156
1819 62.04 -385.887
1820 216.26 336.805
1821 -156.72 363.03
1822 250.65 316.493
1823 -375.23 -189.018
1824 43.23 -388.001
1825 -11.52 389.846
1826 -257.53 -311.894
1827 209.84 -340.145
1828 99.77 -379.293
1829 -64.67 -385.53
1830 343.7 233.37
1831 -82.4 -382.725
1832 -183.47 -352.52
1833 218.43 -335.646
1834 58.23 -386.377
1835 -393.73 154.826
1836 359.83 212.328
1837 143.32 -367.578
1838 368.57 199.554
1839 312.28 267.386
1840 202.97 -343.573
1841 -242.67 321.591
1842 -402.07 135.963
1843 -17.98 -389.644
1844 181.96 -353.166
1845 230.76 -328.757
1846 353.73 -220.636
1847 -5.24 389.957
1848 276.85 -297.902
1849 -232.46 327.766
1850 124.68 373.152
1851 407.18 122.753
1852 -143.25 -367.601
1853 375.99 187.766
1854 196.64 -346.602
1855 76.42 383.749
1856 153.87 364.036
1857 258.51 -311.224
1858 172.18 -357.196
1859 121.68 -373.969
1860 -44.63 387.87
1861 47.28 -387.611
1862 -148.5 -365.875
1863 -230.8 328.734
1864 -21.07 -389.516
1865 -69.07 384.898
1866 -404.02 131.099
1867 101.76 -378.856
1868 -225.11 331.978
1869 -350.16 225.294
1870 -424.7 54.9843
1871 160.17 361.784
1872 -354.27 -219.919
1873 -125.08 373.041
1874 283.04 -293.055
1875 -217.62 -336.081
1876 286.62 290.166
1877 352.24 -222.598
1878 419.7 -80.7002
1879 -36.88 388.543
1880 228.73 -329.927
1881 390.94 -160.562
1882 -11.18 389.854
1883 -279.25 -296.045
1884 -160.08 361.817
1885 -278.32 -296.768
1886 -44.94 -387.841
1887 41.79 388.132
1888 -35.86 -388.622
1889 -25.4 389.302
1890 -369.54 198.066
1891 -19.45 389.585
1892 306.41 -272.941
1893 -94.91 -380.322
1894 -170.79 -357.747
1895 0.07 389.986
1896 270.37 -302.781
1897 402.67 -134.487
1898 -134.23 370.404
1899 -181.67 353.289
1900 -102.67 -378.653
1901 385.44 -171.2
1902 -270.61 -302.604
1903 303.01 -276.06
1904 116.19 375.41
1905 421.18 74.0541
1906 215.11 -337.414
1907 149.09 -365.677
1908 -274.37 -299.792
1909 91.14 -381.083
1910 -127.78 372.284
1911 -121.49 -374.02
1912 -225.78 -331.602
1913 -388.29 -165.792
1914 95.78 -380.142
1915 -364.34 205.874
1916 251.79 315.744
1917 167.54 359.014
1918 280.42 -295.13
1919 198.28 345.829
1920 -10.02 -389.88
1921 21.67 -389.489
1922 15.21 389.741
1923 297.06 281.354
1924 42.59 388.06
1925 405.63 -126.923
1926 -165.76 -359.697
1927 322.32 257.352
1928 120.99 374.154
1929 124.01 -373.336
1930 -212.07 339
1931 -59.84 386.174
1932 -52.75 -387.027
1933 -160.44 361.685
1934 257.91 311.635
1935 -33.34 388.807
1936 -335.9 -242.575
1937 -160.21 361.769
1938 -146.88 -366.415
1939 78.75 -383.359
1940 110.47 -376.834
1941 -369.81 197.649
1942 -185.78 351.519
1943 -212.14 -338.964
1944 171.73 -357.375
1945 -33.3 388.81
1946 288.2 -288.869
1947 332.23 -246.716
1948 332.91 -245.958
1949 269.7 -303.274
1950 340.87 236.776
1951 191.95 348.768
1952 -272.61 -301.116
1953 297.09 281.328
1954 7.4 -389.928
1955 64.68 385.528
1956 -82.07 -382.783
1957 -98.29 -379.612
1958 -198.2 -345.867
1959 -375.75 188.162
1960 390.46 161.525
1961 -89.91 -381.325
1962 326.41 -253.055
1963 -423.74 60.7981
1964 50.81 -387.241
1965 385.04 -171.942
1966 -175.76 -355.752
1967 250.38 -316.669
1968 404.62 129.56
1969 -293.85 284.126
1970 60.32 -386.112
1971 306.02 -273.302
1972 417.71 -88.8243
1973 280.21 295.294
1974 -105.65 377.975
1975 129.26 -371.862
1976 320.83 258.886
1977 176.06 -355.629
1978 -27.17 -389.203
1979 270.59 -302.618
1980 383.53 174.709
1981 342.36 -234.992
1982 -339.03 -238.949
1983 -281.66 294.152
1984 -39.35 388.342
1985 111 -376.705
1986 -196.81 -346.522
1987 378.84 182.97
1988 -327.38 -252.018
1989 -367.66 -200.937
1990 -383.89 -174.054
1991 402.04 136.036
1992 147.54 366.196
1993 10.31 389.874
1994 -414.07 101.941
1995 189.14 -350.035
1996 -85.04 -382.247
1997 -341.04 236.573
1998 -351.5 223.562
1999 -156.56 -363.087
2000 -50.06 -387.322
2001 155.83 363.347
2002 -288.36 288.737
2003 -136.39 369.751
2004 408.14 120.089
2005 -289.71 -287.618
2006 -37.41 -388.501
2007 -336.54 241.841
2008 142.66 -367.79
2009 -402.46 135.006
2010 -102.52 -378.686
2011 -117.89 -374.971
2012 -61.96 385.897
2013 210.22 339.951
2014 -115.37 -375.618
2015 244.75 320.286
2016 344.87 231.939
2017 184.53 -352.062
2018 -206.08 342.04
2019 -245.39 -319.881
2020 305.61 -273.681
2021 406.16 -125.515
2022 29.54 389.061
2023 -242.81 -321.504
2024 -263.79 -307.54
2025 -205.58 -342.288
2026 130.27 -371.57
2027 249.95 -316.95
2028 49.63 -387.368
2029 308.82 -270.687
2030 391.57 -159.289
2031 411.47 110.299
2032 -32.8 -388.845
2033 162.49 -360.928
2034 -17.39 -389.666
2035 -69.15 384.886
2036 243.01 -321.379
2037 148.36 -365.922
2038 -248.77 -317.716
2039 -195.38 347.19
2040 -26.16 -389.261
2041 -208.09 -341.032
2042 -193.63 348
2043 -409.21 117.041
2044 272.55 301.161
2045 327.01 -252.414
2046 88.38 -381.62
2047 202.48 343.812
2048 188.38 350.373
2049 188.64 350.258
2050 20.64 -389.535
2051 53.5 -386.942
2052 265.38 306.408
2053 -321.33 258.373
2054 -400.62 139.455
2055 38.07 388.448
2056 231.74 328.187
2057 319.41 -260.333
2058 -186.54 351.186
2059 -247.24 -318.702
2060 17.83 389.649
2061 381.4 -178.521
2062 401.89 -136.402
2063 -239.13 -323.776
2064 55.61 386.696
2065 -296.71 281.659
2066 -175.56 355.833
2067 426.7 40.1994
2068 405.98 125.995
2069 -362.18 -209
2070 -126.19 -372.732
2071 88.64 381.57
2072 156.66 363.052
2073 95.86 380.125
2074 315.46 -264.283
2075 -359.02 -213.458
2076 -426.52 41.7483
2077 305.37 -273.903
2078 -198.04 -345.943
2079 356.42 217.029
2080 49.62 -387.369
2081 281.31 294.429
2082 -185.47 -351.654
2083 90.98 -381.115
2084 319.18 260.566
2085 113.7 -376.039
2086 368.62 -199.478
2087 -31.67 -388.922
2088 341.78 -235.689
2089 201.47 344.302
2090 -413.03 105.37
2091 -74.74 384.022
2092 -123.05 373.599
2093 -103.82 378.393
2094 -319.71 -260.028
2095 398.32 144.798
2096 -335.39 243.157
2097 -179.44 354.23
2098 -119.71 -374.494
2099 -197.7 346.103
2100 -284.06 292.239
2101 204.03 -343.054
2102 -410.71 -112.616
2103 -268.27 -304.321
2104 364.1 -206.224
2105 157.63 -362.705
2106 -7.89 -389.921
2107 404.91 128.809
2108 5.58 389.953
2109 355.44 -218.353
2110 -399.88 -141.2
2111 379.07 -182.576
2112 -82.8 -382.653
2113 -124.52 -373.196
2114 -167.21 359.142
2115 292.6 -285.19
2116 122.86 -373.65
2117 26.62 389.235
2118 162.57 -360.898
2119 -16.48 389.699
2120 281.35 294.397
2121 86.18 382.036
2122 425.24 -51.4194
2123 137.57 369.389
2124 310.01 269.56
2125 406.28 -125.193
2126 396.69 -148.45
2127 252.15 315.506
2128 -152.08 364.658
2129 -406.74 -123.953
2130 -230.79 -328.739
2131 98.84 -379.494
2132 -87.87 381.718
2133 371.14 195.578
2134 -297.4 -281.057
2135 -357.77 215.186
2136 -218.36 -335.684
2137 -378.57 -183.431
2138 387.32 167.656
2139 -377.2 -185.749
2140 148.62 365.835
2141 228.49 -330.065
2142 139.88 368.672
2143 29.09 -389.089
2144 -20.63 389.535
2145 -345.23 231.496
2146 -375.96 -187.815
2147 -362.7 208.253
2148 -268.56 -304.109
2149 383.12 175.451
2150 294.87 283.251
2151 -412.19 108.054
2152 393.24 -155.852
2153 -171.75 -357.367
2154 -75.84 383.844
2155 -415.5 97.0132
2156 313.02 -266.67
2157 -165.08 -359.955
2158 160.3 361.736
2159 213.31 -338.357
2160 -175.81 355.731
2161 405.61 126.976
2162 145.56 -366.85
2163 339.52 238.373
2164 -74.63 -384.04
2165 203.31 343.407
2166 -163.8 360.438
2167 301.5 -277.423
2168 138.97 -368.956
2169 -127.04 -372.493
2170 -278.43 -296.683
2171 250.22 316.774
2172 -397.95 -145.636
2173 369.97 -197.401
2174 -322.39 -257.279
2175 -339.36 -238.562
2176 338.1 240.036
2177 -266.57 305.553
2178 59.46 386.222
2179 112.36 376.372
2180 380.39 180.293
2181 -302.4 -276.612
2182 290.59 286.884
2183 9.22 389.896
2184 422.52 67.4512
2185 21.36 -389.503
2186 140.75 368.398
2187 237.72 -324.633
2188 -49.33 387.399
2189 163.88 360.408
2190 -65.71 385.384
2191 358.63 -213.999
2192 -164.24 -360.272
2193 183.14 352.662
2194 -263.31 -307.88
2195 241.95 322.04
2196 195.3 -347.228
2197 -414.21 101.47
2198 -407.69 121.346
2199 -314.71 -265.021
2200 262.29 -308.599
2201 -164.39 360.216
2202 -334.73 -243.908
2203 251.74 315.777
2204 -348.9 -226.903
2205 156.11 -363.247
2206 -76.24 383.778
2207 -19.38 -389.588
2208 188.59 -350.28
2209 -342.35 -235.004
2210 -165.02 359.978
2211 100.5 379.133
2212 -23.18 389.417
2213 -223.65 -332.793
2214 -346.64 229.748
2215 -386.65 168.93
2216 -64.07 -385.612
2217 375.66 188.311
2218 338.63 239.417
2219 -366.8 202.231
2220 -323.06 -256.584
2221 273.13 300.727
2222 -274.67 299.565
2223 0.4 389.986
2224 124.96 -373.074
2225 -119.18 -374.634
2226 225 332.04
2227 273.23 -300.652
2228 250.09 -316.859
2229 -198.77 345.597
2230 -133.01 370.767
2231 -251.59 315.876
2232 -417.91 -88.0434
2233 47.19 387.62
2234 -374.18 -190.731
2235 35.79 388.627
2236 171.14 -357.608
2237 -364.96 -204.964
2238 -272.13 -301.475
2239 81.23 -382.931
2240 -198.13 345.9
2241 296.32 281.998
2242 111.8 376.51
2243 32.23 388.884
2244 -43.81 387.947
2245 -366.14 203.217
2246 165.38 -359.841
2247 124.14 373.301
2248 63.05 385.751
2249 -384.24 -173.415
2250 -234.02 -326.847
2251 299.94 278.817
2252 -62.63 -385.808
2253 -288.28 -288.803
2254 121.28 374.077
2255 -51.06 -387.214
2256 323.83 255.78
2257 -372.1 194.064
2258 405.57 127.082
2259 246.33 -319.284
2260 283.7 292.528
2261 222.67 -333.336
2262 251.32 -316.053
2263 423.06 64.5933
2264 -357.07 -216.144
2265 126.58 372.623
2266 258.87 310.976
2267 370.05 -197.277
2268 -32.59 388.859
2269 73.64 384.198
2270 19.39 -389.588
2271 -195 347.367
2272 405.27 -127.87
2273 397.51 146.626
2274 267.45 304.917
2275 423.38 -62.8367
2276 74.47 384.065
2277 -178.58 354.589
2278 130.88 371.393
2279 -358.89 -213.639
2280 26.36 -389.25
2281 -286.83 -289.994
2282 156.22 -363.208
2283 188.67 -350.244
2284 -307.98 -271.477
2285 207.42 341.37
2286 -1.55 -389.984
2287 141.23 368.246
2288 -15.52 389.731
2289 -157.02 362.923
2290 -384.06 173.744
2291 187.84 350.613
2292 282.55 -293.446
2293 427.98 -26.6809
2294 -318.22 -261.534
2295 -310.33 269.256
2296 -229.93 329.237
2297 -208.84 340.653
2298 316.15 263.601
2299 -219.95 -334.825
2300 -358.35 214.387
2301 386.26 -169.665
2302 -70.67 -384.658
2303 -308.37 271.111
2304 -212.85 -338.596
2305 -178.59 354.585
2306 137.45 369.426
2307 -227.41 330.68
2308 -262.57 308.402
2309 9.31 389.895
2310 191.01 349.194
2311 41.54 388.154
2312 402.76 134.265
2313 -83.36 382.553
2314 255.05 313.574
2315 -306.27 -273.071
2316 143.49 -367.523
2317 -196.23 346.794
2318 114.21 375.911
2319 -39.98 388.289
2320 194.08 -347.793
2321 405.51 127.24
2322 -69.62 384.816
2323 388.48 -165.423
2324 78.06 -383.476
2325 -376.08 187.617
2326 -308.87 270.64
2327 169.87 358.108
2328 -104.41 -378.259
2329 127.65 372.321
2330 -95.07 -380.289
2331 -301.48 -277.441
2332 -340.66 -237.025
2333 283.27 292.872
2334 9.68 -389.887
2335 -287.77 289.223
2336 376.59 186.769
2337 -413.6 -103.506
2338 325.24 -254.297
2339 247.03 -318.836
2340 315.32 -264.421
2341 293.1 284.766
2342 -221.92 -333.749
2343 -76.53 383.73
2344 3.81 -389.971
2345 -322.31 -257.362
2346 54.3 386.85
2347 199.26 -345.363
2348 97.41 -379.799
2349 418.01 -87.6501
2350 345.02 231.755
2351 -72.51 384.375
2352 5.99 -389.948
2353 -342.11 235.293
2354 121.83 373.929
2355 342.71 234.57
2356 -223.86 -332.676
2357 10.63 389.867
2358 364.4 205.786
2359 169.09 358.413
2360 -408.35 -119.498
2361 321.23 258.475
2362 -272.72 301.034
