%%index real_part   imaginary_part
2710 2710 2710
1 -421.29 -209.604
2 388.92 213.121
3 -165.37 229.009
4 220.91 226.338
5 214.25 -226.7
6 -181.13 228.332
7 -19.15 -232.324
8 -814.11 -128.152
9 592.42 -184.661
10 88.71 -231.407
11 -564.79 -189.505
12 -252.48 -224.458
13 -735.3 -152.792
14 259.82 -223.983
15 673.45 168.181
16 265.29 223.619
17 -631.27 177.213
18 -399.94 211.962
19 363.17 215.681
20 830.44 122.068
21 -626.85 -178.1
22 -739.33 151.685
23 -92.31 231.327
24 -814.91 -127.864
25 427.36 -208.906
26 -918.09 78.8191
27 836.39 119.743
28 -839.63 -118.45
29 -443.22 -207.024
30 176.44 -228.54
31 -163.04 -229.103
32 -824.3 -124.405
33 -137.67 230.045
34 218.49 226.471
35 364.72 -215.533
36 790.6 -136.241
37 -702.25 -161.365
38 -632.34 -176.997
39 -472 -203.386
40 761.61 145.302
41 153.39 -229.481
42 700.66 161.756
43 705.88 160.465
44 -442.87 -207.067
45 632.92 176.879
46 51.51 232.045
47 913.94 81.5074
48 926.46 -73.0563
49 -489 201.096
50 -16.77 232.335
51 801.68 -132.52
52 545.57 192.67
53 -501.29 -199.373
54 -761.13 -145.444
55 -703.53 161.049
56 755.82 147.006
57 -347.58 -217.133
58 -367.21 215.293
59 -679.35 166.83
60 -752.21 148.052
61 300.74 221.061
62 1.49 232.369
63 -165.24 229.014
64 -6.68 -232.363
65 -667.26 -169.573
66 152.25 229.524
67 688.74 -164.633
68 567.48 189.049
69 420.8 209.66
70 -720.7 -156.686
71 330.82 218.612
72 -841.01 -117.894
73 -540.46 193.485
74 135.02 -230.134
75 119.61 230.617
76 100.08 231.144
77 179.99 -228.383
78 811.79 128.984
79 -919.88 77.6269
80 -583.82 -186.207
81 -281.85 222.468
82 867.7 -106.366
83 423.4 209.363
84 -477.27 -202.687
85 -815.45 -127.668
86 704.96 -160.694
87 901.63 -88.9406
88 830.07 -122.21
89 395.99 212.382
90 -740.23 -151.436
91 -203.51 227.261
92 -113.61 -230.789
93 -472 203.386
94 468.93 203.788
95 163.09 229.101
96 -221.75 226.291
97 -335.66 218.193
98 -680.03 166.673
99 899.38 -90.2228
100 -900.98 -89.3133
101 944.05 58.9238
102 -897.91 91.0491
103 -167.09 -228.938
104 728.52 -154.622
105 -819.25 126.282
106 -558.89 190.494
107 561.03 -190.137
108 -30.66 -232.254
109 -754.55 -147.375
110 -779.61 139.785
111 -637.62 175.92
112 200.98 227.388
113 -337.38 218.043
114 33.73 -232.23
115 742.3 150.861
116 -353.52 216.588
117 85.87 -231.468
118 327.45 218.899
119 -523.89 196.052
120 -96.17 231.238
121 246 224.866
122 715.39 -158.059
123 -642.96 -174.814
124 -552.73 -191.51
125 -400.1 211.944
126 861.69 -109.1
127 722.74 -156.152
128 318.92 219.612
129 -330.24 218.661
130 219.6 -226.41
131 -887.97 96.4171
132 815.88 127.513
133 -491.79 -200.71
134 -30.73 -232.254
135 -726.77 -155.088
136 -935.65 -66.0841
137 -754.76 147.314
138 797.17 -134.053
139 -580.01 186.881
140 396.34 -212.345
141 564.28 189.591
142 -746.46 -149.692
143 -168.84 -228.865
144 -709.36 -159.592
145 913.22 81.9636
146 547.72 192.324
147 531.93 -194.821
148 -899.66 -90.0644
149 80.4 -231.579
150 -548.03 192.274
151 962.25 -38.7969
152 -594.03 184.367
153 -158.77 -229.273
154 351.46 216.778
155 749.81 148.74
156 -265.4 -223.612
157 786.95 -137.434
158 60.15 231.927
159 405.96 -211.312
160 204.61 227.205
161 -702.72 161.249
162 324.74 219.128
163 -913.58 -81.7358
164 497.51 199.909
165 -134.29 230.159
166 37.15 -232.2
167 -680.27 -166.617
168 -868.38 -106.051
169 -423.66 -209.333
170 -439.61 -207.46
171 389.62 213.048
172 -324.43 -219.154
173 -529.01 195.271
174 -710.72 -159.249
175 90.39 -231.37
176 -608.26 -181.718
177 -348.54 -217.045
178 -870.19 -105.206
179 -609.33 181.514
180 -673.39 168.194
181 -583.37 -186.287
182 378.53 -214.179
183 652.91 172.711
184 590.27 -185.05
185 594.1 -184.354
186 439.2 -207.509
187 443 207.051
188 -365.4 215.468
189 -832.11 121.422
190 299.07 -221.19
191 -920.9 -76.9383
192 527.33 -195.528
193 418.11 209.964
194 -18.28 232.328
195 852.39 113.166
196 591.2 -184.882
197 760.37 -145.67
198 90.17 231.375
199 -937.49 64.5889
200 -287.46 -222.06
201 -68.21 231.801
202 -207.86 227.037
203 -569.35 188.73
204 706.7 -160.26
205 355.61 -216.394
206 -581.46 186.625
207 -556.04 -190.966
208 -627.87 -177.897
209 -744.17 150.337
210 25.75 -232.288
211 634.51 -176.556
212 -742.33 150.852
213 -727.74 -154.83
214 268.63 223.393
215 -930.28 70.2506
216 -433.82 -208.15
217 -654.93 172.277
218 -600.11 183.247
219 -173.29 -228.676
220 668.05 -169.397
221 -485.48 201.579
222 -32.97 232.236
223 -351.35 -216.788
224 -883.72 98.6058
225 211.88 -226.827
226 -163.21 -229.097
227 -353.89 -216.554
228 -107.81 -230.947
229 542.17 193.214
230 130.95 230.268
231 -136.59 -230.082
232 679.33 -166.835
233 -17.03 -232.333
234 207.55 -227.053
235 -7.58 232.362
236 -747.72 149.336
237 -597.95 183.647
238 -575.77 187.622
239 386.08 -213.413
240 -259.54 -224.001
241 735.4 -152.764
242 498.17 -199.816
243 -803.69 131.828
244 -429.7 208.634
245 -619.82 179.49
246 -867.85 -106.296
247 119.07 -230.633
248 568.98 -188.793
249 -815.63 -127.603
250 -109.35 230.906
251 -554.66 -191.193
252 -225.55 -226.078
253 643.51 -174.7
254 -671.36 -168.654
255 731.32 153.871
256 -60.28 231.925
257 771.44 -142.332
258 345.71 217.302
259 -788.85 136.815
260 -745.08 150.082
261 858.84 -110.367
262 291.73 -221.745
263 698.06 162.392
264 196.9 -227.591
265 432.27 208.333
266 950.28 52.9432
267 -548.63 -192.177
268 -338.78 -217.92
269 896.5 -91.8333
270 -196.38 227.616
271 447.95 206.446
272 488.64 201.146
273 -303.09 -220.879
274 747.03 149.531
275 300.14 221.107
276 -43.73 -232.135
277 897.68 -91.1775
278 517.52 -197.009
279 499.28 199.659
280 -170.04 228.815
281 152.68 229.508
282 -26.83 232.281
283 531.57 194.876
284 360.4 215.944
285 -698.19 162.361
286 -274.22 223.008
287 -689.31 -164.498
288 712.87 -158.703
289 742.62 150.771
290 -592.42 -184.661
291 545.86 192.624
292 486.76 -201.404
293 -245.38 -224.904
294 519.75 -196.675
295 70.3 -231.765
296 -765.76 144.06
297 221.96 -226.28
298 -937.53 -64.556
299 -839.76 118.398
300 311.63 220.204
301 63.02 -231.884
302 80.41 231.579
303 338.91 -217.908
304 680.13 166.65
305 876.08 -102.398
306 -765.42 144.162
307 905.39 -86.7483
308 243.67 225.01
309 272.77 -223.108
310 55.48 -231.993
311 -736.84 -152.37
312 -58.03 -231.958
313 509.4 198.205
314 -158.99 229.265
315 394.25 -212.565
316 938.35 63.877
317 -629.02 177.666
318 -155.58 -229.397
319 744.39 -150.276
320 -726.6 -155.133
321 -694.62 163.226
322 -732.82 153.466
323 352.96 -216.64
324 -827.44 -123.217
325 212.49 -226.794
326 66.92 -231.822
327 -181.48 -228.316
328 830.16 122.176
329 25.5 232.29
330 -557.24 190.768
331 -839.04 -118.687
332 420.41 -209.704
333 -870.26 105.174
334 -577.5 -187.321
335 -735.77 -152.663
336 784.66 138.174
337 1.06 -232.369
338 317.39 219.738
339 -540.85 -193.423
340 -430.67 208.52
341 42.33 232.15
342 678.22 167.09
343 394.32 -212.558
344 -727.06 155.011
345 -398.94 212.068
346 -779.21 -139.912
347 394.73 212.515
348 388.02 213.214
349 966.71 31.8981
350 925.17 73.9772
351 15 232.341
352 -419.33 -209.827
353 459.51 205.001
354 488.47 -201.169
355 -872.18 -104.268
356 334.58 -218.287
357 944.64 -58.3853
358 -933.81 -67.5434
359 157.26 -229.332
360 129 -230.33
361 -892.73 93.8922
362 -414.53 210.366
363 -551.28 191.747
364 -736.75 -152.395
365 -573.43 188.028
366 -849.12 -114.551
367 859.95 109.876
368 145.49 -229.772
369 511.64 197.877
370 87.77 -231.427
371 741.02 -151.217
372 -615.74 -180.284
373 -390.14 212.994
374 458.54 205.124
375 111.51 230.847
376 -722.97 -156.092
377 660.66 -171.032
378 -780.78 -139.415
379 -86.89 -231.446
380 -468.67 -203.822
381 -491.82 200.706
382 119.31 -230.626
383 797.49 -133.946
384 574.38 187.864
385 -399.94 211.962
386 -684.84 -165.553
387 -327.19 218.921
388 271.62 -223.188
389 476.92 202.734
390 177.4 228.498
391 -938.53 -63.7269
392 780.06 -139.643
393 -577.99 -187.235
394 -935.64 -66.0921
395 126.23 230.417
396 725.21 -155.501
397 656.69 171.897
398 -267.1 -223.497
399 728.96 154.504
400 -90.37 231.371
401 441.15 207.275
402 58.79 -231.947
403 -586.05 -185.809
404 -463.07 -204.546
405 -148.38 -229.668
406 267.01 -223.503
407 -53.4 -232.021
408 220.25 -226.374
409 573.32 188.047
410 -224.5 226.137
411 617.45 -179.952
412 -346.02 -217.274
413 -966 -33.095
414 401.91 -211.75
415 203.11 227.281
416 308.07 -220.488
417 426.61 208.993
418 937.96 64.2009
419 111.69 -230.842
420 -940.27 62.2559
421 -624.07 178.653
422 -615.11 180.406
423 -718.46 -157.268
424 -537.09 -194.016
425 -83.68 231.513
426 920.93 76.9179
427 901.08 89.2561
428 167.29 -228.93
429 -13.71 -232.346
430 194.27 -227.719
431 -799.35 -133.316
432 -320.09 219.515
433 303.79 -220.825
434 361.49 -215.841
435 -494.77 200.294
436 338.49 217.945
437 -211.68 -226.837
438 167.75 -228.911
439 426.94 -208.955
440 587.55 185.54
441 412.59 210.583
442 -519.51 -196.711
443 279.32 -222.649
444 710.06 159.416
445 211.58 226.843
446 -14.03 232.345
447 886.95 96.9479
448 845.46 116.076
449 366.03 -215.407
450 -21.82 -232.311
451 805.13 131.329
452 -876.51 102.189
453 -389.58 213.053
454 524.27 -195.994
455 -894.7 92.8232
456 609.54 181.474
457 128.23 230.354
458 -351.84 -216.743
459 472.66 -203.299
460 -94.94 231.267
461 -849.43 114.421
462 148.99 -229.645
463 263.72 223.724
464 -574.43 -187.855
465 -929.09 71.1377
466 847.46 115.246
467 -720.07 156.85
468 758.59 146.195
469 669.29 -169.119
470 365.57 215.451
471 -434.97 208.014
472 367.13 215.301
473 681.54 -166.323
474 221.04 -226.331
475 670.68 -168.807
476 -292.03 -221.722
477 587.63 -185.526
478 32.94 232.236
479 -961.93 39.2441
480 -815.62 127.607
481 129.34 230.319
482 -221.73 226.292
483 480.79 -202.215
484 -834.6 120.449
485 -370.95 -214.929
486 907.49 -85.4953
487 694.33 -163.296
488 321.16 219.427
489 -139.82 229.972
490 161.48 -229.166
491 -481.07 202.178
492 -973.01 -18.0203
493 811.28 -129.166
494 -311.64 220.204
495 509.99 198.119
496 -437.44 207.72
497 -427.93 208.84
498 740.04 -151.489
499 -695.89 162.919
500 -964.74 -35.1168
501 -475.69 -202.898
502 -638.69 -175.699
503 -845.86 -115.91
504 -855.78 111.706
505 428 208.832
506 -694.66 -163.217
507 972.78 -18.711
508 927.03 -72.6452
509 590.34 -185.038
510 463.14 204.537
511 899.56 90.121
512 -592.46 184.653
513 -738.56 151.898
514 -843.64 -116.824
515 -305.81 220.667
516 471.01 -203.516
517 -810.25 -129.532
518 -67.84 -231.807
519 -566.97 189.135
520 -497.46 -199.916
521 -482.26 -202.017
522 540.94 193.409
523 157.98 229.304
524 -710.23 -159.373
525 -507.27 198.514
526 -111.12 230.858
527 -934.22 67.2212
528 -479.49 -202.39
529 461.95 204.69
530 -141.02 -229.93
531 19.94 232.32
532 574.39 -187.862
533 -31.58 -232.247
534 212.36 -226.801
535 -22.51 -232.307
536 917.05 79.5024
537 -204.15 227.228
538 -293.08 221.644
539 -212.89 226.773
540 92.43 -231.324
541 -908.36 84.9699
542 173.75 -228.657
543 -892.54 93.9946
544 -930.31 70.228
545 -103.67 231.054
546 -720.46 156.748
547 326.69 218.964
548 -194.07 -227.728
549 442.47 -207.115
550 663.87 170.326
551 380.71 -213.96
552 588.76 185.323
553 853.96 -112.493
554 -820.76 -125.725
555 276.42 222.854
556 -189.68 -227.938
557 210.18 -226.916
558 810.64 -129.393
559 468.52 203.841
560 -211.31 226.857
561 641.5 175.118
562 394.59 -212.529
563 -506.44 -198.634
564 -85.67 231.472
565 319.62 219.554
566 -255.81 -224.245
567 -349.78 216.932
568 344.21 217.437
569 532.17 -194.783
570 -665.05 -170.065
571 835.28 120.181
572 -566.77 -189.169
573 442.72 207.085
574 946.2 56.9353
575 -30.49 232.255
576 314.81 219.948
577 -56.1 -231.985
578 94.55 231.276
579 -624.22 178.623
580 -651.11 173.096
581 -839.06 -118.679
582 -645.83 -174.214
583 -146.64 229.731
584 708.97 159.69
585 742.09 150.919
586 -522.43 -196.272
587 291.69 221.748
588 260.04 223.969
589 -263.13 -223.764
590 307.97 -220.496
591 -605.88 -182.168
592 -823.34 -124.765
593 893.46 93.4978
594 -861.19 109.324
595 812.2 128.837
596 91.1 231.354
597 955.73 47.0543
598 -317.35 219.741
599 8.67 232.36
600 561.87 189.996
601 -691.97 -163.863
602 -259.26 224.02
603 -344.01 -217.455
604 413.93 210.433
605 -953.75 -49.2792
606 43.94 -232.133
607 462.83 -204.577
608 -316.51 -219.81
609 213.04 226.765
610 -263.11 223.765
611 -194.87 227.69
612 -899.41 -90.2059
613 -45.51 -232.116
614 -756.84 146.708
615 303.84 220.821
616 -455.64 -205.49
617 -298.17 -221.258
618 -123.11 -230.513
619 190.51 227.899
620 -815.51 127.647
621 869.61 -105.478
622 -958.68 -43.5196
623 469.56 203.706
624 295.7 -221.446
625 -375.34 -214.497
626 493.62 200.455
627 332.2 218.493
628 333.28 218.4
629 352.73 216.661
630 -912.73 -82.2724
631 -163.66 -229.078
632 -233.97 225.593
633 -921.42 -76.5845
634 620.01 -179.452
635 -770.72 142.553
636 -325.23 -219.087
637 406.57 211.245
638 -450.5 -206.131
639 364.1 215.592
640 821.86 125.317
641 650.42 173.243
642 44.64 232.126
643 930.97 -69.7305
644 377.86 -214.246
645 169.2 228.85
646 -608.82 -181.611
647 -715.87 -157.936
648 788.51 136.926
649 -26.89 -232.281
650 57.98 -231.958
651 -774.33 141.439
652 634.06 176.648
653 -82.33 231.541
654 -102.21 -231.091
655 527.9 -195.441
656 -759.75 145.853
657 -316.35 -219.823
658 -43.43 -232.139
659 -787.77 -137.167
660 -952.1 51.0559
661 -12.66 232.349
662 -596.64 183.889
663 474.46 203.061
664 -106.07 230.992
665 -624.98 178.472
666 -390.42 212.965
667 -189.11 227.965
668 -479.63 202.371
669 -223.97 226.167
670 351.78 -216.749
671 -196.38 -227.616
672 -408.2 211.067
673 108.91 -230.917
674 -690.95 -164.107
675 -172.74 228.7
676 621.42 179.176
677 -286.38 222.14
678 858.48 110.526
679 201.23 -227.376
680 -291.5 221.762
681 725.78 -155.351
682 841.92 -117.525
683 -298.97 -221.197
684 -615.74 180.284
685 971.46 -22.2619
686 -457.55 205.249
687 808.75 130.062
688 -852.88 -112.957
689 -223.93 -226.169
690 -632.62 176.94
691 210.11 226.92
692 867.02 -106.68
693 327.02 218.936
694 -501.04 -199.409
695 572.19 188.242
696 190.44 227.902
697 -721.19 156.558
698 403.56 -211.572
699 -744.2 150.329
700 -940.04 -62.4525
701 -933.41 -67.8561
702 920.68 77.0874
703 796.54 -134.266
704 -721.92 156.367
705 -412.77 -210.563
706 555.34 191.082
707 -796.04 134.434
708 959.78 -42.1227
709 -468.54 203.839
710 446.5 -206.624
711 262.2 -223.826
712 641.41 -175.137
713 -14.57 232.343
714 -630.63 -177.342
715 180.34 -228.367
716 662.17 170.701
717 -583.68 -186.232
718 -292.11 221.716
719 -640.35 -175.357
720 -415.84 -210.22
721 -251.19 224.54
722 356.5 -216.311
723 162.3 -229.133
724 -509.12 -198.245
725 -461.52 204.745
726 -78.15 -231.623
727 62.98 231.885
728 675.7 167.668
729 831.34 -121.72
730 351.14 216.808
731 636.61 -176.127
732 261.7 223.859
733 95.05 231.264
734 523.75 -196.073
735 781.19 139.284
736 357.17 -216.248
737 782.02 139.02
738 -953.81 -49.2133
739 343.8 217.473
740 909.04 84.5567
741 684.53 165.625
742 907.48 -85.5013
743 -730.77 -154.019
744 221 -226.333
745 -8.8 -232.359
746 274.49 -222.989
747 757.28 146.579
748 -90.84 231.36
749 -517.27 197.046
750 -317.49 -219.729
751 830.28 -122.13
752 -870.35 -105.131
753 -794.19 -135.052
754 -302.63 -220.915
755 -931.81 69.0915
756 -679.72 166.744
757 -138.04 -230.033
758 344.72 217.391
759 -538.99 193.717
760 577.17 187.378
761 348.92 -217.011
762 -490.84 -200.842
763 -289.62 221.901
764 -405.86 211.323
765 -336.26 218.141
766 914.04 -81.4438
767 -84.88 231.488
768 -119.31 230.626
769 482.61 201.969
770 543.59 192.987
771 -801.82 -132.472
772 453.32 205.781
773 919.08 -78.1622
774 -518.39 196.879
775 447.23 -206.535
776 -252.93 224.43
777 209.95 -226.928
778 -614.1 -180.601
779 67.67 -231.81
780 -114.98 -230.751
781 559.99 -190.311
782 796.48 134.286
783 -258.31 224.082
784 -714.68 158.241
785 518.19 196.909
786 139.18 229.994
787 -257.35 -224.145
788 -549.25 192.077
789 -898.13 90.926
790 867.95 106.25
791 574.41 187.858
792 366.4 -215.371
793 734.77 -152.936
794 -71.15 231.751
795 217.89 -226.504
796 -536.22 194.153
797 -42.23 232.151
798 -770.77 142.537
799 891.16 94.734
800 -885.99 -97.4442
801 837.36 -119.358
802 -624.14 178.639
803 -647.59 173.843
804 903.83 -87.6656
805 -474.76 -203.021
806 -730.56 154.075
807 539.72 193.602
808 -60.14 -231.927
809 -932.95 68.2138
810 762.3 145.097
811 638.15 -175.811
812 197.54 227.559
813 698.4 162.309
814 -501.09 199.402
815 -833.8 -120.762
816 -212.66 -226.785
817 -778.9 140.01
818 839.84 118.366
819 944.74 58.2935
820 -93.76 -231.294
821 591.31 184.862
822 -600.33 -183.207
823 539.24 193.678
824 115.76 -230.728
825 -941.61 61.097
826 257.61 -224.128
827 602.03 182.89
828 -580.61 186.775
829 450.58 -206.122
830 128.11 230.358
831 89.72 -231.385
832 -145.74 -229.763
833 -972.34 19.9655
834 -753.57 -147.659
835 -958.81 -43.357
836 60.78 231.918
837 792.07 135.756
838 253.88 224.369
839 -46.89 232.101
840 -77.02 231.644
841 -131.56 -230.248
842 -900.68 -89.4846
843 -631.93 177.08
844 485.17 201.621
845 500.01 199.555
846 -587.28 185.589
847 959.63 42.316
848 -445.96 -206.69
849 -399.62 211.996
850 328.87 -218.778
851 -788.93 136.789
852 -934.63 66.8974
853 -904.81 87.0907
854 263.7 223.726
855 -615.57 180.317
856 -438.51 -207.592
857 42.16 -232.152
858 -28.55 -232.269
859 3.27 232.368
860 -930.42 70.1454
861 -526.62 195.637
862 -318.06 219.683
863 502.53 199.196
864 -50.3 -232.06
865 280.51 222.564
866 -663.43 170.423
867 -284.84 222.252
868 -911.8 82.8549
869 -900.23 89.741
870 -244.97 -224.93
871 50.08 232.063
872 960.62 -41.0229
873 -952.27 -50.8759
874 -656.95 -171.84
875 -98.34 -231.186
876 751.44 -148.273
877 792.04 135.766
878 -204.76 -227.197
879 410.57 210.806
880 -372.59 214.768
881 -419.68 -209.787
882 417.81 209.998
883 788.08 137.067
884 -537.32 193.98
885 -442.74 -207.082
886 -658.44 171.517
887 -647.91 -173.775
888 453.31 -205.782
889 668.74 -169.243
890 -783.94 -138.406
891 -292.84 221.662
892 -235.57 -225.498
893 -468.7 203.818
894 519.76 -196.674
895 952.56 50.5672
896 611.12 -181.173
897 620.34 -179.388
898 342.09 -217.626
899 174.65 228.618
900 95.27 -231.259
901 810.41 129.475
902 933.66 67.6609
903 502.66 199.178
904 -417.63 -210.019
905 -412.56 -210.586
906 585.78 185.857
907 -200.19 227.428
908 -99.86 231.149
909 489.56 201.019
910 -291.31 -221.776
911 852.71 -113.029
912 -233.98 225.592
913 -289.41 -221.917
914 370.59 214.965
915 39.83 -232.175
916 766.9 143.716
917 285.24 222.223
918 -679.23 166.858
919 504.2 -198.957
920 428.88 -208.729
921 262.21 -223.825
922 297.02 221.346
923 820.9 125.673
924 814.03 128.181
925 -848.2 114.937
926 900.98 89.3133
927 -146.99 -229.718
928 -181.57 -228.312
929 371.8 214.846
930 944.37 58.6324
931 44.54 232.127
932 -432.72 -208.28
933 631.07 177.253
934 167.24 228.932
935 -947.39 55.8022
936 -459.06 -205.058
937 263.02 -223.771
938 611.5 -181.1
939 -629.35 177.6
940 292.6 -221.68
941 -458.12 205.177
942 -490.08 -200.947
943 -160.97 -229.186
944 -735.2 -152.819
945 685.39 -165.423
946 -512.83 197.703
947 -61.46 -231.908
948 -77.99 -231.626
949 -266.65 -223.528
950 -208.67 -226.995
951 -794.39 134.986
952 849.55 -114.37
953 -209.68 -226.942
954 -209.18 -226.969
955 -687.07 -165.028
956 -80.08 -231.585
957 777.68 140.394
958 -515.39 197.325
959 -397.71 -212.199
960 -387.01 -213.318
961 -914.13 -81.3865
962 73.61 231.707
963 813.71 -128.296
964 -840.49 118.104
965 -321.2 219.424
966 -255.24 -224.281
967 -588.16 -185.431
968 660 -171.177
969 -107.26 -230.961
970 -534.28 194.456
971 -797.19 134.047
972 379.08 214.124
973 -283.56 222.345
974 -671.58 -168.604
975 328.34 218.824
976 -966.26 -32.6619
977 173.16 228.682
978 474.01 -203.121
979 919.75 77.7142
980 392.6 212.738
981 -537.68 193.924
982 -712.91 -158.693
983 279.31 222.649
984 935.07 -66.5479
985 477.88 202.606
986 -569.81 -188.651
987 -315.92 219.858
988 -32.41 232.241
989 -748.18 -149.205
990 -910.93 83.3957
991 907.68 -85.3809
992 -216.06 226.603
993 -398.19 212.148
994 -317.78 -219.706
995 -867.35 106.528
996 -879.57 100.687
997 -609.68 -181.448
998 -697.86 -162.441
999 315.58 219.885
1000 545.1 -192.746
1001 -945.69 57.4136
1002 878.05 -101.437
1003 -721.26 -156.539
1004 245.34 -224.907
1005 687.42 -164.945
1006 373.8 214.649
1007 -836.29 -119.782
1008 298.03 221.269
1009 208.02 -227.029
1010 511.02 -197.968
1011 215.16 -226.652
1012 -781.09 139.316
1013 -562.27 -189.929
1014 -299.49 221.157
1015 -466.32 -204.127
1016 565.65 -189.359
1017 -244.32 -224.97
1018 -279.71 -222.621
1019 704.22 160.878
1020 368.07 -215.21
1021 130.14 -230.294
1022 -488.66 -201.143
1023 632.64 176.936
1024 550.83 191.82
1025 -560.99 -190.144
1026 -555.48 191.058
1027 -438.86 -207.55
1028 -359.32 -216.046
1029 -39.71 232.176
1030 -770.61 -142.586
1031 -685.62 165.369
1032 -216.92 226.556
1033 808.11 -130.287
1034 -203.4 -227.266
1035 188.68 227.985
1036 424.33 -209.256
1037 -361.17 -215.872
1038 -835.5 120.095
1039 -247.36 -224.781
1040 -241.26 -225.157
1041 -866.73 106.813
1042 850.39 114.016
1043 -50.38 232.059
1044 517.48 197.014
1045 601.17 -183.05
1046 -767.77 -143.452
1047 659.95 171.187
1048 8.52 -232.36
1049 -581.68 186.586
1050 -672.18 168.468
1051 -648.08 173.739
1052 -639.52 175.528
1053 673.66 168.133
1054 -460.19 -204.914
1055 36.41 232.207
1056 -476.81 202.749
1057 -386.88 213.331
1058 205.47 -227.161
1059 343.94 -217.461
1060 789.94 136.458
1061 -877.61 101.652
1062 831.07 -121.825
1063 -867.24 106.578
1064 357.74 -216.195
1065 -19.5 -232.322
1066 41.18 -232.162
1067 -333.58 -218.374
1068 334.92 -218.258
1069 -367.15 215.299
1070 -268.2 223.422
1071 740.8 151.278
1072 -240.19 225.222
1073 -78.24 -231.621
1074 -870.87 104.887
1075 -672.05 -168.498
1076 -596.46 183.922
1077 -898.34 90.8083
1078 -339.68 -217.84
1079 417.5 -210.033
1080 -224.96 -226.111
1081 947.75 55.4546
1082 -361 -215.888
1083 27.16 232.279
1084 210.46 226.902
1085 396.08 -212.372
1086 620.42 179.372
1087 385.29 213.494
1088 -591.07 -184.906
1089 -6.76 232.363
1090 -926.29 -73.1784
1091 -701.06 -161.658
1092 -260.73 223.923
1093 -436.34 207.851
1094 145.14 -229.785
1095 -258.37 -224.078
1096 -795.52 134.608
1097 -874.81 103.011
1098 316.29 -219.827
1099 429.87 208.614
1100 -659.74 171.233
1101 -299.08 221.189
1102 -602.22 182.855
1103 -834.34 -120.551
1104 98.67 231.178
1105 754.6 147.361
1106 87.68 231.429
1107 130.86 230.271
1108 -345.99 -217.276
1109 -149.78 -229.616
1110 -421.2 209.614
1111 410.2 210.847
1112 -141.57 -229.911
1113 951.29 -51.9048
1114 -455.04 -205.565
1115 813.27 128.454
1116 472.07 203.377
1117 -103.88 -231.049
1118 41.94 232.154
1119 929.37 -70.9301
1120 -309.39 -220.383
1121 83.28 231.521
1122 -29.15 232.265
1123 407.7 211.122
1124 218.8 -226.454
1125 582.58 186.427
1126 320.91 219.448
1127 -229.31 -225.864
1128 -207.58 227.052
1129 624.06 178.655
1130 -881.56 99.6959
1131 -716.85 157.684
1132 942.54 60.2786
1133 724.35 -155.728
1134 -896.62 -91.7669
1135 121.53 230.56
1136 -642.2 174.973
1137 596.3 183.951
1138 114.69 -230.759
1139 -56.86 231.974
1140 -572.6 -188.171
1141 594.58 184.267
1142 -71.52 -231.744
1143 172.01 -228.731
1144 -358.81 216.095
1145 -164 229.065
1146 862.32 108.818
1147 -514.35 -197.479
1148 660.44 -171.08
1149 419.57 -209.799
1150 721.09 156.584
1151 385.86 213.436
1152 -10.69 -232.355
1153 -138.22 -230.027
1154 -662.64 -170.597
1155 879.78 -100.583
1156 397.21 212.252
1157 -510.83 -197.996
1158 -474.94 202.997
1159 35.64 232.214
1160 330.49 218.64
1161 -804.56 131.527
1162 686.19 165.235
1163 969.93 -25.7677
1164 943.66 -59.2769
1165 -67.49 231.813
1166 -412.96 -210.541
1167 210.78 -226.885
1168 57.25 -231.969
1169 632.6 176.944
1170 -505.17 198.817
1171 -247.55 -224.769
1172 967.85 -29.8742
1173 -787.56 137.236
1174 -853.7 -112.605
1175 -602.1 -182.877
1176 -196.76 -227.597
1177 -499.99 199.558
1178 -589.67 185.159
1179 -151.22 -229.563
1180 631.24 -177.219
1181 -287.3 222.072
1182 18.77 232.326
1183 349.85 -216.926
1184 -905.24 86.837
1185 -911.08 -83.3027
1186 272.16 223.151
1187 412.72 -210.568
1188 -816.55 -127.269
1189 -60.61 231.92
1190 -130.55 -230.281
1191 895.35 -92.4672
1192 -696.06 -162.878
1193 270.9 223.238
1194 589.78 -185.139
1195 646.37 174.1
1196 46.66 232.103
1197 640.09 -175.41
1198 739.47 -151.646
1199 863.53 108.273
1200 -208.38 227.01
1201 -306.21 220.635
1202 -891.05 94.7926
1203 519.26 -196.749
1204 -30.43 232.256
1205 -739.74 151.572
1206 376.32 -214.399
1207 -573.39 -188.035
1208 394.46 212.543
1209 942.71 60.1277
1210 -419.35 -209.824
1211 430.61 -208.527
1212 340.84 -217.737
1213 -630.27 177.415
1214 -725.79 -155.348
1215 44.11 232.131
1216 471.3 -203.478
1217 843.05 -117.065
1218 -135.58 230.116
1219 140.43 229.951
1220 -456.74 205.352
1221 240.03 -225.231
1222 385.66 213.456
1223 -666.72 169.694
1224 379.1 214.122
1225 574.06 187.919
1226 461.47 -204.751
1227 87.98 -231.423
1228 -93.68 231.296
1229 756.55 -146.793
1230 15.12 232.341
1231 -541.27 193.357
1232 -177.68 228.485
1233 842.44 -117.314
1234 -591.28 -184.868
1235 943.13 59.7532
1236 -226.26 226.038
1237 714.94 -158.174
1238 623.1 -178.845
1239 806.67 -130.792
1240 771.88 142.196
1241 -938.07 64.1097
1242 299.35 221.168
1243 -171.57 -228.75
1244 723.49 155.955
1245 730.91 -153.981
1246 -237.91 225.359
1247 742.84 -150.71
1248 163.74 229.075
1249 586.17 -185.788
1250 -714.08 158.394
1251 490.68 200.864
1252 208.03 -227.029
1253 -713.28 -158.599
1254 -775.17 -141.178
1255 -772.8 -141.913
1256 -818.74 126.469
1257 399.45 -212.014
1258 -116.42 230.71
1259 63.34 231.879
1260 535.26 -194.303
1261 110.81 230.866
1262 -819.78 -126.087
1263 -889.84 95.4348
1264 -240.47 225.205
1265 899.41 -90.2059
1266 423.31 209.373
1267 -13.42 232.347
1268 436.72 -207.806
1269 -827.78 123.088
1270 -556.77 -190.845
1271 -857.06 111.149
1272 -768.75 -143.154
1273 -591.17 -184.887
1274 34.42 -232.224
1275 -283.45 -222.353
1276 -632.68 -176.928
1277 345.03 217.363
1278 -676.84 167.407
1279 -816.84 -127.164
1280 -889.72 -95.4982
1281 -121.03 -230.575
1282 489.95 -200.965
1283 -306.55 -220.608
1284 -284.1 222.305
1285 -222.76 226.235
1286 -433.84 208.147
1287 -813.11 128.512
1288 271.49 -223.197
1289 -413.91 210.436
1290 -842.23 117.399
1291 603.18 182.675
1292 321.07 219.434
1293 354.21 216.524
1294 617.43 -179.956
1295 428.23 208.805
1296 -172.49 -228.711
1297 273.51 -223.057
1298 -796.75 -134.195
1299 -690.39 -164.241
1300 -320.74 219.462
1301 758.07 -146.348
1302 -909.44 -84.3125
1303 568.59 188.86
1304 -840.2 118.221
1305 -322.21 -219.34
1306 734.54 -152.999
1307 811.89 128.948
1308 385.78 213.444
1309 646.54 174.064
1310 513.06 -197.669
1311 -361.53 -215.837
1312 -312.97 220.097
1313 909.36 84.3614
1314 -507.24 198.518
1315 879.22 100.861
1316 246.01 -224.865
1317 -68.48 231.796
1318 184.73 -228.168
1319 -866.24 107.038
1320 628.96 177.678
1321 -263.06 223.769
1322 -937.29 -64.7532
1323 -457.14 205.301
1324 717.38 157.547
1325 -846.91 -115.475
1326 -812.49 128.734
1327 -325.11 -219.097
1328 685.32 165.44
1329 687.82 -164.851
1330 100.03 231.145
1331 -679.17 166.871
1332 310.34 220.308
1333 364.44 -215.56
1334 948.57 54.654
1335 -491.46 200.756
1336 -290.3 221.851
1337 156.66 229.356
1338 -388.92 -213.121
1339 911.35 83.1351
1340 420.5 -209.694
1341 456.46 -205.387
1342 -353.72 216.57
1343 15.79 -232.338
1344 813.52 128.364
1345 -894.7 -92.8232
1346 625.03 178.463
1347 764.02 -144.583
1348 -405.16 211.399
1349 708.17 -159.892
1350 -179.85 228.389
1351 -372.1 214.817
1352 163.54 -229.083
1353 -439.41 -207.484
1354 272.4 -223.134
1355 -841.36 117.753
1356 -68.19 231.801
1357 767.42 143.558
1358 339.15 -217.887
1359 443.68 206.968
1360 332.34 218.481
1361 -566.65 -189.19
1362 389.28 213.084
1363 162.6 229.121
1364 -712.53 -158.79
1365 -628.19 177.832
1366 862.51 108.732
1367 269.3 223.347
1368 -493.74 200.439
1369 -436.21 -207.867
1370 85.1 231.484
1371 -374.42 214.588
1372 -272.12 -223.153
1373 183.93 -228.205
1374 -73.61 -231.707
1375 -345.23 217.345
1376 404.97 211.419
1377 416.36 210.162
1378 -168.42 -228.883
1379 579.82 -186.914
1380 408.74 211.008
1381 -810 -129.62
1382 -771.27 142.384
1383 -917.54 -79.1813
1384 -713.23 -158.611
1385 482.75 201.95
1386 -553.95 191.31
1387 72.04 -231.735
1388 -265.92 223.577
1389 -551.77 -191.667
1390 -911.78 82.8674
1391 189.76 227.934
1392 -902.36 88.52
1393 104.41 -231.035
1394 317.93 -219.693
1395 -409.54 210.92
1396 493.9 200.416
1397 -972.04 -20.7771
1398 -163.24 229.095
1399 511.25 197.934
1400 40.77 -232.166
1401 838.95 118.723
1402 -816.67 127.226
1403 759.56 145.909
1404 851.56 113.52
1405 -704.78 160.738
1406 664.45 -170.198
1407 -160.53 229.204
1408 -636.41 176.168
1409 771.98 142.166
1410 -172.05 228.73
1411 -272.4 223.134
1412 908.02 85.1757
1413 -386.65 213.355
1414 652.87 -172.72
1415 469.89 203.663
1416 -320.46 219.485
1417 -297.04 221.345
1418 -10.18 232.356
1419 700.79 -161.724
1420 -509.15 -198.241
1421 347.03 -217.182
1422 917.7 79.0761
1423 -712.05 -158.912
1424 295.94 -221.428
1425 39.35 -232.18
1426 -865.33 107.455
1427 804.26 -131.631
1428 -880.2 100.375
1429 229.35 225.861
1430 389.99 213.01
1431 -941.4 61.2802
1432 -259.01 -224.036
1433 134.48 -230.152
1434 865.87 -107.208
1435 379.75 -214.056
1436 869.39 105.581
1437 -535.73 -194.229
1438 -52.79 232.029
1439 570.51 188.531
1440 -910.84 83.4514
1441 784.36 -138.271
1442 -463.46 204.496
1443 394.68 -212.52
1444 503.17 -199.105
1445 466.81 -204.064
1446 -755.46 147.111
1447 766.63 143.798
1448 283.81 222.326
1449 -805.71 131.127
1450 108.09 230.939
1451 -650.11 -173.309
1452 -828.77 -122.71
1453 125.3 230.446
1454 688.22 164.756
1455 -915.49 80.5152
1456 -332.95 218.428
1457 832.96 121.091
1458 -294.77 221.517
1459 -573.57 188.004
1460 462.22 -204.655
1461 -402.74 -211.661
1462 823.01 -124.888
1463 32.02 -232.244
1464 -627.78 177.915
1465 551.14 191.77
1466 233.88 -225.598
1467 -545.4 192.698
1468 71.4 -231.746
1469 -353.2 -216.618
1470 -524.82 -195.911
1471 -60.6 231.92
1472 -206.39 227.113
1473 -964.16 36.0085
1474 -369.14 -215.106
1475 822.46 125.093
1476 379.43 -214.088
1477 309.03 220.412
1478 -916.4 79.9262
1479 -483.3 -201.876
1480 381 213.93
1481 204.06 227.233
1482 -141.1 229.927
1483 -968.85 27.9764
1484 453.15 -205.802
1485 205.19 227.175
1486 -217.48 226.526
1487 -822.97 124.903
1488 -443.13 -207.035
1489 347.74 -217.118
1490 648.87 173.572
1491 833.74 120.786
1492 -382.12 -213.817
1493 64.98 -231.853
1494 -427.85 208.849
1495 662.02 170.734
1496 -343.62 -217.49
1497 -681.53 -166.325
1498 784.65 -138.178
1499 -724.38 155.721
1500 -392.43 212.756
1501 827.14 -123.332
1502 -139.1 -229.997
1503 484.7 201.685
1504 416.6 -210.135
1505 -303.95 220.812
1506 969.2 27.2805
1507 380.28 214.003
1508 334.73 218.274
1509 -260.43 -223.943
1510 179.19 -228.419
1511 62.57 -231.891
1512 62.57 231.891
1513 372.34 -214.793
1514 10.72 -232.355
1515 919.36 -77.9754
1516 -891.98 94.2955
1517 659.55 -171.275
1518 -531.53 194.882
1519 541.59 193.306
1520 62.46 -231.892
1521 -718.01 -157.384
1522 -469.01 -203.778
1523 159.04 -229.263
1524 -880.13 100.41
1525 -596.6 -183.896
1526 -536.03 194.182
1527 -14.98 -232.341
1528 -280.55 -222.561
1529 628.84 -177.702
1530 347.76 217.116
1531 343.24 -217.524
1532 5.94 -232.365
1533 963.47 37.0407
1534 775.53 -141.066
1535 -833.71 120.798
1536 466.96 204.044
1537 -696.5 162.772
1538 -414.08 210.417
1539 -929.44 -70.8781
1540 -91.51 231.345
1541 -543 -193.082
1542 -857.95 110.759
1543 -637.44 -175.957
1544 767.34 -143.583
1545 744.82 150.155
1546 104.81 -231.025
1547 -714.28 158.343
1548 307.76 -220.513
1549 -391.79 212.823
1550 71.45 231.745
1551 -384.21 -213.605
1552 98.07 -231.193
1553 -709.07 -159.665
1554 -426.25 209.035
1555 129.72 -230.307
1556 -929.61 70.7516
1557 -950.46 -52.7597
1558 207.23 227.07
1559 469 203.779
1560 928.11 -71.8592
1561 -957.31 -45.1969
1562 438.36 207.61
1563 404.23 211.5
1564 791.33 136.001
1565 -15.76 232.339
1566 809.18 129.91
1567 -765.58 -144.114
1568 -581.45 186.627
1569 209.39 -226.958
1570 117.34 -230.683
1571 396.8 -212.296
1572 615.77 -180.278
1573 -709.23 -159.625
1574 -801.08 -132.726
1575 222.19 -226.267
1576 -230.88 225.773
1577 -931.96 68.9767
1578 -628.22 177.826
1579 602.41 182.819
1580 271.32 -223.209
1581 219.91 -226.393
1582 -832.39 -121.313
1583 -256.81 -224.18
1584 -229.29 -225.865
1585 -201.07 -227.384
1586 -301.85 220.975
1587 -538.29 -193.828
1588 372.32 214.795
1589 -576.71 187.459
1590 -131.95 230.235
1591 -479.64 202.37
1592 -627.1 178.05
1593 89.72 -231.385
1594 708.2 -159.884
1595 862.39 -108.786
1596 620.07 179.441
1597 -738.39 151.944
1598 -546.44 -192.531
1599 677.71 167.208
1600 828.05 122.985
1601 -653.31 -172.625
1602 550.3 -191.906
1603 673.29 168.217
1604 295.02 221.498
1605 216.58 226.575
1606 -198.65 227.504
1607 524.16 -196.011
1608 -123 230.516
1609 650.44 173.239
1610 -758.87 146.112
1611 206.09 -227.129
1612 752.56 147.951
1613 305.67 220.678
1614 610.74 -181.246
1615 -408.54 211.03
1616 465.68 -204.21
1617 -56.97 231.973
1618 -286.25 -222.149
1619 -498.8 199.727
1620 861.88 109.015
1621 18.91 232.325
1622 399.53 212.005
1623 -732.86 153.455
1624 647.15 173.936
1625 337.07 -218.07
1626 717.04 157.635
1627 457.13 205.302
1628 -295.71 221.446
1629 -317.75 219.708
1630 -225.95 -226.056
1631 900.38 89.6556
1632 69.35 231.781
1633 -746.67 -149.633
1634 167.1 228.938
1635 -627.69 177.933
1636 -395.02 212.484
1637 181.25 228.326
1638 -972.01 20.8565
1639 -17.34 -232.332
1640 431.18 -208.461
1641 508.87 198.282
1642 -970.02 25.575
1643 669.22 169.135
1644 -887.14 -96.8493
1645 284.5 -222.276
1646 -758.37 -146.259
1647 824.4 -124.367
1648 -78.09 231.624
1649 -294.19 -221.56
1650 -21.5 232.312
1651 -121.89 230.549
1652 152.8 229.503
1653 -513.73 -197.57
1654 39.59 232.178
1655 814 128.192
1656 762.55 145.022
1657 140.78 -229.939
1658 -842.31 -117.367
1659 751.35 -148.299
1660 185.65 228.126
1661 -859.67 -110
1662 235.26 225.516
1663 -383.8 213.646
1664 101.95 -231.098
1665 -531.8 194.841
1666 864.55 107.81
1667 -58.75 231.947
1668 707.11 160.157
1669 447.2 206.538
1670 -219.31 226.426
1671 968.13 29.3554
1672 791.04 -136.096
1673 -196.59 227.606
1674 -828.98 122.629
1675 -188.86 -227.976
1676 510.74 -198.009
1677 141.48 -229.914
1678 -880.49 -100.23
1679 394.37 212.552
1680 -465.81 204.193
1681 602.78 182.75
1682 -465.7 204.207
1683 -720.86 156.644
1684 854.96 -112.062
1685 -498.14 199.82
1686 -412.36 -210.608
1687 -437.19 -207.75
1688 199.89 -227.443
1689 81.28 -231.562
1690 832.7 -121.192
1691 -228.31 -225.921
1692 -102.77 231.077
1693 691.33 -164.016
1694 -479.82 -202.346
1695 -493.14 200.522
1696 340.12 -217.801
1697 -371.78 -214.848
1698 -185.39 -228.138
1699 -488.05 201.227
1700 751.94 -148.129
1701 221.36 -226.313
1702 891.48 -94.5631
1703 -628.33 -177.804
1704 142.01 229.896
1705 261.49 -223.873
1706 -200.63 227.406
1707 522.19 196.309
1708 906.17 86.2854
1709 -283.05 222.381
1710 535.72 -194.231
1711 -179.98 -228.383
1712 -845.63 116.006
1713 586.9 -185.657
1714 586.11 -185.798
1715 775.26 141.15
1716 677.48 167.26
1717 191.61 227.846
1718 -781.87 139.068
1719 236.65 225.434
1720 535.18 194.315
1721 612.2 -180.966
1722 696.01 -162.89
1723 889.36 95.6881
1724 499.13 199.68
1725 928.1 -71.8666
1726 -257.92 -224.107
1727 830.73 -121.956
1728 -554.79 -191.172
1729 129 -230.33
1730 41.41 -232.16
1731 -68.95 231.788
1732 -485 201.645
1733 -692.53 -163.729
1734 -396.9 212.285
1735 715.12 -158.128
1736 -933.66 67.6609
1737 -791.68 135.885
1738 -811.34 129.144
1739 462.34 204.64
1740 489.19 201.07
1741 43.17 232.141
1742 227.21 225.984
1743 -963.97 36.2957
1744 890.35 95.1647
1745 -183.01 -228.247
1746 -540.15 193.534
1747 -741.29 -151.142
1748 464.51 -204.361
1749 82.24 231.542
1750 -292.6 221.68
1751 655.75 172.1
1752 347.42 217.147
1753 -63.61 231.875
1754 693.66 -163.458
1755 -838.74 -118.807
1756 -913.42 -81.8371
1757 -714.14 -158.379
1758 -610.14 -181.36
1759 -642.67 -174.875
1760 17.77 232.33
1761 -726.84 155.069
1762 888.83 95.9669
1763 -65.77 231.841
1764 -386.67 -213.353
1765 -350.45 216.871
1766 -672.24 -168.455
1767 -849.2 -114.518
1768 -236.52 225.442
1769 -107.03 230.967
1770 -923.04 75.4705
1771 300.79 -221.057
1772 233.42 225.625
1773 -948.15 55.0656
1774 483.93 201.79
1775 758.15 -146.324
1776 -465.29 204.26
1777 -145.49 -229.772
1778 -592.07 184.724
1779 781.01 139.342
1780 -333.08 218.417
1781 54.37 232.008
1782 -87.12 -231.441
1783 830.78 -121.937
1784 -860.43 -109.663
1785 -408.24 -211.063
1786 -826.46 -123.59
1787 564.99 -189.471
1788 851.47 -113.558
1789 -859.57 110.044
1790 -718.41 -157.281
1791 959.29 -42.7508
1792 -872.55 -104.092
1793 -372.02 214.824
1794 498.46 -199.775
1795 715.58 158.01
1796 -860.3 109.72
1797 -681.89 166.241
1798 516.02 197.231
1799 651.25 173.066
1800 -167.55 -228.919
1801 -553.52 -191.381
1802 673.46 -168.178
1803 247.26 224.788
1804 -736.59 -152.439
1805 -727.41 -154.918
1806 -2.85 232.368
1807 464.67 -204.34
1808 -360.4 215.944
1809 282.1 222.45
1810 35.76 232.213
1811 467.99 -203.91
1812 658.14 171.582
1813 693.33 163.537
1814 -429.33 208.677
1815 -265.1 223.632
1816 -147.38 229.704
1817 -389.11 -213.101
1818 -118.79 230.641
1819 239.92 -225.238
1820 123.55 -230.499
1821 -488.08 -201.223
1822 394.83 212.504
1823 -202.82 227.296
1824 797.58 133.915
1825 727.57 -154.875
1826 -760.39 145.664
1827 -729.31 154.411
1828 -906.77 85.9273
1829 320.27 219.501
1830 -596.04 183.999
1831 -3.66 232.367
1832 -533.13 194.635
1833 959.94 41.9155
1834 -556.33 -190.918
1835 58.9 -231.945
1836 -708.57 159.791
1837 558.17 190.614
1838 124.41 -230.473
1839 -742.68 -150.755
1840 797.12 134.07
1841 323.48 -219.234
1842 -303.26 220.866
1843 933.11 -68.0896
1844 -442.83 -207.071
1845 750.27 -148.609
1846 684.03 -165.742
1847 -391.48 -212.855
1848 -261.73 -223.857
1849 -927.08 72.6091
1850 -729.47 154.368
1851 715.42 -158.051
1852 450.04 -206.188
1853 -789.64 -136.557
1854 -39.06 232.183
1855 893.85 93.2862
1856 747.13 149.503
1857 307.23 -220.555
1858 869.03 105.748
1859 875.77 -102.548
1860 -186.23 -228.099
1861 884.96 -97.9734
1862 -512.1 197.81
1863 -627.8 -177.911
1864 -703.49 -161.058
1865 372.52 -214.775
1866 -155.27 -229.409
1867 298.82 221.209
1868 -386.33 213.388
1869 80.72 -231.573
1870 124.66 -230.465
1871 853.8 -112.562
1872 180.12 228.377
1873 356.88 -216.276
1874 880.7 -100.126
1875 192.38 227.81
1876 -582.72 186.402
1877 -272.24 -223.145
1878 627.4 -177.99
1879 11.97 232.351
1880 789.5 136.602
1881 302.97 -220.888
1882 756.33 146.857
1883 -136.08 -230.099
1884 258.89 224.044
1885 650.31 -173.266
1886 306.21 -220.635
1887 -435.19 207.988
1888 883.01 -98.9658
1889 107.2 -230.963
1890 472.05 203.379
1891 -213.78 226.726
1892 -730.88 153.989
1893 585.42 -185.922
1894 405.21 211.393
1895 -893.73 93.3514
1896 64.04 231.868
1897 944.36 58.6415
1898 -499.07 199.689
1899 -89.49 -231.39
1900 -771.32 -142.369
1901 719.22 -157.071
1902 -839.02 118.695
1903 -335.83 -218.178
1904 -80.04 231.586
1905 952.34 50.8016
1906 -733.63 -153.246
1907 6.62 232.364
1908 532.06 -194.8
1909 -12.34 -232.35
1910 461.46 204.752
1911 205.39 -227.165
1912 574.14 187.905
1913 -374.02 214.627
1914 254.62 -224.321
1915 -13.36 232.347
1916 300.52 -221.078
1917 499.36 199.648
1918 -18.01 232.329
1919 -766.51 -143.834
1920 -902.06 -88.6931
1921 896.7 -91.7226
1922 41.23 232.161
1923 -41.54 -232.158
1924 508.03 -198.404
1925 870.91 104.868
1926 587.42 -185.564
1927 696.59 162.75
1928 -706.29 160.362
1929 654.12 -172.451
1930 -629.54 177.562
1931 -480.92 -202.198
1932 -413.93 210.433
1933 -344.64 -217.398
1934 -147.37 -229.704
1935 -877.17 -101.867
1936 613.4 180.736
1937 -89.69 231.386
1938 801.17 132.695
1939 816.39 -127.327
1940 713.23 -158.611
1941 -953.15 49.933
1942 766.53 143.828
1943 -266.03 -223.569
1944 -339.18 217.884
1945 -779.1 139.947
1946 -110.64 -230.871
1947 636.34 -176.182
1948 -905.55 -86.6536
1949 422.76 -209.436
1950 -520.03 -196.633
1951 -97.38 -231.209
1952 103.53 231.058
1953 -579.71 186.933
1954 644.49 -174.495
1955 -805.89 -131.064
1956 498.33 199.794
1957 822.74 -124.989
1958 12.18 -232.351
1959 313.49 -220.055
1960 -378.75 -214.157
1961 -889.53 95.5985
1962 376.74 214.358
1963 -742.83 150.713
1964 382.42 213.787
1965 -931.4 69.4042
1966 -855.45 111.85
1967 254.44 -224.333
1968 245.09 224.922
1969 653.56 -172.572
1970 398.28 -212.139
1971 -653.95 172.488
1972 937.22 -64.8107
1973 64.62 -231.859
1974 -765.69 144.081
1975 -454.61 -205.619
1976 423.99 -209.295
1977 270.94 223.235
1978 683.83 165.789
1979 104.69 231.028
1980 444.78 -206.834
1981 326.18 -219.007
1982 -769.22 143.011
1983 954.45 -48.5048
1984 486.57 201.43
1985 10.07 232.356
1986 330.83 -218.611
1987 -510.68 198.018
1988 858.83 -110.371
1989 464.5 -204.362
1990 -102.65 231.08
1991 -665.55 169.954
1992 631.23 -177.221
1993 -376.44 -214.388
1994 696.04 -162.883
1995 -483.91 201.793
1996 262 223.839
1997 372.24 -214.803
1998 607.58 -181.847
1999 238.09 -225.348
2000 430.85 -208.499
2001 -147.65 -229.694
2002 42.44 232.149
2003 538.91 -193.73
2004 778.7 140.073
2005 -38.98 232.183
2006 262.87 223.781
2007 -385.85 -213.437
2008 -730.88 153.989
2009 -493.27 200.504
2010 -291.22 221.783
2011 108.02 -230.941
2012 269.86 223.309
2013 -109.45 230.903
2014 581.25 -186.662
2015 -273.85 223.033
2016 -120.28 -230.597
2017 41.92 -232.154
2018 497.4 199.925
2019 447.58 206.492
2020 -304.93 -220.736
2021 -737.64 152.151
2022 -409.21 -210.956
2023 464.4 204.375
2024 304.63 220.759
2025 677.97 167.148
2026 66.29 -231.832
2027 272.14 223.152
2028 231.28 -225.75
2029 -37.75 232.195
2030 443.15 207.033
2031 955.37 -47.467
2032 -233.53 225.618
2033 783.59 -138.518
2034 -732.96 -153.428
2035 398.85 -212.078
2036 -795.24 134.702
2037 -234.99 -225.532
2038 78.94 231.607
2039 596.48 183.918
2040 -792.35 -135.664
2041 -34.8 -232.221
2042 -381.85 213.844
2043 153.34 229.483
2044 485.76 -201.541
2045 471.83 -203.408
2046 -437.43 -207.721
2047 502.83 -199.153
2048 248.46 -224.713
2049 171.71 228.744
2050 -206.63 -227.101
2051 -248.71 224.697
2052 522.06 196.328
2053 -460.87 -204.828
2054 581.59 186.602
2055 675.3 167.759
2056 497.02 199.978
2057 574.51 187.841
2058 -256.95 -224.171
2059 -237.08 -225.408
2060 604.68 182.394
2061 827.91 123.038
2062 887.12 -96.8597
2063 -40.84 232.165
2064 561.17 190.113
2065 -308.1 -220.486
2066 -603.43 -182.628
2067 857.97 -110.75
2068 331.69 -218.537
2069 540.01 193.556
2070 -181.44 228.318
2071 48.34 232.084
2072 -227.53 -225.966
2073 73.81 231.703
2074 -819.6 126.153
2075 948.61 -54.6146
2076 9.69 -232.357
2077 390.26 -212.982
2078 -695.19 -163.089
2079 -197.93 -227.54
2080 -45.17 -232.12
2081 495.58 200.181
2082 -309.34 220.387
2083 -522.03 196.333
2084 158.03 229.302
2085 -312.44 220.139
2086 -224.08 226.161
2087 -851.43 -113.575
2088 819.01 126.37
2089 897.28 91.4005
2090 -861.82 109.042
2091 -803.79 -131.793
2092 628.13 177.844
2093 -194.91 -227.688
2094 110.52 -230.874
2095 -422.6 -209.454
2096 2.76 232.368
2097 -429.42 208.666
2098 201.11 -227.382
2099 -572.47 188.194
2100 647.01 -173.965
2101 -144.69 -229.801
2102 -88.84 -231.404
2103 759.02 -146.068
2104 740.51 151.358
2105 -391.44 -212.859
2106 -198.91 227.491
2107 634.1 -176.639
2108 -189.29 227.956
2109 -534.67 194.395
2110 893.16 93.6601
2111 386.96 213.323
2112 486.64 -201.42
2113 13.01 232.348
2114 463.11 204.541
2115 -610.51 -181.29
2116 -715.61 158.003
2117 79.52 -231.596
2118 -528.66 -195.325
2119 470.57 -203.574
2120 -288.98 221.949
2121 436.28 -207.858
2122 -689.19 164.526
2123 -291.41 221.768
2124 874.3 103.257
2125 -598.39 183.566
2126 399.77 211.98
2127 -742.69 -150.752
2128 -158.59 -229.28
2129 -798.58 -133.577
2130 -310.12 220.325
2131 315.21 -219.915
2132 958.53 43.7065
2133 -892.43 94.0538
2134 875.92 -102.475
2135 213.02 -226.766
2136 -731.65 153.782
2137 -219.23 226.43
2138 -798.37 133.648
2139 -194.83 -227.692
2140 -945.31 57.7673
2141 -504.44 198.922
2142 -286.21 222.152
2143 263.73 223.724
2144 -963.53 -36.9521
2145 437.22 207.746
2146 270.3 -223.279
2147 -716.9 -157.671
2148 420.05 209.745
2149 -883.39 98.7733
2150 -166.02 -228.982
2151 45.42 232.117
2152 -444.34 -206.888
2153 615.5 -180.33
2154 -388.8 -213.133
2155 -177.07 228.512
2156 -65.17 231.85
2157 -452.85 -205.839
2158 -698.37 -162.317
2159 446.77 206.591
2160 35.16 -232.218
2161 800.67 132.866
2162 -133.52 -230.184
2163 -480.73 202.223
2164 323.26 219.252
2165 75.52 231.672
2166 925.54 73.7144
2167 -679.96 -166.689
2168 -533.01 -194.653
2169 308.04 -220.491
2170 -765.45 144.153
2171 -848.5 -114.811
2172 138.67 230.011
2173 872.15 104.282
2174 849.16 -114.534
2175 -110.26 -230.881
2176 581.17 186.676
2177 68.67 231.793
2178 830.21 122.157
2179 308.8 -220.43
2180 928.38 71.6613
2181 852.92 -112.94
2182 179.87 -228.388
2183 -790.05 136.422
2184 425.98 -209.066
2185 -912.94 82.1402
2186 -16.51 232.336
2187 726.86 155.064
2188 -623.87 -178.693
2189 867.38 106.514
2190 -929.16 71.0859
2191 896.39 -91.8942
2192 594.74 184.237
2193 -619.2 179.611
2194 527.53 -195.498
2195 642.99 174.808
2196 118.13 230.66
2197 -339.97 217.814
2198 -38.45 232.188
2199 -260.11 223.964
2200 337.97 -217.991
2201 -114.52 -230.764
2202 899.73 90.0248
2203 -420.79 -209.661
2204 63.36 -231.879
2205 676.6 167.462
2206 -420.75 209.665
2207 904.01 87.5604
2208 -193.01 -227.779
2209 -658.51 -171.502
2210 659.31 -171.327
2211 610.25 181.339
2212 954.82 48.0902
2213 -384.36 -213.589
2214 -202.43 227.315
2215 -835 -120.292
2216 783.52 -138.541
2217 525.98 195.734
2218 -327.74 218.875
2219 -812.68 -128.666
2220 -898.17 -90.9036
2221 -76.88 -231.647
2222 733.71 -153.224
2223 24.87 232.293
2224 571.59 -188.345
2225 -951.4 51.7904
2226 884.31 98.3055
2227 949.94 -53.288
2228 -513.25 197.641
2229 -639.71 175.489
2230 -562.4 189.907
2231 -209.82 226.935
2232 -619.46 179.56
2233 -331.59 -218.546
2234 -228.48 -225.911
2235 -425.52 209.119
2236 110.79 -230.867
2237 -732.07 153.668
2238 -268.35 223.412
2239 -862.65 -108.669
2240 300.51 221.079
2241 -164.19 -229.057
2242 654.5 172.37
2243 776.24 140.845
2244 861.74 -109.078
2245 190.46 -227.901
2246 572.4 -188.206
2247 841.06 -117.874
2248 -547.43 192.371
2249 -532.75 194.694
2250 -634.7 -176.517
2251 314.96 -219.936
2252 677.46 167.265
2253 453.85 205.714
2254 -696.04 -162.883
2255 539.13 -193.695
2256 421 209.637
2257 302.99 -220.887
2258 -621.52 -179.156
2259 453.34 -205.778
2260 -438.16 207.634
2261 -676.89 167.396
2262 404.34 -211.488
2263 -239.97 -225.235
2264 567.4 189.062
2265 -178.61 228.444
2266 -422.08 209.514
2267 24.15 232.298
2268 178.37 -228.455
2269 -230.12 225.817
2270 -528.53 -195.344
2271 -399.09 -212.052
2272 58.04 -231.958
2273 159.87 -229.23
2274 505.8 198.727
2275 -521.1 196.473
2276 909.74 -84.1288
2277 -755.59 147.073
2278 -951.75 51.4245
2279 -95.63 231.251
2280 -208.49 227.005
2281 -436.51 207.831
2282 685.2 165.468
2283 143.49 229.844
2284 240.22 -225.22
2285 748.46 -149.125
2286 -257.34 224.145
2287 676.36 -167.517
2288 -820 -126.005
2289 900.33 -89.6841
2290 -857.15 -111.109
2291 667.13 169.602
2292 32.16 -232.243
2293 -331.57 218.547
2294 882.37 -99.2888
2295 301.94 -220.968
2296 718.88 157.159
2297 143.79 -229.833
2298 550.81 -191.823
2299 681.83 -166.255
2300 766.95 -143.701
2301 873.23 -103.769
2302 -424.74 -209.209
2303 454.52 -205.631
2304 -147.43 -229.702
2305 -9.26 232.358
2306 -99.64 231.155
2307 866.81 106.776
2308 -141.36 -229.918
2309 -877.07 -101.916
2310 -706.04 -160.425
2311 -350.27 -216.887
2312 -246.28 224.849
2313 -617.77 -179.89
2314 633.23 -176.816
2315 532.87 -194.675
2316 603.68 182.582
2317 -127.97 230.363
2318 809.15 -129.921
2319 490.17 -200.935
2320 636.91 176.065
2321 -617.99 179.847
2322 -639.06 -175.623
2323 -732.26 -153.617
2324 -767.69 -143.477
2325 191.23 227.864
2326 279.8 -222.614
2327 -315.8 -219.867
2328 956.53 46.1236
2329 289.29 221.926
2330 945.88 -57.2359
2331 -820.3 -125.895
2332 324.29 219.166
2333 -344.05 217.451
2334 -872.61 104.064
2335 107.4 230.958
2336 -521.19 -196.459
2337 -263.61 223.732
2338 -714.98 -158.164
2339 580.17 -186.852
2340 222.72 226.237
2341 400.7 211.88
2342 489.38 201.044
2343 221.5 226.305
2344 -780.38 139.542
2345 283.69 222.335
2346 804.85 131.426
2347 945.49 -57.6001
2348 424.14 209.278
2349 511.41 -197.911
2350 261 223.905
2351 -823.33 124.768
2352 404.91 -211.426
2353 -158.3 229.292
2354 815.76 -127.556
2355 219.97 226.39
2356 -50.68 232.055
2357 587.68 -185.517
2358 196.75 227.598
2359 347.94 217.1
2360 355.53 216.402
2361 -651.87 172.934
2362 672.83 168.321
2363 742.67 -150.757
2364 -691.93 163.873
2365 931.72 -69.1603
2366 -646.48 174.077
2367 357.39 -216.228
2368 841.59 -117.659
2369 -350.52 216.864
2370 -29.91 232.26
2371 50.43 -232.058
2372 -403.35 -211.595
2373 -89.5 -231.39
2374 -818.91 -126.407
2375 -960.46 41.2347
2376 -797.84 -133.827
2377 622.37 178.989
2378 -970.11 25.3807
2379 -776.65 -140.716
2380 -91.93 -231.336
2381 613.42 -180.732
2382 291.49 -221.762
2383 44.55 -232.127
2384 -492.37 -200.629
2385 -39.23 232.181
2386 -855.09 -112.005
2387 -579.15 -187.032
2388 312.59 -220.127
2389 -713.63 158.509
2390 -745.77 149.887
2391 -712.49 158.8
2392 856.2 111.524
2393 874.74 103.045
2394 74.28 231.695
2395 583.22 -186.313
2396 -921.8 -76.3248
2397 -761.49 -145.338
2398 50.22 -232.061
2399 39.03 232.183
2400 -155.45 229.402
2401 -942.92 59.9407
2402 501.85 199.293
2403 -262.62 -223.798
2404 776.22 140.851
2405 -450.05 -206.187
2406 -296.62 -221.377
2407 600.22 -183.227
2408 33.23 232.234
2409 -131.31 230.256
2410 644.05 -174.587
2411 -740.43 151.381
2412 -520.34 196.587
2413 327.3 -218.912
2414 667.33 169.558
2415 -82.8 -231.531
2416 -614.96 180.435
2417 -655.39 -172.178
2418 -321.75 219.378
2419 -901.61 88.9521
2420 235.64 225.494
2421 967.56 -30.4021
2422 -936.9 65.0724
2423 538.37 193.815
2424 -185.22 228.146
2425 413.2 -210.515
2426 369.05 -215.115
2427 -513.07 -197.667
2428 118.24 -230.657
2429 -723.28 -156.01
2430 930.73 69.9118
2431 -382.53 213.776
2432 -73.61 -231.707
2433 -967.31 30.8497
2434 453.27 -205.787
2435 -744.18 -150.335
2436 340.1 -217.803
2437 564.66 -189.527
2438 529.57 195.185
2439 -781.57 -139.164
2440 -476.96 202.729
2441 -259.79 223.985
2442 922.51 75.837
2443 8.43 232.36
2444 -360.4 215.944
2445 130.19 230.292
2446 941.14 -61.5062
2447 944.69 58.3394
2448 334.74 -218.273
2449 921.56 -76.489
2450 168.23 -228.891
2451 -825.93 -123.79
2452 885.18 -97.8607
2453 359.91 215.991
2454 -763.5 -144.739
2455 -331.15 -218.583
2456 964.58 35.3651
2457 621.35 179.19
2458 -789.52 136.596
2459 -612.33 -180.941
2460 813.05 -128.533
2461 424.43 -209.244
2462 290.49 221.837
2463 484.82 -201.669
2464 -76.76 231.649
2465 494.58 200.321
2466 18.93 -232.325
2467 16.94 -232.334
2468 -78.27 231.62
2469 732.47 -153.56
2470 -811.12 -129.223
2471 -843.21 -117
2472 575 -187.756
2473 -6.04 232.364
2474 -581.22 186.667
2475 762.99 -144.891
2476 -681.53 166.325
2477 -302.96 -220.889
2478 -110.48 -230.875
2479 -952.36 50.7803
2480 -825.14 -124.089
2481 -410.56 210.807
2482 -534.55 -194.414
2483 645.8 174.22
2484 -590.68 184.976
2485 671.22 168.685
2486 -243.54 225.018
2487 785.75 -137.823
2488 507.69 -198.453
2489 -660.37 171.096
2490 419.63 -209.793
2491 598.51 183.544
2492 -646.44 -174.085
2493 392.41 212.758
2494 -321.23 -219.421
2495 48.19 232.085
2496 529.33 195.222
2497 -347.1 217.176
2498 31.95 232.244
2499 123.63 -230.497
2500 -431.64 -208.407
2501 -278.58 222.701
2502 559.68 -190.362
2503 874.95 -102.944
2504 -768.94 -143.097
2505 822.85 -124.948
2506 -363.2 -215.678
2507 585.03 185.991
2508 -302.76 -220.905
2509 -192.43 -227.807
2510 -179.35 -228.411
2511 -679.21 166.862
2512 614.04 -180.612
2513 570.44 188.543
2514 732.7 -153.498
2515 -716.51 -157.771
2516 -218.08 -226.493
2517 507.97 -198.413
2518 -935.46 66.2364
2519 -519.7 196.683
2520 434.58 208.06
2521 638.24 175.792
2522 -754.2 -147.477
2523 -967.39 30.7072
2524 747.27 149.463
2525 876.53 102.179
2526 -480.39 -202.269
2527 -88.18 231.418
2528 -560.51 -190.224
2529 440.79 207.318
2530 -879.7 -100.623
2531 358.87 216.089
2532 -131.87 -230.238
2533 -810.42 129.471
2534 -857.97 110.75
2535 68.47 231.796
2536 -239.75 225.248
2537 298.53 221.231
2538 -368.35 215.183
2539 -290.48 221.838
2540 718.82 157.174
2541 396.23 212.356
2542 -1.91 -232.368
2543 201.93 227.341
2544 -591.73 184.786
2545 929 71.2043
2546 -493.77 200.434
2547 17.62 232.331
2548 -8.52 232.36
2549 940.44 -62.1102
2550 869.55 105.506
2551 -743.94 150.402
2552 740.36 151.4
2553 124.49 -230.471
2554 -377.23 -214.309
2555 -809.36 -129.847
2556 860.92 -109.444
2557 498.78 199.73
2558 -838.14 -119.047
2559 -489.52 201.024
2560 -868.69 105.907
2561 -391.83 -212.819
2562 444.84 206.827
2563 646.08 -174.161
2564 882.98 -98.9809
2565 63.52 -231.876
2566 206.16 227.125
2567 575.63 -187.647
2568 -33.97 -232.228
2569 -899.53 90.138
2570 589.82 185.132
2571 -285.12 222.231
2572 -381.65 -213.865
2573 -419.84 209.769
2574 -140.13 229.961
2575 -134.25 -230.16
2576 -869.7 105.436
2577 -890.26 95.2125
2578 -727.04 -155.016
2579 -850.05 -114.16
2580 301.74 220.984
2581 -413.15 -210.52
2582 491.71 200.721
2583 -302.79 -220.902
2584 484.39 201.728
2585 -438.74 207.564
2586 513.7 -197.574
2587 -595.2 184.153
2588 -259.05 224.034
2589 -343.37 217.512
2590 -876.21 -102.335
2591 -262.71 -223.792
2592 -383.23 213.704
2593 246.11 224.859
2594 -35.94 -232.211
2595 122.19 230.54
2596 -620.4 -179.376
2597 -761.72 -145.269
2598 -146.78 -229.726
2599 759.54 -145.915
2600 -113.05 -230.805
2601 -285.63 222.194
2602 73.87 231.702
2603 -372.95 214.733
2604 114.17 -230.773
2605 464.7 -204.337
2606 -583.78 186.214
2607 879.62 100.663
2608 292.48 -221.689
2609 62.91 -231.886
2610 117.99 -230.664
2611 -707.42 -160.08
2612 346.37 -217.242
2613 -501.55 -199.336
2614 500.74 -199.452
2615 828.34 122.874
2616 -948.06 -55.1534
2617 912.13 -82.6488
2618 -854.26 112.364
2619 519.97 -196.642
2620 818.19 -126.671
2621 675.11 167.803
2622 353.44 216.596
2623 236.4 225.449
2624 -622.13 179.036
2625 -110.08 -230.886
2626 -720.4 156.764
2627 -714.04 -158.405
2628 -339.18 217.884
2629 -769.65 -142.88
2630 -301.46 -221.006
2631 -536.17 -194.161
2632 -322.92 219.28
2633 197.06 -227.583
2634 531.52 -194.884
2635 -517.5 197.011
2636 -619.7 179.513
2637 960.41 -41.3007
2638 7.75 232.362
2639 4.21 -232.367
2640 551.21 191.758
2641 791.74 -135.866
2642 971.72 21.609
2643 -462.51 -204.618
2644 -279.18 222.659
2645 -460.98 204.814
2646 347.72 -217.12
2647 -939.5 -62.9115
2648 -736.95 152.34
2649 -542.3 193.193
2650 -927.55 -72.268
2651 812.92 128.58
2652 359.99 -215.983
2653 435.71 -207.926
2654 814.99 -127.835
2655 683.47 165.873
2656 -612.71 180.868
2657 -861.61 -109.136
2658 707.74 -159.999
2659 -490.26 -200.922
2660 3.82 -232.367
2661 63.39 -231.878
2662 -230.15 -225.815
2663 -313.48 220.056
2664 48.95 232.076
2665 481.6 -202.106
2666 -178.92 -228.431
2667 735.61 -152.707
2668 239.1 225.287
2669 -133.62 -230.181
2670 -475.41 202.935
2671 -840.69 -118.023
2672 -71.17 -231.75
2673 627.1 178.05
2674 -507.45 198.488
2675 556.96 190.814
2676 261.6 -223.866
2677 430.58 -208.531
2678 -618.93 179.664
2679 588.61 -185.35
2680 -368.39 215.179
2681 937.86 64.2837
2682 646.4 174.094
2683 367.53 -215.262
2684 -588.99 -185.281
2685 -123.73 230.494
2686 682.24 166.16
2687 413.72 -210.457
2688 -693.28 -163.549
2689 792.17 135.723
2690 -739.17 151.729
2691 538.09 -193.859
2692 -304.34 -220.782
2693 216.04 -226.604
2694 -177.2 228.507
2695 -698.26 162.344
2696 -824.33 -124.393
2697 734.33 153.056
2698 240.89 -225.179
2699 44.58 232.126
2700 -331.06 218.591
2701 -87.21 231.439
2702 -719.27 157.058
2703 -296.37 -221.395
2704 934.11 67.3078
2705 -728.45 154.64
2706 749.87 148.723
2707 284.96 222.243
2708 739.29 151.696
2709 833.83 120.751
2710 -182.17 -228.285
