%%index real_part   imaginary_part
3971 3971 3971
1 2537.99 6550.12
2 1967.22 7679.56
3 -1080.88 -8709.82
4 -2230.77 7215.31
5 1282.24 -8537.39
6 1958.92 7692.81
7 -1371.49 8450.25
8 -415.61 -9059.98
9 -2664.16 6229.12
10 1994.36 7635.68
11 626.27 8983.96
12 -250.92 -9097.76
13 -1836.27 -7879.63
14 -1014.29 -8759.73
15 176.74 9108.66
16 1127.57 -8672.74
17 -2103.49 -7450.41
18 -2686.46 6168.97
19 -678.9 -8960.03
20 1315.67 8505.54
21 -2972.04 -5287.39
22 680.79 8959.14
23 -2100.09 7456.4
24 -3209.61 4333.34
25 -655.96 -8970.71
26 58.91 9118.18
27 -620.27 8986.56
28 -644.61 -8975.85
29 861.15 8861.6
30 -531.61 -9022
31 3642.47 490.319
32 490.25 9036.63
33 1382.19 8439.34
34 -1405.65 8415.09
35 -1490.91 -8322.88
36 -2920.2 -5464.94
37 2704.96 6118.23
38 2216.67 7242.42
39 570.44 -9007.17
40 2776.96 -5913.2
41 2236.1 -7204.99
42 -874.59 -8853.37
43 -3636.4 -718.717
44 2717.27 -6084.05
45 2524.03 -6583.75
46 3233.41 -4221.31
47 -2325.99 7024.88
48 1905.24 7776.61
49 -2056.65 7531.7
50 -1112.6 -8684.82
51 -388.75 9067.43
52 256.18 -9096.85
53 1395.66 8425.48
54 -2260.27 7157.7
55 -2412.62 6839.83
56 3554.7 -2046.58
57 1052.36 -8731.62
58 -218.91 9102.93
59 -1698.95 8069.86
60 1406.16 8414.56
61 1172.6 8635.34
62 2039.79 -7560.3
63 850.97 8867.74
64 -2635.31 -6305.35
65 -1504.45 8307.63
66 2596.3 -6405.7
67 2583.09 6438.99
68 3123.74 4709.23
69 -186.94 -9107.38
70 -1637.13 8149.33
71 1656.78 -8124.47
72 -2481.99 6682.9
73 39.86 9118.82
74 -2914.27 5484.69
75 -1580.99 8218.32
76 -910.56 8830.68
77 -1535.44 8272.12
78 -1088.55 -8703.85
79 2521.18 6590.57
80 2942.48 5389.73
81 -2419.01 6825.71
82 1085.07 8706.56
83 -2843.84 5711.08
84 496.49 9034.5
85 -3597.27 1511.83
86 2317.33 -7042.74
87 -211.36 9104.04
88 -678.22 -8960.35
89 -289.81 9090.54
90 -745.09 -8927.1
91 2149.71 -7367.5
92 -2029.28 -7577.96
93 -1123.1 -8676.37
94 2628.65 -6322.7
95 -586.75 -9000.62
96 1449.33 8368.65
97 2865.19 -5643.99
98 1169.47 8638
99 2086.86 7479.58
100 -3203.32 4362.33
101 -1208.49 -8604.36
102 -2706.64 6113.59
103 -284.78 9091.53
104 -1276.77 8542.51
105 -2603.35 -6387.79
106 3244.54 -4167.59
107 -1764.37 -7981.64
108 -744.32 8927.5
109 1272.93 -8546.09
110 -923.89 8822.02
111 -293.15 9089.87
112 -1545.27 -8260.67
113 3418.8 3179.88
114 -1463.56 8353.16
115 -869.09 8856.75
116 -2886.12 -5576.94
117 -1237.5 8578.55
118 -2128.1 -7406.6
119 3635.17 756.607
120 54.99 9118.33
121 -3073.65 -4910.91
122 -1298.89 -8521.64
123 -3007.95 5158.91
124 -1775.47 7966.24
125 1530.59 8277.74
126 1559.57 -8243.86
127 2011.25 7607.94
128 -2103.82 -7449.83
129 405.77 -9062.77
130 -1604.93 -8189.27
131 1356.15 8465.71
132 3468.89 2820.52
133 -754.82 8921.99
134 792.7 -8901.43
135 -3558.81 -2001.44
136 715.5 8942.21
137 1500.82 8311.74
138 -2731.64 -6043.69
139 -459.25 9046.8
140 -2996.13 5201.72
141 1625.65 8163.68
142 -287.94 -9090.91
143 1574.32 8226.32
144 2910.06 -5498.64
145 3157.74 -4565.31
146 3186.46 -4438.84
147 -934.83 8814.81
148 -2587.84 -6427.06
149 -1679.08 8095.81
150 543.25 9017.67
151 -1581.84 8217.3
152 -3175.46 4487.84
153 -2721.55 -6072.08
154 3228.06 4246.82
155 1522.97 8286.52
156 1737.83 -8017.95
157 1530.75 -8277.55
158 -566.47 9008.73
159 1994.84 7634.9
160 -1528.57 8280.07
161 518.16 -9026.89
162 1620.22 8170.43
163 -3356.16 3572.68
164 -487.27 9037.64
165 -3446.76 2985.28
166 1205.43 8607.04
167 472.31 -9042.6
168 2748.19 -5996.62
169 869.76 8856.34
170 -1544.22 -8261.9
171 2565.78 6482.1
172 2167.51 -7334.83
173 -1683.39 8090.21
174 2687.73 6165.51
175 -3143.11 -4627.98
176 -1259.78 -8558.26
177 1524.67 -8284.56
178 2271.65 7135.15
179 -2441.54 -6775.39
180 1366.9 -8454.89
181 2983.53 5246.79
182 -1579.26 8220.4
183 -1630.02 8158.24
184 3256.39 4109.42
185 -3438.48 -3044.37
186 -2653.2 6258.29
187 2383.93 -6902.41
188 1814.91 -7910.5
189 -2558.63 6499.74
190 616.4 -8988.22
191 2209.84 -7255.46
192 -563.08 9010.06
193 943.35 -8809.14
194 -458.82 -9046.94
195 2197.73 7278.41
196 2058.37 -7528.76
197 200.14 9105.63
198 3088.86 4850.9
199 1231.22 8584.2
200 -1490.51 -8323.32
201 -1763.94 7982.23
202 -970.28 8790.84
203 3623.55 1048.63
204 2812.65 -5806.81
205 2525.79 -6579.53
206 2004.62 7618.87
207 162.41 -9110.32
208 -870.34 8855.99
209 1452.57 8365.14
210 -2004.11 7619.71
211 2591.37 6418.17
212 -3596.91 -1517.18
213 2952.98 5353.72
214 -3590.07 1615.26
215 1216.13 8597.63
216 570.1 9007.3
217 -3004.69 5170.77
218 2309.36 7059.09
219 -298.99 9088.68
220 1878.74 -7816.8
221 2717.51 -6083.38
222 -1378.13 8443.49
223 -770.21 -8913.76
224 1837.07 7878.46
225 90.06 9116.59
226 -73.42 -9117.52
227 1498.98 -8313.81
228 919.89 8824.63
229 -2471.04 -6708.21
230 2436.15 6787.5
231 3606.22 1372.11
232 -196.74 9106.09
233 3072.95 4913.65
234 3362.46 -3535.46
235 -485.37 9038.28
236 360.02 -9074.84
237 1344.01 -8477.8
238 -2299.28 -7079.62
239 2795.68 5857.81
240 638.78 -8978.45
241 -1479.67 8335.4
242 2962.25 5321.61
243 88.94 9116.65
244 -760.2 -8919.13
245 -3618.6 1150.51
246 -1285.8 -8534.04
247 -2926.35 -5444.34
248 -2950.47 -5362.36
249 2367.03 6938.67
250 -428.96 -9056.09
251 -2407.57 6850.94
252 -1379.82 8441.77
253 1070.37 8717.93
254 -2249.42 -7179.03
255 -1806.54 7922.46
256 3478.8 -2743.18
257 1091.65 8701.42
258 -2392.01 6884.92
259 -3352.3 3595.26
260 2542.11 6540.13
261 -1351.53 8470.32
262 785.83 -8905.24
263 -1041.74 8739.58
264 244.72 -9098.82
265 1757.23 7991.48
266 2417.62 6828.78
267 1285.44 8534.38
268 -2051.2 7540.98
269 -766.22 8915.91
270 226.17 9101.82
271 -1069.83 8718.34
272 2175.9 -7319.29
273 -2859.63 5661.59
274 1909.46 7770.14
275 1386.08 8435.36
276 -3607.59 -1349.42
277 1265.3 8553.17
278 -2233.05 -7210.9
279 -866.81 8858.15
280 3180.6 -4465.03
281 -1008.91 -8763.62
282 2752.8 -5983.39
283 151.58 -9111.49
284 2615.65 6356.31
285 -1453.42 -8364.22
286 3418.91 -3179.14
287 2095.94 -7463.7
288 2223.17 -7229.96
289 199.07 -9105.78
290 421.98 9058.14
291 3087.48 4856.39
292 3299.13 3890.53
293 796.73 -8899.18
294 2361.08 6951.33
295 3543.86 -2160.89
296 3501.33 -2557.76
297 -2304.58 -7068.84
298 -3585.57 -1676.57
299 -801.01 -8896.78
300 -710.62 8944.65
301 1194.05 -8616.95
302 720.16 -8939.88
303 -2765.34 -5947.14
304 -2895.19 5547.48
305 418.22 -9059.23
306 -1667.98 -8110.14
307 -357.08 -9075.57
308 -1397.82 -8423.24
309 -3376.24 -3452.41
310 -2211.66 7251.99
311 3431.19 3095.35
312 3096.26 4821.32
313 -2913.62 -5486.84
314 -1479.93 -8335.11
315 -364.78 -9073.65
316 -767.16 8915.41
317 112.45 -9115.03
318 496.57 9034.47
319 1541.74 -8264.79
320 -3447 2983.54
321 2987.34 5233.22
322 1949.73 7707.39
323 -3633.31 -810.525
324 -240.32 -9099.55
325 -1425.82 -8393.86
326 -2139.18 7386.63
327 2234.73 7207.65
328 2716.56 -6086.03
329 -3523.24 2362.25
330 -508.28 -9030.4
331 375.81 9070.84
332 3019.4 -5116.93
333 -1865.2 -7837.04
334 -3325.54 3747.36
335 1701.13 -8066.99
336 1057.17 -8727.99
337 -1761.17 -7986.06
338 -523.18 -9025.08
339 -2388.03 6893.55
340 2137.45 -7389.76
341 682.63 -8958.26
342 154.26 -9111.21
343 1302.08 8518.6
344 791.74 8901.97
345 1403.65 8417.18
346 901.62 8836.41
347 1353.29 8468.57
348 -1570.61 8230.75
349 -2050.15 7542.77
350 1732.68 8024.91
351 1718.67 8043.72
352 1094.02 -8699.56
353 762.41 8917.95
354 1756.19 7992.91
355 -668.66 8964.84
356 2572.63 6465.11
357 -3359.33 3554.01
358 -1616.47 8175.07
359 60.61 9118.11
360 -3261.02 -4086.41
361 2085.45 -7482.04
362 302.26 -9088
363 2231.34 -7214.21
364 2443.87 -6770.13
365 -363.95 9073.86
366 293.66 -9089.77
367 -1989.68 -7643.31
368 2265.7 -7146.96
369 -2690.93 -6156.78
370 960.35 8797.65
371 257.45 9096.62
372 -2310.88 -7055.98
373 -2581.85 6442.1
374 -3418.48 3182.03
375 3265.98 4061.58
376 -3273.56 -4023.26
377 -950.26 -8804.49
378 -1041.94 8739.43
379 -426.14 -9056.92
380 -2199.06 -7275.9
381 2099.83 -7456.86
382 -546.65 9016.38
383 980.05 -8784.06
384 -1815.92 7909.05
385 -908.99 8831.69
386 228.39 -9101.47
387 -1046.28 8736.19
388 -3074.96 -4905.78
389 1682.95 -8090.79
390 3178.79 4473.08
391 -928.55 8818.96
392 -1965.13 -7682.9
393 -342.84 -9079
394 -893.97 8841.26
395 2160.93 7346.95
396 -860.66 -8861.9
397 -2234.3 7208.48
398 -977.52 -8785.82
399 -2748.58 -5995.5
400 -1898.35 7787.14
401 433.23 9054.82
402 2257.66 7162.85
403 2388.5 6892.53
404 3407.6 3254.15
405 2485.47 6674.81
406 -2888.1 -5570.53
407 -1895.5 -7791.47
408 1503.98 8308.17
409 -2755.47 -5975.7
410 -2429.09 6803.3
411 1423.43 8396.39
412 -1838.3 -7876.67
413 -573.35 9006.01
414 955.14 -8801.19
415 -3499.11 2576.68
416 3120.72 -4721.73
417 1094.38 8699.28
418 1067.34 8720.25
419 3513.58 2450.52
420 2822.04 5778.27
421 -3217.56 4296.34
422 -3282.14 -3979.33
423 -33.44 -9118.98
424 -1108.29 -8688.26
425 -2453.17 -6749.08
426 3628.04 946.637
427 800.52 8897.06
428 3244.45 -4168.03
429 -3597.32 1511.09
430 706.26 -8946.8
431 -116.6 9114.71
432 -3562.06 1964.98
433 -1058.81 -8726.75
434 2289.33 7099.75
435 3367.21 3507.09
436 2876.49 5607.95
437 2659.2 -6242.35
438 -709.41 -8945.25
439 -3478.57 -2745
440 180.18 9108.23
441 1837.81 -7877.38
442 3626.91 -973.324
443 -91.77 -9116.48
444 -1446.26 -8371.97
445 1351.51 -8470.34
446 3306.63 -3850.53
447 -537.36 -9019.87
448 -1432.08 -8387.19
449 -3411.12 3231.02
450 -1393.57 -8427.64
451 1848.46 -7861.79
452 -699.35 -8950.2
453 -2274.41 7129.65
454 -613.56 -8989.44
455 -1518.11 8292.09
456 -1447.72 8370.39
457 383.42 -9068.85
458 2518.28 6597.5
459 410.19 -9061.52
460 -1049.01 -8734.14
461 193.53 9106.52
462 2907.81 -5506.07
463 -512.43 -9028.94
464 1360.19 8461.65
465 446.41 -9050.82
466 -3484.81 2695.08
467 2410.88 6843.66
468 929.85 -8818.1
469 -2352.09 -6970.35
470 -261.19 9095.96
471 -3431.82 3090.98
472 -159.82 9110.61
473 -2666.56 6222.7
474 -3495.37 2608.21
475 -1745.98 8006.87
476 -2416.91 6830.35
477 2566.8 6479.58
478 -386.5 9068.03
479 3301.58 3877.52
480 1181.21 -8628.01
481 -366.41 9073.24
482 2705.65 -6116.33
483 -2650.31 6265.93
484 2474.8 6699.54
485 -1492.18 8321.45
486 1220.56 8593.71
487 761.13 -8918.64
488 -2589.4 6423.13
489 2184.07 7304.06
490 1001.36 8769.03
491 90.29 9116.57
492 -690.4 -8954.54
493 1016.47 -8758.15
494 -2626.94 6327.14
495 -888.49 -8844.72
496 2241.02 7195.43
497 -2875.35 -5611.6
498 -254.87 9097.08
499 -256.91 9096.72
500 2632.58 -6312.48
501 -349.07 -9077.51
502 2831.71 -5748.63
503 2946.32 -5376.6
504 -2058.97 7527.74
505 18.01 9119.25
506 -3262.46 4079.22
507 921.7 8823.45
508 255.56 -9096.96
509 -1650.54 -8132.41
510 2414.69 6835.26
511 -2428.73 6804.1
512 -758.59 8919.99
513 -2456.42 6741.69
514 -532.02 9021.85
515 -852.74 8866.68
516 2564.22 -6485.96
517 -1939.53 7723.45
518 -3386.81 -3387.08
519 -2201.43 -7271.42
520 -1613.51 -8178.72
521 1578.35 8221.49
522 -885.75 8846.43
523 1272.16 -8546.81
524 -1407.5 -8413.16
525 2618.24 6349.64
526 -2145.86 -7374.51
527 -3277.4 -4003.67
528 2894.7 -5549.08
529 -3599.14 1483.76
530 -2000.62 7625.44
531 -3078.23 4892.95
532 3534.03 2259.27
533 -1252.25 -8565.16
534 1525.71 -8283.37
535 419.87 9058.75
536 -299.23 -9088.63
537 -2079.74 -7491.97
538 -2781.63 5899.46
539 313.95 9085.53
540 -1020.27 -8755.39
541 1321.76 8499.63
542 -1046.17 8736.27
543 952.1 8803.25
544 -2195.47 -7282.67
545 -1661.3 -8118.7
546 1248.36 -8568.71
547 -3520.86 2384.32
548 -1823.84 -7897.65
549 3191.11 -4417.91
550 -1229.61 8585.64
551 1199.84 -8611.92
552 -3379.66 -3431.43
553 2661.3 6236.75
554 62.46 9118.03
555 892.08 -8842.46
556 219.95 9102.77
557 1492.41 -8321.19
558 3039.37 -5042.5
559 2808.05 -5820.71
560 2051.05 7541.24
561 -1468.52 -8347.72
562 -491.68 -9036.14
563 1354.08 8467.78
564 -1660.95 -8119.15
565 -337.04 9080.36
566 -2749.69 5992.32
567 -603.64 -8993.63
568 -3272.63 -4027.99
569 -1296.8 -8523.63
570 2284.1 7110.27
571 -2307.3 -7063.29
572 -2688.17 -6164.31
573 -3172.38 4501.43
574 1065.02 8722.02
575 908.08 -8832.27
576 -3316.81 -3795.41
577 -1991.11 7640.98
578 -3052.79 -4991.57
579 -2077.74 7495.44
580 3557.53 -2015.62
581 -1427.77 -8391.78
582 -2881.81 -5590.85
583 -2704.84 6118.57
584 1211.61 -8601.62
585 -811.11 -8891.06
586 -1094.91 -8698.86
587 -982.49 -8782.36
588 -3266.73 -4057.81
589 -3438.56 3043.8
590 1959.49 7691.9
591 -880.57 8849.66
592 -369.83 -9072.38
593 -3519.92 2392.98
594 489.45 9036.9
595 2834.34 5740.52
596 3343.16 -3648.06
597 2419.09 -6825.53
598 3012.27 5143.13
599 -3447.85 -2977.4
600 2676.1 -6197.05
601 2981.12 -5255.34
602 -422.24 -9058.07
603 -2635.1 6305.9
604 2897.11 -5541.21
605 972.81 8789.09
606 -2717.74 -6082.73
607 -2854.24 -5678.56
608 2072.91 -7503.79
609 -1080.03 -8710.48
610 -2999.37 -5190.03
611 -3048.4 5008.31
612 -53.92 9118.37
613 -544.75 -9017.1
614 -2278.22 7122.05
615 -1772.91 7969.8
616 1932 -7735.24
617 2804.34 5831.88
618 -424.95 -9057.27
619 -407.07 -9062.4
620 2542.25 -6539.79
621 195.49 9106.26
622 -1541.35 8265.25
623 2002.18 7622.88
624 -1450.88 -8366.97
625 2723.42 6066.83
626 -1360.13 -8461.72
627 -704.16 8947.84
628 -573.64 -9005.9
629 -1634.31 -8152.87
630 -2386.52 6896.82
631 1859.37 7845.7
632 -1733.49 -8023.82
633 2431.13 6798.74
634 -1639.89 -8145.86
635 2256.88 7164.39
636 -307.42 9086.92
637 -2156.24 -7355.56
638 762.62 -8917.84
639 800.42 -8897.11
640 -748.71 8925.21
641 2306.36 7065.21
642 -2528.24 6573.65
643 -167.8 9109.71
644 1763.28 7983.15
645 2298.91 -7080.37
646 -2247.11 7183.55
647 3539.87 2201.38
648 -1687.53 -8084.82
649 -3108.54 -4771.68
650 -915.98 -8827.17
651 1299.09 8521.45
652 -1852.4 -7856
653 1770.72 7972.85
654 455.28 9048.06
655 -3003.93 5173.53
656 3545.62 -2142.77
657 -3440.45 -3030.43
658 3392.59 -3350.73
659 -2675.19 -6199.5
660 -576.03 9004.94
661 -2874.18 -5615.35
662 1788.48 7948.03
663 98.46 -9116.04
664 1535.71 8271.81
665 -1492.15 -8321.49
666 2224.66 7227.09
667 393.65 9066.11
668 -2848.38 -5696.92
669 -3057.48 -4973.6
670 -1821.36 7901.23
671 -2235.24 -7206.66
672 -611.95 -8990.12
673 525.77 9024.14
674 3444.96 2998.23
675 191.8 9106.75
676 2705.71 6116.16
677 -2292.81 7092.72
678 1192.47 -8618.32
679 46.17 -9118.64
680 -1708.02 8057.88
681 1100.46 8694.48
682 1869.1 7831.23
683 918.85 8825.31
684 -20.42 -9119.22
685 3276.09 4010.37
686 147.82 -9111.87
687 -1475.22 -8340.33
688 3404.74 -3272.8
689 734.47 -8932.6
690 3433.61 3078.53
691 3483.7 -2704.03
692 -111.92 9115.07
693 1100.25 8694.65
694 1599.68 8195.68
695 3145.89 4616.16
696 2283.56 7111.35
697 1237.34 -8578.7
698 1446.91 8371.27
699 813.17 -8889.88
700 47.06 -9118.61
701 2015.99 -7600.1
702 1661.19 8118.84
703 1941.13 7720.94
704 -3381.56 -3419.71
705 832.95 8878.43
706 3081.58 -4879.75
707 -2938.19 -5404.33
708 -349.06 -9077.52
709 -1199.69 -8612.05
710 -3189.73 -4424.14
711 -478.74 -9040.49
712 -415.13 9060.12
713 966.56 8793.4
714 705.35 -8947.25
715 3298.9 -3891.75
716 -3428.83 -3111.65
717 3589.47 -1623.57
718 1609.04 -8184.22
719 892.26 -8842.34
720 -873.12 -8854.28
721 -2638.7 6296.49
722 -2124.27 -7413.47
723 3343.16 3648.06
724 -2193.71 7285.98
725 -2876.55 5607.76
726 3590.07 1615.26
727 2970.84 -5291.6
728 2256.19 7165.74
729 2638.59 -6296.77
730 -2584.67 6435.03
731 -3441.97 -3019.62
732 -3325.03 -3750.19
733 -248.05 -9098.26
734 1099.61 -8695.15
735 666.8 -8965.71
736 -2129.07 7404.86
737 3620.52 -1112.12
738 3386.29 3390.33
739 -1521.01 8288.77
740 -2871.35 5624.39
741 3333.03 3705.54
742 -2084.31 7484.03
743 -3187.31 4435.02
744 -2661.11 -6237.26
745 1211.04 8602.12
746 3436.48 3058.45
747 -1570.81 -8230.51
748 2850.51 -5690.26
749 -290.11 -9090.48
750 2075.88 -7498.66
751 -486.43 9037.92
752 1807.47 7921.14
753 -3215.78 -4304.66
754 -760.5 -8918.97
755 -1328.39 8493.17
756 3102.95 -4794.37
757 -1079.75 -8710.7
758 -576.16 -9004.89
759 -1501.84 8310.58
760 2593.93 -6411.7
761 1744.05 -8009.5
762 -1093.68 8699.83
763 -1366.89 -8454.9
764 -2811.71 5809.66
765 -534.23 -9021.03
766 3541.28 -2187.16
767 3020.92 -5111.32
768 2593.66 -6412.38
769 -698.3 8950.71
770 1202.37 -8609.72
771 2029.73 -7577.21
772 1565.91 -8236.34
773 -849.19 -8868.81
774 -1511.95 -8299.12
775 -1522.25 -8287.34
776 -790.64 8902.58
777 -1453.11 -8364.55
778 -132.99 9113.3
779 -3327.77 -3734.97
780 -2733.08 6039.62
781 -424.79 9057.32
782 -536.32 9020.26
783 -2274.19 -7130.09
784 -2860.63 -5658.43
785 -455.19 9048.09
786 -33.25 -9118.99
787 2351.23 6972.16
788 3541.4 2185.95
789 -2879.42 5598.55
790 1867.14 -7834.16
791 -1798 -7934.6
792 3370.01 3490.24
793 -1428.87 8390.61
794 -3335 -3694.45
795 2259.56 -7159.1
796 -3429.83 3104.75
797 -746.54 8926.34
798 1923.66 -7748.22
799 -3561.3 -1973.57
800 2710.77 6102.14
801 1620.47 8170.12
802 1019.64 8755.85
803 2474.19 6700.95
804 -3186.29 -4439.6
805 -1020.9 -8754.93
806 3493.78 -2621.49
807 -454.57 9048.28
808 1950.84 -7705.63
809 -1867.63 -7833.43
810 -1186.16 -8623.76
811 2639.52 6294.34
812 -3005.47 -5167.93
813 2565.9 -6481.81
814 2548.95 6523.47
815 613.31 -8989.54
816 3462.14 -2871.89
817 2534.2 -6559.29
818 2527.24 6576.05
819 2035.16 7568.1
820 290.38 9090.43
821 -206.07 -9104.8
822 1233.72 -8581.95
823 1795.83 -7937.67
824 -2020.8 -7592.11
825 1596.62 -8199.41
826 436.31 -9053.9
827 3015.75 5130.37
828 2787.46 -5882.24
829 1675.09 8100.97
830 -3239.95 -4189.85
831 1598.31 8197.35
832 717.16 -8941.38
833 -315.65 -9085.16
834 -521.45 -9025.71
835 -1919.88 7754.08
836 -3185.32 4443.95
837 -1563.57 8239.12
838 -1156.21 -8649.14
839 -2613.58 6361.63
840 -1809.78 7917.84
841 -977.02 8786.17
842 408.27 -9062.07
843 1808.53 -7919.62
844 -449.69 9049.8
845 -3573.73 -1827.75
846 2153.44 7360.69
847 -3297.94 -3896.83
848 -3293.48 -3920.33
849 -3366.81 3509.49
850 3206.55 -4347.48
851 -1802.59 7928.08
852 407.05 -9062.41
853 2854.58 -5677.49
854 -2346.54 6982.03
855 3250.24 4139.74
856 2214.81 -7245.98
857 2277.52 -7123.45
858 2552.66 6514.4
859 2180.68 7310.39
860 -2836.68 5733.29
861 -2813.1 -5805.45
862 -2407.78 -6850.48
863 -2337.85 7000.23
864 -318.01 9084.64
865 2863.22 -5650.23
866 2252.84 7172.33
867 371.69 -9071.9
868 3476.38 2762.29
869 1782.11 -7956.97
870 -248.97 9098.1
871 -686.73 8956.3
872 -2771.93 -5927.93
873 -3265.83 -4062.33
874 329.96 9081.98
875 -407.51 -9062.28
876 2124.74 7412.63
877 -1641.56 8143.76
878 -3301.93 -3875.65
879 3105.34 -4784.69
880 771.59 -8913.02
881 553.25 9013.87
882 -605.91 8992.68
883 -1336.61 -8485.11
884 -1952.92 7702.34
885 3500.91 2561.35
886 -1936.8 7727.73
887 1821.92 -7900.42
888 486.3 -9037.96
889 1783.07 -7955.62
890 -2945.42 -5379.68
891 -562.07 -9010.46
892 47.07 -9118.61
893 2507.71 -6622.61
894 2987.84 5231.43
895 -2851.49 5687.19
896 1314.89 -8506.29
897 -630.87 8981.95
898 -3517.62 -2414.03
899 2510.51 -6615.98
900 1738.17 -8017.49
901 149.08 -9111.75
902 3377.43 3445.12
903 2999.72 5188.77
904 1235.73 -8580.15
905 -1807.97 7920.42
906 -430.91 9055.51
907 -2621.83 6340.38
908 -2728.3 -6053.12
909 -1705.71 8060.94
910 58.44 9118.2
911 2205.07 -7264.52
912 104.36 9115.63
913 -1656.21 -8125.2
914 -3249.74 4142.19
915 -1890.38 7799.25
916 2379.52 6911.92
917 2752.51 -5984.22
918 -2484.73 6676.53
919 761.99 8918.18
920 -667.84 -8965.23
921 1246.25 -8570.63
922 -2013.25 7604.64
923 414.93 9060.18
924 259.49 -9096.26
925 -1933.8 7732.43
926 -2295.81 7086.66
927 1359.94 8461.91
928 803.09 8895.61
929 -495.86 9034.72
930 1648.28 8135.27
931 2351.51 6971.57
932 1454.15 8363.43
933 -2333.62 -7009.04
934 3042.16 -5031.97
935 3515 2437.76
936 1913.12 -7764.51
937 -1013.94 8759.99
938 3439.27 3038.79
939 -3322.94 -3761.75
940 1070.15 8718.1
941 -386.35 -9068.07
942 -875.62 -8852.73
943 1596.29 -8199.81
944 1603.58 8190.92
945 -2846.76 -5701.98
946 1222.67 -8591.83
947 156.87 9110.93
948 55.34 9118.32
949 -3148.36 -4605.62
950 1857.87 7847.92
951 -244.28 9098.89
952 -854.3 -8865.74
953 3100.21 -4805.43
954 1403.43 -8417.41
955 -716.47 8941.73
956 -2973.12 5283.59
957 -3175.2 4488.99
958 1382.15 -8439.38
959 3344.53 3640.2
960 2009.76 7610.4
961 -1627.07 -8161.91
962 1946.99 7711.71
963 -3123.2 -4711.47
964 -195.31 -9106.28
965 -2198.99 -7276.03
966 1708.24 8057.59
967 -2982.68 -5249.81
968 3389.26 -3371.73
969 1419.75 8400.28
970 -1697.56 -8071.69
971 -345.37 -9078.4
972 -96.02 9116.21
973 -1825.14 -7895.77
974 -2181.53 7308.8
975 -1468.27 8347.99
976 -185.61 -9107.55
977 602.23 -8994.22
978 -1828.97 7890.23
979 -19.7 9119.23
980 3270.27 -4039.95
981 -3543.57 -2163.86
982 -1083.87 -8707.5
983 2738.99 6022.87
984 -1968.61 7677.33
985 1222.19 -8592.26
986 -1216.19 -8597.58
987 3623.25 -1055.09
988 3024.07 -5099.67
989 -800.79 -8896.91
990 2644.47 -6281.34
991 3270.85 -4037.01
992 -3006.51 -5164.15
993 -2497.97 6645.58
994 2521.89 6588.88
995 3019.14 -5117.89
996 195.18 -9106.3
997 1751.77 -7998.97
998 2077.1 -7496.54
999 -913.42 8828.83
1000 -2026.99 7581.79
1001 -1121.85 8677.38
1002 -3236.39 4207.01
1003 -1172.63 8635.32
1004 2749.22 5993.66
1005 2853.69 -5680.29
1006 353.34 -9076.48
1007 381.25 -9069.42
1008 -938.69 -8812.25
1009 -207.61 9104.58
1010 1854.71 -7852.59
1011 -1601.81 -8193.08
1012 1946.43 -7712.6
1013 70.99 -9117.64
1014 -1315.45 8505.75
1015 -99.96 -9115.94
1016 -247.67 9098.32
1017 -2720.32 -6075.52
1018 200.16 -9105.63
1019 3005.25 -5168.73
1020 -995.36 -8773.29
1021 -1508.01 -8303.6
1022 -3120.98 -4720.66
1023 -1292.35 -8527.85
1024 -1121.04 -8678.03
1025 -2527.96 6574.32
1026 -3584.76 1687.36
1027 839.63 8874.5
1028 2037.84 -7563.59
1029 1962.49 -7687.12
1030 226.51 -9101.77
1031 2503.9 -6631.62
1032 2622.48 6338.7
1033 1217.69 -8596.25
1034 -1808.65 7919.45
1035 -3497.59 -2589.54
1036 -1844.19 7868.06
1037 3195.31 4398.9
1038 -2984.7 -5242.63
1039 850.58 -8867.98
1040 1948.01 7710.1
1041 3184.23 -4448.83
1042 3560.06 1987.5
1043 2675.42 6198.88
1044 2947.8 -5371.53
1045 -745.16 -8927.06
1046 -3461.46 2877.01
1047 2749.88 5991.77
1048 30.24 -9119.05
1049 450.19 9049.65
1050 -767.01 -8915.49
1051 675.56 -8961.61
1052 637.82 8978.88
1053 -2219.83 -7236.37
1054 -2020.9 7591.94
1055 -2208.1 7258.77
1056 -1662.38 -8117.32
1057 2668.01 6218.81
1058 -2417.62 6828.78
1059 1648.56 8134.92
1060 -1022.82 8753.53
1061 -766.91 8915.54
1062 -3384.72 -3400.11
1063 -557.72 -9012.15
1064 -543.16 9017.7
1065 -456.64 -9047.63
1066 1194.79 8616.31
1067 3301.3 3879.01
1068 330.97 9081.75
1069 -3608.52 -1333.78
1070 3043.52 5026.83
1071 583.99 9001.74
1072 -460.17 -9046.51
1073 -238.61 9099.83
1074 -2594.72 6409.7
1075 581.32 -9002.82
1076 2237.57 -7202.14
1077 -2430.44 -6800.28
1078 1563.29 -8239.45
1079 -712.39 8943.77
1080 -327.93 -9082.44
1081 1176.9 -8631.69
1082 -1333.9 8487.77
1083 -1436.74 8382.21
1084 -1358.72 -8463.13
1085 2866.29 5640.5
1086 2174.02 7322.78
1087 -3290.8 3934.37
1088 -1590.63 8206.69
1089 -3138.14 -4649.01
1090 987.38 -8778.93
1091 3455.18 2923.81
1092 -2713.94 -6093.33
1093 3448.87 2970.01
1094 -1270.19 -8548.64
1095 368.06 -9072.83
1096 -3545.63 2142.66
1097 -3403.21 -3282.73
1098 1941.61 -7720.19
1099 -792.27 8901.67
1100 -962.74 8796.02
1101 -1849.54 -7860.21
1102 1435.68 8383.35
1103 1481.81 8333.03
1104 -926.05 8820.6
1105 -1062.64 -8723.84
1106 -2472.89 6703.95
1107 2446.87 6763.36
1108 3415.02 -3205.16
1109 -692.66 -8953.45
1110 1240.15 -8576.16
1111 -1483.95 8330.65
1112 -254.45 -9097.15
1113 -2532.52 -6563.34
1114 3506.95 -2509.18
1115 889.43 -8844.13
1116 3539.78 -2202.29
1117 -1390.51 -8430.8
1118 -78.95 9117.23
1119 -1195.71 -8615.51
1120 -2931.44 -5427.2
1121 -280.01 9092.46
1122 1389.61 8431.72
1123 1680.19 -8094.37
1124 953.61 -8802.23
1125 -1780.52 7959.19
1126 -627.53 -8983.41
1127 -2340.76 -6994.15
1128 -428.44 -9056.25
1129 479.18 -9040.34
1130 3285.24 -3963.31
1131 -2515.37 -6604.43
1132 2365.6 -6941.72
1133 -1925.1 7745.98
1134 -74.69 9117.45
1135 2687.91 -6165.02
1136 -2232.91 -7211.17
1137 -3529.09 2307.02
1138 -683.27 -8957.96
1139 503.02 9032.24
1140 2634.96 6306.27
1141 770.78 8913.46
1142 1341.91 -8479.88
1143 -3302.31 3873.63
1144 590.01 -8999.29
1145 -1659.44 -8121.08
1146 -3498.58 2581.17
1147 -2353.2 6968.01
1148 -1960.33 -7690.56
1149 -1098.42 8696.09
1150 -963.17 -8795.72
1151 839.03 8874.85
1152 -3352.5 3594.09
1153 -2599.2 6398.35
1154 -2605.83 -6381.47
1155 -1979.47 7659.86
1156 -2246.19 7185.35
1157 1687 -8085.51
1158 2642.64 -6286.15
1159 1640.1 8145.6
1160 -459.04 -9046.87
1161 1084.21 -8707.23
1162 -1083.49 8707.79
1163 -475.96 9041.4
1164 3533.22 2267.17
1165 3035.96 -5055.32
1166 1672.08 -8104.86
1167 -2720.54 6074.91
1168 -2416.41 -6831.46
1169 2743.44 -6010.19
1170 -2904.16 5518.1
1171 -586.05 -9000.9
1172 -206.88 -9104.69
1173 -507.58 9030.65
1174 97.41 -9116.11
1175 -612.43 8989.92
1176 -2411.58 6842.12
1177 2999.92 -5188.05
1178 -2129.68 -7403.76
1179 1761.19 7986.03
1180 1692.38 -8078.48
1181 -2886.4 5576.04
1182 -1234.81 -8580.97
1183 2436.61 6786.47
1184 -750.96 8924.02
1185 1130.2 8670.6
1186 -606.33 -8992.5
1187 125.04 9114.01
1188 1373.32 8448.39
1189 1000.29 8769.79
1190 -391.6 -9066.66
1191 1306.77 -8514.11
1192 -3529.51 -2303
1193 -3195.84 -4396.49
1194 2082.19 7487.71
1195 -1120.8 -8678.23
1196 -2301.58 -7074.95
1197 -1048.66 8734.4
1198 -82.55 9117.03
1199 519.19 9026.52
1200 -2755.47 5975.7
1201 3447.6 2979.21
1202 3181.62 4460.48
1203 3210.44 4329.5
1204 1695.11 8074.91
1205 -1079.56 -8710.84
1206 -1976.2 7665.13
1207 548.64 -9015.63
1208 -2397.76 6872.41
1209 3405.27 3269.36
1210 2985.84 5238.57
1211 -230.87 9101.08
1212 2974.24 -5279.65
1213 -2555.79 -6506.72
1214 1412.12 -8408.32
1215 -294.18 9089.66
1216 -2678.68 -6190.08
1217 -1877.95 -7817.99
1218 -363.54 9073.96
1219 3155.75 -4573.9
1220 -1359.92 8461.93
1221 -315.12 9085.27
1222 2374.15 -6923.45
1223 1426 -8393.66
1224 412.05 9061
1225 -368.46 -9072.72
1226 3462.04 2872.64
1227 -1053.38 -8730.85
1228 -184.65 9107.67
1229 2238.86 7199.64
1230 1487.25 8326.97
1231 -685.27 -8957
1232 1980.04 7658.94
1233 3605.69 -1380.79
1234 1478.67 -8336.51
1235 -3287.59 3951.11
1236 -2818 5790.58
1237 -3092.14 -4837.82
1238 -2312.12 -7053.44
1239 1575.22 -8225.24
1240 -1685.73 -8087.17
1241 3282.98 -3975
1242 -1650.33 8132.67
1243 2108.55 7441.47
1244 2265.92 7146.53
1245 933.61 8815.62
1246 3353.25 3589.71
1247 -2308.57 -7060.7
1248 -3324.51 -3753.07
1249 771.08 8913.29
1250 2497.07 6647.69
1251 2568.38 -6475.66
1252 2600.62 6394.74
1253 -1066.49 8720.9
1254 1992.94 -7638
1255 1890.58 -7798.94
1256 -81.81 9117.07
1257 3421.23 3163.5
1258 -2021.21 -7591.43
1259 -1013.88 8760.03
1260 1337.61 8484.12
1261 -1878.68 7816.89
1262 975.83 -8787
1263 -1655.13 8126.58
1264 228.27 -9101.49
1265 1820.9 7901.89
1266 -2426.6 6808.85
1267 961.94 8796.56
1268 -3120 -4724.7
1269 -17.46 9119.26
1270 -1824.01 -7897.4
1271 1630.89 8157.15
1272 -2721.08 -6073.39
1273 1797.42 -7935.42
1274 -2268.93 -7140.56
1275 -153.57 9111.28
1276 -31.93 9119.02
1277 309.78 -9086.42
1278 1995.2 7634.31
1279 2419.19 -6825.31
1280 -2098.37 -7459.43
1281 -1183.28 -8626.23
1282 -941.83 -8810.15
1283 -2674.14 6202.33
1284 -1453.18 -8364.48
1285 317.92 -9084.66
1286 -1158.94 -8646.86
1287 2757.56 5969.67
1288 1240.99 -8575.4
1289 -2277.44 -7123.61
1290 -1933.3 -7733.21
1291 -245.71 -9098.65
1292 393.81 -9066.07
1293 752.47 8923.23
1294 -2976.81 -5270.59
1295 -2347.62 6979.76
1296 -3286.75 3955.48
1297 -3018.86 -5118.92
1298 2760.34 -5961.64
1299 -1729.72 8028.9
1300 -1244.95 -8571.81
1301 1829.53 -7889.42
1302 2513.4 -6609.12
1303 24.11 -9119.17
1304 -852.12 8867.05
1305 -3619.34 -1135.87
1306 1185.35 -8624.46
1307 -876.05 -8852.47
1308 -400.27 9064.3
1309 -707.15 -8946.37
1310 314.43 -9085.42
1311 -274.44 9093.52
1312 -1516.01 -8294.49
1313 1333.96 8487.71
1314 1101.94 -8693.31
1315 -972.64 8789.21
1316 2564.46 6485.37
1317 3134.88 -4662.74
1318 3094.95 -4826.58
1319 -2385.15 -6899.78
1320 936.41 -8813.76
1321 427.57 -9056.5
1322 -58.29 -9118.2
1323 2568.9 -6474.38
1324 -117.38 9114.64
1325 -1674.04 8102.33
1326 1246.47 -8570.43
1327 1866.97 7834.41
1328 560.86 9010.93
1329 2435.01 -6790.06
1330 3225.6 -4258.49
1331 2877.09 -5606.03
1332 3219.02 -4289.5
1333 -516.81 -9027.38
1334 -1042.53 8738.99
1335 700.81 -8949.48
1336 -510.02 9029.79
1337 -1909.95 7769.39
1338 -574.72 -9005.47
1339 3152.55 -4587.68
1340 455.62 9047.95
1341 92.36 -9116.44
1342 2337.19 7001.61
1343 -2458.17 6737.7
1344 -3089.73 4847.44
1345 386.33 9068.08
1346 13.63 -9119.3
1347 -3490.06 2652.28
1348 408.52 -9062
1349 -2203.99 7266.57
1350 -1621.11 -8169.32
1351 -642.3 8976.88
1352 -995.62 -8773.11
1353 1438.86 -8379.94
1354 -1939.96 7722.78
1355 2616.29 6354.66
1356 -1494.88 8318.42
1357 -2168.73 -7332.57
1358 2857.78 5667.42
1359 -1521.94 -8287.7
1360 1896.69 -7789.66
1361 3560.61 1981.33
1362 2096.79 -7462.21
1363 1770.28 7973.46
1364 3097.88 -4814.82
1365 -3475.11 -2772.26
1366 2302.29 -7073.5
1367 1389.91 -8431.42
1368 2393.49 6881.71
1369 3541.21 2187.87
1370 1737.66 8018.18
1371 2385.93 6898.09
1372 -630.9 8981.93
1373 1156.27 -8649.09
1374 -1472.73 8343.08
1375 3623.95 1039.95
1376 2794.35 5861.77
1377 2898.98 5535.1
1378 3526.45 2332.12
1379 2738.76 6023.52
1380 -138.93 -9112.75
1381 2295.54 7087.2
1382 -1256.41 -8561.35
1383 363.66 9073.93
1384 1056.14 8728.77
1385 -326.33 9082.8
1386 790.51 8902.65
1387 -1597.02 -8198.93
1388 2313.64 7050.32
1389 3451.61 -2950.04
1390 -284.91 9091.51
1391 3304.7 -3860.87
1392 -183.1 -9107.87
1393 -310.89 9086.18
1394 1811.34 7915.61
1395 -1534.36 8273.37
1396 -2955.05 5346.57
1397 1081.69 8709.19
1398 -3297.7 -3898.1
1399 3402.09 -3289.98
1400 1289.06 -8530.96
1401 -3389.29 3371.54
1402 2448.19 -6760.37
1403 1443.17 -8375.3
1404 1530.51 8277.83
1405 -1581.95 -8217.16
1406 2874.93 -5612.95
1407 3256.31 -4109.82
1408 -677.57 8960.66
1409 -2312.16 -7053.35
1410 -3604.83 1394.75
1411 -1047.52 8735.26
1412 1628.79 8159.77
1413 2958.04 5336.23
1414 451.45 9049.26
1415 -1158.67 -8647.09
1416 -1759.03 -7989
1417 -3043.02 -5028.72
1418 -1660.18 -8120.14
1419 3571.14 1859.12
1420 3633.02 -818.609
1421 -2130.72 7401.89
1422 2368.93 6934.62
1423 -1929.78 -7738.7
1424 -2424.63 6813.23
1425 717.33 8941.3
1426 688.75 8955.33
1427 -1646.93 -8136.98
1428 -3373.07 3471.72
1429 570.38 -9007.19
1430 -1588.44 8209.34
1431 -2768.8 -5937.07
1432 206.76 -9104.7
1433 -1043.52 8738.25
1434 2029.22 7578.06
1435 -2093.4 7468.15
1436 1517.51 8292.77
1437 3176.49 4483.28
1438 1732.16 8025.61
1439 208.59 9104.44
1440 917.93 -8825.91
1441 171.02 9109.34
1442 2662.35 -6233.95
1443 -1426.24 -8393.41
1444 3067.71 4934.07
1445 1790.25 -7945.54
1446 -53 9118.4
1447 -3261.99 4081.57
1448 918.27 -8825.68
1449 1976 -7665.46
1450 -111.35 9115.12
1451 -257.82 -9096.56
1452 899.12 -8838
1453 -502.72 9032.35
1454 -998.39 8771.14
1455 2464.24 6723.83
1456 -1716.15 8047.08
1457 1789.37 7946.78
1458 -1984.3 7652.05
1459 3073.05 -4913.26
1460 678.51 8960.22
1461 -36.11 -9118.92
1462 -1568.13 8233.7
1463 1579.87 -8219.67
1464 -68.81 9117.74
1465 -2456.72 -6741
1466 2496.96 -6647.95
1467 -2753.07 -5982.61
1468 -2754.54 -5978.38
1469 586.51 -9000.72
1470 -2451.08 6753.82
1471 671.71 8963.42
1472 366.87 9073.13
1473 1597.96 8197.78
1474 3444.69 3000.17
1475 -2726.79 6057.37
1476 1234.5 -8581.25
1477 2667.83 6219.29
1478 -393.79 -9066.07
1479 -278.12 -9092.82
1480 -395.38 9065.64
1481 3457.87 2903.86
1482 3475.45 -2769.59
1483 -46.74 9118.62
1484 -968.45 8792.1
1485 1245.46 8571.35
1486 -3087.55 4856.11
1487 916.86 8826.6
1488 -169.76 9109.49
1489 -1530.06 -8278.35
1490 -776.81 -8910.18
1491 3281.54 -3982.42
1492 3086.85 -4858.89
1493 460.38 9046.44
1494 -2975.5 -5275.21
1495 -2106.53 7445.04
1496 1610.68 8182.21
1497 -1383.93 -8437.56
1498 1832.83 -7884.63
1499 -2064.91 7517.56
1500 65.71 9117.89
1501 3233.78 4219.54
1502 3646.35 252.306
1503 -1670.28 -8107.18
1504 2550.53 6519.61
1505 1137.29 -8664.81
1506 -157.34 9110.88
1507 1891.23 7797.96
1508 -666.72 8965.75
1509 -2871.13 5625.09
1510 2534.6 6558.32
1511 2653.47 -6257.57
1512 -437.64 9053.5
1513 3009.56 -5153.03
1514 -521 -9025.87
1515 2534.87 -6557.67
1516 1702.16 -8065.63
1517 -1110.39 -8686.59
1518 1421.99 8397.92
1519 -460.19 9046.5
1520 2101.57 -7453.8
1521 -2175.44 -7320.14
1522 1616.82 -8174.64
1523 -911.59 8830.01
1524 -520.13 -9026.18
1525 2117.45 7425.66
1526 516.06 -9027.64
1527 3320.17 -3777.01
1528 972.68 8789.18
1529 2600.43 6395.22
1530 -1673.82 8102.62
1531 2951.61 -5358.43
1532 1327.52 8494.02
1533 193.46 -9106.53
1534 173.66 -9109.03
1535 2518.17 -6597.76
1536 -1070.27 -8718
1537 -680.32 -8959.36
1538 3239.56 4191.74
1539 -3421.17 3163.91
1540 1495.31 8317.94
1541 3643.58 435.735
1542 2878.92 -5600.15
1543 684.99 8957.13
1544 71.36 -9117.62
1545 1559.02 8244.51
1546 -388.82 9067.41
1547 -1909.93 -7769.42
1548 -984.76 8780.77
1549 335.78 9080.65
1550 1469.21 -8346.96
1551 -493.1 9035.66
1552 628.92 -8982.8
1553 2447.43 6762.09
1554 -1658.3 -8122.54
1555 -82.13 9117.05
1556 2182.89 7306.27
1557 -1182.63 8626.79
1558 2748.03 -5997.07
1559 -2904.29 5517.67
1560 -1905.3 7776.52
1561 -124.4 9114.06
1562 2859.71 -5661.33
1563 -2844.26 -5709.77
1564 1571.98 8229.11
1565 2863.52 5649.28
1566 642.58 -8976.76
1567 -3273.4 -4024.07
1568 2841.83 5717.33
1569 240.9 9099.46
1570 -3584.8 -1686.83
1571 3427.84 3118.46
1572 -3413.59 3214.67
1573 -2773.97 -5921.96
1574 -893.48 8841.57
1575 190 -9106.99
1576 1176.49 8632.04
1577 1640.81 8144.71
1578 2192.4 7288.45
1579 -2769.97 -5933.65
1580 3454.85 2926.24
1581 2069.24 -7510.12
1582 -2753.25 5982.09
1583 1188.29 8621.93
1584 3468.8 2821.21
1585 -1358.09 -8463.76
1586 1186.26 -8623.67
1587 -2535.23 -6556.8
1588 2940.63 5396.03
1589 202.99 9105.23
1590 873.61 8853.97
1591 1910.28 -7768.88
1592 1090.89 -8702.02
1593 -2321.16 7034.86
1594 -3497.88 -2587.09
1595 1499.96 -8312.71
1596 2583.49 -6437.99
1597 97.04 -9116.14
1598 2261.47 -7155.33
1599 -2023.66 7587.35
1600 924.98 8821.3
1601 -3596.25 -1526.92
1602 -1223.82 -8590.81
1603 2168.77 -7332.5
1604 -2957.09 5339.52
1605 -835.26 -8877.08
1606 -3287.27 3952.78
1607 -2895.12 -5547.71
1608 1299.61 -8520.95
1609 1739.17 -8016.13
1610 -990.24 8776.92
1611 1207.18 8605.51
1612 -812.22 -8890.43
1613 -1258.13 -8559.78
1614 -86.19 -9116.82
1615 1811.23 7915.77
1616 -1797.82 7934.85
1617 3578.72 -1765.67
1618 3441.21 -3025.03
1619 678.91 -8960.03
1620 187.83 9107.27
1621 -1795.55 -7938.06
1622 3510.89 -2474.5
1623 -1731.69 -8026.25
1624 -2171.68 7327.12
1625 3635.67 741.44
1626 -1375.67 -8446
1627 -321.68 -9083.84
1628 -570.73 -9007.05
1629 737.29 -8931.15
1630 244.04 9098.93
1631 1316.45 8504.78
1632 2603.26 6388.02
1633 1681.3 8092.93
1634 -719.33 -8940.29
1635 1373.94 8447.76
1636 -833.38 8878.18
1637 2384.92 6900.28
1638 1629.67 8158.67
1639 913.26 8828.93
1640 -1974.85 7667.31
1641 2157.68 7352.92
1642 -2668.92 -6216.37
1643 1719.81 -8042.2
1644 -1868.97 -7831.43
1645 601.62 8994.48
1646 -2075.51 -7499.3
1647 2094.92 -7465.49
1648 -2938.09 -5404.67
1649 -1798.26 7934.23
1650 3001.34 5182.91
1651 -3088.15 4853.72
1652 2553.75 -6511.73
1653 -1262.02 -8556.2
1654 -3291.17 3932.44
1655 -2218.38 -7239.15
1656 2979.8 -5260.02
1657 3304.09 3864.13
1658 911.98 8829.76
1659 1321.66 8499.73
1660 -322.93 -9083.56
1661 -2852.88 5682.83
1662 1887.89 7803.01
1663 3423.79 3146.14
1664 801.83 8896.32
1665 -1780.89 -7958.68
1666 440.9 9052.51
1667 2562.72 6489.66
1668 2982.81 -5249.34
1669 -2284.81 7108.84
1670 1127.51 -8672.79
1671 -2786.25 5885.82
1672 824.22 8883.52
1673 -2857.81 -5667.33
1674 2012.35 -7606.12
1675 -156.79 9110.94
1676 -239.28 -9099.72
1677 688.32 8955.54
1678 2298.33 -7081.55
1679 713.39 -8943.27
1680 78.29 -9117.27
1681 3394.35 3339.57
1682 -1508.24 -8303.34
1683 620.7 8986.37
1684 1993.76 7636.66
1685 -2670.6 6211.86
1686 2523.09 6586
1687 884 -8847.53
1688 2103.47 -7450.45
1689 3446.47 -2987.37
1690 2587.64 -6427.56
1691 2196.43 -7280.86
1692 -1478.71 8336.47
1693 3368.4 3499.94
1694 -1648.78 -8134.64
1695 768.66 8914.6
1696 -3554.97 2043.65
1697 1854.12 7853.46
1698 3176.31 4484.07
1699 609.38 8991.21
1700 -1385.61 -8435.84
1701 -384.55 -9068.55
1702 392.43 -9066.44
1703 -2233.48 -7210.07
1704 171.02 9109.34
1705 3511.39 -2470.06
1706 2770.86 -5931.06
1707 -535.21 9020.67
1708 3486.29 -2683.09
1709 634.88 8980.18
1710 -3635.38 -750.275
1711 324.59 -9083.19
1712 1390.84 -8430.46
1713 -1048.36 -8734.63
1714 -2264.38 7149.58
1715 1039.11 -8741.53
1716 1089.2 8703.34
1717 2591.21 6418.57
1718 -1481.64 8333.22
1719 -910.01 8831.03
1720 -1976.26 -7665.04
1721 -2320.53 -7036.15
1722 -1792.72 7942.06
1723 -1617.1 8174.29
1724 -469.02 -9043.67
1725 -1043.29 -8738.42
1726 -2808.08 -5820.62
1727 3324.83 -3751.3
1728 -1846.7 7864.38
1729 -1549.98 -8255.16
1730 1743.58 8010.14
1731 1466.58 8349.85
1732 -3450.04 -2961.5
1733 3138.91 -4645.76
1734 -420.13 9058.68
1735 -157.77 -9110.83
1736 2216.21 7243.3
1737 2072.3 -7504.84
1738 261.25 9095.95
1739 -2615.85 -6355.8
1740 -2476.98 -6694.5
1741 879.05 8850.61
1742 -747.61 8925.78
1743 1918.57 7756.1
1744 747.23 8925.98
1745 -1844.5 -7867.6
1746 -1301.99 -8518.68
1747 -208.9 -9104.4
1748 -1156.43 -8648.96
1749 678.73 -8960.11
1750 2032.34 7572.83
1751 3546.49 2133.75
1752 2594.24 -6410.91
1753 -968.29 -8792.21
1754 285.74 -9091.34
1755 -3362.12 3537.48
1756 -1345.77 8476.05
1757 3292.71 -3924.37
1758 1332.33 -8489.31
1759 958.32 8799.03
1760 73.65 -9117.51
1761 -2768.43 -5938.14
1762 1914.74 7762.02
1763 2263.1 7152.11
1764 704.45 -8947.7
1765 -2606.39 -6380.04
1766 1878.74 -7816.8
1767 737.69 -8930.94
1768 3602.06 -1438.79
1769 -3439.09 3040.06
1770 2864.62 5645.8
1771 1754.66 7995.01
1772 2288.73 -7100.95
1773 2613.49 6361.86
1774 -2300.96 7076.21
1775 797.9 -8898.53
1776 3595.8 1533.53
1777 3402.15 3289.59
1778 2772.36 -5926.67
1779 2862.86 -5651.37
1780 -3051.89 4995.01
1781 1724.78 -8035.54
1782 3474.06 -2780.47
1783 1253.43 -8564.08
1784 2024.69 -7585.63
1785 -1126.1 8673.94
1786 -3220.25 -4283.72
1787 3404.94 -3271.5
1788 -2626.35 -6328.67
1789 -3262.84 4077.32
1790 -1579.68 -8219.89
1791 2343.56 6988.28
1792 1028.89 -8749.09
1793 -1896.92 -7789.31
1794 -1217.23 8596.66
1795 -2040.78 -7558.63
1796 -2026.46 7582.67
1797 -3053.02 -4990.69
1798 910.64 8830.62
1799 247.43 -9098.36
1800 -3456.41 -2914.71
1801 -3507.25 2506.56
1802 -2154.58 7358.6
1803 -1687.14 -8085.33
1804 1071.41 8717.13
1805 -1307.85 -8513.07
1806 -3194.37 4403.16
1807 1732.28 -8025.45
1808 -2670.23 -6212.85
1809 186.1 -9107.49
1810 2090.22 -7473.72
1811 493.49 -9035.53
1812 -3114.19 -4748.6
1813 2485.37 6675.04
1814 -2206.98 7260.89
1815 1702.74 -8064.87
1816 1052.71 -8731.36
1817 -3222.68 4272.29
1818 676.6 8961.12
1819 2034.33 -7569.49
1820 918.19 -8825.74
1821 1254.36 -8563.23
1822 -2785.45 -5888.19
1823 -2893.32 -5553.58
1824 3474.9 -2773.9
1825 799.93 8897.39
1826 1856.66 7849.71
1827 2423.59 6815.55
1828 1906.72 -7774.35
1829 -3563.21 1951.9
1830 346.48 9078.13
1831 3006.93 -5162.62
1832 1509.85 -8301.51
1833 2957.29 -5338.83
1834 441.91 9052.2
1835 1028.62 -8749.28
1836 31.75 9119.02
1837 -1691.7 8079.37
1838 446.75 -9050.71
1839 -13.16 -9119.31
1840 577.01 9004.55
1841 -1882 -7811.9
1842 -1820.65 -7902.25
1843 1160.62 8645.45
1844 1086.79 8705.22
1845 -159.15 -9110.68
1846 -1126.46 -8673.65
1847 -93.94 9116.34
1848 1584.76 -8213.78
1849 -27.54 9119.11
1850 -1103.61 8691.99
1851 -2084.15 -7484.31
1852 -2923.03 -5455.47
1853 -2758.7 5966.38
1854 3183.99 4449.9
1855 -2726.32 6058.69
1856 -2185.6 -7301.2
1857 -3418.5 -3181.89
1858 -254.12 9097.21
1859 -592.68 -8998.19
1860 703.38 -8948.22
1861 -3279.22 -3994.35
1862 -386.12 -9068.13
1863 -827.93 -8881.37
1864 2614.44 -6359.42
1865 -1240.09 8576.21
1866 -1380.47 8441.1
1867 -3067.34 -4935.51
1868 -698.38 8950.67
1869 3060.38 -4962.44
1870 2872.49 -5620.75
1871 3058.23 4970.72
1872 3153.07 4585.44
1873 -1076.21 8713.43
1874 -589.22 -8999.61
1875 -1478.4 -8336.81
1876 -2602.42 6390.16
1877 1440.73 -8377.93
1878 2780.29 5903.41
1879 3512.83 -2457.23
1880 3411.42 -3229.04
1881 3579.68 -1753.47
1882 2454.73 -6745.53
1883 -2959.61 -5330.78
1884 1605.05 8189.12
1885 1575.04 -8225.46
1886 -1948.88 -7708.73
1887 3611.69 -1279.04
1888 2687.96 -6164.88
1889 -3078.81 -4890.67
1890 -1729.91 -8028.65
1891 -390.66 9066.92
1892 -1294.25 8526.05
1893 -925.35 -8821.06
1894 -2712.84 -6096.39
1895 676.68 8961.08
1896 749.98 -8924.54
1897 1966.69 -7680.41
1898 2446.66 -6763.83
1899 -2888.26 -5570.01
1900 -1404.38 -8416.42
1901 -867.5 -8857.73
1902 3035.36 -5057.57
1903 2466.54 6718.55
1904 2838.2 -5728.59
1905 838.11 8875.4
1906 2892.14 -5557.42
1907 661.72 -8968.06
1908 -1581.07 8218.22
1909 -2182.53 -7306.94
1910 -1285.88 8533.96
1911 2048.08 -7546.28
1912 2055.3 7534
1913 2461.77 -6729.48
1914 -1279.62 8539.84
1915 1414.37 8405.95
1916 -1840.1 7874.04
1917 2159.16 -7350.2
1918 2081.78 -7488.43
1919 1949.4 7707.91
1920 3540.34 -2196.65
1921 3637.03 698.509
1922 1329.64 -8491.95
1923 1559.42 -8244.04
1924 2905.18 5514.74
1925 531.33 -9022.11
1926 -1362.5 8459.33
1927 2247.21 -7183.36
1928 459.1 9046.85
1929 -3137.87 -4650.15
1930 3531.25 -2286.27
1931 1743.12 -8010.77
1932 -987.49 -8778.85
1933 1953.2 7701.89
1934 2159.3 -7349.95
1935 3143.49 4626.37
1936 796.39 -8899.37
1937 -1657.15 -8124
1938 2740.46 6018.69
1939 -3026.44 -5090.87
1940 4.57 -9119.36
1941 2000.28 7626
1942 1421.13 8398.83
1943 2668.92 6216.37
1944 -3257.93 -4101.79
1945 3167.3 -4523.73
1946 -164.39 -9110.1
1947 -3383.3 -3408.94
1948 -395.17 -9065.7
1949 321.33 9083.91
1950 1718.62 -8043.79
1951 1879.41 7815.8
1952 -3140.25 4640.1
1953 -1883.28 -7809.97
1954 2268.89 7140.64
1955 954.28 -8801.78
1956 817.3 8887.52
1957 3220.44 -4282.83
1958 -1816.42 -7908.33
1959 -711.33 -8944.29
1960 3043.05 -5028.61
1961 2447.84 -6761.16
1962 668.83 -8964.76
1963 -1040.01 -8740.86
1964 3168.06 -4520.4
1965 -617.79 8987.63
1966 -1225.72 -8589.12
1967 3441.71 3021.47
1968 2674.95 -6200.15
1969 1665.89 -8112.82
1970 -840.01 -8874.27
1971 -201.86 -9105.39
1972 -1751.73 -7999.02
1973 1963.26 -7685.89
1974 904.39 8834.64
1975 3133.53 4668.41
1976 -1923.01 -7749.23
1977 -2384.71 -6900.73
1978 2954.42 5348.75
1979 2726.84 6057.23
1980 3323.76 3757.22
1981 -1516.32 8294.13
1982 -1530.44 8277.91
1983 -1558.89 -8244.66
1984 -2184.46 -7303.33
1985 982.99 -8782.01
1986 -2301.31 7075.5
1987 -963.19 8795.71
1988 -1235.1 -8580.71
1989 240.41 9099.54
1990 2083.01 -7486.29
1991 -1465.89 8350.61
1992 1882.93 7810.5
1993 355.95 9075.84
1994 271.47 9094.08
1995 -3497.06 2594.01
1996 -3356.5 -3570.68
1997 3422.02 -3158.16
1998 -3488.32 -2666.55
1999 1282.88 -8536.79
2000 -2118.57 -7423.66
2001 1887.91 -7802.98
2002 -792.77 -8901.39
2003 584.86 -9001.39
2004 1926.95 -7743.11
2005 -775.95 8910.65
2006 265.38 -9095.2
2007 3618.71 1148.35
2008 -2025.22 7584.75
2009 -3386.79 -3387.21
2010 -1835.77 -7880.36
2011 3042.44 -5030.91
2012 1229.11 -8586.09
2013 -272.72 9093.84
2014 -431.69 -9055.28
2015 243.47 -9099.03
2016 -691.05 8954.22
2017 1474.76 -8340.84
2018 -1211.28 8601.91
2019 1135.7 8666.11
2020 1233.99 8581.71
2021 2543.1 6537.73
2022 -1581.43 8217.79
2023 -2578.43 -6450.66
2024 -2243.04 7191.5
2025 -3193.23 4408.33
2026 -2932.53 5423.51
2027 -2216.48 7242.79
2028 -820.09 -8885.91
2029 2231.66 -7213.59
2030 -2786.6 -5884.79
2031 3302.97 3870.11
2032 -975.65 8787.12
2033 1290.44 -8529.66
2034 -2485.66 6674.37
2035 2586.82 6429.63
2036 -23.34 9119.18
2037 -1054.12 8730.29
2038 2003.86 7620.12
2039 1250.77 -8566.51
2040 881.15 8849.3
2041 2730.77 -6046.15
2042 -3594.09 -1558.39
2043 -1053.23 8730.96
2044 -73.93 -9117.49
2045 3434.4 3073.02
2046 -3038.06 5047.43
2047 1668.04 -8110.06
2048 -1053.53 -8730.74
2049 3451.85 -2948.29
2050 -2704.68 6119.01
2051 2392.54 6883.77
2052 2711.98 6098.78
2053 -2643.48 6283.94
2054 1118.46 8680.11
2055 -2726.47 -6058.27
2056 2066.25 -7515.26
2057 -769.85 8913.96
2058 2354.21 -6965.88
2059 90.99 -9116.53
2060 1159.31 8646.55
2061 -3398.28 -3314.5
2062 2816.88 -5793.98
2063 2737.26 6027.78
2064 -802.85 8895.75
2065 -1845.83 7865.66
2066 -1159.01 -8646.8
2067 -3458.75 -2897.31
2068 -158.66 -9110.74
2069 -556.59 -9012.58
2070 -3302.35 -3873.42
2071 937.03 -8813.35
2072 -884.45 8847.25
2073 -3091.68 -4839.66
2074 17.46 -9119.26
2075 -1376.24 8445.42
2076 -961.89 8796.6
2077 -1558.01 8245.7
2078 -139.61 9112.68
2079 -106.73 9115.46
2080 2310.25 7057.27
2081 2160.85 -7347.1
2082 2051.05 -7541.24
2083 -3392.35 3352.25
2084 -1534.22 -8273.54
2085 1242.13 -8574.37
2086 -295.05 -9089.49
2087 3105.75 -4783.02
2088 -803.55 8895.35
2089 1736.17 8020.2
2090 1047.12 -8735.56
2091 -3542.7 -2172.74
2092 -2980.65 -5257.01
2093 -1923.42 -7748.59
2094 3362.68 3534.15
2095 -552.85 9014.02
2096 -2633.75 6309.42
2097 -2169.9 7330.41
2098 -273.53 9093.69
2099 3096.8 -4819.16
2100 2601.83 6391.66
2101 2090.96 -7472.42
2102 1200.72 8611.16
2103 2116.05 -7428.15
2104 1680.64 8093.79
2105 -3558.96 -1999.78
2106 -532.76 -9021.58
2107 2158.4 -7351.6
2108 98.93 -9116.01
2109 -3088.42 4852.65
2110 -1338.65 -8483.1
2111 -806.86 8893.48
2112 -6.89 -9119.35
2113 989.78 -8777.24
2114 899.91 -8837.5
2115 225.46 9101.93
2116 1254.58 8563.03
2117 1681.35 -8092.87
2118 2265 -7148.35
2119 162.07 -9110.36
2120 1801.75 -7929.28
2121 937.17 -8813.26
2122 -1111.02 -8686.08
2123 -356.45 -9075.72
2124 596.89 -8996.45
2125 247.52 9098.35
2126 -2207.71 -7259.51
2127 516.72 9027.41
2128 -2291.94 -7094.48
2129 -2859.39 -5662.34
2130 -2714.92 6090.6
2131 3414.31 3209.89
2132 3147.07 -4611.13
2133 767.4 8915.28
2134 2038.33 7562.76
2135 -1092.06 -8701.1
2136 1487.54 -8326.64
2137 -1411.02 8409.47
2138 2766.44 -5943.94
2139 3306.2 3852.84
2140 -3517.77 -2412.66
2141 2393.26 6882.21
2142 -485.09 9038.37
2143 1701.58 -8066.4
2144 -1830.6 -7887.87
2145 726 8936.92
2146 3306.27 3852.46
2147 3531.99 -2279.12
2148 -3084.5 4868.21
2149 2928.32 -5437.71
2150 -3225.5 -4258.96
2151 -2130.79 7401.77
2152 2927.87 5439.23
2153 1780.28 7959.53
2154 344.94 -9078.5
2155 -264.77 9095.31
2156 1787.28 7949.72
2157 -3473.17 -2787.41
2158 -2192.16 7288.9
2159 1282.21 -8537.41
2160 -1256.19 8561.56
2161 -2228.05 7220.56
2162 -1618.59 -8172.45
2163 1274.38 8544.74
2164 -3263.29 4075.07
2165 -3375.69 3455.77
2166 1403.15 8417.7
2167 133.67 9113.24
2168 3324.8 -3751.47
2169 -1501.47 -8311
2170 316.41 -9084.99
2171 -940.86 8810.8
2172 -3167.1 4524.61
2173 -2787.17 -5883.1
2174 3594.74 -1548.99
2175 -2727.34 6055.82
2176 -1957.02 7695.83
2177 3289.55 3940.9
2178 -616.4 -8988.22
2179 3015.58 5130.99
2180 1173.93 8634.21
2181 -1963.94 -7684.8
2182 222.38 9102.4
2183 -3570.16 -1870.85
2184 -2846.55 5702.63
2185 -743.02 -8928.18
2186 1171.32 8636.43
2187 -971.25 8790.17
2188 -1269.45 -8549.32
2189 -1657.12 -8124.04
2190 1069.94 -8718.26
2191 3110.6 4763.28
2192 1412.67 -8407.74
2193 2542.21 6539.89
2194 2826.11 -5765.82
2195 -1880.65 7813.93
2196 -1781.05 -7958.45
2197 -283.43 -9091.8
2198 1168.47 -8638.84
2199 -466.96 -9044.34
2200 -3072.91 4913.81
2201 -3309.22 -3836.6
2202 -2116.74 -7426.92
2203 -61.59 -9118.07
2204 -1231.42 -8584.02
2205 -2973 -5284.01
2206 2020.14 -7593.21
2207 2676.38 6196.29
2208 937.26 8813.2
2209 3412.68 -3220.7
2210 2177.22 7316.83
2211 -2051.8 -7539.96
2212 -52.88 9118.41
2213 -1095.87 8698.1
2214 -2757.39 -5970.16
2215 -589.99 8999.29
2216 29.72 9119.06
2217 3548.37 -2114.13
2218 -3522.7 2367.27
2219 -1222.15 -8592.29
2220 -1950.85 7705.61
2221 530.75 9022.32
2222 -72.46 -9117.57
2223 1988.62 -7645.03
2224 226.97 -9101.7
2225 2561.07 -6493.73
2226 976.62 8786.45
2227 -2202.14 7270.07
2228 -2874.04 -5615.8
2229 -2860.32 5659.41
2230 -2627.93 6324.57
2231 -302.28 9088
2232 2839.6 -5724.25
2233 2461.66 -6729.73
2234 -530.51 -9022.41
2235 -2970.6 -5292.44
2236 3114.41 -4747.7
2237 -1681.59 8092.55
2238 -2649 -6269.4
2239 -705.92 -8946.97
2240 565.5 -9009.11
2241 -3104.48 4788.17
2242 -3080.65 4883.42
2243 -2893.41 -5553.28
2244 -2338.13 -6999.64
2245 -1825.67 7895.01
2246 2992.06 -5216.34
2247 919.53 -8824.86
2248 -2803.43 5834.61
2249 -3571.97 -1849.13
2250 -2100.79 -7455.17
2251 -86.27 9116.82
2252 -3006.65 -5163.64
2253 1039.42 -8741.3
2254 3467.18 -2833.63
2255 3222.91 -4271.2
2256 -1567.18 -8234.83
2257 -777.09 -8910.03
2258 1754.29 -7995.51
2259 -2425.33 -6811.68
2260 3304.02 -3864.51
2261 2070.78 7507.46
2262 -2674.9 6200.28
2263 -661.97 -8967.95
2264 -3186.68 -4437.85
2265 -1139.01 -8663.4
2266 3483.08 2709.02
2267 1091.8 8701.3
2268 1640.29 8145.36
2269 1784.02 7954.29
2270 3274.93 -4016.28
2271 -3031.52 -5071.94
2272 1811.74 7915.04
2273 -95.29 -9116.25
2274 775.55 8910.87
2275 2543.66 -6536.36
2276 3578.27 1771.37
2277 -623.48 -8985.17
2278 1892.81 7795.56
2279 -1595.2 -8201.14
2280 956.09 -8800.55
2281 -1821.83 7900.55
2282 -3232.64 -4224.99
2283 1947.21 -7711.37
2284 2651.94 6261.62
2285 2566.05 -6481.44
2286 2565.92 -6481.76
2287 -2918.24 5471.48
2288 -753.09 8922.9
2289 171.27 -9109.31
2290 1251.58 -8565.78
2291 2350.56 6973.58
2292 -1891.98 -7796.82
2293 2550.74 -6519.1
2294 1341.79 8480
2295 -151.34 9111.51
2296 -118.39 -9114.56
2297 -3425.53 3134.28
2298 2570.08 6471.45
2299 -2839.31 5725.15
2300 -1069.77 8718.39
2301 2882.88 -5587.41
2302 -369.17 -9072.54
2303 -1333.88 8487.79
2304 2225.29 7225.88
2305 -2518.48 6597.02
2306 -1110.08 8686.83
2307 -277.89 -9092.86
2308 -645.36 8975.51
2309 458.31 9047.1
2310 1311.91 8509.17
2311 -2861.78 5654.79
2312 -936.22 8813.89
2313 -2160.43 -7347.87
2314 141.56 -9112.5
2315 2224.58 7227.25
2316 -1335.02 8486.67
2317 3431.35 3094.24
2318 1791.27 -7944.1
2319 -1860.9 -7843.43
2320 -1464.99 8351.59
2321 1600.67 -8194.48
2322 -2271.98 -7134.49
2323 423.4 -9057.73
2324 3298.72 3892.7
2325 -252.67 -9097.46
2326 3423.63 -3147.23
2327 -3289.46 -3941.37
2328 674.74 -8962
2329 -3097 4818.35
2330 -1154.08 -8650.92
2331 1909.26 -7770.45
2332 -3297.92 3896.94
2333 -2042.24 7556.17
2334 -1822.59 -7899.45
2335 1217.27 -8596.62
2336 2744.75 -6006.46
2337 1267.13 8551.47
2338 709.31 -8945.3
2339 416.15 -9059.83
2340 845.95 8870.75
2341 2010.15 -7609.76
2342 1823.03 -7898.82
2343 2521.29 6590.31
2344 -1317.87 8503.41
2345 -700.84 -8949.47
2346 -548.25 -9015.78
2347 -3241.17 -4183.95
2348 2570.4 -6470.65
2349 -1373.26 -8448.45
2350 -1510.63 8300.62
2351 800.5 8897.07
2352 -3190.05 4422.69
2353 -1310.74 8510.29
2354 2625.52 6330.83
2355 -3393.54 -3344.72
2356 -3613.02 -1255.34
2357 -3060.58 -4961.67
2358 1378.68 -8442.93
2359 2889.04 5567.48
2360 -793.7 8900.88
2361 3540.73 -2192.72
2362 -2098.39 -7459.4
2363 3411.59 -3227.91
2364 -3274.6 4017.97
2365 1163.49 8643.04
2366 642.03 -8977
2367 3154.5 -4579.29
2368 -2674.01 6202.68
2369 -955.9 -8800.68
2370 1017.28 8757.57
2371 -1103.13 8692.37
2372 -3223.59 -4267.99
2373 -607.2 -8992.14
2374 -1768.76 -7975.56
2375 -732.13 -8933.8
2376 544.66 -9017.14
2377 1754.6 7995.09
2378 2655.62 6251.87
2379 -870.64 8855.8
2380 -1419.91 -8400.11
2381 866.57 8858.3
2382 2357.63 6958.64
2383 1789.13 7947.12
2384 2818.34 -5789.55
2385 776.76 8910.21
2386 103.97 -9115.66
2387 -2066.46 7514.9
2388 3476.86 -2758.51
2389 3367.3 3506.55
2390 -2025.87 7583.66
2391 -246.24 9098.56
2392 268.67 9094.6
2393 1845.02 -7866.84
2394 -3439.4 3037.87
2395 -3378.91 -3436.04
2396 480.53 -9039.89
2397 -1379.79 8441.8
2398 1937.18 -7727.14
2399 -3526.23 -2334.2
2400 3455.83 -2919
2401 1442.78 8375.72
2402 -2237.19 -7202.88
2403 -1768.66 7975.7
2404 -1690.42 -8081.05
2405 1424.71 8395.03
2406 1703.64 8063.68
2407 470.92 9043.05
2408 -2082.1 -7487.87
2409 1644.34 8140.25
2410 1328.75 8492.82
2411 1254.76 -8562.87
2412 -988.45 8778.18
2413 -540.91 -9018.55
2414 -1446.83 -8371.36
2415 -531.02 -9022.22
2416 916.75 8826.67
2417 -2707.98 6109.88
2418 1723.2 -8037.66
2419 -393.23 9066.22
2420 530.44 9022.43
2421 -3114.65 4746.72
2422 843.66 8872.11
2423 -234.08 9100.57
2424 -2876.5 5607.92
2425 -223.27 -9102.27
2426 -2692.84 -6151.56
2427 -2425.71 6810.83
2428 1847.68 -7862.94
2429 1595.46 8200.82
2430 -2848.75 -5695.76
2431 2815.42 5798.42
2432 -591.71 -8998.59
2433 761.33 8918.53
2434 -1445.93 8372.33
2435 688.94 8955.24
2436 2261.56 -7155.16
2437 1873.92 -7824.03
2438 -1042.97 -8738.66
2439 3151.28 4593.13
2440 -3595.22 -1542.01
2441 -56.54 9118.27
2442 1083.98 8707.41
2443 2718.52 6080.55
2444 553.56 9013.75
2445 -3329.94 -3722.86
2446 1938.13 -7725.65
2447 687.45 8955.96
2448 -1239.81 -8576.47
2449 -2717.46 6083.51
2450 566.14 9008.86
2451 1564.25 -8238.32
2452 -1277.98 8541.38
2453 1851.48 -7857.35
2454 -2218.33 -7239.24
2455 -1608.03 8185.46
2456 -2590.36 6420.71
2457 -564.15 9009.64
2458 -2648.15 -6271.64
2459 -2349.99 6974.78
2460 1010.69 8762.33
2461 -2779.46 5905.85
2462 -1877.25 -7819.04
2463 -2542.74 6538.6
2464 -2936.31 5410.72
2465 -2157.35 7353.53
2466 640.35 -8977.75
2467 3247.84 4151.5
2468 -658.28 8969.64
2469 -1208.64 -8604.23
2470 -2056.67 -7531.67
2471 549.64 9015.25
2472 -1691.54 8079.58
2473 -318.4 9084.56
2474 -1495.25 8318.01
2475 3429.11 3109.72
2476 855.45 8865.05
2477 1705.9 -8060.69
2478 -1720.42 8041.38
2479 -3439.31 -3038.5
2480 -3332.05 3711.04
2481 -664.3 -8966.87
2482 1947.78 7710.47
2483 2212.5 7250.39
2484 -963.42 8795.55
2485 2765.38 5947.02
2486 -631.91 8981.49
2487 3401.32 -3294.95
2488 -2788.85 -5878.12
2489 1697.07 -8072.33
2490 -921.05 -8823.87
2491 425.43 9057.13
2492 2989.66 -5224.93
2493 -596.03 8996.81
2494 734.75 8932.45
2495 -2695.12 -6145.31
2496 -2386.52 -6896.82
2497 1749.78 8001.69
2498 -385.72 9068.24
2499 -2345.17 6984.91
2500 -2843.25 5712.91
2501 -289.62 9090.58
2502 2527.91 6574.44
2503 2655.18 6253.04
2504 -2035.85 -7566.94
2505 1119.14 8679.57
2506 3079.7 4887.17
2507 2779.45 -5905.88
2508 2970.33 5293.39
2509 -1725.75 8034.24
2510 -1184.53 -8625.16
2511 2332.19 7012.02
2512 885.54 -8846.56
2513 -1138.87 8663.51
2514 611.64 8990.26
2515 12.81 -9119.31
2516 2107.77 7442.85
2517 -1534.88 -8272.77
2518 -394.99 -9065.74
2519 2522.98 6586.27
2520 -1275.86 8543.36
2521 -967.23 -8792.94
2522 -3323 3761.42
2523 -2738.34 -6024.71
2524 1109.76 8687.09
2525 -2564.55 6485.14
2526 2503.84 6631.76
2527 -2013.66 7603.96
2528 -497.26 9034.24
2529 686.87 -8956.23
2530 -2326.7 7023.41
2531 3566.94 -1908.85
2532 2096.26 7463.14
2533 442.56 9052
2534 3607.53 -1350.42
2535 -339.5 -9079.78
2536 97.63 -9116.1
2537 1014.13 8759.85
2538 -2221.46 7233.24
2539 1742.45 8011.68
2540 -2348.89 -6977.09
2541 532.26 -9021.76
2542 2017.32 7597.89
2543 1696.07 8073.65
2544 -707.38 8946.25
2545 -708.92 -8945.49
2546 -1713.49 -8050.62
2547 -2181.86 7308.19
2548 -1.9 -9119.36
2549 1562.12 -8240.84
2550 -791 -8902.38
2551 264.87 9095.29
2552 1997.01 -7631.35
2553 -3316.88 -3795.03
2554 3061.38 4958.58
2555 1294.22 -8526.08
2556 1625.98 8163.27
2557 -1613.03 -8179.31
2558 922.49 -8822.93
2559 1097.66 8696.69
2560 478.88 -9040.44
2561 1392.85 -8428.38
2562 -1158.54 -8647.2
2563 3172.69 4500.06
2564 1629.88 -8158.41
2565 137.65 9112.87
2566 2682.49 6179.76
2567 -2068.01 7512.24
2568 2700.9 6129.43
2569 809.09 -8892.21
2570 -2828.06 5759.84
2571 -1466.17 -8350.3
2572 -3249.19 4144.89
2573 299.48 9088.58
2574 -1861.54 7842.48
2575 3440.81 3027.87
2576 -1053.16 8731.02
2577 2405.61 6855.24
2578 -1085.52 -8706.21
2579 741.79 -8928.82
2580 335.57 9080.7
2581 1958.33 7693.75
2582 2227.93 -7220.8
2583 -1840.9 7872.87
2584 -467.11 -9044.29
2585 1167.92 -8639.31
2586 -2636.58 -6302.03
2587 -1806.04 -7923.18
2588 1335.34 8486.36
2589 -3447.46 2980.22
2590 -1691.59 8079.52
2591 -1494.1 8319.3
2592 2947.35 5373.07
2593 2262.4 7153.5
2594 265.4 9095.2
2595 3279.27 -3994.09
2596 -2847.17 5700.7
2597 -2952.07 -5356.85
2598 -3061.01 -4960.01
2599 2227.87 7220.91
2600 -2562.21 6490.92
2601 2990.65 5221.39
2602 -286.31 9091.23
2603 2391.4 -6886.25
2604 -2311.41 7054.89
2605 607.39 8992.06
2606 2020.61 -7592.43
2607 1356.27 -8465.59
2608 1019.97 -8755.61
2609 3397.7 -3318.22
2610 -1682.8 8090.98
2611 -3504.83 2527.62
2612 1181.59 8627.68
2613 -1634.04 8153.21
2614 3056.09 4978.94
2615 -967.34 8792.86
2616 -1483.2 8331.48
2617 -3338.79 3672.99
2618 -0.1 9119.37
2619 2443 -6772.1
2620 1873.44 7824.75
2621 -3630.02 897.944
2622 -2958.87 5333.35
2623 460.82 9046.3
2624 -3091.29 4841.22
2625 -1475.15 -8340.41
2626 3584.71 1688.02
2627 1326.13 8495.38
2628 -3645 353.807
2629 -1360.83 -8461.01
2630 -348.48 9077.66
2631 -3170.17 4511.15
2632 575.05 9005.34
2633 2489.94 -6664.39
2634 -1665.73 -8113.03
2635 2760.33 5961.66
2636 2734.12 6036.68
2637 1006.75 -8765.17
2638 -234.96 9100.43
2639 2484.74 6676.51
2640 2559.3 -6498.09
2641 3441.92 -3019.98
2642 -2389.46 -6890.45
2643 1883.97 -7808.93
2644 -2259.01 -7160.19
2645 -322.7 -9083.61
2646 1989.85 7643.03
2647 149.18 -9111.74
2648 1786.47 7950.86
2649 -653.84 -8971.67
2650 1795.26 7938.47
2651 836.19 8876.53
2652 -1406.65 -8414.05
2653 -1518.02 -8292.19
2654 -1631.12 -8156.86
2655 -3536.75 2232.51
2656 -115.56 9114.79
2657 -3546.75 2131.05
2658 -314 9085.52
2659 310.26 -9086.32
2660 994.91 8773.61
2661 -369.91 9072.35
2662 1605.41 8188.68
2663 2675.49 6198.69
2664 76.58 -9117.36
2665 2768.38 -5938.29
2666 -3616.27 -1195.42
2667 -3007.83 -5159.34
2668 649.33 -8973.72
2669 -1468.76 8347.45
2670 -1957.33 -7695.34
2671 -2073.37 -7503
2672 1611.81 -8180.82
2673 615.56 -8988.58
2674 -714.16 8942.88
2675 -3120.55 4722.43
2676 609 8991.38
2677 116.82 9114.69
2678 492.71 9035.79
2679 3523.13 -2363.27
2680 3613.95 -1238.49
2681 213.91 -9103.67
2682 152.71 -9111.37
2683 3536.5 -2234.98
2684 3288.82 3944.71
2685 2341.26 6993.1
2686 -329.13 -9082.17
2687 3615.94 1201.64
2688 -3506.96 2509.09
2689 2662.69 6233.04
2690 1393.4 -8427.81
2691 3040.51 -5038.2
2692 1980.4 -7658.36
2693 -2164.99 7339.48
2694 -2622.77 -6337.95
2695 3430.3 -3101.51
2696 -61.96 -9118.05
2697 827.05 -8881.88
2698 -2739.87 6020.36
2699 -201.78 9105.4
2700 3276.01 4010.78
2701 377.92 9070.29
2702 -3221.39 4278.36
2703 -1431.19 8388.14
2704 -2662.43 6233.74
2705 -335.26 -9080.77
2706 -2517.71 6598.86
2707 3570.8 1863.2
2708 2310.86 7056.02
2709 -1831.56 -7886.48
2710 3055.06 -4982.88
2711 -3601.77 1443.32
2712 -2385.13 -6899.82
2713 3204.84 -4355.35
2714 -1002.9 8767.93
2715 -368.6 -9072.69
2716 -3388.77 -3374.81
2717 -752 8923.48
2718 3368.23 3500.96
2719 2502.93 -6633.91
2720 818.78 8886.67
2721 -2055.71 -7533.31
2722 3006.25 -5165.1
2723 957.76 8799.41
2724 -2768.26 -5938.64
2725 1420 -8400.02
2726 2689.79 -6159.89
2727 -1692.09 8078.86
2728 554.42 9013.42
2729 -716.17 8941.88
2730 1078.63 -8711.56
2731 -2571.27 -6468.49
2732 -1670.56 -8106.82
2733 551.86 9014.4
2734 -1692.38 8078.48
2735 2807.07 -5823.66
2736 1884.66 -7807.89
2737 2488.9 -6666.82
2738 -2197.06 -7279.67
2739 719.02 -8940.45
2740 -2487.31 -6670.52
2741 -3008.54 -5156.76
2742 1191.42 -8619.23
2743 1767.61 7977.16
2744 647.94 -8974.35
2745 -1181.81 -8627.49
2746 -2437.34 6784.83
2747 509.29 9030.05
2748 2143.17 -7379.4
2749 1066.68 8720.75
2750 -828.78 -8880.87
2751 -1202.2 8609.87
2752 1641.69 -8143.6
2753 206.01 9104.81
2754 -2800.38 -5843.76
2755 -3598.58 -1492.22
2756 -373.6 9071.41
2757 1808.75 7919.31
2758 -1001.63 8768.83
2759 -3454.12 -2931.63
2760 -1287.92 8532.04
2761 -1575.17 -8225.3
2762 3240.12 4189.03
2763 1959.81 7691.39
2764 -1678.65 -8096.37
2765 -1742.49 8011.63
2766 -10.91 -9119.33
2767 715.08 8942.42
2768 -2696.91 6140.4
2769 859.43 -8862.64
2770 1915.19 -7761.32
2771 -3404.01 -3277.55
2772 2340.9 6993.85
2773 -3564.28 1939.65
2774 247.26 9098.39
2775 2678.31 6191.08
2776 -2398.69 6870.38
2777 -1591.31 -8205.86
2778 765.43 -8916.34
2779 -763.75 8917.24
2780 1352.44 8469.42
2781 1013.77 -8760.11
2782 1995.96 7633.07
2783 -2293.7 -7090.92
2784 3413.47 -3215.47
2785 -1907.68 -7772.87
2786 2675.38 -6198.99
2787 -1142.68 -8660.38
2788 -2765.34 5947.14
2789 3597.48 1508.71
2790 -2145.75 -7374.71
2791 3345.06 -3637.16
2792 1476.57 8338.84
2793 2126.91 -7408.74
2794 2308.4 -7061.05
2795 2399.2 6869.27
2796 494.79 -9035.08
2797 -253.07 -9097.39
2798 -2134.68 7394.76
2799 1542.51 -8263.9
2800 -2982.99 5248.7
2801 3423.82 -3145.94
2802 1321.54 8499.85
2803 2664.03 6229.47
2804 74.56 9117.46
2805 -3440.92 -3027.09
2806 853.39 8866.29
2807 -704.19 8947.82
2808 -3284.14 -3969
2809 2064.65 -7518.01
2810 1202.04 -8610.01
2811 -3349.21 -3613.21
2812 925.44 8821
2813 -3220.69 4281.65
2814 287.17 -9091.06
2815 -2832.33 5746.72
2816 522.36 -9025.38
2817 -2026.16 -7583.18
2818 2492.88 6657.52
2819 -3387.37 -3383.58
2820 -2059.15 7527.43
2821 1954.43 7699.94
2822 2771.28 -5929.83
2823 -1038.78 8741.78
2824 1230.36 8584.97
2825 2007.4 7614.3
2826 821.63 -8885.02
2827 1814.83 -7910.61
2828 292.59 9089.98
2829 736.09 -8931.76
2830 2341.31 -6993
2831 -3143.76 -4625.22
2832 1619.77 -8170.98
2833 391.35 9066.73
2834 -3168.56 -4518.21
2835 2731.96 -6042.79
2836 -175.93 -9108.75
2837 2347.38 6980.27
2838 2656.49 6249.56
2839 -2040.88 7558.46
2840 -2310.75 7056.24
2841 -2321.61 7033.93
2842 475.18 9041.66
2843 1343.9 -8477.91
2844 -1900.48 7783.89
2845 2432.1 -6796.57
2846 2124.06 -7413.85
2847 2544.77 6533.66
2848 -2073.38 -7502.98
2849 3202.77 4364.86
2850 -725.81 -8937.02
2851 -348.66 -9077.61
2852 1424.77 -8394.97
2853 -731.9 8933.92
2854 -354.86 -9076.11
2855 -2824.49 5770.78
2856 -253.22 9097.37
2857 2057.16 7530.83
2858 -156.16 9111.01
2859 -3437.3 3052.69
2860 -1695.64 8074.21
2861 -1965.54 -7682.25
2862 -1397.23 -8423.85
2863 -310 9086.37
2864 1441.7 8376.89
2865 -666.9 8965.66
2866 1763.59 7982.72
2867 -2561.16 -6493.51
2868 -459.5 9046.72
2869 3062.59 -4953.91
2870 -2516.33 -6602.15
2871 2431.95 6796.91
2872 -183.57 -9107.81
2873 -3540.38 2196.25
2874 -2905.25 -5514.51
2875 2525.19 -6580.97
2876 -3531.81 -2280.86
2877 755.15 8921.81
2878 1433.03 -8386.18
2879 1645.3 -8139.04
2880 3294.24 -3916.34
2881 2158.18 -7352
2882 2232.76 7211.46
2883 1295.74 -8524.64
2884 -1125.06 -8674.78
2885 -2075.57 7499.19
2886 -3324.76 3751.69
2887 -2524.87 6581.74
2888 3033.55 -5064.35
2889 -59.46 9118.15
2890 -3033.41 5064.88
2891 363.53 -9073.97
2892 8.86 9119.34
2893 -3366.63 -3510.57
2894 -3452.83 -2941.11
2895 408.67 -9061.95
2896 -3495.54 2606.79
2897 3281.56 -3982.32
2898 -3628.38 -938.457
2899 -1348.48 8473.36
2900 -3151.44 4592.44
2901 358.15 9075.3
2902 1648.51 -8134.98
2903 -958.11 -8799.18
2904 -526.86 -9023.74
2905 -913.47 8828.8
2906 2042.17 -7556.29
2907 -2751.72 5986.49
2908 -3542.82 -2171.52
2909 -3501.99 2552.11
2910 2974.03 5280.39
2911 2906.66 5509.87
2912 -2857.09 5669.6
2913 2711.55 -6099.97
2914 2465.29 6721.42
2915 -3243.38 4173.23
2916 873.41 8854.1
2917 3627.61 -956.881
2918 -1789.38 7946.77
2919 738.76 8930.39
2920 -1835.7 7880.46
2921 3166.11 -4528.94
2922 1446.51 -8371.7
2923 -1378.8 -8442.81
2924 -1636.56 8150.05
2925 1771.16 -7972.24
2926 -1145.23 -8658.27
2927 653.34 -8971.9
2928 3577.04 1786.82
2929 1303.23 8517.5
2930 -127.86 -9113.76
2931 -1901.87 -7781.77
2932 -2035.94 -7566.79
2933 2178.57 -7314.32
2934 1987.37 7647.06
2935 -1989.21 -7644.07
2936 -1797.05 -7935.94
2937 -2152.59 7362.24
2938 2160.52 -7347.71
2939 -1716.67 8046.39
2940 1722.06 -8039.19
2941 203.22 -9105.2
2942 2667.76 -6219.48
2943 -777.33 -8909.9
2944 -3491.43 -2640.99
2945 3380.37 -3427.05
2946 1341.02 8480.76
2947 593.28 8997.94
2948 -3464.29 -2855.64
2949 -802.42 8895.99
2950 1686.45 -8086.23
2951 1958.57 7693.36
2952 -3484.38 -2698.55
2953 -416.4 9059.75
2954 -126.94 9113.84
2955 -1906.03 7775.4
2956 1276.86 -8542.42
2957 -3031.65 -5071.46
2958 529.73 -9022.69
2959 2041.18 7557.96
2960 -1575.21 -8225.25
2961 -2906.69 -5509.77
2962 2989.99 5223.75
2963 -2560.57 6494.97
2964 1450.47 -8367.42
2965 -1647.05 8136.83
2966 1492.52 -8321.07
2967 -2529.48 6570.67
2968 -2217.47 7240.89
2969 -2717.01 -6084.77
2970 -3143.79 4625.09
2971 -272.4 9093.9
2972 -2900.51 5530.09
2973 153.93 9111.24
2974 -1404.46 8416.33
2975 248.56 9098.17
2976 -66.6 9117.85
2977 -3500.06 -2568.6
2978 1247.26 8569.71
2979 3020.44 5113.09
2980 2073.58 7502.63
2981 -1393.6 -8427.61
2982 1638.58 8147.51
2983 -44.94 9118.67
2984 676.06 8961.37
2985 -1312.37 -8508.72
2986 -3605.45 1384.7
2987 492.12 -9035.99
2988 3344.05 3642.96
2989 -3050.46 5000.47
2990 2698.56 -6135.87
2991 1517.02 -8293.33
2992 3458.58 2898.58
2993 -2918.72 -5469.88
2994 -2458.02 -6738.04
2995 1180.4 -8628.7
2996 1778.96 7961.37
2997 2099.21 -7457.95
2998 1023.63 -8752.94
2999 3116.19 -4740.39
3000 -1453.39 8364.25
3001 -2571.56 -6467.77
3002 -749.57 8924.75
3003 -1234.46 8581.29
3004 -2879.66 -5597.77
3005 -3442.63 3014.91
3006 3171.92 4503.45
3007 -3180.17 4466.94
3008 -973.91 8788.33
3009 -146.9 -9111.97
3010 -72.58 -9117.56
3011 1524.04 8285.29
3012 -2247.89 7182.03
3013 235.69 -9100.31
3014 -1525.89 8283.16
3015 -3147.56 4609.04
3016 -2766.05 5945.07
3017 2686.33 6169.32
3018 -2100.03 7456.51
3019 -2004.67 -7618.79
3020 -503.24 9032.17
3021 -294.27 9089.64
3022 1594.31 8202.22
3023 -567.93 9008.16
3024 2480.35 6686.7
3025 -1195.12 -8616.02
3026 -2840.1 -5722.7
3027 2946.29 -5376.7
3028 -2312.41 -7052.84
3029 -3262.57 4078.67
3030 -2664.99 -6226.9
3031 -1973.05 -7670.2
3032 111.3 9115.12
3033 -175.83 9108.77
3034 3401.08 3296.5
3035 -425.22 -9057.19
3036 684.4 8957.42
3037 56.53 9118.27
3038 -421.3 -9058.34
3039 -2752.6 -5983.96
3040 3550.32 2093.56
3041 1586.56 8211.61
3042 -2032.35 7572.82
3043 887.61 8845.27
3044 -3335.5 -3691.62
3045 1006.95 8765.02
3046 -696.5 8951.59
3047 2569.23 6473.56
3048 3317.95 -3789.18
3049 2441.72 6774.98
3050 3245.67 4162.09
3051 -2586.05 -6431.56
3052 -1803.15 7927.29
3053 2491.28 6661.26
3054 -1571.36 8229.85
3055 -2569.77 6472.22
3056 3034.63 -5060.31
3057 -2159.03 -7350.44
3058 -1588.76 8208.95
3059 -2335.75 -7004.61
3060 -1669.04 -8108.78
3061 953.15 -8802.54
3062 1906.67 -7774.42
3063 -2294.38 7089.55
3064 -2292.1 -7094.16
3065 1399.46 8421.54
3066 -1342.15 8479.64
3067 -1504.1 8308.03
3068 -1941.82 -7719.86
3069 3076.6 -4899.35
3070 2713.56 -6094.39
3071 -2056.49 -7531.97
3072 -1391.47 -8429.81
3073 1450.35 8367.55
3074 -774.23 -8911.59
3075 2444.16 6769.48
3076 -2774.04 5921.76
3077 1159.88 -8646.07
3078 1216.95 8596.91
3079 269.66 9094.41
3080 -759.74 -8919.38
3081 -985.36 8780.35
3082 -2232.08 7212.78
3083 -309.53 9086.47
3084 2402.02 -6863.1
3085 2786.89 5883.93
3086 -1432.95 8386.26
3087 2675.3 -6199.21
3088 -1124.53 -8675.21
3089 3316.87 -3795.08
3090 -647.05 8974.75
3091 777.63 -8909.74
3092 -3361.27 3542.53
3093 3010.63 -5149.13
3094 -2020.08 7593.31
3095 -2681.71 6181.87
3096 -147.01 9111.96
3097 3052.12 -4994.13
3098 3006.18 5165.35
3099 -3251.48 4133.65
3100 -1917.12 7758.34
3101 416.19 9059.81
3102 805.17 8894.43
3103 -828.52 8881.02
3104 -1936.59 -7728.06
3105 3603.11 -1422.26
3106 -978.25 -8785.31
3107 483.04 9039.06
3108 -676.4 8961.21
3109 1729.22 -8029.57
3110 -1310.2 8510.81
3111 2525.59 -6580.01
3112 -367.22 -9073.04
3113 1760.2 -7987.39
3114 -1020.55 -8755.19
3115 -1596.3 -8199.8
3116 -2627.35 6326.08
3117 -599.14 -8995.51
3118 1833.98 7882.96
3119 -162.39 -9110.32
3120 -1247.75 8569.27
3121 -789.62 8903.14
3122 -866.1 -8858.58
3123 -937.01 -8813.37
3124 -1666.45 -8112.1
3125 -127.01 9113.84
3126 1346.91 8474.92
3127 -3126.63 4697.23
3128 -2270.33 -7137.78
3129 -1784.17 7954.08
3130 -1272.64 8546.36
3131 -2652.84 6259.24
3132 2439.52 -6779.93
3133 -391.8 9066.61
3134 -730.77 8934.49
3135 -1745.99 -8006.86
3136 3393.58 -3344.46
3137 1704.3 8062.81
3138 -3154.71 4578.39
3139 -1127.19 8673.05
3140 997.95 -8771.46
3141 2776.71 5913.93
3142 -394.57 -9065.86
3143 -212.25 -9103.92
3144 1643.43 -8141.4
3145 761.17 -8918.62
3146 207.8 -9104.56
3147 264.15 9095.42
3148 -228.87 9101.4
3149 1935.94 7729.08
3150 600.25 -8995.05
3151 3463.08 -2864.8
3152 2719.56 -6077.65
3153 536.27 -9020.28
3154 1497.2 -8315.82
3155 3367.37 -3506.13
3156 -2881.22 -5592.75
3157 -1131.22 -8669.77
3158 197.94 9105.93
3159 2097.28 -7461.35
3160 -2619.87 -6345.44
3161 -3038.34 -5046.37
3162 2104.09 7449.35
3163 1210.59 8602.52
3164 -1795.66 7937.91
3165 -943.08 8809.32
3166 398.82 9064.7
3167 955.5 -8800.95
3168 670.41 8964.03
3169 -1397.78 -8423.28
3170 -617.79 -8987.63
3171 2975.37 -5275.67
3172 2652.76 -6259.45
3173 -2391.04 -6887.03
3174 -2402.44 -6862.19
3175 683.38 8957.9
3176 -2688.07 -6164.58
3177 284.26 9091.63
3178 3376.62 3450.08
3179 1253 8564.48
3180 1842.87 7869.99
3181 -798.98 8897.92
3182 -2884.89 5580.92
3183 -925.19 -8821.17
3184 2750.15 5991
3185 216.44 -9103.3
3186 -1384.47 8437.01
3187 -1841.44 -7872.08
3188 1418.1 8402.03
3189 -1612.85 8179.54
3190 3222.48 4273.23
3191 -272.38 -9093.91
3192 -748.36 -8925.39
3193 2853.07 -5682.23
3194 1803.56 7926.71
3195 -1742.01 -8012.28
3196 -3611.49 -1282.56
3197 2863.33 -5649.89
3198 -2799.54 5846.28
3199 1744 8009.57
3200 -2140.54 -7384.16
3201 959.92 -8797.94
3202 1177.52 8631.16
3203 1799.09 7933.05
3204 -2614.7 -6358.75
3205 33.26 -9118.99
3206 731.67 -8934.03
3207 -1150.02 -8654.3
3208 -1827.02 7893.06
3209 2237.84 7201.62
3210 -1288.94 -8531.08
3211 -3169.72 4513.13
3212 -1385.13 8436.33
3213 -2467.07 6717.34
3214 1092.75 8700.56
3215 -12.32 -9119.31
3216 -1788.73 -7947.68
3217 512.45 -9028.93
3218 371.43 9071.97
3219 1483.28 -8331.39
3220 -1813.84 -7912.03
3221 -3285.11 3963.98
3222 2522.45 6587.54
3223 -274.23 9093.56
3224 -439.55 9052.92
3225 2475.43 -6698.09
3226 575.43 9005.18
3227 -3298.52 3893.76
3228 -1266.54 -8552.02
3229 926.01 8820.63
3230 -373.93 9071.32
3231 -2796.87 5854.26
3232 1860.74 7843.67
3233 -43.55 -9118.72
3234 -1490.89 -8322.9
3235 1523.46 -8285.95
3236 -2521.03 -6590.93
3237 1568.27 -8233.54
3238 -3462.19 2871.51
3239 -1435.33 8383.72
3240 -2418.55 6826.73
3241 1707.27 8058.88
3242 -2471.2 -6707.84
3243 3494.5 -2615.49
3244 3597.24 -1512.28
3245 225.16 9101.98
3246 1730.6 -8027.72
3247 -261.77 -9095.85
3248 -3625.11 1014.37
3249 2297.1 7084.04
3250 -1408 8412.64
3251 2771.65 5928.75
3252 -3425.19 -3136.61
3253 -3544.54 2153.91
3254 2103.46 7450.47
3255 841.95 -8873.12
3256 1981.01 7657.37
3257 102.53 9115.76
3258 2152.03 7363.26
3259 -3148.08 -4606.82
3260 2970.64 5292.3
3261 -3039.67 5041.37
3262 1204.55 8607.81
3263 1672.53 8104.28
3264 3441.12 -3025.67
3265 -1753.24 -7996.95
3266 -478.85 -9040.45
3267 2138.98 -7386.99
3268 -1007.89 -8764.35
3269 2894.3 5550.38
3270 -639.03 -8978.34
3271 307.64 -9086.88
3272 3607.37 -1353.09
3273 -2068.43 7511.51
3274 231.34 -9101.01
3275 1693.34 8077.23
3276 -1732.1 8025.69
3277 -777.73 -8909.68
3278 2738.99 6022.87
3279 299.98 -9088.48
3280 2797.36 -5852.79
3281 3299.08 3890.79
3282 -1975.81 -7665.76
3283 -2252.73 -7172.54
3284 2726.91 6057.03
3285 -3155.26 -4576.02
3286 3079.26 4888.9
3287 832.91 8878.46
3288 2512.24 6611.88
3289 -2975.27 -5276.02
3290 -1723.08 -8037.82
3291 425.82 9057.02
3292 -822.66 8884.43
3293 -471.14 9042.98
3294 -3390.32 3365.06
3295 779.82 8908.54
3296 1686.87 -8085.68
3297 -2943.32 -5386.86
3298 3041.14 5035.82
3299 -387.24 -9067.83
3300 2823.41 5774.09
3301 1093.7 -8699.81
3302 -453.22 9048.7
3303 862.35 8860.87
3304 -1788.53 -7947.96
3305 -1116.59 8681.62
3306 2886.36 5576.17
3307 2581.99 6441.75
3308 -2281.66 -7115.16
3309 3423.89 3145.46
3310 60.68 9118.1
3311 3583.87 -1699.13
3312 2704.53 -6119.42
3313 444.5 -9051.41
3314 -356.98 -9075.59
3315 -2567.92 -6476.8
3316 592.05 -8998.45
3317 -3502.15 -2550.73
3318 2490.59 6662.87
3319 1115.64 8682.38
3320 6.06 -9119.35
3321 -884.91 -8846.96
3322 2877.52 -5604.65
3323 1859.07 7846.14
3324 1947.69 7710.61
3325 2886.69 -5575.1
3326 -1554.44 8249.91
3327 -2238.77 7199.81
3328 -588.98 8999.71
3329 692.26 -8953.64
3330 589.31 8999.57
3331 502.57 9032.4
3332 -2826.22 5765.49
3333 -719.47 8940.22
3334 -3384.7 -3400.24
3335 1669.44 -8108.26
3336 1637.74 -8148.57
3337 -1228.48 -8586.65
3338 1723.16 8037.71
3339 -3056.91 -4975.79
3340 1105.18 -8690.74
3341 -2176.6 7317.99
3342 -2306.58 -7064.76
3343 807.08 8893.35
3344 -1515.16 -8295.46
3345 -1140.79 8661.93
3346 951.41 -8803.72
3347 1539.05 8267.93
3348 1458.39 -8358.81
3349 -1899.51 7785.37
3350 331.06 -9081.73
3351 2752.61 5983.93
3352 -2755.05 -5976.91
3353 3215.9 -4304.1
3354 -1046.74 8735.84
3355 -541.79 -9018.22
3356 -940.72 -8810.89
3357 -1451.45 -8366.36
3358 -1711.78 -8052.9
3359 -2310.68 7056.39
3360 2639.93 -6293.26
3361 -942.31 -8809.83
3362 1112.93 -8684.56
3363 -1284.98 8534.81
3364 -3223.96 4266.25
3365 3020.57 5112.61
3366 2344.23 -6986.88
3367 1532.19 -8275.89
3368 -512.45 9028.93
3369 -2308.64 -7060.56
3370 1383.17 8438.34
3371 -1187.75 8622.39
3372 -251.97 9097.58
3373 3228.91 4242.78
3374 -2331.17 -7014.14
3375 2720.9 -6073.9
3376 -591.42 -8998.71
3377 -2887.63 5572.05
3378 -207.59 9104.59
3379 3.2 -9119.36
3380 -2873.47 5617.62
3381 1855.47 7851.47
3382 -2048.32 7545.88
3383 2560.05 6496.25
3384 -1659.07 8121.55
3385 392.13 9066.52
3386 2693.55 -6149.61
3387 -2464.5 -6723.23
3388 901.96 8836.19
3389 -3364.72 -3522
3390 1222.44 -8592.04
3391 -1808.09 7920.25
3392 1116.49 -8681.7
3393 2861.52 -5655.61
3394 -779.73 -8908.59
3395 -696.02 -8951.82
3396 3029.99 5077.66
3397 2831.87 -5748.13
3398 1633.84 8153.46
3399 -994.39 -8773.98
3400 -875.62 8852.73
3401 1360.22 8461.62
3402 -3635.93 733.428
3403 -3007.24 5161.49
3404 -356.53 9075.7
3405 -2707.99 -6109.85
3406 1841.52 -7871.97
3407 -1995.53 7633.77
3408 -1110.16 -8686.77
3409 1739.53 -8015.64
3410 -239.81 9099.64
3411 530.52 -9022.4
3412 2120.6 7420.04
3413 -3411.36 -3229.43
3414 2015.36 -7601.14
3415 -1938.19 -7725.56
3416 -3571.96 1849.25
3417 2316.22 7045.02
3418 -2981.98 5252.29
3419 -2824.19 5771.7
3420 1560.57 8242.68
3421 -1459.59 8357.5
3422 1982.8 -7654.47
3423 -1645.72 -8138.51
3424 -3309.88 3833.04
3425 460.98 9046.25
3426 3435.57 -3064.83
3427 3022.14 5106.81
3428 -3353.04 -3590.94
3429 3461.14 2879.41
3430 -1994.31 7635.76
3431 -874.2 8853.61
3432 160.53 -9110.53
3433 2188.75 -7295.3
3434 325.57 9082.97
3435 3267.56 -4053.63
3436 -2781.7 -5899.26
3437 1755.53 7993.81
3438 -2184.57 -7303.13
3439 231.51 -9100.98
3440 -2583.33 -6438.39
3441 1931.41 7736.16
3442 106.74 9115.46
3443 2876.92 5606.57
3444 1411.81 -8408.64
3445 -73.3 9117.52
3446 3146.09 -4615.31
3447 2215.08 -7245.46
3448 642.52 8976.78
3449 1410.39 8410.13
3450 48.87 9118.55
3451 -465.05 -9044.95
3452 1771.98 7971.1
3453 1004.97 -8766.44
3454 -855.79 8864.85
3455 -3588.25 -1640.34
3456 -2114.9 -7430.2
3457 -2472.26 6705.4
3458 1434.49 8384.62
3459 -2354.62 6965.01
3460 2700.28 -6131.14
3461 -1864.8 -7837.64
3462 -3068.89 4929.48
3463 -479.56 9040.21
3464 -978.59 8785.08
3465 2545.01 -6533.08
3466 -3498.91 2578.37
3467 -1674.5 -8101.74
3468 -127.77 -9113.77
3469 2089.33 -7475.27
3470 -1797.16 7935.78
3471 -2880.62 -5594.69
3472 -1277.61 -8541.72
3473 1787.89 -7948.86
3474 3641.37 -538.97
3475 -955.87 -8800.7
3476 -2144.71 7376.6
3477 -3059.97 -4964.02
3478 -2269.73 -7138.97
3479 2763.02 -5953.87
3480 1002.75 8768.03
3481 -684.77 -8957.24
3482 -973.66 -8788.5
3483 -3641.37 -538.97
3484 -2398.88 6869.97
3485 -448.49 9050.18
3486 1378.43 8443.19
3487 -2356.13 6961.82
3488 -3507.32 -2505.94
3489 -18.51 9119.25
3490 -1538.32 8268.78
3491 2172.54 -7325.52
3492 138.96 9112.75
3493 -852.98 8866.54
3494 -1147.17 8656.66
3495 699.61 8950.07
3496 -2055.32 7533.97
3497 1164.76 -8641.97
3498 2303.38 7071.29
3499 2997.98 5195.05
3500 -644.84 -8975.74
3501 -2780.19 5903.7
3502 -1598.09 -8197.62
3503 468.21 9043.93
3504 -2478.91 6690.04
3505 330.57 -9081.84
3506 -972.55 8789.27
3507 -2902.57 5523.33
3508 -2932.62 -5423.21
3509 2286.39 -7105.66
3510 -1125.93 8674.08
3511 -453.99 -9048.46
3512 955.33 -8801.06
3513 2303.12 -7071.82
3514 -2145.21 -7375.69
3515 -2626.02 -6329.53
3516 -801.49 8896.51
3517 142.11 9112.44
3518 -1957.97 -7694.32
3519 1161.9 -8644.38
3520 2465.44 -6721.08
3521 -2459.42 6734.85
3522 -969.85 8791.13
3523 -2828.72 5757.82
3524 -1595 8201.38
3525 762.38 -8917.97
3526 3631.42 -861.838
3527 -2362.48 -6948.35
3528 466.82 -9044.38
3529 247.83 9098.29
3530 3403 -3284.09
3531 -936.65 8813.6
3532 321.99 9083.77
3533 -3157.12 -4567.99
3534 1315.74 -8505.47
3535 -2224.25 7227.88
3536 1265.73 8552.77
3537 458.75 -9046.96
3538 -359.37 9075
3539 -253.18 -9097.37
3540 -2172.14 7326.26
3541 -2549.12 6523.06
3542 -1838.11 -7876.95
3543 2040.47 7559.16
3544 -3112.81 -4754.25
3545 -2252.83 7172.35
3546 2086.56 7480.11
3547 -2115 7430.02
3548 -1179.76 8629.25
3549 -1238.8 8577.38
3550 -3454.02 -2932.36
3551 2742.41 6013.13
3552 517.33 9027.19
3553 1141.18 8661.61
3554 -1449.16 8368.84
3555 -435.3 -9054.2
3556 2508.98 6619.61
3557 -2707.12 -6112.26
3558 -1045.69 8736.63
3559 2684.53 6174.22
3560 -577.47 -9004.37
3561 -474.02 -9042.04
3562 2010.35 -7609.43
3563 -3161.92 -4547.19
3564 -837.88 8875.53
3565 0.97 9119.37
3566 528.9 -9023
3567 1086.45 8705.49
3568 3432.83 3083.96
3569 2979.92 5259.59
3570 -2327.43 7021.9
3571 -0.47 9119.37
3572 2195.17 7283.24
3573 2155.13 7357.59
3574 620.35 -8986.52
3575 703.63 -8948.1
3576 -3357.3 -3565.98
3577 -772.97 -8912.27
3578 1313.59 -8507.55
3579 956.98 8799.94
3580 -3542.9 2170.7
3581 -2630.4 -6318.15
3582 961.89 -8796.6
3583 -1401.21 -8419.72
3584 1442.52 8376
3585 -2534.99 6557.38
3586 -2512.95 -6610.19
3587 -1538.85 8268.16
3588 -1019.33 8756.08
3589 -699.58 -8950.08
3590 -917.6 8826.12
3591 3296.9 -3902.33
3592 3364.01 3526.23
3593 2083.24 7485.89
3594 -2362.05 -6949.27
3595 2691.81 6154.37
3596 -1773 7969.68
3597 -2481.02 -6685.15
3598 3555.81 -2034.5
3599 -3482.69 2712.15
3600 -294.11 -9089.68
3601 3611.49 -1282.56
3602 -3540.32 -2196.86
3603 3576.26 1796.56
3604 -3273.46 -4023.77
3605 -905.75 -8833.77
3606 3170.27 4510.71
3607 3529.35 2304.54
3608 1709.93 8055.35
3609 2418.13 6827.66
3610 -617.42 -8987.79
3611 -2197.19 -7279.43
3612 -2493.85 6655.24
3613 2469.28 -6712.26
3614 -2224.2 7227.98
3615 -3201.13 4372.37
3616 2987.56 5232.43
3617 -3050.41 -5000.66
3618 1027.08 -8750.41
3619 -2884.37 -5582.6
3620 -727.37 8936.23
3621 -1467.2 -8349.17
3622 -2152.78 -7361.89
3623 1455.09 -8362.4
3624 -156.88 9110.93
3625 1666.22 8112.4
3626 2681.41 6182.68
3627 -27.96 9119.1
3628 -2180.39 7310.93
3629 -1753.52 7996.57
3630 2230.02 -7216.76
3631 -257 9096.7
3632 -491.98 -9036.04
3633 481.75 9039.49
3634 1201.61 -8610.38
3635 -2278.01 7122.47
3636 -2270.16 -7138.11
3637 3047.84 5010.44
3638 -1892.45 7796.11
3639 3114.85 -4745.89
3640 2885.22 5579.85
3641 2867.01 -5638.21
3642 -564.35 9009.57
3643 -1863.66 -7839.33
3644 1940.21 -7722.39
3645 3018.2 -5121.35
3646 2050.78 7541.7
3647 3325.99 3744.87
3648 -3646.27 259.431
3649 391.71 9066.63
3650 -93.66 9116.36
3651 2179.01 7313.5
3652 -1866.99 7834.38
3653 264.33 9095.39
3654 3519.17 2399.86
3655 -847.36 -8869.9
3656 -3555.65 2036.24
3657 -2083.96 7484.64
3658 1407.72 -8412.93
3659 -2406.84 -6852.54
3660 1887.34 7803.85
3661 -3379.71 3431.12
3662 2193.47 7286.44
3663 1167.11 8639.99
3664 -782.36 8907.15
3665 1986.4 7648.64
3666 -17.67 9119.26
3667 538.87 9019.31
3668 604.32 -8993.35
3669 805.98 8893.98
3670 611.69 -8990.23
3671 -305.72 9087.28
3672 408.53 9061.99
3673 -2530.52 6568.16
3674 1241.34 8575.08
3675 2128.2 -7406.42
3676 -1961.32 -7688.98
3677 1745.43 -8007.62
3678 -3251.6 4133.06
3679 1786.05 -7951.45
3680 -2433.52 6793.39
3681 340.18 -9079.62
3682 -1332.03 -8489.61
3683 2328.57 -7019.53
3684 1247.61 8569.39
3685 -307.82 -9086.84
3686 -2703.08 6123.42
3687 1048.03 -8734.87
3688 1073.64 8715.41
3689 1586.65 -8211.5
3690 2647.37 6273.7
3691 -1195.66 8615.56
3692 -611.22 8990.43
3693 3087.52 -4856.23
3694 1197.17 -8614.25
3695 -3016.53 5127.5
3696 3237.99 -4199.31
3697 -2925.26 -5448
3698 -270.68 9094.22
3699 -3172.55 4500.68
3700 -195.36 -9106.28
3701 290.85 9090.33
3702 -2718.67 6080.14
3703 -1639.4 -8146.48
3704 -1930.07 -7738.25
3705 -1185.02 -8624.74
3706 231.95 -9100.91
3707 1032.17 -8746.67
3708 383.64 9068.79
3709 237.46 9100.02
3710 -33.16 -9118.99
3711 -3250.29 -4139.5
3712 -1634.56 8152.56
3713 164.98 -9110.03
3714 1170.12 8637.44
3715 950.1 -8804.6
3716 3459.73 -2889.98
3717 461.08 -9046.22
3718 2642.69 6286.02
3719 -1437.68 -8381.2
3720 779.21 8908.87
3721 -2014.15 -7603.15
3722 -344.65 9078.57
3723 28.92 -9119.08
3724 -1553.51 8251.01
3725 1422.54 -8397.33
3726 51.57 -9118.45
3727 1979.07 7660.51
3728 1535.8 8271.7
3729 2639.45 6294.52
3730 3515.06 2437.22
3731 711 8944.46
3732 511.63 -9029.22
3733 -3289.08 3943.35
3734 -787.8 -8904.15
3735 2231.85 7213.23
3736 1257.8 -8560.08
3737 698.55 -8950.59
3738 -31.35 9119.03
3739 2240.78 7195.9
3740 -15.85 9119.28
3741 1984.2 -7652.21
3742 455.11 -9048.11
3743 3056.65 -4976.79
3744 -313.27 9085.67
3745 -1735.12 -8021.62
3746 -2278.77 7120.95
3747 -2802.98 -5835.96
3748 -121.82 -9114.28
3749 524.98 9024.43
3750 502.64 9032.37
3751 -834.02 8877.8
3752 -2232.77 7211.45
3753 2697.02 -6140.1
3754 2001.24 -7624.42
3755 -1953.39 -7701.59
3756 -74.55 -9117.46
3757 -1363.77 -8458.05
3758 -2852.63 5683.61
3759 -2429.92 -6801.44
3760 1434.61 -8384.49
3761 -3381.75 3418.53
3762 387.86 9067.67
3763 258.55 -9096.43
3764 1335.42 8486.28
3765 759.26 8919.63
3766 761.93 8918.21
3767 -1300.73 8519.89
3768 -3074.21 4908.72
3769 2466.71 6718.16
3770 -418.52 9059.14
3771 -1638.52 -8147.59
3772 3417.88 3186.05
3773 -1264.21 8554.18
3774 -1881.16 -7813.17
3775 2981.03 5255.66
3776 2651.95 6261.6
3777 -3172.67 4500.15
3778 -2398.69 6870.38
3779 2798.34 5849.86
3780 -3596.12 -1528.84
3781 -2948.14 -5370.36
3782 -387.93 9067.65
3783 1795.25 7938.49
3784 -2318.67 -7039.99
3785 -2913.39 -5487.61
3786 585.3 -9001.21
3787 101.98 -9115.8
3788 -2827.2 -5762.48
3789 -3019.1 -5118.04
3790 3107.58 4775.59
3791 -880.26 8849.86
3792 -764.92 8916.61
3793 2103.37 -7450.62
3794 -1252.71 -8564.74
3795 -3195.35 -4398.72
3796 -1396.55 8424.56
3797 1311.26 8509.79
3798 1893.68 -7794.24
3799 -1270.54 8548.31
3800 -1908.54 7771.55
3801 2925.7 -5446.52
3802 -2313.54 -7050.53
3803 -2189.45 -7293.99
3804 -1471.11 8344.87
3805 -3085.71 4863.41
3806 2720.27 6075.66
3807 -3026.74 -5089.76
3808 2230.3 -7216.22
3809 -2729.62 6049.39
3810 2375.56 -6920.43
3811 -3463.75 2859.73
3812 602.3 -8994.2
3813 2519.16 -6595.4
3814 2415.1 -6834.36
3815 -1562.74 -8240.11
3816 -2621.03 6342.44
3817 1482.22 -8332.57
3818 -1640.83 8144.68
3819 -1231.03 -8584.37
3820 670.95 8963.77
3821 -3068.15 -4932.36
3822 708.42 8945.74
3823 -1650.67 -8132.24
3824 -704.27 8947.79
3825 167.95 -9109.69
3826 3237.07 4203.74
3827 -1667.65 -8110.56
3828 1463.97 -8352.71
3829 -872.71 8854.53
3830 3510.92 2474.24
3831 -346.14 9078.22
3832 -1598.06 8197.66
3833 3332.24 3709.98
3834 2790.64 5872.81
3835 -398.33 -9064.83
3836 2633.57 -6309.89
3837 -2576.09 -6456.5
3838 -3252.64 -4127.94
3839 -645.55 -8975.42
3840 85.38 -9116.87
3841 -46.24 9118.63
3842 -1645.37 -8138.95
3843 537.56 9019.8
3844 -1588.5 8209.26
3845 -1219.74 8594.43
3846 -739.59 8929.96
3847 -1723.03 -8037.89
3848 704.79 8947.53
3849 1672.22 8104.68
3850 -2209.33 -7256.43
3851 -1686.6 -8086.03
3852 3172.16 -4502.4
3853 -1126.47 8673.64
3854 2147.67 -7371.21
3855 -3293.03 -3922.7
3856 -2129.53 -7404.03
3857 3194.72 4401.57
3858 1908.27 7771.97
3859 1034.62 -8744.86
3860 -2492.52 6658.36
3861 2498.88 -6643.44
3862 1399.84 8421.14
3863 1839.48 7874.95
3864 -3503.03 2543.17
3865 586.66 -9000.65
3866 782.68 -8906.97
3867 3077.65 4895.23
3868 -2499.23 6642.62
3869 -1254 8563.56
3870 -2334.02 -7008.21
3871 3223.71 -4267.43
3872 2923.26 5454.7
3873 -2823.59 -5773.53
3874 2416.22 -6831.88
3875 1989.15 7644.17
3876 2762.12 -5956.48
3877 527.23 9023.61
3878 654.52 8971.36
3879 -201.76 -9105.41
3880 3187.68 4433.36
3881 -2181.1 -7309.61
3882 -1215.11 8598.53
3883 3461.88 -2873.85
3884 152.89 9111.35
3885 2030.3 7576.25
3886 1446.13 -8372.11
3887 1575.95 -8224.37
3888 -1967.46 7679.17
3889 3228.44 -4245.02
3890 400 -9064.37
3891 667.68 8965.3
3892 536.84 9020.07
3893 -106.83 -9115.45
3894 -3563.64 1946.99
3895 3469.29 -2817.45
3896 -2756.96 5971.4
3897 -3509.8 2484.15
3898 2557.48 -6502.57
3899 -52.72 9118.41
3900 3243.01 -4175.03
3901 2220.9 7234.32
3902 -1510.57 -8300.69
3903 1434.32 -8384.8
3904 -1168.72 8638.63
3905 3130 -4683.18
3906 3313.76 3812.03
3907 -580.69 -9003.07
3908 405.48 -9062.85
3909 2142.16 7381.23
3910 1045.01 8737.14
3911 301.7 9088.12
3912 2093.32 7468.29
3913 340.98 -9079.44
3914 -2153.54 -7360.5
3915 1435.93 8383.08
3916 1518.92 -8291.16
3917 2548.17 -6525.38
3918 1152.12 8652.55
3919 2945.24 5380.3
3920 -1260.99 8557.15
3921 -1446.84 8371.35
3922 1569.51 -8232.06
3923 -3466.31 2840.28
3924 2296.57 -7085.12
3925 323.44 -9083.45
3926 -1016.22 -8758.34
3927 -2184.37 -7303.5
3928 1344.16 8477.65
3929 -3399.6 -3306.03
3930 1109.38 -8687.39
3931 63.04 -9118
3932 -2481.47 -6684.1
3933 -1280.76 -8538.77
3934 -241.73 -9099.32
3935 -2879.62 -5597.9
3936 2683.9 6175.93
3937 367.36 9073
3938 1458.17 -8359.05
3939 -113.84 9114.92
3940 2123.51 7414.83
3941 1238.2 -8577.92
3942 1406.6 8414.1
3943 -3421.55 -3161.34
3944 -2676.53 -6195.89
3945 2625.55 6330.75
3946 2103.58 -7450.25
3947 -283.01 9091.88
3948 758.04 -8920.28
3949 3634.75 769.115
3950 662.92 8967.51
3951 -1698.01 8071.1
3952 -892.87 -8841.96
3953 2163.51 -7342.21
3954 381.75 -9069.29
3955 1491.16 8322.6
3956 -3468.65 -2822.37
3957 -3428.99 3110.55
3958 -2510.5 -6616
3959 -756.86 -8920.91
3960 2613.69 6361.35
3961 -850.33 -8868.13
3962 222.85 -9102.33
3963 -3212.73 -4318.87
3964 -159.7 -9110.62
3965 946.02 -8807.35
3966 -1157.28 -8648.25
3967 -2176.91 7317.41
3968 2025.73 -7583.89
3969 -3207.95 4341.02
3970 -2190.4 7292.21
3971 -3443.1 3011.56
