%%index real_part   imaginary_part
4420 4420 4420
1 -1264.35 1730.12
2 -3851.96 833.591
3 -3199.04 1222.35
4 -4233.89 398.4
5 -2278.72 1539.27
6 -3935.76 762.609
7 -1167.37 1741.91
8 -171.61 1807.13
9 -2213.42 1555.73
10 -1036.65 1756.21
11 -2553.29 1462.54
12 -1219.86 1735.66
13 -51.1 1808.42
14 -326.59 1803.42
15 -845.23 1773.93
16 -1844.65 1637.1
17 -670.09 1786.87
18 -138.57 1807.63
19 -2375.58 1513.64
20 -1815.29 1642.79
21 -4119.24 570.077
22 -3624.76 994.881
23 -727.1 1782.99
24 -2449.52 1493.03
25 -852.45 1773.33
26 -1899.78 1626.12
27 -3168.74 1235.97
28 -4167.41 505.656
29 -701.79 1784.75
30 -3729.13 925.493
31 -3702.67 943.757
32 -1449.67 1704.7
33 -3241.09 1202.96
34 -2045.23 1595.19
35 -1343.56 1719.72
36 -663.33 1787.3
37 -1641 1674.31
38 -1994.46 1606.31
39 -834.95 1774.77
40 -3854.42 831.614
41 -2514.63 1474.12
42 -2871.76 1356.12
43 -217.8 1806.27
44 -2565.73 1458.76
45 -2681.87 1422.03
46 -546.55 1794.15
47 -3893.9 799.046
48 -3351.96 1149.01
49 -685.12 1785.88
50 -1929.48 1620.03
51 -310.78 1803.91
52 -4287.88 280.795
53 -1214.24 1736.34
54 -1037.88 1756.08
55 -1880.92 1629.92
56 -2066.7 1590.38
57 -2421.18 1501.04
58 -709.66 1784.21
59 -1377.63 1715.04
60 -3122.98 1256.03
61 -98.8 1808.08
62 -223.82 1806.14
63 -232.65 1805.95
64 -2823.41 1373.64
65 -2269.06 1541.75
66 -1059.73 1753.82
67 -2970.27 1318.77
68 -3910.06 785.226
69 -3054.19 1285.06
70 -3288.74 1180.3
71 -2908 1342.65
72 -712.34 1784.03
73 -1820.5 1641.79
74 -3125.8 1254.81
75 -3278.07 1185.44
76 -162.37 1807.28
77 -3672.35 964.105
78 -2831.97 1370.57
79 -2997.86 1307.89
80 -3840.99 842.333
81 -4244.98 377.356
82 -3308.64 1170.6
83 -3272.4 1188.16
84 -1119.22 1747.39
85 -6.52 1808.55
86 -813.32 1776.51
87 -2669.44 1426.08
88 -2427.71 1499.21
89 -1522.99 1693.56
90 -3530.6 1052.03
91 -1210.69 1736.77
92 -1105.31 1748.93
93 -3754.42 907.568
94 -926.86 1766.83
95 -3412.24 1117.78
96 -1683.48 1666.98
97 -1986.59 1608.01
98 -2042.51 1595.8
99 -737.06 1782.28
100 -184.31 1806.92
101 -474.77 1797.7
102 -3645.06 981.92
103 -380.17 1801.6
104 -2295.27 1535
105 -1914.38 1623.14
106 -3658.25 973.367
107 -1941.17 1617.61
108 -1246.73 1732.34
109 -1633.74 1675.55
110 -599.03 1791.24
111 -231.25 1805.98
112 -1022.24 1757.68
113 -3391.19 1128.84
114 -3503.65 1067.55
115 -2141.47 1573.11
116 -3397.71 1125.43
117 -4316.97 188.118
118 -4294.43 262.843
119 -968.94 1762.91
120 -983.48 1761.51
121 -2968.55 1319.44
122 -1663.15 1670.52
123 -2088.79 1585.36
124 -2382.98 1511.61
125 -2590.01 1451.29
126 -644.56 1788.5
127 -3549.98 1040.64
128 -4060.13 639.473
129 -2170.59 1566.17
130 -4287.05 282.987
131 -4244.44 378.409
132 -2645.37 1433.85
133 -3075.63 1276.15
134 -4108.13 583.829
135 -84.16 1808.21
136 -650.02 1788.15
137 -2909.9 1341.94
138 -1508.85 1695.76
139 -1380.27 1714.67
140 -203.65 1806.56
141 -1591.4 1682.61
142 -1611.52 1679.28
143 -709.41 1784.23
144 -642.59 1788.62
145 -775.17 1779.47
146 -2850.88 1363.75
147 -3523.83 1055.96
148 -752.15 1781.19
149 -2288.84 1536.66
150 -152.77 1807.43
151 -1735.63 1657.67
152 -917.39 1767.69
153 -1299.45 1725.6
154 -3307.95 1170.94
155 -2783.89 1387.57
156 -3372.98 1138.28
157 -3436.03 1105.05
158 -1993.88 1606.44
159 -3093.11 1268.8
160 -1266.62 1729.83
161 -1424.45 1708.38
162 -2481.07 1483.96
163 -3395.51 1126.59
164 -160.08 1807.32
165 -2249.21 1546.79
166 -2963.2 1321.53
167 -293.62 1804.4
168 -819.11 1776.05
169 -132.05 1807.71
170 -1673.9 1668.65
171 -506.28 1796.2
172 -1206.98 1737.22
173 -2768.94 1392.75
174 -1215.7 1736.16
175 -1849.57 1636.13
176 -3544.12 1044.1
177 -3550.1 1040.57
178 -516.92 1795.68
179 -3779.79 889.098
180 -1498.94 1697.28
181 -153.22 1807.42
182 -658.94 1787.59
183 -1899.86 1626.1
184 -1452.67 1704.25
185 -3450.41 1097.25
186 -343.75 1802.87
187 -485.65 1797.19
188 -2546.44 1464.61
189 -1821.15 1641.66
190 -3578.77 1023.38
191 -3296.59 1176.49
192 -2729.12 1406.33
193 -1203.36 1737.65
194 -1835.62 1638.86
195 -2372.73 1514.41
196 -3452.57 1096.07
197 -458.82 1798.42
198 -2666.35 1427.08
199 -3755.21 907.001
200 -74.4 1808.28
201 -3823.77 855.827
202 -4261.49 343.534
203 -764.9 1780.24
204 -2252.72 1545.9
205 -620.71 1789.96
206 -2097.99 1583.25
207 -940.36 1765.59
208 -4170.82 500.751
209 -2614.92 1443.51
210 -380.15 1801.6
211 -813.28 1776.52
212 -2768.14 1393.03
213 -522.61 1795.39
214 -2713.14 1411.69
215 -3704.33 942.625
216 -3973.03 728.285
217 -2540.42 1466.43
218 -4189.98 472.165
219 -1662.99 1670.54
220 -21.57 1808.53
221 -2912.27 1341.04
222 -103.1 1808.04
223 -2750.7 1399.01
224 -4115.64 574.573
225 -1938.73 1618.12
226 -783.43 1778.84
227 -2711.73 1412.16
228 -1881.07 1629.89
229 -2933.3 1333.06
230 -2126.94 1576.53
231 -1438.99 1706.27
232 -2417.08 1502.19
233 -1531.96 1692.16
234 -2203.89 1558.07
235 -4153.32 525.397
236 -2152.67 1570.46
237 -4301.89 240.734
238 -753.68 1781.07
239 -1983.49 1608.67
240 -2060.33 1591.81
241 -617.35 1790.16
242 -2796.78 1383.06
243 -4311.99 207
244 -1139.96 1745.06
245 -653.44 1787.94
246 -3676.32 961.475
247 -256.51 1805.39
248 -3193.86 1224.7
249 -3526.3 1054.53
250 -1919.51 1622.09
251 -2698.96 1416.4
252 -1582.1 1684.13
253 -2022.61 1600.19
254 -1109.66 1748.45
255 -841.26 1774.25
256 -3444.86 1100.27
257 -1376.61 1715.18
258 -3036.51 1292.32
259 -469.46 1797.94
260 -3793.43 878.955
261 -823.46 1775.7
262 -1908.45 1624.35
263 -1354.03 1718.3
264 -1838.94 1638.21
265 -3595.87 1012.92
266 -1167.35 1741.91
267 -3991.61 710.428
268 -3041.28 1290.37
269 -1921.03 1621.78
270 -1118.63 1747.46
271 -761.61 1780.49
272 -2021.9 1600.35
273 -3398.93 1124.79
274 -733.6 1782.53
275 -3161.87 1239.02
276 -4052.37 647.962
277 -69.92 1808.31
278 -3418.38 1114.51
279 -2906.24 1343.31
280 -3079.74 1274.43
281 -481.41 1797.39
282 -1265.2 1730.01
283 -4145.36 536.2
284 -1987.55 1607.8
285 -1858.38 1634.4
286 -646.62 1788.37
287 -575.93 1792.56
288 -2718.51 1409.9
289 -3683.14 956.933
290 -1045.39 1755.31
291 -2171.94 1565.84
292 -3990.12 711.879
293 -2953.85 1325.16
294 -3525.98 1054.71
295 -1489.06 1698.79
296 -1693.24 1665.26
297 -4176.85 491.947
298 -624.19 1789.75
299 -394.52 1801.06
300 -1757.89 1653.59
301 -1742.82 1656.36
302 -639.65 1788.8
303 -3779.79 889.098
304 -801.75 1777.43
305 -1373.25 1715.65
306 -2085.18 1586.19
307 -4337.65 65.6952
308 -926.69 1766.85
309 -647.09 1788.34
310 -2903.89 1344.19
311 -3489.95 1075.32
312 -1128.5 1746.35
313 -3652.61 977.037
314 -3295.32 1177.11
315 -3116.05 1259.02
316 -654.51 1787.87
317 -3941.94 757.047
318 -3691.99 950.993
319 -3373.02 1138.26
320 -2768.6 1392.87
321 -4220.9 421.651
322 -688.48 1785.65
323 -2418.72 1501.73
324 -2318.27 1528.98
325 -3697.98 946.944
326 -3391.3 1128.79
327 -4011.51 690.694
328 -3534.84 1049.55
329 -4015.5 686.657
330 -3889.55 802.715
331 -436.25 1799.39
332 -901.84 1769.08
333 -189.2 1806.83
334 -3699.56 945.872
335 -1187.12 1739.59
336 -1045.97 1755.25
337 -1444.75 1705.42
338 -1184.77 1739.87
339 -1972.66 1610.98
340 -2091.84 1584.66
341 -3572.18 1027.37
342 -1122.62 1747.01
343 -2703.86 1414.78
344 -2368.31 1515.61
345 -3901.46 792.617
346 -963.44 1763.43
347 -3022.82 1297.88
348 -2986.92 1312.23
349 -4138.95 544.728
350 -1539.36 1690.99
351 -1415.53 1709.67
352 -4019.85 682.224
353 -2227.84 1552.15
354 -3317.77 1166.11
355 -1998.13 1605.52
356 -1069.35 1752.8
357 -2369.08 1515.4
358 -1153.16 1743.55
359 -264.19 1805.19
360 -2044.58 1595.34
361 -702.72 1784.69
362 -700.44 1784.84
363 -2429.94 1498.58
364 -891.92 1769.95
365 -60 1808.37
366 -3617.06 999.735
367 -1937.9 1618.29
368 -988.27 1761.05
369 -461.83 1798.28
370 -3394.08 1127.33
371 -2563.63 1459.4
372 -4034.01 667.555
373 -4000.22 701.97
374 -927.5 1766.78
375 -2062.32 1591.37
376 -3561.68 1033.68
377 -1890.94 1627.9
378 -228.66 1806.04
379 -2208.61 1556.91
380 -1689.89 1665.85
381 -1768.02 1651.71
382 -3624.14 995.273
383 -1369.74 1716.13
384 -3479.39 1081.24
385 -2601.91 1447.59
386 -2851.39 1363.57
387 -208.74 1806.46
388 -630.99 1789.34
389 -4004.56 697.661
390 -4296.45 257.048
391 -2159.09 1568.93
392 -367.28 1802.06
393 -140.41 1807.6
394 -249.04 1805.57
395 -1259.2 1730.77
396 -4023.93 678.035
397 -3866.1 822.148
398 -2680.62 1422.44
399 -672.21 1786.73
400 -3811.46 865.307
401 -1734.71 1657.83
402 -3235.84 1205.41
403 -3505.47 1066.52
404 -1394.93 1712.61
405 -4163.34 511.443
406 -711.32 1784.1
407 -616.62 1790.21
408 -1714.28 1661.52
409 -423.5 1799.92
410 -2308.75 1531.48
411 -2887.69 1350.24
412 -2191.53 1561.1
413 -1592.89 1682.36
414 -4257.44 352.144
415 -814.44 1776.43
416 -3678.32 960.146
417 -2252.35 1546
418 -506.7 1796.18
419 -3792.84 879.397
420 -1916.91 1622.62
421 -463.15 1798.22
422 -1611.93 1679.21
423 -2284.19 1537.86
424 -603.56 1790.98
425 -1344.49 1719.6
426 -3026.92 1296.22
427 -287.49 1804.58
428 -354.12 1802.52
429 -1367.54 1716.44
430 -443.22 1799.09
431 -4165.58 508.267
432 -2585.77 1452.6
433 -3679.07 959.647
434 -2814.57 1376.78
435 -3464.23 1089.66
436 -2985.93 1312.62
437 -3009.41 1303.28
438 -3564.37 1032.07
439 -4183.74 481.676
440 -3432.92 1106.73
441 -1533.12 1691.97
442 -2731.43 1405.55
443 -767.97 1780.01
444 -3126.01 1254.72
445 -2132.39 1575.25
446 -1582.41 1684.08
447 -1947.85 1616.21
448 -44.75 1808.45
449 -2089.11 1585.29
450 -1400.69 1711.79
451 -1445.18 1705.36
452 -2035.78 1597.29
453 -2496.15 1479.57
454 -3729.38 925.318
455 -2122.86 1577.49
456 -3324.16 1162.94
457 -1899.82 1626.11
458 -1893.87 1627.31
459 -3678.28 960.172
460 -2750.88 1398.95
461 -2337.1 1524
462 -2987.38 1312.05
463 -996.66 1760.22
464 -1159.69 1742.8
465 -945.48 1765.12
466 -3944.41 754.811
467 -4145.62 535.85
468 -3954.89 745.229
469 -3168.78 1235.96
470 -3472.88 1084.87
471 -2531.33 1469.15
472 -361.9 1802.25
473 -1347.84 1719.14
474 -3299.3 1175.17
475 -2971.43 1318.32
476 -2963.75 1321.32
477 -541.71 1794.41
478 -579.28 1792.37
479 -2492.02 1480.77
480 -2114.34 1579.47
481 -1463.5 1702.64
482 -3937.21 761.309
483 -4150.12 529.768
484 -3959.65 740.828
485 -2810.11 1378.36
486 -1416.5 1709.53
487 -2943.81 1329.03
488 -369.93 1801.97
489 -3310.38 1169.75
490 -1765.62 1652.16
491 -2604.33 1446.83
492 -1307.48 1724.55
493 -413 1800.34
494 -3084.51 1272.43
495 -2467.17 1487.98
496 -1358.48 1717.69
497 -2688.92 1419.71
498 -1756.31 1653.88
499 -456.9 1798.5
500 -1517.7 1694.39
501 -372.72 1801.87
502 -2988.23 1311.71
503 -1363.12 1717.05
504 -1720.56 1660.39
505 -1947.54 1616.28
506 -4334.55 94.7797
507 -4167.83 505.054
508 -1972.77 1610.96
509 -57.36 1808.39
510 -2319.86 1528.57
511 -3570.64 1028.3
512 -1520.86 1693.89
513 -1917.07 1622.59
514 -2864.28 1358.87
515 -624.03 1789.76
516 -387.18 1801.34
517 -4280.79 298.987
518 -3051.36 1286.23
519 -240.63 1805.77
520 -3251.17 1198.23
521 -476.98 1797.59
522 -2328.48 1526.29
523 -218.65 1806.25
524 -373.51 1801.84
525 -1073 1752.42
526 -2169.34 1566.47
527 -1215.51 1736.19
528 -3761.92 902.16
529 -3409.17 1119.4
530 -1155.93 1743.24
531 -423.15 1799.93
532 -3265.41 1191.49
533 -4144.17 537.794
534 -1269.79 1729.43
535 -645.97 1788.41
536 -1235.23 1733.77
537 -747.87 1781.5
538 -473.81 1797.74
539 -2691.52 1418.86
540 -805.23 1777.15
541 -2793.67 1384.15
542 -1922.16 1621.54
543 -1809.61 1643.87
544 -4194.26 465.521
545 -4269.97 324.739
546 -1917.16 1622.57
547 -4064.96 634.123
548 -4210.76 438.9
549 -628.52 1789.49
550 -3789.11 882.184
551 -2605.45 1446.48
552 -589.03 1791.82
553 -1777.59 1649.93
554 -2307.62 1531.78
555 -446.06 1798.97
556 -2850.59 1363.86
557 -136.96 1807.65
558 -1661.57 1670.79
559 -1756.04 1653.93
560 -3029.65 1295.11
561 -2817.51 1375.74
562 -1662.71 1670.59
563 -1955.07 1614.7
564 -2105.2 1581.59
565 -2932.5 1333.37
566 -2084.56 1586.33
567 -3340.43 1154.82
568 -3680.37 958.781
569 -2041.89 1595.93
570 -1175.47 1740.97
571 -3969.12 731.977
572 -4319.08 179.513
573 -3097.64 1266.88
574 -922.25 1767.25
575 -4173.34 497.092
576 -2511.13 1475.16
577 -2839.41 1367.9
578 -3381.82 1133.71
579 -2381.89 1511.91
580 -3467.94 1087.61
581 -2830.93 1370.95
582 -130.86 1807.73
583 -3540.49 1046.24
584 -268.53 1805.08
585 -2438.48 1496.17
586 -3986.55 715.343
587 -2602.64 1447.36
588 -2058.96 1592.12
589 -1308.12 1724.46
590 -3842.2 841.374
591 -748.61 1781.45
592 -3609.15 1004.69
593 -648.43 1788.25
594 -2187.2 1562.15
595 -1374.35 1715.49
596 -3580.94 1022.06
597 -4271.77 320.603
598 -4198.3 459.155
599 -2404.83 1505.59
600 -1457.18 1703.59
601 -1033.78 1756.5
602 -1517.48 1694.42
603 -1436.27 1706.67
604 -3614.94 1001.06
605 -2439.73 1495.81
606 -1269.61 1729.45
607 -1786.07 1648.34
608 -939.15 1765.71
609 -4134.96 549.964
610 -3651.48 977.77
611 -3890.61 801.823
612 -2625.89 1440.05
613 -3782.34 887.213
614 -3091.1 1269.65
615 -2377.94 1512.99
616 -1364.34 1716.88
617 -2737.65 1403.45
618 -124.11 1807.81
619 -3423.3 1111.89
620 -3529.29 1052.79
621 -3966.31 734.617
622 -3655.43 975.205
623 -2281.97 1538.44
624 -274.75 1804.92
625 -1502.64 1696.72
626 -3139.84 1248.71
627 -3339.21 1155.43
628 -917.93 1767.64
629 -2998.15 1307.77
630 -887.56 1770.33
631 -2375.11 1513.76
632 -3515.45 1060.8
633 -2405.04 1505.54
634 -3294.9 1177.31
635 -2790.39 1385.3
636 -4328.3 135.584
637 -4048.04 652.644
638 -4059.98 639.638
639 -927.45 1766.78
640 -3843 840.74
641 -2854.98 1362.26
642 -478.06 1797.54
643 -2128.89 1576.07
644 -2297.32 1534.46
645 -3052.68 1285.69
646 -3990.36 711.646
647 -3145.18 1246.38
648 -933.85 1766.19
649 -4114.47 576.026
650 -2228.48 1551.99
651 -3946.66 752.766
652 -3224.3 1210.77
653 -1027.43 1757.15
654 -1888.63 1628.37
655 -2982.57 1313.94
656 -2013.59 1602.16
657 -688.48 1785.65
658 -1981.78 1609.04
659 -2415.04 1502.75
660 -3170.15 1235.35
661 -2352.87 1519.78
662 -450.16 1798.79
663 -2345.6 1521.73
664 -4241.43 384.224
665 -3228.58 1208.79
666 -795.99 1777.88
667 -4229.73 405.999
668 -2936.62 1331.79
669 -4339.49 39.2937
670 -817.18 1776.21
671 -2439.62 1495.85
672 -2854.47 1362.45
673 -778.76 1779.2
674 -228.52 1806.04
675 -295.31 1804.36
676 -3314.96 1167.49
677 -3702.4 943.941
678 -3440.49 1102.64
679 -4248.81 369.797
680 -3476.87 1082.65
681 -812.49 1776.58
682 -3339 1155.54
683 -2361.17 1517.54
684 -1839.92 1638.02
685 -887.63 1770.33
686 -1003.75 1759.53
687 -3853.52 832.338
688 -1059.63 1753.83
689 -2469.05 1487.44
690 -1928.56 1620.22
691 -4229.78 405.909
692 -4305.44 229.452
693 -1862.24 1633.64
694 -2235.38 1550.27
695 -4206.88 445.313
696 -750.83 1781.28
697 -2514.89 1474.05
698 -4096.61 597.717
699 -3687.45 954.046
700 -2514.38 1474.2
701 -57.32 1808.39
702 -1787.08 1648.15
703 -1028.85 1757.01
704 -319.6 1803.64
705 -1499.12 1697.26
706 -1324.16 1722.33
707 -3634.57 988.648
708 -861.52 1772.57
709 -424.65 1799.87
710 -3026.9 1296.22
711 -3821.91 857.268
712 -1237.14 1733.53
713 -2025.9 1599.47
714 -1326.6 1722.01
715 -3077.07 1275.55
716 -2397.06 1507.74
717 -1813.87 1643.06
718 -2074.11 1588.7
719 -3456.69 1093.81
720 -3766.45 898.873
721 -4002.67 699.541
722 -3346.48 1151.78
723 -3731.89 923.56
724 -1524.92 1693.26
725 -1241.86 1732.95
726 -3598.77 1011.13
727 -1759.27 1653.33
728 -3756.76 905.886
729 -2838.91 1368.08
730 -1106.72 1748.77
731 -1931.14 1619.69
732 -2896.23 1347.06
733 -2377.32 1513.16
734 -2443.52 1494.74
735 -3215.83 1214.67
736 -3359.96 1144.94
737 -3767.68 897.977
738 -1993.92 1606.43
739 -3705 942.168
740 -4192.34 468.514
741 -164.35 1807.25
742 -3186.91 1227.84
743 -1089.48 1750.65
744 -2190.25 1561.41
745 -3997.04 705.108
746 -3650.07 978.684
747 -4070.83 627.552
748 -1470.91 1701.54
749 -1384.18 1714.12
750 -3187.53 1227.56
751 -897.36 1769.48
752 -1046.86 1755.16
753 -1677.53 1668.02
754 -4112.78 578.118
755 -2055.3 1592.94
756 -2402.91 1506.13
757 -3371.55 1139.01
758 -3298.09 1175.76
759 -1303.19 1725.11
760 -1870.46 1632.01
761 -3888.33 803.741
762 -2717.86 1410.11
763 -4250.21 366.994
764 -1925.66 1620.82
765 -821.38 1775.87
766 -2609.57 1445.19
767 -429.14 1799.69
768 -249.06 1805.57
769 -4087.01 609.02
770 -4134.15 551.02
771 -101.4 1808.05
772 -4251.36 364.674
773 -2464.58 1488.73
774 -674.41 1786.58
775 -1585.14 1683.63
776 -2121.62 1577.78
777 -4324.48 155.311
778 -1315.97 1723.42
779 -3076.06 1275.97
780 -852.19 1773.35
781 -3987.02 714.889
782 -3456.94 1093.67
783 -1899.05 1626.26
784 -1324.55 1722.28
785 -3229.72 1208.26
786 -3437.87 1104.06
787 -3727.47 926.653
788 -1744.8 1655.99
789 -2395.96 1508.05
790 -690.66 1785.51
791 -3615.26 1000.86
792 -1427.81 1707.9
793 -3408.52 1119.75
794 -3009 1303.44
795 -3353.47 1148.24
796 -3713.42 936.395
797 -762.09 1780.45
798 -3266.14 1191.14
799 -3962.49 738.187
800 -509.1 1796.06
801 -3060.29 1282.54
802 -3547.41 1042.16
803 -420.47 1800.04
804 -668.39 1786.98
805 -4221.82 420.049
806 -1489.13 1698.78
807 -2790.02 1385.43
808 -3689.83 952.448
809 -2288.62 1536.72
810 -1009.6 1758.94
811 -202.02 1806.59
812 -1935.65 1618.76
813 -126.54 1807.78
814 -1584.59 1683.72
815 -3260.2 1193.96
816 -2839.79 1367.76
817 -682.46 1786.05
818 -2131.19 1575.53
819 -244.59 1805.67
820 -2561.94 1459.91
821 -2305.38 1532.36
822 -3343.37 1153.34
823 -3989.75 712.239
824 -1373.9 1715.56
825 -2012.37 1602.43
826 -2486.75 1482.31
827 -747.33 1781.54
828 -2774.46 1390.85
829 -1412.89 1710.05
830 -4193.34 466.958
831 -2767.09 1393.39
832 -3956.7 743.559
833 -3400.75 1123.84
834 -2671.08 1425.55
835 -285.09 1804.64
836 -3282.58 1183.27
837 -4160.21 515.846
838 -2558.63 1460.92
839 -2115.93 1579.1
840 -2108.83 1580.75
841 -3568.23 1029.75
842 -2317.95 1529.07
843 -4044.48 656.465
844 -3178.3 1231.7
845 -3902.54 791.694
846 -2448.21 1493.41
847 -1678.09 1667.92
848 -4068.52 630.147
849 -239.4 1805.79
850 -1922.68 1621.44
851 -1773.98 1650.6
852 -2544.78 1465.11
853 -926.05 1766.91
854 -907.25 1768.6
855 -3402.21 1123.07
856 -2421.95 1500.82
857 -2877.52 1354
858 -3633.06 989.611
859 -339.93 1802.99
860 -3773.93 893.409
861 -3486.4 1077.31
862 -3107.02 1262.88
863 -3390.63 1129.14
864 -2030.67 1598.42
865 -1438.1 1706.4
866 -3159.25 1240.18
867 -973.25 1762.5
868 -741.83 1781.94
869 -861.4 1772.58
870 -2572.7 1456.62
871 -2850.67 1363.83
872 -3913.16 782.54
873 -550.65 1793.94
874 -2038.67 1596.65
875 -2751.46 1398.76
876 -3936.71 761.757
877 -3970.4 730.771
878 -3913.07 782.618
879 -3665.23 968.798
880 -3693.33 950.09
881 -979.27 1761.92
882 -582.73 1792.17
883 -1381.63 1714.48
884 -1388.84 1713.47
885 -973.51 1762.47
886 -4267.36 330.642
887 -3294.31 1177.6
888 -3851.03 834.336
889 -3560.42 1034.43
890 -3634.25 988.852
891 -2768.49 1392.91
892 -2190.34 1561.39
893 -2401.27 1506.58
894 -1819.12 1642.05
895 -4221.02 421.443
896 -3322.9 1163.57
897 -121.89 1807.83
898 -337.79 1803.06
899 -4064.73 634.379
900 -983.3 1761.53
901 -2910.5 1341.71
902 -2058.92 1592.13
903 -556.46 1793.62
904 -2944.67 1328.7
905 -3581.12 1021.95
906 -2791.44 1384.93
907 -2541.39 1466.13
908 -3211.52 1216.65
909 -1848.03 1636.44
910 -1350.14 1718.83
911 -2048.37 1594.49
912 -2827.3 1372.25
913 -1932.88 1619.33
914 -3430.01 1108.29
915 -3699.66 945.804
916 -2389.91 1509.71
917 -3357.37 1146.26
918 -2653.98 1431.08
919 -1900.94 1625.88
920 -2061.32 1591.59
921 -1948.23 1616.13
922 -329.43 1803.33
923 -3735.18 921.248
924 -3833.02 848.612
925 -1632.08 1675.83
926 -3099.72 1266
927 -2299.44 1533.91
928 -1237.49 1733.49
929 -2921.04 1337.73
930 -2024.18 1599.85
931 -1704.31 1663.3
932 -1491.54 1698.42
933 -3566.62 1030.72
934 -1744.29 1656.09
935 -3919.73 776.811
936 -2291.26 1536.04
937 -195.73 1806.71
938 -2121.12 1577.89
939 -1162.79 1742.44
940 -1527.28 1692.89
941 -2954.79 1324.8
942 -2694.68 1417.82
943 -14.58 1808.54
944 -31.19 1808.5
945 -1784.69 1648.6
946 -3197.77 1222.92
947 -2421.1 1501.06
948 -285.59 1804.63
949 -1511.75 1695.31
950 -3805.56 869.804
951 -1830.43 1639.87
952 -3459.98 1092
953 -4135 549.912
954 -1225.61 1734.95
955 -2436.52 1496.72
956 -910.6 1768.3
957 -4325.34 151.096
958 -395.97 1801.01
959 -2148.09 1571.54
960 -2906.38 1343.26
961 -1903.67 1625.33
962 -3852.41 833.23
963 -3881.44 809.502
964 -613.81 1790.37
965 -1256.7 1731.09
966 -3461.17 1091.35
967 -2905.08 1343.75
968 -935.96 1766
969 -725.82 1783.08
970 -3551.39 1039.81
971 -2463.24 1489.11
972 -3164.13 1238.02
973 -1906.07 1624.84
974 -1961.35 1613.38
975 -3195.32 1224.04
976 -3174.29 1233.5
977 -819.12 1776.05
978 -1276.42 1728.58
979 -3459.88 1092.06
980 -1814.39 1642.96
981 -741.98 1781.93
982 -433.83 1799.49
983 -417.89 1800.15
984 -20.5 1808.53
985 -1659.44 1671.16
986 -2854.41 1362.47
987 -931.1 1766.45
988 -1128.3 1746.38
989 -2733.9 1404.72
990 -2562.72 1459.67
991 -3518.2 1059.21
992 -297.57 1804.29
993 -1558.65 1687.92
994 -2543.16 1465.6
995 -911.39 1768.23
996 -2298.87 1534.06
997 -1147.86 1744.16
998 -3816.47 861.465
999 -2718.35 1409.95
1000 -1873.68 1631.37
1001 -2511.38 1475.08
1002 -325.12 1803.47
1003 -181.33 1806.97
1004 -77.45 1808.26
1005 -1769.99 1651.35
1006 -3376.65 1136.39
1007 -3251.74 1197.96
1008 -2072.63 1589.04
1009 -4136.59 547.832
1010 -1855.14 1635.04
1011 -3887.02 804.84
1012 -22.09 1808.52
1013 -2288.97 1536.63
1014 -4304.91 231.172
1015 -42.6 1808.46
1016 -3431.94 1107.26
1017 -2302.84 1533.03
1018 -457.22 1798.49
1019 -4043.76 657.234
1020 -696.75 1785.09
1021 -2503.46 1477.42
1022 -3221.97 1211.85
1023 -477.84 1797.55
1024 -4062.11 637.286
1025 -908.65 1768.47
1026 -872.75 1771.61
1027 -1504.51 1696.43
1028 -2056.51 1592.67
1029 -4172.74 497.966
1030 -3706.38 941.225
1031 -3413.71 1117
1032 -2344.12 1522.13
1033 -4031.5 670.183
1034 -3595.04 1013.43
1035 -2421.58 1500.93
1036 -1461.49 1702.94
1037 -2631.69 1438.21
1038 -816.84 1776.23
1039 -3534.12 1049.97
1040 -1911.8 1623.67
1041 -2155.51 1569.78
1042 -2564.66 1459.08
1043 -1933.9 1619.12
1044 -3928 769.524
1045 -2013.09 1602.27
1046 -1976.5 1610.16
1047 -2503.46 1477.42
1048 -4315.94 192.177
1049 -1917.24 1622.55
1050 -2207.23 1557.25
1051 -156.21 1807.38
1052 -80.71 1808.23
1053 -572.72 1792.74
1054 -117.57 1807.88
1055 -3626.34 993.881
1056 -1481.37 1699.96
1057 -990.33 1760.84
1058 -274.37 1804.93
1059 -3021.41 1298.45
1060 -306.59 1804.03
1061 -3980.76 720.92
1062 -2095.12 1583.91
1063 -2650.72 1432.13
1064 -3672.26 964.165
1065 -833.69 1774.87
1066 -215.82 1806.31
1067 -277.28 1804.85
1068 -2948.9 1327.07
1069 -516.18 1795.71
1070 -3294.92 1177.3
1071 -520.71 1795.49
1072 -2671.69 1425.35
1073 -1519.59 1694.09
1074 -2454.61 1491.58
1075 -1743.22 1656.28
1076 -3016.2 1300.55
1077 -3914.63 781.263
1078 -4246.68 374.021
1079 -2992.14 1310.16
1080 -1491.87 1698.36
1081 -2113.91 1579.57
1082 -2631.87 1438.15
1083 -1572.58 1685.68
1084 -2170.15 1566.27
1085 -2749.45 1399.44
1086 -342.45 1802.91
1087 -3135.05 1250.8
1088 -3223.3 1211.23
1089 -616.82 1790.19
1090 -1816.46 1642.56
1091 -3529.89 1052.44
1092 -257.58 1805.36
1093 -3395.1 1126.8
1094 -1324.13 1722.34
1095 -3413.37 1117.18
1096 -4228.79 407.695
1097 -1023.47 1757.55
1098 -3690.65 951.896
1099 -2837.7 1368.52
1100 -1539.66 1690.94
1101 -2645.57 1433.78
1102 -3358.41 1145.73
1103 -3694.87 949.049
1104 -3648.68 979.583
1105 -956.54 1764.09
1106 1098.09 1749.72
1107 2324.89 1527.24
1108 531.17 1794.95
1109 1004.78 1759.42
1110 460.55 1798.34
1111 2023.04 1600.1
1112 2602.21 1447.49
1113 3092.43 1269.09
1114 3079.15 1274.68
1115 432.37 1799.55
1116 985.4 1761.33
1117 3421.6 1112.8
1118 3050.94 1286.4
1119 3692.22 950.838
1120 3521.94 1057.05
1121 10.92 1808.54
1122 2365.63 1516.34
1123 3263.05 1192.61
1124 3406.02 1121.07
1125 3689.77 952.488
1126 2336.42 1524.18
1127 3294.82 1177.35
1128 373.24 1801.85
1129 1687.07 1666.35
1130 1276.04 1728.63
1131 1396.42 1712.4
1132 4332.64 108.891
1133 294.45 1804.38
1134 751.3 1781.25
1135 3641.33 984.32
1136 1250.99 1731.8
1137 1849.39 1636.17
1138 1109.74 1748.44
1139 1265.68 1729.95
1140 2854.17 1362.56
1141 1570.29 1686.05
1142 3288.72 1180.31
1143 599.91 1791.19
1144 4146.24 535.017
1145 1511.39 1695.37
1146 515.8 1795.73
1147 275.16 1804.91
1148 76.51 1808.27
1149 3566.74 1030.64
1150 3967.38 733.613
1151 3598.46 1011.32
1152 3577.66 1024.05
1153 1993.02 1606.62
1154 2521.51 1472.08
1155 2127.2 1576.47
1156 826.31 1775.47
1157 517.93 1795.63
1158 565.54 1793.13
1159 683.07 1786.01
1160 2205 1557.8
1161 1841.58 1637.7
1162 2079.5 1587.48
1163 1681.16 1667.38
1164 1619.55 1677.94
1165 2314.32 1530.02
1166 466.01 1798.09
1167 2354.06 1519.46
1168 4163.71 510.92
1169 1575.75 1685.16
1170 3619.74 998.049
1171 2161.41 1568.37
1172 3146.05 1246
1173 2051.99 1593.68
1174 2244.84 1547.89
1175 2435.81 1496.92
1176 3563.38 1032.66
1177 2760.64 1395.61
1178 2710.98 1412.41
1179 3639.9 985.238
1180 1470.9 1701.54
1181 2338.36 1523.66
1182 2381.88 1511.92
1183 192.08 1806.78
1184 3814.9 862.672
1185 563.39 1793.25
1186 2319.28 1528.72
1187 4124.73 563.143
1188 564.84 1793.17
1189 2368.35 1515.6
1190 467.81 1798.01
1191 2253.36 1545.74
1192 4209.93 440.28
1193 2030.83 1598.38
1194 3934.52 763.719
1195 973.01 1762.52
1196 5.15 1808.55
1197 3884.06 807.317
1198 2810.59 1378.19
1199 3652.38 977.187
1200 1119.81 1747.32
1201 2090.34 1585.01
1202 1473.79 1701.1
1203 3749.38 911.178
1204 3625.85 994.191
1205 3718.63 932.799
1206 1845.2 1636.99
1207 2849.23 1364.35
1208 1622.79 1677.39
1209 216.18 1806.3
1210 1632.65 1675.73
1211 3093.69 1268.55
1212 2038.06 1596.78
1213 4014.53 687.641
1214 3285.77 1181.73
1215 996.49 1760.24
1216 4061.44 638.027
1217 748.58 1781.45
1218 781.22 1779.01
1219 286.28 1804.61
1220 3116.93 1258.64
1221 732.55 1782.6
1222 2539.64 1466.66
1223 2986.86 1312.25
1224 2763.38 1394.67
1225 1617.69 1678.25
1226 3443.39 1101.07
1227 2252.05 1546.07
1228 645.27 1788.45
1229 1913.99 1623.22
1230 1564.44 1686.99
1231 1248.6 1732.1
1232 3487.85 1076.5
1233 2521.75 1472.01
1234 657.99 1787.65
1235 2773.7 1391.11
1236 1383.91 1714.16
1237 1986.71 1607.98
1238 766.45 1780.13
1239 2490.22 1481.3
1240 1686.41 1666.46
1241 1882.63 1629.58
1242 1243.92 1732.69
1243 3207.99 1218.27
1244 1040.68 1755.8
1245 4013.21 688.977
1246 4204.48 449.231
1247 762.13 1780.45
1248 421.79 1799.99
1249 645.71 1788.42
1250 531.93 1794.92
1251 3538.72 1047.28
1252 1378.26 1714.95
1253 2555.1 1461.99
1254 1669.11 1669.48
1255 3625.17 994.622
1256 3656.31 974.632
1257 772.5 1779.67
1258 1537.22 1691.33
1259 4301.58 241.694
1260 2170.01 1566.31
1261 2585.18 1452.78
1262 1210.18 1736.83
1263 1317.86 1723.17
1264 250.46 1805.53
1265 1351.69 1718.62
1266 3575.08 1025.62
1267 1634.37 1675.44
1268 3338.4 1155.84
1269 3825.06 854.825
1270 4124.59 563.321
1271 168.33 1807.19
1272 1367.69 1716.42
1273 512.03 1795.92
1274 3376.33 1136.55
1275 2408.37 1504.61
1276 185.25 1806.9
1277 3240.81 1203.09
1278 2654.02 1431.07
1279 607.04 1790.77
1280 3886.52 805.259
1281 3185.96 1228.26
1282 3629.29 992.01
1283 408.31 1800.53
1284 1401.06 1711.74
1285 958.4 1763.91
1286 4033.48 668.111
1287 717.37 1783.68
1288 1214.42 1736.32
1289 714.22 1783.9
1290 678.95 1786.29
1291 2867.96 1357.52
1292 3299.41 1175.12
1293 1372.65 1715.73
1294 3669.34 966.093
1295 3549.87 1040.71
1296 2724.35 1407.94
1297 2904.43 1343.99
1298 327.76 1803.38
1299 1206.27 1737.3
1300 1873.01 1631.5
1301 3935.87 762.511
1302 1374.61 1715.46
1303 3240.7 1203.14
1304 107.91 1807.99
1305 410.94 1800.42
1306 792.59 1778.14
1307 4116.68 573.278
1308 3135.27 1250.7
1309 3446.62 1099.31
1310 4207.24 444.722
1311 2165.32 1567.43
1312 1776.1 1650.21
1313 3496.53 1071.6
1314 2573.63 1456.34
1315 3177.16 1232.22
1316 3938.45 760.194
1317 1750.63 1654.93
1318 3378.05 1135.66
1319 296.4 1804.33
1320 2464.85 1488.65
1321 3540.52 1046.22
1322 2647.88 1433.04
1323 907.78 1768.55
1324 573.17 1792.71
1325 1977.22 1610.01
1326 3941.17 757.743
1327 2781.04 1388.56
1328 541.65 1794.41
1329 4268.93 327.104
1330 3987.32 714.598
1331 2414.66 1502.86
1332 3348.33 1150.84
1333 1021.93 1757.71
1334 798.88 1777.65
1335 3456.24 1094.06
1336 916.39 1767.78
1337 1591.48 1682.59
1338 2716.44 1410.59
1339 4051.66 648.732
1340 181.62 1806.96
1341 2583.68 1453.24
1342 1876.98 1630.71
1343 1957.72 1614.14
1344 1223.74 1735.18
1345 3934.13 764.068
1346 278.4 1804.82
1347 305.71 1804.06
1348 1344.76 1719.56
1349 3139.97 1248.66
1350 85.63 1808.2
1351 3293.14 1178.16
1352 1824.01 1641.11
1353 2733.51 1404.85
1354 4200.92 454.976
1355 2397.18 1507.71
1356 370.74 1801.94
1357 3802.1 872.427
1358 838.23 1774.5
1359 395.91 1801.01
1360 3214.55 1215.26
1361 485.55 1797.2
1362 2294.1 1535.3
1363 2222.88 1553.38
1364 991 1760.78
1365 3092.98 1268.85
1366 822.64 1775.77
1367 1907.39 1624.57
1368 4167.98 504.839
1369 3539.08 1047.07
1370 1102.57 1749.23
1371 3833.12 848.534
1372 1266.29 1729.87
1373 2463.08 1489.16
1374 934.36 1766.15
1375 1973.55 1610.79
1376 2057.21 1592.51
1377 696.28 1785.13
1378 1762.78 1652.68
1379 2885.5 1351.05
1380 3836.25 846.075
1381 1848.42 1636.36
1382 1322.16 1722.6
1383 1320.26 1722.85
1384 241.93 1805.74
1385 666.6 1787.09
1386 3200.97 1221.47
1387 96.19 1808.1
1388 128.7 1807.75
1389 3522.72 1056.6
1390 492.11 1796.89
1391 2826.78 1372.43
1392 4008.27 693.952
1393 2786.21 1386.76
1394 709.66 1784.21
1395 142.79 1807.57
1396 1022.71 1757.63
1397 1015.83 1758.32
1398 1533.7 1691.88
1399 334.22 1803.18
1400 4038.43 662.899
1401 2636.27 1436.75
1402 3650.86 978.172
1403 964.72 1763.31
1404 759.35 1780.66
1405 245.23 1805.66
1406 2421.79 1500.87
1407 2300.09 1533.74
1408 941.51 1765.49
1409 4184.58 480.407
1410 329.11 1803.34
1411 437.77 1799.33
1412 1176.52 1740.84
1413 1651.27 1672.56
1414 1241.55 1732.98
1415 901.97 1769.07
1416 2317.87 1529.09
1417 102.52 1808.04
1418 998.17 1760.08
1419 1930.1 1619.91
1420 3625.24 994.577
1421 973.8 1762.44
1422 416.88 1800.19
1423 2777.03 1389.95
1424 3243.53 1201.82
1425 610.06 1790.6
1426 2919.82 1338.19
1427 4266.24 333.141
1428 1625.89 1676.87
1429 113.52 1807.93
1430 4083.98 612.539
1431 807.85 1776.95
1432 2749.8 1399.32
1433 3394.85 1126.93
1434 1256.09 1731.16
1435 2992.67 1309.95
1436 3640.08 985.122
1437 3677.89 960.432
1438 952.76 1764.44
1439 4065.11 633.956
1440 3005.99 1304.65
1441 765.39 1780.21
1442 162.88 1807.27
1443 4182.51 483.527
1444 2416.66 1502.3
1445 887.96 1770.3
1446 744.48 1781.75
1447 394.54 1801.06
1448 990.48 1760.83
1449 1226.17 1734.88
1450 1808.16 1644.15
1451 275.73 1804.89
1452 2199.97 1559.03
1453 2225.04 1552.85
1454 2536.28 1467.67
1455 1103.5 1749.12
1456 2318.62 1528.89
1457 1116.11 1747.73
1458 513.27 1795.86
1459 3428.04 1109.35
1460 713.15 1783.97
1461 4080.77 616.242
1462 4235.89 394.692
1463 2946.47 1328.01
1464 3135.62 1250.55
1465 1151.98 1743.69
1466 1599.15 1681.33
1467 1919.22 1622.15
1468 4313.39 201.872
1469 2035.43 1597.37
1470 1644.34 1673.75
1471 2462.9 1489.21
1472 2800.83 1381.64
1473 1290.74 1726.73
1474 2305.41 1532.36
1475 361.01 1802.28
1476 2178.7 1564.21
1477 2533.42 1468.53
1478 239.07 1805.8
1479 2652.71 1431.49
1480 3759.59 903.845
1481 2047.23 1594.75
1482 2411.96 1503.61
1483 1103.09 1749.17
1484 3755.79 906.584
1485 608.24 1790.7
1486 2206.59 1557.41
1487 1734.42 1657.89
1488 1207.87 1737.11
1489 2203.38 1558.2
1490 305.98 1804.05
1491 1921.03 1621.78
1492 1944.16 1616.98
1493 201.87 1806.59
1494 527.5 1795.14
1495 223.3 1806.15
1496 837.37 1774.57
1497 1610.17 1679.5
1498 2142.53 1572.86
1499 294.29 1804.39
1500 3129.13 1253.37
1501 3270.39 1189.12
1502 2757.19 1396.8
1503 1073.48 1752.36
1504 4044.65 656.283
1505 722.61 1783.31
1506 1434.49 1706.93
1507 1366.88 1716.53
1508 2739.55 1402.81
1509 1673.57 1668.71
1510 4019.59 682.49
1511 1642.66 1674.03
1512 3720.8 931.296
1513 2091.55 1584.73
1514 2745.75 1400.7
1515 3136.6 1250.13
1516 2183.31 1563.1
1517 95.87 1808.11
1518 14.54 1808.54
1519 3391.19 1128.84
1520 2299.25 1533.96
1521 320.52 1803.61
1522 972.22 1762.6
1523 3726.93 927.03
1524 5.91 1808.55
1525 983.24 1761.53
1526 3950.24 749.499
1527 843.28 1774.09
1528 2076.94 1588.06
1529 1236.29 1733.64
1530 621.09 1789.94
1531 866.07 1772.18
1532 3990.2 711.802
1533 3378.29 1135.54
1534 1939.55 1617.94
1535 3694.85 949.063
1536 3584.42 1019.94
1537 3374.04 1137.73
1538 205.25 1806.52
1539 1467.49 1702.05
1540 191.13 1806.79
1541 4224.84 414.744
1542 3110.15 1261.55
1543 3911.94 783.598
1544 1459.91 1703.18
1545 1515.91 1694.66
1546 2192.06 1560.97
1547 3643.23 983.099
1548 1611.78 1679.24
1549 2206.6 1557.41
1550 2177.94 1564.4
1551 3911.03 784.387
1552 2527.12 1470.41
1553 2633.68 1437.58
1554 3297.97 1175.82
1555 2533.03 1468.64
1556 3616.92 999.823
1557 2391.73 1509.21
1558 2859.83 1360.49
1559 1353.86 1718.32
1560 3628.02 992.816
1561 3480.93 1080.38
1562 2219.93 1554.12
1563 2761.74 1395.23
1564 2002.74 1604.52
1565 3643 983.247
1566 2116.59 1578.95
1567 730.68 1782.74
1568 2160.57 1568.57
1569 2321.85 1528.04
1570 2198.17 1559.48
1571 2351.7 1520.1
1572 1690.21 1665.79
1573 968.32 1762.97
1574 1923.64 1621.24
1575 2633.65 1437.59
1576 2484.23 1483.04
1577 4115.7 574.499
1578 1420.4 1708.97
1579 4096.01 598.431
1580 1982.3 1608.92
1581 3598.34 1011.39
1582 3150.57 1244.01
1583 3992.94 709.129
1584 1892.02 1627.69
1585 1592.06 1682.5
1586 1669.49 1669.42
1587 652.46 1788
1588 3983.79 718.008
1589 189.33 1806.83
1590 2006.33 1603.74
1591 2755.33 1397.43
1592 3153.78 1242.6
1593 3709.78 938.897
1594 1177.07 1740.78
1595 300.04 1804.22
1596 2496.31 1479.52
1597 2777.18 1389.9
1598 1030.72 1756.82
1599 316.88 1803.72
1600 242.55 1805.72
1601 3228.89 1208.64
1602 2668.58 1426.36
1603 1416.29 1709.56
1604 3680.73 958.541
1605 252.23 1805.49
1606 4049.94 650.594
1607 1824.97 1640.92
1608 3851.45 834
1609 1130.34 1746.15
1610 1064.5 1753.32
1611 977.28 1762.11
1612 4212.2 436.494
1613 3698.59 946.53
1614 630.22 1789.38
1615 1764.22 1652.42
1616 950.65 1764.64
1617 2299.72 1533.84
1618 1900.2 1626.03
1619 77.96 1808.26
1620 1972.57 1611
1621 3906.53 788.27
1622 2316.81 1529.37
1623 269.87 1805.05
1624 2759.84 1395.89
1625 2977.4 1315.98
1626 53.43 1808.41
1627 916.15 1767.8
1628 1414.59 1709.81
1629 567.67 1793.01
1630 1233.03 1734.04
1631 1140.66 1744.98
1632 3280.08 1184.47
1633 3901.61 792.489
1634 2556.95 1461.43
1635 2620.81 1441.66
1636 3637.36 986.865
1637 2266.89 1542.3
1638 3929.3 768.371
1639 3148.82 1244.78
1640 2880.75 1352.81
1641 653.81 1787.91
1642 4126.1 561.398
1643 2752.95 1398.25
1644 12.4 1808.54
1645 4239.84 387.259
1646 4000.69 701.505
1647 446.58 1798.95
1648 1683.08 1667.05
1649 1560.9 1687.56
1650 524.54 1795.29
1651 3139.17 1249.01
1652 610.95 1790.54
1653 2324.88 1527.24
1654 2892.56 1348.43
1655 2854.31 1362.51
1656 962.28 1763.54
1657 2945.99 1328.19
1658 3253.98 1196.91
1659 2376.87 1513.28
1660 3513.66 1061.83
1661 147.01 1807.51
1662 3517.54 1059.59
1663 2453.74 1491.83
1664 3532.15 1051.12
1665 1218.01 1735.88
1666 218.08 1806.26
1667 2313.03 1530.36
1668 2968.43 1319.49
1669 4147.38 533.481
1670 1121.85 1747.1
1671 1509.18 1695.71
1672 4284.71 289.074
1673 391.47 1801.18
1674 3745.66 913.831
1675 4297.12 255.096
1676 4114.84 575.567
1677 3406.35 1120.89
1678 4227.22 410.512
1679 1457.92 1703.48
1680 110.77 1807.96
1681 4235.28 395.827
1682 257.1 1805.37
1683 205.25 1806.52
1684 2220.16 1554.06
1685 2633.18 1437.74
1686 3059.56 1282.84
1687 3182.45 1229.84
1688 1239.18 1733.28
1689 1973.55 1610.79
1690 702.84 1784.68
1691 4236.36 393.815
1692 1604.08 1680.52
1693 3703.9 942.919
1694 1833.63 1639.25
1695 796.23 1777.86
1696 581.92 1792.22
1697 2051.71 1593.75
1698 2592.79 1450.43
1699 3550.35 1040.42
1700 1859.09 1634.26
1701 3714.64 935.555
1702 203.05 1806.57
1703 1803.81 1644.98
1704 3589.64 1016.75
1705 3948.71 750.897
1706 1244.45 1732.62
1707 3364.48 1142.63
1708 2498.59 1478.85
1709 1131.67 1746
1710 4305.92 227.883
1711 2092.88 1584.43
1712 510.47 1796
1713 4046.54 654.257
1714 2298.13 1534.25
1715 2730.64 1405.82
1716 2339.73 1523.3
1717 501.22 1796.45
1718 1056.61 1754.14
1719 3062.43 1281.65
1720 2474.77 1485.79
1721 1759.45 1653.3
1722 2958.79 1323.24
1723 4078.85 618.445
1724 1123.36 1746.93
1725 452.42 1798.7
1726 18.61 1808.53
1727 1188.8 1739.39
1728 2504.13 1477.22
1729 2611.4 1444.62
1730 4222.67 418.563
1731 3846.75 837.757
1732 1469.56 1701.74
1733 85.72 1808.19
1734 1310.56 1724.14
1735 202.72 1806.57
1736 3517.96 1059.35
1737 2038.53 1596.68
1738 3050.72 1286.49
1739 1160.07 1742.76
1740 2653.72 1431.17
1741 2500.17 1478.39
1742 3252.95 1197.39
1743 3164.19 1238
1744 2206.71 1557.38
1745 694.61 1785.24
1746 1554.83 1688.53
1747 4029.96 671.789
1748 1195.83 1738.56
1749 2611.44 1444.6
1750 2752.39 1398.44
1751 3154.12 1242.45
1752 3854.42 831.614
1753 854.71 1773.14
1754 2376.49 1513.39
1755 637.78 1788.92
1756 790.65 1778.29
1757 2395.1 1508.29
1758 1310.1 1724.2
1759 2778.31 1389.51
1760 150.02 1807.47
1761 1192.77 1738.92
1762 2285.06 1537.64
1763 1103.11 1749.17
1764 762.01 1780.46
1765 3079.14 1274.68
1766 1305.83 1724.76
1767 4279.97 301.018
1768 777.67 1779.28
1769 3840.08 843.053
1770 583.56 1792.13
1771 2914.91 1340.05
1772 2000.25 1605.06
1773 3320.04 1164.98
1774 1739.1 1657.03
1775 4206.96 445.181
1776 4014.65 687.519
1777 2777.46 1389.81
1778 3380.45 1134.42
1779 354 1802.52
1780 532.42 1794.89
1781 1276.36 1728.59
1782 3508.12 1065
1783 46.84 1808.44
1784 2131.07 1575.56
1785 1028.13 1757.08
1786 168.14 1807.19
1787 2405.25 1505.48
1788 3423.24 1111.92
1789 1478.24 1700.43
1790 843.56 1774.06
1791 3056.78 1283.99
1792 2154.53 1570.01
1793 2612.14 1444.39
1794 4159.89 516.294
1795 2916.55 1339.43
1796 1351.28 1718.67
1797 609.25 1790.64
1798 2340.04 1523.22
1799 1612.47 1679.12
1800 109.33 1807.97
1801 2923.61 1336.75
1802 187.38 1806.86
1803 2109.58 1580.58
1804 1903.65 1625.33
1805 1410 1710.46
1806 1460.06 1703.16
1807 1061.82 1753.6
1808 4187.46 476.031
1809 4324.03 157.471
1810 899.34 1769.3
1811 379.89 1801.61
1812 1260.4 1730.62
1813 3890.98 801.511
1814 426.73 1799.79
1815 2874.99 1354.94
1816 579.11 1792.38
1817 78.4 1808.25
1818 940.24 1765.61
1819 3485.87 1077.61
1820 1556.64 1688.24
1821 1267.32 1729.74
1822 2202.66 1558.38
1823 3711.18 937.936
1824 3879.46 811.148
1825 1506.07 1696.19
1826 2287.73 1536.95
1827 374.26 1801.81
1828 1598.84 1681.38
1829 287.77 1804.57
1830 1986.73 1607.98
1831 1191.69 1739.05
1832 2694.9 1417.74
1833 1657.63 1671.47
1834 2784.79 1387.26
1835 258.55 1805.34
1836 2551.16 1463.19
1837 3728.38 926.018
1838 803.89 1777.26
1839 2398.62 1507.31
1840 3712.41 937.091
1841 1703.23 1663.49
1842 2262.03 1543.54
1843 632.81 1789.22
1844 737.73 1782.23
1845 2172.29 1565.76
1846 2991.33 1310.48
1847 1316.85 1723.31
1848 2250.69 1546.42
1849 3415.09 1116.26
1850 462.72 1798.24
1851 3807.33 868.458
1852 342.42 1802.91
1853 2148.9 1571.35
1854 2662.03 1428.48
1855 4221.88 419.945
1856 3138.5 1249.3
1857 93.28 1808.13
1858 256.15 1805.4
1859 4220.86 421.721
1860 381.06 1801.56
1861 1726.4 1659.34
1862 1072.56 1752.46
1863 2559.48 1460.66
1864 2867.56 1357.67
1865 3857.35 829.252
1866 2818.04 1375.55
1867 1078.72 1751.81
1868 3245.73 1200.79
1869 3105.45 1263.55
1870 2960.86 1322.44
1871 2101.67 1582.4
1872 4292.21 269.065
1873 882.9 1770.74
1874 2734.48 1404.52
1875 689.94 1785.55
1876 3055.19 1284.65
1877 869.33 1771.9
1878 2006.79 1603.64
1879 449.4 1798.83
1880 4284.43 289.794
1881 1953.04 1615.12
1882 4256.73 353.631
1883 286.85 1804.59
1884 3585.46 1019.31
1885 2578.77 1454.76
1886 3992.25 709.803
1887 1867.48 1632.6
1888 2672.05 1425.23
1889 3731.92 923.539
1890 1748.35 1655.34
1891 2536.63 1467.56
1892 601.85 1791.08
1893 2304.43 1532.61
1894 756.12 1780.9
1895 2952.93 1325.52
1896 1305.3 1724.83
1897 3057.68 1283.62
1898 4031.65 670.026
1899 4034.56 666.978
1900 1306.65 1724.65
1901 2136.03 1574.4
1902 1796.23 1646.42
1903 1258.86 1730.81
1904 3018.93 1299.45
1905 4014.23 687.945
1906 1948.81 1616.01
1907 1217.64 1735.93
1908 543.57 1794.31
1909 3439.12 1103.38
1910 1667.04 1669.84
1911 488 1797.08
1912 535.68 1794.72
1913 1067.3 1753.02
1914 258.37 1805.34
1915 4121.15 567.675
1916 3129.59 1253.17
1917 3734.14 921.979
1918 1132.15 1745.94
1919 945.16 1765.15
1920 3126.07 1254.7
1921 2880.5 1352.9
1922 2965.32 1320.7
1923 3211.44 1216.69
1924 844.93 1773.95
1925 3204.96 1219.65
1926 1824.37 1641.04
1927 1633.76 1675.54
1928 1406.16 1711.01
1929 1516.02 1694.65
1930 1328.32 1721.78
1931 2712.81 1411.8
1932 3135.57 1250.57
1933 3124.55 1255.35
1934 3455.2 1094.63
1935 1298.03 1725.78
1936 2798.78 1382.36
1937 547.53 1794.1
1938 2515.67 1473.81
1939 2825.87 1372.76
1940 3986.65 715.247
1941 3666.24 968.134
1942 3313.87 1168.03
1943 4005.86 696.364
1944 4217.06 428.27
1945 3055.76 1284.41
1946 3270.53 1189.05
1947 2490.17 1481.31
1948 2449.91 1492.92
1949 62.68 1808.36
1950 3435.33 1105.43
1951 719.5 1783.53
1952 2943.19 1329.27
1953 1544.17 1690.23
1954 3930.94 766.913
1955 3271.64 1188.52
1956 409.13 1800.5
1957 1415.31 1709.7
1958 565.4 1793.14
1959 1815.29 1642.79
1960 2414.85 1502.81
1961 1377.24 1715.09
1962 4011.63 690.573
1963 1210.42 1736.8
1964 161.79 1807.29
1965 3126.83 1254.37
1966 2508.45 1475.95
1967 2444.1 1494.58
1968 3674.36 962.775
1969 167.65 1807.2
1970 929.97 1766.55
1971 2804.53 1380.34
1972 3317.41 1166.28
1973 3727.37 926.723
1974 2470.39 1487.05
1975 3194.47 1224.42
1976 2443.13 1494.85
1977 1400.92 1711.76
1978 828.16 1775.32
1979 36.56 1808.48
1980 1463.61 1702.63
1981 4263.49 339.198
1982 756.06 1780.9
1983 3890.32 802.067
1984 951.19 1764.59
1985 4170.52 501.184
1986 2305.48 1532.34
1987 1360.32 1717.43
1988 1245.83 1732.45
1989 2354.41 1519.37
1990 2659.14 1429.42
1991 3660.68 971.78
1992 3731.65 923.728
1993 2330.77 1525.68
1994 14.63 1808.54
1995 3893.45 799.426
1996 601.12 1791.12
1997 2523.08 1471.61
1998 1481.07 1700
1999 4275.48 311.899
2000 2174.25 1565.29
2001 2411.04 1503.87
2002 2223.53 1553.22
2003 1151.66 1743.73
2004 1798.41 1646.01
2005 353.93 1802.53
2006 3829.65 851.25
2007 3725.07 928.327
2008 1238.37 1733.38
2009 317.81 1803.69
2010 3761.63 902.37
2011 2701.98 1415.4
2012 4064.83 634.268
2013 4001.22 700.98
2014 1735.82 1657.63
2015 676.02 1786.48
2016 3831.74 849.615
2017 3524.83 1055.38
2018 1519.86 1694.05
2019 737.58 1782.24
2020 1539.24 1691.01
2021 4179 488.767
2022 3881.78 809.219
2023 930.89 1766.47
2024 1653.29 1672.21
2025 3379.93 1134.69
2026 4307.86 221.426
2027 2254.41 1545.47
2028 1046.54 1755.19
2029 1448.93 1704.81
2030 1673.41 1668.74
2031 3220.79 1212.39
2032 3343.5 1153.28
2033 3896.95 796.46
2034 3855.98 830.358
2035 801.91 1777.41
2036 4250.88 365.644
2037 2829.15 1371.59
2038 186.98 1806.87
2039 632.77 1789.23
2040 2630.49 1438.59
2041 3432.14 1107.15
2042 2818.28 1375.46
2043 2355.32 1519.12
2044 3093.36 1268.69
2045 214.1 1806.35
2046 2514.86 1474.05
2047 2585.1 1452.81
2048 3738.93 918.603
2049 4034.72 666.81
2050 2806.2 1379.75
2051 421.69 1799.99
2052 3357.25 1146.32
2053 1831.51 1639.66
2054 836.11 1774.68
2055 670.54 1786.84
2056 871.44 1771.72
2057 803.97 1777.25
2058 2924.96 1336.24
2059 1917.98 1622.4
2060 1736.43 1657.52
2061 258.37 1805.34
2062 282.3 1804.72
2063 223.45 1806.15
2064 3638.84 985.917
2065 4138.28 545.611
2066 1025.36 1757.36
2067 3033.24 1293.65
2068 2627.43 1439.56
2069 695.87 1785.15
2070 3666.02 968.278
2071 917.92 1767.64
2072 4128.01 558.955
2073 2144.3 1572.44
2074 2756.76 1396.94
2075 2881.37 1352.58
2076 1841.92 1637.63
2077 415.14 1800.26
2078 609.99 1790.6
2079 1240.86 1733.07
2080 109.87 1807.97
2081 2899.72 1345.76
2082 1662.55 1670.62
2083 3467.12 1088.06
2084 391.23 1801.19
2085 2498.66 1478.83
2086 3621.18 997.142
2087 746.19 1781.62
2088 2786.16 1386.78
2089 1689.66 1665.89
2090 2147.7 1571.64
2091 4006.11 696.114
2092 1431.56 1707.35
2093 2430 1498.56
2094 4229.56 406.306
2095 730.4 1782.76
2096 1711.8 1661.96
2097 398.44 1800.91
2098 3763.65 900.907
2099 3822.75 856.617
2100 1094.31 1750.13
2101 3089.67 1270.25
2102 400.68 1800.83
2103 882.32 1770.79
2104 377.49 1801.7
2105 2640.96 1435.26
2106 3247.21 1200.09
2107 2219.41 1554.24
2108 3056.11 1284.27
2109 3340.73 1154.67
2110 2943.79 1329.04
2111 2649.5 1432.52
2112 1900.45 1625.98
2113 4089.87 605.678
2114 1260.14 1730.65
2115 1775.2 1650.38
2116 1732.05 1658.32
2117 541.32 1794.43
2118 2521.39 1472.12
2119 178.21 1807.02
2120 1714.51 1661.48
2121 329.09 1803.34
2122 3667.84 967.081
2123 3146.07 1245.99
2124 2242.61 1548.45
2125 3040.92 1290.52
2126 3876.47 813.626
2127 3954.41 745.671
2128 3439.37 1103.25
2129 2783.64 1387.66
2130 3437.17 1104.44
2131 4017.2 684.928
2132 1533.31 1691.95
2133 3321.37 1164.33
2134 559.53 1793.46
2135 1394.32 1712.69
2136 1105.85 1748.87
2137 3290.26 1179.56
2138 3613.74 1001.82
2139 3645.48 981.65
2140 2290.99 1536.11
2141 2217.53 1554.71
2142 1954.98 1614.72
2143 4191.44 469.91
2144 1450.92 1704.51
2145 3215.12 1215
2146 1626.64 1676.75
2147 3182.98 1229.6
2148 3239.97 1203.49
2149 3631.56 990.566
2150 2844.71 1365.99
2151 614.48 1790.33
2152 3444.17 1100.64
2153 2172.56 1565.69
2154 3760.55 903.151
2155 1346.79 1719.29
2156 357 1802.42
2157 2780.54 1388.74
2158 444.72 1799.03
2159 3796.37 876.748
2160 1224.19 1735.13
2161 3365.41 1142.16
2162 2957.1 1323.9
2163 2241.02 1548.85
2164 1830.3 1639.89
2165 3516.63 1060.12
2166 3635.35 988.15
2167 2419.68 1501.46
2168 1950.41 1615.68
2169 2392.61 1508.97
2170 1725.16 1659.56
2171 4241.41 384.262
2172 4093.66 601.216
2173 3163.67 1238.23
2174 3576.37 1024.83
2175 1204.59 1737.51
2176 2038.79 1596.62
2177 346.54 1802.77
2178 47.57 1808.44
2179 422.28 1799.97
2180 3461.62 1091.1
2181 2892.28 1348.53
2182 520.28 1795.51
2183 2565.79 1458.74
2184 208.36 1806.46
2185 3764.35 900.399
2186 3396.1 1126.28
2187 48.89 1808.43
2188 2204.9 1557.83
2189 3324.35 1162.85
2190 3328.78 1160.65
2191 2912.61 1340.91
2192 1833.28 1639.31
2193 1945.88 1616.62
2194 813.63 1776.49
2195 3663.59 969.874
2196 606.03 1790.83
2197 3932.5 765.523
2198 1226.79 1734.81
2199 2556.45 1461.58
2200 1468.63 1701.88
2201 2951.95 1325.89
2202 1941.38 1617.56
2203 1222.3 1735.36
2204 1775.62 1650.3
2205 1177.75 1740.7
2206 2426.89 1499.44
2207 3297.94 1175.83
2208 1007.81 1759.12
2209 1957.98 1614.09
2210 3203.74 1220.21
2211 -1264.35 -1730.12
2212 -3851.96 -833.591
2213 -3199.04 -1222.35
2214 -4233.89 -398.4
2215 -2278.72 -1539.27
2216 -3935.76 -762.609
2217 -1167.37 -1741.91
2218 -171.61 -1807.13
2219 -2213.42 -1555.73
2220 -1036.65 -1756.21
2221 -2553.29 -1462.54
2222 -1219.86 -1735.66
2223 -51.1 -1808.42
2224 -326.59 -1803.42
2225 -845.23 -1773.93
2226 -1844.65 -1637.1
2227 -670.09 -1786.87
2228 -138.57 -1807.63
2229 -2375.58 -1513.64
2230 -1815.29 -1642.79
2231 -4119.24 -570.077
2232 -3624.76 -994.881
2233 -727.1 -1782.99
2234 -2449.52 -1493.03
2235 -852.45 -1773.33
2236 -1899.78 -1626.12
2237 -3168.74 -1235.97
2238 -4167.41 -505.656
2239 -701.79 -1784.75
2240 -3729.13 -925.493
2241 -3702.67 -943.757
2242 -1449.67 -1704.7
2243 -3241.09 -1202.96
2244 -2045.23 -1595.19
2245 -1343.56 -1719.72
2246 -663.33 -1787.3
2247 -1641 -1674.31
2248 -1994.46 -1606.31
2249 -834.95 -1774.77
2250 -3854.42 -831.614
2251 -2514.63 -1474.12
2252 -2871.76 -1356.12
2253 -217.8 -1806.27
2254 -2565.73 -1458.76
2255 -2681.87 -1422.03
2256 -546.55 -1794.15
2257 -3893.9 -799.046
2258 -3351.96 -1149.01
2259 -685.12 -1785.88
2260 -1929.48 -1620.03
2261 -310.78 -1803.91
2262 -4287.88 -280.795
2263 -1214.24 -1736.34
2264 -1037.88 -1756.08
2265 -1880.92 -1629.92
2266 -2066.7 -1590.38
2267 -2421.18 -1501.04
2268 -709.66 -1784.21
2269 -1377.63 -1715.04
2270 -3122.98 -1256.03
2271 -98.8 -1808.08
2272 -223.82 -1806.14
2273 -232.65 -1805.95
2274 -2823.41 -1373.64
2275 -2269.06 -1541.75
2276 -1059.73 -1753.82
2277 -2970.27 -1318.77
2278 -3910.06 -785.226
2279 -3054.19 -1285.06
2280 -3288.74 -1180.3
2281 -2908 -1342.65
2282 -712.34 -1784.03
2283 -1820.5 -1641.79
2284 -3125.8 -1254.81
2285 -3278.07 -1185.44
2286 -162.37 -1807.28
2287 -3672.35 -964.105
2288 -2831.97 -1370.57
2289 -2997.86 -1307.89
2290 -3840.99 -842.333
2291 -4244.98 -377.356
2292 -3308.64 -1170.6
2293 -3272.4 -1188.16
2294 -1119.22 -1747.39
2295 -6.52 -1808.55
2296 -813.32 -1776.51
2297 -2669.44 -1426.08
2298 -2427.71 -1499.21
2299 -1522.99 -1693.56
2300 -3530.6 -1052.03
2301 -1210.69 -1736.77
2302 -1105.31 -1748.93
2303 -3754.42 -907.568
2304 -926.86 -1766.83
2305 -3412.24 -1117.78
2306 -1683.48 -1666.98
2307 -1986.59 -1608.01
2308 -2042.51 -1595.8
2309 -737.06 -1782.28
2310 -184.31 -1806.92
2311 -474.77 -1797.7
2312 -3645.06 -981.92
2313 -380.17 -1801.6
2314 -2295.27 -1535
2315 -1914.38 -1623.14
2316 -3658.25 -973.367
2317 -1941.17 -1617.61
2318 -1246.73 -1732.34
2319 -1633.74 -1675.55
2320 -599.03 -1791.24
2321 -231.25 -1805.98
2322 -1022.24 -1757.68
2323 -3391.19 -1128.84
2324 -3503.65 -1067.55
2325 -2141.47 -1573.11
2326 -3397.71 -1125.43
2327 -4316.97 -188.118
2328 -4294.43 -262.843
2329 -968.94 -1762.91
2330 -983.48 -1761.51
2331 -2968.55 -1319.44
2332 -1663.15 -1670.52
2333 -2088.79 -1585.36
2334 -2382.98 -1511.61
2335 -2590.01 -1451.29
2336 -644.56 -1788.5
2337 -3549.98 -1040.64
2338 -4060.13 -639.473
2339 -2170.59 -1566.17
2340 -4287.05 -282.987
2341 -4244.44 -378.409
2342 -2645.37 -1433.85
2343 -3075.63 -1276.15
2344 -4108.13 -583.829
2345 -84.16 -1808.21
2346 -650.02 -1788.15
2347 -2909.9 -1341.94
2348 -1508.85 -1695.76
2349 -1380.27 -1714.67
2350 -203.65 -1806.56
2351 -1591.4 -1682.61
2352 -1611.52 -1679.28
2353 -709.41 -1784.23
2354 -642.59 -1788.62
2355 -775.17 -1779.47
2356 -2850.88 -1363.75
2357 -3523.83 -1055.96
2358 -752.15 -1781.19
2359 -2288.84 -1536.66
2360 -152.77 -1807.43
2361 -1735.63 -1657.67
2362 -917.39 -1767.69
2363 -1299.45 -1725.6
2364 -3307.95 -1170.94
2365 -2783.89 -1387.57
2366 -3372.98 -1138.28
2367 -3436.03 -1105.05
2368 -1993.88 -1606.44
2369 -3093.11 -1268.8
2370 -1266.62 -1729.83
2371 -1424.45 -1708.38
2372 -2481.07 -1483.96
2373 -3395.51 -1126.59
2374 -160.08 -1807.32
2375 -2249.21 -1546.79
2376 -2963.2 -1321.53
2377 -293.62 -1804.4
2378 -819.11 -1776.05
2379 -132.05 -1807.71
2380 -1673.9 -1668.65
2381 -506.28 -1796.2
2382 -1206.98 -1737.22
2383 -2768.94 -1392.75
2384 -1215.7 -1736.16
2385 -1849.57 -1636.13
2386 -3544.12 -1044.1
2387 -3550.1 -1040.57
2388 -516.92 -1795.68
2389 -3779.79 -889.098
2390 -1498.94 -1697.28
2391 -153.22 -1807.42
2392 -658.94 -1787.59
2393 -1899.86 -1626.1
2394 -1452.67 -1704.25
2395 -3450.41 -1097.25
2396 -343.75 -1802.87
2397 -485.65 -1797.19
2398 -2546.44 -1464.61
2399 -1821.15 -1641.66
2400 -3578.77 -1023.38
2401 -3296.59 -1176.49
2402 -2729.12 -1406.33
2403 -1203.36 -1737.65
2404 -1835.62 -1638.86
2405 -2372.73 -1514.41
2406 -3452.57 -1096.07
2407 -458.82 -1798.42
2408 -2666.35 -1427.08
2409 -3755.21 -907.001
2410 -74.4 -1808.28
2411 -3823.77 -855.827
2412 -4261.49 -343.534
2413 -764.9 -1780.24
2414 -2252.72 -1545.9
2415 -620.71 -1789.96
2416 -2097.99 -1583.25
2417 -940.36 -1765.59
2418 -4170.82 -500.751
2419 -2614.92 -1443.51
2420 -380.15 -1801.6
2421 -813.28 -1776.52
2422 -2768.14 -1393.03
2423 -522.61 -1795.39
2424 -2713.14 -1411.69
2425 -3704.33 -942.625
2426 -3973.03 -728.285
2427 -2540.42 -1466.43
2428 -4189.98 -472.165
2429 -1662.99 -1670.54
2430 -21.57 -1808.53
2431 -2912.27 -1341.04
2432 -103.1 -1808.04
2433 -2750.7 -1399.01
2434 -4115.64 -574.573
2435 -1938.73 -1618.12
2436 -783.43 -1778.84
2437 -2711.73 -1412.16
2438 -1881.07 -1629.89
2439 -2933.3 -1333.06
2440 -2126.94 -1576.53
2441 -1438.99 -1706.27
2442 -2417.08 -1502.19
2443 -1531.96 -1692.16
2444 -2203.89 -1558.07
2445 -4153.32 -525.397
2446 -2152.67 -1570.46
2447 -4301.89 -240.734
2448 -753.68 -1781.07
2449 -1983.49 -1608.67
2450 -2060.33 -1591.81
2451 -617.35 -1790.16
2452 -2796.78 -1383.06
2453 -4311.99 -207
2454 -1139.96 -1745.06
2455 -653.44 -1787.94
2456 -3676.32 -961.475
2457 -256.51 -1805.39
2458 -3193.86 -1224.7
2459 -3526.3 -1054.53
2460 -1919.51 -1622.09
2461 -2698.96 -1416.4
2462 -1582.1 -1684.13
2463 -2022.61 -1600.19
2464 -1109.66 -1748.45
2465 -841.26 -1774.25
2466 -3444.86 -1100.27
2467 -1376.61 -1715.18
2468 -3036.51 -1292.32
2469 -469.46 -1797.94
2470 -3793.43 -878.955
2471 -823.46 -1775.7
2472 -1908.45 -1624.35
2473 -1354.03 -1718.3
2474 -1838.94 -1638.21
2475 -3595.87 -1012.92
2476 -1167.35 -1741.91
2477 -3991.61 -710.428
2478 -3041.28 -1290.37
2479 -1921.03 -1621.78
2480 -1118.63 -1747.46
2481 -761.61 -1780.49
2482 -2021.9 -1600.35
2483 -3398.93 -1124.79
2484 -733.6 -1782.53
2485 -3161.87 -1239.02
2486 -4052.37 -647.962
2487 -69.92 -1808.31
2488 -3418.38 -1114.51
2489 -2906.24 -1343.31
2490 -3079.74 -1274.43
2491 -481.41 -1797.39
2492 -1265.2 -1730.01
2493 -4145.36 -536.2
2494 -1987.55 -1607.8
2495 -1858.38 -1634.4
2496 -646.62 -1788.37
2497 -575.93 -1792.56
2498 -2718.51 -1409.9
2499 -3683.14 -956.933
2500 -1045.39 -1755.31
2501 -2171.94 -1565.84
2502 -3990.12 -711.879
2503 -2953.85 -1325.16
2504 -3525.98 -1054.71
2505 -1489.06 -1698.79
2506 -1693.24 -1665.26
2507 -4176.85 -491.947
2508 -624.19 -1789.75
2509 -394.52 -1801.06
2510 -1757.89 -1653.59
2511 -1742.82 -1656.36
2512 -639.65 -1788.8
2513 -3779.79 -889.098
2514 -801.75 -1777.43
2515 -1373.25 -1715.65
2516 -2085.18 -1586.19
2517 -4337.65 -65.6952
2518 -926.69 -1766.85
2519 -647.09 -1788.34
2520 -2903.89 -1344.19
2521 -3489.95 -1075.32
2522 -1128.5 -1746.35
2523 -3652.61 -977.037
2524 -3295.32 -1177.11
2525 -3116.05 -1259.02
2526 -654.51 -1787.87
2527 -3941.94 -757.047
2528 -3691.99 -950.993
2529 -3373.02 -1138.26
2530 -2768.6 -1392.87
2531 -4220.9 -421.651
2532 -688.48 -1785.65
2533 -2418.72 -1501.73
2534 -2318.27 -1528.98
2535 -3697.98 -946.944
2536 -3391.3 -1128.79
2537 -4011.51 -690.694
2538 -3534.84 -1049.55
2539 -4015.5 -686.657
2540 -3889.55 -802.715
2541 -436.25 -1799.39
2542 -901.84 -1769.08
2543 -189.2 -1806.83
2544 -3699.56 -945.872
2545 -1187.12 -1739.59
2546 -1045.97 -1755.25
2547 -1444.75 -1705.42
2548 -1184.77 -1739.87
2549 -1972.66 -1610.98
2550 -2091.84 -1584.66
2551 -3572.18 -1027.37
2552 -1122.62 -1747.01
2553 -2703.86 -1414.78
2554 -2368.31 -1515.61
2555 -3901.46 -792.617
2556 -963.44 -1763.43
2557 -3022.82 -1297.88
2558 -2986.92 -1312.23
2559 -4138.95 -544.728
2560 -1539.36 -1690.99
2561 -1415.53 -1709.67
2562 -4019.85 -682.224
2563 -2227.84 -1552.15
2564 -3317.77 -1166.11
2565 -1998.13 -1605.52
2566 -1069.35 -1752.8
2567 -2369.08 -1515.4
2568 -1153.16 -1743.55
2569 -264.19 -1805.19
2570 -2044.58 -1595.34
2571 -702.72 -1784.69
2572 -700.44 -1784.84
2573 -2429.94 -1498.58
2574 -891.92 -1769.95
2575 -60 -1808.37
2576 -3617.06 -999.735
2577 -1937.9 -1618.29
2578 -988.27 -1761.05
2579 -461.83 -1798.28
2580 -3394.08 -1127.33
2581 -2563.63 -1459.4
2582 -4034.01 -667.555
2583 -4000.22 -701.97
2584 -927.5 -1766.78
2585 -2062.32 -1591.37
2586 -3561.68 -1033.68
2587 -1890.94 -1627.9
2588 -228.66 -1806.04
2589 -2208.61 -1556.91
2590 -1689.89 -1665.85
2591 -1768.02 -1651.71
2592 -3624.14 -995.273
2593 -1369.74 -1716.13
2594 -3479.39 -1081.24
2595 -2601.91 -1447.59
2596 -2851.39 -1363.57
2597 -208.74 -1806.46
2598 -630.99 -1789.34
2599 -4004.56 -697.661
2600 -4296.45 -257.048
2601 -2159.09 -1568.93
2602 -367.28 -1802.06
2603 -140.41 -1807.6
2604 -249.04 -1805.57
2605 -1259.2 -1730.77
2606 -4023.93 -678.035
2607 -3866.1 -822.148
2608 -2680.62 -1422.44
2609 -672.21 -1786.73
2610 -3811.46 -865.307
2611 -1734.71 -1657.83
2612 -3235.84 -1205.41
2613 -3505.47 -1066.52
2614 -1394.93 -1712.61
2615 -4163.34 -511.443
2616 -711.32 -1784.1
2617 -616.62 -1790.21
2618 -1714.28 -1661.52
2619 -423.5 -1799.92
2620 -2308.75 -1531.48
2621 -2887.69 -1350.24
2622 -2191.53 -1561.1
2623 -1592.89 -1682.36
2624 -4257.44 -352.144
2625 -814.44 -1776.43
2626 -3678.32 -960.146
2627 -2252.35 -1546
2628 -506.7 -1796.18
2629 -3792.84 -879.397
2630 -1916.91 -1622.62
2631 -463.15 -1798.22
2632 -1611.93 -1679.21
2633 -2284.19 -1537.86
2634 -603.56 -1790.98
2635 -1344.49 -1719.6
2636 -3026.92 -1296.22
2637 -287.49 -1804.58
2638 -354.12 -1802.52
2639 -1367.54 -1716.44
2640 -443.22 -1799.09
2641 -4165.58 -508.267
2642 -2585.77 -1452.6
2643 -3679.07 -959.647
2644 -2814.57 -1376.78
2645 -3464.23 -1089.66
2646 -2985.93 -1312.62
2647 -3009.41 -1303.28
2648 -3564.37 -1032.07
2649 -4183.74 -481.676
2650 -3432.92 -1106.73
2651 -1533.12 -1691.97
2652 -2731.43 -1405.55
2653 -767.97 -1780.01
2654 -3126.01 -1254.72
2655 -2132.39 -1575.25
2656 -1582.41 -1684.08
2657 -1947.85 -1616.21
2658 -44.75 -1808.45
2659 -2089.11 -1585.29
2660 -1400.69 -1711.79
2661 -1445.18 -1705.36
2662 -2035.78 -1597.29
2663 -2496.15 -1479.57
2664 -3729.38 -925.318
2665 -2122.86 -1577.49
2666 -3324.16 -1162.94
2667 -1899.82 -1626.11
2668 -1893.87 -1627.31
2669 -3678.28 -960.172
2670 -2750.88 -1398.95
2671 -2337.1 -1524
2672 -2987.38 -1312.05
2673 -996.66 -1760.22
2674 -1159.69 -1742.8
2675 -945.48 -1765.12
2676 -3944.41 -754.811
2677 -4145.62 -535.85
2678 -3954.89 -745.229
2679 -3168.78 -1235.96
2680 -3472.88 -1084.87
2681 -2531.33 -1469.15
2682 -361.9 -1802.25
2683 -1347.84 -1719.14
2684 -3299.3 -1175.17
2685 -2971.43 -1318.32
2686 -2963.75 -1321.32
2687 -541.71 -1794.41
2688 -579.28 -1792.37
2689 -2492.02 -1480.77
2690 -2114.34 -1579.47
2691 -1463.5 -1702.64
2692 -3937.21 -761.309
2693 -4150.12 -529.768
2694 -3959.65 -740.828
2695 -2810.11 -1378.36
2696 -1416.5 -1709.53
2697 -2943.81 -1329.03
2698 -369.93 -1801.97
2699 -3310.38 -1169.75
2700 -1765.62 -1652.16
2701 -2604.33 -1446.83
2702 -1307.48 -1724.55
2703 -413 -1800.34
2704 -3084.51 -1272.43
2705 -2467.17 -1487.98
2706 -1358.48 -1717.69
2707 -2688.92 -1419.71
2708 -1756.31 -1653.88
2709 -456.9 -1798.5
2710 -1517.7 -1694.39
2711 -372.72 -1801.87
2712 -2988.23 -1311.71
2713 -1363.12 -1717.05
2714 -1720.56 -1660.39
2715 -1947.54 -1616.28
2716 -4334.55 -94.7797
2717 -4167.83 -505.054
2718 -1972.77 -1610.96
2719 -57.36 -1808.39
2720 -2319.86 -1528.57
2721 -3570.64 -1028.3
2722 -1520.86 -1693.89
2723 -1917.07 -1622.59
2724 -2864.28 -1358.87
2725 -624.03 -1789.76
2726 -387.18 -1801.34
2727 -4280.79 -298.987
2728 -3051.36 -1286.23
2729 -240.63 -1805.77
2730 -3251.17 -1198.23
2731 -476.98 -1797.59
2732 -2328.48 -1526.29
2733 -218.65 -1806.25
2734 -373.51 -1801.84
2735 -1073 -1752.42
2736 -2169.34 -1566.47
2737 -1215.51 -1736.19
2738 -3761.92 -902.16
2739 -3409.17 -1119.4
2740 -1155.93 -1743.24
2741 -423.15 -1799.93
2742 -3265.41 -1191.49
2743 -4144.17 -537.794
2744 -1269.79 -1729.43
2745 -645.97 -1788.41
2746 -1235.23 -1733.77
2747 -747.87 -1781.5
2748 -473.81 -1797.74
2749 -2691.52 -1418.86
2750 -805.23 -1777.15
2751 -2793.67 -1384.15
2752 -1922.16 -1621.54
2753 -1809.61 -1643.87
2754 -4194.26 -465.521
2755 -4269.97 -324.739
2756 -1917.16 -1622.57
2757 -4064.96 -634.123
2758 -4210.76 -438.9
2759 -628.52 -1789.49
2760 -3789.11 -882.184
2761 -2605.45 -1446.48
2762 -589.03 -1791.82
2763 -1777.59 -1649.93
2764 -2307.62 -1531.78
2765 -446.06 -1798.97
2766 -2850.59 -1363.86
2767 -136.96 -1807.65
2768 -1661.57 -1670.79
2769 -1756.04 -1653.93
2770 -3029.65 -1295.11
2771 -2817.51 -1375.74
2772 -1662.71 -1670.59
2773 -1955.07 -1614.7
2774 -2105.2 -1581.59
2775 -2932.5 -1333.37
2776 -2084.56 -1586.33
2777 -3340.43 -1154.82
2778 -3680.37 -958.781
2779 -2041.89 -1595.93
2780 -1175.47 -1740.97
2781 -3969.12 -731.977
2782 -4319.08 -179.513
2783 -3097.64 -1266.88
2784 -922.25 -1767.25
2785 -4173.34 -497.092
2786 -2511.13 -1475.16
2787 -2839.41 -1367.9
2788 -3381.82 -1133.71
2789 -2381.89 -1511.91
2790 -3467.94 -1087.61
2791 -2830.93 -1370.95
2792 -130.86 -1807.73
2793 -3540.49 -1046.24
2794 -268.53 -1805.08
2795 -2438.48 -1496.17
2796 -3986.55 -715.343
2797 -2602.64 -1447.36
2798 -2058.96 -1592.12
2799 -1308.12 -1724.46
2800 -3842.2 -841.374
2801 -748.61 -1781.45
2802 -3609.15 -1004.69
2803 -648.43 -1788.25
2804 -2187.2 -1562.15
2805 -1374.35 -1715.49
2806 -3580.94 -1022.06
2807 -4271.77 -320.603
2808 -4198.3 -459.155
2809 -2404.83 -1505.59
2810 -1457.18 -1703.59
2811 -1033.78 -1756.5
2812 -1517.48 -1694.42
2813 -1436.27 -1706.67
2814 -3614.94 -1001.06
2815 -2439.73 -1495.81
2816 -1269.61 -1729.45
2817 -1786.07 -1648.34
2818 -939.15 -1765.71
2819 -4134.96 -549.964
2820 -3651.48 -977.77
2821 -3890.61 -801.823
2822 -2625.89 -1440.05
2823 -3782.34 -887.213
2824 -3091.1 -1269.65
2825 -2377.94 -1512.99
2826 -1364.34 -1716.88
2827 -2737.65 -1403.45
2828 -124.11 -1807.81
2829 -3423.3 -1111.89
2830 -3529.29 -1052.79
2831 -3966.31 -734.617
2832 -3655.43 -975.205
2833 -2281.97 -1538.44
2834 -274.75 -1804.92
2835 -1502.64 -1696.72
2836 -3139.84 -1248.71
2837 -3339.21 -1155.43
2838 -917.93 -1767.64
2839 -2998.15 -1307.77
2840 -887.56 -1770.33
2841 -2375.11 -1513.76
2842 -3515.45 -1060.8
2843 -2405.04 -1505.54
2844 -3294.9 -1177.31
2845 -2790.39 -1385.3
2846 -4328.3 -135.584
2847 -4048.04 -652.644
2848 -4059.98 -639.638
2849 -927.45 -1766.78
2850 -3843 -840.74
2851 -2854.98 -1362.26
2852 -478.06 -1797.54
2853 -2128.89 -1576.07
2854 -2297.32 -1534.46
2855 -3052.68 -1285.69
2856 -3990.36 -711.646
2857 -3145.18 -1246.38
2858 -933.85 -1766.19
2859 -4114.47 -576.026
2860 -2228.48 -1551.99
2861 -3946.66 -752.766
2862 -3224.3 -1210.77
2863 -1027.43 -1757.15
2864 -1888.63 -1628.37
2865 -2982.57 -1313.94
2866 -2013.59 -1602.16
2867 -688.48 -1785.65
2868 -1981.78 -1609.04
2869 -2415.04 -1502.75
2870 -3170.15 -1235.35
2871 -2352.87 -1519.78
2872 -450.16 -1798.79
2873 -2345.6 -1521.73
2874 -4241.43 -384.224
2875 -3228.58 -1208.79
2876 -795.99 -1777.88
2877 -4229.73 -405.999
2878 -2936.62 -1331.79
2879 -4339.49 -39.2937
2880 -817.18 -1776.21
2881 -2439.62 -1495.85
2882 -2854.47 -1362.45
2883 -778.76 -1779.2
2884 -228.52 -1806.04
2885 -295.31 -1804.36
2886 -3314.96 -1167.49
2887 -3702.4 -943.941
2888 -3440.49 -1102.64
2889 -4248.81 -369.797
2890 -3476.87 -1082.65
2891 -812.49 -1776.58
2892 -3339 -1155.54
2893 -2361.17 -1517.54
2894 -1839.92 -1638.02
2895 -887.63 -1770.33
2896 -1003.75 -1759.53
2897 -3853.52 -832.338
2898 -1059.63 -1753.83
2899 -2469.05 -1487.44
2900 -1928.56 -1620.22
2901 -4229.78 -405.909
2902 -4305.44 -229.452
2903 -1862.24 -1633.64
2904 -2235.38 -1550.27
2905 -4206.88 -445.313
2906 -750.83 -1781.28
2907 -2514.89 -1474.05
2908 -4096.61 -597.717
2909 -3687.45 -954.046
2910 -2514.38 -1474.2
2911 -57.32 -1808.39
2912 -1787.08 -1648.15
2913 -1028.85 -1757.01
2914 -319.6 -1803.64
2915 -1499.12 -1697.26
2916 -1324.16 -1722.33
2917 -3634.57 -988.648
2918 -861.52 -1772.57
2919 -424.65 -1799.87
2920 -3026.9 -1296.22
2921 -3821.91 -857.268
2922 -1237.14 -1733.53
2923 -2025.9 -1599.47
2924 -1326.6 -1722.01
2925 -3077.07 -1275.55
2926 -2397.06 -1507.74
2927 -1813.87 -1643.06
2928 -2074.11 -1588.7
2929 -3456.69 -1093.81
2930 -3766.45 -898.873
2931 -4002.67 -699.541
2932 -3346.48 -1151.78
2933 -3731.89 -923.56
2934 -1524.92 -1693.26
2935 -1241.86 -1732.95
2936 -3598.77 -1011.13
2937 -1759.27 -1653.33
2938 -3756.76 -905.886
2939 -2838.91 -1368.08
2940 -1106.72 -1748.77
2941 -1931.14 -1619.69
2942 -2896.23 -1347.06
2943 -2377.32 -1513.16
2944 -2443.52 -1494.74
2945 -3215.83 -1214.67
2946 -3359.96 -1144.94
2947 -3767.68 -897.977
2948 -1993.92 -1606.43
2949 -3705 -942.168
2950 -4192.34 -468.514
2951 -164.35 -1807.25
2952 -3186.91 -1227.84
2953 -1089.48 -1750.65
2954 -2190.25 -1561.41
2955 -3997.04 -705.108
2956 -3650.07 -978.684
2957 -4070.83 -627.552
2958 -1470.91 -1701.54
2959 -1384.18 -1714.12
2960 -3187.53 -1227.56
2961 -897.36 -1769.48
2962 -1046.86 -1755.16
2963 -1677.53 -1668.02
2964 -4112.78 -578.118
2965 -2055.3 -1592.94
2966 -2402.91 -1506.13
2967 -3371.55 -1139.01
2968 -3298.09 -1175.76
2969 -1303.19 -1725.11
2970 -1870.46 -1632.01
2971 -3888.33 -803.741
2972 -2717.86 -1410.11
2973 -4250.21 -366.994
2974 -1925.66 -1620.82
2975 -821.38 -1775.87
2976 -2609.57 -1445.19
2977 -429.14 -1799.69
2978 -249.06 -1805.57
2979 -4087.01 -609.02
2980 -4134.15 -551.02
2981 -101.4 -1808.05
2982 -4251.36 -364.674
2983 -2464.58 -1488.73
2984 -674.41 -1786.58
2985 -1585.14 -1683.63
2986 -2121.62 -1577.78
2987 -4324.48 -155.311
2988 -1315.97 -1723.42
2989 -3076.06 -1275.97
2990 -852.19 -1773.35
2991 -3987.02 -714.889
2992 -3456.94 -1093.67
2993 -1899.05 -1626.26
2994 -1324.55 -1722.28
2995 -3229.72 -1208.26
2996 -3437.87 -1104.06
2997 -3727.47 -926.653
2998 -1744.8 -1655.99
2999 -2395.96 -1508.05
3000 -690.66 -1785.51
3001 -3615.26 -1000.86
3002 -1427.81 -1707.9
3003 -3408.52 -1119.75
3004 -3009 -1303.44
3005 -3353.47 -1148.24
3006 -3713.42 -936.395
3007 -762.09 -1780.45
3008 -3266.14 -1191.14
3009 -3962.49 -738.187
3010 -509.1 -1796.06
3011 -3060.29 -1282.54
3012 -3547.41 -1042.16
3013 -420.47 -1800.04
3014 -668.39 -1786.98
3015 -4221.82 -420.049
3016 -1489.13 -1698.78
3017 -2790.02 -1385.43
3018 -3689.83 -952.448
3019 -2288.62 -1536.72
3020 -1009.6 -1758.94
3021 -202.02 -1806.59
3022 -1935.65 -1618.76
3023 -126.54 -1807.78
3024 -1584.59 -1683.72
3025 -3260.2 -1193.96
3026 -2839.79 -1367.76
3027 -682.46 -1786.05
3028 -2131.19 -1575.53
3029 -244.59 -1805.67
3030 -2561.94 -1459.91
3031 -2305.38 -1532.36
3032 -3343.37 -1153.34
3033 -3989.75 -712.239
3034 -1373.9 -1715.56
3035 -2012.37 -1602.43
3036 -2486.75 -1482.31
3037 -747.33 -1781.54
3038 -2774.46 -1390.85
3039 -1412.89 -1710.05
3040 -4193.34 -466.958
3041 -2767.09 -1393.39
3042 -3956.7 -743.559
3043 -3400.75 -1123.84
3044 -2671.08 -1425.55
3045 -285.09 -1804.64
3046 -3282.58 -1183.27
3047 -4160.21 -515.846
3048 -2558.63 -1460.92
3049 -2115.93 -1579.1
3050 -2108.83 -1580.75
3051 -3568.23 -1029.75
3052 -2317.95 -1529.07
3053 -4044.48 -656.465
3054 -3178.3 -1231.7
3055 -3902.54 -791.694
3056 -2448.21 -1493.41
3057 -1678.09 -1667.92
3058 -4068.52 -630.147
3059 -239.4 -1805.79
3060 -1922.68 -1621.44
3061 -1773.98 -1650.6
3062 -2544.78 -1465.11
3063 -926.05 -1766.91
3064 -907.25 -1768.6
3065 -3402.21 -1123.07
3066 -2421.95 -1500.82
3067 -2877.52 -1354
3068 -3633.06 -989.611
3069 -339.93 -1802.99
3070 -3773.93 -893.409
3071 -3486.4 -1077.31
3072 -3107.02 -1262.88
3073 -3390.63 -1129.14
3074 -2030.67 -1598.42
3075 -1438.1 -1706.4
3076 -3159.25 -1240.18
3077 -973.25 -1762.5
3078 -741.83 -1781.94
3079 -861.4 -1772.58
3080 -2572.7 -1456.62
3081 -2850.67 -1363.83
3082 -3913.16 -782.54
3083 -550.65 -1793.94
3084 -2038.67 -1596.65
3085 -2751.46 -1398.76
3086 -3936.71 -761.757
3087 -3970.4 -730.771
3088 -3913.07 -782.618
3089 -3665.23 -968.798
3090 -3693.33 -950.09
3091 -979.27 -1761.92
3092 -582.73 -1792.17
3093 -1381.63 -1714.48
3094 -1388.84 -1713.47
3095 -973.51 -1762.47
3096 -4267.36 -330.642
3097 -3294.31 -1177.6
3098 -3851.03 -834.336
3099 -3560.42 -1034.43
3100 -3634.25 -988.852
3101 -2768.49 -1392.91
3102 -2190.34 -1561.39
3103 -2401.27 -1506.58
3104 -1819.12 -1642.05
3105 -4221.02 -421.443
3106 -3322.9 -1163.57
3107 -121.89 -1807.83
3108 -337.79 -1803.06
3109 -4064.73 -634.379
3110 -983.3 -1761.53
3111 -2910.5 -1341.71
3112 -2058.92 -1592.13
3113 -556.46 -1793.62
3114 -2944.67 -1328.7
3115 -3581.12 -1021.95
3116 -2791.44 -1384.93
3117 -2541.39 -1466.13
3118 -3211.52 -1216.65
3119 -1848.03 -1636.44
3120 -1350.14 -1718.83
3121 -2048.37 -1594.49
3122 -2827.3 -1372.25
3123 -1932.88 -1619.33
3124 -3430.01 -1108.29
3125 -3699.66 -945.804
3126 -2389.91 -1509.71
3127 -3357.37 -1146.26
3128 -2653.98 -1431.08
3129 -1900.94 -1625.88
3130 -2061.32 -1591.59
3131 -1948.23 -1616.13
3132 -329.43 -1803.33
3133 -3735.18 -921.248
3134 -3833.02 -848.612
3135 -1632.08 -1675.83
3136 -3099.72 -1266
3137 -2299.44 -1533.91
3138 -1237.49 -1733.49
3139 -2921.04 -1337.73
3140 -2024.18 -1599.85
3141 -1704.31 -1663.3
3142 -1491.54 -1698.42
3143 -3566.62 -1030.72
3144 -1744.29 -1656.09
3145 -3919.73 -776.811
3146 -2291.26 -1536.04
3147 -195.73 -1806.71
3148 -2121.12 -1577.89
3149 -1162.79 -1742.44
3150 -1527.28 -1692.89
3151 -2954.79 -1324.8
3152 -2694.68 -1417.82
3153 -14.58 -1808.54
3154 -31.19 -1808.5
3155 -1784.69 -1648.6
3156 -3197.77 -1222.92
3157 -2421.1 -1501.06
3158 -285.59 -1804.63
3159 -1511.75 -1695.31
3160 -3805.56 -869.804
3161 -1830.43 -1639.87
3162 -3459.98 -1092
3163 -4135 -549.912
3164 -1225.61 -1734.95
3165 -2436.52 -1496.72
3166 -910.6 -1768.3
3167 -4325.34 -151.096
3168 -395.97 -1801.01
3169 -2148.09 -1571.54
3170 -2906.38 -1343.26
3171 -1903.67 -1625.33
3172 -3852.41 -833.23
3173 -3881.44 -809.502
3174 -613.81 -1790.37
3175 -1256.7 -1731.09
3176 -3461.17 -1091.35
3177 -2905.08 -1343.75
3178 -935.96 -1766
3179 -725.82 -1783.08
3180 -3551.39 -1039.81
3181 -2463.24 -1489.11
3182 -3164.13 -1238.02
3183 -1906.07 -1624.84
3184 -1961.35 -1613.38
3185 -3195.32 -1224.04
3186 -3174.29 -1233.5
3187 -819.12 -1776.05
3188 -1276.42 -1728.58
3189 -3459.88 -1092.06
3190 -1814.39 -1642.96
3191 -741.98 -1781.93
3192 -433.83 -1799.49
3193 -417.89 -1800.15
3194 -20.5 -1808.53
3195 -1659.44 -1671.16
3196 -2854.41 -1362.47
3197 -931.1 -1766.45
3198 -1128.3 -1746.38
3199 -2733.9 -1404.72
3200 -2562.72 -1459.67
3201 -3518.2 -1059.21
3202 -297.57 -1804.29
3203 -1558.65 -1687.92
3204 -2543.16 -1465.6
3205 -911.39 -1768.23
3206 -2298.87 -1534.06
3207 -1147.86 -1744.16
3208 -3816.47 -861.465
3209 -2718.35 -1409.95
3210 -1873.68 -1631.37
3211 -2511.38 -1475.08
3212 -325.12 -1803.47
3213 -181.33 -1806.97
3214 -77.45 -1808.26
3215 -1769.99 -1651.35
3216 -3376.65 -1136.39
3217 -3251.74 -1197.96
3218 -2072.63 -1589.04
3219 -4136.59 -547.832
3220 -1855.14 -1635.04
3221 -3887.02 -804.84
3222 -22.09 -1808.52
3223 -2288.97 -1536.63
3224 -4304.91 -231.172
3225 -42.6 -1808.46
3226 -3431.94 -1107.26
3227 -2302.84 -1533.03
3228 -457.22 -1798.49
3229 -4043.76 -657.234
3230 -696.75 -1785.09
3231 -2503.46 -1477.42
3232 -3221.97 -1211.85
3233 -477.84 -1797.55
3234 -4062.11 -637.286
3235 -908.65 -1768.47
3236 -872.75 -1771.61
3237 -1504.51 -1696.43
3238 -2056.51 -1592.67
3239 -4172.74 -497.966
3240 -3706.38 -941.225
3241 -3413.71 -1117
3242 -2344.12 -1522.13
3243 -4031.5 -670.183
3244 -3595.04 -1013.43
3245 -2421.58 -1500.93
3246 -1461.49 -1702.94
3247 -2631.69 -1438.21
3248 -816.84 -1776.23
3249 -3534.12 -1049.97
3250 -1911.8 -1623.67
3251 -2155.51 -1569.78
3252 -2564.66 -1459.08
3253 -1933.9 -1619.12
3254 -3928 -769.524
3255 -2013.09 -1602.27
3256 -1976.5 -1610.16
3257 -2503.46 -1477.42
3258 -4315.94 -192.177
3259 -1917.24 -1622.55
3260 -2207.23 -1557.25
3261 -156.21 -1807.38
3262 -80.71 -1808.23
3263 -572.72 -1792.74
3264 -117.57 -1807.88
3265 -3626.34 -993.881
3266 -1481.37 -1699.96
3267 -990.33 -1760.84
3268 -274.37 -1804.93
3269 -3021.41 -1298.45
3270 -306.59 -1804.03
3271 -3980.76 -720.92
3272 -2095.12 -1583.91
3273 -2650.72 -1432.13
3274 -3672.26 -964.165
3275 -833.69 -1774.87
3276 -215.82 -1806.31
3277 -277.28 -1804.85
3278 -2948.9 -1327.07
3279 -516.18 -1795.71
3280 -3294.92 -1177.3
3281 -520.71 -1795.49
3282 -2671.69 -1425.35
3283 -1519.59 -1694.09
3284 -2454.61 -1491.58
3285 -1743.22 -1656.28
3286 -3016.2 -1300.55
3287 -3914.63 -781.263
3288 -4246.68 -374.021
3289 -2992.14 -1310.16
3290 -1491.87 -1698.36
3291 -2113.91 -1579.57
3292 -2631.87 -1438.15
3293 -1572.58 -1685.68
3294 -2170.15 -1566.27
3295 -2749.45 -1399.44
3296 -342.45 -1802.91
3297 -3135.05 -1250.8
3298 -3223.3 -1211.23
3299 -616.82 -1790.19
3300 -1816.46 -1642.56
3301 -3529.89 -1052.44
3302 -257.58 -1805.36
3303 -3395.1 -1126.8
3304 -1324.13 -1722.34
3305 -3413.37 -1117.18
3306 -4228.79 -407.695
3307 -1023.47 -1757.55
3308 -3690.65 -951.896
3309 -2837.7 -1368.52
3310 -1539.66 -1690.94
3311 -2645.57 -1433.78
3312 -3358.41 -1145.73
3313 -3694.87 -949.049
3314 -3648.68 -979.583
3315 -956.54 -1764.09
3316 1098.09 -1749.72
3317 2324.89 -1527.24
3318 531.17 -1794.95
3319 1004.78 -1759.42
3320 460.55 -1798.34
3321 2023.04 -1600.1
3322 2602.21 -1447.49
3323 3092.43 -1269.09
3324 3079.15 -1274.68
3325 432.37 -1799.55
3326 985.4 -1761.33
3327 3421.6 -1112.8
3328 3050.94 -1286.4
3329 3692.22 -950.838
3330 3521.94 -1057.05
3331 10.92 -1808.54
3332 2365.63 -1516.34
3333 3263.05 -1192.61
3334 3406.02 -1121.07
3335 3689.77 -952.488
3336 2336.42 -1524.18
3337 3294.82 -1177.35
3338 373.24 -1801.85
3339 1687.07 -1666.35
3340 1276.04 -1728.63
3341 1396.42 -1712.4
3342 4332.64 -108.891
3343 294.45 -1804.38
3344 751.3 -1781.25
3345 3641.33 -984.32
3346 1250.99 -1731.8
3347 1849.39 -1636.17
3348 1109.74 -1748.44
3349 1265.68 -1729.95
3350 2854.17 -1362.56
3351 1570.29 -1686.05
3352 3288.72 -1180.31
3353 599.91 -1791.19
3354 4146.24 -535.017
3355 1511.39 -1695.37
3356 515.8 -1795.73
3357 275.16 -1804.91
3358 76.51 -1808.27
3359 3566.74 -1030.64
3360 3967.38 -733.613
3361 3598.46 -1011.32
3362 3577.66 -1024.05
3363 1993.02 -1606.62
3364 2521.51 -1472.08
3365 2127.2 -1576.47
3366 826.31 -1775.47
3367 517.93 -1795.63
3368 565.54 -1793.13
3369 683.07 -1786.01
3370 2205 -1557.8
3371 1841.58 -1637.7
3372 2079.5 -1587.48
3373 1681.16 -1667.38
3374 1619.55 -1677.94
3375 2314.32 -1530.02
3376 466.01 -1798.09
3377 2354.06 -1519.46
3378 4163.71 -510.92
3379 1575.75 -1685.16
3380 3619.74 -998.049
3381 2161.41 -1568.37
3382 3146.05 -1246
3383 2051.99 -1593.68
3384 2244.84 -1547.89
3385 2435.81 -1496.92
3386 3563.38 -1032.66
3387 2760.64 -1395.61
3388 2710.98 -1412.41
3389 3639.9 -985.238
3390 1470.9 -1701.54
3391 2338.36 -1523.66
3392 2381.88 -1511.92
3393 192.08 -1806.78
3394 3814.9 -862.672
3395 563.39 -1793.25
3396 2319.28 -1528.72
3397 4124.73 -563.143
3398 564.84 -1793.17
3399 2368.35 -1515.6
3400 467.81 -1798.01
3401 2253.36 -1545.74
3402 4209.93 -440.28
3403 2030.83 -1598.38
3404 3934.52 -763.719
3405 973.01 -1762.52
3406 5.15 -1808.55
3407 3884.06 -807.317
3408 2810.59 -1378.19
3409 3652.38 -977.187
3410 1119.81 -1747.32
3411 2090.34 -1585.01
3412 1473.79 -1701.1
3413 3749.38 -911.178
3414 3625.85 -994.191
3415 3718.63 -932.799
3416 1845.2 -1636.99
3417 2849.23 -1364.35
3418 1622.79 -1677.39
3419 216.18 -1806.3
3420 1632.65 -1675.73
3421 3093.69 -1268.55
3422 2038.06 -1596.78
3423 4014.53 -687.641
3424 3285.77 -1181.73
3425 996.49 -1760.24
3426 4061.44 -638.027
3427 748.58 -1781.45
3428 781.22 -1779.01
3429 286.28 -1804.61
3430 3116.93 -1258.64
3431 732.55 -1782.6
3432 2539.64 -1466.66
3433 2986.86 -1312.25
3434 2763.38 -1394.67
3435 1617.69 -1678.25
3436 3443.39 -1101.07
3437 2252.05 -1546.07
3438 645.27 -1788.45
3439 1913.99 -1623.22
3440 1564.44 -1686.99
3441 1248.6 -1732.1
3442 3487.85 -1076.5
3443 2521.75 -1472.01
3444 657.99 -1787.65
3445 2773.7 -1391.11
3446 1383.91 -1714.16
3447 1986.71 -1607.98
3448 766.45 -1780.13
3449 2490.22 -1481.3
3450 1686.41 -1666.46
3451 1882.63 -1629.58
3452 1243.92 -1732.69
3453 3207.99 -1218.27
3454 1040.68 -1755.8
3455 4013.21 -688.977
3456 4204.48 -449.231
3457 762.13 -1780.45
3458 421.79 -1799.99
3459 645.71 -1788.42
3460 531.93 -1794.92
3461 3538.72 -1047.28
3462 1378.26 -1714.95
3463 2555.1 -1461.99
3464 1669.11 -1669.48
3465 3625.17 -994.622
3466 3656.31 -974.632
3467 772.5 -1779.67
3468 1537.22 -1691.33
3469 4301.58 -241.694
3470 2170.01 -1566.31
3471 2585.18 -1452.78
3472 1210.18 -1736.83
3473 1317.86 -1723.17
3474 250.46 -1805.53
3475 1351.69 -1718.62
3476 3575.08 -1025.62
3477 1634.37 -1675.44
3478 3338.4 -1155.84
3479 3825.06 -854.825
3480 4124.59 -563.321
3481 168.33 -1807.19
3482 1367.69 -1716.42
3483 512.03 -1795.92
3484 3376.33 -1136.55
3485 2408.37 -1504.61
3486 185.25 -1806.9
3487 3240.81 -1203.09
3488 2654.02 -1431.07
3489 607.04 -1790.77
3490 3886.52 -805.259
3491 3185.96 -1228.26
3492 3629.29 -992.01
3493 408.31 -1800.53
3494 1401.06 -1711.74
3495 958.4 -1763.91
3496 4033.48 -668.111
3497 717.37 -1783.68
3498 1214.42 -1736.32
3499 714.22 -1783.9
3500 678.95 -1786.29
3501 2867.96 -1357.52
3502 3299.41 -1175.12
3503 1372.65 -1715.73
3504 3669.34 -966.093
3505 3549.87 -1040.71
3506 2724.35 -1407.94
3507 2904.43 -1343.99
3508 327.76 -1803.38
3509 1206.27 -1737.3
3510 1873.01 -1631.5
3511 3935.87 -762.511
3512 1374.61 -1715.46
3513 3240.7 -1203.14
3514 107.91 -1807.99
3515 410.94 -1800.42
3516 792.59 -1778.14
3517 4116.68 -573.278
3518 3135.27 -1250.7
3519 3446.62 -1099.31
3520 4207.24 -444.722
3521 2165.32 -1567.43
3522 1776.1 -1650.21
3523 3496.53 -1071.6
3524 2573.63 -1456.34
3525 3177.16 -1232.22
3526 3938.45 -760.194
3527 1750.63 -1654.93
3528 3378.05 -1135.66
3529 296.4 -1804.33
3530 2464.85 -1488.65
3531 3540.52 -1046.22
3532 2647.88 -1433.04
3533 907.78 -1768.55
3534 573.17 -1792.71
3535 1977.22 -1610.01
3536 3941.17 -757.743
3537 2781.04 -1388.56
3538 541.65 -1794.41
3539 4268.93 -327.104
3540 3987.32 -714.598
3541 2414.66 -1502.86
3542 3348.33 -1150.84
3543 1021.93 -1757.71
3544 798.88 -1777.65
3545 3456.24 -1094.06
3546 916.39 -1767.78
3547 1591.48 -1682.59
3548 2716.44 -1410.59
3549 4051.66 -648.732
3550 181.62 -1806.96
3551 2583.68 -1453.24
3552 1876.98 -1630.71
3553 1957.72 -1614.14
3554 1223.74 -1735.18
3555 3934.13 -764.068
3556 278.4 -1804.82
3557 305.71 -1804.06
3558 1344.76 -1719.56
3559 3139.97 -1248.66
3560 85.63 -1808.2
3561 3293.14 -1178.16
3562 1824.01 -1641.11
3563 2733.51 -1404.85
3564 4200.92 -454.976
3565 2397.18 -1507.71
3566 370.74 -1801.94
3567 3802.1 -872.427
3568 838.23 -1774.5
3569 395.91 -1801.01
3570 3214.55 -1215.26
3571 485.55 -1797.2
3572 2294.1 -1535.3
3573 2222.88 -1553.38
3574 991 -1760.78
3575 3092.98 -1268.85
3576 822.64 -1775.77
3577 1907.39 -1624.57
3578 4167.98 -504.839
3579 3539.08 -1047.07
3580 1102.57 -1749.23
3581 3833.12 -848.534
3582 1266.29 -1729.87
3583 2463.08 -1489.16
3584 934.36 -1766.15
3585 1973.55 -1610.79
3586 2057.21 -1592.51
3587 696.28 -1785.13
3588 1762.78 -1652.68
3589 2885.5 -1351.05
3590 3836.25 -846.075
3591 1848.42 -1636.36
3592 1322.16 -1722.6
3593 1320.26 -1722.85
3594 241.93 -1805.74
3595 666.6 -1787.09
3596 3200.97 -1221.47
3597 96.19 -1808.1
3598 128.7 -1807.75
3599 3522.72 -1056.6
3600 492.11 -1796.89
3601 2826.78 -1372.43
3602 4008.27 -693.952
3603 2786.21 -1386.76
3604 709.66 -1784.21
3605 142.79 -1807.57
3606 1022.71 -1757.63
3607 1015.83 -1758.32
3608 1533.7 -1691.88
3609 334.22 -1803.18
3610 4038.43 -662.899
3611 2636.27 -1436.75
3612 3650.86 -978.172
3613 964.72 -1763.31
3614 759.35 -1780.66
3615 245.23 -1805.66
3616 2421.79 -1500.87
3617 2300.09 -1533.74
3618 941.51 -1765.49
3619 4184.58 -480.407
3620 329.11 -1803.34
3621 437.77 -1799.33
3622 1176.52 -1740.84
3623 1651.27 -1672.56
3624 1241.55 -1732.98
3625 901.97 -1769.07
3626 2317.87 -1529.09
3627 102.52 -1808.04
3628 998.17 -1760.08
3629 1930.1 -1619.91
3630 3625.24 -994.577
3631 973.8 -1762.44
3632 416.88 -1800.19
3633 2777.03 -1389.95
3634 3243.53 -1201.82
3635 610.06 -1790.6
3636 2919.82 -1338.19
3637 4266.24 -333.141
3638 1625.89 -1676.87
3639 113.52 -1807.93
3640 4083.98 -612.539
3641 807.85 -1776.95
3642 2749.8 -1399.32
3643 3394.85 -1126.93
3644 1256.09 -1731.16
3645 2992.67 -1309.95
3646 3640.08 -985.122
3647 3677.89 -960.432
3648 952.76 -1764.44
3649 4065.11 -633.956
3650 3005.99 -1304.65
3651 765.39 -1780.21
3652 162.88 -1807.27
3653 4182.51 -483.527
3654 2416.66 -1502.3
3655 887.96 -1770.3
3656 744.48 -1781.75
3657 394.54 -1801.06
3658 990.48 -1760.83
3659 1226.17 -1734.88
3660 1808.16 -1644.15
3661 275.73 -1804.89
3662 2199.97 -1559.03
3663 2225.04 -1552.85
3664 2536.28 -1467.67
3665 1103.5 -1749.12
3666 2318.62 -1528.89
3667 1116.11 -1747.73
3668 513.27 -1795.86
3669 3428.04 -1109.35
3670 713.15 -1783.97
3671 4080.77 -616.242
3672 4235.89 -394.692
3673 2946.47 -1328.01
3674 3135.62 -1250.55
3675 1151.98 -1743.69
3676 1599.15 -1681.33
3677 1919.22 -1622.15
3678 4313.39 -201.872
3679 2035.43 -1597.37
3680 1644.34 -1673.75
3681 2462.9 -1489.21
3682 2800.83 -1381.64
3683 1290.74 -1726.73
3684 2305.41 -1532.36
3685 361.01 -1802.28
3686 2178.7 -1564.21
3687 2533.42 -1468.53
3688 239.07 -1805.8
3689 2652.71 -1431.49
3690 3759.59 -903.845
3691 2047.23 -1594.75
3692 2411.96 -1503.61
3693 1103.09 -1749.17
3694 3755.79 -906.584
3695 608.24 -1790.7
3696 2206.59 -1557.41
3697 1734.42 -1657.89
3698 1207.87 -1737.11
3699 2203.38 -1558.2
3700 305.98 -1804.05
3701 1921.03 -1621.78
3702 1944.16 -1616.98
3703 201.87 -1806.59
3704 527.5 -1795.14
3705 223.3 -1806.15
3706 837.37 -1774.57
3707 1610.17 -1679.5
3708 2142.53 -1572.86
3709 294.29 -1804.39
3710 3129.13 -1253.37
3711 3270.39 -1189.12
3712 2757.19 -1396.8
3713 1073.48 -1752.36
3714 4044.65 -656.283
3715 722.61 -1783.31
3716 1434.49 -1706.93
3717 1366.88 -1716.53
3718 2739.55 -1402.81
3719 1673.57 -1668.71
3720 4019.59 -682.49
3721 1642.66 -1674.03
3722 3720.8 -931.296
3723 2091.55 -1584.73
3724 2745.75 -1400.7
3725 3136.6 -1250.13
3726 2183.31 -1563.1
3727 95.87 -1808.11
3728 14.54 -1808.54
3729 3391.19 -1128.84
3730 2299.25 -1533.96
3731 320.52 -1803.61
3732 972.22 -1762.6
3733 3726.93 -927.03
3734 5.91 -1808.55
3735 983.24 -1761.53
3736 3950.24 -749.499
3737 843.28 -1774.09
3738 2076.94 -1588.06
3739 1236.29 -1733.64
3740 621.09 -1789.94
3741 866.07 -1772.18
3742 3990.2 -711.802
3743 3378.29 -1135.54
3744 1939.55 -1617.94
3745 3694.85 -949.063
3746 3584.42 -1019.94
3747 3374.04 -1137.73
3748 205.25 -1806.52
3749 1467.49 -1702.05
3750 191.13 -1806.79
3751 4224.84 -414.744
3752 3110.15 -1261.55
3753 3911.94 -783.598
3754 1459.91 -1703.18
3755 1515.91 -1694.66
3756 2192.06 -1560.97
3757 3643.23 -983.099
3758 1611.78 -1679.24
3759 2206.6 -1557.41
3760 2177.94 -1564.4
3761 3911.03 -784.387
3762 2527.12 -1470.41
3763 2633.68 -1437.58
3764 3297.97 -1175.82
3765 2533.03 -1468.64
3766 3616.92 -999.823
3767 2391.73 -1509.21
3768 2859.83 -1360.49
3769 1353.86 -1718.32
3770 3628.02 -992.816
3771 3480.93 -1080.38
3772 2219.93 -1554.12
3773 2761.74 -1395.23
3774 2002.74 -1604.52
3775 3643 -983.247
3776 2116.59 -1578.95
3777 730.68 -1782.74
3778 2160.57 -1568.57
3779 2321.85 -1528.04
3780 2198.17 -1559.48
3781 2351.7 -1520.1
3782 1690.21 -1665.79
3783 968.32 -1762.97
3784 1923.64 -1621.24
3785 2633.65 -1437.59
3786 2484.23 -1483.04
3787 4115.7 -574.499
3788 1420.4 -1708.97
3789 4096.01 -598.431
3790 1982.3 -1608.92
3791 3598.34 -1011.39
3792 3150.57 -1244.01
3793 3992.94 -709.129
3794 1892.02 -1627.69
3795 1592.06 -1682.5
3796 1669.49 -1669.42
3797 652.46 -1788
3798 3983.79 -718.008
3799 189.33 -1806.83
3800 2006.33 -1603.74
3801 2755.33 -1397.43
3802 3153.78 -1242.6
3803 3709.78 -938.897
3804 1177.07 -1740.78
3805 300.04 -1804.22
3806 2496.31 -1479.52
3807 2777.18 -1389.9
3808 1030.72 -1756.82
3809 316.88 -1803.72
3810 242.55 -1805.72
3811 3228.89 -1208.64
3812 2668.58 -1426.36
3813 1416.29 -1709.56
3814 3680.73 -958.541
3815 252.23 -1805.49
3816 4049.94 -650.594
3817 1824.97 -1640.92
3818 3851.45 -834
3819 1130.34 -1746.15
3820 1064.5 -1753.32
3821 977.28 -1762.11
3822 4212.2 -436.494
3823 3698.59 -946.53
3824 630.22 -1789.38
3825 1764.22 -1652.42
3826 950.65 -1764.64
3827 2299.72 -1533.84
3828 1900.2 -1626.03
3829 77.96 -1808.26
3830 1972.57 -1611
3831 3906.53 -788.27
3832 2316.81 -1529.37
3833 269.87 -1805.05
3834 2759.84 -1395.89
3835 2977.4 -1315.98
3836 53.43 -1808.41
3837 916.15 -1767.8
3838 1414.59 -1709.81
3839 567.67 -1793.01
3840 1233.03 -1734.04
3841 1140.66 -1744.98
3842 3280.08 -1184.47
3843 3901.61 -792.489
3844 2556.95 -1461.43
3845 2620.81 -1441.66
3846 3637.36 -986.865
3847 2266.89 -1542.3
3848 3929.3 -768.371
3849 3148.82 -1244.78
3850 2880.75 -1352.81
3851 653.81 -1787.91
3852 4126.1 -561.398
3853 2752.95 -1398.25
3854 12.4 -1808.54
3855 4239.84 -387.259
3856 4000.69 -701.505
3857 446.58 -1798.95
3858 1683.08 -1667.05
3859 1560.9 -1687.56
3860 524.54 -1795.29
3861 3139.17 -1249.01
3862 610.95 -1790.54
3863 2324.88 -1527.24
3864 2892.56 -1348.43
3865 2854.31 -1362.51
3866 962.28 -1763.54
3867 2945.99 -1328.19
3868 3253.98 -1196.91
3869 2376.87 -1513.28
3870 3513.66 -1061.83
3871 147.01 -1807.51
3872 3517.54 -1059.59
3873 2453.74 -1491.83
3874 3532.15 -1051.12
3875 1218.01 -1735.88
3876 218.08 -1806.26
3877 2313.03 -1530.36
3878 2968.43 -1319.49
3879 4147.38 -533.481
3880 1121.85 -1747.1
3881 1509.18 -1695.71
3882 4284.71 -289.074
3883 391.47 -1801.18
3884 3745.66 -913.831
3885 4297.12 -255.096
3886 4114.84 -575.567
3887 3406.35 -1120.89
3888 4227.22 -410.512
3889 1457.92 -1703.48
3890 110.77 -1807.96
3891 4235.28 -395.827
3892 257.1 -1805.37
3893 205.25 -1806.52
3894 2220.16 -1554.06
3895 2633.18 -1437.74
3896 3059.56 -1282.84
3897 3182.45 -1229.84
3898 1239.18 -1733.28
3899 1973.55 -1610.79
3900 702.84 -1784.68
3901 4236.36 -393.815
3902 1604.08 -1680.52
3903 3703.9 -942.919
3904 1833.63 -1639.25
3905 796.23 -1777.86
3906 581.92 -1792.22
3907 2051.71 -1593.75
3908 2592.79 -1450.43
3909 3550.35 -1040.42
3910 1859.09 -1634.26
3911 3714.64 -935.555
3912 203.05 -1806.57
3913 1803.81 -1644.98
3914 3589.64 -1016.75
3915 3948.71 -750.897
3916 1244.45 -1732.62
3917 3364.48 -1142.63
3918 2498.59 -1478.85
3919 1131.67 -1746
3920 4305.92 -227.883
3921 2092.88 -1584.43
3922 510.47 -1796
3923 4046.54 -654.257
3924 2298.13 -1534.25
3925 2730.64 -1405.82
3926 2339.73 -1523.3
3927 501.22 -1796.45
3928 1056.61 -1754.14
3929 3062.43 -1281.65
3930 2474.77 -1485.79
3931 1759.45 -1653.3
3932 2958.79 -1323.24
3933 4078.85 -618.445
3934 1123.36 -1746.93
3935 452.42 -1798.7
3936 18.61 -1808.53
3937 1188.8 -1739.39
3938 2504.13 -1477.22
3939 2611.4 -1444.62
3940 4222.67 -418.563
3941 3846.75 -837.757
3942 1469.56 -1701.74
3943 85.72 -1808.19
3944 1310.56 -1724.14
3945 202.72 -1806.57
3946 3517.96 -1059.35
3947 2038.53 -1596.68
3948 3050.72 -1286.49
3949 1160.07 -1742.76
3950 2653.72 -1431.17
3951 2500.17 -1478.39
3952 3252.95 -1197.39
3953 3164.19 -1238
3954 2206.71 -1557.38
3955 694.61 -1785.24
3956 1554.83 -1688.53
3957 4029.96 -671.789
3958 1195.83 -1738.56
3959 2611.44 -1444.6
3960 2752.39 -1398.44
3961 3154.12 -1242.45
3962 3854.42 -831.614
3963 854.71 -1773.14
3964 2376.49 -1513.39
3965 637.78 -1788.92
3966 790.65 -1778.29
3967 2395.1 -1508.29
3968 1310.1 -1724.2
3969 2778.31 -1389.51
3970 150.02 -1807.47
3971 1192.77 -1738.92
3972 2285.06 -1537.64
3973 1103.11 -1749.17
3974 762.01 -1780.46
3975 3079.14 -1274.68
3976 1305.83 -1724.76
3977 4279.97 -301.018
3978 777.67 -1779.28
3979 3840.08 -843.053
3980 583.56 -1792.13
3981 2914.91 -1340.05
3982 2000.25 -1605.06
3983 3320.04 -1164.98
3984 1739.1 -1657.03
3985 4206.96 -445.181
3986 4014.65 -687.519
3987 2777.46 -1389.81
3988 3380.45 -1134.42
3989 354 -1802.52
3990 532.42 -1794.89
3991 1276.36 -1728.59
3992 3508.12 -1065
3993 46.84 -1808.44
3994 2131.07 -1575.56
3995 1028.13 -1757.08
3996 168.14 -1807.19
3997 2405.25 -1505.48
3998 3423.24 -1111.92
3999 1478.24 -1700.43
4000 843.56 -1774.06
4001 3056.78 -1283.99
4002 2154.53 -1570.01
4003 2612.14 -1444.39
4004 4159.89 -516.294
4005 2916.55 -1339.43
4006 1351.28 -1718.67
4007 609.25 -1790.64
4008 2340.04 -1523.22
4009 1612.47 -1679.12
4010 109.33 -1807.97
4011 2923.61 -1336.75
4012 187.38 -1806.86
4013 2109.58 -1580.58
4014 1903.65 -1625.33
4015 1410 -1710.46
4016 1460.06 -1703.16
4017 1061.82 -1753.6
4018 4187.46 -476.031
4019 4324.03 -157.471
4020 899.34 -1769.3
4021 379.89 -1801.61
4022 1260.4 -1730.62
4023 3890.98 -801.511
4024 426.73 -1799.79
4025 2874.99 -1354.94
4026 579.11 -1792.38
4027 78.4 -1808.25
4028 940.24 -1765.61
4029 3485.87 -1077.61
4030 1556.64 -1688.24
4031 1267.32 -1729.74
4032 2202.66 -1558.38
4033 3711.18 -937.936
4034 3879.46 -811.148
4035 1506.07 -1696.19
4036 2287.73 -1536.95
4037 374.26 -1801.81
4038 1598.84 -1681.38
4039 287.77 -1804.57
4040 1986.73 -1607.98
4041 1191.69 -1739.05
4042 2694.9 -1417.74
4043 1657.63 -1671.47
4044 2784.79 -1387.26
4045 258.55 -1805.34
4046 2551.16 -1463.19
4047 3728.38 -926.018
4048 803.89 -1777.26
4049 2398.62 -1507.31
4050 3712.41 -937.091
4051 1703.23 -1663.49
4052 2262.03 -1543.54
4053 632.81 -1789.22
4054 737.73 -1782.23
4055 2172.29 -1565.76
4056 2991.33 -1310.48
4057 1316.85 -1723.31
4058 2250.69 -1546.42
4059 3415.09 -1116.26
4060 462.72 -1798.24
4061 3807.33 -868.458
4062 342.42 -1802.91
4063 2148.9 -1571.35
4064 2662.03 -1428.48
4065 4221.88 -419.945
4066 3138.5 -1249.3
4067 93.28 -1808.13
4068 256.15 -1805.4
4069 4220.86 -421.721
4070 381.06 -1801.56
4071 1726.4 -1659.34
4072 1072.56 -1752.46
4073 2559.48 -1460.66
4074 2867.56 -1357.67
4075 3857.35 -829.252
4076 2818.04 -1375.55
4077 1078.72 -1751.81
4078 3245.73 -1200.79
4079 3105.45 -1263.55
4080 2960.86 -1322.44
4081 2101.67 -1582.4
4082 4292.21 -269.065
4083 882.9 -1770.74
4084 2734.48 -1404.52
4085 689.94 -1785.55
4086 3055.19 -1284.65
4087 869.33 -1771.9
4088 2006.79 -1603.64
4089 449.4 -1798.83
4090 4284.43 -289.794
4091 1953.04 -1615.12
4092 4256.73 -353.631
4093 286.85 -1804.59
4094 3585.46 -1019.31
4095 2578.77 -1454.76
4096 3992.25 -709.803
4097 1867.48 -1632.6
4098 2672.05 -1425.23
4099 3731.92 -923.539
4100 1748.35 -1655.34
4101 2536.63 -1467.56
4102 601.85 -1791.08
4103 2304.43 -1532.61
4104 756.12 -1780.9
4105 2952.93 -1325.52
4106 1305.3 -1724.83
4107 3057.68 -1283.62
4108 4031.65 -670.026
4109 4034.56 -666.978
4110 1306.65 -1724.65
4111 2136.03 -1574.4
4112 1796.23 -1646.42
4113 1258.86 -1730.81
4114 3018.93 -1299.45
4115 4014.23 -687.945
4116 1948.81 -1616.01
4117 1217.64 -1735.93
4118 543.57 -1794.31
4119 3439.12 -1103.38
4120 1667.04 -1669.84
4121 488 -1797.08
4122 535.68 -1794.72
4123 1067.3 -1753.02
4124 258.37 -1805.34
4125 4121.15 -567.675
4126 3129.59 -1253.17
4127 3734.14 -921.979
4128 1132.15 -1745.94
4129 945.16 -1765.15
4130 3126.07 -1254.7
4131 2880.5 -1352.9
4132 2965.32 -1320.7
4133 3211.44 -1216.69
4134 844.93 -1773.95
4135 3204.96 -1219.65
4136 1824.37 -1641.04
4137 1633.76 -1675.54
4138 1406.16 -1711.01
4139 1516.02 -1694.65
4140 1328.32 -1721.78
4141 2712.81 -1411.8
4142 3135.57 -1250.57
4143 3124.55 -1255.35
4144 3455.2 -1094.63
4145 1298.03 -1725.78
4146 2798.78 -1382.36
4147 547.53 -1794.1
4148 2515.67 -1473.81
4149 2825.87 -1372.76
4150 3986.65 -715.247
4151 3666.24 -968.134
4152 3313.87 -1168.03
4153 4005.86 -696.364
4154 4217.06 -428.27
4155 3055.76 -1284.41
4156 3270.53 -1189.05
4157 2490.17 -1481.31
4158 2449.91 -1492.92
4159 62.68 -1808.36
4160 3435.33 -1105.43
4161 719.5 -1783.53
4162 2943.19 -1329.27
4163 1544.17 -1690.23
4164 3930.94 -766.913
4165 3271.64 -1188.52
4166 409.13 -1800.5
4167 1415.31 -1709.7
4168 565.4 -1793.14
4169 1815.29 -1642.79
4170 2414.85 -1502.81
4171 1377.24 -1715.09
4172 4011.63 -690.573
4173 1210.42 -1736.8
4174 161.79 -1807.29
4175 3126.83 -1254.37
4176 2508.45 -1475.95
4177 2444.1 -1494.58
4178 3674.36 -962.775
4179 167.65 -1807.2
4180 929.97 -1766.55
4181 2804.53 -1380.34
4182 3317.41 -1166.28
4183 3727.37 -926.723
4184 2470.39 -1487.05
4185 3194.47 -1224.42
4186 2443.13 -1494.85
4187 1400.92 -1711.76
4188 828.16 -1775.32
4189 36.56 -1808.48
4190 1463.61 -1702.63
4191 4263.49 -339.198
4192 756.06 -1780.9
4193 3890.32 -802.067
4194 951.19 -1764.59
4195 4170.52 -501.184
4196 2305.48 -1532.34
4197 1360.32 -1717.43
4198 1245.83 -1732.45
4199 2354.41 -1519.37
4200 2659.14 -1429.42
4201 3660.68 -971.78
4202 3731.65 -923.728
4203 2330.77 -1525.68
4204 14.63 -1808.54
4205 3893.45 -799.426
4206 601.12 -1791.12
4207 2523.08 -1471.61
4208 1481.07 -1700
4209 4275.48 -311.899
4210 2174.25 -1565.29
4211 2411.04 -1503.87
4212 2223.53 -1553.22
4213 1151.66 -1743.73
4214 1798.41 -1646.01
4215 353.93 -1802.53
4216 3829.65 -851.25
4217 3725.07 -928.327
4218 1238.37 -1733.38
4219 317.81 -1803.69
4220 3761.63 -902.37
4221 2701.98 -1415.4
4222 4064.83 -634.268
4223 4001.22 -700.98
4224 1735.82 -1657.63
4225 676.02 -1786.48
4226 3831.74 -849.615
4227 3524.83 -1055.38
4228 1519.86 -1694.05
4229 737.58 -1782.24
4230 1539.24 -1691.01
4231 4179 -488.767
4232 3881.78 -809.219
4233 930.89 -1766.47
4234 1653.29 -1672.21
4235 3379.93 -1134.69
4236 4307.86 -221.426
4237 2254.41 -1545.47
4238 1046.54 -1755.19
4239 1448.93 -1704.81
4240 1673.41 -1668.74
4241 3220.79 -1212.39
4242 3343.5 -1153.28
4243 3896.95 -796.46
4244 3855.98 -830.358
4245 801.91 -1777.41
4246 4250.88 -365.644
4247 2829.15 -1371.59
4248 186.98 -1806.87
4249 632.77 -1789.23
4250 2630.49 -1438.59
4251 3432.14 -1107.15
4252 2818.28 -1375.46
4253 2355.32 -1519.12
4254 3093.36 -1268.69
4255 214.1 -1806.35
4256 2514.86 -1474.05
4257 2585.1 -1452.81
4258 3738.93 -918.603
4259 4034.72 -666.81
4260 2806.2 -1379.75
4261 421.69 -1799.99
4262 3357.25 -1146.32
4263 1831.51 -1639.66
4264 836.11 -1774.68
4265 670.54 -1786.84
4266 871.44 -1771.72
4267 803.97 -1777.25
4268 2924.96 -1336.24
4269 1917.98 -1622.4
4270 1736.43 -1657.52
4271 258.37 -1805.34
4272 282.3 -1804.72
4273 223.45 -1806.15
4274 3638.84 -985.917
4275 4138.28 -545.611
4276 1025.36 -1757.36
4277 3033.24 -1293.65
4278 2627.43 -1439.56
4279 695.87 -1785.15
4280 3666.02 -968.278
4281 917.92 -1767.64
4282 4128.01 -558.955
4283 2144.3 -1572.44
4284 2756.76 -1396.94
4285 2881.37 -1352.58
4286 1841.92 -1637.63
4287 415.14 -1800.26
4288 609.99 -1790.6
4289 1240.86 -1733.07
4290 109.87 -1807.97
4291 2899.72 -1345.76
4292 1662.55 -1670.62
4293 3467.12 -1088.06
4294 391.23 -1801.19
4295 2498.66 -1478.83
4296 3621.18 -997.142
4297 746.19 -1781.62
4298 2786.16 -1386.78
4299 1689.66 -1665.89
4300 2147.7 -1571.64
4301 4006.11 -696.114
4302 1431.56 -1707.35
4303 2430 -1498.56
4304 4229.56 -406.306
4305 730.4 -1782.76
4306 1711.8 -1661.96
4307 398.44 -1800.91
4308 3763.65 -900.907
4309 3822.75 -856.617
4310 1094.31 -1750.13
4311 3089.67 -1270.25
4312 400.68 -1800.83
4313 882.32 -1770.79
4314 377.49 -1801.7
4315 2640.96 -1435.26
4316 3247.21 -1200.09
4317 2219.41 -1554.24
4318 3056.11 -1284.27
4319 3340.73 -1154.67
4320 2943.79 -1329.04
4321 2649.5 -1432.52
4322 1900.45 -1625.98
4323 4089.87 -605.678
4324 1260.14 -1730.65
4325 1775.2 -1650.38
4326 1732.05 -1658.32
4327 541.32 -1794.43
4328 2521.39 -1472.12
4329 178.21 -1807.02
4330 1714.51 -1661.48
4331 329.09 -1803.34
4332 3667.84 -967.081
4333 3146.07 -1245.99
4334 2242.61 -1548.45
4335 3040.92 -1290.52
4336 3876.47 -813.626
4337 3954.41 -745.671
4338 3439.37 -1103.25
4339 2783.64 -1387.66
4340 3437.17 -1104.44
4341 4017.2 -684.928
4342 1533.31 -1691.95
4343 3321.37 -1164.33
4344 559.53 -1793.46
4345 1394.32 -1712.69
4346 1105.85 -1748.87
4347 3290.26 -1179.56
4348 3613.74 -1001.82
4349 3645.48 -981.65
4350 2290.99 -1536.11
4351 2217.53 -1554.71
4352 1954.98 -1614.72
4353 4191.44 -469.91
4354 1450.92 -1704.51
4355 3215.12 -1215
4356 1626.64 -1676.75
4357 3182.98 -1229.6
4358 3239.97 -1203.49
4359 3631.56 -990.566
4360 2844.71 -1365.99
4361 614.48 -1790.33
4362 3444.17 -1100.64
4363 2172.56 -1565.69
4364 3760.55 -903.151
4365 1346.79 -1719.29
4366 357 -1802.42
4367 2780.54 -1388.74
4368 444.72 -1799.03
4369 3796.37 -876.748
4370 1224.19 -1735.13
4371 3365.41 -1142.16
4372 2957.1 -1323.9
4373 2241.02 -1548.85
4374 1830.3 -1639.89
4375 3516.63 -1060.12
4376 3635.35 -988.15
4377 2419.68 -1501.46
4378 1950.41 -1615.68
4379 2392.61 -1508.97
4380 1725.16 -1659.56
4381 4241.41 -384.262
4382 4093.66 -601.216
4383 3163.67 -1238.23
4384 3576.37 -1024.83
4385 1204.59 -1737.51
4386 2038.79 -1596.62
4387 346.54 -1802.77
4388 47.57 -1808.44
4389 422.28 -1799.97
4390 3461.62 -1091.1
4391 2892.28 -1348.53
4392 520.28 -1795.51
4393 2565.79 -1458.74
4394 208.36 -1806.46
4395 3764.35 -900.399
4396 3396.1 -1126.28
4397 48.89 -1808.43
4398 2204.9 -1557.83
4399 3324.35 -1162.85
4400 3328.78 -1160.65
4401 2912.61 -1340.91
4402 1833.28 -1639.31
4403 1945.88 -1616.62
4404 813.63 -1776.49
4405 3663.59 -969.874
4406 606.03 -1790.83
4407 3932.5 -765.523
4408 1226.79 -1734.81
4409 2556.45 -1461.58
4410 1468.63 -1701.88
4411 2951.95 -1325.89
4412 1941.38 -1617.56
4413 1222.3 -1735.36
4414 1775.62 -1650.3
4415 1177.75 -1740.7
4416 2426.89 -1499.44
4417 3297.94 -1175.83
4418 1007.81 -1759.12
4419 1957.98 -1614.09
4420 129.43 1807.74
