%%index real_part   imaginary_part
1815 1815 1815
1 373.01 -39.2558
2 383.58 34.5532
3 315.94 56.9873
4 -143.37 -81.7789
5 -177.75 -78.7948
6 -150.13 81.2507
7 47.36 -86.5019
8 -3.88 -87.059
9 -282.23 -64.2085
10 135.15 82.3842
11 -242.72 70.8727
12 -399.88 -25.2913
13 -321.71 55.5685
14 397.12 -27.1132
15 340.88 -50.3643
16 268.71 66.6785
17 -82.04 -85.3686
18 207 75.6318
19 251.31 69.5611
20 -83.36 -85.3131
21 326.06 54.4569
22 -396.19 -27.6974
23 174.81 79.0797
24 -37.22 -86.7168
25 -95.45 84.7614
26 47.47 86.4993
27 -45.85 -86.5372
28 -0.82 -87.0626
29 15.68 -87.0015
30 -64.62 86.0156
31 -173.83 -79.1734
32 -299.31 -60.7588
33 -237.16 -71.685
34 132.83 82.5478
35 129.67 -82.7656
36 405.44 -21.1024
37 -181.82 -78.3907
38 93.64 -84.849
39 391.29 30.5716
40 106 -84.2155
41 -206.9 -75.6436
42 -349.24 -47.8137
43 98.89 -84.5901
44 270.58 -66.3495
45 10.44 -87.0356
46 322.85 -55.2808
47 301.55 60.2761
48 199.06 76.5513
49 298.41 60.9506
50 -187.38 -77.8203
51 -195.84 -76.9109
52 -308.89 58.6408
53 12.66 87.0228
54 391.99 30.1799
55 62.62 -86.0798
56 124.47 -83.1114
57 284.04 -63.8612
58 170.18 -79.5169
59 -30.21 -86.835
60 126.34 -82.9888
61 -352.68 46.705
62 -49.07 86.4605
63 178.32 -78.7388
64 67.55 85.9179
65 -172.14 -79.3335
66 -375.23 38.3266
67 -324.31 -54.9086
68 -125.14 83.0677
69 -193.92 -77.1218
70 11.89 87.0275
71 178.09 -78.7614
72 -235.89 -71.8667
73 -364.05 42.7511
74 -73.96 85.6885
75 53.2 -86.3544
76 -388.24 32.2151
77 150.92 81.1871
78 306.3 -59.2275
79 389.93 31.3167
80 112.72 83.8359
81 -325.57 -54.584
82 -143.79 -81.7469
83 293.27 -62.024
84 -275.22 65.516
85 -235.09 -71.9804
86 -235.51 71.9208
87 59.98 -86.1614
88 -163.02 -80.1653
89 -297.79 -61.0821
90 153.54 80.9736
91 273.6 65.8098
92 6.16 87.0533
93 63.81 -86.0419
94 -207.86 75.5293
95 335.36 51.9478
96 -30.96 -86.8235
97 333.42 52.487
98 -69.5 -85.8504
99 -274.39 -65.6669
100 -61.46 86.1161
101 352.65 -46.7148
102 -75.04 -85.6477
103 52 -86.3862
104 60.08 86.1584
105 -173.23 -79.2305
106 -103.69 -84.3403
107 -239.69 71.3189
108 144.65 -81.681
109 -124.87 -83.0853
110 -229.31 -72.7851
111 -400.2 -25.0707
112 -53.06 -86.3582
113 -241.71 71.0224
114 178.91 -78.6807
115 -215.89 -74.5452
116 341.23 50.2613
117 202.95 76.1067
118 -107.55 84.1302
119 -388.51 32.0736
120 339.13 50.8745
121 359.47 -44.4013
122 306.12 59.2679
123 185.22 78.0444
124 -307.11 59.0451
125 -292.16 -62.2509
126 58.71 -86.1993
127 -301.24 60.3434
128 102.16 84.4213
129 -364.96 42.413
130 189.07 77.6427
131 -393.9 -29.0805
132 -403.66 22.5349
133 293.37 -62.0034
134 -39 86.6828
135 -23.16 -86.929
136 -343.05 -49.7207
137 -344.39 49.317
138 20.34 -86.9596
139 -179.06 78.6659
140 111.41 -83.9119
141 122.73 83.2236
142 366.69 -41.7603
143 -308.86 58.6476
144 -190.95 -77.4428
145 21.37 86.9489
146 16.01 -86.9989
147 99.09 -84.5799
148 -132.61 -82.5631
149 -394.57 28.6836
150 -22.49 -86.9366
151 -265.52 -67.2309
152 156.09 80.7617
153 -246.83 -70.2539
154 135.47 -82.3614
155 375.65 -38.1476
156 -255.02 -68.9726
157 -78.82 85.5002
158 318.74 56.3064
159 318.99 56.245
160 -27.51 86.8739
161 -296.89 -61.2719
162 23.5 -86.925
163 -350.56 -47.3926
164 -244.39 70.6232
165 66.54 85.9521
166 181.13 -78.46
167 -173.23 79.2305
168 46.28 86.5273
169 -161.57 80.2926
170 186.72 77.8891
171 233.12 72.2579
172 6.51 -87.0522
173 -120.09 -83.3906
174 -295.24 -61.617
175 305.89 -59.3194
176 -249.44 -69.8527
177 312.38 -57.8328
178 -252.83 -69.3217
179 203.39 -76.0557
180 -388.15 32.2622
181 242.1 70.9647
182 -201.23 76.3046
183 80.67 -85.4253
184 51.2 86.4069
185 324.31 54.9086
186 271.18 -66.2431
187 146.81 -81.5136
188 -276.53 -65.2761
189 -145.09 81.6471
190 -317.97 56.4951
191 -235.21 -71.9634
192 117.63 -83.5426
193 -64.78 86.0104
194 -256.73 -68.6967
195 274.35 -65.6741
196 -260.2 68.1277
197 148.9 81.3489
198 189.7 -77.576
199 11.88 -87.0276
200 -194 -77.113
201 164.82 -80.0054
202 327.93 53.9674
203 -178.4 -78.731
204 6.78 87.0513
205 184.36 78.1328
206 353.48 -46.4417
207 5.63 87.0549
208 -287.18 -63.2487
209 -29.48 86.8459
210 -269.9 66.4696
211 221.64 -73.8092
212 373.29 39.1401
213 -262.57 -67.7319
214 292.7 62.1407
215 -192.31 -77.2966
216 191.27 -77.4085
217 67.7 -85.9128
218 44.44 -86.5691
219 151.51 81.1394
220 193.01 -77.2208
221 -69.92 85.8355
222 -17.44 -86.9869
223 399.7 -25.4145
224 277.01 -65.1877
225 323.09 -55.2199
226 395.28 -28.2561
227 166.3 79.8724
228 -31.55 86.8143
229 -256.76 68.6919
230 360.77 43.9413
231 26.13 86.8924
232 175.62 -79.0018
233 208.71 75.4275
234 227.77 -72.9947
235 315.6 -57.069
236 -239.55 -71.3393
237 -353.11 46.5637
238 -74.41 85.6715
239 354.15 -46.2197
240 -387.8 32.4444
241 274.77 65.5979
242 -66.22 -85.9628
243 -305.91 59.3149
244 -327.97 53.9568
245 -178.56 -78.7152
246 -296.52 -61.3496
247 -39.11 -86.6807
248 308.01 -58.8413
249 -389.7 -31.4407
250 189.16 77.6332
251 -145.91 -81.5837
252 83.36 85.3131
253 -265.44 -67.2446
254 333.9 -52.3544
255 -319.22 56.1883
256 -203.53 76.0394
257 -135.57 82.3542
258 111.17 83.9257
259 408.37 -18.4884
260 -32.94 86.7919
261 179.64 78.6085
262 287.12 -63.2605
263 113.98 -83.762
264 115.45 83.6745
265 272.77 65.9592
266 -143.57 81.7637
267 384.39 34.1603
268 -97.34 84.6681
269 190.82 -77.4567
270 14.48 87.0105
271 -202.63 76.1437
272 -366.53 -41.8212
273 -231.42 72.4947
274 -103.21 84.3658
275 -309.86 58.4182
276 25.44 86.9013
277 -210 75.272
278 239.1 71.4048
279 250.28 -69.7221
280 292.25 62.2326
281 -307.66 58.9207
282 25.4 86.9018
283 362.82 -43.2025
284 -410.41 -16.4111
285 85.05 85.2407
286 -122.96 83.2089
287 140.18 -82.0186
288 101.79 84.4407
289 -365.48 -42.2182
290 -259.09 68.3111
291 138.12 -82.1701
292 -352.67 46.7082
293 -185.39 -78.0269
294 -413.75 -12.2413
295 72.69 -85.7356
296 -174.51 79.1085
297 369.75 -40.5724
298 360.86 43.9092
299 339.62 -50.7324
300 402.4 23.4926
301 -146.67 -81.5245
302 -362.53 -43.3081
303 71.07 -85.7945
304 -91.18 84.9652
305 -109.05 84.0463
306 93.57 84.8524
307 -70.19 85.826
308 2.36 -87.0614
309 -205.23 75.8408
310 -95.07 -84.78
311 381.11 -35.7197
312 366.54 41.8174
313 -247.21 70.1959
314 -44.99 -86.5568
315 170.28 -79.5076
316 -44.59 86.5658
317 -283.91 63.8863
318 194.42 -77.0671
319 -124.42 83.1146
320 22.39 86.9377
321 -147.4 81.4673
322 -296.62 -61.3287
323 405.7 20.8844
324 243.02 70.8281
325 51.86 -86.3898
326 -321.88 -55.5258
327 223.12 73.6154
328 -371.84 -39.7347
329 -48.36 -86.4779
330 85.33 -85.2285
331 -297.67 61.1075
332 -415.04 -10.1708
333 -382.95 34.8552
334 272.48 66.0112
335 4.32 -87.0581
336 104.5 84.2969
337 -325.63 54.5685
338 74.37 -85.6731
339 16.59 86.9942
340 357.53 45.0761
341 187.75 -77.7816
342 305.37 59.4355
343 72.44 85.7448
344 153.15 81.0057
345 -251.54 -69.525
346 -120.88 83.341
347 222.74 73.6653
348 -7.03 87.0505
349 -407.72 19.1009
350 222.2 73.7361
351 382.87 -34.8933
352 32.66 -86.7965
353 -302.18 60.139
354 346.11 -48.7916
355 -66.51 85.9531
356 -102.71 -84.3923
357 359.58 44.3627
358 -131.81 82.6187
359 132.17 82.5938
360 238.55 -71.4846
361 -195.3 -76.9705
362 -129.61 -82.7697
363 380.47 36.0147
364 -155.86 80.781
365 -145.27 81.6332
366 -182.51 78.321
367 -372.09 -39.633
368 -35.13 -86.7546
369 80.01 85.4522
370 -106.3 84.1991
371 -301.04 -60.3867
372 17.99 -86.9821
373 226.02 -73.2304
374 -334.04 52.3157
375 154.25 80.915
376 -355.17 -45.8787
377 299.71 -60.6731
378 134.57 -82.4254
379 -189.33 -77.6152
380 208.17 75.4923
381 -242.82 70.8578
382 -259.13 68.3045
383 -119.28 -83.441
384 -125.44 83.048
385 206.71 75.6662
386 88.63 85.0822
387 44.38 -86.5705
388 263.05 -67.651
389 288.97 -62.8939
390 -7.78 87.0477
391 75.02 -85.6485
392 -174.54 -79.1056
393 189.42 77.6057
394 329.64 -53.5133
395 163.58 -80.1158
396 -83.01 -85.3279
397 -270.44 66.3743
398 -263.95 67.4987
399 -345.18 -49.0767
400 347.62 48.3234
401 -36.6 86.7282
402 -130.14 -82.7336
403 -58.76 -86.1979
404 48.45 86.4757
405 262.78 -67.6965
406 192.47 -77.2793
407 22.19 86.94
408 -298.17 61.0016
409 320.97 55.7539
410 109.44 -84.0243
411 118.26 83.504
412 -2.76 87.0609
413 -268.58 -66.7013
414 -371.47 -39.8846
415 -95.9 -84.7394
416 -236.05 -71.8439
417 122.58 -83.2332
418 -216.86 -74.4229
419 -23.98 -86.9193
420 249.89 -69.7828
421 238.86 71.4396
422 141.94 81.8871
423 -380.19 -36.1428
424 -62.49 86.0839
425 -258.05 -68.4817
426 -296.44 61.3664
427 -90.17 -85.012
428 -80.15 -85.4465
429 -18.89 86.9738
430 175.52 79.0114
431 139.7 82.0541
432 -365.01 -42.3943
433 223.63 -73.5482
434 -115.27 83.6853
435 240.45 71.2078
436 368.92 -40.899
437 -105.64 -84.2352
438 382.85 34.9028
439 1.17 87.0624
440 -362.1 43.4639
441 77.55 -85.5506
442 -5.34 -87.0557
443 318.69 -56.3187
444 281.71 -64.3076
445 -95.38 -84.7648
446 -26.08 86.8931
447 -139.36 82.0792
448 387.33 32.6871
449 -152.84 81.0311
450 369.9 40.513
451 -378.36 36.9669
452 -76.1 -85.6071
453 -22.07 86.9413
454 -8.97 87.0427
455 -269.75 66.496
456 57.99 -86.2205
457 -163.16 80.153
458 182.37 -78.3352
459 -101.33 84.4647
460 -279.88 64.6534
461 382.11 -35.253
462 -130.69 82.6959
463 307.64 -58.9253
464 -378.6 -36.8601
465 212.33 -74.9877
466 -295.78 61.5045
467 -163.86 -80.0909
468 -168.74 -79.6499
469 -105.76 -84.2286
470 222.62 73.6811
471 -217.89 74.2922
472 -415.64 -9.04504
473 -157.67 80.6284
474 -85.23 -85.2329
475 -403.98 -22.2846
476 -375.31 38.2925
477 101.31 84.4657
478 138.35 -82.1533
479 39.75 86.668
480 204.87 75.8831
481 416.11 8.05268
482 -388.32 -32.1733
483 -27.1 -86.8795
484 18.04 -86.9816
485 -370.1 -40.4336
486 -102.02 -84.4286
487 -181.84 -78.3887
488 109.17 84.0396
489 312.91 57.7083
490 -306.88 59.097
491 200.49 -76.3891
492 375.84 38.0662
493 129.6 -82.7703
494 -262.46 67.7504
495 -242.96 -70.837
496 -359.46 44.4049
497 -73.74 -85.6967
498 307.61 58.9321
499 -301.36 60.3173
500 160.75 -80.364
501 108.38 84.0839
502 362.15 -43.4458
503 -333.21 52.5449
504 -179.21 -78.6511
505 402.37 23.5149
506 231.72 72.4531
507 -213.02 -74.9027
508 277.11 65.1693
509 -391.85 -30.2587
510 9.51 -87.0402
511 168.94 -79.6315
512 -35.25 -86.7525
513 -243.27 -70.7908
514 -156.57 -80.7214
515 -286.22 63.4373
516 -338.79 -50.9727
517 75.33 85.6366
518 94.68 -84.7989
519 -89 -85.0655
520 371.19 -39.9976
521 414.13 11.6702
522 77.33 85.5592
523 -77.6 85.5486
524 -374.04 38.8281
525 395.1 -28.3652
526 -42.78 -86.6054
527 -264.01 67.4885
528 374.57 -38.6057
529 265.05 -67.3114
530 -236.82 -71.7338
531 -109.66 -84.0119
532 -162.41 80.219
533 340.23 -50.5547
534 218.36 74.2323
535 -316.95 -56.7433
536 109.93 -83.9966
537 169.97 -79.5364
538 -198.64 -76.5986
539 397.02 27.1767
540 58.02 -86.2196
541 366.1 41.9844
542 -315.24 -57.1553
543 187.2 -77.8391
544 395.71 27.9937
545 -168.89 79.6361
546 -380.44 36.0284
547 -118.14 83.5114
548 367.34 41.5116
549 312.69 -57.76
550 -365.74 42.1204
551 234.16 -72.1118
552 -161.58 -80.2917
553 -225.33 73.3227
554 86 85.1993
555 -364.14 42.7178
556 -33.36 86.7849
557 140.93 -81.9628
558 363.36 43.0051
559 -70.73 -85.8067
560 -362.1 43.4639
561 223.27 -73.5957
562 10.41 87.0358
563 302.94 59.9728
564 -19.59 -86.9671
565 288.75 62.9377
566 100.33 84.5165
567 -57.29 86.2408
568 -329.58 -53.5293
569 281.84 -64.2828
570 387.12 32.7949
571 210.39 75.2247
572 23.3 -86.9274
573 65.06 86.0012
574 -352.36 46.8097
575 105.96 84.2177
576 -82.21 -85.3615
577 74.07 -85.6843
578 -29.19 86.8501
579 -314.9 -57.2365
580 239.42 71.3582
581 -168.47 79.6747
582 -165.72 -79.9247
583 -392.75 29.7479
584 411.36 15.344
585 -383.57 -34.558
586 256.51 -68.7324
587 310.07 -58.3698
588 21.63 -86.9461
589 -77.12 85.5675
590 -54.21 -86.3272
591 220.55 -73.9508
592 -59.85 -86.1653
593 322.07 -55.4779
594 -229.62 72.7427
595 48.6 86.472
596 67.76 -85.9107
597 216.93 -74.4141
598 382.93 -34.8647
599 231.79 72.4434
600 291.88 62.3079
601 116.29 -83.624
602 -408.46 -18.4019
603 -281.63 64.3228
604 -293.89 -61.8965
605 -380.61 -35.9504
606 60.24 86.1535
607 2.48 87.0613
608 110.89 83.9418
609 -244.19 -70.6532
610 129.78 82.7581
611 177.55 78.8143
612 385.49 -33.6179
613 161.35 -80.3118
614 -314.88 57.2413
615 252.94 69.3042
616 112.57 -83.8447
617 -396.81 27.3095
618 240.74 -71.1652
619 6.96 -87.0507
620 265.62 67.2138
621 -236.91 71.7209
622 387.9 -32.3924
623 -190.95 -77.4428
624 -309.1 58.5927
625 43.51 -86.5896
626 -30.26 86.8342
627 337.1 51.4567
628 -5.99 -87.0538
629 -7.34 -87.0494
630 -155.93 80.7752
631 402.67 23.2909
632 200.33 -76.4074
633 33.39 -86.7844
634 107.43 84.1368
635 204.91 75.8784
636 42.89 -86.603
637 -345.14 49.0889
638 280.13 -64.6064
639 -34.77 86.7609
640 -270.26 -66.4061
641 111.87 -83.8853
642 -154.16 -80.9225
643 -365.61 -42.1693
644 -396.13 27.7346
645 -314.06 57.4365
646 201.85 76.2335
647 -342.56 49.8671
648 375.01 38.4199
649 369.47 40.6829
650 86.37 -85.1831
651 37.84 86.7051
652 290.3 -62.6275
653 -227.16 73.0772
654 -39.37 86.6756
655 282.53 -64.1512
656 -166.14 -79.8868
657 -213.5 74.8434
658 98.18 -84.626
659 -243.15 -70.8087
660 68.28 85.8928
661 -316.97 -56.7385
662 46.45 -86.5233
663 44.51 86.5676
664 -344.53 49.2745
665 295.99 61.4606
666 103.77 84.336
667 -227.77 -72.9947
668 179.12 78.66
669 237.94 -71.5728
670 -22 86.9421
671 294.58 -61.7539
672 257.51 -68.5699
673 140.98 -81.959
674 310.61 -58.2451
675 -158.02 -80.5987
676 -167.76 79.7397
677 371.18 40.0016
678 106.35 84.1964
679 165.29 -79.9633
680 83.45 85.3093
681 -23.24 -86.9281
682 -116.93 -83.5853
683 -143.39 -81.7774
684 -253.72 -69.1804
685 146.32 81.5518
686 274.2 -65.7013
687 -386.49 33.1159
688 -185.25 -78.0413
689 109.6 -84.0153
690 232.21 -72.385
691 33.87 86.7764
692 248.56 69.9887
693 -335.22 51.987
694 -338.37 -51.0936
695 -185.52 -78.0135
696 248.69 69.9686
697 -214.66 -74.6992
698 311.18 -58.1129
699 300.37 60.5313
700 249.68 69.8154
701 181.11 78.462
702 -48.27 -86.4801
703 -279.13 -64.794
704 86.23 -85.1892
705 -121.13 83.3253
706 -30.4 86.8321
707 398.8 -26.0209
708 346.5 48.6713
709 55.87 86.2812
710 -109.21 84.0373
711 2.46 87.0613
712 346.35 48.7176
713 329.35 53.5907
714 265.32 67.2652
715 237.5 71.6362
716 -392.2 30.0612
717 -245.66 -70.4317
718 -354.83 45.9927
719 -317.49 -56.6121
720 413.69 -12.329
721 -117.69 83.539
722 -50.82 86.4166
723 44.63 86.5649
724 17.35 86.9877
725 -383.36 -34.659
726 -77.19 -85.5647
727 181.51 78.4218
728 323.49 55.1182
729 150.79 81.1976
730 286.33 -63.4158
731 69.73 -85.8423
732 -175.15 79.0471
733 -63.37 86.056
734 183.98 78.1716
735 -282.24 64.2066
736 62.28 86.0905
737 218.01 74.277
738 -314.23 57.3961
739 109.94 -83.996
740 324.53 -54.8522
741 233.2 -72.2467
742 255.4 68.9116
743 -150 81.2611
744 75.86 -85.6163
745 298.28 60.9782
746 -391.25 30.5938
747 159.48 80.4738
748 -95.14 84.7766
749 306.54 -59.1736
750 353.19 -46.5374
751 402.26 23.5964
752 -230.47 72.626
753 59.11 -86.1875
754 -179.32 78.6402
755 -20.97 86.9531
756 137.89 82.1869
757 -95.82 84.7433
758 -170.7 -79.4685
759 345.06 49.1133
760 -182.19 78.3534
761 -138.91 -82.1123
762 -360.97 -43.87
763 189.52 -77.5951
764 104.92 -84.2742
765 367.18 -41.573
766 -7.53 87.0487
767 168.78 -79.6463
768 -64.44 -86.0215
769 8.73 87.0438
770 -187.63 77.7942
771 -91.66 84.9428
772 -124.48 83.1107
773 371.01 -40.07
774 147.24 81.4799
775 22.07 -86.9413
776 -217.73 74.3126
777 367.51 -41.4463
778 213.87 74.7975
779 98.48 84.6108
780 -81.35 -85.3973
781 -174.69 79.0912
782 193.27 -77.1926
783 367.56 -41.427
784 339.66 50.7208
785 118.39 -83.496
786 388.25 -32.2099
787 -36.12 -86.737
788 -408.82 18.0516
789 85.07 -85.2398
790 414.42 -11.2145
791 157.56 -80.6378
792 -287.39 63.2073
793 -160.4 -80.3944
794 -383.1 34.7835
795 396.87 -27.2716
796 227.92 -72.9744
797 -300.79 -60.4407
798 -120.71 83.3517
799 415.65 9.02507
800 -360.32 -44.1013
801 -218.39 74.2285
802 328.03 -53.941
803 -150.19 81.2459
804 -302.39 -60.0932
805 -97.86 -84.6421
806 -51.72 -86.3935
807 -135.16 -82.3835
808 -374.72 -38.5425
809 150.28 -81.2386
810 223.82 73.5231
811 259.68 68.2138
812 91.59 84.9461
813 329.81 53.4678
814 -261.38 67.9314
815 55.46 86.2927
816 76.96 -85.5737
817 297.12 61.2235
818 335.07 -52.029
819 -12.12 87.0262
820 -247.35 -70.1745
821 -280.21 -64.5914
822 21.72 -86.9451
823 176.27 78.9389
824 -392.81 -29.7135
825 -144.4 81.7002
826 74.42 -85.6712
827 69.81 85.8394
828 -184.85 78.0825
829 -369.75 40.5724
830 -376.63 37.7258
831 -224.85 73.3866
832 -132.79 -82.5506
833 257.98 -68.4932
834 -87.08 85.1517
835 -169 -79.626
836 14.11 87.0131
837 91.12 -84.968
838 -364.7 -42.5099
839 -129.05 -82.8076
840 27.47 -86.8745
841 -283.77 63.9132
842 -153.16 81.0049
843 -390.73 -30.8809
844 75.29 85.6382
845 -131.73 82.6243
846 -198.5 76.6144
847 -11.59 87.0293
848 -38.59 -86.6908
849 -273.61 -65.808
850 -311.76 -57.9778
851 -400.39 24.9387
852 232.21 -72.385
853 -245.93 -70.3908
854 -30.34 -86.833
855 -395.24 -28.2804
856 310.07 58.3698
857 -19.71 86.9659
858 87.01 85.1548
859 -279.81 -64.6666
860 -133.85 82.4763
861 348.31 48.1073
862 -67.53 85.9186
863 -258.27 -68.4457
864 -3.56 87.0596
865 -224.46 73.4384
866 -85.49 85.2216
867 264.27 67.4443
868 -188.41 77.7123
869 298.63 60.9038
870 306.97 59.0767
871 70.42 85.8178
872 -43.22 86.5959
873 -284.08 -63.8534
874 -103.2 84.3663
875 68.9 -85.8713
876 -66.38 -85.9574
877 294.13 -61.847
878 -176.25 -78.9409
879 414.85 -10.5018
880 -32.52 86.7988
881 251.07 -69.5987
882 143.84 -81.7431
883 -19.06 86.9722
884 -122.66 83.2281
885 314.49 -57.3343
886 155.8 -80.786
887 127.11 -82.9378
888 -324.18 54.9419
889 -416.99 5.74681
890 21.84 -86.9438
891 -353.07 46.5769
892 -337.52 -51.3371
893 -42.71 86.6069
894 -390.41 -31.0561
895 303.67 -59.8124
896 329.48 53.5561
897 136.34 -82.299
898 -158.98 80.5167
899 74.36 85.6734
900 -351.59 -47.0603
901 -122.67 83.2274
902 45.5 -86.5452
903 239.32 -71.3728
904 -324.7 54.8085
905 -63.87 86.0399
906 359.73 -44.3099
907 -274.16 65.7086
908 -101.3 -84.4662
909 17.39 -86.9874
910 266.79 -67.0123
911 294.54 61.7622
912 -181.21 -78.452
913 241.13 71.1079
914 322.85 55.2808
915 -378.56 36.8779
916 381.77 35.4125
917 -412.23 14.2948
918 256.1 -68.7987
919 -313.57 57.5526
920 -91.6 84.9456
921 -105.06 -84.2666
922 290 62.6878
923 149.95 81.2651
924 220.65 73.9378
925 -228.97 -72.8316
926 308.11 -58.8186
927 370.53 40.2623
928 -382.08 -35.2671
929 -84.74 -85.2541
930 45.9 -86.536
931 370.63 40.2224
932 177.1 -78.8583
933 -3.86 87.0591
934 260.69 68.0464
935 97.33 84.6686
936 165.12 79.9786
937 -65.83 85.9758
938 244.09 70.6682
939 43.24 -86.5955
940 68.13 -85.898
941 244.6 -70.5916
942 -33.18 86.7879
943 32.06 -86.8062
944 -311.9 -57.9451
945 115.01 -83.7008
946 -66.46 -85.9548
947 -207.06 -75.6246
948 38.99 86.683
949 -140.9 -81.965
950 162.84 -80.1812
951 196.39 -76.85
952 5.66 87.0548
953 -51.11 -86.4092
954 141.73 81.9029
955 5.12 87.0563
956 -192.8 77.2436
957 -349.36 -47.7757
958 -257.84 68.516
959 300.3 -60.5464
960 220.53 73.9534
961 -405.38 -21.1524
962 -297.03 61.2425
963 413.54 12.5455
964 0.79 87.0626
965 399.98 -25.2226
966 -210.92 75.1602
967 338.28 51.1195
968 -354.85 -45.986
969 334.22 52.2657
970 319.64 -56.0846
971 38.26 86.6971
972 398.2 -26.4167
973 -105.59 84.2379
974 349.04 47.8771
975 -359.93 -44.2393
976 -82.78 -85.3376
977 247.55 70.1439
978 -397.79 26.6835
979 -402 23.788
980 -401.08 -24.4527
981 -387.37 32.6665
982 386.78 -32.9686
983 404.96 -21.4987
984 -322.53 55.3618
985 110.73 -83.9509
986 -362.15 43.4458
987 -341.14 50.2878
988 321.03 -55.7389
989 48.19 86.482
990 -410.41 -16.4111
991 -377.21 -37.4735
992 13.01 87.0206
993 202.3 -76.1817
994 183.67 -78.2033
995 -128.36 -82.8542
996 -265.88 -67.1691
997 219.66 -74.0657
998 327.98 -53.9542
999 358.19 -44.8481
1000 -151.47 81.1427
1001 350.01 47.5687
1002 158.06 80.5953
1003 390.81 30.8369
1004 149.36 81.3123
1005 -29.26 -86.8491
1006 -390.45 -31.0342
1007 140.72 81.9784
1008 115.11 -83.6949
1009 123.92 -83.147
1010 152.15 -81.0874
1011 -13.38 -87.0182
1012 -94.97 84.7848
1013 196.22 76.8689
1014 -134.6 -82.4233
1015 62.14 -86.0949
1016 -89.56 -85.04
1017 -162.01 80.2541
1018 33.14 -86.7886
1019 -23.97 86.9195
1020 -258.73 68.3703
1021 67.29 -85.9267
1022 319.91 56.0177
1023 366.07 -41.9957
1024 -67.09 85.9335
1025 194.13 -77.0988
1026 117.57 -83.5463
1027 273.77 -65.7791
1028 -294.9 -61.6876
1029 -167.98 -79.7196
1030 -175.15 -79.0471
1031 373.42 39.0863
1032 -32.27 86.8028
1033 390.28 31.1269
1034 416.77 -6.40211
1035 14.56 -87.0099
1036 122.95 -83.2095
1037 298.38 -60.957
1038 -264.56 67.395
1039 -212.65 74.9483
1040 -20.03 86.9627
1041 85.36 -85.2272
1042 -5.02 -87.0565
1043 120.49 -83.3655
1044 210.99 -75.1517
1045 240.62 71.1828
1046 271.51 66.1844
1047 222.75 -73.664
1048 256.33 68.7615
1049 -405.39 21.1441
1050 276.89 65.2098
1051 -205.6 75.7973
1052 -12.28 -87.0252
1053 92.88 84.8853
1054 149.93 81.2667
1055 80.04 -85.451
1056 -323.85 -55.0263
1057 335.4 -51.9366
1058 217.97 -74.2821
1059 -95.97 -84.7359
1060 -61.35 86.1195
1061 194.79 -77.0266
1062 -35.72 -86.7442
1063 33.39 86.7844
1064 -407.6 19.2117
1065 153.63 -80.9662
1066 120.03 -83.3943
1067 259.26 68.2831
1068 -111.73 83.8934
1069 -112.47 83.8505
1070 133.17 82.524
1071 -364.33 -42.6474
1072 -57.29 86.2408
1073 -127.12 82.9371
1074 30.78 -86.8263
1075 -396.25 -27.6601
1076 -42.66 -86.608
1077 -75.52 85.6294
1078 300.56 60.4903
1079 -386.62 33.0499
1080 -246.05 -70.3726
1081 61.29 -86.1214
1082 208.42 -75.4623
1083 -112.22 -83.865
1084 36.06 86.7381
1085 205.88 -75.7643
1086 284.73 63.7277
1087 8.95 -87.0428
1088 -301.43 60.3022
1089 34.67 86.7627
1090 62.61 86.0801
1091 276.11 -65.3532
1092 111.98 83.879
1093 193.43 -77.1752
1094 383.34 34.6686
1095 255.32 68.9244
1096 209.49 75.3336
1097 -289.85 62.7179
1098 244.19 70.6532
1099 -108.21 -84.0934
1100 316.92 -56.7506
1101 93.45 -84.8581
1102 48.64 -86.4711
1103 -315.81 -57.0185
1104 -112.05 83.8749
1105 -378.16 -37.0556
1106 12.87 87.0215
1107 -385.87 33.4282
1108 75.16 85.6431
1109 291.33 62.4195
1110 340.46 -50.4874
1111 127.65 -82.9018
1112 -131.18 82.6622
1113 -142.46 -81.8479
1114 -273.71 -65.7899
1115 49.53 86.4491
1116 -16.76 86.9927
1117 119.16 83.4485
1118 -195.19 76.9826
1119 129.28 82.7921
1120 373.09 -39.2228
1121 401.75 23.9706
1122 -74.35 -85.6738
1123 336.87 -51.522
1124 207.77 -75.5401
1125 70.38 -85.8192
1126 -9.54 87.0401
1127 64.25 -86.0277
1128 353.87 -46.3126
1129 -42.07 -86.6205
1130 317.56 -56.5951
1131 75.77 -85.6198
1132 -414.63 -10.8724
1133 207.81 -75.5353
1134 188.1 -77.7449
1135 221.04 -73.8873
1136 97.28 84.6711
1137 -76.22 -85.6025
1138 -126.71 -82.9643
1139 -153.43 -80.9827
1140 -201.18 76.3104
1141 269.45 -66.5488
1142 68.9 -85.8713
1143 -318.17 -56.4462
1144 -155.24 -80.8328
1145 100.33 84.5165
1146 202.96 -76.1055
1147 -62.88 86.0716
1148 -292.28 62.2265
1149 252.34 69.3991
1150 72.35 -85.7481
1151 201.42 76.2829
1152 36.81 -86.7244
1153 410.83 -15.9484
1154 -314.9 57.2365
1155 -297.73 61.0948
1156 88.74 -85.0773
1157 114.46 83.7335
1158 268.67 -66.6855
1159 -317.74 56.5512
1160 -303.73 59.7992
1161 -127.2 -82.9318
1162 110.43 83.9681
1163 80.57 85.4294
1164 74.93 -85.6519
1165 -35.09 -86.7553
1166 258.12 68.4703
1167 177.77 78.7928
1168 -363.3 43.0271
1169 -107.41 -84.138
1170 -397.51 -26.864
1171 13.29 -87.0188
1172 -134.25 -82.448
1173 89.7 -85.0336
1174 -103.38 -84.3568
1175 83.98 -85.2867
1176 378.36 36.9669
1177 355.45 -45.7845
1178 -324.66 54.8188
1179 407.76 19.0638
1180 269.62 66.5189
1181 153.06 -81.0131
1182 335.52 -51.903
1183 -19.81 86.9649
1184 -280.27 -64.5801
1185 10.32 -87.0362
1186 265.64 67.2103
1187 206.51 75.6899
1188 288.35 -63.0173
1189 -21.86 -86.9436
1190 -312.25 57.8632
1191 117.8 -83.5322
1192 153.2 81.0016
1193 358.38 44.7821
1194 226.42 -73.1768
1195 78.77 85.5022
1196 120.99 -83.3341
1197 -23.7 -86.9227
1198 -381.67 -35.4593
1199 -136.71 82.2724
1200 -400.71 24.7146
1201 -149.69 81.2859
1202 -230.92 -72.5639
1203 -20.7 86.9559
1204 366.67 -41.7679
1205 26.76 86.8841
1206 89.44 85.0454
1207 345.56 -48.9605
1208 -316.58 -56.8329
1209 -156.67 -80.713
1210 -103.09 84.3722
1211 8.47 87.0449
1212 -272.38 -66.0291
1213 -396.32 27.6166
1214 229.61 72.7441
1215 -299.05 60.8143
1216 27.46 -86.8746
1217 -267.95 66.8112
1218 -222.55 73.6903
1219 -9.12 87.0421
1220 -236.98 71.7109
1221 43.41 -86.5918
1222 -133.7 82.4868
1223 320.06 -55.9805
1224 -50.84 -86.4161
1225 -45.48 -86.5457
1226 212.27 74.9951
1227 8.67 -87.044
1228 -292.37 -62.2081
1229 99.59 84.5544
1230 -324.99 -54.7338
1231 -194.33 77.077
1232 -27.75 -86.8706
1233 132.22 82.5903
1234 281.91 -64.2695
1235 85.51 85.2207
1236 -403.78 22.4414
1237 321.67 55.5785
1238 355.21 45.8652
1239 -309.55 58.4895
1240 265.29 -67.2703
1241 -401.57 -24.1011
1242 139.37 -82.0785
1243 338.54 -51.0447
1244 -390.91 -30.7819
1245 185.13 -78.0537
1246 -266.75 67.0193
1247 -416.7 6.59692
1248 68.94 85.8699
1249 356.04 45.5851
1250 -36.11 -86.7372
1251 -180.13 -78.5598
1252 -244.02 70.6787
1253 190.99 -77.4385
1254 341.1 50.2996
1255 328.17 53.904
1256 103.23 84.3647
1257 -389.99 -31.2843
1258 268.67 66.6855
1259 -372.58 -39.4327
1260 -43.34 86.5933
1261 -22.95 86.9314
1262 -88.71 85.0786
1263 268.38 66.7362
1264 -106.69 -84.1777
1265 302.54 -60.0604
1266 -183.47 78.2236
1267 153.25 80.9975
1268 363.06 43.1149
1269 87.59 -85.129
1270 129.41 -82.7832
1271 -336.81 -51.5391
1272 -277.35 -65.1249
1273 336.93 -51.505
1274 -190.55 -77.4855
1275 134.68 -82.4176
1276 278.4 -64.9302
1277 -377.01 37.5607
1278 -354.16 -46.2163
1279 354.83 -45.9927
1280 -71.53 -85.778
1281 -33.39 -86.7844
1282 -344.51 49.2806
1283 -73.94 85.6892
1284 -246.67 70.2783
1285 123.26 -83.1896
1286 354.43 46.1264
1287 133.38 82.5093
1288 -343.12 -49.6997
1289 1.31 87.0624
1290 144.05 81.727
1291 -151.15 81.1686
1292 -368.11 -41.2145
1293 390.6 30.9522
1294 -392.54 29.868
1295 158.07 -80.5944
1296 312.28 57.8562
1297 -375.12 -38.3733
1298 158.86 80.527
1299 -197.05 76.7767
1300 236.31 -71.8068
1301 -406.03 -20.6042
1302 379.49 36.4607
1303 339.61 -50.7353
1304 130.25 82.726
1305 -188.49 -77.7039
1306 61.5 86.1149
1307 -27.69 -86.8715
1308 -293.56 -61.9644
1309 208.8 -75.4167
1310 -52.19 -86.3812
1311 -217.81 -74.3024
1312 246.01 70.3786
1313 -140.32 82.0082
1314 -221.21 73.8652
1315 242.3 70.9351
1316 232.39 72.3599
1317 299.39 60.7417
1318 406.19 -20.4668
1319 137.94 -82.1832
1320 -83.42 -85.3106
1321 -216.21 74.505
1322 270.44 66.3743
1323 -26.74 -86.8844
1324 122.22 83.2562
1325 -285.89 -63.5019
1326 -88.35 -85.0949
1327 88.38 -85.0935
1328 -244.09 -70.6682
1329 -126.87 82.9537
1330 -350.75 -47.3316
1331 394.07 -28.9804
1332 -169.82 79.5503
1333 133.52 -82.4995
1334 37.29 86.7155
1335 -352.34 -46.8162
1336 -338.7 -50.9987
1337 -398.83 26.001
1338 -48.97 86.463
1339 -170.15 79.5196
1340 383.7 34.4953
1341 -154.31 -80.9101
1342 -116.79 83.5938
1343 -270.62 66.3424
1344 -244.67 70.5811
1345 -13.64 -87.0164
1346 -66.32 85.9595
1347 -218.11 74.2642
1348 351.37 47.1316
1349 -114.34 -83.7407
1350 -61.93 86.1015
1351 107.09 84.1557
1352 219.5 74.0862
1353 328.62 -53.7849
1354 -290.7 -62.5469
1355 227.96 72.969
1356 -255.8 68.8471
1357 216.04 74.5264
1358 26.57 86.8866
1359 -7.52 -87.0487
1360 -39.22 86.6785
1361 301.93 60.1935
1362 -185.25 -78.0413
1363 275.98 65.377
1364 120.16 83.3862
1365 -172.07 -79.3401
1366 367.05 -41.6228
1367 -39.31 86.6768
1368 80.7 -85.4241
1369 293.66 61.9438
1370 260.87 -68.0164
1371 -195.52 -76.9462
1372 -81.45 -85.3932
1373 -35.42 86.7495
1374 -157.58 -80.6361
1375 275.58 65.4502
1376 232.57 72.3348
1377 94.88 84.7892
1378 327.11 -54.1829
1379 29.64 -86.8435
1380 -397.32 -26.9857
1381 -70.58 85.8121
1382 -407.52 19.2852
1383 206.15 75.7325
1384 -41.59 -86.6306
1385 204.54 75.9217
1386 -164.99 79.9902
1387 178.75 -78.6965
1388 44.84 86.5602
1389 282.87 -64.0862
1390 236.83 71.7324
1391 192.45 77.2814
1392 34.65 -86.763
1393 -365.68 -42.143
1394 286.55 -63.3726
1395 334.4 52.2158
1396 -17.78 -86.984
1397 -196.77 -76.8078
1398 -323.2 55.192
1399 231.24 72.5196
1400 -44.05 86.5778
1401 269.03 66.6225
1402 -21.16 86.9511
1403 291.92 62.2998
1404 112.26 83.8627
1405 -56.73 -86.2569
1406 59.96 86.162
1407 107.98 84.1063
1408 371.7 39.7915
1409 -97.72 -84.6491
1410 55.22 -86.2994
1411 -394.99 -28.4316
1412 353.62 46.3954
1413 168.13 79.7059
1414 -291.18 -62.4499
1415 100.84 -84.4901
1416 294.68 61.7332
1417 -203.67 -76.0231
1418 6.57 -87.052
1419 -241.23 71.0932
1420 -280.49 -64.5386
1421 20.19 -86.9611
1422 69.79 85.8401
1423 46.92 86.5123
1424 -317.26 56.6681
1425 -162.87 -80.1785
1426 -335.14 52.0094
1427 -17.84 -86.9834
1428 -71.25 -85.7881
1429 -231.1 -72.539
1430 311.6 -58.0151
1431 356.81 45.323
1432 -48.27 86.4801
1433 241.12 -71.1094
1434 393.28 29.4425
1435 -29.52 86.8453
1436 -40.56 -86.6518
1437 -69.36 85.8553
1438 -299.93 60.6259
1439 -193.91 -77.1229
1440 -342.07 -50.0129
1441 382.6 -35.0216
1442 -293.5 -61.9767
1443 87.42 85.1366
1444 102.95 -84.3796
1445 -214.27 74.7478
1446 181.25 78.4479
1447 52.05 -86.3848
1448 -276.85 -65.2172
1449 274.73 65.6052
1450 -286.92 63.2999
1451 -6.41 -87.0525
1452 -287.39 -63.2073
1453 195.16 76.9859
1454 -23.15 86.9291
1455 335.13 52.0122
1456 -289.48 62.792
1457 391.81 -30.2812
1458 -148.51 -81.3798
1459 -388.78 31.9312
1460 244.8 -70.5615
1461 -369.12 -40.8206
1462 114.07 -83.7566
1463 20.94 86.9534
1464 -160.36 80.3978
1465 15.57 87.0023
1466 -355.64 -45.7204
1467 387.11 -32.8
1468 349.83 -47.6262
1469 -32.28 86.8027
1470 386.31 33.2069
1471 162.04 -80.2515
1472 329.53 -53.5427
1473 348.28 48.1167
1474 -211.26 75.1188
1475 191.89 77.3419
1476 -333.95 -52.3406
1477 -155.16 80.8395
1478 -30.14 86.8361
1479 -159.68 -80.4566
1480 60.55 86.1441
1481 -266.18 -67.1175
1482 119.45 -83.4305
1483 154.26 80.9142
1484 395.28 -28.2561
1485 -372.61 -39.4204
1486 326.93 -54.2301
1487 -301.19 60.3542
1488 99.71 -84.5483
1489 -287.99 63.0887
1490 250.32 69.7159
1491 -231.51 -72.4822
1492 -183.66 -78.2043
1493 -220.83 73.9145
1494 193.48 -77.1697
1495 91.48 -84.9512
1496 176.92 -78.8758
1497 388.42 -32.1208
1498 -279.09 -64.8015
1499 274.79 -65.5942
1500 -161.28 -80.3179
1501 -400.9 -24.5805
1502 -321.68 55.576
1503 253.14 69.2725
1504 -202.59 76.1483
1505 134.76 -82.4119
1506 71.05 85.7953
1507 -174.92 -79.0692
1508 -184.53 -78.1153
1509 130 82.7431
1510 0.52 -87.0627
1511 349.68 -47.674
1512 116.61 83.6047
1513 -330.78 53.2071
1514 -388.48 32.0893
1515 191.95 77.3354
1516 19.35 86.9694
1517 368.07 41.23
1518 364.33 42.6474
1519 -107.84 -84.1141
1520 379.62 36.4019
1521 178.97 78.6748
1522 400.93 24.5592
1523 395.13 -28.347
1524 -382.41 35.1115
1525 139.24 -82.088
1526 -250.14 -69.7439
1527 -58.01 -86.2199
1528 27.3 -86.8768
1529 -190.58 -77.4823
1530 -405.63 20.9433
1531 75.77 85.6198
1532 -18.88 86.9739
1533 139.65 -82.0578
1534 103.73 -84.3381
1535 113.71 -83.7779
1536 133.85 82.4763
1537 235.21 71.9634
1538 251.74 -69.4936
1539 367.96 -41.2726
1540 296.86 -61.2782
1541 -115 -83.7014
1542 -342.52 -49.879
1543 338.08 -51.1769
1544 185.91 77.9732
1545 -104.02 84.3226
1546 -360.39 44.0765
1547 310.84 -58.1918
1548 -323.43 55.1334
1549 -4.53 87.0577
1550 -295.96 -61.4669
1551 155.87 80.7802
1552 180.21 78.5519
1553 11.94 -87.0272
1554 -216.68 -74.4457
1555 342.82 -49.7895
1556 -359.12 -44.5241
1557 345.23 -49.0614
1558 188.67 -77.6849
1559 87.21 -85.1459
1560 -60.96 -86.1315
1561 -98.53 -84.6083
1562 -351.72 -47.0181
1563 346.38 48.7083
1564 298.18 -60.9994
1565 310.85 58.1895
1566 251.57 -69.5203
1567 -330.22 -53.3579
1568 -288.98 -62.8919
1569 -285.13 63.65
1570 193.59 -77.1578
1571 387.25 -32.7282
1572 147.11 81.4901
1573 62.2 -86.093
1574 -53.59 86.344
1575 307.19 59.0271
1576 -339.52 50.7615
1577 93.98 84.8327
1578 127.92 -82.8837
1579 -347.77 -48.2765
1580 0.08 -87.0628
1581 385.29 -33.7173
1582 67.3 85.9264
1583 -306.83 -59.1083
1584 281.81 64.2885
1585 -379.4 36.5013
1586 -184.45 -78.1235
1587 302.58 -60.0517
1588 -245.01 70.5299
1589 -200.41 76.3982
1590 -332.02 -52.8708
1591 -283.79 -63.9094
1592 400.76 24.6794
1593 -200.65 76.3709
1594 -276.34 -65.311
1595 338.52 51.0505
1596 -281.04 64.4347
1597 184.98 -78.0691
1598 210.06 75.2647
1599 -228.27 72.9269
1600 -107.71 84.1213
1601 -288.5 62.9874
1602 323.87 55.0212
1603 -360.93 43.8843
1604 -367.43 -41.4771
1605 -320.93 55.7639
1606 111.59 83.9015
1607 154.98 -80.8545
1608 52.03 86.3854
1609 -6.7 87.0516
1610 -196.26 -76.8644
1611 203.78 76.0103
1612 -168.03 79.7151
1613 232.34 72.3669
1614 -116.04 83.6391
1615 -24.9 86.9081
1616 -243.87 -70.7012
1617 123.4 83.1806
1618 212.58 -74.957
1619 -339.4 50.7963
1620 -287.28 -63.229
1621 -293.79 61.9171
1622 396.2 -27.6912
1623 -407.77 19.0545
1624 188.2 -77.7344
1625 -184.28 78.141
1626 -317.54 56.6
1627 -111.05 83.9326
1628 166.78 -79.8289
1629 277.79 65.0435
1630 -84.85 85.2493
1631 -359.19 44.4996
1632 -384.82 -33.9495
1633 -68.6 85.8818
1634 188.45 -77.7081
1635 277.79 65.0435
1636 -316.59 56.8305
1637 169.91 79.5419
1638 -239.25 71.383
1639 -406.14 20.5099
1640 -13.77 87.0155
1641 414.93 10.3638
1642 -315.89 -56.9993
1643 131.19 82.6615
1644 -93.16 84.8719
1645 -147.35 81.4713
1646 148.17 -81.4067
1647 -92.97 -84.881
1648 -257.21 -68.6187
1649 113.92 -83.7655
1650 -325.04 -54.7209
1651 97.33 -84.6686
1652 -388.09 32.2935
1653 -342.52 49.879
1654 27.42 86.8752
1655 -218.46 74.2195
1656 95.44 -84.7619
1657 222.4 -73.7099
1658 -46.88 -86.5132
1659 -58.21 86.2141
1660 -211.61 -75.076
1661 -80.48 -85.4331
1662 194.48 77.0606
1663 -180.46 -78.527
1664 107.01 -84.1601
1665 -333.05 52.5889
1666 -378.41 -36.9446
1667 -389.18 -31.719
1668 -118.28 83.5028
1669 -297.99 -61.0397
1670 -253.91 -69.1501
1671 -246.34 -70.3285
1672 349.23 47.8169
1673 -214.95 74.663
1674 -221.2 73.8665
1675 -214.63 -74.703
1676 -1.61 -87.0621
1677 -317.79 56.539
1678 -251.65 69.5078
1679 -306.91 59.0903
1680 -350.97 47.2607
1681 -367.9 -41.2958
1682 -378.97 -36.6947
1683 -14.31 -87.0117
1684 33.43 -86.7838
1685 -217.24 -74.3748
1686 -272.74 -65.9646
1687 -219.32 -74.1094
1688 -355.43 -45.7912
1689 64.41 -86.0225
1690 -314.51 57.3295
1691 66.33 -85.9591
1692 -404.84 -21.5966
1693 -349.54 -47.7185
1694 80.89 -85.4163
1695 122.89 83.2134
1696 391.6 -30.3988
1697 336.96 -51.4965
1698 101.64 -84.4485
1699 50.43 -86.4265
1700 64.31 -86.0257
1701 -226.71 -73.1378
1702 -366.95 41.6611
1703 -76.29 -85.5998
1704 -403.68 -22.5193
1705 319.31 56.1661
1706 -37.8 -86.7059
1707 53.79 86.3386
1708 268.06 66.792
1709 268.73 66.675
1710 268.27 -66.7554
1711 124.59 -83.1036
1712 111.16 -83.9263
1713 113.88 -83.7679
1714 52.63 -86.3696
1715 -377.82 -37.2058
1716 226.16 -73.2117
1717 116.91 -83.5865
1718 -98.9 -84.5896
1719 357.07 -45.234
1720 292.3 -62.2224
1721 48.61 86.4718
1722 355.85 -45.6494
1723 367.84 41.319
1724 263.63 67.553
1725 124.11 -83.1347
1726 -242.64 -70.8846
1727 -252.85 -69.3185
1728 -74.7 -85.6606
1729 -56.33 -86.2682
1730 1.66 -87.0621
1731 51.03 -86.4113
1732 -184.62 -78.1061
1733 -181.89 78.3836
1734 -195.17 -76.9848
1735 381.6 -35.492
1736 -56.02 -86.277
1737 -90.22 -85.0097
1738 -197.03 76.7789
1739 -151.45 -81.1443
1740 127.78 82.8931
1741 318.24 -56.4291
1742 335.96 51.7793
1743 -216.07 -74.5226
1744 394.99 -28.4316
1745 261.82 67.8578
1746 -270.42 66.3778
1747 -400.42 -24.9177
1748 -181.25 -78.4479
1749 -375.31 38.2925
1750 -335.2 -51.9926
1751 277.17 65.1582
1752 155.39 80.8203
1753 325.69 54.5529
1754 321.9 55.5207
1755 237.18 -71.6822
1756 -195.62 -76.9352
1757 269.38 66.5611
1758 -294.3 61.8119
1759 -174.6 -79.0999
1760 383.6 34.5435
1761 -88.96 -85.0673
1762 5.21 -87.056
1763 -146.5 -81.5378
1764 277.71 65.0583
1765 -6.52 -87.0522
1766 131.53 82.6381
1767 367.78 -41.3422
1768 -388.5 -32.0788
1769 -390.71 30.8919
1770 -355.36 45.8148
1771 163.72 -80.1034
1772 39.58 -86.6714
1773 242.84 -70.8549
1774 307.66 -58.9207
1775 135.96 -82.3263
1776 236.09 -71.8382
1777 120.5 83.3649
1778 113.57 83.7861
1779 55.57 86.2896
1780 321.81 -55.5434
1781 -413.48 -12.631
1782 -20.28 86.9602
1783 -131.57 -82.6353
1784 -315.09 57.1911
1785 58.72 86.199
1786 187.11 77.8485
1787 137.92 82.1847
1788 -256.56 68.7243
1789 173.79 79.1772
1790 -140.26 82.0126
1791 293.04 -62.0711
1792 380.12 36.1747
1793 -160.19 -80.4125
1794 -272.77 -65.9592
1795 -85.54 85.2194
1796 344.57 49.2624
1797 -100.86 84.4891
1798 385.71 -33.5082
1799 -166.12 -79.8886
1800 79.33 -85.4797
1801 -234.16 72.1118
1802 206.85 75.6496
1803 -36.97 86.7214
1804 -43.39 86.5922
1805 -116.77 83.595
1806 146.54 81.5346
1807 198.31 76.6357
1808 -392.56 29.8566
1809 -84.91 -85.2467
1810 -335.38 -51.9422
1811 -290.83 62.5206
1812 -118.2 83.5077
1813 84.28 85.2739
1814 -320.65 -55.8338
1815 137.89 -82.1869
