%%index real_part   imaginary_part
4382 4382 4382
1 2.52 18.01
2 21.25 24.69
3 7.05 14.71
4 24.23 26.83
5 4.27 11.62
6 10.54 4.52
7 25.8 3.36
8 13.12 1.87
9 18.92 4.37
10 26.81 18.43
11 2.79 23.82
12 9.7 0.71
13 2.9 11.88
14 23.07 13.03
15 3.55 18.33
16 9.34 4.64
17 2.33 6.07
18 12.31 3.59
19 3.42 9.38
20 12.52 1.06
21 24.11 7.69
22 11.05 23.06
23 16.46 22.91
24 0.28 15.69
25 25.65 26.9
26 15.25 0.09
27 0.8 1.44
28 4.85 24.95
29 2.5 22.22
30 13.55 0.92
31 5.56 6.05
32 3.64 22.9
33 26.49 26.41
34 0.31 7.47
35 0.06 21.44
36 20.65 12.83
37 0.42 24.17
38 20.08 23.23
39 11.92 8.4
40 8.3 20.36
41 20.45 10.57
42 12.02 23.55
43 13.02 12.77
44 8 16.87
45 9.31 15.52
46 13.09 13.07
47 8.97 14.88
48 5.81 16.74
49 15.73 26.99
50 21.43 6.13
51 18.96 7.31
52 4.48 6.6
53 2.83 10.9
54 19.3 16.08
55 9.44 14.76
56 25.33 19.13
57 7.2 21.41
58 25.71 1.87
59 18.74 20.23
60 8.75 25.23
61 11.3 1.06
62 7.46 13.37
63 21.63 11.8
64 11.79 13.27
65 19.4 10.36
66 17.68 24.74
67 4.34 2.89
68 5.31 13.68
69 2.77 7.18
70 13.46 24.62
71 8.27 12.21
72 25.15 11.79
73 13.67 15.47
74 8.7 15.38
75 13.61 23.93
76 16.51 8.98
77 22.35 24.91
78 9.71 23.97
79 1.77 16.98
80 18.86 13.02
81 10.76 12.69
82 15.58 9.54
83 23.23 6.63
84 13.81 12.42
85 10.04 17.52
86 2.73 0.27
87 3.58 9.83
88 25.3 19.4
89 7.78 8.77
90 5.71 25.53
91 26.03 21.39
92 10.83 22.22
93 10.72 21.38
94 2.88 12.06
95 25.09 12.49
96 25.18 13.26
97 14.33 0.37
98 7 5.29
99 9.23 2.08
100 19.6 12.33
101 4.12 19.27
102 20.62 22.33
103 6.26 26.23
104 8 18.92
105 17.45 14.04
106 26.96 5.23
107 18.98 8
108 2.38 2.31
109 14.37 2.7
110 6.71 23.78
111 10.05 3.98
112 22.88 23.41
113 20.22 24.38
114 26.46 2.88
115 6.74 2.45
116 13.24 19.06
117 5.91 10.86
118 10.09 6.86
119 25.79 3.69
120 17.74 18.1
121 14.85 7.76
122 7.29 9.22
123 11.53 6.83
124 9.53 9.67
125 24.98 17.42
126 12.93 16.24
127 4.18 26.55
128 15.45 8.81
129 11.69 24.4
130 26.86 14.91
131 25.49 18.43
132 20.82 13.1
133 11.49 22.92
134 26.62 3.91
135 13.53 1.8
136 1.08 8.88
137 18.1 1.39
138 8.22 8.37
139 9.57 21.15
140 3.09 9.28
141 17.04 7.55
142 25.62 16.02
143 24.83 21.22
144 10.15 14.07
145 20.5 1.05
146 11 10.01
147 14.63 10.51
148 6.43 4.82
149 0.26 17.64
150 19.44 24.57
151 6.45 5.31
152 25.22 20.53
153 1.9 16.07
154 1.74 24.97
155 7.25 11.47
156 10.54 4.84
157 12.38 15.81
158 10.04 9.16
159 14.75 10.22
160 2.79 20.19
161 21.72 8.25
162 18.76 13.79
163 10.14 0.87
164 18.52 16.72
165 14.29 10.4
166 7.23 10.96
167 23.01 12.27
168 19.86 5.46
169 3.43 24.92
170 0.91 13.13
171 17.97 2.2
172 18.01 2.98
173 3.66 21.87
174 23.61 19.57
175 4.28 18.42
176 26.67 26.4
177 13.2 17.52
178 9.92 9.96
179 26.68 14.86
180 25.26 1.44
181 3.92 5.49
182 9.28 5.49
183 2.47 26.94
184 16.38 2.15
185 6.8 24.42
186 26.62 8.81
187 3.31 24.77
188 11.16 9.16
189 1.73 6.98
190 25.4 7.78
191 7.18 24.54
192 6.58 16.59
193 26.55 11.9
194 26.76 16.5
195 17.94 17.75
196 14.77 16.54
197 13.56 13.39
198 4.85 24.05
199 17.72 16.03
200 13.46 12.75
201 21.56 24.52
202 13.81 4.6
203 13.76 24.88
204 4.86 16.5
205 24.28 7.02
206 23.08 21.78
207 11.37 4.46
208 7.89 2.66
209 19.17 2.45
210 11.72 7.65
211 15.72 10.11
212 15.02 26.49
213 15.07 2.28
214 9.83 19.87
215 5.62 24.31
216 13.36 23.29
217 19.42 18.71
218 16.59 0.17
219 8.19 6.18
220 4.72 12.97
221 26.27 5.47
222 1.46 0.8
223 3.47 10.64
224 4.61 9.35
225 8.52 22.64
226 24.27 16.34
227 7.35 24.24
228 26.52 12.3
229 23.69 22.42
230 19.74 9.36
231 24.17 2.32
232 21.03 6.1
233 24.79 16.59
234 14.3 2.14
235 6.63 5.99
236 2.98 19.02
237 11.35 5.9
238 8.06 4.44
239 13.79 6.34
240 1.98 12.68
241 20.54 13.84
242 11.08 17.77
243 21.59 0.89
244 23.32 2.13
245 3.01 18.29
246 12.13 7.58
247 5.2 0.18
248 8.3 24.68
249 26.82 21.51
250 19.02 14.12
251 24.66 24.97
252 3.87 13.53
253 17.97 9.01
254 15.35 3.45
255 7.65 23.29
256 10.13 8.85
257 18.15 1.19
258 20.61 12.73
259 14.86 12.74
260 22.55 8.45
261 16.03 17.87
262 9.58 7.68
263 5.36 12.75
264 25.78 9.4
265 23.52 23.7
266 21.67 9.33
267 22.86 21.18
268 21.72 17.06
269 20.52 13.83
270 10.12 10.07
271 10.45 19.69
272 20.89 11.77
273 24.51 1.6
274 14.34 14.5
275 14.47 3.89
276 13.29 1.42
277 0.62 3.5
278 7.77 14.39
279 23.79 24.51
280 21.21 25.07
281 7.4 11.83
282 24.53 7.41
283 15.99 3.26
284 17.1 19.25
285 20.85 9.51
286 2.21 18.74
287 22.04 4.3
288 24.42 14.62
289 20.64 11.07
290 14.96 3.28
291 4.7 8.11
292 3.13 19.77
293 7.16 5.33
294 21.36 2.42
295 0.49 22.47
296 7.3 7.09
297 14.5 7.9
298 11.16 23.36
299 7.13 3.5
300 4.53 19.78
301 3.05 0.98
302 23.8 25.26
303 4.4 16.61
304 0.68 21.22
305 24.51 16.56
306 24.67 7.16
307 26.94 20.73
308 17.58 19.32
309 13.26 25.62
310 21.1 11.94
311 19.04 13.76
312 13.18 19.92
313 16.28 25.06
314 20.08 15.86
315 0.17 23.42
316 15.92 24.62
317 14.4 3.22
318 19.83 4.25
319 16.99 18.81
320 8.37 12.03
321 19.19 6.02
322 26.76 24.57
323 8.41 10.65
324 9.28 8.86
325 20.81 21.68
326 26.96 21.9
327 14.82 4.37
328 20.95 4.66
329 20.52 22.63
330 10.57 14.04
331 3.18 20.69
332 15.43 26.49
333 3.74 17.58
334 9.39 26.78
335 11.81 20.74
336 18.28 9.29
337 25.38 22.53
338 24.7 18.04
339 26.91 6.79
340 19.99 6.98
341 20.4 12.24
342 8.13 11.47
343 16.13 8.23
344 3.86 2.08
345 16.12 1.18
346 13.39 14.43
347 5.44 19.3
348 9.89 1.83
349 20.13 0.71
350 12.97 10.8
351 11.61 23.47
352 19 4.25
353 13.82 9.99
354 8.31 8.22
355 15.21 13.73
356 17.49 19.82
357 22.82 0.13
358 8.36 25.62
359 0.7 11.95
360 13.13 3.74
361 9.69 16.83
362 0.65 26.53
363 19.88 6.66
364 7.37 10.54
365 12.87 13.01
366 9.48 11.86
367 16.11 24.48
368 26 20
369 1.23 2.93
370 8.18 25.83
371 18.65 7.96
372 8.09 25.67
373 24.29 14.47
374 17.95 7.98
375 3.24 16.52
376 6.35 22.6
377 13.65 12.94
378 19.6 7
379 9.07 25.05
380 11.07 18.49
381 3.35 13.46
382 2.46 12.07
383 23.6 10.98
384 5.44 1.46
385 0.29 16.35
386 15.83 13.62
387 3.82 10.47
388 16.46 15.44
389 23.42 19.63
390 9.15 7.41
391 3.02 18.19
392 4.13 7.02
393 5.55 8.19
394 6.25 15.25
395 25.26 6.14
396 19.6 8.84
397 12.43 20.13
398 4.11 22.06
399 23.53 9.03
400 16.9 9.55
401 14.7 15.34
402 25.81 5.73
403 12.7 10.04
404 21.19 6.8
405 14.21 0.64
406 18.83 3.35
407 1.89 8.75
408 16.95 14.48
409 2.73 7.44
410 13.58 14.72
411 23.56 19.51
412 12.64 6.18
413 19.77 8.99
414 18.03 16.76
415 17.83 7.82
416 14.68 26.45
417 23.71 24.05
418 25.61 5.02
419 11.82 9.41
420 10.05 19.81
421 23.16 26.03
422 7.79 1.89
423 16.37 25.05
424 24.02 16.26
425 3.98 10.63
426 3.14 10.6
427 8.31 19.06
428 1.05 7.31
429 24.07 19.6
430 0.42 10.6
431 10.06 6.42
432 22 15.1
433 20.12 6.77
434 16.18 20.61
435 13.42 4.94
436 22.5 17.75
437 19.64 1.1
438 17.68 21.81
439 2.59 0.54
440 2.69 14.7
441 16.82 6.57
442 25.63 24.35
443 4.66 25.13
444 9.25 18.2
445 1.81 20.25
446 26.68 9.67
447 16.3 11.87
448 10.16 13.2
449 6.81 0.94
450 24.41 17.86
451 8.61 11.76
452 12.86 19.91
453 14.72 19.78
454 20.32 3.54
455 9.76 8.83
456 6.92 23.01
457 11.88 26.59
458 16.24 24.07
459 15.27 16.55
460 9.8 25.5
461 26.69 17.08
462 20.47 1
463 14.2 15.99
464 16.94 22.15
465 13.01 21.02
466 5.78 14.35
467 25.78 21.63
468 14.41 10.16
469 5.23 5.02
470 13.85 26.25
471 13.78 14.99
472 6.1 20.77
473 17.84 25.66
474 15.21 22.35
475 12.37 6.11
476 14.72 16.54
477 17.54 12.06
478 19.58 26.71
479 21.87 4.75
480 17.29 9.52
481 15.39 7.88
482 2.51 14.59
483 16.27 5.69
484 10.71 8.44
485 7.69 21.5
486 1.02 24.56
487 9.85 21.47
488 20.14 25.64
489 12.51 0.69
490 25.32 8.35
491 16.41 24.88
492 1.47 4.56
493 4.28 6.96
494 3.23 21.05
495 22.09 26.15
496 7.03 12.04
497 18.15 2
498 7.69 1.07
499 9.51 7.42
500 20.45 18.4
501 7.48 17.21
502 11.68 12.99
503 11.63 17.33
504 9.54 4.82
505 4.7 24.15
506 13.55 7.86
507 3.95 12.63
508 19.59 15.02
509 0.59 8.23
510 7.38 14.34
511 17.9 22.68
512 24.68 14.41
513 7 9.05
514 8 23.89
515 15.29 16.52
516 6.73 19.97
517 5.96 22.77
518 4.62 9.93
519 14.76 9.11
520 24.78 14.16
521 13.55 10.98
522 23.61 2.86
523 17.88 17.5
524 17.25 7.73
525 13.59 10
526 24.2 24.63
527 3.56 4.5
528 5.07 13.41
529 10.3 10.57
530 0.09 13.07
531 24.56 25.6
532 12.89 25.34
533 8.27 22.04
534 22.68 9.04
535 14.72 14.55
536 25.53 20.46
537 23.32 19.79
538 10.29 13.67
539 21.4 5.73
540 7.25 0.54
541 16.69 7.99
542 4.01 4.45
543 17.86 20.26
544 22.35 9.09
545 13.68 1.17
546 18.29 13.96
547 12.3 11.25
548 24.81 22.7
549 4.74 20.57
550 8.13 20.49
551 13.96 10.99
552 3.78 25.18
553 11.85 1.8
554 26.05 5.6
555 6.14 24.77
556 24.29 6.3
557 2.28 14.36
558 26.14 1.3
559 10.39 20.14
560 12.83 21.49
561 26.97 15.6
562 26.85 4.12
563 18.35 12.27
564 24.36 24.66
565 18.16 14.61
566 25.6 24.01
567 13.72 23.64
568 16.96 2.39
569 7.99 25.57
570 14.87 7.54
571 5.36 5.65
572 20.01 12.16
573 13.46 7.64
574 0.79 10.67
575 23.68 15.38
576 3.98 13.62
577 9.27 23.65
578 8.92 22.35
579 11.53 0.62
580 15.23 24.81
581 21.82 21.21
582 9.37 13.84
583 7.75 8.54
584 25.64 26.34
585 25.4 15.74
586 12.91 13.51
587 17.19 3.76
588 11.41 24.45
589 8.12 22.17
590 2.07 3.72
591 8.86 4.81
592 1.46 6.05
593 19.92 18.13
594 10.27 1.91
595 18.24 22.98
596 17.19 25.51
597 3.87 4.58
598 13.13 26.57
599 17.43 3.14
600 18.88 3.29
601 8.32 15.83
602 19.59 23.31
603 20.76 25.51
604 12.2 22.52
605 26.24 1.89
606 25.22 14.28
607 11.85 8.11
608 17.76 18.2
609 11.63 4.78
610 0.76 1.04
611 18.07 2.87
612 7.46 9.47
613 9.04 13.46
614 16.6 12.11
615 15.4 17.99
616 6.82 8.48
617 23.31 23.72
618 13.75 17.94
619 13.46 17.08
620 18.97 25.95
621 13.23 4.23
622 3.86 8.71
623 26.91 16.61
624 21.39 21.62
625 14.18 11.55
626 5.94 13.67
627 23.14 5.25
628 18.71 13.4
629 25.51 23.71
630 14.7 26.83
631 26.83 5.43
632 20.67 21.53
633 12.47 23.15
634 13.23 25.94
635 24.9 17.45
636 21.68 23.72
637 5.43 2.65
638 19.26 17.06
639 11.69 5.34
640 8.41 5.17
641 18.84 17.39
642 22.65 14.36
643 19.28 6.51
644 3.22 5.88
645 5.72 9.32
646 14.75 17.92
647 3.97 5.55
648 1.7 26.95
649 25.89 7.96
650 25.42 6.45
651 3.17 15.31
652 17.97 11.62
653 1.69 8.6
654 5.47 1.75
655 25.45 4.9
656 22.29 5.4
657 11.28 8.81
658 15.32 9.46
659 6.87 3.57
660 4.41 10.06
661 19.51 12.59
662 9.66 10.68
663 10.63 23.48
664 4.45 2.89
665 9.34 9.53
666 16.36 21.39
667 24.53 4.04
668 12.64 25.85
669 0.61 17.74
670 22.64 9.63
671 6.56 17.58
672 26.39 9.46
673 18.92 17.84
674 12.93 6.24
675 16.3 25.79
676 2.9 17.34
677 1.03 8.81
678 23.82 4.09
679 6.98 3.18
680 12.71 19.79
681 14.18 7.84
682 11.88 2.08
683 19.45 3.23
684 20.98 24.53
685 25.68 20.06
686 2.16 8.14
687 17.6 5.24
688 14.61 1.56
689 7.8 1.05
690 18.36 0.54
691 17.89 15.62
692 24.44 21.27
693 25.36 10.44
694 13.62 21.26
695 5.57 23.86
696 4.7 17.86
697 11.46 19.75
698 14.5 16.59
699 5.64 -3.91
700 15.5 -8.48
701 8.15 -22.84
702 1.09 -17.66
703 19.22 -17.27
704 18.32 -7.22
705 7.76 -18.54
706 7.17 -9.69
707 22.48 -17.17
708 0.61 -23.13
709 8.91 -12.36
710 9.22 -5.76
711 15.14 -14.48
712 25.75 -5.44
713 22.03 -26.6
714 22.03 -13.25
715 13.26 -19.19
716 15.04 -10.53
717 19.72 -21.41
718 11.68 -7.65
719 14.87 -3.46
720 22.01 -21.53
721 22.74 -14.15
722 4.33 -20.7
723 8.35 -18.22
724 22.1 -23.46
725 20.74 -17.26
726 23.26 -4.32
727 9.76 -8.88
728 8.48 -22.01
729 26.78 -23.32
730 7.03 -22.04
731 24.09 -13.04
732 25.97 -22.07
733 21.24 -16.81
734 20.28 -2.18
735 23.71 -9.11
736 23.27 -6.81
737 19.03 -10.97
738 2.19 -19.12
739 15.58 -0.38
740 17.64 -24.29
741 20.13 -9.33
742 9.73 -13.9
743 0.43 -21.41
744 9.25 -9.74
745 4.78 -0.21
746 4.78 -16.29
747 11.36 -1.87
748 18.69 -3.75
749 24.45 -24.13
750 24.76 -3.49
751 10.3 -12.68
752 23.65 -12.55
753 4.67 -2.33
754 21.23 -25.84
755 14.65 -11.78
756 12.63 -11.87
757 17.29 -26.3
758 20.72 -22.36
759 5.1 -9.24
760 9.45 -2.97
761 19.26 -9.88
762 3.28 -14.23
763 9.51 -22.15
764 19.28 -21.97
765 16.98 -6.96
766 11.17 -17.04
767 2.6 -0.28
768 21.13 -7.82
769 6.67 -25.79
770 10.57 -15.36
771 18.75 -12.84
772 12.15 -23.2
773 18.57 -0.56
774 9.8 -24.39
775 0.36 -23.67
776 25.08 -10.77
777 25.01 -11.15
778 6.3 -1.36
779 14.85 -26.04
780 24.52 -17.1
781 25.66 -4.83
782 5.11 -8.69
783 16.52 -1.26
784 18.58 -17.76
785 24.64 -14.71
786 19.07 -2.15
787 25.36 -7.91
788 8.47 -4.22
789 1.61 -8.45
790 5.12 -18.27
791 2.04 -20.5
792 4.65 -21.72
793 23.08 -18.57
794 9.13 -2.47
795 19.57 -10.93
796 15.76 -6.66
797 6.87 -18.23
798 11.02 -12.39
799 21.67 -23.39
800 2.62 -2.6
801 23.27 -10.83
802 18.74 -21.7
803 17.44 -21.63
804 21.6 -0.21
805 10 -10.58
806 4.08 -18.25
807 12.97 -3.57
808 13.66 -0.25
809 2.72 -9.06
810 11.51 -22.8
811 20.98 -13.81
812 23.56 -18.8
813 22.71 -0.85
814 15.77 -7.58
815 1.7 -8.91
816 19.74 -18.39
817 4.61 -24.98
818 11.13 -11.49
819 11.7 -22.06
820 5.64 -5.74
821 23.99 -13.23
822 16.8 -1.24
823 1.49 -1.48
824 2.06 -21.98
825 17.78 -22.73
826 1.06 -13.58
827 23.9 -3.28
828 4.14 -24.62
829 23.73 -19.61
830 1.52 -11.43
831 2.82 -16.95
832 14.93 -21.27
833 24.28 -25.96
834 21.02 -17.59
835 14.85 -8.98
836 13.73 -18.18
837 19.42 -11.84
838 4.84 -22.05
839 17.04 -12.43
840 26.68 -6.91
841 20.49 -7.82
842 2.63 -0.74
843 16.88 -8.91
844 20.04 -6.77
845 18.2 -13.61
846 3.57 -13.09
847 25.88 -12.54
848 3.02 -10.02
849 0.61 -23.16
850 23.66 -24.04
851 6.74 -15.46
852 18.82 -10.4
853 5.45 -17.68
854 21.63 -23.67
855 3.58 -22.49
856 21.84 -21.31
857 13.57 -15.59
858 16.02 -24.47
859 22.76 -3.46
860 8.59 -9.06
861 22.15 -5.48
862 9.54 -3.68
863 13.71 -21.03
864 17.19 -12.57
865 1.13 -5.84
866 12.83 -5.38
867 15.78 -7.88
868 25.56 -23.17
869 11.36 -12.75
870 26.77 -11.72
871 6.03 -6.46
872 13.57 -21.61
873 10.6 -11.13
874 6.11 -2.59
875 3.18 -24.88
876 3.36 -14.7
877 9.91 -25.33
878 10.89 -4.42
879 16.99 -15.14
880 20.98 -19.6
881 24.98 -18.13
882 17.53 -25.33
883 21.51 -13.76
884 18.04 -7.61
885 19.33 -5.87
886 3.86 -17.81
887 3.94 -16.89
888 1.02 -17.43
889 20.03 -6.06
890 3.94 -7.13
891 13.35 -23.21
892 13.06 -25.82
893 3.24 -14.78
894 2.92 -23.95
895 8.08 -11.76
896 21.41 -15.43
897 13.76 -6.06
898 11.35 -11.94
899 19.55 -26.79
900 24.19 -20.91
901 11.72 -3.41
902 20.3 -1.05
903 18.48 -15.66
904 21.72 -21.32
905 19.97 -3.03
906 26.24 -17.18
907 16 -24.84
908 12.63 -3.83
909 19.3 -10.76
910 22.52 -15.55
911 3.98 -0.38
912 24.97 -16.93
913 1.87 -9.27
914 9.06 -0.84
915 21.75 -12.95
916 16.36 -6.25
917 25.82 -6.47
918 22.13 -9.66
919 22.5 -17.31
920 20.34 -8.37
921 25.55 -6.99
922 4.83 -11.11
923 14.94 -6.07
924 16.83 -8.98
925 24.54 -7.24
926 26.15 -12.36
927 20.81 -20.04
928 2.31 -24.12
929 24.96 -22.69
930 0.16 -2.9
931 0.67 -11.23
932 17.7 -16.52
933 17.7 -26.5
934 8.33 -4.35
935 4.24 -4.72
936 11.71 -1.67
937 4.3 -2.79
938 8.86 -16.54
939 25.53 -10.76
940 9.53 -17.21
941 2.57 -14.59
942 26.15 -8.68
943 24.32 -23.39
944 10.6 -1.47
945 4.37 -13.8
946 25.03 -10.76
947 18.8 -23.56
948 23.06 -7.25
949 11.6 -1.02
950 5.74 -4.39
951 24.59 -7.36
952 10.15 -17.45
953 25.51 -1.89
954 4.18 -10.53
955 19.26 -15.56
956 21.67 -13.71
957 13.91 -21.84
958 9.75 -20.83
959 13.82 -11.23
960 16.55 -11.87
961 14.15 -9.71
962 6.27 -6.1
963 13.35 -24.47
964 25.49 -2.34
965 25.25 -16.47
966 23.83 -4.23
967 13.2 -22.84
968 16.26 -25.5
969 0.55 -3.23
970 10.32 -20.44
971 25.67 -19.81
972 6.17 -4.99
973 25.82 -12.58
974 15.33 -15.92
975 19.31 -12.64
976 13.87 -23.4
977 2.5 -6.46
978 3.93 -20.15
979 22.49 -15.85
980 5.32 -20.94
981 25.17 -12.26
982 8.11 -20.67
983 10.69 -2.89
984 6.13 -15.89
985 0.85 -11.24
986 4.05 -16.45
987 12.96 -26.52
988 3.62 -1.75
989 9.19 -3.31
990 15.95 -10.47
991 6.87 -1.51
992 26.49 -21.35
993 14.5 -9.37
994 16.74 -3.43
995 24.37 -1.51
996 13.77 -13.58
997 7.25 -14.07
998 8.48 -13.4
999 2.29 -17.94
1000 20.7 -6.13
1001 14.1 -3.14
1002 21.18 -24.75
1003 18.02 -0.07
1004 3.38 -24.8
1005 26.79 -0.22
1006 1.73 -10.85
1007 5.2 -6.66
1008 7.55 -1.22
1009 23.17 -19.7
1010 12.73 -24.29
1011 10.87 -12.07
1012 17.66 -26.51
1013 4.43 -9.64
1014 0.58 -26.14
1015 5.28 -6.73
1016 1.39 -21.28
1017 10.56 -10.9
1018 10.97 -22.58
1019 11.9 -1.58
1020 1.8 -14.35
1021 16.73 -3.22
1022 9.88 -22.05
1023 14.8 -21.93
1024 6.16 -17.44
1025 6.25 -10.97
1026 23.04 -18.89
1027 9.92 -17.13
1028 26.77 -5.22
1029 4.37 -14.36
1030 12.61 -18.88
1031 4.68 -1.17
1032 12.07 -14
1033 1.1 -6.76
1034 8.35 -14.57
1035 1.92 -4.53
1036 7.75 -1.67
1037 15.25 -10.17
1038 5.11 -17.63
1039 26.59 -3.05
1040 14.02 -2.79
1041 21.68 -5.85
1042 14.5 -1.59
1043 6.81 -23.13
1044 2.01 -14.27
1045 24.67 -2.7
1046 22.39 -14.62
1047 1.62 -2.36
1048 9.12 -7.47
1049 22.04 -21.25
1050 25.78 -8.99
1051 2.19 -15.48
1052 25.66 -6.53
1053 15.68 -17.44
1054 12.01 -22.29
1055 25.08 -6.8
1056 4.17 -17.55
1057 19.14 -11.28
1058 25.93 -18.67
1059 24.46 -17.48
1060 11.7 -0.94
1061 15.56 -13.66
1062 16.02 -7.1
1063 6.09 -8.71
1064 2.96 -25.14
1065 25.66 -19.65
1066 26.65 -20.26
1067 18.31 -0.85
1068 9.81 -16.83
1069 12.12 -25.51
1070 5.31 -21.82
1071 12.37 -1.72
1072 4.53 -1
1073 11.19 -23.04
1074 5.04 -3.46
1075 4.41 -8.66
1076 22.32 -16.74
1077 15.36 -11.49
1078 20.2 -2.86
1079 19.52 -12.97
1080 24.14 -14.68
1081 26.46 -18.18
1082 19.03 -23.8
1083 5.15 -17.77
1084 16.29 -1.84
1085 15.18 -8.8
1086 10.52 -13.12
1087 14.13 -0.56
1088 23.6 -15.05
1089 10.04 -25.32
1090 25.5 -1.64
1091 9.9 -14.45
1092 17.46 -12.34
1093 6.72 -16.79
1094 2.76 -2.19
1095 8.39 -26.25
1096 17.43 -26.91
1097 15.23 -7.86
1098 17.15 -0.99
1099 21.35 -20.38
1100 2.18 -24.96
1101 11.09 -9.54
1102 1.62 -4.23
1103 10.8 -16.74
1104 6.58 -25.22
1105 18.38 -20.84
1106 26.81 -23.61
1107 0.47 -19.8
1108 9.59 -17.28
1109 19.47 -7.2
1110 24.97 -3.88
1111 22.31 -0.86
1112 8.72 -6.92
1113 7.91 -10.54
1114 22.44 -17.4
1115 15.36 -20.79
1116 3.33 -16.15
1117 11.9 -17.97
1118 7.71 -23.47
1119 21.69 -22.7
1120 16.55 -5.82
1121 20.95 -4.59
1122 24.39 -16.36
1123 6.64 -21.42
1124 20.14 -25.51
1125 2.39 -17.63
1126 18.5 -9.63
1127 16.56 -16.22
1128 26.76 -18.74
1129 9.14 -15.99
1130 9.78 -13.72
1131 21.39 -24.51
1132 7 -4.63
1133 1.1 -6.29
1134 20.52 -6.24
1135 12.06 -14.31
1136 18.9 -10.07
1137 17.95 -6.01
1138 18.95 -7.82
1139 24.85 -16.12
1140 6.75 -3.62
1141 13.25 -0.24
1142 7.98 -16.77
1143 8.52 -2.81
1144 18.81 -26.26
1145 12.98 -17.66
1146 6.69 -20.11
1147 24.75 -25.9
1148 5.19 -13.7
1149 19.94 -17.37
1150 4.69 -25.71
1151 0.3 -23.52
1152 21.05 -15.11
1153 22.93 -9.78
1154 25.9 -4.52
1155 8.14 -12.3
1156 4.06 -24.17
1157 5.47 -12.92
1158 7.25 -12.04
1159 11.3 -13.99
1160 23.17 -26.06
1161 10.7 -24.29
1162 14.71 -21.39
1163 26.61 -8.45
1164 25.82 -11.42
1165 10.14 -19.55
1166 7.59 -22.03
1167 10.15 -1.96
1168 3.26 -1.64
1169 6.16 -24.6
1170 9.91 -20.68
1171 17.86 -5.83
1172 10.27 -13.97
1173 26.02 -23.33
1174 1.84 -17.52
1175 16.59 -10.32
1176 26.13 -16.53
1177 10.92 -18.81
1178 0.26 -13.84
1179 25.27 -10.53
1180 21.6 -17.6
1181 12.64 -26.93
1182 20.41 -2.19
1183 22.35 -22.79
1184 11.91 -23.68
1185 17.36 -20.04
1186 17.39 -21.82
1187 8.8 -26.74
1188 14.59 -0.66
1189 18.18 -7.82
1190 18.14 -16.43
1191 24.49 -26.29
1192 18.1 -8.8
1193 22.64 -8.41
1194 10.47 -9.88
1195 0.49 -20.91
1196 20.84 -5.07
1197 25.79 -4.65
1198 18.96 -14.26
1199 2.46 -12.66
1200 5.7 -3.87
1201 25.7 -19.82
1202 19.57 -23.09
1203 23.75 -7.5
1204 6.84 -7.16
1205 15.12 -14.94
1206 5.75 -16.5
1207 25.3 -12.61
1208 12.54 -23.86
1209 6.74 -20.95
1210 6.38 -23.01
1211 19.61 -7.23
1212 3.4 -18.75
1213 24.53 -9.92
1214 22.58 -22.36
1215 26.24 -26.99
1216 19.81 -1.29
1217 15.9 -24.94
1218 23.96 -3.9
1219 11.07 -4.18
1220 10.64 -3.8
1221 11.82 -17.71
1222 21.84 -16.39
1223 13.25 -10.13
1224 22.6 -7.38
1225 21.92 -20
1226 18.75 -1.98
1227 20.73 -14.53
1228 24.45 -13.68
1229 9.04 -18.26
1230 18.25 -20.03
1231 12.84 -8.28
1232 24.74 -2.59
1233 6.49 -20.27
1234 24.45 -13.22
1235 8.54 -9.08
1236 26.79 -8.09
1237 24.48 -20.37
1238 3.5 -13.15
1239 20.54 -2.26
1240 13.78 -26.1
1241 1.08 -15.46
1242 21.51 -24.05
1243 10.73 -13.34
1244 23.12 -18.96
1245 3.51 -19.78
1246 19.58 -14.38
1247 8.49 -7.88
1248 1.15 -8.85
1249 22.07 -14.98
1250 24.07 -25.6
1251 25.21 -3.62
1252 23.99 -15.38
1253 1.54 -22.69
1254 24.95 -0.49
1255 18.11 -13.6
1256 20.58 -11.73
1257 8.79 -10.71
1258 15.57 -15.09
1259 25.57 -19.52
1260 3.82 -11.7
1261 26.08 -20.6
1262 1.48 -23.41
1263 23.78 -7.57
1264 14.07 -21.15
1265 11.27 -18.85
1266 22.47 -2.66
1267 9.57 -9.48
1268 5.18 -19.46
1269 11.47 -2.63
1270 16.23 -21.65
1271 24.91 -21.1
1272 4.82 -9.81
1273 16.42 -25.22
1274 9.26 -20.39
1275 23.61 -14.99
1276 8.59 -13.09
1277 1.02 -22.69
1278 21.78 -1.6
1279 22.75 -24.8
1280 16.65 -0.38
1281 3.04 -25.55
1282 8.03 -3.65
1283 14.63 -12.61
1284 15.24 -4.73
1285 26.39 -17.63
1286 11.73 -22.99
1287 5.8 -15.82
1288 14.04 -8.07
1289 19.99 -13.74
1290 1.73 -23.3
1291 0.91 -16.6
1292 3.82 -1.85
1293 21.97 -1.93
1294 18.25 -17.12
1295 17.5 -9.24
1296 7.79 -26.43
1297 3.08 -12.07
1298 24.68 -15.83
1299 12.08 -9.23
1300 26.86 -4.45
1301 0.44 -2.99
1302 18.81 -3.12
1303 2.71 -24.77
1304 11.51 -24.37
1305 20.68 -14.22
1306 22.35 -4.77
1307 6.62 -21.59
1308 15.05 -26.17
1309 7.81 -1.59
1310 2.35 -6.3
1311 24.25 -16.84
1312 1.91 -10.15
1313 17.5 -0.33
1314 1.09 -26.59
1315 22.56 -2.58
1316 5.58 -0.95
1317 22.59 -23.01
1318 12.3 -15.91
1319 13.29 -25.31
1320 12.53 -23.81
1321 20.1 -6.97
1322 20.08 -7.88
1323 25.57 -26.72
1324 19.83 -26.65
1325 24.48 -24.91
1326 14.75 -22.19
1327 23.86 -21.73
1328 22.07 -16.66
1329 7.77 -14.36
1330 16.94 -14.68
1331 15.63 -3.34
1332 17.87 -14.04
1333 21.48 -2.75
1334 1.06 -3.17
1335 18.5 -7.77
1336 6.26 -5.11
1337 4.52 -11.61
1338 2.85 -17.86
1339 17.52 -21.61
1340 19.52 -14.21
1341 0.92 -15
1342 9.73 -7.27
1343 23.93 -24.78
1344 3.66 -23.32
1345 11 -23.23
1346 26.57 -12.12
1347 26.17 -18.16
1348 20.91 -8.96
1349 3.65 -20.65
1350 19.94 -13.49
1351 18.6 -22.15
1352 25.28 -26.2
1353 17.06 -14.64
1354 9.26 -19.66
1355 6.87 -26.1
1356 14.1 -1.78
1357 0.58 -7.79
1358 24.09 -23.84
1359 11.68 -16.03
1360 12.26 -0.75
1361 12.87 -14.21
1362 5.37 -3.35
1363 3.83 -3.56
1364 15.73 -26.28
1365 4.29 -7.48
1366 21.16 -8.67
1367 26.39 -14.41
1368 2.06 -19.44
1369 12.1 -16.46
1370 15.56 -2.84
1371 23.14 -10.49
1372 9.8 -21.19
1373 9.55 -23.72
1374 4.28 -6.89
1375 26.16 -21.23
1376 8.44 -16.54
1377 11.42 -3.56
1378 7.12 -5.33
1379 23.13 -15.25
1380 22.74 -22.86
1381 23.05 -0.42
1382 14.84 -16.9
1383 0.86 -22.45
1384 3.43 -8.42
1385 11.26 -12.97
1386 14.98 -18.99
1387 4.7 -7.4
1388 22.65 -24.79
1389 4.68 -14.25
1390 0.01 -26.93
1391 16.47 -22.37
1392 25.93 -8.45
1393 5.31 -19.41
1394 7.67 -24.57
1395 20.43 -1.44
1396 20.39 -21.93
1397 -11.83 -8.01
1398 -3.46 -8.23
1399 -16.65 -4.21
1400 -8.7 -25.41
1401 -8.92 -19.43
1402 -26.83 -23.69
1403 -21.48 -13.63
1404 -0.88 -22.48
1405 -22.41 -17.68
1406 -13.05 -0.89
1407 -0.87 -3.41
1408 -22.82 -3.5
1409 -1.08 -6.18
1410 -26.14 -3.49
1411 -25.42 -13.03
1412 -21.04 -19.53
1413 -0.76 -1.77
1414 -5.99 -16.02
1415 -14.43 -8.93
1416 -1.36 -14.69
1417 -2.9 -14.88
1418 -1.51 -19.72
1419 -15.2 -24.38
1420 -6.59 -20.91
1421 -21.81 -2.14
1422 -5.55 -11.16
1423 -14.67 -14.2
1424 -11.9 -1.37
1425 -23.39 -7.27
1426 -20.3 -11.04
1427 -3.58 -21.81
1428 -15.11 -5.87
1429 -13.41 -22.86
1430 -23.32 -21.1
1431 -0.31 -19.37
1432 -7.25 -24.68
1433 -8.92 -21.74
1434 -10.64 -8.76
1435 -21.19 -24.13
1436 -26.27 -17.23
1437 -19.92 -16
1438 -21.72 -23.34
1439 -24.71 -26.11
1440 -6.38 -6.62
1441 -9.19 -21.1
1442 -7.44 -18.2
1443 -15.59 -12.77
1444 -0.15 -22.55
1445 -8.17 -2.01
1446 -21.38 -23.47
1447 -12.68 -0
1448 -21.74 -20.15
1449 -20.43 -21.6
1450 -18.73 -5.39
1451 -14.14 -14.62
1452 -22.15 -9.52
1453 -5.86 -7.06
1454 -6.17 -16.87
1455 -15.02 -22.1
1456 -7.72 -4.07
1457 -22.28 -24.21
1458 -9.98 -15.16
1459 -10.71 -10.87
1460 -4.4 -1.65
1461 -25.13 -10.4
1462 -10.41 -17.3
1463 -10.45 -10.81
1464 -5.41 -23.67
1465 -2.06 -3.88
1466 -18.51 -15.67
1467 -16.71 -7.73
1468 -14.79 -13.66
1469 -22.05 -14.1
1470 -9.2 -12.49
1471 -16.56 -10.07
1472 -7.28 -16.92
1473 -23.61 -3.36
1474 -5.76 -8.78
1475 -10.44 -25.84
1476 -9.25 -10.16
1477 -0.47 -0.09
1478 -10.9 -11.18
1479 -7.85 -2.44
1480 -6.33 -7.83
1481 -15.02 -1.44
1482 -9.17 -24.84
1483 -3.02 -4.74
1484 -18.84 -23.96
1485 -9.45 -25.07
1486 -8.15 -19.56
1487 -1 -17.54
1488 -12.42 -6.95
1489 -7.26 -16.13
1490 -14.98 -18.18
1491 -19.87 -17.7
1492 -17.79 -24.23
1493 -8.41 -11.86
1494 -14.3 -20.21
1495 -1.04 -16.26
1496 -17.7 -12.15
1497 -1.51 -16.07
1498 -12.33 -26.87
1499 -15.36 -4.53
1500 -21.13 -22.69
1501 -6.77 -16.33
1502 -6.87 -20.8
1503 -0.75 -26.29
1504 -15.43 -10.82
1505 -2 -8.01
1506 -17.23 -3.41
1507 -0.64 -13.39
1508 -25.25 -26.54
1509 -19.75 -0.57
1510 -8.35 -4.08
1511 -16.23 -12.32
1512 -19.91 -26.06
1513 -17.45 -9.27
1514 -5.32 -23.76
1515 -19.45 -24.33
1516 -13.67 -26.45
1517 -20.25 -26.22
1518 -25.51 -12.06
1519 -22.88 -12.53
1520 -12.06 -13.94
1521 -17.35 -16.41
1522 -2.8 -2.3
1523 -20.36 -9.51
1524 -10.08 -19.58
1525 -23.66 -13.12
1526 -16.96 -18.44
1527 -9.02 -4.41
1528 -13.68 -1.39
1529 -25.15 -17.99
1530 -15.33 -19.01
1531 -9.98 -17.6
1532 -8.34 -20.52
1533 -5.58 -21.76
1534 -7.29 -25.37
1535 -12.32 -19.99
1536 -9.4 -19.35
1537 -13.17 -21.19
1538 -22.23 -3.72
1539 -23.3 -6.54
1540 -11.18 -23.83
1541 -6.79 -11.48
1542 -7.42 -19.66
1543 -21.05 -15.81
1544 -25.33 -12.62
1545 -4.63 -19.2
1546 -9.8 -13.66
1547 -7.18 -6.14
1548 -0.9 -9.66
1549 -8.03 -4.28
1550 -24.27 -8.19
1551 -19.06 -11.87
1552 -24.59 -25.19
1553 -1.92 -5.24
1554 -3.3 -19.82
1555 -8.17 -25.22
1556 -1.23 -6
1557 -25.66 -14.97
1558 -3.78 -8.65
1559 -21.27 -19.71
1560 -11.91 -2.11
1561 -7.29 -17.43
1562 -23.57 -13.23
1563 -22.89 -5.99
1564 -10.28 -24.47
1565 -24.18 -22.44
1566 -7.32 -26.07
1567 -24.27 -7.76
1568 -4.52 -4.91
1569 -16.25 -26.19
1570 -15.93 -7.82
1571 -13.82 -24.42
1572 -12.39 -17.16
1573 -17.33 -4
1574 -23.71 -7.7
1575 -1.33 -3.13
1576 -20.56 -0.14
1577 -13.37 -8.63
1578 -14.62 -8.65
1579 -24.64 -0.78
1580 -23.23 -16.42
1581 -15.5 -21.82
1582 -2.58 -22.07
1583 -26.98 -12.77
1584 -3.48 -7.11
1585 -6.45 -7.75
1586 -5.17 -19.41
1587 -1.1 -11.8
1588 -15.8 -9.09
1589 -16.79 -9.95
1590 -13.08 -4.04
1591 -4.18 -18.12
1592 -18.27 -6.64
1593 -15.29 -9.08
1594 -9.86 -24.42
1595 -5.36 -4.45
1596 -26.27 -24.61
1597 -19.68 -20.86
1598 -25.15 -20.38
1599 -19.01 -11.18
1600 -18.93 -1.63
1601 -12.57 -16.98
1602 -1.78 -15.63
1603 -24.72 -5.19
1604 -15.14 -9.11
1605 -13.15 -6.03
1606 -15.67 -1.23
1607 -26.39 -17.33
1608 -17.93 -6.95
1609 -22.89 -6.21
1610 -10.66 -0.8
1611 -16.93 -1.25
1612 -13.64 -1.46
1613 -13.36 -1.14
1614 -12.32 -11.79
1615 -13.43 -5.37
1616 -22.35 -22.78
1617 -2.93 -17.52
1618 -22.71 -15.66
1619 -24.77 -0.65
1620 -25.2 -2.37
1621 -3.6 -2.44
1622 -11.29 -13.87
1623 -12.34 -21.52
1624 -19.25 -2.23
1625 -21.55 -26.75
1626 -1.01 -2.91
1627 -22.89 -11.48
1628 -4.14 -14.65
1629 -17.96 -9.25
1630 -14.62 -16.47
1631 -3.77 -22.91
1632 -13.43 -1.5
1633 -8.68 -6.7
1634 -25.87 -9.14
1635 -11.52 -6.45
1636 -0.41 -24.07
1637 -2.46 -6.64
1638 -19.68 -11.7
1639 -13.93 -14.81
1640 -6.08 -11.93
1641 -6.37 -0
1642 -3.01 -7.09
1643 -13.26 -2.26
1644 -11.52 -7.15
1645 -15.14 -22.75
1646 -18.66 -17.66
1647 -10.68 -18.91
1648 -17.13 -5.1
1649 -5.76 -19.36
1650 -17.33 -16
1651 -4.59 -8.8
1652 -6.97 -17.74
1653 -20.97 -7.06
1654 -13.39 -26.65
1655 -3.11 -7.9
1656 -26.43 -19.47
1657 -18.09 -9.48
1658 -11.74 -2.44
1659 -9.59 -22.87
1660 -18.62 -14.78
1661 -5.45 -24.74
1662 -8.17 -1.81
1663 -6.91 -16.13
1664 -0.02 -25.31
1665 -14.31 -4.19
1666 -4.52 -17.35
1667 -26.62 -18.91
1668 -17.49 -11.49
1669 -2.66 -20.59
1670 -20.01 -3.88
1671 -14.87 -5.77
1672 -15.25 -19.44
1673 -21.88 -5.96
1674 -20.36 -18.52
1675 -6.3 -23
1676 -20.74 -11.98
1677 -13.79 -3.27
1678 -19.41 -1.91
1679 -0.22 -12.22
1680 -7.94 -19.43
1681 -1.3 -6.06
1682 -16.49 -12.46
1683 -15.47 -0.92
1684 -21.51 -6.98
1685 -2.38 -9.65
1686 -15.43 -14.53
1687 -6.97 -8.77
1688 -14.74 -22.2
1689 -5.24 -20.38
1690 -16.38 -26.62
1691 -11.6 -11.55
1692 -14.82 -1.64
1693 -22.07 -16.92
1694 -20.66 -25.75
1695 -9.7 -13.82
1696 -19.88 -1.6
1697 -5.58 -11.01
1698 -11.93 -0.89
1699 -26.39 -12.57
1700 -22.23 -24.97
1701 -12.5 -1.77
1702 -10.54 -10.66
1703 -24.38 -10.99
1704 -4.37 -16.8
1705 -16.42 -2.63
1706 -14.18 -12.27
1707 -13.91 -19.55
1708 -0.99 -20.52
1709 -19.28 -0.51
1710 -14.33 -21.65
1711 -14.78 -20.5
1712 -4.51 -25.73
1713 -26.62 -11.88
1714 -24.46 -7.97
1715 -5.94 -26.01
1716 -19.3 -19.69
1717 -3.35 -18.44
1718 -20.95 -21.36
1719 -2.69 -0.73
1720 -21.88 -25.33
1721 -2.12 -10.63
1722 -3.18 -0.58
1723 -21.11 -16.04
1724 -8.07 -4.17
1725 -17.35 -4.91
1726 -25.41 -22.4
1727 -21.13 -23.65
1728 -8.53 -21.45
1729 -2.42 -12.27
1730 -2.8 -5.99
1731 -25.68 -26.88
1732 -9.84 -22.1
1733 -7.98 -20.55
1734 -12.81 -3.79
1735 -20.64 -10.67
1736 -21.31 -7.69
1737 -8.28 -22.77
1738 -3.33 -16.01
1739 -11.71 -20.91
1740 -25.82 -11.4
1741 -6.8 -2.06
1742 -17.23 -15.75
1743 -1.72 -19.45
1744 -4.72 -25.76
1745 -4.76 -4.14
1746 -4.02 -7.52
1747 -21.14 -3.44
1748 -24 -5.38
1749 -9.18 -2.12
1750 -4.32 -9.81
1751 -9.02 -2.82
1752 -25.59 -25.63
1753 -14.64 -17.3
1754 -11.21 -1.92
1755 -13.32 -26.35
1756 -19.93 -1.55
1757 -8.83 -11.64
1758 -4.09 -10.16
1759 -0.45 -10.55
1760 -6.22 -0.33
1761 -26.37 -5.21
1762 -0.17 -1.76
1763 -7.15 -20.51
1764 -14.16 -15.69
1765 -17.02 -16.33
1766 -19.15 -18.48
1767 -17.11 -17.57
1768 -7.87 -9.27
1769 -11.19 -23.27
1770 -14.15 -10.61
1771 -3.68 -16.04
1772 -19.2 -25.6
1773 -0.29 -12.51
1774 -23.07 -14.82
1775 -6.67 -0.74
1776 -24.47 -2.29
1777 -4.05 -6.05
1778 -18.08 -16.16
1779 -4.86 -11.2
1780 -19.05 -5.24
1781 -23.72 -13.4
1782 -3.97 -11.21
1783 -12 -5.35
1784 -1.63 -3.37
1785 -5.5 -14.71
1786 -22.27 -15.78
1787 -5.9 -9.18
1788 -13.22 -14.48
1789 -20.82 -6.19
1790 -6.93 -9.29
1791 -3.1 -0.49
1792 -6.54 -22.92
1793 -12.09 -25.67
1794 -1.4 -24.63
1795 -21.39 -8.47
1796 -21.87 -20.45
1797 -23.18 -18.12
1798 -23.47 -17.37
1799 -20.74 -8.18
1800 -22.9 -25.1
1801 -5.4 -26.24
1802 -26.94 -18.17
1803 -24.17 -11.31
1804 -9.02 -13.16
1805 -13.97 -17.99
1806 -18.49 -7.48
1807 -3.4 -17.07
1808 -7.27 -16.55
1809 -5.7 -15.49
1810 -15.48 -8.67
1811 -20.64 -0.1
1812 -9.74 -10.36
1813 -19.25 -16.83
1814 -16.53 -6.21
1815 -22.84 -4.51
1816 -22.27 -12.43
1817 -22.13 -19.76
1818 -4.07 -22.21
1819 -8.38 -19.3
1820 -1.82 -4.62
1821 -12.1 -22.35
1822 -3.95 -11.83
1823 -1.38 -15.5
1824 -22.52 -2.74
1825 -11.41 -25.61
1826 -17.23 -11
1827 -12.88 -5.05
1828 -13.4 -26.97
1829 -6.18 -5.13
1830 -9.64 -2.94
1831 -6.89 -20.54
1832 -13.31 -4.91
1833 -18.65 -2.02
1834 -21.33 -8.9
1835 -13.52 -0.03
1836 -13.9 -23.15
1837 -26.5 -25.62
1838 -14.13 -9.37
1839 -12.11 -0.88
1840 -18.01 -1.17
1841 -12.17 -15.04
1842 -11.62 -8.24
1843 -26.73 -25.06
1844 -21.71 -16.54
1845 -19.48 -5.92
1846 -26.46 -4.36
1847 -0.79 -26.38
1848 -19.92 -4.29
1849 -13.2 -19.44
1850 -10.99 -5.77
1851 -20.44 -26.72
1852 -25.35 -16.42
1853 -25.79 -19.94
1854 -12.35 -4
1855 -5.17 -2.43
1856 -8.99 -3.36
1857 -3.13 -8.86
1858 -25.44 -20.61
1859 -10.16 -2.86
1860 -0.3 -20.16
1861 -24.52 -21.16
1862 -12.06 -18.29
1863 -22.58 -16.83
1864 -9.28 -4.99
1865 -2.28 -8.78
1866 -0.03 -11.79
1867 -1.21 -22.73
1868 -15.67 -25.38
1869 -20.9 -18.53
1870 -20.96 -19.54
1871 -22.91 -17.59
1872 -17.97 -2.95
1873 -15.09 -17.56
1874 -20.42 -16.42
1875 -9.58 -16.77
1876 -10.93 -20.73
1877 -3.54 -25.62
1878 -15.45 -14.52
1879 -19.51 -26.12
1880 -7.91 -16.25
1881 -1.05 -21.79
1882 -9.04 -7.94
1883 -24.84 -20.78
1884 -12.31 -16.24
1885 -8.78 -10.26
1886 -19.37 -24.79
1887 -19.27 -4.69
1888 -13.77 -10.34
1889 -26.76 -7.36
1890 -15.65 -7.2
1891 -19.45 -9.34
1892 -7.96 -26.58
1893 -5.62 -22.99
1894 -13.63 -14.94
1895 -4.19 -16.65
1896 -2.97 -13.06
1897 -12.52 -23.76
1898 -17.55 -12.01
1899 -1.25 -1.88
1900 -12.14 -2.86
1901 -19.18 -10.04
1902 -6.25 -4.51
1903 -14.86 -11.45
1904 -10.33 -20.03
1905 -18.75 -6.14
1906 -15.49 -25.98
1907 -17.08 -2.72
1908 -25.71 -14.97
1909 -2.91 -22.71
1910 -12.36 -3.86
1911 -16.93 -7.11
1912 -22.39 -15.33
1913 -18.87 -2.45
1914 -4.34 -12.94
1915 -7.33 -20.12
1916 -21.68 -8
1917 -4.04 -26.51
1918 -2.48 -19.46
1919 -12.49 -10.42
1920 -16.56 -12.81
1921 -3.31 -22.76
1922 -25.48 -5.05
1923 -20.03 -20.39
1924 -7.62 -15.71
1925 -19.57 -22.94
1926 -21.57 -11.51
1927 -18.36 -9.5
1928 -3.48 -16.97
1929 -21.43 -10.23
1930 -21.88 -26.34
1931 -7.34 -1.76
1932 -19.79 -8.08
1933 -0.54 -11.38
1934 -21.8 -22.27
1935 -26.6 -4.55
1936 -0.31 -11.37
1937 -7.94 -2.91
1938 -14.83 -25.79
1939 -14.5 -0.97
1940 -15.44 -13.97
1941 -17 -7.08
1942 -8.1 -1.53
1943 -18.5 -8.37
1944 -10.12 -11.58
1945 -10.92 -12.94
1946 -6.22 -23.52
1947 -4.61 -9.79
1948 -21.17 -26.02
1949 -12.81 -23.67
1950 -1.23 -7.5
1951 -10.39 -12.42
1952 -6.85 -1.54
1953 -18.86 -18.33
1954 -10.83 -13.2
1955 -0.18 -6.36
1956 -4.96 -17.79
1957 -19.32 -17.18
1958 -17.07 -13.07
1959 -16.17 -2.35
1960 -6.81 -18.72
1961 -15.24 -18.62
1962 -1.41 -13.03
1963 -3.57 -11.37
1964 -26.57 -14.1
1965 -13.12 -16.39
1966 -20.33 -0.8
1967 -20.86 -23.51
1968 -6.37 -0.18
1969 -4.91 -12.72
1970 -10.61 -8.72
1971 -26.51 -5.09
1972 -13.79 -7.09
1973 -11.68 -10.35
1974 -12.7 -22.39
1975 -14.11 -0.86
1976 -11 -19.51
1977 -24.07 -20.87
1978 -5.25 -12.41
1979 -18.03 -0.64
1980 -8.55 -4.82
1981 -24.14 -22.68
1982 -19.19 -1.88
1983 -20.59 -9.52
1984 -22.25 -17.08
1985 -25.8 -25.5
1986 -22.11 -24.38
1987 -4.47 -16.83
1988 -0.19 -0.42
1989 -22.81 -7.68
1990 -8.54 -4.41
1991 -15.45 -1.44
1992 -22.32 -19.54
1993 -23.47 -4.04
1994 -4.68 -19.09
1995 -15.43 -6.02
1996 -1.7 -4.76
1997 -25.16 -4.09
1998 -13.61 -12.42
1999 -2.5 -18.75
2000 -8.77 -0.38
2001 -16.28 -19.83
2002 -9.66 -22.4
2003 -14.35 -12.28
2004 -19.96 -1.37
2005 -24.31 -1.68
2006 -3.13 -1.5
2007 -12.56 -4.28
2008 -8.32 -16.97
2009 -0.58 -0.55
2010 -25.09 -4.52
2011 -9.28 -7.53
2012 -11.62 -18.32
2013 -3.74 -7.45
2014 -17.72 -16.75
2015 -17.14 -24.76
2016 -17.59 -18.02
2017 -4.94 -6.42
2018 -18.7 -18.78
2019 -11.67 -19.29
2020 -20.98 -11.66
2021 -4.68 -8.98
2022 -4.78 -15.63
2023 -5.6 -8.76
2024 -0.83 -13.1
2025 -9.15 -24.7
2026 -5.23 -25.93
2027 -17.25 -18.43
2028 -17.4 -8.37
2029 -25.12 -12.51
2030 -10.27 -26.65
2031 -9.19 -6.78
2032 -13.21 -0.87
2033 -11.17 -14.13
2034 -6.43 -23.43
2035 -26.62 -22.84
2036 -23.35 -0.41
2037 -16.04 -4.3
2038 -4.59 -1.13
2039 -5.76 -13.16
2040 -10.86 -5.42
2041 -22.87 -14.91
2042 -24.86 -7.61
2043 -15.98 -4.64
2044 -17.15 -6.79
2045 -6.44 -5.62
2046 -12.41 -0.43
2047 -19.82 -15.63
2048 -21.28 -17.14
2049 -13.57 -22.51
2050 -18.35 -0.71
2051 -19.64 -4.71
2052 -0.54 -6.22
2053 -7.36 -8.68
2054 -13.36 -5.13
2055 -2.07 -13.12
2056 -19.55 -15.74
2057 -23.35 -24.95
2058 -2.59 -17.41
2059 -24.2 -3.85
2060 -1 -11.27
2061 -11.7 -22.16
2062 -10.79 -13.41
2063 -22.07 -23.04
2064 -18.55 -5.08
2065 -24.31 -8.64
2066 -13.36 -1.42
2067 -7.65 -16.96
2068 -17.16 -5.42
2069 -10.55 -6.53
2070 -11.17 -3.53
2071 -10.79 -12.62
2072 -2.09 -3.72
2073 -21.13 -25.67
2074 -2.52 -23.21
2075 -7.48 -9.86
2076 -5.02 -22.04
2077 -8.45 -10.7
2078 -6.74 -7.34
2079 -3.94 -3.52
2080 -3.69 -25.29
2081 -26.71 -1.25
2082 -18.21 -8.57
2083 -13.99 -25.88
2084 -5.41 -26.9
2085 -21.95 -16.06
2086 -20.2 -16.58
2087 -20.3 -5.74
2088 -4.41 -22.3
2089 -18.51 -5.96
2090 -15.82 -25.46
2091 -20.5 -17.51
2092 -1.21 -20.84
2093 -1.18 -20.48
2094 -15.52 -7.95
2095 -24.76 5.12
2096 -24.9 19.21
2097 -19.3 15.99
2098 -14.88 16.11
2099 -7.53 24.81
2100 -13.87 20.29
2101 -9.88 2.48
2102 -26.75 7.08
2103 -20.9 21.7
2104 -0.66 4.16
2105 -21.14 3.93
2106 -21.44 16.48
2107 -1.85 14.65
2108 -8.13 22.65
2109 -22.12 3.03
2110 -26.68 23.65
2111 -7.39 11.4
2112 -0.39 24.58
2113 -5.21 18.21
2114 -16.03 15.27
2115 -8.57 12.75
2116 -6.75 2.9
2117 -1.5 9.97
2118 -4.67 6.5
2119 -2.19 22.4
2120 -26.33 23.86
2121 -4.86 23.33
2122 -10.98 20.77
2123 -7.94 6.71
2124 -1.27 10.63
2125 -25.81 21.58
2126 -5.98 0.95
2127 -17.05 24.72
2128 -15.93 6.38
2129 -21.65 22.26
2130 -26.53 4.96
2131 -26.39 21.74
2132 -23.23 24.81
2133 -4.31 0.89
2134 -14.82 0.91
2135 -16.29 6.5
2136 -21.36 14.15
2137 -26.45 21.15
2138 -0.87 23.86
2139 -7.5 25.91
2140 -20.5 2.14
2141 -21.61 24.83
2142 -22.55 26.48
2143 -5.86 11.66
2144 -25.44 11.48
2145 -7.97 19.04
2146 -5.3 24.98
2147 -22.79 7.36
2148 -26.77 1.54
2149 -20.97 18.62
2150 -16.65 14.59
2151 -20.27 10.26
2152 -4.41 11.01
2153 -7.87 19.72
2154 -10.15 23.8
2155 -25.94 6.89
2156 -4.72 3.65
2157 -3.14 12.07
2158 -23.73 0.27
2159 -3.28 0.52
2160 -11.08 22.18
2161 -11.68 11.25
2162 -10.13 16.39
2163 -9.45 7.47
2164 -26.09 1.42
2165 -16.02 21.94
2166 -5.2 15.74
2167 -18.27 0.81
2168 -12.05 1.13
2169 -24.94 26.15
2170 -24.56 22.2
2171 -25.86 15.4
2172 -19 2.29
2173 -21.08 20.52
2174 -12.56 15.73
2175 -2.43 24.36
2176 -0.13 23.65
2177 -4.56 14.11
2178 -21.58 1.78
2179 -3.21 14.01
2180 -8.95 12.2
2181 -19.46 19.23
2182 -11.56 5.67
2183 -25.32 2.26
2184 -19.93 23.61
2185 -18.81 14.78
2186 -21.71 17.49
2187 -11.3 17.67
2188 -2.71 13.71
2189 -2.44 5.39
2190 -21.27 15.28
2191 -11.93 4.88
2192 -10.51 12.93
2193 -14.71 8.01
2194 -22.02 23.62
2195 -0.34 17.92
2196 -1.67 22.49
2197 -19.68 19.8
2198 -13.58 13.23
2199 -9.84 18
2200 -5.79 6.51
2201 -24.01 20.18
2202 -10.85 0.5
2203 -14.21 8.31
2204 -5.22 5.09
2205 -20.37 8.17
2206 -4.57 18.02
2207 -3.95 23.82
2208 -4.83 15.09
2209 -3.23 18.66
2210 -1.11 18.37
2211 -13.86 3.57
2212 -14.89 2.78
2213 -16.02 25.06
2214 -16.06 1.48
2215 -7.99 17.38
2216 -10.56 13.37
2217 -5.39 23.52
2218 -23.36 12.94
2219 -18.03 11.12
2220 -19.3 20.1
2221 -11.12 2.92
2222 -26.74 15.39
2223 -22 15.07
2224 -25.26 4.57
2225 -22.94 25.23
2226 -1.8 26.37
2227 -20.67 1.32
2228 -26.38 16.7
2229 -9.7 9.69
2230 -18.6 6.96
2231 -20.34 9.21
2232 -5.74 2.16
2233 -6.62 17.25
2234 -1.38 20.62
2235 -13.72 16.17
2236 -19.09 20.68
2237 -0.59 24.85
2238 -4.44 18.83
2239 -14.92 22.6
2240 -20.83 21.22
2241 -20.59 2.38
2242 -3.7 14.16
2243 -22.38 14.27
2244 -15.48 21.6
2245 -20.09 5.08
2246 -14.29 25.6
2247 -19.29 13.43
2248 -3.68 11.55
2249 -5.17 25.91
2250 -15.09 23.58
2251 -17.26 10.42
2252 -26.79 25.7
2253 -9.06 9.38
2254 -4.98 22.75
2255 -16.98 15.5
2256 -17.89 17.33
2257 -4.49 2.09
2258 -7.88 13.11
2259 -26.24 18.39
2260 -23.47 14.89
2261 -13.49 19.33
2262 -24.28 2.29
2263 -5.36 5.78
2264 -23.22 19.48
2265 -16.07 2.06
2266 -12.48 2.83
2267 -1.53 24.85
2268 -7.23 12.27
2269 -8.02 2.11
2270 -17.62 12.21
2271 -21.07 16.52
2272 -18.62 8.51
2273 -13.14 25.56
2274 -8.48 26.5
2275 -5.91 12.38
2276 -4.71 23.47
2277 -17.28 19.41
2278 -25.19 1.99
2279 -21.48 22.65
2280 -24.71 12.93
2281 -15.76 10.55
2282 -26.92 1.71
2283 -5.5 17.3
2284 -19.41 7.16
2285 -10.89 5.04
2286 -21.57 1.55
2287 -10.06 4.96
2288 -22.05 4.71
2289 -22.73 23.21
2290 -0.11 3.53
2291 -0 1.65
2292 -21.06 4.83
2293 -25.34 17.29
2294 -4.46 10.77
2295 -23.71 11.34
2296 -21.89 20.69
2297 -22.4 12.47
2298 -21.29 21.82
2299 -20.5 0.9
2300 -24.46 5.23
2301 -6.78 4.39
2302 -0.88 19.03
2303 -23.74 8.37
2304 -23.1 22.93
2305 -26.46 19.48
2306 -21.13 23.21
2307 -19.56 17.98
2308 -26.79 6.71
2309 -17.48 17.91
2310 -2.25 4.25
2311 -24.94 5.71
2312 -9.71 15.67
2313 -2.01 11.86
2314 -4.28 4
2315 -9.23 22.51
2316 -18.42 1.75
2317 -12.3 7.54
2318 -15.91 19.3
2319 -15.23 9.05
2320 -20.05 12.01
2321 -8.22 6.21
2322 -15.72 5.7
2323 -3.93 0.79
2324 -10.22 15.51
2325 -11.29 12.93
2326 -18.65 12.47
2327 -19.66 9.23
2328 -12.62 1.36
2329 -23.88 21.67
2330 -17.18 16.9
2331 -18.65 24.64
2332 -5.18 0.13
2333 -19.43 3.96
2334 -4.53 21.09
2335 -24.62 26.19
2336 -5.4 16.1
2337 -13.32 24.36
2338 -25.15 21.12
2339 -1.16 17.25
2340 -3.18 26.89
2341 -3.89 12.45
2342 -13.2 13.35
2343 -6.23 23.55
2344 -18.23 25.82
2345 -15.73 3.12
2346 -0.76 26.93
2347 -0.06 7.38
2348 -2.86 24.46
2349 -18.55 19.5
2350 -18.69 25.91
2351 -15.01 7.69
2352 -5.05 15.61
2353 -1.26 1.33
2354 -10.1 21.73
2355 -21.62 2.42
2356 -14.87 4.81
2357 -9.68 25.51
2358 -22.07 1.07
2359 -18.42 15.92
2360 -10.56 4.82
2361 -4.75 7.15
2362 -6.05 2.84
2363 -0.3 4.82
2364 -15.84 8.92
2365 -26.35 10.37
2366 -9.58 26.05
2367 -6.18 14.37
2368 -7.22 14.63
2369 -9.36 7.44
2370 -1.38 8.85
2371 -13.66 3.99
2372 -21.02 16.25
2373 -8.85 14.86
2374 -3.78 16.09
2375 -20.91 0.27
2376 -25.94 5.86
2377 -0.22 17.19
2378 -13.53 4.99
2379 -5.43 19.04
2380 -20.93 20.89
2381 -19.94 4.79
2382 -10.68 3.51
2383 -18.15 17.64
2384 -25.09 17.9
2385 -26.75 19.03
2386 -23.02 26.47
2387 -7.25 4.93
2388 -19.8 8.57
2389 -24.66 7.62
2390 -26.41 15.1
2391 -12.49 10.1
2392 -0.29 16.87
2393 -21.86 12.71
2394 -23.28 13.82
2395 -7.71 18.82
2396 -15.13 17.21
2397 -20.73 19.17
2398 -9.81 25.81
2399 -8.23 3.4
2400 -22.43 26.42
2401 -17.42 26.51
2402 -22.96 9.98
2403 -18.55 16.19
2404 -15.33 15.76
2405 -22.39 7.73
2406 -17.83 6.26
2407 -23.13 26.4
2408 -12.11 9.64
2409 -14.98 9.51
2410 -1.33 8.39
2411 -17.13 22.69
2412 -6.38 16.46
2413 -6.79 2.38
2414 -5.78 7.72
2415 -25.66 15.03
2416 -6.06 19.73
2417 -21.23 7.6
2418 -15.31 2.02
2419 -9.31 12.78
2420 -20.52 3.64
2421 -9.9 23.22
2422 -22.62 2.87
2423 -4.04 6.03
2424 -7.07 26.25
2425 -26.17 19.02
2426 -14.72 8.4
2427 -16.39 16.3
2428 -18.68 12.62
2429 -20.34 14.7
2430 -21.25 15.98
2431 -0.23 10.53
2432 -18.13 0.31
2433 -20.86 21.47
2434 -25.77 6.45
2435 -1.61 3.17
2436 -26.39 10.81
2437 -13.69 11.52
2438 -9.07 13.53
2439 -12.78 17.73
2440 -9.75 16.14
2441 -16.07 11.95
2442 -19.77 15.99
2443 -20.14 23.98
2444 -11.68 2.97
2445 -18.95 13.48
2446 -15.53 5.94
2447 -24.77 10.71
2448 -5.18 6.67
2449 -4.64 18.63
2450 -13.32 3.95
2451 -14.77 6.25
2452 -17.77 4.23
2453 -17.76 19.98
2454 -2.23 18.37
2455 -26.03 3.55
2456 -7.02 3.5
2457 -19.5 15.1
2458 -12.08 26.8
2459 -2.77 12.64
2460 -17.64 15.29
2461 -21.23 13.25
2462 -15.48 6.18
2463 -4.37 10.52
2464 -2.16 20.66
2465 -16.13 9.01
2466 -15.26 15.48
2467 -19.72 22.42
2468 -6.92 24.56
2469 -15.93 2
2470 -5.55 9.15
2471 -12.66 14.96
2472 -21.59 4.1
2473 -22.42 23.68
2474 -0.84 25.19
2475 -13.48 25.19
2476 -2.96 10
2477 -7.7 26.23
2478 -9.76 18.44
2479 -3.62 12.07
2480 -12.6 11.92
2481 -18.92 11.28
2482 -6.7 0.87
2483 -25.43 3.16
2484 -5.17 13.63
2485 -14.3 5.88
2486 -12.36 2.24
2487 -24.86 26.96
2488 -15.16 25.47
2489 -23.67 20.28
2490 -10 16
2491 -17.53 10.15
2492 -9.39 12.96
2493 -22.93 25.23
2494 -10.31 10.67
2495 -14.11 26.55
2496 -10.83 22.91
2497 -15.3 6.03
2498 -0.72 9.06
2499 -14.21 5.25
2500 -2.65 24.41
2501 -18.17 1.51
2502 -20 15.02
2503 -13.49 16.04
2504 -9.32 8.16
2505 -15.69 1.68
2506 -3.36 19.32
2507 -23.81 6.22
2508 -22.97 4.27
2509 -14.94 19.74
2510 -10.81 6.28
2511 -20.72 2.05
2512 -26.6 13.17
2513 -13.75 0.54
2514 -5.8 0.32
2515 -24.73 0.96
2516 -20.99 26.97
2517 -14.99 15.91
2518 -23.47 13.99
2519 -22.16 20.01
2520 -13.21 5.79
2521 -16.64 2.37
2522 -8.59 16.57
2523 -20.84 13.45
2524 -24.71 4.56
2525 -2.37 8.78
2526 -2.35 0.04
2527 -4.73 14.61
2528 -6.67 1.96
2529 -2.28 10
2530 -10.96 3.99
2531 -3.97 18.54
2532 -25.97 4.96
2533 -10.47 10.48
2534 -3.49 22.44
2535 -1.23 5.63
2536 -26.52 8.23
2537 -24.8 9.39
2538 -14.36 26.63
2539 -22.72 10.17
2540 -10.47 3.59
2541 -22.16 16.61
2542 -22.74 12.83
2543 -14.79 26.89
2544 -9.9 2.41
2545 -6.41 8.59
2546 -18.65 12.38
2547 -8.86 1.9
2548 -12.38 17.62
2549 -13.06 19.34
2550 -16.49 7.4
2551 -15.63 5.82
2552 -6.73 16.02
2553 -15.65 13.43
2554 -15.12 21.1
2555 -16.21 11.37
2556 -19.5 25.6
2557 -11.43 11.37
2558 -11.27 15.24
2559 -17.66 17.74
2560 -17.85 12.69
2561 -16.59 15.59
2562 -17.49 9.51
2563 -18.65 25.46
2564 -17.8 2.87
2565 -10.27 23.24
2566 -20.58 25.81
2567 -14.83 25.9
2568 -3.86 0.31
2569 -12.93 22.01
2570 -6.38 18.98
2571 -17.58 2.15
2572 -13.52 25.89
2573 -5.65 20.53
2574 -2.79 16.31
2575 -20.52 23.31
2576 -11.9 20.65
2577 -21.68 10.12
2578 -8.58 20.91
2579 -23.79 13.33
2580 -1.09 17.9
2581 -16.71 25.58
2582 -24.49 21.67
2583 -13.51 23.07
2584 -18.08 19.87
2585 -11.85 17.96
2586 -20.11 15.98
2587 -6.39 20.96
2588 -14.49 25.16
2589 -14.47 12.05
2590 -8.36 17.29
2591 -2.46 8
2592 -9.64 11.79
2593 -5.7 15.66
2594 -1.99 9.74
2595 -0.64 21.01
2596 -19.6 21.61
2597 -7.8 8.87
2598 -4.94 17.09
2599 -1.48 21.31
2600 -3.8 23.02
2601 -12.01 13.33
2602 -25.81 23.91
2603 -13.59 18.4
2604 -3.45 4.83
2605 -13.64 1.07
2606 -0.59 3.34
2607 -6.65 16.1
2608 -4.76 10.23
2609 -19.97 3.87
2610 -24.89 25.27
2611 -11.4 12.13
2612 -21 17.49
2613 -26.1 19.21
2614 -5.04 17.47
2615 -13.49 0.58
2616 -5.43 8.84
2617 -24.28 17.02
2618 -26.95 4.25
2619 -0.6 10.87
2620 -11.94 21.92
2621 -25.26 14.24
2622 -21.86 4.05
2623 -5.8 23.43
2624 -0.31 26.62
2625 -16.41 17.29
2626 -2.42 25.2
2627 -7.21 0.82
2628 -11.55 14.95
2629 -23.94 6.31
2630 -25.41 16.59
2631 -16.96 10.43
2632 -18.98 3.84
2633 -26.61 14.24
2634 -25.11 18.93
2635 -13.85 0.21
2636 -5.97 1.58
2637 -5.63 3.64
2638 -18.59 0.83
2639 -18.97 2.96
2640 -20.25 18.9
2641 -17.1 8.39
2642 -0.73 14.2
2643 -20.67 15.83
2644 -22.14 12.28
2645 -20.39 17.61
2646 -19.56 20.55
2647 -15.92 10.35
2648 -24.59 11.54
2649 -21.99 7.05
2650 -25.79 14.23
2651 -15.81 0.37
2652 -22.53 4.76
2653 -24.12 12.96
2654 -7.44 14.12
2655 -6.03 16.09
2656 -16 0.7
2657 -6.42 14.65
2658 -3.49 8.25
2659 -12.05 18.61
2660 -9.22 17.15
2661 -2.23 5.45
2662 -7.32 20.3
2663 -23.37 18.15
2664 -16.72 23.44
2665 -10.67 18.36
2666 -10.25 15.51
2667 -11.8 18
2668 -22.48 5.78
2669 -19.91 8.92
2670 -25.01 2.93
2671 -22.15 25.94
2672 -5.11 5.54
2673 -13.79 20.09
2674 -11.7 0.12
2675 -17.28 25.85
2676 -22.82 12.44
2677 -5.74 19.51
2678 -2.18 3.14
2679 -18.1 2.11
2680 -12 18.9
2681 -7.42 1.77
2682 -11.29 22.25
2683 -19.56 10.74
2684 -19.66 6.78
2685 -1.23 12.47
2686 -2.93 9.19
2687 -14.73 23.38
2688 -16.47 8.04
2689 -26.69 1.53
2690 -0.38 19.69
2691 -5.13 16.97
2692 -1 23.2
2693 -17.86 10.87
2694 -4.51 3.18
2695 -22.08 8.97
2696 -2.26 8.03
2697 -3.28 21.02
2698 -4.76 13.56
2699 -11.86 14.36
2700 -26.83 15.94
2701 -25.14 4.61
2702 -0.99 2.76
2703 -2.33 12.87
2704 -14.4 8.98
2705 -1.67 20.54
2706 -10.51 6.3
2707 -21.02 6.8
2708 -9.19 11.51
2709 -6.21 3.41
2710 -12.38 13.7
2711 -21.73 19.81
2712 -13.84 6.16
2713 -19.72 16.54
2714 -3.9 10.12
2715 -26.07 23.1
2716 -0.71 22.26
2717 -16.54 15.73
2718 -1.6 20.22
2719 -2.2 10.39
2720 -3.93 7.53
2721 -5.35 22.39
2722 -2.19 14.44
2723 -17.47 17.9
2724 -21.31 2.91
2725 -16.61 23.68
2726 -16.5 6.69
2727 -12.85 2.87
2728 -10.93 21.86
2729 -23.5 24.1
2730 -11.72 14.83
2731 -10.09 14.09
2732 -2.82 3.96
2733 -24.18 18.16
2734 -1.55 22.95
2735 -22 17.91
2736 -13.3 5.49
2737 -19.93 0.35
2738 -18.25 7.02
2739 -9.93 1.93
2740 -17.13 12.56
2741 -10.77 18.06
2742 -12.45 25.15
2743 -20.01 15.15
2744 -3.77 23.38
2745 -2.74 8.04
2746 -13.65 15.49
2747 -10.97 12.83
2748 -3.99 8
2749 -3.95 8.16
2750 -26.07 24.07
2751 -2.56 25.95
2752 -17.82 3.89
2753 -10.91 14.01
2754 -15.94 9.08
2755 -13.16 12.36
2756 -3.43 6.08
2757 -22.75 15.46
2758 -3.61 7.4
2759 -3.79 7.29
2760 -15.33 25.9
2761 -5.91 6.53
2762 -10.88 1.98
2763 -9.98 16.89
2764 -25.05 6.4
2765 -3.47 5.45
2766 -22.92 15.64
2767 -19.53 6.03
2768 -20.04 13.75
2769 -14.35 21.97
2770 -7.33 0.51
2771 -25.11 19.03
2772 -7.49 2.28
2773 -9.69 20.86
2774 -1.15 2.62
2775 -1.52 5
2776 -11.53 8
2777 -1.51 7.44
2778 -24.33 22.41
2779 -1.81 3.01
2780 -8.47 13.9
2781 -2.54 23.8
2782 -2.83 22.91
2783 -9.66 13.59
2784 -8.56 14.4
2785 -14.91 15.53
2786 -7.57 7.42
2787 -9.7 13.02
2788 -25.4 15.06
2789 -17.69 10.91
2790 -15.91 18.08
2791 -26.08 19.21
2792 -18.17 18.96
2793 -14.38 0.59
2794 42.8383 83.7583
2795 27.8383 77.3583
2796 85.8383 63.3483
2797 78.8383 32.9383
2798 61.8383 50.1083
2799 49.8383 59.0683
2800 73.8383 57.4383
2801 67.8383 78.5583
2802 66.8383 51.7083
2803 60.8383 61.5783
2804 47.8383 89.5683
2805 29.8383 77.1283
2806 84.8383 55.9783
2807 58.8383 48.7683
2808 67.8383 72.8483
2809 33.8383 71.5983
2810 97.8383 35.0183
2811 83.8383 40.7983
2812 88.8383 56.5083
2813 57.8383 32.7483
2814 74.8383 63.0883
2815 54.8383 67.9683
2816 48.8383 55.3083
2817 97.8383 32.5183
2818 73.8383 54.8683
2819 46.8383 94.2583
2820 43.8383 75.9683
2821 71.8383 83.4483
2822 54.8383 86.0683
2823 69.8383 40.6783
2824 59.8383 82.9583
2825 95.8383 34.5783
2826 41.8383 90.7583
2827 74.8383 70.3583
2828 58.8383 35.1283
2829 70.8383 40.3783
2830 45.8383 94.9383
2831 71.8383 76.7583
2832 37.8383 67.9383
2833 71.8383 71.2783
2834 60.8383 59.9083
2835 38.8383 97.7683
2836 71.8383 65.9883
2837 93.8383 47.3583
2838 45.8383 66.4483
2839 39.8383 54.4983
2840 72.8383 63.3583
2841 52.8383 69.3983
2842 31.8383 52.4783
2843 35.8383 33.3883
2844 64.8383 35.8683
2845 29.8383 36.3183
2846 93.8383 37.6583
2847 67.8383 80.5983
2848 75.8383 74.3583
2849 63.8383 31.9283
2850 63.8383 44.4683
2851 85.8383 28.1583
2852 89.8383 42.9183
2853 51.8383 73.5183
2854 76.8383 42.5983
2855 30.8383 98.7883
2856 31.8383 37.6383
2857 70.8383 66.5583
2858 87.8383 56.9483
2859 31.8383 79.2083
2860 89.8383 55.2583
2861 52.8383 36.6783
2862 95.8383 50.1283
2863 47.8383 91.0383
2864 65.8383 69.6883
2865 80.8383 57.7783
2866 91.8383 57.6683
2867 69.8383 76.6283
2868 94.8383 47.9883
2869 50.8383 39.4883
2870 74.8383 31.6983
2871 55.8383 78.0383
2872 97.8383 37.4683
2873 31.8383 31.4583
2874 37.8383 87.0783
2875 55.8383 87.7583
2876 41.8383 65.7283
2877 44.8383 36.2583
2878 34.8383 55.7283
2879 81.8383 52.3683
2880 81.8383 67.2683
2881 34.8383 79.5883
2882 77.8383 76.0883
2883 89.8383 34.0583
2884 71.8383 84.3683
2885 62.8383 79.6783
2886 83.8383 53.8283
2887 59.8383 50.9383
2888 49.8383 66.8383
2889 28.8383 42.7183
2890 88.8383 31.0883
2891 91.8383 28.2683
2892 69.8383 51.9283
2893 57.8383 81.6883
2894 34.8383 76.3583
2895 81.8383 59.0883
2896 51.8383 88.6883
2897 95.8383 40.0983
2898 82.8383 70.8983
2899 91.8383 57.3883
2900 43.8383 57.2283
2901 34.8383 66.8783
2902 77.8383 68.7883
2903 41.8383 68.3583
2904 47.8383 68.2283
2905 91.8383 34.0883
2906 31.8383 64.5683
2907 55.8383 90.1483
2908 53.8383 74.4183
2909 83.8383 70.6483
2910 58.8383 47.9083
2911 66.8383 62.9483
2912 71.8383 49.9083
2913 28.8383 54.9083
2914 81.8383 34.7383
2915 42.8383 89.0983
2916 64.8383 32.8583
2917 57.8383 57.5183
2918 33.8383 75.7983
2919 75.8383 46.8183
2920 31.8383 28.9683
2921 78.8383 66.3583
2922 69.8383 40.7883
2923 58.8383 39.0383
2924 37.8383 72.3583
2925 73.8383 71.5283
2926 42.8383 84.4483
2927 67.8383 83.8683
2928 35.8383 93.0483
2929 58.8383 31.6983
2930 62.8383 46.0983
2931 31.8383 51.7683
2932 39.8383 90.2983
2933 60.8383 49.1383
2934 34.8383 58.1683
2935 31.8383 33.1483
2936 93.8383 40.3883
2937 94.8383 43.1983
2938 34.8383 47.5483
2939 92.8383 29.9283
2940 86.8383 47.4283
2941 29.8383 43.6983
2942 39.8383 34.4583
2943 32.8383 28.7583
2944 38.8383 74.8783
2945 38.8383 31.7883
2946 69.8383 79.2683
2947 35.8383 78.9483
2948 77.8383 35.3683
2949 76.8383 50.6883
2950 93.8383 29.5783
2951 71.8383 83.2083
2952 80.8383 66.8683
2953 84.8383 42.6783
2954 37.8383 30.6583
2955 48.8383 75.3683
2956 76.8383 45.5883
2957 58.8383 37.4883
2958 92.8383 29.1683
2959 37.8383 65.0483
2960 60.8383 32.2083
2961 95.8383 30.0383
2962 63.8383 80.9183
2963 46.8383 36.0583
2964 88.8383 60.5983
2965 58.8383 40.8283
2966 77.8383 32.5883
2967 47.8383 64.6783
2968 86.8383 55.9783
2969 79.8383 32.9283
2970 43.8383 56.4983
2971 54.8383 66.7383
2972 52.8383 81.3783
2973 82.8383 65.1483
2974 66.8383 52.9683
2975 83.8383 63.1283
2976 41.8383 41.5583
2977 48.8383 42.6683
2978 27.8383 83.6783
2979 52.8383 63.2883
2980 63.8383 80.4883
2981 47.8383 77.4683
2982 47.8383 33.2083
2983 50.8383 54.0683
2984 34.8383 84.0283
2985 64.8383 86.3083
2986 32.8383 71.8383
2987 60.8383 40.6283
2988 37.8383 80.2883
2989 37.8383 41.2983
2990 53.8383 53.9783
2991 94.8383 49.9683
2992 89.8383 52.6383
2993 79.8383 28.0583
2994 27.8383 86.3683
2995 54.8383 89.5983
2996 49.8383 50.9883
2997 54.8383 40.9483
2998 59.8383 56.7383
2999 93.8383 44.3883
3000 81.8383 67.5483
3001 50.8383 37.3083
3002 66.8383 85.2783
3003 77.8383 65.1383
3004 28.8383 52.1983
3005 71.8383 83.3583
3006 97.8383 34.3883
3007 56.8383 69.2383
3008 42.8383 48.9683
3009 37.8383 60.8283
3010 73.8383 57.1683
3011 38.8383 79.2083
3012 56.8383 57.0283
3013 27.8383 54.3683
3014 44.8383 89.2183
3015 88.8383 40.5483
3016 85.8383 68.9983
3017 46.8383 83.1683
3018 95.8383 29.2883
3019 46.8383 39.8583
3020 29.8383 61.7483
3021 85.8383 46.7183
3022 33.8383 87.0283
3023 48.8383 67.1683
3024 67.8383 48.7883
3025 79.8383 65.3383
3026 96.8383 37.9583
3027 86.8383 68.1383
3028 74.8383 75.2283
3029 58.8383 77.2783
3030 41.8383 73.7983
3031 51.8383 77.7583
3032 59.8383 67.7083
3033 68.8383 80.0883
3034 27.8383 66.7683
3035 86.8383 34.5383
3036 39.8383 45.6483
3037 62.8383 73.1883
3038 31.8383 80.2383
3039 83.8383 52.1983
3040 42.8383 74.3683
3041 61.8383 30.9983
3042 72.8383 70.6183
3043 97.8383 42.3583
3044 52.8383 58.1783
3045 87.8383 28.8283
3046 93.8383 33.4783
3047 82.8383 71.3083
3048 42.8383 77.0483
3049 43.8383 72.7183
3050 57.8383 28.8283
3051 61.8383 63.3383
3052 91.8383 47.0083
3053 48.8383 52.1983
3054 96.8383 35.3783
3055 27.8383 68.2883
3056 86.8383 65.4583
3057 84.8383 65.1183
3058 43.8383 64.9583
3059 55.8383 71.4583
3060 57.8383 72.6383
3061 52.8383 59.6383
3062 56.8383 58.4083
3063 94.8383 50.8383
3064 61.8383 31.3483
3065 47.8383 58.2783
3066 57.8383 92.8283
3067 93.8383 43.1783
3068 95.8383 35.6383
3069 77.8383 79.6183
3070 49.8383 93.7783
3071 50.8383 73.2883
3072 88.8383 52.7183
3073 44.8383 58.8483
3074 35.8383 43.4083
3075 90.8383 61.3383
3076 88.8383 42.6483
3077 90.8383 44.1783
3078 85.8383 61.9383
3079 50.8383 60.0383
3080 57.8383 60.5883
3081 71.8383 76.4783
3082 69.8383 37.4183
3083 86.8383 59.7883
3084 81.8383 70.5683
3085 76.8383 78.0783
3086 91.8383 31.8383
3087 88.8383 36.1283
3088 51.8383 84.2983
3089 85.8383 31.7683
3090 78.8383 32.8183
3091 42.8383 36.2483
3092 54.8383 63.6183
3093 30.8383 62.5283
3094 52.8383 92.9383
3095 76.8383 70.8683
3096 41.8383 54.3683
3097 30.8383 74.4783
3098 30.8383 45.0183
3099 50.8383 91.3783
3100 87.8383 41.1983
3101 65.8383 31.4783
3102 43.8383 96.3583
3103 60.8383 77.1283
3104 61.8383 33.5883
3105 61.8383 58.3783
3106 56.8383 63.0483
3107 98.8383 32.8783
3108 43.8383 47.0583
3109 40.8383 76.7283
3110 88.8383 31.9783
3111 83.8383 53.0683
3112 70.8383 77.9483
3113 86.8383 34.6683
3114 93.8383 32.8283
3115 92.8383 32.6183
3116 70.8383 49.0283
3117 77.8383 39.0783
3118 30.8383 67.7083
3119 32.8383 98.0583
3120 89.8383 34.1483
3121 39.8383 79.7183
3122 75.8383 63.5883
3123 63.8383 31.3583
3124 72.8383 80.0183
3125 76.8383 59.6583
3126 27.8383 51.2083
3127 80.8383 53.8783
3128 64.8383 81.2883
3129 78.8383 52.1883
3130 39.8383 46.1183
3131 72.8383 83.6683
3132 30.8383 95.9083
3133 30.8383 36.5483
3134 93.8383 42.4783
3135 88.8383 62.3983
3136 34.8383 74.0883
3137 63.8383 84.3183
3138 71.8383 51.7283
3139 75.8383 29.8083
3140 38.8383 44.2983
3141 95.8383 40.7483
3142 30.8383 96.7283
3143 42.8383 35.1983
3144 45.8383 73.6983
3145 74.8383 73.6583
3146 65.8383 67.1983
3147 73.8383 39.9783
3148 86.8383 43.0883
3149 36.8383 31.7283
3150 45.8383 73.1783
3151 97.8383 28.6883
3152 58.8383 44.7783
3153 52.8383 62.4283
3154 78.8383 71.2183
3155 47.8383 89.7783
3156 87.8383 38.2383
3157 45.8383 45.0283
3158 37.8383 50.6883
3159 91.8383 28.9983
3160 55.8383 36.6283
3161 46.8383 30.2183
3162 31.8383 28.4883
3163 95.8383 36.4683
3164 85.8383 47.2483
3165 32.8383 43.1583
3166 62.8383 52.3483
3167 73.8383 33.6983
3168 80.8383 32.8683
3169 40.8383 94.1683
3170 44.8383 75.3783
3171 66.8383 62.6083
3172 37.8383 80.5283
3173 56.8383 39.0783
3174 62.8383 77.8883
3175 92.8383 46.6283
3176 47.8383 60.7583
3177 60.8383 90.3983
3178 48.8383 63.5783
3179 75.8383 32.8283
3180 94.8383 31.0883
3181 71.8383 53.2683
3182 43.8383 43.8583
3183 84.8383 59.0883
3184 60.8383 77.5883
3185 73.8383 64.8283
3186 76.8383 64.2583
3187 59.8383 80.5883
3188 58.8383 60.0883
3189 51.8383 50.0183
3190 69.8383 63.7683
3191 -5.16168 89.0283
3192 -33.1617 48.0283
3193 -19.1617 41.7783
3194 -13.1617 61.8283
3195 -37.1617 46.9183
3196 -8.16168 48.6083
3197 16.8383 95.8783
3198 12.8383 97.6483
3199 17.8383 36.7283
3200 15.8383 96.2783
3201 -32.1617 28.7283
3202 -2.16168 33.9983
3203 19.8383 47.3383
3204 1.83832 37.9983
3205 11.8383 40.5983
3206 18.8383 56.0183
3207 24.8383 86.2983
3208 -33.1617 64.1083
3209 -28.1617 30.6583
3210 -6.16168 58.2183
3211 -38.1617 30.8683
3212 12.8383 44.7783
3213 16.8383 40.3083
3214 -7.16168 60.2483
3215 3.83832 79.1883
3216 -10.1617 80.5983
3217 -24.1617 77.0783
3218 -36.1617 39.2383
3219 9.83832 97.2183
3220 -25.1617 47.7883
3221 -3.16168 74.0183
3222 -17.1617 72.4983
3223 6.83832 74.3783
3224 -17.1617 37.4083
3225 -36.1617 50.5583
3226 -43.1617 33.6183
3227 -11.1617 64.4683
3228 3.83832 84.6583
3229 -34.1617 52.3483
3230 11.8383 69.3383
3231 -22.1617 38.4583
3232 25.8383 84.4583
3233 17.8383 87.5783
3234 -23.1617 44.4483
3235 -1.16168 69.4383
3236 3.83832 37.1583
3237 -26.1617 51.5683
3238 -42.1617 42.3083
3239 -3.16168 30.2783
3240 2.83832 31.4683
3241 -40.1617 32.8783
3242 -13.1617 34.2683
3243 -27.1617 30.4983
3244 -17.1617 79.6483
3245 14.8383 43.8483
3246 -7.16168 45.3983
3247 24.8383 85.9683
3248 -10.1617 52.8583
3249 -36.1617 40.5683
3250 -31.1617 59.3683
3251 -37.1617 55.0683
3252 -29.1617 57.9983
3253 19.8383 32.7083
3254 16.8383 72.0683
3255 -15.1617 46.0383
3256 21.8383 59.3483
3257 6.83832 74.6683
3258 -6.16168 67.2783
3259 26.8383 72.5583
3260 1.83832 41.5483
3261 14.8383 80.4483
3262 20.8383 76.2483
3263 -31.1617 38.8083
3264 -19.1617 36.9883
3265 4.83832 33.9383
3266 11.8383 36.3983
3267 -17.1617 36.4083
3268 3.83832 60.1283
3269 27.8383 28.1983
3270 -8.16168 42.1183
3271 -4.16168 65.7783
3272 0.838323 71.1683
3273 -21.1617 71.5783
3274 25.8383 81.6283
3275 13.8383 46.3983
3276 17.8383 31.0683
3277 -5.16168 79.1283
3278 -32.1617 39.7983
3279 5.83832 63.9483
3280 12.8383 41.3283
3281 -41.1617 37.6683
3282 5.83832 70.3783
3283 -36.1617 34.1383
3284 -11.1617 29.6883
3285 1.83832 40.7483
3286 -25.1617 39.6283
3287 6.83832 91.2783
3288 -28.1617 39.5083
3289 13.8383 61.2583
3290 17.8383 74.5183
3291 -18.1617 60.8383
3292 27.8383 97.0383
3293 -9.16168 38.4383
3294 -16.1617 31.9083
3295 3.83832 42.6783
3296 -21.1617 62.2883
3297 -23.1617 47.5083
3298 3.83832 70.4383
3299 -33.1617 52.2283
3300 -41.1617 40.0383
3301 -15.1617 57.4583
3302 -7.16168 36.0383
3303 25.8383 45.4683
3304 20.8383 97.1283
3305 -10.1617 61.2083
3306 -33.1617 30.9183
3307 -25.1617 36.2883
3308 -8.16168 52.0183
3309 17.8383 36.3283
3310 -10.1617 58.1383
3311 -17.1617 58.7083
3312 12.8383 77.3583
3313 -2.16168 90.6283
3314 -0.161677 40.9083
3315 -19.1617 55.4483
3316 16.8383 93.8583
3317 8.83832 72.1383
3318 1.83832 83.1783
3319 1.83832 63.9783
3320 -27.1617 65.3583
3321 16.8383 89.9983
3322 -8.16168 54.7283
3323 -38.1617 52.2483
3324 0.838323 48.0383
3325 -30.1617 29.6883
3326 -26.1617 74.1083
3327 3.83832 30.1283
3328 -43.1617 34.1383
3329 -25.1617 71.7983
3330 9.83832 43.1583
3331 -41.1617 40.0083
3332 21.8383 95.6883
3333 7.83832 36.4383
3334 -11.1617 56.7783
3335 1.83832 70.6983
3336 13.8383 72.6183
3337 1.83832 58.9383
3338 -3.16168 59.4783
3339 16.8383 53.0983
3340 -12.1617 62.2883
3341 15.8383 55.2183
3342 -16.1617 39.7183
3343 -8.16168 87.3983
3344 8.83832 45.6483
3345 -4.16168 72.9283
3346 -33.1617 59.9683
3347 1.83832 33.3483
3348 -34.1617 30.6183
3349 -15.1617 70.5283
3350 -40.1617 45.2183
3351 -39.1617 39.0583
3352 -24.1617 28.9383
3353 22.8383 85.7083
3354 -30.1617 45.1983
3355 -1.16168 37.9483
3356 -18.1617 74.6083
3357 -37.1617 52.8983
3358 5.83832 69.0483
3359 5.83832 56.2083
3360 -18.1617 82.4983
3361 -10.1617 44.5083
3362 -0.161677 65.1183
3363 -34.1617 54.6583
3364 -43.1617 32.6583
3365 -36.1617 33.1483
3366 -36.1617 33.9483
3367 5.83832 86.7583
3368 -13.1617 49.2283
3369 12.8383 37.3183
3370 -31.1617 44.2783
3371 12.8383 93.9283
3372 -2.16168 31.9583
3373 15.8383 61.2383
3374 -26.1617 56.1383
3375 -9.16168 69.2383
3376 -21.1617 68.6283
3377 -12.1617 75.6483
3378 0.838323 86.1383
3379 -11.1617 46.4983
3380 3.83832 51.0283
3381 -26.1617 51.1983
3382 -23.1617 48.3983
3383 -8.16168 69.8783
3384 -3.16168 38.4283
3385 19.8383 49.0583
3386 -12.1617 65.9883
3387 15.8383 76.6183
3388 -20.1617 65.8383
3389 17.8383 80.4983
3390 9.83832 61.3483
3391 25.8383 43.6283
3392 1.83832 58.0183
3393 11.8383 65.7283
3394 -5.16168 53.1183
3395 3.83832 90.9683
3396 -3.16168 74.8983
3397 -6.16168 82.6583
3398 1.83832 53.1383
3399 -3.16168 46.9283
3400 -38.1617 53.2683
3401 -7.16168 43.8183
3402 20.8383 95.9883
3403 19.8383 35.7483
3404 -3.16168 28.8183
3405 -1.16168 40.8183
3406 2.83832 32.9883
3407 -33.1617 52.6683
3408 -6.16168 46.2583
3409 -20.1617 46.1883
3410 -34.1617 48.1583
3411 15.8383 56.0483
3412 5.83832 87.8183
3413 -20.1617 66.3583
3414 -33.1617 47.2683
3415 -21.1617 61.5883
3416 21.8383 61.8083
3417 -21.1617 41.8083
3418 23.8383 29.8483
3419 -0.161677 89.1583
3420 8.83832 37.8083
3421 -2.16168 87.8783
3422 -37.1617 35.9483
3423 -11.1617 50.3483
3424 2.83832 46.9483
3425 -26.1617 39.5883
3426 -4.16168 34.1783
3427 14.8383 38.1783
3428 -29.1617 56.3683
3429 -35.1617 29.0183
3430 15.8383 51.8783
3431 22.8383 28.1783
3432 -41.1617 42.5383
3433 -36.1617 46.0183
3434 -43.1617 28.5583
3435 -42.1617 32.5783
3436 -26.1617 61.6783
3437 21.8383 34.2283
3438 -19.1617 63.0083
3439 -6.16168 70.8483
3440 7.83832 95.1183
3441 -36.1617 37.0783
3442 -14.1617 52.6083
3443 -39.1617 49.3483
3444 -38.1617 32.3383
3445 -21.1617 34.6183
3446 -14.1617 53.4983
3447 -29.1617 43.9183
3448 -24.1617 54.8083
3449 9.83832 72.4283
3450 -17.1617 46.6383
3451 14.8383 39.2683
3452 -16.1617 83.9883
3453 9.83832 94.4283
3454 -12.1617 75.0783
3455 -24.1617 47.4883
3456 -16.1617 80.2483
3457 -13.1617 60.0283
3458 -38.1617 54.3583
3459 25.8383 88.3683
3460 -10.1617 45.2783
3461 0.838323 82.9283
3462 -6.16168 32.7983
3463 2.83832 82.8283
3464 -9.16168 61.3083
3465 1.83832 72.5083
3466 -31.1617 61.7983
3467 -26.1617 30.2683
3468 8.83832 71.8083
3469 -38.1617 43.3183
3470 -1.16168 45.5083
3471 -21.1617 38.6183
3472 -24.1617 57.3783
3473 -5.16168 90.1383
3474 12.8383 31.5483
3475 -23.1617 45.4483
3476 12.8383 57.5083
3477 5.83832 46.6183
3478 -39.1617 31.7483
3479 2.83832 50.4483
3480 -6.16168 46.7083
3481 -32.1617 63.0083
3482 -7.16168 82.7783
3483 15.8383 47.8283
3484 24.8383 71.9883
3485 -15.1617 40.4883
3486 -2.16168 54.9583
3487 -23.1617 76.7783
3488 -42.1617 35.7983
3489 27.8383 49.5683
3490 -35.1617 36.4383
3491 0.838323 81.1883
3492 8.83832 53.4083
3493 -5.16168 78.7783
3494 -29.1617 44.2583
3495 -35.1617 46.7483
3496 -25.1617 35.2283
3497 26.8383 46.0083
3498 -26.1617 42.0483
3499 11.8383 42.0883
3500 -40.1617 37.5083
3501 -6.16168 32.0583
3502 -11.1617 79.7283
3503 -8.16168 54.2883
3504 -29.1617 60.7683
3505 -39.1617 42.8883
3506 -5.16168 39.4183
3507 -4.16168 88.1983
3508 12.8383 82.4083
3509 1.83832 69.0383
3510 -23.1617 64.7383
3511 -24.1617 74.1583
3512 14.8383 48.5683
3513 18.8383 44.9883
3514 1.83832 30.5283
3515 -41.1617 40.1883
3516 -0.161677 67.1883
3517 -37.1617 32.5083
3518 6.83832 51.0983
3519 -37.1617 38.4583
3520 0.838323 94.1983
3521 12.8383 84.1183
3522 1.83832 42.9483
3523 27.8383 74.4883
3524 -12.1617 74.8183
3525 25.8383 98.0283
3526 -32.1617 38.8183
3527 15.8383 91.5383
3528 -39.1617 32.3683
3529 -1.16168 44.5283
3530 -35.1617 37.6183
3531 23.8383 99.4683
3532 -6.16168 54.9783
3533 -19.1617 67.2683
3534 -32.1617 47.7983
3535 -33.1617 56.4683
3536 -16.1617 62.0883
3537 -7.16168 68.6583
3538 -40.1617 44.9083
3539 -43.1617 35.4083
3540 6.83832 47.6883
3541 27.8383 53.2983
3542 12.8383 70.1183
3543 -32.1617 49.4183
3544 -22.1617 58.8883
3545 -36.1617 37.9283
3546 23.8383 66.6783
3547 7.83832 58.8583
3548 1.83832 74.3883
3549 -9.16168 59.7383
3550 -23.1617 70.8583
3551 -33.1617 36.7083
3552 -35.1617 40.3183
3553 -25.1617 56.5183
3554 8.83832 28.0483
3555 2.83832 60.9683
3556 13.8383 47.8483
3557 16.8383 48.2583
3558 -26.1617 43.1083
3559 -28.1617 71.5183
3560 -20.1617 75.1583
3561 -5.16168 90.5183
3562 -33.1617 42.3683
3563 -6.16168 42.0283
3564 -21.1617 50.5083
3565 -18.1617 50.9583
3566 -30.1617 38.5083
3567 -40.1617 43.3283
3568 23.8383 76.5683
3569 -9.16168 74.0683
3570 -34.1617 48.7783
3571 3.83832 64.3683
3572 -20.1617 65.3083
3573 -23.1617 73.6583
3574 -38.1617 38.3483
3575 5.83832 38.9483
3576 -0.161677 64.6283
3577 -11.1617 64.8883
3578 -8.16168 61.3783
3579 -20.1617 74.7683
3580 -5.16168 30.2183
3581 25.8383 74.2683
3582 25.8383 52.4583
3583 14.8383 52.5783
3584 20.8383 59.4583
3585 22.8383 91.1783
3586 10.8383 62.6983
3587 24.8383 54.4083
3588 52.8383 -8.02168
3589 66.8383 1.71832
3590 76.8383 15.4283
3591 90.8383 1.62832
3592 87.8383 23.7783
3593 81.8383 3.79832
3594 91.8383 20.8083
3595 97.8383 14.0183
3596 40.8383 -37.2417
3597 88.8383 22.3283
3598 57.8383 10.1383
3599 80.8383 -3.73168
3600 56.8383 -22.9117
3601 62.8383 2.89832
3602 60.8383 1.53832
3603 82.8383 -15.1417
3604 79.8383 4.41832
3605 49.8383 -15.2217
3606 54.8383 -36.5317
3607 94.8383 23.2883
3608 31.8383 -18.7417
3609 98.8383 26.2783
3610 52.8383 -19.2517
3611 81.8383 -0.221677
3612 72.8383 26.6783
3613 97.8383 15.4483
3614 33.8383 -4.51168
3615 84.8383 21.0883
3616 81.8383 19.9183
3617 52.8383 -11.9117
3618 62.8383 -26.4017
3619 61.8383 -5.59168
3620 89.8383 -4.56168
3621 32.8383 -24.1717
3622 57.8383 -12.4517
3623 91.8383 27.0983
3624 78.8383 18.6383
3625 89.8383 5.31832
3626 64.8383 -30.3717
3627 85.8383 13.3283
3628 60.8383 1.67832
3629 57.8383 -1.95168
3630 79.8383 8.40832
3631 62.8383 -8.30168
3632 39.8383 -23.9217
3633 53.8383 25.2083
3634 56.8383 -12.8417
3635 49.8383 24.6483
3636 31.8383 -1.24168
3637 80.8383 -13.5417
3638 72.8383 16.0283
3639 55.8383 6.55832
3640 96.8383 17.8883
3641 87.8383 12.4883
3642 35.8383 -16.5417
3643 89.8383 7.26832
3644 74.8383 -11.9617
3645 51.8383 19.2483
3646 95.8383 18.9283
3647 48.8383 -6.80168
3648 35.8383 20.1683
3649 98.8383 20.6283
3650 78.8383 13.4683
3651 83.8383 -7.64168
3652 76.8383 -23.8117
3653 61.8383 20.9783
3654 54.8383 18.8083
3655 33.8383 -32.1617
3656 53.8383 10.8983
3657 30.8383 11.6583
3658 84.8383 23.5883
3659 30.8383 -12.0817
3660 57.8383 15.2083
3661 30.8383 -28.0217
3662 74.8383 22.5583
3663 77.8383 24.5683
3664 43.8383 -19.4517
3665 47.8383 16.4883
3666 41.8383 -2.56168
3667 94.8383 6.67832
3668 29.8383 16.5783
3669 73.8383 -14.2117
3670 80.8383 6.66832
3671 40.8383 5.52832
3672 74.8383 -25.6117
3673 68.8383 -29.1217
3674 53.8383 -31.9217
3675 35.8383 15.0383
3676 58.8383 23.4083
3677 53.8383 20.8583
3678 63.8383 -4.84168
3679 32.8383 -13.8817
3680 40.8383 -8.41168
3681 34.8383 -22.8417
3682 89.8383 1.88832
3683 63.8383 -2.40168
3684 92.8383 21.9783
3685 96.8383 26.2983
3686 34.8383 -43.5417
3687 96.8383 14.6483
3688 70.8383 -10.5417
3689 74.8383 6.25832
3690 69.8383 21.7583
3691 97.8383 18.7883
3692 94.8383 13.7483
3693 67.8383 -7.91168
3694 88.8383 8.02832
3695 70.8383 16.0483
3696 58.8383 23.7683
3697 90.8383 8.58832
3698 97.8383 14.0083
3699 72.8383 -6.95168
3700 80.8383 -11.4617
3701 96.8383 18.5483
3702 95.8383 16.6183
3703 31.8383 25.2783
3704 75.8383 25.6883
3705 65.8383 5.57832
3706 62.8383 -22.7217
3707 94.8383 6.56832
3708 48.8383 15.4483
3709 65.8383 -24.1117
3710 68.8383 1.81832
3711 73.8383 27.0383
3712 32.8383 -35.8917
3713 80.8383 27.1683
3714 35.8383 -17.2217
3715 53.8383 -5.97168
3716 55.8383 14.0083
3717 37.8383 -23.7617
3718 60.8383 20.7383
3719 35.8383 -16.3317
3720 37.8383 -15.9817
3721 30.8383 -5.17168
3722 70.8383 -26.9417
3723 79.8383 -8.72168
3724 93.8383 21.4883
3725 62.8383 -34.5917
3726 72.8383 -7.93168
3727 94.8383 17.8183
3728 33.8383 25.0383
3729 40.8383 -13.7817
3730 77.8383 10.1683
3731 79.8383 7.05832
3732 49.8383 -31.2217
3733 89.8383 -0.231677
3734 48.8383 -12.7117
3735 51.8383 6.88832
3736 32.8383 -16.3517
3737 63.8383 14.5583
3738 68.8383 -3.93168
3739 28.8383 -33.8717
3740 79.8383 -13.5617
3741 57.8383 -3.69168
3742 33.8383 -33.0517
3743 46.8383 20.1183
3744 76.8383 20.0783
3745 86.8383 26.7283
3746 58.8383 -14.9917
3747 92.8383 9.38832
3748 88.8383 16.5583
3749 95.8383 23.2583
3750 98.8383 19.5583
3751 28.8383 2.59832
3752 34.8383 -26.7017
3753 96.8383 9.35832
3754 42.8383 24.4183
3755 71.8383 1.36832
3756 77.8383 -20.0217
3757 63.8383 -9.68168
3758 87.8383 6.76832
3759 56.8383 6.34832
3760 74.8383 -1.28168
3761 52.8383 22.5383
3762 58.8383 -7.18168
3763 46.8383 -31.0417
3764 45.8383 -26.9517
3765 74.8383 -8.33168
3766 94.8383 6.79832
3767 65.8383 -16.2217
3768 57.8383 12.8483
3769 93.8383 8.42832
3770 76.8383 11.0583
3771 83.8383 2.56832
3772 84.8383 -7.08168
3773 71.8383 -2.61168
3774 46.8383 -25.7317
3775 53.8383 -26.0217
3776 92.8383 -0.751677
3777 59.8383 4.15832
3778 41.8383 -13.5917
3779 71.8383 21.8783
3780 53.8383 -21.7117
3781 77.8383 2.02832
3782 39.8383 -11.2417
3783 66.8383 -23.3817
3784 94.8383 6.37832
3785 59.8383 -20.6817
3786 43.8383 -14.7217
3787 42.8383 -26.0917
3788 80.8383 5.72832
3789 89.8383 18.3183
3790 47.8383 -24.5317
3791 38.8383 5.42832
3792 39.8383 7.76832
3793 80.8383 -11.7817
3794 66.8383 -8.34168
3795 86.8383 13.5483
3796 32.8383 18.1083
3797 58.8383 -13.5317
3798 96.8383 14.8183
3799 47.8383 -41.0817
3800 75.8383 22.0783
3801 79.8383 -7.93168
3802 55.8383 -12.9117
3803 37.8383 -20.4917
3804 98.8383 24.2283
3805 53.8383 9.76832
3806 61.8383 24.0683
3807 92.8383 21.8583
3808 67.8383 8.73832
3809 28.8383 -22.0717
3810 75.8383 -7.88168
3811 60.8383 -30.2217
3812 84.8383 -14.0017
3813 42.8383 -14.4617
3814 49.8383 -12.2317
3815 89.8383 26.9683
3816 58.8383 10.1383
3817 51.8383 -12.3617
3818 80.8383 -2.50168
3819 40.8383 -17.5217
3820 78.8383 -5.59168
3821 59.8383 9.86832
3822 63.8383 22.3883
3823 31.8383 24.7483
3824 58.8383 2.74832
3825 71.8383 -5.04168
3826 52.8383 -15.3717
3827 33.8383 2.53832
3828 40.8383 -12.5717
3829 91.8383 27.3983
3830 44.8383 14.9783
3831 94.8383 10.4783
3832 83.8383 -14.1117
3833 79.8383 -18.2117
3834 96.8383 14.6983
3835 61.8383 -28.9717
3836 76.8383 -3.54168
3837 33.8383 -26.4617
3838 78.8383 22.5783
3839 78.8383 3.93832
3840 58.8383 18.4483
3841 77.8383 -9.36168
3842 72.8383 25.5983
3843 93.8383 8.13832
3844 65.8383 -21.7817
3845 81.8383 -3.35168
3846 43.8383 -21.6117
3847 90.8383 7.75832
3848 39.8383 -3.32168
3849 65.8383 -30.4217
3850 81.8383 25.7583
3851 46.8383 -4.07168
3852 53.8383 1.46832
3853 48.8383 -26.4517
3854 79.8383 0.718323
3855 58.8383 15.8083
3856 67.8383 12.8583
3857 39.8383 0.148323
3858 53.8383 -23.4217
3859 58.8383 -21.5617
3860 68.8383 -22.2217
3861 90.8383 7.42832
3862 34.8383 -23.8317
3863 29.8383 23.8783
3864 70.8383 -16.3217
3865 89.8383 -7.85168
3866 83.8383 11.5483
3867 59.8383 26.1383
3868 77.8383 -13.0217
3869 58.8383 -26.9817
3870 97.8383 16.6183
3871 29.8383 -20.2217
3872 59.8383 -12.7817
3873 38.8383 -26.6317
3874 95.8383 19.1683
3875 78.8383 25.5083
3876 44.8383 -3.15168
3877 66.8383 6.07832
3878 85.8383 24.0683
3879 31.8383 -30.2117
3880 52.8383 6.89832
3881 41.8383 -25.3717
3882 46.8383 -11.0217
3883 78.8383 -15.5817
3884 55.8383 -18.1017
3885 87.8383 -3.91168
3886 43.8383 -40.3017
3887 52.8383 25.9483
3888 63.8383 -31.7317
3889 63.8383 -23.8517
3890 51.8383 -19.9117
3891 57.8383 -17.6517
3892 61.8383 -28.4517
3893 52.8383 2.39832
3894 97.8383 19.8583
3895 36.8383 -3.71168
3896 67.8383 -7.91168
3897 91.8383 23.6383
3898 41.8383 -27.3517
3899 29.8383 -37.5417
3900 96.8383 8.93832
3901 56.8383 2.01832
3902 96.8383 12.8883
3903 34.8383 -6.49168
3904 63.8383 -30.2717
3905 53.8383 -34.9617
3906 45.8383 -36.7317
3907 88.8383 26.1883
3908 41.8383 -4.70168
3909 60.8383 -16.1317
3910 87.8383 26.2083
3911 95.8383 10.3483
3912 37.8383 -31.4517
3913 60.8383 -13.2017
3914 75.8383 15.4883
3915 54.8383 5.17832
3916 68.8383 -16.2417
3917 31.8383 -1.50168
3918 82.8383 25.0883
3919 59.8383 -20.7517
3920 41.8383 -20.3817
3921 66.8383 -20.4017
3922 46.8383 19.6383
3923 72.8383 -0.341677
3924 86.8383 0.328323
3925 34.8383 -24.4717
3926 77.8383 -2.35168
3927 47.8383 16.7983
3928 35.8383 -26.6917
3929 56.8383 -31.6917
3930 59.8383 -32.7217
3931 90.8383 20.1383
3932 83.8383 -14.3917
3933 27.8383 -22.4017
3934 65.8383 -23.4017
3935 30.8383 13.4783
3936 94.8383 6.08832
3937 71.8383 -28.4617
3938 42.8383 9.33832
3939 91.8383 7.09832
3940 68.8383 -4.83168
3941 93.8383 13.6483
3942 46.8383 -29.0617
3943 50.8383 -3.07168
3944 39.8383 -26.5217
3945 71.8383 -5.04168
3946 95.8383 15.1683
3947 33.8383 -10.2917
3948 89.8383 1.68832
3949 80.8383 -9.56168
3950 42.8383 -4.88168
3951 67.8383 22.9383
3952 70.8383 9.94832
3953 52.8383 -22.6317
3954 90.8383 -4.89168
3955 48.8383 -38.6017
3956 60.8383 -22.4717
3957 94.8383 8.51832
3958 73.8383 -5.54168
3959 66.8383 12.1383
3960 74.8383 1.63832
3961 89.8383 -7.87168
3962 34.8383 9.14832
3963 67.8383 25.5383
3964 63.8383 25.6283
3965 85.8383 3.56832
3966 49.8383 19.8483
3967 89.8383 11.9083
3968 27.8383 23.9283
3969 55.8383 7.04832
3970 91.8383 9.17832
3971 50.8383 15.2683
3972 92.8383 -1.54168
3973 64.8383 -16.8717
3974 95.8383 22.1883
3975 68.8383 15.8083
3976 76.8383 8.79832
3977 58.8383 2.59832
3978 72.8383 -11.2717
3979 57.8383 25.2283
3980 64.8383 26.5483
3981 87.8383 -1.47168
3982 31.8383 -34.7417
3983 39.8383 12.6783
3984 52.8383 -6.85168
3985 16.8383 9.69832
3986 -7.16168 -26.8617
3987 24.8383 22.5183
3988 15.8383 21.7083
3989 15.8383 20.4783
3990 -34.1617 14.3483
3991 -40.1617 24.6883
3992 -1.16168 -1.87168
3993 -43.1617 19.5383
3994 -30.1617 -4.14168
3995 16.8383 -10.3517
3996 20.8383 25.5183
3997 -14.1617 -25.2317
3998 17.8383 22.0483
3999 -3.16168 21.9183
4000 -28.1617 16.6183
4001 13.8383 24.0083
4002 7.83832 -16.9717
4003 -35.1617 24.7983
4004 -30.1617 20.6083
4005 -28.1617 -12.4017
4006 26.8383 13.4783
4007 -35.1617 -2.46168
4008 -11.1617 -3.99168
4009 -5.16168 7.89832
4010 -9.16168 -32.2017
4011 18.8383 -34.2817
4012 23.8383 25.1583
4013 -43.1617 21.0483
4014 -23.1617 -13.6217
4015 16.8383 9.88832
4016 11.8383 -21.4517
4017 -42.1617 25.1983
4018 -30.1617 -6.13168
4019 15.8383 13.7483
4020 18.8383 -30.2817
4021 -41.1617 20.8583
4022 18.8383 20.0683
4023 -28.1617 14.2383
4024 -40.1617 9.42832
4025 -6.16168 -23.6117
4026 5.83832 -23.3617
4027 6.83832 -15.5017
4028 -12.1617 -29.9617
4029 26.8383 -22.0317
4030 -38.1617 9.47832
4031 -42.1617 18.8583
4032 -25.1617 -19.3217
4033 -34.1617 3.51832
4034 26.8383 5.49832
4035 -17.1617 22.4583
4036 13.8383 -26.4217
4037 -8.16168 -2.15168
4038 -19.1617 14.6683
4039 -4.16168 17.1683
4040 -26.1617 2.17832
4041 7.83832 4.23832
4042 -26.1617 -1.89168
4043 -19.1617 11.0583
4044 22.8383 2.71832
4045 -29.1617 -5.51168
4046 6.83832 -22.1917
4047 -13.1617 -22.3417
4048 16.8383 -10.1517
4049 25.8383 -7.01168
4050 -5.16168 -25.5917
4051 -27.1617 7.99832
4052 -6.16168 22.2383
4053 -3.16168 9.06832
4054 -29.1617 27.3683
4055 -25.1617 -6.07168
4056 25.8383 -9.77168
4057 23.8383 11.2783
4058 24.8383 -13.1517
4059 4.83832 12.3983
4060 -31.1617 17.7983
4061 -12.1617 -25.2817
4062 3.83832 9.18832
4063 0.838323 21.0483
4064 -13.1617 26.4683
4065 19.8383 -12.6617
4066 6.83832 5.95832
4067 17.8383 -16.7117
4068 -0.161677 16.1383
4069 19.8383 -10.4517
4070 -21.1617 -20.4517
4071 15.8383 -31.5117
4072 4.83832 24.0783
4073 -40.1617 12.5383
4074 0.838323 -31.4717
4075 -38.1617 17.4483
4076 -31.1617 16.2983
4077 -27.1617 7.88832
4078 -32.1617 15.4583
4079 20.8383 -36.5317
4080 27.8383 15.4483
4081 -35.1617 18.7483
4082 20.8383 -36.4217
4083 -8.16168 23.5683
4084 23.8383 -29.6417
4085 -36.1617 12.6683
4086 17.8383 25.5083
4087 -21.1617 12.6283
4088 -25.1617 -7.65168
4089 24.8383 -23.5317
4090 19.8383 -16.9317
4091 27.8383 11.1683
4092 -20.1617 -23.4717
4093 -11.1617 -22.2017
4094 17.8383 -14.0617
4095 18.8383 -39.6217
4096 22.8383 -22.0017
4097 -19.1617 16.7483
4098 -6.16168 17.1283
4099 19.8383 2.25832
4100 12.8383 -38.6517
4101 -8.16168 -4.65168
4102 -10.1617 21.9883
4103 25.8383 -18.5917
4104 9.83832 26.5883
4105 -32.1617 9.65832
4106 -7.16168 -33.2417
4107 -25.1617 23.9683
4108 -32.1617 21.8383
4109 20.8383 -34.7817
4110 1.83832 -36.5217
4111 3.83832 -36.8817
4112 -4.16168 -5.83168
4113 6.83832 0.00832311
4114 -14.1617 -24.3717
4115 -37.1617 -0.251677
4116 -18.1617 -8.37168
4117 -15.1617 -2.20168
4118 -30.1617 14.9883
4119 -36.1617 -0.601677
4120 16.8383 -18.9617
4121 -34.1617 4.17832
4122 26.8383 -41.1617
4123 10.8383 2.50832
4124 3.83832 -25.1217
4125 24.8383 -14.5917
4126 -28.1617 -1.23168
4127 -31.1617 26.2783
4128 -14.1617 -10.1617
4129 -15.1617 -25.8017
4130 -25.1617 16.9883
4131 -17.1617 25.3983
4132 17.8383 6.47832
4133 27.8383 -19.8117
4134 21.8383 -24.6417
4135 -5.16168 25.9883
4136 22.8383 -42.4017
4137 4.83832 -14.3817
4138 -0.161677 27.2783
4139 -39.1617 18.0783
4140 3.83832 -39.1817
4141 20.8383 7.43832
4142 -13.1617 -24.5417
4143 -28.1617 -3.03168
4144 9.83832 -30.0417
4145 -43.1617 19.1983
4146 2.83832 -3.44168
4147 -16.1617 4.52832
4148 -33.1617 7.23832
4149 19.8383 10.4483
4150 -25.1617 15.7383
4151 -16.1617 11.4183
4152 1.83832 8.56832
4153 19.8383 -5.26168
4154 -39.1617 11.6083
4155 17.8383 -14.5517
4156 -5.16168 15.7383
4157 -31.1617 15.4583
4158 15.8383 -7.43168
4159 -17.1617 -8.55168
4160 -19.1617 18.0383
4161 -19.1617 -14.0817
4162 11.8383 4.68832
4163 -40.1617 5.58832
4164 -35.1617 -5.40168
4165 -4.16168 -16.0417
4166 21.8383 -15.5617
4167 -34.1617 8.63832
4168 -3.16168 20.8583
4169 -18.1617 -3.18168
4170 -5.16168 -21.8517
4171 22.8383 -42.6617
4172 24.8383 1.11832
4173 -40.1617 14.0483
4174 -40.1617 11.6683
4175 21.8383 5.64832
4176 -1.16168 -9.41168
4177 23.8383 23.7783
4178 11.8383 18.9583
4179 16.8383 -37.3617
4180 -8.16168 18.8383
4181 15.8383 15.3683
4182 19.8383 6.92832
4183 8.83832 -22.7617
4184 10.8383 -36.6617
4185 1.83832 -18.3117
4186 -39.1617 18.2783
4187 -33.1617 24.3383
4188 27.8383 -24.7417
4189 -33.1617 24.5183
4190 -31.1617 -7.68168
4191 27.8383 11.1083
4192 -37.1617 0.198323
4193 20.8383 -41.3817
4194 -8.16168 20.6983
4195 -22.1617 19.6783
4196 21.8383 12.8183
4197 -31.1617 -5.23168
4198 18.8383 -7.99168
4199 12.8383 -15.5517
4200 -5.16168 -10.9717
4201 -10.1617 -28.7217
4202 -21.1617 27.6083
4203 -30.1617 2.13832
4204 -1.16168 -26.5517
4205 21.8383 -4.73168
4206 24.8383 9.77832
4207 -6.16168 4.10832
4208 1.83832 26.2283
4209 4.83832 -23.4217
4210 24.8383 -22.5717
4211 20.8383 -22.1017
4212 20.8383 -28.2617
4213 -29.1617 19.4283
4214 10.8383 20.6383
4215 23.8383 -19.4617
4216 10.8383 -21.5417
4217 5.83832 -8.59168
4218 -41.1617 14.3983
4219 -33.1617 -0.111677
4220 11.8383 -30.3517
4221 -32.1617 2.56832
4222 9.83832 10.4983
4223 -4.16168 24.8383
4224 4.83832 22.3283
4225 -23.1617 27.0983
4226 27.8383 7.09832
4227 -24.1617 -8.56168
4228 -24.1617 21.1483
4229 -29.1617 -14.4617
4230 -41.1617 19.1883
4231 -36.1617 -1.11168
4232 -19.1617 -24.1517
4233 1.83832 5.67832
4234 -27.1617 15.2883
4235 -3.16168 13.0483
4236 1.83832 13.6883
4237 -7.16168 5.27832
4238 26.8383 25.7283
4239 -21.1617 -3.64168
4240 -39.1617 8.95832
4241 -23.1617 5.76832
4242 13.8383 -5.59168
4243 -7.16168 15.8583
4244 -1.16168 6.03832
4245 3.83832 -11.2217
4246 2.83832 -36.0917
4247 -13.1617 25.3183
4248 -20.1617 17.9283
4249 -33.1617 -0.0716769
4250 1.83832 -3.00168
4251 -35.1617 15.0683
4252 -28.1617 11.0183
4253 -29.1617 18.3083
4254 -9.16168 -4.58168
4255 1.83832 25.2383
4256 21.8383 9.06832
4257 -32.1617 -6.12168
4258 -40.1617 9.16832
4259 -19.1617 -5.53168
4260 23.8383 -5.43168
4261 -24.1617 5.86832
4262 -20.1617 13.8683
4263 -2.16168 9.15832
4264 -21.1617 -8.87168
4265 11.8383 -27.0717
4266 -27.1617 12.0083
4267 11.8383 -21.2717
4268 -5.16168 16.2983
4269 -13.1617 -11.7817
4270 -40.1617 15.6483
4271 -35.1617 0.528323
4272 11.8383 21.4083
4273 -11.1617 5.63832
4274 -6.16168 26.0983
4275 -10.1617 22.2183
4276 -34.1617 20.2983
4277 15.8383 2.57832
4278 12.8383 -13.7817
4279 20.8383 -37.6017
4280 6.83832 -27.7117
4281 15.8383 -15.0817
4282 -18.1617 -20.7217
4283 -32.1617 14.7683
4284 21.8383 -32.3717
4285 -9.16168 -26.2717
4286 -28.1617 -17.0817
4287 21.8383 21.9183
4288 -11.1617 23.6283
4289 -0.161677 -18.6617
4290 -8.16168 -23.3817
4291 27.8383 3.81832
4292 -32.1617 11.5983
4293 -36.1617 22.5183
4294 13.8383 22.6083
4295 15.8383 0.128323
4296 -10.1617 26.6783
4297 -28.1617 17.6383
4298 14.8383 16.1183
4299 -7.16168 6.96832
4300 -21.1617 -4.65168
4301 -10.1617 -24.5317
4302 -33.1617 12.9183
4303 -21.1617 23.0283
4304 -22.1617 -7.09168
4305 -19.1617 3.21832
4306 -20.1617 23.8883
4307 -12.1617 -3.64168
4308 7.83832 5.39832
4309 -28.1617 -0.221677
4310 -36.1617 25.2283
4311 13.8383 13.8183
4312 -25.1617 -0.141677
4313 -31.1617 26.8183
4314 25.8383 -17.1817
4315 -18.1617 3.68832
4316 -27.1617 -15.5617
4317 -0.161677 -8.61168
4318 10.8383 -25.0117
4319 9.83832 -17.6317
4320 -14.1617 -25.7717
4321 2.83832 16.8583
4322 27.8383 -3.93168
4323 12.8383 19.0783
4324 -29.1617 17.0483
4325 -43.1617 19.4283
4326 -0.161677 18.6683
4327 3.83832 -21.8617
4328 -15.1617 -10.3517
4329 -8.16168 15.4683
4330 18.8383 21.6983
4331 -28.1617 5.58832
4332 -27.1617 4.75832
4333 -26.1617 14.9583
4334 -5.16168 4.31832
4335 16.8383 12.6083
4336 2.83832 -15.6417
4337 -26.1617 25.1483
4338 -17.1617 -12.8517
4339 -34.1617 -2.14168
4340 15.8383 -43.0117
4341 -12.1617 -0.571677
4342 -6.16168 7.95832
4343 16.8383 -8.85168
4344 -7.16168 8.48832
4345 17.8383 -19.9617
4346 -6.16168 16.7383
4347 -25.1617 19.2683
4348 5.83832 -31.4717
4349 -5.16168 -18.7917
4350 -39.1617 18.4783
4351 25.8383 3.87832
4352 -12.1617 -11.7617
4353 -34.1617 -6.29168
4354 -41.1617 26.6783
4355 24.8383 -31.4617
4356 -29.1617 -10.1917
4357 0.838323 -12.7117
4358 -39.1617 25.9783
4359 -28.1617 -15.6617
4360 -17.1617 5.01832
4361 8.83832 22.0883
4362 7.83832 3.91832
4363 -28.1617 26.6983
4364 -40.1617 23.0283
4365 -13.1617 -25.7517
4366 6.83832 -36.3117
4367 -16.1617 -22.2117
4368 -32.1617 -7.42168
4369 9.83832 -18.2517
4370 13.8383 9.01832
4371 -15.1617 8.88832
4372 2.83832 -33.3017
4373 -22.1617 24.0283
4374 -24.1617 13.5783
4375 -39.1617 23.0983
4376 -32.1617 7.17832
4377 -37.1617 20.3183
4378 -19.1617 -6.50168
4379 -22.1617 11.9683
4380 16.8383 -30.1117
4381 -38.1617 22.4683
4382 21.8383 -10.7017
