%%index real_part   imaginary_part
2786 2786 2786
1 39.33 0.15
2 20.06 12.65
3 35.55 30.91
4 19.15 21.84
5 28.32 2.22
6 13.49 40.76
7 31.04 26.7
8 36.73 23.04
9 15.83 9.84
10 6.04 21.92
11 12.52 31.81
12 20.59 12.11
13 43.86 10.84
14 16.27 24.8
15 18.53 27.84
16 7.52 17.55
17 30.21 37.38
18 24.3 7.1
19 28.95 21.76
20 3.5 22.97
21 19.73 36.79
22 19.49 16.99
23 19.55 30.29
24 40.13 35.75
25 37.19 35.39
26 2.72 25.7
27 37.81 5.72
28 40.08 23.31
29 27.63 17.19
30 1.03 35.87
31 9.42 2.17
32 19.07 32.07
33 39.18 19.15
34 40.91 43.37
35 1.86 24.13
36 16.92 0.41
37 40.93 1.12
38 31.41 15.93
39 31.2 40
40 10.91 7.07
41 12.29 24.4
42 30.12 13.63
43 16.47 29.62
44 2.81 26.2
45 18.07 0.1
46 25.79 27.36
47 15.44 7.01
48 26.17 24.39
49 23.76 34.14
50 14.27 2.6
51 26.54 5.15
52 6.27 10.71
53 6.16 23.47
54 42.99 17.2
55 3.79 37.37
56 41.29 9.91
57 3.06 16.08
58 1.7 27.41
59 33.13 19.53
60 43.16 4.51
61 11.4 30.72
62 37.73 4.47
63 28.86 26.84
64 16.98 43.42
65 2.03 32.15
66 37.3 10.77
67 1 28.57
68 31.56 23.09
69 19.81 30.68
70 3.57 30.55
71 19.98 23.61
72 19.21 0.86
73 7.79 23.05
74 22.1 20.92
75 4.95 40.92
76 7.16 21.26
77 5.26 16.35
78 22.71 24.42
79 23.84 34.12
80 1.79 19.21
81 9.5 25.87
82 33.96 39.09
83 41.7 10.5
84 20.71 21.52
85 31.6 17.52
86 20.65 24.28
87 25.15 7.58
88 10.15 39.86
89 40.3 12.46
90 32.91 32.26
91 33.04 1.26
92 41.13 40.07
93 20.49 38.3
94 7.95 43.37
95 42.1 23.86
96 29.25 9.74
97 28.36 7.61
98 41.63 19.22
99 20.26 5.58
100 23.1 18.34
101 22.15 7.86
102 38.97 23.27
103 19.14 26.82
104 39.28 5.12
105 37.38 15.44
106 40.22 28.19
107 24.27 5.95
108 23.77 16.88
109 16.25 24.28
110 27.66 31.72
111 41.47 14.35
112 1.48 12.92
113 11.66 5.35
114 10.93 43.12
115 40.98 31.92
116 19.31 13.56
117 36.83 19.13
118 25.47 14.28
119 42.92 35.49
120 30.46 20.76
121 4.95 36.31
122 21.78 26.68
123 43.56 8.74
124 12.55 1.55
125 33.28 39.33
126 9.69 40.21
127 32.65 10.27
128 39.14 34.69
129 13.33 0.31
130 11.76 6.07
131 43.15 33.84
132 32.49 31.07
133 24.87 35.99
134 7 13.97
135 34.73 23.79
136 39.62 37.46
137 20.15 39.68
138 27.95 17.4
139 42.48 43.23
140 38.57 40.5
141 36.71 11.28
142 21.55 27.78
143 41.99 25.37
144 5.2 40.21
145 2.28 11.33
146 1.17 16.96
147 27.55 24.96
148 40.47 33.66
149 3.63 31.94
150 35.26 3.47
151 40.94 17.88
152 13.57 30.88
153 27.81 40.61
154 19.36 41.52
155 17.54 5.81
156 17.09 37.45
157 21.23 10.25
158 15.14 18.16
159 14.37 42.75
160 10.08 20.35
161 16.83 40.17
162 21.13 34.77
163 3.95 23.91
164 11.85 17.6
165 21.08 31.11
166 4.99 3.11
167 13.52 41.54
168 17.67 42.08
169 19.12 20.85
170 26.66 37.03
171 30.49 36.66
172 2.92 43.75
173 17.91 31.24
174 29.99 41.58
175 17.93 11.8
176 7.97 19.59
177 10.36 14.29
178 38.2 29.11
179 2.71 14.32
180 24.95 6.05
181 32.69 3.31
182 0.85 29.94
183 28.03 2.21
184 2.58 18.52
185 35.08 3.15
186 39.82 29.24
187 8.51 21.57
188 8.81 22.26
189 43.36 5.94
190 17.74 18.33
191 37.92 40.82
192 11.11 25.71
193 34.34 27.81
194 21.65 5.31
195 34.88 16.58
196 19.89 2.6
197 32.54 23.57
198 5.3 0.27
199 42.31 40.09
200 43.25 31.4
201 16.64 12.91
202 34.48 18.59
203 20.37 4.67
204 10.61 22.82
205 41.15 19.73
206 16.55 7.87
207 13.11 14.59
208 42.4 27.66
209 12.49 3.45
210 20.03 20.05
211 2.17 26.9
212 29.99 19.45
213 43.24 34.72
214 30.81 35.3
215 2.22 21.07
216 33.99 9.58
217 28.17 18.87
218 3.06 3.99
219 26.81 28.06
220 3.8 37.2
221 24.59 3.48
222 18.08 43.87
223 7.06 37.7
224 20.68 40
225 39.58 19.55
226 25.97 20.23
227 39.68 41.75
228 11.99 11.97
229 26.79 18.44
230 39.52 22.33
231 31.91 29.01
232 27.4 9.03
233 13.02 39.61
234 23.67 30.47
235 3.19 39.84
236 22.84 6.99
237 6.87 27.78
238 21.49 40.92
239 36.93 37.45
240 36.52 42.17
241 18.4 12.03
242 9.78 18.5
243 30.47 37.61
244 35.57 21.78
245 0.11 13.26
246 21.79 31.09
247 19.64 11.54
248 7.15 5.2
249 15.19 32.67
250 8.03 10.35
251 40.86 18.38
252 2.16 30.87
253 7.32 3.73
254 20.7 3.17
255 24.86 23.77
256 35.8 13.23
257 31.73 22.79
258 16.4 1.58
259 2.88 18.2
260 10.98 31.49
261 18.59 26.51
262 38.06 32.77
263 17.49 17.75
264 6.42 24.73
265 35.08 32.68
266 30.58 37.97
267 24.85 11.47
268 38.72 12.27
269 15.44 32.17
270 11.94 15.43
271 28.66 19.83
272 42.62 3.74
273 28.84 16.39
274 14.11 38.54
275 26.03 11.25
276 37.76 4.61
277 16.9 24.14
278 41.9 31.82
279 36.08 34.4
280 2.6 27.84
281 21.82 6.68
282 18.15 33.19
283 1.46 26.19
284 37.88 12.88
285 28.31 40.42
286 16.25 5.82
287 33.08 12.97
288 8.88 14.87
289 32.93 41.44
290 8.69 2.51
291 7.12 38.49
292 18.63 2.46
293 13.8 3.54
294 37.94 40.05
295 3.42 29.4
296 36.09 40.55
297 9.26 25.24
298 30.95 10.24
299 2.64 10.72
300 7.14 24.83
301 10.17 30.95
302 23.44 23.4
303 17.79 43.25
304 20.21 11.84
305 14.35 6.73
306 1.22 28.91
307 10.89 0.99
308 4.54 43.37
309 18.95 4.21
310 33.62 22
311 42.07 22.37
312 27.13 5.23
313 38.99 7.33
314 18.05 14.08
315 18.43 41.64
316 8.11 4.72
317 7.64 28.6
318 7.37 11.08
319 22.92 25.43
320 11.68 27.58
321 36.01 16.8
322 17.79 36.42
323 15.32 26.42
324 30.64 22.33
325 23.86 34.27
326 12.64 43.78
327 28.53 21.93
328 29.27 39.77
329 33.37 23.52
330 0.68 26.84
331 31.56 7.8
332 36.4 8.8
333 19.88 18.72
334 23.68 23.29
335 6.87 22.32
336 39.12 35.36
337 7.31 42.89
338 4.83 36.44
339 14.77 22.63
340 36.42 35.47
341 14.77 38.63
342 40.09 5.06
343 24.35 43.3
344 2.35 25.36
345 31.72 13.72
346 1.04 3.03
347 35.35 42.81
348 17.53 16.96
349 40.25 34.75
350 13.08 41.21
351 12.1 3.12
352 25.53 31.72
353 24.16 19.41
354 21.56 30.37
355 1.36 18.46
356 36.61 13.98
357 42.56 39.66
358 18.48 32.7
359 14.06 22.91
360 16.15 20.83
361 3.39 1.79
362 0.6 40.71
363 13.67 38.74
364 9.02 41.65
365 38.87 33.44
366 16.08 22.1
367 9.82 6.97
368 5.9 41.62
369 7.51 13.51
370 31.97 6.98
371 0.48 32.39
372 28.05 24.58
373 13.29 43.04
374 1.47 2.54
375 2.89 6.87
376 8.66 41.14
377 37.85 29.8
378 4.07 32.78
379 9.96 31.04
380 20.48 13.09
381 35.19 4.83
382 35.32 36.56
383 13.7 24.53
384 38.04 20.74
385 27.72 0.73
386 33.13 5.53
387 30.12 28.2
388 6.76 40.7
389 22.76 43.41
390 29.8 8.23
391 5.37 25.66
392 11.46 38.47
393 6.77 22.74
394 33.3 15.53
395 8.14 16.73
396 1.08 9.78
397 25.86 43.33
398 3.39 15.92
399 36.66 19.09
400 19.82 20.95
401 26.49 43.9
402 28.1 8.95
403 5.66 12.61
404 35.54 34.86
405 22.61 28.42
406 33.6 21.34
407 39.33 7.5
408 9.76 24.59
409 19.64 25.63
410 21.88 43.06
411 32.36 27.79
412 27.12 22.97
413 18.41 14.23
414 33.32 10.03
415 30.99 11.08
416 10.98 32.66
417 41.62 13.48
418 5.61 18.61
419 32.99 26.8
420 11.22 20.67
421 42.01 11.61
422 42.63 24.35
423 4.94 16.87
424 42.5 8.4
425 30.98 24.58
426 8.37 43.9
427 2.39 19.35
428 13.1 15.02
429 4.57 20.81
430 31.89 25.94
431 14.6 35.56
432 28.56 22.39
433 41 12.22
434 39.02 34.17
435 10.84 -9.52
436 0.65 -29.77
437 10.12 -32.38
438 5.25 -43.28
439 31.2 -38.58
440 19.16 -27.27
441 27.17 -18.19
442 37.54 -7.06
443 1.6 -9.09
444 29.9 -6.64
445 12.1 -6.17
446 21.26 -41.31
447 19.7 -26.7
448 38.93 -5.82
449 19.52 -40.23
450 29.27 -13.47
451 22.76 -9.88
452 42.26 -29.92
453 29.2 -12.4
454 6.98 -27.03
455 33.82 -39.93
456 14.12 -5.67
457 36.25 -40.52
458 5.61 -7.66
459 37.82 -37.85
460 23.54 -35.51
461 32.82 -5.92
462 32.62 -0.8
463 30.15 -32.04
464 7.79 -7.07
465 0.07 -29.19
466 39.07 -37.06
467 22.98 -2.35
468 14.76 -16.86
469 43.89 -31.71
470 27.64 -1.26
471 6.93 -33.72
472 9.76 -41.76
473 28.94 -43.18
474 16.55 -15.37
475 6.88 -2.28
476 31.72 -40.1
477 20.42 -19.22
478 7.26 -43.86
479 30.46 -30.09
480 15.28 -15.06
481 31.64 -30.53
482 12.4 -33.88
483 6.74 -10.63
484 42.34 -27.16
485 28.43 -30.15
486 43.39 -5.5
487 26.78 -14.88
488 14.07 -9.15
489 24.52 -11.72
490 37.52 -30.62
491 6.24 -10.92
492 30.14 -25.24
493 25.1 -6.19
494 36.28 -16.93
495 11.51 -11.56
496 21.61 -31.09
497 20.97 -43.15
498 33.3 -34.02
499 40.7 -27.71
500 13.86 -11.16
501 16.66 -25.13
502 40.02 -13.26
503 22.41 -43.44
504 34.68 -33.61
505 43.75 -26.46
506 37.38 -28.2
507 9.44 -6
508 35.71 -3.05
509 19.98 -14.07
510 25.63 -27.99
511 15.08 -31.49
512 10.16 -26.77
513 16.79 -36.05
514 43.28 -43.47
515 10.63 -13.49
516 18.15 -36.67
517 5.93 -6.82
518 6.26 -37.69
519 27.3 -7.86
520 34.32 -20.47
521 4.67 -27.05
522 12.57 -7.23
523 10.28 -37.64
524 31.23 -4.28
525 11.8 -9.78
526 20.79 -12.86
527 39.63 -6.4
528 21.98 -30.95
529 9.94 -35.94
530 5.44 -21.26
531 13.93 -20.58
532 6.92 -23.59
533 17.28 -43.38
534 30.77 -13.18
535 13.17 -24.1
536 30.67 -0.61
537 7.84 -41.37
538 35.01 -22.77
539 6.57 -41.64
540 7.42 -22.24
541 14.62 -18.37
542 24.78 -28.21
543 15.17 -33.78
544 25.72 -26.28
545 3.54 -25.11
546 25.21 -10.68
547 13.79 -41
548 19.9 -32.13
549 24.84 -31.07
550 34.69 -6.67
551 30.81 -17.53
552 14.9 -21.37
553 0.14 -18.17
554 15.82 -29.43
555 7.67 -6.71
556 4.61 -23.24
557 7.46 -1.82
558 15.12 -8.91
559 35.19 -2.15
560 6.78 -40.84
561 31.05 -18.25
562 38.77 -11.52
563 23.17 -0.84
564 11.44 -14.68
565 0.87 -27.53
566 1.07 -2.13
567 23.5 -31.68
568 29.38 -15.97
569 1.41 -3.16
570 9.88 -1.2
571 24.44 -32.6
572 13.94 -38.01
573 2.92 -11.42
574 37.09 -29.06
575 5.43 -38.11
576 12.36 -43.88
577 34.92 -36.48
578 16.84 -30.66
579 1.34 -14.09
580 21.15 -28.28
581 30.42 -25.73
582 36.94 -22.22
583 17.71 -33.44
584 36.61 -22.32
585 23.52 -42.64
586 10.77 -26.01
587 20.02 -27.48
588 18.43 -24.71
589 9.78 -22.94
590 40.57 -11.52
591 34.92 -38.73
592 10.73 -32.45
593 19.11 -25.84
594 19.46 -27.57
595 35.38 -43.97
596 25.71 -40.61
597 42.35 -1.32
598 14.28 -42.17
599 20.49 -39.58
600 38.23 -6.89
601 12.42 -23.53
602 7.01 -5
603 29.71 -11.96
604 14.42 -4.96
605 16.49 -19.01
606 37.26 -10.99
607 22.97 -30.93
608 36.3 -3.99
609 11.09 -42.08
610 21.58 -11.76
611 31.89 -2.47
612 3.79 -3.29
613 1.46 -9.76
614 5.34 -18.07
615 4.49 -1.47
616 25 -43.57
617 4.57 -40.43
618 8.4 -11.53
619 16.5 -13.81
620 12.34 -2.34
621 36.86 -32.99
622 43.44 -5.61
623 9.6 -15.83
624 37.43 -35.74
625 27.02 -0.21
626 2.68 -15.01
627 41.82 -14.91
628 4.19 -29.99
629 27.59 -22.8
630 24.27 -9.54
631 9.11 -11.6
632 8.03 -28.79
633 40.33 -37.21
634 30.54 -39.95
635 21.82 -12.83
636 25.34 -42.88
637 28.01 -14.68
638 10.03 -24.78
639 40.05 -17.14
640 17.35 -26.98
641 42 -23.07
642 17.51 -20.04
643 29.55 -19.34
644 21.67 -21.7
645 31.24 -13.14
646 4.26 -1.94
647 10.26 -19.88
648 36.61 -12.3
649 31.77 -6.59
650 42.94 -2.67
651 1.55 -9.59
652 3.79 -24.28
653 28.58 -9.09
654 26.23 -13.82
655 40.81 -4.15
656 27.23 -43.58
657 43.14 -18.33
658 17.19 -0.74
659 22.44 -28.7
660 21.36 -38.86
661 20.33 -33.21
662 9.09 -25.63
663 17.45 -30.59
664 37.18 -25.22
665 27.89 -5.22
666 38.34 -15.64
667 19.44 -29.44
668 18.05 -42.13
669 35.48 -4.02
670 31.7 -0.28
671 43.87 -11.81
672 9.66 -14.93
673 39.19 -22.53
674 7.23 -26.85
675 1.24 -17.63
676 30.36 -8.12
677 33.75 -21.57
678 31.68 -39.45
679 20.67 -7.2
680 35.94 -24.86
681 20.02 -4.56
682 13.53 -9.8
683 31.46 -39.46
684 43.48 -31.58
685 11.39 -2.46
686 14.27 -10.7
687 25.63 -34.78
688 13.31 -23.93
689 30.3 -20.82
690 17.98 -0.07
691 8.19 -31.54
692 32.63 -4.34
693 23.32 -21.46
694 8.18 -20.31
695 24.69 -23.51
696 28.08 -23.64
697 33.45 -0.71
698 40.17 -21.13
699 32.23 -0.43
700 2.89 -19.18
701 29.88 -43.62
702 13.92 -17.16
703 20.61 -35.04
704 35.38 -27.24
705 27.31 -30.43
706 41.5 -9.36
707 37.23 -15.02
708 36.48 -30.13
709 29.97 -16.55
710 19.58 -0.66
711 3.82 -34.18
712 14.42 -27.18
713 4.31 -37.27
714 37.7 -34.11
715 32.81 -16.07
716 15.69 -40.59
717 37.27 -18.7
718 33.26 -29.62
719 36.38 -13.88
720 23.84 -24.64
721 13.53 -43.21
722 14.23 -21.34
723 7.47 -30.28
724 26.35 -30.23
725 10.41 -16.96
726 7.15 -1.93
727 29.12 -14.23
728 7.51 -21.57
729 11.68 -12.95
730 29.02 -24.73
731 0.85 -0.5
732 42.72 -24.24
733 9.86 -17.64
734 11.05 -11.5
735 15.66 -25.76
736 24.97 -34.89
737 12.23 -29.19
738 38.99 -39.2
739 4.95 -19.7
740 16.19 -21.34
741 23.28 -15.36
742 29.59 -23.34
743 24.43 -31.92
744 0.87 -16.62
745 41.36 -15.63
746 39.65 -29.9
747 10.14 -21.73
748 39.37 -17.89
749 29.39 -43.52
750 25.28 -6.42
751 41.31 -24.58
752 9.77 -6.25
753 24.97 -9.54
754 8.77 -28.29
755 5.63 -29.92
756 1.28 -4.48
757 7.34 -8.43
758 40.35 -10.39
759 27.02 -31.77
760 26.92 -41.23
761 27.13 -3.9
762 25.63 -2.1
763 19.99 -16.79
764 16.31 -0.52
765 30.47 -28.91
766 9.49 -21.11
767 27.36 -27.78
768 16.85 -42.78
769 27.07 -31.85
770 41.29 -5.14
771 33.14 -32.71
772 20.66 -22.09
773 32.48 -40.48
774 7.77 -17.02
775 37.77 -39.02
776 42.92 -34.69
777 36.79 -0.42
778 17.21 -4.07
779 4.6 -36.31
780 0.74 -33.52
781 10.63 -14.59
782 42.37 -10.23
783 32.53 -17.51
784 28.88 -38.74
785 23.4 -39.13
786 7.36 -26.17
787 27.78 -12.54
788 9.02 -28.02
789 1.04 -16.26
790 34.81 -16.79
791 31.01 -38.81
792 39.23 -33.73
793 17.33 -3.32
794 39.63 -35.96
795 25.48 -1.45
796 16.04 -40.37
797 30.12 -15.63
798 12.66 -37.93
799 32.68 -42.18
800 37.31 -21.06
801 3.23 -35.6
802 4.15 -0.67
803 28.69 -10.53
804 6.32 -36.69
805 33.01 -9.26
806 4.07 -41.13
807 10.38 -20.02
808 23.34 -22.83
809 14.79 -27.71
810 29.16 -42.5
811 18.39 -19.8
812 14.95 -1.2
813 39.14 -28.04
814 26.22 -7.14
815 28.2 -7.34
816 22.46 -19.53
817 43.72 -10.96
818 21.49 -26.61
819 42.83 -28.41
820 37.67 -27.81
821 24.94 -31.84
822 7.86 -21.27
823 23.62 -35.33
824 19.04 -10.72
825 9.22 -17.93
826 37.73 -27.73
827 8.45 -7.14
828 35.18 -32.21
829 39.35 -27.11
830 34.45 -17.4
831 16.45 -23.55
832 34.51 -12.92
833 19.05 -16.17
834 24.1 -12.01
835 19.34 -17.88
836 29.24 -41.3
837 18.57 -0.29
838 15.14 -37.1
839 27.35 -21.71
840 39.64 -13.7
841 41.43 -16.09
842 23.23 -33.38
843 1.11 -5.89
844 33 -37.93
845 34.85 -40.46
846 43.53 -2.98
847 39.42 -7.3
848 2.99 -34.05
849 25.58 -37.99
850 35.4 -27.1
851 24.4 -0.92
852 24.73 -20.64
853 37.27 -22.49
854 0.2 -39.87
855 33.1 -0.14
856 16.23 -39.84
857 8.74 -30.53
858 15.94 -18.99
859 12.92 -9.85
860 29.83 -28.47
861 10.97 -3.78
862 34.6 -29.37
863 42.94 -29.91
864 23.9 -17.12
865 23.74 -4.04
866 28.48 -38.82
867 15.47 -27.66
868 29.67 -32.74
869 8.13 -32.26
870 -32.4 -29.87
871 -5.23 -41.23
872 -27.77 -28.15
873 -3.14 -37.5
874 -26.87 -23.23
875 -7.7 -16.07
876 -43.37 -12.71
877 -21.6 -18.67
878 -4.58 -13.49
879 -30.61 -0.06
880 -4.1 -8.01
881 -2.83 -33.87
882 -17.53 -12.1
883 -0.84 -18.3
884 -30.08 -3.2
885 -12.59 -8.98
886 -6.21 -18.48
887 -2.64 -17.83
888 -34.85 -13.5
889 -36.74 -29.3
890 -24.89 -17.72
891 -9.95 -0.44
892 -42.64 -24.26
893 -17.28 -11.07
894 -11.13 -26.74
895 -34.75 -27.41
896 -17.29 -38.75
897 -30.38 -37.59
898 -35.41 -34.82
899 -17.55 -31.22
900 -19.72 -21.5
901 -19.5 -30.14
902 -27.49 -25.94
903 -18.96 -1.66
904 -30.97 -18.34
905 -15.59 -11.7
906 -35.67 -35.38
907 -15.65 -25.54
908 -36.62 -34.31
909 -17.05 -12.45
910 -39.86 -27.27
911 -1.55 -7.81
912 -24.92 -13.15
913 -27.5 -31.93
914 -19.15 -39.85
915 -40.87 -1.05
916 -10.71 -38.88
917 -0.34 -16.38
918 -41.56 -38.21
919 -12.55 -19.3
920 -10.53 -8.05
921 -43.44 -28.14
922 -33.21 -2.2
923 -16.03 -38.61
924 -7.06 -5.35
925 -12.14 -33.08
926 -20.41 -26.44
927 -39.6 -13.69
928 -1.62 -24.85
929 -20.71 -2.62
930 -27.19 -0.3
931 -18.7 -17.58
932 -13.48 -37.9
933 -32.11 -19.04
934 -17.86 -11.05
935 -19.1 -24.19
936 -31.85 -28.39
937 -10.11 -42.06
938 -36.67 -0.58
939 -5.93 -26.14
940 -15.23 -43.73
941 -26.18 -18.08
942 -11.29 -15.16
943 -40.02 -1.3
944 -27.44 -36.44
945 -36.74 -40.25
946 -13.83 -10.63
947 -4.53 -11.44
948 -10 -27.32
949 -38.37 -16.17
950 -40.36 -7.38
951 -15.3 -36.99
952 -35.06 -7.73
953 -8.32 -25.41
954 -7.56 -7.25
955 -6.99 -37.77
956 -35.37 -2.31
957 -40.99 -12.69
958 -37.51 -2.67
959 -39.11 -37.01
960 -12.78 -20.95
961 -11.1 -11.37
962 -2.33 -26.62
963 -9.94 -15.63
964 -11.32 -12.33
965 -43.23 -27.83
966 -0.34 -31.2
967 -38.94 -14.53
968 -19.47 -14.92
969 -22.18 -3.26
970 -20.55 -27.03
971 -8.86 -8.69
972 -0.9 -11.93
973 -14.6 -5.85
974 -22.39 -38.41
975 -38.88 -33.23
976 -0.6 -35.17
977 -41.31 -5.98
978 -1.13 -2.93
979 -38.78 -30.77
980 -38.12 -12.46
981 -43.66 -17.53
982 -32.07 -38.47
983 -32.91 -18.12
984 -0.9 -7.54
985 -14.09 -11.09
986 -19.78 -21.46
987 -33.39 -2.47
988 -31.84 -20.68
989 -38.61 -27.51
990 -16.74 -10.23
991 -24.93 -33.49
992 -18.99 -40.86
993 -23.31 -22.24
994 -32.54 -20.13
995 -12.11 -41.61
996 -15.14 -26.66
997 -21.13 -35.29
998 -9.42 -26.73
999 -13.79 -10.05
1000 -0.66 -10.32
1001 -11.3 -7.4
1002 -9.87 -43.97
1003 -0.17 -0.69
1004 -28.2 -41.72
1005 -31.47 -38.79
1006 -7.8 -24.46
1007 -21.32 -35.92
1008 -37.69 -26.8
1009 -26.45 -24.15
1010 -21.76 -26.23
1011 -8.89 -38.56
1012 -9.37 -36.91
1013 -43.16 -9.55
1014 -43.12 -42.31
1015 -32.16 -12.96
1016 -20.36 -43.78
1017 -23.27 -43.46
1018 -0.16 -30.24
1019 -7.48 -23.45
1020 -41.76 -7.88
1021 -11.87 -18.47
1022 -10.4 -5.56
1023 -11.88 -33.19
1024 -36.87 -27.61
1025 -9.84 -38.33
1026 -12.41 -14.63
1027 -31.06 -42.25
1028 -7.8 -1.31
1029 -43.62 -30.23
1030 -22.71 -30.44
1031 -9.75 -31.78
1032 -31.25 -43.07
1033 -8.83 -33.02
1034 -12.47 -10.93
1035 -42.33 -16.31
1036 -34.79 -33.75
1037 -39.32 -10.2
1038 -22.92 -24.71
1039 -8.32 -7.2
1040 -25.06 -15.79
1041 -9.94 -41.68
1042 -39.93 -37.47
1043 -38.78 -20.53
1044 -30.28 -27.26
1045 -13.7 -17.93
1046 -5.71 -8.99
1047 -8.06 -23.45
1048 -36 -16.48
1049 -6.93 -16.9
1050 -12.73 -27.99
1051 -17.75 -5.27
1052 -15.47 -27.04
1053 -31.27 -13.07
1054 -43.79 -38.39
1055 -33.7 -39.59
1056 -16.79 -24.85
1057 -41.85 -23.17
1058 -43.7 -36.25
1059 -19.51 -16.15
1060 -34.08 -29.98
1061 -38.97 -12.73
1062 -15.71 -19.32
1063 -35.8 -26.55
1064 -22.97 -7.71
1065 -35.7 -42.74
1066 -4.01 -35.71
1067 -18.75 -9.45
1068 -2.04 -43
1069 -16.92 -29.55
1070 -25.14 -1.84
1071 -6.21 -30.14
1072 -9.31 -21.46
1073 -13.71 -4.06
1074 -43.74 -9.01
1075 -38.99 -12.74
1076 -25.47 -33.82
1077 -32.66 -13.48
1078 -40.04 -41.18
1079 -28.41 -24.47
1080 -2.73 -19.01
1081 -34.24 -20.12
1082 -9.09 -30.26
1083 -8.78 -32.52
1084 -18.07 -11.14
1085 -36.5 -25.7
1086 -11.85 -22.73
1087 -0.19 -42.71
1088 -26.3 -21.16
1089 -9.7 -37.42
1090 -6.16 -26.04
1091 -39.38 -4.69
1092 -41.7 -31.64
1093 -8.34 -28.05
1094 -32.04 -37.74
1095 -36.27 -36.76
1096 -36.4 -14.29
1097 -0.55 -26.52
1098 -15.04 -1.49
1099 -36.15 -9.33
1100 -14.56 -12.63
1101 -35.36 -28.65
1102 -6.89 -5.93
1103 -27.09 -15.08
1104 -8.5 -33.19
1105 -38.75 -36.79
1106 -21.01 -14.67
1107 -25.83 -34.13
1108 -41.7 -18.71
1109 -35.97 -34.17
1110 -6.45 -29.74
1111 -0.03 -7.76
1112 -13.8 -22.37
1113 -3.39 -24.1
1114 -12.96 -8.36
1115 -20.99 -39.54
1116 -3.72 -7.04
1117 -12.97 -12.36
1118 -27.44 -10.61
1119 -23.32 -19.58
1120 -12.38 -35.94
1121 -30.13 -18.07
1122 -31.72 -12.91
1123 -11.14 -11.96
1124 -25.66 -29.43
1125 -38.69 -26.63
1126 -34.39 -32.11
1127 -10.49 -18.25
1128 -42.35 -27.72
1129 -36.08 -13.88
1130 -32.94 -34.83
1131 -41.87 -13.08
1132 -4.96 -36.66
1133 -26.79 -10.84
1134 -30.43 -11.92
1135 -27.38 -29.63
1136 -27.22 -22.33
1137 -14.76 -13.52
1138 -25.48 -14.95
1139 -0.38 -5.42
1140 -32.05 -7.14
1141 -18.78 -39.07
1142 -13.32 -1.96
1143 -29.68 -8.79
1144 -22.67 -35.2
1145 -5.55 -21.77
1146 -14.37 -11.61
1147 -27.8 -3.43
1148 -37.79 -19.33
1149 -10.77 -34.11
1150 -19.75 -3.74
1151 -5.59 -38.15
1152 -7.67 -26.49
1153 -41.44 -20.35
1154 -25.77 -12.68
1155 -43.34 -41.82
1156 -16.42 -37.34
1157 -39.31 -18.12
1158 -26.91 -9.26
1159 -0.46 -4.51
1160 -26.28 -29.1
1161 -20.24 -29.54
1162 -32.97 -20.17
1163 -19.02 -27.56
1164 -41.19 -6.28
1165 -33.55 -29.79
1166 -3.47 -40.46
1167 -22.96 -39.14
1168 -15.5 -34.66
1169 -3.34 -20.4
1170 -41.75 -20.79
1171 -14.14 -26.21
1172 -23.85 -14.17
1173 -23.43 -32.97
1174 -37.48 -30.29
1175 -15.39 -3.42
1176 -32.96 -43.29
1177 -19.46 -15.15
1178 -42.71 -1.45
1179 -31.25 -18.01
1180 -3.8 -39.91
1181 -36.37 -20.8
1182 -15.95 -30.79
1183 -21.46 -38.85
1184 -15.26 -10.97
1185 -11.28 -24.8
1186 -30.53 -13.01
1187 -27.18 -25.42
1188 -14.39 -10.39
1189 -40.68 -30.13
1190 -13.07 -31.4
1191 -30.69 -35.59
1192 -6.75 -25.55
1193 -6.52 -29.67
1194 -3.68 -28.98
1195 -4.41 -37.78
1196 -14.58 -31.01
1197 -17.8 -20.31
1198 -15.16 -10.05
1199 -0.54 -39.26
1200 -43.59 -9.94
1201 -22.95 -11.83
1202 -37.25 -30.12
1203 -20.03 -29.65
1204 -15.79 -31.17
1205 -18.57 -16.71
1206 -31.83 -8.38
1207 -33.94 -28.78
1208 -14.45 -18.1
1209 -3.08 -40.46
1210 -13.76 -41.66
1211 -8.19 -31.02
1212 -30.85 -28.35
1213 -17.92 -5.51
1214 -0.78 -25.53
1215 -35.48 -18.47
1216 -30.3 -23.89
1217 -33.53 -14.43
1218 -0.09 -3.07
1219 -13.76 -33.09
1220 -5.8 -39.4
1221 -3.78 -11.85
1222 -40.63 -17.15
1223 -35.25 -37.72
1224 -13.71 -34.61
1225 -11.79 -17.86
1226 -4.88 -27.47
1227 -35.34 -19.98
1228 -25.49 -15.25
1229 -40.78 -32.79
1230 -7.26 -5.79
1231 -9.2 -32.26
1232 -26.22 -17.08
1233 -43.67 -22.26
1234 -11.35 -26.31
1235 -1.23 -13.44
1236 -25.29 -40.67
1237 -13.83 -5.01
1238 -22.26 -1.45
1239 -15.58 -5.08
1240 -22.94 -15.49
1241 -22.48 -27.37
1242 -3.35 -7.34
1243 -2.11 -13.83
1244 -2.62 -8.36
1245 -14.16 -42.9
1246 -10.68 -33.4
1247 -30 -2.88
1248 -25.14 -36.9
1249 -42.73 -29.67
1250 -22.63 -36.49
1251 -33.17 -43.96
1252 -28.5 -27.45
1253 -28.9 -26.52
1254 -31.6 -30.28
1255 -25.29 -0.48
1256 -27.85 -34.07
1257 -20.93 -3.77
1258 -41.12 -10.72
1259 -19.08 -23.05
1260 -1.47 -43.74
1261 -12.66 -12.76
1262 -15.65 -12.15
1263 -5.06 -22.18
1264 -7.86 -20.31
1265 -12.81 -27.31
1266 -6.8 -10.01
1267 -37.46 -25.5
1268 -8.02 -14.82
1269 -24.62 -22.36
1270 -2.36 -19.14
1271 -32.73 -5.91
1272 -9.68 -9.73
1273 -20.45 -9.67
1274 -12.24 -6.81
1275 -30.07 -19.06
1276 -11.34 -13.71
1277 -25.86 -22.26
1278 -0.44 -6.51
1279 -26.83 -10.44
1280 -17.28 -31.82
1281 -41.84 -39.64
1282 -0.66 -24.08
1283 -38.9 -35.3
1284 -37.19 -8.68
1285 -7.34 -19.52
1286 -4.95 -19.07
1287 -28.81 -40.08
1288 -29.27 -38.15
1289 -24.48 -28.78
1290 -27.36 -41.51
1291 -34.74 -34.08
1292 -12.34 -38.71
1293 -1.22 -40.12
1294 -30.09 -36.3
1295 -24.13 -28.05
1296 -3.21 -3.37
1297 -27.45 -1.49
1298 -16.31 -3.87
1299 -36.07 -1.87
1300 -0.91 -33.02
1301 -8.1 -43.42
1302 -39.5 -5.86
1303 -23.53 -36.91
1304 -1.21 -4.29
1305 -1.8 4.02
1306 -38.1 28.58
1307 -23.29 16.06
1308 -12.18 6.44
1309 -22.26 4.03
1310 -11.61 42.27
1311 -1.64 2.39
1312 -27.4 38.34
1313 -42.22 8.61
1314 -34 43.72
1315 -32.74 13.81
1316 -13.23 34.91
1317 -20.29 20.36
1318 -13.27 32.25
1319 -36.54 23.35
1320 -27.37 38.01
1321 -22.59 17.86
1322 -33.92 21.47
1323 -7.43 25.4
1324 -29.43 2.11
1325 -0.38 9.21
1326 -35.13 20.56
1327 -14.91 25.55
1328 -13.68 18.53
1329 -41.77 36.65
1330 -6.46 3.69
1331 -18.12 30.52
1332 -30.4 43.22
1333 -31.47 17.94
1334 -41.29 43.68
1335 -17.21 3.54
1336 -21.4 24.66
1337 -25.65 39.8
1338 -21.2 11.33
1339 -36.96 12.6
1340 -21.81 30.15
1341 -6.72 16.86
1342 -42.41 12.94
1343 -31.48 1.15
1344 -37.8 12.1
1345 -39.31 8.77
1346 -39.29 23.78
1347 -23 13.43
1348 -31.37 25.7
1349 -4.9 10.48
1350 -37.54 8.18
1351 -12.36 22.11
1352 -41.43 14.94
1353 -5.79 17.53
1354 -30.13 42.15
1355 -28.3 22.27
1356 -39.14 31.47
1357 -0.41 14.54
1358 -39.21 17.07
1359 -8.69 11.41
1360 -20.19 33.01
1361 -12.8 27.52
1362 -40.96 39
1363 -0.22 15.32
1364 -25.8 7.85
1365 -39.56 28.64
1366 -30.27 42.86
1367 -13.81 7.92
1368 -25.46 27.7
1369 -5.37 43.12
1370 -21.4 35.11
1371 -22.58 33.68
1372 -27.74 40.06
1373 -36.65 2.52
1374 -13.93 22.96
1375 -35.49 24.87
1376 -8.39 13.64
1377 -32.17 27.81
1378 -43.14 5.35
1379 -36.73 32.39
1380 -40.56 4.46
1381 -3.33 32.29
1382 -19.73 26.83
1383 -34.06 40.66
1384 -39.78 24.71
1385 -15.83 39.43
1386 -8.63 40.7
1387 -16.28 17.93
1388 -20.45 15.9
1389 -18.38 8.94
1390 -33.81 13.91
1391 -27.55 9.87
1392 -17.21 42.2
1393 -27.08 15.72
1394 -27.64 16.35
1395 -20.81 43.33
1396 -11.14 24.2
1397 -7.03 3.66
1398 -0.32 10.39
1399 -35.11 20.61
1400 -16.05 19.63
1401 -39.85 30.46
1402 -4.39 24.68
1403 -40.58 12.14
1404 -0.6 24.85
1405 -38.76 14.96
1406 -4.36 13.93
1407 -35.65 1.83
1408 -41.08 21.57
1409 -17.44 18.73
1410 -41.58 24.72
1411 -28.44 38.25
1412 -21.44 32.24
1413 -42.64 14.99
1414 -35.61 1.28
1415 -20.91 33.75
1416 -20.21 7.66
1417 -11.86 40.29
1418 -8.43 24.6
1419 -28.97 8.45
1420 -2.93 32.55
1421 -2.48 3.25
1422 -28.61 7.29
1423 -8.38 38.13
1424 -36.39 25.69
1425 -29.93 25.82
1426 -43.6 33.97
1427 -22.22 37.89
1428 -8.88 21.04
1429 -1.84 0.38
1430 -34.13 0.49
1431 -8.15 2.28
1432 -42.57 33.86
1433 -37.98 43.54
1434 -7.99 30.52
1435 -19.07 22.96
1436 -5.73 34.44
1437 -21.26 1.07
1438 -39.2 34.34
1439 -39.55 29.64
1440 -34.99 31.59
1441 -1.09 25.48
1442 -19.37 34.59
1443 -35.15 2.83
1444 -3.21 7.78
1445 -8.27 36.99
1446 -39.27 16.86
1447 -6.72 39.95
1448 -39.49 17.36
1449 -3.88 0.7
1450 -3.18 27
1451 -17.44 2.47
1452 -3.54 8.92
1453 -22.78 18.22
1454 -27.39 42.75
1455 -9.86 18.34
1456 -23.34 18.38
1457 -8.97 10.95
1458 -37.3 22.24
1459 -30.02 23.64
1460 -16.63 40.51
1461 -36.89 38.29
1462 -13.76 35.43
1463 -8.79 43.61
1464 -23.84 9.25
1465 -15.77 36.2
1466 -38.67 27.02
1467 -15.46 12.74
1468 -30.96 42.22
1469 -20.49 38.25
1470 -12.59 14.35
1471 -32.73 30.35
1472 -20.83 35.93
1473 -14.17 21.22
1474 -0.86 14.13
1475 -34.17 23.71
1476 -41.53 41.02
1477 -32.45 27.06
1478 -6.2 11.29
1479 -0.07 41.24
1480 -12.96 30.04
1481 -36.58 15.84
1482 -28.58 7.64
1483 -29.38 8.05
1484 -25.82 39.07
1485 -9.42 29.39
1486 -15.74 38.41
1487 -9.86 21.68
1488 -42.9 16.09
1489 -9.75 3.56
1490 -27.27 23.29
1491 -20.31 23.44
1492 -30.02 24.8
1493 -36.1 8.76
1494 -29.52 36.22
1495 -1.78 15.69
1496 -31.53 22.01
1497 -29.65 17.89
1498 -25.94 39.64
1499 -14.23 38.55
1500 -23.94 31.28
1501 -25.69 3.17
1502 -24.85 19.2
1503 -35.3 15.07
1504 -18.63 3.28
1505 -26.57 24.57
1506 -4.01 1.91
1507 -26.71 26.4
1508 -14.68 13.55
1509 -5.78 42.33
1510 -14.02 23.72
1511 -1.73 31.08
1512 -4.97 25.08
1513 -0.24 31.38
1514 -25.93 10.43
1515 -41.71 14.47
1516 -17.64 29.39
1517 -4.6 2.92
1518 -18 22.02
1519 -25.3 39.9
1520 -43.99 36.63
1521 -18.06 31.39
1522 -37.31 27.52
1523 -41.07 24.3
1524 -22.63 7.99
1525 -11.23 26.37
1526 -13.46 16.18
1527 -41.26 12.97
1528 -23.87 41.95
1529 -31.91 21.02
1530 -35.49 29.33
1531 -14.72 29.62
1532 -12.07 32.65
1533 -34.19 19.32
1534 -38.74 9.59
1535 -2.22 39.01
1536 -5.92 38.73
1537 -22.25 43.81
1538 -24.11 43.23
1539 -30.74 19.33
1540 -1.7 2.74
1541 -42.44 41.98
1542 -34.47 38.68
1543 -36.64 39.7
1544 -40.24 14.34
1545 -23.19 4.07
1546 -33.69 11.25
1547 -43.91 17.44
1548 -36.76 25.28
1549 -34.87 34.1
1550 -8.64 11.03
1551 -29.28 16.62
1552 -16.43 14.56
1553 -13.8 7.54
1554 -6.39 40.54
1555 -22.8 24.06
1556 -22.04 31.61
1557 -5.82 21.25
1558 -40.47 36.03
1559 -29.9 21.98
1560 -26.05 36.72
1561 -3.97 9.09
1562 -26.53 15.74
1563 -20.55 27.4
1564 -41.03 42.82
1565 -33.37 11.42
1566 -28.04 5.67
1567 -20.23 18.65
1568 -26.19 0.47
1569 -20.53 13.55
1570 -37.62 12.1
1571 -43.72 43.34
1572 -0.11 15.66
1573 -31.22 29.06
1574 -7.04 40.58
1575 -12.82 17.12
1576 -26.21 33.09
1577 -28.35 40.32
1578 -3.24 32.27
1579 -10.61 4.9
1580 -16.33 0.27
1581 -29.46 43.98
1582 -18.63 0.37
1583 -24.37 5.7
1584 -42.77 24.35
1585 -15.97 0.9
1586 -23.76 36.39
1587 -31.58 39.21
1588 -24.27 23.87
1589 -43.98 18.8
1590 -35.92 31.31
1591 -20.4 12.8
1592 -32.64 41.65
1593 -29.92 4.76
1594 -9.66 35.89
1595 -36.16 20.05
1596 -20.03 5.51
1597 -5.89 21.63
1598 -6.85 18.19
1599 -22.06 9.78
1600 -10.68 5.62
1601 -21.54 38.03
1602 -33.25 34.45
1603 -37.84 9.12
1604 -7.44 13.52
1605 -0.84 37.82
1606 -6.63 43.36
1607 -41.01 0.76
1608 -5.52 39.27
1609 -31.16 6.46
1610 -6.03 38.71
1611 -0.22 2.85
1612 -4 5.59
1613 -23.78 6.11
1614 -39.41 34.37
1615 -19.51 25.36
1616 -19.39 6.1
1617 -20.07 41.05
1618 -29.69 32.16
1619 -1.69 13.91
1620 -31.26 37.13
1621 -16.01 26.05
1622 -26.81 37.89
1623 -12.68 13.03
1624 -43.01 11.86
1625 -6.57 23.37
1626 -5.74 28.56
1627 -34.15 6.79
1628 -36.43 33.26
1629 -23.63 13.93
1630 -39.29 31.84
1631 -17.46 43.14
1632 -19.72 38.21
1633 -26.37 17.05
1634 -30.97 5.41
1635 -22.07 7.58
1636 -33.63 18.23
1637 -35.64 38.08
1638 -30.63 39.97
1639 -7.83 27.84
1640 -30.73 9.16
1641 -37.73 14.4
1642 -0.71 36.47
1643 -25.73 27.88
1644 -21.34 37.14
1645 -4.51 28.88
1646 -7.55 40.15
1647 -34.36 21.97
1648 -39.03 6.79
1649 -35.72 40.26
1650 -3.84 5.52
1651 -3.27 13.79
1652 -7.88 17
1653 -36.49 18.43
1654 -2.27 18.03
1655 -27.2 0.32
1656 -38.24 12.53
1657 -28.52 20.93
1658 -28.33 38.95
1659 -11.62 33.78
1660 -18.66 5.67
1661 -25.35 39.65
1662 -41.14 5.73
1663 -12.52 15.71
1664 -35.49 15.69
1665 -21.21 4.25
1666 -18.04 18.86
1667 -35.86 4
1668 -22.43 5.44
1669 -3 28.35
1670 -8.19 4.23
1671 -40.28 30.2
1672 -30.65 2.43
1673 -20.9 24.8
1674 -14.58 14.98
1675 -0.18 12.04
1676 -7.69 12.77
1677 -18.5 25.53
1678 -20.76 28.36
1679 -0.05 31.03
1680 -35.28 12.26
1681 -10.64 0.79
1682 -4.79 32.84
1683 -17.81 2.5
1684 -10.37 6.75
1685 -34.5 20.81
1686 -30.53 42.08
1687 -24.03 30.78
1688 -35.1 17.18
1689 -11.68 24.45
1690 -36.5 5.69
1691 -18.46 11.86
1692 -16.91 23.71
1693 -8.07 16.48
1694 -3.51 37.68
1695 -29.46 8.13
1696 -8.92 18.31
1697 -30.68 40.1
1698 -22.12 37.23
1699 -23.5 28.01
1700 -4.82 12.01
1701 -10.09 14
1702 -24.3 35.35
1703 -32.05 34.12
1704 -14.57 15.41
1705 -0.62 43.73
1706 -35.12 30.59
1707 -10.31 42.6
1708 -15.08 8.03
1709 -25.23 41.9
1710 -6.03 42.12
1711 -39.95 10.69
1712 -6.79 38.47
1713 -11.23 6.15
1714 -34.16 8.43
1715 -20.44 34.73
1716 -4.74 18.5
1717 -33.37 30.53
1718 -0.17 8.56
1719 -23.97 21.42
1720 -0.68 38.27
1721 -24.86 4.11
1722 -2.71 35.8
1723 -23.35 14.69
1724 -12.6 41.32
1725 -18.96 4.59
1726 -38.8 42.15
1727 -16.15 14.91
1728 -0.59 25.12
1729 -33.55 27.38
1730 -18.11 34.75
1731 -9.26 10
1732 -20.05 2.37
1733 -10.94 22.15
1734 -43.58 20.23
1735 -38.02 14.43
1736 -18.55 23.78
1737 -39.1 18.88
1738 -13.1 0.78
1739 -21.62 18.45
1740 58.9677 -30.0777
1741 64.9677 -44.9477
1742 58.9677 -42.4777
1743 58.9677 -42.5477
1744 63.9677 -43.0877
1745 47.9677 -26.4077
1746 59.9677 -30.5377
1747 55.9677 -28.1477
1748 51.9677 -43.5977
1749 64.9677 -44.6377
1750 63.9677 -37.7477
1751 50.9677 -39.1777
1752 64.9677 -41.2677
1753 56.9677 -42.6777
1754 53.9677 -40.3377
1755 50.9677 -41.5377
1756 52.9677 -34.2177
1757 55.9677 -37.3977
1758 55.9677 -41.8677
1759 56.9677 -32.6477
1760 54.9677 -38.8677
1761 60.9677 -39.2777
1762 61.9677 -33.4177
1763 45.9677 -30.0177
1764 61.9677 -36.0177
1765 56.9677 -31.6177
1766 47.9677 -39.7677
1767 44.9677 -40.9577
1768 56.9677 -33.8877
1769 61.9677 -34.2177
1770 53.9677 -39.7577
1771 64.9677 -41.2077
1772 49.9677 -33.2877
1773 59.9677 -34.2077
1774 57.9677 -36.0677
1775 44.9677 -36.1477
1776 61.9677 -44.9577
1777 46.9677 -33.9177
1778 64.9677 -42.4177
1779 59.9677 -43.9277
1780 44.9677 -30.6477
1781 50.9677 -28.2477
1782 64.9677 -43.3877
1783 46.9677 -42.5377
1784 62.9677 -42.8877
1785 54.9677 -38.0777
1786 63.9677 -39.0777
1787 64.9677 -42.1577
1788 60.9677 -35.9277
1789 59.9677 -43.0777
1790 60.9677 -35.2677
1791 50.9677 -34.5077
1792 51.9677 -40.7477
1793 46.9677 -39.6477
1794 54.9677 -39.9277
1795 44.9677 -34.1677
1796 64.9677 -40.6877
1797 55.9677 -32.5577
1798 54.9677 -37.1977
1799 53.9677 -36.9277
1800 54.9677 -36.9077
1801 53.9677 -44.2577
1802 48.9677 -43.8577
1803 52.9677 -35.4277
1804 60.9677 -38.3477
1805 47.9677 -34.3577
1806 58.9677 -44.3077
1807 44.9677 -33.4077
1808 61.9677 -42.8577
1809 50.9677 -31.3077
1810 61.9677 -41.6877
1811 60.9677 -40.4177
1812 53.9677 -41.4677
1813 59.9677 -34.0277
1814 59.9677 -31.1277
1815 45.9677 -39.2777
1816 63.9677 -43.5277
1817 53.9677 -42.0977
1818 57.9677 -41.0277
1819 64.9677 -44.2177
1820 59.9677 -34.0877
1821 62.9677 -38.5577
1822 55.9677 -39.4877
1823 52.9677 -37.5477
1824 62.9677 -43.0777
1825 56.9677 -37.1877
1826 60.9677 -35.3877
1827 51.9677 -40.1877
1828 51.9677 -43.1477
1829 64.9677 -44.5677
1830 45.9677 -35.7377
1831 48.9677 -24.3977
1832 50.9677 -37.4677
1833 45.9677 -36.1877
1834 51.9677 -35.0777
1835 47.9677 -35.9177
1836 44.9677 -38.0277
1837 53.9677 -31.1377
1838 62.9677 -40.9777
1839 59.9677 -30.4377
1840 50.9677 -35.5877
1841 48.9677 -34.8777
1842 54.9677 -28.8077
1843 48.9677 -33.8777
1844 53.9677 -26.8477
1845 61.9677 -38.3177
1846 45.9677 -42.8577
1847 52.9677 -27.9077
1848 56.9677 -37.2577
1849 45.9677 -31.3477
1850 50.9677 -43.0677
1851 62.9677 -41.0677
1852 48.9677 -31.2777
1853 58.9677 -40.6677
1854 63.9677 -40.4577
1855 54.9677 -32.8877
1856 57.9677 -43.3077
1857 49.9677 -37.5377
1858 46.9677 -30.3977
1859 59.9677 -31.6377
1860 54.9677 -44.9077
1861 63.9677 -37.4077
1862 55.9677 -44.7277
1863 58.9677 -31.1477
1864 56.9677 -38.9877
1865 62.9677 -37.8877
1866 60.9677 -38.8177
1867 45.9677 -37.2077
1868 63.9677 -43.2177
1869 61.9677 -37.4477
1870 64.9677 -43.0377
1871 63.9677 -41.7577
1872 64.9677 -40.1477
1873 54.9677 -29.0277
1874 54.9677 -33.7677
1875 54.9677 -33.8877
1876 60.9677 -34.6777
1877 52.9677 -27.0177
1878 56.9677 -35.1877
1879 51.9677 -25.9577
1880 56.9677 -28.7077
1881 44.9677 -38.7977
1882 64.9677 -43.3377
1883 49.9677 -40.1877
1884 56.9677 -38.9277
1885 55.9677 -29.7977
1886 52.9677 -28.0177
1887 44.9677 -35.8777
1888 55.9677 -28.9077
1889 48.9677 -24.8077
1890 59.9677 -42.6277
1891 62.9677 -36.9177
1892 62.9677 -39.0477
1893 59.9677 -30.2877
1894 46.9677 -44.1377
1895 53.9677 -26.9777
1896 47.9677 -26.6277
1897 44.9677 -30.4577
1898 50.9677 -44.8377
1899 61.9677 -40.6077
1900 49.9677 -38.3177
1901 51.9677 -31.2977
1902 60.9677 -36.0077
1903 62.9677 -39.0677
1904 60.9677 -34.6577
1905 47.9677 -39.6377
1906 55.9677 -27.6177
1907 61.9677 -35.1677
1908 48.9677 -40.0477
1909 59.9677 -38.4677
1910 52.9677 -40.2677
1911 62.9677 -41.1277
1912 55.9677 -39.7977
1913 56.9677 -28.9477
1914 63.9677 -39.2677
1915 58.9677 -41.9677
1916 59.9677 -43.0177
1917 58.9677 -38.4977
1918 50.9677 -28.0177
1919 57.9677 -38.9877
1920 52.9677 -35.0077
1921 54.9677 -27.0177
1922 60.9677 -33.7477
1923 48.9677 -31.3477
1924 57.9677 -42.2177
1925 46.9677 -43.0777
1926 44.9677 -24.8377
1927 54.9677 -29.9477
1928 55.9677 -33.3077
1929 51.9677 -38.3177
1930 51.9677 -24.9877
1931 54.9677 -41.7377
1932 61.9677 -43.1277
1933 51.9677 -35.0777
1934 52.9677 -26.3677
1935 47.9677 -43.3577
1936 59.9677 -35.2677
1937 56.9677 -41.5777
1938 62.9677 -37.1377
1939 49.9677 -32.3777
1940 56.9677 -40.3077
1941 51.9677 -39.8877
1942 47.9677 -42.6977
1943 46.9677 -40.8277
1944 60.9677 -41.2677
1945 46.9677 -32.1577
1946 49.9677 -28.0077
1947 64.9677 -41.8377
1948 53.9677 -29.7077
1949 48.9677 -39.3377
1950 44.9677 -39.0377
1951 54.9677 -41.5077
1952 63.9677 -39.6477
1953 46.9677 -24.8777
1954 57.9677 -36.0577
1955 45.9677 -26.6777
1956 58.9677 -36.2777
1957 59.9677 -39.5677
1958 46.9677 -41.4577
1959 53.9677 -30.5577
1960 45.9677 -33.1177
1961 60.9677 -39.0777
1962 63.9677 -38.6677
1963 50.9677 -42.8377
1964 60.9677 -43.8777
1965 45.9677 -42.4977
1966 58.9677 -34.9277
1967 53.9677 -42.7777
1968 52.9677 -30.6577
1969 47.9677 -41.4177
1970 59.9677 -36.4877
1971 45.9677 -39.6577
1972 53.9677 -32.2277
1973 45.9677 -36.2677
1974 53.9677 -32.7077
1975 49.9677 -42.9777
1976 62.9677 -38.5877
1977 57.9677 -38.5177
1978 58.9677 -32.0077
1979 45.9677 -31.6677
1980 50.9677 -35.0577
1981 46.9677 -44.3677
1982 54.9677 -35.7377
1983 51.9677 -26.1277
1984 63.9677 -38.3777
1985 57.9677 -30.6777
1986 53.9677 -43.1977
1987 62.9677 -39.6677
1988 49.9677 -28.1177
1989 48.9677 -26.1577
1990 48.9677 -30.8077
1991 44.9677 -43.6977
1992 52.9677 -39.2277
1993 60.9677 -42.6877
1994 53.9677 -33.6077
1995 50.9677 -42.6977
1996 59.9677 -44.0977
1997 55.9677 -34.2177
1998 60.9677 -38.7777
1999 63.9677 -43.7877
2000 48.9677 -37.9277
2001 42.9677 -43.5777
2002 40.9677 -44.3677
2003 36.9677 -37.6077
2004 30.9677 -38.7177
2005 24.9677 -44.8777
2006 24.9677 -44.4577
2007 24.9677 -41.4777
2008 38.9677 -27.3577
2009 38.9677 -25.4977
2010 35.9677 -28.6177
2011 39.9677 -36.1577
2012 26.9677 -41.3077
2013 38.9677 -38.1177
2014 34.9677 -42.2877
2015 42.9677 -43.7977
2016 29.9677 -32.9377
2017 42.9677 -38.9177
2018 44.9677 -42.1577
2019 40.9677 -41.8777
2020 26.9677 -42.8477
2021 33.9677 -42.4877
2022 27.9677 -37.3877
2023 43.9677 -26.0477
2024 43.9677 -42.1877
2025 29.9677 -43.2377
2026 29.9677 -38.2777
2027 34.9677 -31.0877
2028 32.9677 -44.8577
2029 43.9677 -29.2277
2030 25.9677 -44.6777
2031 35.9677 -28.4077
2032 37.9677 -40.4577
2033 36.9677 -32.4977
2034 27.9677 -41.4177
2035 26.9677 -38.0677
2036 35.9677 -40.1877
2037 35.9677 -30.1077
2038 29.9677 -35.5677
2039 41.9677 -35.3577
2040 28.9677 -35.7577
2041 41.9677 -25.1277
2042 30.9677 -35.0777
2043 44.9677 -25.1777
2044 36.9677 -43.9477
2045 42.9677 -37.1377
2046 42.9677 -29.9677
2047 26.9677 -35.8177
2048 24.9677 -44.4377
2049 32.9677 -30.0977
2050 32.9677 -35.7377
2051 37.9677 -31.1677
2052 28.9677 -39.7677
2053 42.9677 -25.5477
2054 42.9677 -27.4777
2055 39.9677 -40.1277
2056 43.9677 -40.0677
2057 41.9677 -34.3177
2058 44.9677 -24.9977
2059 24.9677 -43.6577
2060 42.9677 -31.9577
2061 32.9677 -32.1477
2062 36.9677 -33.9077
2063 33.9677 -31.9277
2064 32.9677 -31.3377
2065 25.9677 -42.2577
2066 34.9677 -43.7577
2067 42.9677 -31.0477
2068 26.9677 -38.7477
2069 28.9677 -44.9077
2070 33.9677 -36.0677
2071 31.9677 -33.0377
2072 38.9677 -35.8577
2073 37.9677 -30.8577
2074 25.9677 -38.4177
2075 34.9677 -34.8977
2076 42.9677 -28.3677
2077 42.9677 -44.8677
2078 35.9677 -30.0677
2079 30.9677 -35.6777
2080 31.9677 -39.8677
2081 42.9677 -40.5277
2082 32.9677 -31.4077
2083 35.9677 -31.1977
2084 35.9677 -32.7477
2085 39.9677 -25.9577
2086 24.9677 -43.2277
2087 34.9677 -29.0077
2088 29.9677 -32.9077
2089 37.9677 -34.5177
2090 25.9677 -40.9577
2091 33.9677 -41.7477
2092 27.9677 -42.5177
2093 37.9677 -35.6477
2094 41.9677 -42.4477
2095 40.9677 -35.5677
2096 34.9677 -40.7777
2097 25.9677 -37.9877
2098 36.9677 -26.2477
2099 36.9677 -35.9077
2100 38.9677 -25.3877
2101 31.9677 -37.8577
2102 33.9677 -38.4277
2103 35.9677 -31.2777
2104 29.9677 -40.2977
2105 30.9677 -32.2277
2106 35.9677 -26.7877
2107 34.9677 -31.6177
2108 31.9677 -43.1577
2109 36.9677 -26.4677
2110 29.9677 -38.1177
2111 34.9677 -39.9677
2112 30.9677 -38.6977
2113 41.9677 -25.6477
2114 34.9677 -37.2377
2115 28.9677 -38.9777
2116 41.9677 -29.9977
2117 44.9677 -30.3277
2118 37.9677 -31.2677
2119 28.9677 -35.3277
2120 43.9677 -25.9677
2121 33.9677 -32.8577
2122 32.9677 -38.0977
2123 31.9677 -40.6277
2124 28.9677 -34.7977
2125 27.9677 -33.4277
2126 35.9677 -36.6977
2127 32.9677 -43.3777
2128 35.9677 -29.9277
2129 44.9677 -36.3777
2130 39.9677 -28.1577
2131 30.9677 -29.8877
2132 44.9677 -34.7677
2133 44.9677 -35.6577
2134 24.9677 -40.8677
2135 40.9677 -40.1577
2136 40.9677 -30.1077
2137 38.9677 -41.1677
2138 29.9677 -42.0677
2139 27.9677 -33.0377
2140 29.9677 -42.4577
2141 27.9677 -33.3477
2142 26.9677 -43.9177
2143 42.9677 -24.1177
2144 42.9677 -31.3177
2145 42.9677 -29.5877
2146 29.9677 -37.4277
2147 32.9677 -38.7077
2148 36.9677 -29.7377
2149 24.9677 -43.7877
2150 38.9677 -25.4077
2151 43.9677 -24.4977
2152 27.9677 -38.5377
2153 40.9677 -37.2977
2154 41.9677 -39.5077
2155 26.9677 -36.0477
2156 32.9677 -30.3277
2157 26.9677 -41.6877
2158 44.9677 -25.6777
2159 30.9677 -33.6577
2160 26.9677 -41.3477
2161 40.9677 -34.5577
2162 34.9677 -27.7577
2163 40.9677 -24.0177
2164 39.9677 -32.6877
2165 44.9677 -30.1477
2166 37.9677 -28.3277
2167 24.9677 -44.1777
2168 38.9677 -38.3577
2169 31.9677 -34.5277
2170 42.9677 -37.3277
2171 41.9677 -24.8777
2172 24.9677 -40.5277
2173 43.9677 -25.4677
2174 30.9677 -29.8977
2175 27.9677 -43.7777
2176 34.9677 -29.4077
2177 43.9677 -28.5977
2178 30.9677 -42.6477
2179 30.9677 -39.7177
2180 37.9677 -26.9877
2181 34.9677 -32.4677
2182 30.9677 -29.5577
2183 29.9677 -32.2277
2184 35.9677 -41.1677
2185 39.9677 -44.8277
2186 31.9677 -29.3677
2187 41.9677 -37.7177
2188 40.9677 -36.3177
2189 36.9677 -31.1577
2190 26.9677 -34.3577
2191 40.9677 -39.0377
2192 42.9677 -37.7977
2193 41.9677 -38.5077
2194 35.9677 -44.2877
2195 31.9677 -39.8177
2196 36.9677 -40.6577
2197 39.9677 -28.6377
2198 36.9677 -32.5077
2199 24.9677 -42.1777
2200 41.9677 -26.6577
2201 38.9677 -36.7377
2202 34.9677 -36.7577
2203 40.9677 -37.4977
2204 32.9677 -43.2077
2205 39.9677 -25.3377
2206 33.9677 -43.6477
2207 31.9677 -32.8977
2208 31.9677 -37.0477
2209 37.9677 -25.4477
2210 34.9677 -32.6777
2211 31.9677 -30.6677
2212 44.9677 -37.6477
2213 26.9677 -42.5977
2214 29.9677 -30.2077
2215 41.9677 -40.3977
2216 25.9677 -43.8277
2217 34.9677 -33.4677
2218 25.9677 -39.1577
2219 28.9677 -43.2277
2220 44.9677 -34.6777
2221 26.9677 -34.9777
2222 35.9677 -33.4977
2223 41.9677 -27.3377
2224 43.9677 -30.8177
2225 25.9677 -43.4577
2226 38.9677 -42.6277
2227 40.9677 -24.3477
2228 38.9677 -30.9977
2229 34.9677 -35.9977
2230 30.9677 -41.7677
2231 29.9677 -33.6477
2232 41.9677 -27.0977
2233 28.9677 -39.7577
2234 31.9677 -40.6577
2235 36.9677 -36.1477
2236 33.9677 -31.5877
2237 44.9677 -33.2277
2238 33.9677 -29.5377
2239 26.9677 -43.2077
2240 34.9677 -40.9177
2241 27.9677 -38.8877
2242 41.9677 -32.3677
2243 26.9677 -40.3877
2244 25.9677 -42.2377
2245 37.9677 -40.1377
2246 25.9677 -38.3577
2247 42.9677 -28.1777
2248 44.9677 -33.4677
2249 26.9677 -35.2277
2250 37.9677 -39.9577
2251 43.9677 -41.0277
2252 38.9677 -25.5477
2253 32.9677 -34.2077
2254 43.9677 -31.8677
2255 40.9677 -35.0077
2256 42.9677 -40.1377
2257 42.9677 -35.9077
2258 25.9677 -38.7077
2259 33.9677 -41.9177
2260 41.9677 -33.2577
2261 37.9677 -30.5177
2262 30.9677 -38.3977
2263 64.9677 -49.8277
2264 48.9677 -48.2677
2265 48.9677 -64.3777
2266 64.9677 -49.6477
2267 47.9677 -55.7077
2268 47.9677 -52.0477
2269 62.9677 -52.9277
2270 46.9677 -46.0277
2271 58.9677 -55.2977
2272 64.9677 -49.4577
2273 50.9677 -56.8477
2274 54.9677 -58.5277
2275 55.9677 -49.2377
2276 57.9677 -46.8377
2277 55.9677 -62.0977
2278 50.9677 -46.9877
2279 62.9677 -49.9977
2280 46.9677 -62.5977
2281 62.9677 -50.1177
2282 46.9677 -60.2977
2283 46.9677 -48.3877
2284 57.9677 -53.8777
2285 53.9677 -48.0877
2286 63.9677 -50.3077
2287 62.9677 -47.8677
2288 59.9677 -49.8577
2289 55.9677 -54.5977
2290 44.9677 -60.7277
2291 60.9677 -57.2277
2292 63.9677 -49.1177
2293 59.9677 -54.0377
2294 56.9677 -47.9077
2295 55.9677 -48.9777
2296 53.9677 -45.0477
2297 57.9677 -54.8477
2298 50.9677 -51.5377
2299 59.9677 -50.8277
2300 56.9677 -46.6877
2301 56.9677 -61.9377
2302 48.9677 -61.4477
2303 49.9677 -54.3877
2304 57.9677 -50.6677
2305 64.9677 -45.3177
2306 62.9677 -45.4477
2307 64.9677 -46.5877
2308 62.9677 -52.0077
2309 61.9677 -54.8177
2310 45.9677 -52.8077
2311 47.9677 -57.0377
2312 57.9677 -57.5177
2313 45.9677 -51.8577
2314 51.9677 -50.7477
2315 60.9677 -53.5777
2316 64.9677 -47.2277
2317 51.9677 -51.0677
2318 59.9677 -59.4677
2319 62.9677 -51.6077
2320 51.9677 -47.0677
2321 61.9677 -46.6677
2322 53.9677 -45.6177
2323 61.9677 -47.6977
2324 52.9677 -61.5077
2325 60.9677 -53.6877
2326 63.9677 -52.9377
2327 64.9677 -49.3177
2328 56.9677 -57.2377
2329 52.9677 -46.6077
2330 57.9677 -54.4877
2331 60.9677 -55.0577
2332 53.9677 -56.8477
2333 55.9677 -61.5377
2334 58.9677 -45.7177
2335 53.9677 -47.1077
2336 45.9677 -45.2177
2337 44.9677 -60.3977
2338 44.9677 -64.6577
2339 59.9677 -54.5977
2340 53.9677 -53.7577
2341 58.9677 -59.0977
2342 49.9677 -59.1577
2343 61.9677 -52.7677
2344 54.9677 -60.2177
2345 56.9677 -54.0077
2346 50.9677 -45.7077
2347 56.9677 -61.0477
2348 52.9677 -47.3277
2349 57.9677 -56.5277
2350 51.9677 -50.3577
2351 62.9677 -54.4577
2352 47.9677 -64.0377
2353 61.9677 -45.5477
2354 56.9677 -57.6277
2355 52.9677 -58.4777
2356 61.9677 -49.5777
2357 47.9677 -64.7077
2358 55.9677 -46.1377
2359 59.9677 -49.2377
2360 47.9677 -54.4777
2361 45.9677 -65.1977
2362 56.9677 -47.9777
2363 63.9677 -50.4077
2364 56.9677 -52.9877
2365 62.9677 -53.4977
2366 54.9677 -45.1977
2367 51.9677 -60.0677
2368 53.9677 -48.9677
2369 59.9677 -51.5477
2370 54.9677 -54.3877
2371 61.9677 -52.5977
2372 44.9677 -61.7477
2373 48.9677 -47.8077
2374 63.9677 -51.4077
2375 54.9677 -54.3777
2376 45.9677 -46.9577
2377 50.9677 -64.2177
2378 45.9677 -58.4477
2379 55.9677 -56.8577
2380 57.9677 -58.1977
2381 56.9677 -48.9277
2382 63.9677 -49.9477
2383 59.9677 -52.2577
2384 60.9677 -56.7477
2385 46.9677 -64.1277
2386 52.9677 -49.4577
2387 51.9677 -55.2177
2388 60.9677 -57.6577
2389 61.9677 -51.7077
2390 53.9677 -59.7377
2391 55.9677 -53.0877
2392 59.9677 -49.2777
2393 45.9677 -57.7277
2394 64.9677 -47.5677
2395 52.9677 -54.8277
2396 60.9677 -55.5677
2397 57.9677 -46.7777
2398 56.9677 -53.8877
2399 62.9677 -55.5677
2400 57.9677 -47.9877
2401 54.9677 -58.8877
2402 62.9677 -49.5677
2403 50.9677 -57.7877
2404 51.9677 -54.7877
2405 46.9677 -64.4277
2406 49.9677 -63.7177
2407 45.9677 -48.3177
2408 53.9677 -52.9277
2409 59.9677 -51.8677
2410 54.9677 -59.2577
2411 61.9677 -52.8777
2412 61.9677 -56.0777
2413 60.9677 -45.4877
2414 57.9677 -45.8377
2415 60.9677 -50.7177
2416 53.9677 -54.8977
2417 47.9677 -50.8877
2418 45.9677 -65.8477
2419 59.9677 -49.3077
2420 53.9677 -54.7877
2421 64.9677 -47.7877
2422 53.9677 -54.8677
2423 56.9677 -59.1277
2424 45.9677 -56.7777
2425 44.9677 -48.4377
2426 48.9677 -51.8377
2427 59.9677 -56.9977
2428 46.9677 -63.1277
2429 53.9677 -48.5177
2430 44.9677 -61.1677
2431 60.9677 -52.8977
2432 51.9677 -45.9777
2433 56.9677 -54.1477
2434 49.9677 -52.0877
2435 56.9677 -45.5977
2436 47.9677 -50.3277
2437 48.9677 -52.0077
2438 55.9677 -54.1177
2439 51.9677 -51.1377
2440 64.9677 -47.2677
2441 45.9677 -56.5477
2442 44.9677 -53.5277
2443 45.9677 -48.1377
2444 47.9677 -60.1777
2445 57.9677 -54.2377
2446 54.9677 -55.0277
2447 55.9677 -59.5477
2448 48.9677 -59.0677
2449 44.9677 -59.9677
2450 52.9677 -60.2877
2451 63.9677 -46.1677
2452 44.9677 -60.0977
2453 64.9677 -47.4277
2454 60.9677 -46.9277
2455 64.9677 -49.7277
2456 54.9677 -62.7777
2457 58.9677 -46.4177
2458 56.9677 -58.9577
2459 54.9677 -49.0977
2460 45.9677 -48.3477
2461 60.9677 -54.6177
2462 54.9677 -63.1377
2463 49.9677 -51.5177
2464 50.9677 -45.4777
2465 44.9677 -57.4977
2466 57.9677 -54.1877
2467 46.9677 -55.9977
2468 62.9677 -55.4677
2469 63.9677 -47.1177
2470 48.9677 -58.1477
2471 45.9677 -61.6977
2472 58.9677 -59.2577
2473 45.9677 -49.8477
2474 52.9677 -54.3277
2475 64.9677 -48.4977
2476 55.9677 -55.4177
2477 63.9677 -52.6677
2478 62.9677 -50.9077
2479 54.9677 -61.3777
2480 49.9677 -63.2877
2481 61.9677 -45.7777
2482 47.9677 -58.1677
2483 51.9677 -54.3877
2484 62.9677 -49.3577
2485 54.9677 -48.1277
2486 44.9677 -45.4977
2487 58.9677 -51.5277
2488 48.9677 -51.6077
2489 61.9677 -50.1277
2490 46.9677 -52.4577
2491 63.9677 -45.2377
2492 50.9677 -64.8877
2493 54.9677 -57.0577
2494 63.9677 -50.7177
2495 49.9677 -60.3377
2496 48.9677 -56.9377
2497 63.9677 -47.6377
2498 60.9677 -54.5577
2499 51.9677 -59.3577
2500 52.9677 -49.6777
2501 56.9677 -45.0377
2502 50.9677 -47.9777
2503 62.9677 -47.5677
2504 61.9677 -51.0777
2505 64.9677 -47.1577
2506 49.9677 -56.4577
2507 51.9677 -45.5577
2508 57.9677 -53.9277
2509 56.9677 -58.2977
2510 57.9677 -48.6677
2511 56.9677 -56.2877
2512 57.9677 -59.4077
2513 47.9677 -61.8477
2514 56.9677 -55.5677
2515 63.9677 -49.5077
2516 47.9677 -51.3577
2517 48.9677 -58.0577
2518 56.9677 -54.2577
2519 59.9677 -47.5477
2520 58.9677 -48.4577
2521 46.9677 -51.0177
2522 53.9677 -48.7277
2523 50.9677 -46.4077
2524 46.9677 -46.8077
2525 32.9677 -58.4077
2526 33.9677 -61.4777
2527 35.9677 -54.2277
2528 36.9677 -45.7577
2529 34.9677 -50.4877
2530 27.9677 -47.4277
2531 29.9677 -50.7277
2532 29.9677 -47.6877
2533 40.9677 -53.2277
2534 27.9677 -55.5477
2535 31.9677 -59.9177
2536 34.9677 -49.1077
2537 40.9677 -61.5377
2538 43.9677 -55.1377
2539 25.9677 -49.5877
2540 40.9677 -60.7977
2541 27.9677 -53.0477
2542 34.9677 -63.3577
2543 29.9677 -49.7977
2544 30.9677 -44.9877
2545 29.9677 -47.0777
2546 36.9677 -48.4177
2547 37.9677 -51.3077
2548 38.9677 -60.2077
2549 36.9677 -56.6877
2550 39.9677 -53.4477
2551 36.9677 -46.8577
2552 32.9677 -47.6377
2553 33.9677 -46.0077
2554 25.9677 -50.4877
2555 31.9677 -48.8677
2556 26.9677 -46.7477
2557 30.9677 -56.1977
2558 32.9677 -45.8177
2559 44.9677 -62.8477
2560 36.9677 -63.4177
2561 31.9677 -55.8477
2562 43.9677 -49.3477
2563 28.9677 -56.0877
2564 38.9677 -63.8277
2565 39.9677 -56.4077
2566 43.9677 -61.4777
2567 41.9677 -65.4577
2568 41.9677 -58.3277
2569 42.9677 -57.5577
2570 24.9677 -49.6877
2571 44.9677 -56.2477
2572 43.9677 -60.4477
2573 26.9677 -49.1677
2574 25.9677 -47.5777
2575 29.9677 -52.2177
2576 34.9677 -62.5677
2577 24.9677 -45.9777
2578 41.9677 -51.8377
2579 29.9677 -57.0977
2580 26.9677 -53.4677
2581 25.9677 -51.5577
2582 33.9677 -58.4377
2583 36.9677 -56.2077
2584 33.9677 -61.1077
2585 32.9677 -46.7177
2586 41.9677 -47.8177
2587 41.9677 -61.3777
2588 38.9677 -58.5577
2589 29.9677 -49.6777
2590 25.9677 -45.6977
2591 36.9677 -58.7577
2592 29.9677 -52.0577
2593 26.9677 -54.3277
2594 24.9677 -47.9477
2595 38.9677 -63.6977
2596 31.9677 -54.5877
2597 33.9677 -59.4977
2598 42.9677 -60.8977
2599 30.9677 -51.4077
2600 38.9677 -61.6277
2601 43.9677 -61.4177
2602 27.9677 -51.2477
2603 34.9677 -47.3377
2604 40.9677 -64.9577
2605 40.9677 -57.5677
2606 30.9677 -48.0077
2607 37.9677 -58.5477
2608 27.9677 -46.2077
2609 40.9677 -57.0977
2610 27.9677 -50.4377
2611 34.9677 -49.1877
2612 31.9677 -54.1477
2613 37.9677 -64.6777
2614 26.9677 -53.5477
2615 40.9677 -63.6677
2616 39.9677 -45.3677
2617 35.9677 -54.2377
2618 37.9677 -44.9877
2619 44.9677 -55.5577
2620 41.9677 -46.6877
2621 34.9677 -60.7177
2622 30.9677 -47.6077
2623 42.9677 -49.8977
2624 25.9677 -47.2877
2625 39.9677 -62.5977
2626 29.9677 -55.8877
2627 25.9677 -47.3777
2628 30.9677 -60.6177
2629 25.9677 -52.2277
2630 41.9677 -47.2977
2631 33.9677 -47.9577
2632 37.9677 -54.0977
2633 36.9677 -57.4177
2634 26.9677 -52.3977
2635 44.9677 -61.1377
2636 33.9677 -46.7277
2637 29.9677 -47.4077
2638 42.9677 -54.7877
2639 31.9677 -54.7777
2640 42.9677 -48.9277
2641 33.9677 -47.4177
2642 33.9677 -60.2977
2643 42.9677 -45.0077
2644 31.9677 -51.0077
2645 31.9677 -46.2277
2646 42.9677 -48.7577
2647 42.9677 -56.5877
2648 44.9677 -59.5377
2649 25.9677 -49.5677
2650 30.9677 -57.5977
2651 29.9677 -51.6477
2652 41.9677 -62.7077
2653 39.9677 -50.8077
2654 39.9677 -52.5177
2655 42.9677 -61.1877
2656 31.9677 -55.5777
2657 24.9677 -46.4077
2658 44.9677 -48.5477
2659 37.9677 -64.9477
2660 43.9677 -60.2777
2661 38.9677 -56.4777
2662 24.9677 -47.5077
2663 36.9677 -49.5177
2664 30.9677 -50.6877
2665 29.9677 -49.6077
2666 24.9677 -46.9277
2667 36.9677 -48.7677
2668 29.9677 -57.4577
2669 39.9677 -46.2677
2670 36.9677 -46.7877
2671 42.9677 -61.5677
2672 25.9677 -52.6877
2673 40.9677 -50.3877
2674 41.9677 -65.0177
2675 35.9677 -53.4177
2676 38.9677 -52.1377
2677 40.9677 -46.4677
2678 43.9677 -51.5877
2679 24.9677 -48.8377
2680 29.9677 -45.2077
2681 43.9677 -49.7077
2682 24.9677 -46.8377
2683 32.9677 -57.3977
2684 44.9677 -64.6777
2685 32.9677 -60.4177
2686 43.9677 -60.2277
2687 37.9677 -61.9677
2688 30.9677 -57.1077
2689 29.9677 -45.7777
2690 26.9677 -48.7977
2691 25.9677 -48.5577
2692 27.9677 -51.7077
2693 40.9677 -64.2477
2694 33.9677 -51.1577
2695 32.9677 -54.1977
2696 28.9677 -52.1477
2697 28.9677 -53.6077
2698 24.9677 -45.5277
2699 37.9677 -54.9477
2700 41.9677 -48.3077
2701 38.9677 -47.8077
2702 34.9677 -49.4977
2703 24.9677 -45.5977
2704 44.9677 -58.7577
2705 24.9677 -49.8677
2706 28.9677 -49.7077
2707 25.9677 -45.1577
2708 26.9677 -51.5977
2709 38.9677 -59.8577
2710 39.9677 -62.5877
2711 31.9677 -51.7377
2712 36.9677 -55.0977
2713 32.9677 -46.3877
2714 30.9677 -54.5077
2715 41.9677 -49.9677
2716 27.9677 -52.3277
2717 25.9677 -49.4877
2718 25.9677 -51.6977
2719 36.9677 -52.0577
2720 32.9677 -54.0777
2721 31.9677 -54.1577
2722 42.9677 -55.9777
2723 28.9677 -56.3477
2724 34.9677 -48.8277
2725 37.9677 -56.9477
2726 24.9677 -48.3977
2727 34.9677 -59.2977
2728 39.9677 -52.1877
2729 33.9677 -53.2677
2730 26.9677 -47.1277
2731 30.9677 -46.6477
2732 43.9677 -63.1577
2733 28.9677 -52.9077
2734 33.9677 -55.3277
2735 29.9677 -51.9277
2736 33.9677 -51.5277
2737 38.9677 -57.3377
2738 30.9677 -59.5177
2739 32.9677 -52.7077
2740 42.9677 -52.5077
2741 29.9677 -50.3877
2742 28.9677 -47.9677
2743 39.9677 -53.5377
2744 41.9677 -46.9977
2745 26.9677 -54.9877
2746 38.9677 -62.1877
2747 32.9677 -52.7277
2748 40.9677 -49.8777
2749 41.9677 -51.8177
2750 32.9677 -51.2277
2751 31.9677 -59.2277
2752 44.9677 -48.9377
2753 32.9677 -59.8877
2754 26.9677 -46.8677
2755 29.9677 -53.4277
2756 26.9677 -53.3477
2757 26.9677 -48.4177
2758 32.9677 -49.6477
2759 32.9677 -45.6177
2760 29.9677 -59.9077
2761 28.9677 -52.3977
2762 44.9677 -62.8677
2763 38.9677 -47.0577
2764 31.9677 -45.3877
2765 29.9677 -47.5677
2766 41.9677 -62.2477
2767 43.9677 -61.9977
2768 42.9677 -62.5077
2769 29.9677 -56.7877
2770 31.9677 -50.5777
2771 44.9677 -47.3777
2772 28.9677 -55.6477
2773 43.9677 -46.9077
2774 25.9677 -45.9077
2775 44.9677 -55.5777
2776 43.9677 -54.7677
2777 35.9677 -60.5377
2778 25.9677 -45.2477
2779 44.9677 -48.0077
2780 43.9677 -51.6177
2781 34.9677 -45.8677
2782 24.9677 -46.5177
2783 40.9677 -63.6677
2784 42.9677 -63.8477
2785 43.9677 -48.0377
2786 39.9677 -60.2877
