%%index real_part   imaginary_part
3369 3369 3369
1 1.28 36.69
2 23.64 32.18
3 17.03 27.63
4 22.74 20.73
5 25.72 35.01
6 31.88 21.29
7 2.6 38.6
8 4.42 1.81
9 2.82 18.98
10 12.47 1.43
11 32.71 8.57
12 29.45 40.04
13 18.81 1.98
14 17.83 14.1
15 4.17 11.56
16 4.25 15.24
17 3.43 28.97
18 36.12 7.41
19 28.14 43.98
20 35 14.86
21 36.15 9.86
22 27.99 22.88
23 4.22 38.75
24 37.25 32.41
25 33.84 7.04
26 39.13 5.72
27 25.28 2.08
28 4.06 4.1
29 18.21 23.62
30 35.18 1.41
31 16.66 1.9
32 30.87 18.95
33 26.36 43.61
34 43.59 22.99
35 37.86 10.51
36 43.89 34.59
37 37 9.53
38 4.29 27.88
39 39.81 20.74
40 7.3 41.54
41 26.79 9.18
42 11.26 25.95
43 30.05 31.59
44 11.21 38.84
45 19.78 27.78
46 29.68 25.91
47 0.86 15.96
48 15.57 40.07
49 42.59 27.23
50 17.26 15.16
51 29.28 36.45
52 1.98 40.67
53 24.56 1.8
54 2.06 29.79
55 27.34 43.89
56 9.07 32.88
57 14.83 33.65
58 21.24 43.85
59 18.22 24.4
60 8.19 11.98
61 37.89 38
62 9.96 17.39
63 36.99 38.76
64 1.51 25.53
65 20.21 35.58
66 28.03 42.29
67 18.48 5.49
68 30.81 9.53
69 39.33 22.56
70 22.46 32.87
71 21.75 2.19
72 15.36 31.53
73 31.39 36.58
74 16.99 16.12
75 28.1 5.61
76 23.13 4.7
77 1.61 22
78 40.28 33.09
79 38.14 38.6
80 30.18 21.31
81 19.6 14.35
82 43.37 37.73
83 26.79 38.08
84 40.17 30.18
85 19.06 1.64
86 3.83 18.63
87 29.68 40.81
88 12.92 42.71
89 14.83 17.07
90 2.2 9.43
91 37.65 42.94
92 20.94 4.85
93 17.46 39.26
94 13.39 40.74
95 18.05 11.6
96 25.96 23.09
97 16.83 17.17
98 11.25 25.33
99 35.03 23.14
100 24.78 7.42
101 5.57 10.09
102 30.43 8.13
103 6.84 35.26
104 31.85 22.87
105 32.3 21.67
106 20.61 13.58
107 18.43 5.47
108 24.25 21.07
109 17.81 35.9
110 27.02 37.64
111 16.74 15.38
112 32.55 32.5
113 13.83 13.09
114 36.23 23.33
115 10.27 4.87
116 38.48 17.01
117 4.66 15.85
118 7.11 24.91
119 27.3 11.5
120 33.17 18.48
121 32.06 15.6
122 0.59 33.31
123 33.9 30.02
124 21.92 24.85
125 18.49 31.24
126 2.62 28.46
127 16.97 14.75
128 27.84 35.18
129 14.51 10.32
130 15.19 43.59
131 40.12 24.78
132 40.63 33.2
133 37.63 0.78
134 12.28 27.26
135 1.75 20.94
136 16.06 24.98
137 37.81 13.33
138 43.35 16.66
139 41.51 7.23
140 38.47 0.79
141 29.26 39.52
142 33.8 41.1
143 11.8 2.23
144 12.55 41.16
145 40.76 26.31
146 30.61 7.27
147 40.47 36.88
148 17.19 6.77
149 13.55 13.62
150 34.56 29.47
151 33.97 15.3
152 8.16 6.63
153 2.81 7.3
154 14.54 7.51
155 8.31 0.32
156 19.36 9.01
157 29.63 17.09
158 19.32 9.16
159 29.85 41.43
160 3.26 11.39
161 18.66 26.61
162 43.01 13.4
163 20.17 38.65
164 8.28 16.2
165 25.2 33.72
166 28.55 22.36
167 28.99 38.69
168 2 36.71
169 23.74 31.8
170 11.64 16.54
171 5.07 11.57
172 28.66 10.53
173 43.21 34.71
174 11.66 27.5
175 38.9 29.06
176 11.67 38.45
177 7.85 37.08
178 11.26 34.21
179 29.93 7.54
180 20.78 19.54
181 21.42 34.65
182 29.35 28.85
183 21.56 6.42
184 17.74 31.35
185 27.41 24.83
186 36.4 8.91
187 19.44 32.48
188 23.19 0.59
189 28.09 18.65
190 27.24 14.38
191 8.83 2.51
192 19.12 38.91
193 8.64 40.2
194 27.26 30.38
195 29.44 38.58
196 8.75 4.04
197 32.9 6.86
198 36.8 38.1
199 4.97 33.98
200 38.33 10.55
201 19.46 32.38
202 20.87 30.74
203 10.85 18.42
204 16.59 23.58
205 37.96 38.94
206 20.98 43.83
207 18.27 26.31
208 22.51 40.1
209 6 26.91
210 1.01 29.29
211 12.86 35.44
212 21.82 9.77
213 27.39 1.76
214 15.26 14.63
215 25.18 32.37
216 20.75 33.12
217 43.38 24.16
218 22.1 41.62
219 21.21 10.23
220 28.69 38.69
221 38.53 38.69
222 21.01 5.67
223 25.29 12.8
224 19.23 23.04
225 8.34 31.29
226 2.25 43.77
227 9.54 21.2
228 2.48 24.08
229 38.71 16.45
230 4.82 41.26
231 30.38 43.41
232 3.09 5.1
233 2.72 29.76
234 39.99 25.19
235 19.88 3.45
236 42.15 4.21
237 9.88 37.93
238 6.73 42.68
239 21.72 35.18
240 1.99 5.49
241 5.26 9.58
242 30.78 4.25
243 28.33 14.8
244 10.77 12.78
245 10.05 2.56
246 1.97 15.6
247 20.7 19.95
248 29.24 5.06
249 9.77 2.94
250 29.92 25.23
251 29.44 29.65
252 3.11 28.07
253 6.27 18.85
254 33.55 9.84
255 15.33 27.99
256 37.58 35.54
257 19.31 20.59
258 14.91 3.88
259 16.67 27.16
260 29.72 5.21
261 20.81 6.24
262 5.71 31.69
263 16.27 21.03
264 23.97 34.95
265 39.71 26.04
266 35.22 33.41
267 17.48 4.67
268 23.52 38.33
269 27.69 3.27
270 31.27 36.59
271 7.66 22.55
272 22.66 4.37
273 31.77 26.97
274 10.14 17.1
275 22.31 27.96
276 13.72 39.86
277 7.08 43.12
278 43.67 19.44
279 10.39 2.87
280 8.44 3.16
281 36.58 6.1
282 10.78 23.18
283 17.51 33.58
284 36.86 13.82
285 6.42 24.72
286 3.27 3.65
287 8.02 14.08
288 20.57 5.46
289 22.56 19.31
290 3.28 10.23
291 6.1 0.87
292 43.99 40.52
293 15.96 36.7
294 19.09 43.66
295 26.34 26.36
296 11.98 27.53
297 6.71 18.92
298 8.51 2.28
299 16.11 3.74
300 7.99 1.37
301 5.02 22.53
302 16.13 34.78
303 40.24 36.56
304 11.87 16.22
305 26.46 18.8
306 19.67 38.67
307 14.72 12.08
308 4.78 43.18
309 22.36 30.68
310 36.56 3.39
311 30.93 4.71
312 23.63 4.55
313 6.83 17.16
314 0.43 32.14
315 33.51 2.46
316 4.51 8.42
317 22.72 18.05
318 10.61 20.64
319 36.87 18.97
320 37.77 2.01
321 20.2 19.33
322 31.41 13.45
323 36.15 34.92
324 21.61 15.71
325 19.1 14.52
326 19.23 37.69
327 21.76 29.55
328 26.24 42.86
329 10.53 28.6
330 10.58 6.19
331 14.61 23.56
332 41.62 15.1
333 15.26 16.85
334 35.82 8.23
335 33.76 8.13
336 6.98 29.6
337 22.57 9.97
338 24.41 17.91
339 13.14 14.72
340 8.76 25.54
341 19.24 11.77
342 20.84 27.99
343 6.38 41
344 5.12 3.08
345 9.27 16.91
346 40.47 15.71
347 30.81 3.4
348 20.26 38.09
349 25.85 2.07
350 33.73 12.08
351 21.2 39.13
352 5.1 20.23
353 17.67 23.29
354 17.54 9.04
355 34.58 30.81
356 22.1 26.3
357 10.3 33.34
358 30.35 42.95
359 25.55 40.2
360 13.11 14.99
361 30.7 34.83
362 17.75 33.1
363 6.72 41.03
364 22.63 38.01
365 29.62 32.57
366 7.22 35.88
367 12.11 30.34
368 9.64 12.33
369 0.89 9.3
370 19.64 6.7
371 33 35.47
372 24.82 41.74
373 20.21 43.3
374 39.5 34.69
375 5.68 1.77
376 16.12 32.13
377 21.24 15.91
378 12.94 33.87
379 7.41 27.96
380 40.05 15.09
381 6.97 37.03
382 2.89 3.27
383 39.12 42.61
384 7.91 36.05
385 42.75 40.01
386 11.01 7.07
387 28.34 31.76
388 10.58 15.35
389 6.04 4.55
390 6.32 29.61
391 17.74 35.24
392 7.15 22.44
393 35.84 18.5
394 25.98 43.62
395 14.71 43.25
396 15.8 1.55
397 28.35 1.21
398 43.82 18.69
399 10.75 23.47
400 43.01 31.25
401 38.33 9.5
402 20.78 33.54
403 4.89 2.19
404 6.74 31.37
405 40.5 34.45
406 25.69 36.59
407 38.55 14.24
408 12.27 12.37
409 11.99 30.39
410 29.64 17.77
411 19.33 6.22
412 7.43 24.96
413 43.66 3.68
414 6.67 7.25
415 18.03 33.93
416 22.95 29.2
417 18.74 35.88
418 38.07 43.74
419 10.63 3.15
420 17.12 0.81
421 16.92 7.13
422 0.89 22.34
423 34.71 11.48
424 21.39 36.68
425 10.46 26.22
426 32.44 30.56
427 11.52 29.79
428 12.99 19.4
429 6.17 11.18
430 1.11 19.66
431 4.87 24.2
432 16.08 3.59
433 3.33 3.13
434 29.81 10.15
435 34.49 13.96
436 0.61 2.93
437 25.27 7.41
438 42.41 1.5
439 38.19 39.5
440 21.72 19.81
441 6.37 4.65
442 13.96 33.69
443 9.09 17.89
444 8.6 26.95
445 26.13 38.78
446 18.99 33.23
447 36.82 10.52
448 13.66 14.59
449 24.75 40.15
450 33.63 22.99
451 25.92 38.76
452 25.69 34.24
453 15.27 30.72
454 26.22 24.11
455 43.92 32.98
456 17.15 27.47
457 40.68 6.29
458 3.7 31.11
459 37.58 29.29
460 24.07 12.3
461 25.06 19.71
462 30.24 22.58
463 37.18 17.88
464 14.04 23.42
465 2.41 17.93
466 36.21 27.19
467 40.96 7.85
468 38.57 17.9
469 42.01 35.75
470 24.73 0.32
471 7.31 21.45
472 7.26 41.88
473 8.51 27.51
474 12.8 10.97
475 2.79 25.61
476 24.84 16.39
477 38.98 27.85
478 1.74 34.6
479 37.54 32.16
480 29.61 39.3
481 2.01 39.95
482 27.33 21.82
483 19.24 42.97
484 34.72 1.42
485 1.74 17.26
486 38.71 15.45
487 36.85 32.57
488 16.08 1.98
489 36.47 24.88
490 30.01 8.4
491 24.8 39.26
492 2.64 34.38
493 24.98 19.78
494 31.46 27.9
495 23.2 18.53
496 38 17.07
497 18.41 25.21
498 3.71 21.33
499 2.28 37.65
500 34.43 38.43
501 33.41 4.02
502 36.6 8.67
503 10.65 5.78
504 10.19 32.2
505 40.61 26.64
506 21.9 40.2
507 30.58 21.41
508 20.71 4.06
509 31.96 35.09
510 33.14 8.17
511 4.76 34.68
512 15.9 27.14
513 28 2.69
514 19.86 19.61
515 37.56 30.28
516 13.82 10.3
517 18.97 26.97
518 12.28 29.94
519 18.15 9.14
520 35.78 22.47
521 42.19 38.28
522 15.69 37.2
523 41.27 8.3
524 22.91 -15.92
525 3.61 -8.75
526 43.44 -12.05
527 18.71 -31.89
528 34.58 -15.34
529 14.47 -2.71
530 12.51 -10.44
531 0.26 -31.55
532 14.53 -5.86
533 15.32 -19.23
534 28.37 -6.33
535 8.32 -12.99
536 7.27 -43.67
537 36.88 -6.51
538 38.33 -2.48
539 18.4 -13.67
540 22.42 -17.24
541 8.81 -1.53
542 33.42 -21.86
543 16.72 -27.53
544 9.76 -24
545 13.97 -10.71
546 42.27 -22.28
547 7.66 -14.23
548 12.99 -36.32
549 42.65 -22.98
550 35.98 -20.88
551 20.56 -30.49
552 37 -43.25
553 1.74 -36.96
554 6.63 -10.86
555 7.62 -43.66
556 1.2 -8.57
557 9.96 -16.44
558 43.97 -34.62
559 38.15 -6.2
560 16.92 -9.73
561 11.53 -31.64
562 1.87 -38.71
563 10.55 -19.19
564 21.7 -38.38
565 15.27 -32.72
566 19.21 -13.68
567 12.93 -35.83
568 8.31 -12.21
569 2.59 -38.19
570 17.38 -38.46
571 26.55 -10.22
572 26.66 -42.1
573 12.24 -36.51
574 42.72 -6.15
575 15.88 -6.39
576 17.55 -39.16
577 13.39 -6.94
578 26.13 -19.43
579 13.81 -23.94
580 12.66 -27.35
581 41.03 -8.6
582 23.95 -31.87
583 23.6 -33.49
584 7.2 -32.26
585 26.72 -26.2
586 15.94 -24.58
587 22.68 -9.28
588 25.31 -22.12
589 28.27 -14.45
590 0.36 -3.55
591 22.23 -23.67
592 30.61 -17.92
593 37.35 -35.62
594 15.56 -36.27
595 19.62 -30.68
596 39.29 -7.74
597 39.61 -16.66
598 29.67 -42.76
599 31.03 -19.22
600 24.94 -36.87
601 40.98 -37.27
602 26.07 -40.88
603 19 -43.18
604 13.63 -7.39
605 34.46 -3.27
606 6.46 -14
607 31.92 -12.7
608 4.32 -37.08
609 8.87 -4.79
610 14.99 -43.41
611 7.15 -28.49
612 24.67 -33.8
613 32.57 -2.77
614 1.51 -10.34
615 26.74 -19.6
616 36.39 -26.45
617 2.85 -23.72
618 22.9 -18.47
619 5.38 -21.85
620 4.64 -36.54
621 6.54 -39.84
622 8.54 -11.1
623 27.7 -17.98
624 22.77 -36.39
625 35.8 -36.57
626 0.59 -17.28
627 7.09 -42.95
628 1.72 -4.78
629 38.65 -39.66
630 38.78 -26.75
631 9.2 -21.39
632 24.63 -10.69
633 29.16 -12.05
634 13.42 -3.53
635 40.07 -14.06
636 9.91 -41.58
637 8.69 -26.13
638 23.63 -41.97
639 34.36 -15.91
640 32.01 -25.92
641 43.21 -26.16
642 4.64 -12.12
643 16.9 -6.3
644 25.48 -6.36
645 33.12 -35.07
646 12.46 -20.26
647 10.47 -21.84
648 13.42 -37.09
649 20.15 -39.64
650 33.22 -26.84
651 24.43 -39.74
652 21.88 -22.65
653 20.63 -12.64
654 28.55 -25.03
655 6.96 -34.51
656 16.68 -40.08
657 8.2 -6.17
658 12.47 -21.32
659 7.2 -4.63
660 39.7 -17.47
661 17.25 -19.84
662 21.21 -31.69
663 4.3 -27.72
664 2.88 -34.63
665 17.47 -24.45
666 20.2 -36.11
667 14.76 -21.42
668 34.06 -21.6
669 2.63 -35.39
670 5.43 -42.14
671 38.22 -33.11
672 39.28 -22.11
673 22.95 -25.95
674 10.1 -31.27
675 4.74 -9.67
676 29.52 -29.32
677 17.01 -21.99
678 5.72 -30.25
679 20.88 -21.32
680 25.29 -8.6
681 24.23 -38.35
682 15.78 -1.49
683 2.61 -39
684 9.91 -29.36
685 27.5 -28.77
686 17.88 -15.34
687 16.97 -1.25
688 27.2 -13.17
689 23.96 -19.44
690 29.12 -16.82
691 2.14 -28.71
692 30.22 -38.16
693 24.41 -19.16
694 20 -35.94
695 24.07 -1.29
696 19.16 -24.81
697 26.31 -27.82
698 22.82 -14.46
699 43.83 -8.44
700 37.21 -12.26
701 7.12 -27.33
702 28.58 -34.62
703 27.31 -24.1
704 23.06 -35.3
705 31.64 -7.27
706 35.98 -8.18
707 25.86 -33.79
708 32.47 -22.21
709 37.67 -6.27
710 31.08 -8.47
711 33.28 -41.26
712 25.09 -29.77
713 0.23 -39.11
714 27.08 -27.43
715 39.69 -0.06
716 6.92 -43.81
717 34.43 -2.82
718 6.44 -35.5
719 6.33 -17.74
720 25.02 -29.5
721 17.21 -37.97
722 7.28 -40.52
723 18.73 -43.07
724 28.87 -39.75
725 27.74 -35.93
726 33.19 -39.47
727 25.24 -40.55
728 35.66 -14.28
729 21.24 -25.48
730 25.54 -42.26
731 42.08 -16.93
732 43.27 -11.98
733 3.49 -32.51
734 29.78 -29.23
735 38.26 -33.34
736 6.83 -10.8
737 7.32 -34.99
738 34.06 -14.12
739 33.39 -5.58
740 41.51 -42.45
741 37.93 -17.14
742 13.69 -10.22
743 4.03 -42.69
744 24.17 -28.87
745 27.14 -25.27
746 21.72 -29.24
747 41.22 -25.22
748 37.25 -21
749 29.75 -24.23
750 37.09 -23.03
751 13.35 -3.53
752 38.52 -43.93
753 37.57 -0.2
754 5.78 -28.59
755 6.56 -26.96
756 23.62 -26.81
757 37.03 -24.01
758 22.71 -37.31
759 22.19 -41.06
760 1.85 -2.88
761 11.64 -28.85
762 33.59 -23.58
763 24.1 -8.87
764 12.62 -6.36
765 8.92 -9.85
766 36.91 -5.72
767 29.17 -22.27
768 1.99 -31.43
769 39.54 -2.26
770 29.22 -7.77
771 14.1 -2.11
772 26.12 -32.37
773 25.68 -7.14
774 27.72 -28.35
775 31.24 -27.39
776 12.24 -29.58
777 9.16 -22.4
778 10.79 -25.35
779 31.72 -12.78
780 2.15 -23.42
781 29.14 -40.64
782 42.43 -39.06
783 26.5 -37.83
784 40.09 -0.43
785 31.72 -22.04
786 3.67 -4.83
787 37.2 -1.83
788 32.49 -29.8
789 37.67 -18.89
790 25.8 -39.73
791 4.83 -4.43
792 26.84 -17.57
793 42.92 -13.99
794 6.29 -37.63
795 17.05 -10.16
796 6.8 -8.45
797 3.51 -25.71
798 43.06 -28.76
799 29.19 -30.01
800 31.58 -39.15
801 43.99 -40.43
802 42.26 -35.25
803 0.57 -16.71
804 35.6 -10.27
805 6.01 -38.25
806 42.68 -40.93
807 14.5 -10.84
808 4.36 -25.52
809 42.68 -13.42
810 3.11 -10.65
811 42.62 -15.73
812 20.97 -9.91
813 18.19 -2.14
814 11.67 -20.03
815 38.71 -26.9
816 23.34 -43.25
817 34.51 -18.22
818 34.93 -1.12
819 11.4 -35.08
820 8.85 -26.54
821 2.99 -40.93
822 31.29 -7.54
823 12.58 -17.49
824 10.43 -35.65
825 25.83 -11.26
826 6.52 -13.54
827 2.98 -3.97
828 6.11 -7.01
829 27.04 -21.17
830 4.08 -17.79
831 17.04 -1.27
832 19.49 -6.94
833 8.06 -31.07
834 1.68 -10.43
835 16.49 -42.98
836 39.91 -10.53
837 18.07 -19.48
838 36.97 -6.73
839 21.9 -10.18
840 21.44 -26.92
841 40.47 -27.25
842 31.23 -27.96
843 14.49 -43.45
844 0.14 -37.34
845 34.65 -41.54
846 22.33 -27.74
847 34.68 -31.22
848 18.29 -41.83
849 31.78 -22.27
850 21.25 -43.49
851 10.03 -4.27
852 3.27 -40.69
853 3.42 -7.62
854 17.8 -19.76
855 2.68 -25.32
856 8.58 -18.77
857 26.25 -22.67
858 1.64 -19.33
859 12.67 -40.75
860 17.81 -1.79
861 29.53 -26.85
862 14.07 -40.14
863 17.49 -43.74
864 22.01 -11.88
865 34.9 -5.27
866 9.54 -43.26
867 19.47 -0.93
868 32.07 -12.81
869 12.09 -2.41
870 27.74 -29.4
871 27.69 -14.78
872 37.45 -15.84
873 14.69 -9.94
874 30.21 -39.1
875 20.41 -6.88
876 33.73 -4.02
877 23.69 -29.46
878 29.2 -27.32
879 18.73 -41.18
880 2.46 -30.73
881 9.52 -9.63
882 34.08 -35.52
883 27.86 -28.99
884 31.41 -22.15
885 31.07 -39.95
886 34.25 -38.67
887 34.03 -14.76
888 4.23 -27.71
889 2.33 -4.72
890 11.6 -34.44
891 17.99 -22.74
892 8.2 -24.86
893 8.18 -21.2
894 18.38 -16.93
895 27.18 -26.91
896 36.54 -0.36
897 15.41 -36.7
898 1.22 -6.14
899 28.3 -43.27
900 18.74 -32.63
901 6.82 -38.89
902 9.66 -9
903 16.23 -20.37
904 25.09 -37.41
905 7.37 -18.56
906 20.82 -16.21
907 41.07 -25.36
908 2.56 -29.02
909 25.47 -28.78
910 11.69 -0.47
911 0.83 -8.66
912 24.88 -27.76
913 13.42 -16.24
914 39.03 -26.1
915 14.73 -21.24
916 16.14 -13.78
917 2.3 -1.07
918 21.44 -5.32
919 42.73 -18.53
920 37.09 -26.05
921 42.27 -6.1
922 10.99 -13.91
923 22.45 -18.86
924 3.64 -37.07
925 37.54 -27.45
926 15.63 -38.86
927 2.14 -17.9
928 13.66 -40.51
929 22.62 -15.56
930 36.81 -32.22
931 25.52 -16.87
932 17.95 -32.47
933 37.79 -27.82
934 2.35 -39.39
935 0.97 -16.04
936 1.66 -18.96
937 12.39 -43.24
938 41.62 -36.17
939 29.25 -14.36
940 21.33 -24.79
941 19.65 -2.31
942 20.21 -36.96
943 33.48 -1.31
944 40.39 -13.4
945 1.62 -35.62
946 8.49 -12.72
947 1.19 -27.14
948 10.96 -26.44
949 1.36 -18.5
950 34.54 -36.83
951 35.31 -2.33
952 25.09 -15.73
953 7.9 -27.22
954 41.58 -22.71
955 3.5 -16.67
956 18.99 -18.92
957 35.4 -2.67
958 27.5 -18.72
959 32.12 -24.88
960 16.5 -23.9
961 36.62 -13.26
962 40.4 -25
963 30.96 -37.82
964 35.84 -30.88
965 3.23 -11.84
966 14.17 -5.91
967 21.64 -38.54
968 21.76 -18.78
969 41.5 -9.06
970 25.74 -42.87
971 41.31 -24.52
972 6.72 -24.25
973 42.97 -32.71
974 37.12 -34.22
975 37.64 -10.62
976 23.88 -9.62
977 14.14 -9.79
978 27.13 -20.29
979 30.69 -24.63
980 36.47 -18.97
981 24.88 -33.93
982 7.99 -30.17
983 4.95 -2.52
984 35.11 -9.28
985 8.15 -25.97
986 30.02 -16.85
987 41.1 -5.46
988 17.69 -36.74
989 6.48 -19.59
990 30.21 -10.81
991 43.96 -23.65
992 33.44 -33.62
993 33.43 -37.62
994 41.77 -16.57
995 35.54 -20.12
996 33.57 -34.25
997 43.94 -39.95
998 42.47 -41.57
999 6.85 -4.89
1000 10.39 -33.58
1001 29.95 -38.52
1002 23.5 -40.41
1003 12.67 -6.57
1004 26.17 -41.19
1005 31.53 -42.67
1006 22.32 -35.9
1007 5.04 -31.49
1008 4.63 -35.28
1009 7.85 -38.47
1010 14.6 -2.41
1011 16.18 -22.92
1012 18.87 -27.69
1013 25.26 -16.12
1014 0.53 -40.86
1015 9.97 -11.63
1016 6.15 -10.92
1017 30.85 -19.44
1018 26.02 -29.65
1019 6.37 -43.52
1020 21.72 -31.71
1021 3.13 -37.9
1022 4.91 -0.04
1023 14.85 -8.18
1024 2.65 -33.06
1025 35.47 -2.22
1026 25.14 -40.77
1027 24.47 -31.17
1028 3.29 -23.53
1029 20.4 -29.25
1030 40.89 -3.83
1031 38.27 -9.89
1032 29.33 -26.56
1033 35.74 -25.13
1034 4.17 -34.87
1035 22.58 -42.11
1036 15.53 -25.89
1037 5.46 -25.72
1038 33.9 -43.96
1039 33.02 -20.31
1040 22.53 -16.07
1041 12.85 -4.02
1042 35.19 -27.2
1043 6.73 -16.84
1044 2.09 -18.01
1045 1.36 -6.65
1046 40.06 -22.5
1047 -5.07 -39.63
1048 -0.28 -25.4
1049 -16.27 -40.81
1050 -18.44 -27.98
1051 -9.87 -18.38
1052 -0.1 -33.97
1053 -13.45 -38.85
1054 -15.16 -13.52
1055 -29.59 -25.99
1056 -30.01 -17.22
1057 -23.94 -21.96
1058 -38.8 -0.73
1059 -18.74 -10.19
1060 -40.37 -40.9
1061 -42.92 -43.62
1062 -18.77 -36.43
1063 -41.35 -3.99
1064 -0.8 -19.06
1065 -3.04 -37.15
1066 -11.53 -42.76
1067 -12.25 -36.43
1068 -31.29 -35.15
1069 -28.19 -25.7
1070 -7.7 -25.97
1071 -22.71 -13.78
1072 -35.75 -17.23
1073 -17.96 -2.65
1074 -12.85 -30.55
1075 -6.97 -16.22
1076 -15.84 -9.22
1077 -1.65 -5.9
1078 -33.41 -34.62
1079 -33.2 -22.53
1080 -15.68 -13.74
1081 -12.5 -36.24
1082 -8.19 -6.73
1083 -41.88 -24.76
1084 -6.46 -19
1085 -0.98 -26.07
1086 -19.37 -37.68
1087 -10.92 -23.69
1088 -26.35 -34.64
1089 -21.2 -28.88
1090 -1.11 -18.72
1091 -27.94 -7.69
1092 -37.11 -40.47
1093 -31.09 -9.11
1094 -31.64 -26.53
1095 -40.27 -20.29
1096 -36.05 -26.84
1097 -33.57 -8.77
1098 -33.53 -0.25
1099 -42.77 -10.97
1100 -16.56 -19.52
1101 -13.2 -43.75
1102 -2.97 -15.46
1103 -6.1 -24.12
1104 -9.01 -8.84
1105 -27.56 -27.3
1106 -14.52 -33.64
1107 -30.11 -35.02
1108 -0.13 -7.63
1109 -34.16 -40.73
1110 -17.02 -11.3
1111 -38.14 -9.95
1112 -18.73 -32.6
1113 -12.37 -7.24
1114 -41.73 -31.78
1115 -7.3 -11.14
1116 -10.9 -14.3
1117 -29.76 -0.03
1118 -24.15 -37.39
1119 -2.23 -35.86
1120 -42.69 -12.68
1121 -25.84 -29.79
1122 -0.33 -36.73
1123 -0.36 -11.96
1124 -32.21 -0.46
1125 -35.28 -14.05
1126 -24 -5.23
1127 -37.83 -29.43
1128 -16.19 -22.25
1129 -10.04 -6.2
1130 -40.87 -13.92
1131 -7.74 -40.86
1132 -40.89 -7.77
1133 -24.68 -17.02
1134 -8.89 -0.57
1135 -36.77 -26.91
1136 -36.22 -31.1
1137 -23.83 -18.62
1138 -10.1 -36.55
1139 -37.01 -3.71
1140 -41.28 -42.31
1141 -3.54 -7.82
1142 -16.77 -0.81
1143 -23.06 -20.9
1144 -6.62 -32.96
1145 -26.4 -12.62
1146 -33.01 -3.49
1147 -34.78 -34.15
1148 -7.17 -9.42
1149 -9.99 -15.46
1150 -21.89 -39.58
1151 -6.2 -2.77
1152 -0.91 -14.11
1153 -6.66 -9.55
1154 -13.27 -11.01
1155 -9.32 -23.2
1156 -31.02 -10.55
1157 -34.88 -36.38
1158 -13.28 -27.31
1159 -16.27 -13.95
1160 -6.09 -43.43
1161 -26.44 -42.67
1162 -12.34 -18.62
1163 -28.05 -17.23
1164 -12.21 -19.52
1165 -38.62 -17.56
1166 -43.85 -34.11
1167 -27.74 -0.83
1168 -10.38 -0.76
1169 -11.77 -34.41
1170 -37.13 -3.17
1171 -37.25 -21.09
1172 -37 -3.67
1173 -30.98 -28.13
1174 -21.6 -6.28
1175 -29.23 -26.77
1176 -25.44 -27.7
1177 -2.32 -11.68
1178 -8.43 -17.31
1179 -16.35 -9.89
1180 -27.46 -20.64
1181 -34.27 -10.97
1182 -35.32 -27.31
1183 -7.6 -18.02
1184 -31.95 -1.71
1185 -4.88 -19.37
1186 -19.99 -25.08
1187 -8.27 -21.65
1188 -5.79 -12.99
1189 -42.79 -39.25
1190 -22.02 -27.39
1191 -34.61 -28.03
1192 -19.23 -26.98
1193 -0.29 -16.46
1194 -26.35 -27.66
1195 -4.3 -16.64
1196 -7.14 -33.33
1197 -40.17 -18.1
1198 -36.12 -42.46
1199 -23.69 -3.77
1200 -2.66 -24.07
1201 -28.67 -8.1
1202 -29.75 -2.17
1203 -15.16 -36.94
1204 -11.71 -35.54
1205 -42.46 -37.48
1206 -1.03 -13.25
1207 -40.23 -33.07
1208 -29.05 -20.26
1209 -3.92 -20.05
1210 -16.21 -34.93
1211 -24.26 -31.74
1212 -5.84 -23.35
1213 -1.34 -43.95
1214 -27.24 -41.96
1215 -1.55 -25.03
1216 -33.13 -29.91
1217 -32.08 -9.74
1218 -26.2 -18.89
1219 -33.95 -26.77
1220 -43.77 -37.91
1221 -7.16 -32.41
1222 -1.01 -0.8
1223 -21.06 -26.92
1224 -2.97 -9.58
1225 -0.51 -4.5
1226 -36.24 -19.18
1227 -22.06 -4.3
1228 -4.25 -21.61
1229 -43.09 -23.4
1230 -4.43 -11.02
1231 -40.93 -0.65
1232 -33.91 -17.09
1233 -35.98 -8.53
1234 -14.82 -16.12
1235 -33.55 -5.45
1236 -37.87 -14.59
1237 -15.39 -40.72
1238 -23.64 -18.4
1239 -27.98 -15.97
1240 -43.99 -6.13
1241 -4.83 -28.5
1242 -12.32 -36.24
1243 -37.37 -26.89
1244 -29.81 -16.57
1245 -27.59 -36.46
1246 -16.63 -34.25
1247 -30.86 -4.04
1248 -36.1 -6.55
1249 -22.67 -22.84
1250 -7.81 -6.92
1251 -1.04 -12.22
1252 -32.46 -1.68
1253 -43.6 -39.95
1254 -11.93 -35.62
1255 -21.27 -27.59
1256 -35.61 -11.92
1257 -27.68 -26.11
1258 -32.52 -3.93
1259 -0.02 -21.05
1260 -13.52 -18.34
1261 -32.11 -7.14
1262 -34.7 -9.67
1263 -16.22 -18.97
1264 -21.33 -26.8
1265 -13.25 -18.41
1266 -10.16 -29.14
1267 -10.35 -14.29
1268 -10.24 -22.14
1269 -13.77 -33.47
1270 -17.06 -1.69
1271 -37.14 -14.56
1272 -40.67 -32.19
1273 -15.64 -20.82
1274 -21.4 -8.72
1275 -27.06 -15.67
1276 -2.33 -14.44
1277 -24.11 -38.69
1278 -13.66 -37.03
1279 -19.84 -40.34
1280 -38.27 -14.51
1281 -43.65 -12.61
1282 -26.9 -27.95
1283 -6.1 -33.52
1284 -23 -16.66
1285 -18.36 -43.39
1286 -13.95 -19.58
1287 -31.3 -11.5
1288 -11.84 -34.15
1289 -42.87 -2.94
1290 -42.13 -33.24
1291 -27.2 -5.45
1292 -0.14 -0.46
1293 -17.02 -7.32
1294 -27.18 -13.8
1295 -28.31 -36.86
1296 -5.47 -21.45
1297 -28.93 -7.48
1298 -41.01 -11.89
1299 -28.55 -35.03
1300 -34.42 -43.53
1301 -42.63 -26.43
1302 -17.45 -27.89
1303 -18.04 -29.93
1304 -32.88 -29.3
1305 -42.06 -40.43
1306 -1.88 -10.53
1307 -34.52 -25.27
1308 -12.11 -2.02
1309 -15.82 -7.54
1310 -0.4 -39.29
1311 -40.26 -23.65
1312 -10.66 -29.39
1313 -41.28 -25.19
1314 -16.22 -31.19
1315 -30.72 -5.35
1316 -11.31 -30.16
1317 -14.06 -29.35
1318 -15.29 -28.76
1319 -37.58 -11.62
1320 -8.06 -27.69
1321 -17.74 -35.65
1322 -40.44 -9.94
1323 -11.97 -8.26
1324 -15.8 -8.55
1325 -27.36 -7.31
1326 -30.97 -39.72
1327 -25.11 -23.62
1328 -4.82 -21.15
1329 -8.34 -1.91
1330 -30.79 -0.56
1331 -10.25 -39.06
1332 -3.93 -42.1
1333 -26.86 -24.31
1334 -15.45 -42.74
1335 -5.95 -20.45
1336 -35.62 -23.51
1337 -33.46 -23.7
1338 -31.96 -11.58
1339 -43.65 -24.95
1340 -32.26 -3.77
1341 -43.49 -27.01
1342 -30.15 -42.75
1343 -19.9 -4.13
1344 -6.04 -14.49
1345 -15.06 -7.76
1346 -26.34 -36.83
1347 -34.93 -4.83
1348 -29.14 -30.28
1349 -8.54 -41.32
1350 -17.77 -24.11
1351 -3.63 -14.5
1352 -38.2 -32.91
1353 -0.49 -16.61
1354 -41.56 -5.68
1355 -9.45 -23.66
1356 -6.67 -9.34
1357 -31.62 -32.47
1358 -36.6 -36.82
1359 -7.32 -31.04
1360 -38.81 -22.16
1361 -38.52 -1.9
1362 -6.73 -21.15
1363 -30.95 -8.97
1364 -6.29 -15.39
1365 -39.5 -39.5
1366 -33.52 -3.58
1367 -16.01 -22.65
1368 -39.26 -7.24
1369 -12.92 -40.02
1370 -19.68 -16.34
1371 -25.69 -1.9
1372 -34.37 -26.35
1373 -42.7 -36.83
1374 -23.87 -6.49
1375 -28.65 -6.02
1376 -31.44 -42.2
1377 -42.88 -2.69
1378 -11.67 -38.17
1379 -9.56 -29.83
1380 -4.85 -41.48
1381 -24.59 -28.58
1382 -7.24 -17.89
1383 -25.13 -40.6
1384 -16.15 -2.5
1385 -42.37 -38.06
1386 -39.96 -35.83
1387 -41.71 -3.58
1388 -40.41 -9.85
1389 -16.34 -40.41
1390 -25.95 -43.8
1391 -42.01 -24.51
1392 -27.21 -13.39
1393 -31.08 -40.89
1394 -6.24 -18.4
1395 -39.4 -20.16
1396 -4.74 -34.62
1397 -8.51 -43.51
1398 -40.12 -11.98
1399 -38.01 -33.65
1400 -7.23 -35.79
1401 -27.62 -36.38
1402 -39.96 -3.19
1403 -36.56 -4.85
1404 -1.26 -15.89
1405 -15.69 -8.9
1406 -33.41 -6.73
1407 -43.64 -37.22
1408 -13.63 -40.14
1409 -38.06 -10.24
1410 -30.4 -19.88
1411 -34.02 -33.47
1412 -32.98 -35.15
1413 -26.65 -22.05
1414 -35.22 -8.62
1415 -0.41 -0.18
1416 -36.56 -42.45
1417 -25.16 -7.56
1418 -12.41 -12.04
1419 -27.93 -17.72
1420 -6.14 -37.2
1421 -23.45 -43.63
1422 -36.85 -39.56
1423 -15.22 -23.1
1424 -33.34 -6.49
1425 -5.89 -9.29
1426 -22.28 -43.27
1427 -13.94 -19.43
1428 -41.48 -34.78
1429 -22.93 -40.59
1430 -40.78 -32.71
1431 -10.68 -2.86
1432 -33.94 -12.86
1433 -24.91 -35.85
1434 -33.09 -2.36
1435 -19.08 -8.84
1436 -31.99 -39.24
1437 -14.32 -42.53
1438 -1.15 -4.37
1439 -10.86 -9.06
1440 -41.87 -14.02
1441 -13.29 -40.27
1442 -15.7 -43.67
1443 -34.46 -27.23
1444 -3.34 -36.7
1445 -4.93 -36.91
1446 -19.29 -0.12
1447 -36.51 -15.62
1448 -30.99 -9.24
1449 -35.12 -17.42
1450 -5.78 -20.08
1451 -38.84 -33.72
1452 -32.25 -17.3
1453 -21.67 -32.68
1454 -41.75 -12.93
1455 -26.95 -12.05
1456 -8.32 -39.62
1457 -39.3 -40.24
1458 -23.47 -3.54
1459 -19.76 -9.28
1460 -25.71 -26.81
1461 -6.46 -24.7
1462 -40.32 -1
1463 -33.76 -42.97
1464 -39.91 -27.31
1465 -26.91 -4.4
1466 -38.12 -25.21
1467 -42.51 -1.28
1468 -33.96 -26.38
1469 -18.83 -20.18
1470 -32.23 -31.71
1471 -27.34 -1.78
1472 -42.02 -20.07
1473 -3.13 -2.16
1474 -11.44 -1.01
1475 -7.34 -22.9
1476 -3.6 -37.15
1477 -17.67 -13.8
1478 -36.29 -43.92
1479 -6.75 -7.44
1480 -11.84 -11.72
1481 -36.94 -33.66
1482 -14.46 -5.97
1483 -11.87 -35.45
1484 -35.16 -4.43
1485 -36.14 -30.7
1486 -32.48 -23.39
1487 -22.99 -43
1488 -1.16 -10.02
1489 -34.55 -26.12
1490 -5.02 -36.12
1491 -8.79 -41.89
1492 -35.22 -32.14
1493 -32.06 -26.47
1494 -13.43 -27.51
1495 -18.76 -18.33
1496 -31.52 -25.27
1497 -10.76 -11.7
1498 -26.67 -1.98
1499 -6.41 -2.15
1500 -12.37 -17.83
1501 -20.75 -22.08
1502 -0.6 -24.37
1503 -34.39 -23.26
1504 -5.38 -1.77
1505 -17.41 -24.94
1506 -2.36 -33.93
1507 -22.07 -26.21
1508 -8.68 -37.58
1509 -0.61 -33.66
1510 -7.99 -22.11
1511 -26.9 -19.37
1512 -31.07 -19.03
1513 -21.02 -17.19
1514 -19.34 -37.27
1515 -11.1 -6.95
1516 -29.03 -31.72
1517 -12.09 -11.37
1518 -34.63 -29.64
1519 -10.93 -26.01
1520 -30.47 -19.54
1521 -9.47 -7.86
1522 -34.07 -32.83
1523 -26.41 -11.06
1524 -0.72 -22.27
1525 -23.9 -27.03
1526 -2.4 -32.24
1527 -7.27 -30.33
1528 -3.52 -13
1529 -6.27 -7.81
1530 -14.77 -22.86
1531 -34.1 -40.89
1532 -31.79 -23.32
1533 -32.48 -25.72
1534 -7.73 -22.42
1535 -41.96 -22.93
1536 -30.8 -17.72
1537 -6.56 -30.95
1538 -42.02 -20.87
1539 -22.67 -32.97
1540 -39.52 -22.26
1541 -34.02 -2.57
1542 -32.9 -41.93
1543 -34.45 -20.82
1544 -28.63 -15.94
1545 -18.33 -20.24
1546 -17.13 -22.92
1547 -2.25 -8.43
1548 -13.67 -4.92
1549 -6.87 -14.25
1550 -37.19 -0.92
1551 -18.65 -28.35
1552 -15.31 -23.99
1553 -24.38 -25.21
1554 -14.18 -36.85
1555 -15.11 -26.57
1556 -29.15 -33.23
1557 -10.68 -5.14
1558 -25.96 -41.57
1559 -13.52 -1.13
1560 -21.37 -34.11
1561 -13.04 -11.37
1562 -19.8 -18.02
1563 -2.47 -38.81
1564 -9.06 -13
1565 -13.92 -9.34
1566 -17.21 -2.25
1567 -5.76 -32.57
1568 -13.78 -32.52
1569 -25.37 -9.67
1570 -36.24 7.49
1571 -40.72 20.01
1572 -4.67 0.91
1573 -22.01 7.4
1574 -32.05 10.15
1575 -0.26 15.05
1576 -26.42 32.94
1577 -6.96 36.82
1578 -31.63 25.74
1579 -38.74 32.95
1580 -21.81 40.7
1581 -22.47 8.67
1582 -41.24 39.03
1583 -27.55 28.24
1584 -37.91 11.03
1585 -18.52 32.45
1586 -31.98 9.67
1587 -10.59 38.76
1588 -25.68 36.65
1589 -26.32 32.6
1590 -27.17 13.73
1591 -2.67 26.58
1592 -19.41 9.59
1593 -35.33 33.15
1594 -22.11 30.56
1595 -27.26 30.08
1596 -18.27 43.92
1597 -18.47 5.74
1598 -13.5 15.51
1599 -26.54 2.03
1600 -14 30.93
1601 -40.6 24.58
1602 -42.86 25.5
1603 -18.15 30.71
1604 -42.83 24.54
1605 -38.27 23.99
1606 -6.57 26
1607 -15.11 20.46
1608 -9.62 5.5
1609 -36.07 6.45
1610 -16.05 11.25
1611 -11.17 42.85
1612 -28.11 34.32
1613 -5.83 29.65
1614 -11.2 41.61
1615 -8.06 11.9
1616 -16 4.72
1617 -30.22 4.67
1618 -14.9 14.87
1619 -39.41 27.89
1620 -7.88 13.74
1621 -19.26 13.21
1622 -33.67 37.97
1623 -43.48 34.38
1624 -40.83 22.81
1625 -34.06 15.07
1626 -37.44 36.4
1627 -6.24 1.24
1628 -10.41 21.56
1629 -42.69 35.59
1630 -3.49 1.13
1631 -5.85 6.76
1632 -34.95 43.02
1633 -13.89 15.59
1634 -43.48 5.85
1635 -43.11 32.82
1636 -25.55 30.88
1637 -24.85 18.38
1638 -8.76 15.23
1639 -38.04 3.85
1640 -42.44 29.11
1641 -1.03 28.11
1642 -8.87 35.89
1643 -13.45 7.27
1644 -42.86 42.8
1645 -43.93 12.14
1646 -42.42 25.88
1647 -24.9 29.3
1648 -0.89 33.37
1649 -18.75 18.31
1650 -7.13 23.89
1651 -10.77 17.86
1652 -15.76 12.21
1653 -27.44 15.14
1654 -19 4.04
1655 -33.15 1
1656 -8.63 17.44
1657 -9.33 34.18
1658 -20.97 41.02
1659 -39.82 2.3
1660 -37.97 19.84
1661 -1.72 19.27
1662 -4.57 36.39
1663 -5.29 26.62
1664 -0.93 5.46
1665 -8.87 24.04
1666 -21.42 31.58
1667 -43.79 19.64
1668 -34.79 37.19
1669 -20.75 6.75
1670 -31.28 33.31
1671 -30.27 9.91
1672 -23.61 39.91
1673 -16.46 19.13
1674 -21.43 0.59
1675 -20.43 12.28
1676 -31.56 38.92
1677 -31.32 1.67
1678 -28.29 15.65
1679 -0.64 16.13
1680 -19.69 8.74
1681 -19.84 9.51
1682 -8.68 41.11
1683 -13.82 43.16
1684 -5.91 22.99
1685 -12.3 34.58
1686 -24.01 37.19
1687 -12.63 22.09
1688 -41.22 3.62
1689 -27.73 29.09
1690 -20.89 42.18
1691 -37.1 27.68
1692 -29.35 8.45
1693 -3.63 3.94
1694 -20.07 37.16
1695 -25.42 4.27
1696 -37.3 39.76
1697 -36.88 1.27
1698 -0.43 1.98
1699 -4.49 30.22
1700 -0.32 29.86
1701 -2.58 40.31
1702 -18.41 24.33
1703 -7.48 15.21
1704 -0.3 15.63
1705 -13.81 14.73
1706 -42.42 21.19
1707 -9.17 30.44
1708 -34.38 27.77
1709 -0.46 36.32
1710 -20.11 10.46
1711 -6.22 25.88
1712 -6.67 13.41
1713 -38.92 22.62
1714 -32.37 30.62
1715 -40.01 43.41
1716 -39.73 32.69
1717 -36.55 42.59
1718 -13.8 37.66
1719 -9.29 0.03
1720 -14.76 37.62
1721 -38.33 2.63
1722 -33.07 36.7
1723 -0 27.02
1724 -19.34 2.97
1725 -13.43 0.46
1726 -5.86 39.45
1727 -32.39 43.18
1728 -21.8 36.06
1729 -22.68 6.83
1730 -6.24 33.69
1731 -22.39 18.69
1732 -40.8 25.49
1733 -19.15 14.94
1734 -38.49 10.6
1735 -27.74 7.97
1736 -34.12 32.77
1737 -25.48 1.6
1738 -28.62 2.71
1739 -5.68 25.48
1740 -5.46 27.49
1741 -2.46 19.12
1742 -41.82 34.84
1743 -26.9 14.37
1744 -21.2 43.14
1745 -32.84 5.59
1746 -3.8 6.97
1747 -32.46 11.23
1748 -5.69 0.61
1749 -34.73 31.14
1750 -18.63 23.7
1751 -12.47 42
1752 -43.6 8.75
1753 -11.46 17.47
1754 -22.47 7.74
1755 -14.75 40.66
1756 -39.3 7.45
1757 -42.3 17.22
1758 -31.59 37.12
1759 -36.27 25.2
1760 -10.31 8.8
1761 -15.77 25.11
1762 -15.86 37.64
1763 -38.25 27.75
1764 -38.41 21.55
1765 -24.77 8.5
1766 -30.02 13.04
1767 -1.31 16.76
1768 -34.24 9.14
1769 -16.89 36.29
1770 -32.96 36.23
1771 -43.69 31.64
1772 -28.38 28.26
1773 -21.39 41.99
1774 -23.19 39.5
1775 -4.3 13.66
1776 -18.29 33.51
1777 -27.15 43.59
1778 -6.86 34.15
1779 -35.22 0.92
1780 -32.94 1.28
1781 -37.84 15.99
1782 -12.27 18.97
1783 -7.63 39.16
1784 -31.45 2.51
1785 -38.75 24.52
1786 -35.69 20.41
1787 -4.68 17.96
1788 -15.95 43.59
1789 -39.09 5.59
1790 -42.77 18.66
1791 -8.17 22.91
1792 -22.5 17.06
1793 -30.73 14.84
1794 -39.28 8.89
1795 -10.17 21.95
1796 -17.46 7.75
1797 -6.24 27.53
1798 -22.69 29.73
1799 -11.77 13.87
1800 -17.92 10.15
1801 -10.08 30.04
1802 -4 9.61
1803 -9.2 38.28
1804 -43.87 43.47
1805 -18.13 27.82
1806 -6.73 42.64
1807 -39.22 5.83
1808 -0.19 8.76
1809 -17.65 25.95
1810 -27.42 39.48
1811 -26.75 7.34
1812 -34.87 24.4
1813 -33.66 32.99
1814 -26.38 13.57
1815 -3.24 1.43
1816 -31.47 0.3
1817 -33.43 13.32
1818 -7.61 14.99
1819 -14.46 22.16
1820 -5.98 31
1821 -29.65 32.59
1822 -17.94 12.71
1823 -21.47 4.39
1824 -9.87 18.14
1825 -37.14 18.64
1826 -25.98 37.29
1827 -41.22 19.89
1828 -32.4 40.38
1829 -9.95 30.88
1830 -32.31 14.78
1831 -15.09 36.71
1832 -6.03 43.3
1833 -37.81 4.52
1834 -26.68 37.16
1835 -24.17 8.27
1836 -20.38 12.18
1837 -24.9 33.34
1838 -37.73 38.33
1839 -35.99 25.89
1840 -0.54 27.12
1841 -20.42 29.13
1842 -5.02 26.52
1843 -22.9 41.16
1844 -28.04 37.42
1845 -8.2 12.37
1846 -5.08 39.87
1847 -39.17 2.81
1848 -30.86 34.64
1849 -7.32 12.5
1850 -0.29 37.06
1851 -5.25 31.49
1852 -0.35 0.19
1853 -18.04 30.15
1854 -12.04 38.09
1855 -21.21 10.03
1856 -39.16 36.1
1857 -18.63 21.15
1858 -18.31 23.7
1859 -40.64 21.05
1860 -12.95 25.87
1861 -21.74 28.37
1862 -31.18 41.55
1863 -32.19 40.43
1864 -8.93 18.04
1865 -11.11 19.04
1866 -6.53 9.22
1867 -9.42 16.36
1868 -26.03 30.41
1869 -24.5 27.46
1870 -17.02 17.59
1871 -9.7 25.23
1872 -25.91 12.18
1873 -15.41 7.85
1874 -28.9 23.74
1875 -5.62 12.05
1876 -40.42 41.85
1877 -39.41 6.88
1878 -3.32 7.13
1879 -4.69 7.12
1880 -5.68 35.77
1881 -24.52 15.8
1882 -11.68 35.74
1883 -22.15 13.46
1884 -40.92 17.23
1885 -34.83 26.17
1886 -7.4 37.46
1887 -29.17 24.05
1888 -31.9 12.83
1889 -16.1 0.58
1890 -36.15 40.32
1891 -38.18 1.24
1892 -8.12 32.58
1893 -19.23 13.11
1894 -43.75 11.44
1895 -26.74 23.92
1896 -19.25 5.44
1897 -41.18 7.26
1898 -20.72 30.93
1899 -27.69 19.33
1900 -25.02 41.16
1901 -34.63 42.04
1902 -22.09 32.42
1903 -24.78 19.8
1904 -43.9 9.99
1905 -6.31 40.88
1906 -42.12 36.05
1907 -24.63 24.01
1908 -16.64 29.76
1909 -20.73 23.38
1910 -3.31 39.92
1911 -24.88 3.47
1912 -10.73 22.56
1913 -33.01 22.06
1914 -20.91 10.97
1915 -8.13 40.22
1916 -38.26 1.93
1917 -13.87 22.28
1918 -42.08 16.35
1919 -5.86 18.17
1920 -38.57 41.98
1921 -34.04 35.7
1922 -15.71 36.69
1923 -1.98 38.19
1924 -17.58 11.88
1925 -7.8 22.71
1926 -26.18 0.41
1927 -2.49 32.68
1928 -34.26 16.43
1929 -27.4 35.5
1930 -31.73 34.69
1931 -16.14 35.53
1932 -13.82 5.51
1933 -21.87 30.01
1934 -27.71 35.42
1935 -12.93 7.25
1936 -42.95 22.28
1937 -38.5 2.97
1938 -20.68 38.19
1939 -6.07 40.48
1940 -19.19 17.78
1941 -18.19 37.39
1942 -26.07 24.89
1943 -41.32 0.2
1944 -35.71 39.85
1945 -30.54 24.72
1946 -39.77 2.96
1947 -8.47 2.68
1948 -12.21 33.11
1949 -24.54 9.86
1950 -17.12 39.92
1951 -41.73 37.47
1952 -19.96 16.07
1953 -10.26 36.23
1954 -12.23 40.64
1955 -37.95 39.85
1956 -33.24 10.94
1957 -35.83 35.66
1958 -35.87 38.83
1959 -34.68 33.15
1960 -37.39 7.1
1961 -10.06 21.22
1962 -3.42 12.68
1963 -1.8 42.05
1964 -31.44 39.16
1965 -14.6 5.86
1966 -43.33 28.08
1967 -0.15 12.33
1968 -28.08 42.81
1969 -18.97 33.94
1970 -9.31 40.31
1971 -30.77 12.92
1972 -4.59 42.56
1973 -37.39 22.6
1974 -35.27 19.98
1975 -27.08 7.6
1976 -8.34 28.66
1977 -41.35 16.66
1978 -14.71 11.77
1979 -30.45 22.67
1980 -28.53 25.67
1981 -9.75 1.05
1982 -13.39 7.38
1983 -6.19 33.43
1984 -2.89 20.99
1985 -40.83 25.16
1986 -17.61 12.2
1987 -34.28 27.6
1988 -29.73 1.72
1989 -21.7 27.68
1990 -14.8 21
1991 -29.19 4.78
1992 -21.44 23.14
1993 -14.43 6.06
1994 -28.73 15.67
1995 -20.87 0.88
1996 -1.94 13.26
1997 -0.16 30.62
1998 -43.57 38.85
1999 -39.36 6.35
2000 -11.03 2.46
2001 -14.67 36.19
2002 -43.32 8.16
2003 -9.88 4.95
2004 -12.15 29.05
2005 -6.05 11.1
2006 -39.4 26.95
2007 -6.1 35.24
2008 -41.3 40.36
2009 -35.56 0.05
2010 -0.94 5.55
2011 -42.33 12.43
2012 -43.05 26.4
2013 -21.25 42.49
2014 -28.36 42.63
2015 -24.61 16.61
2016 -32.33 39.4
2017 -27.08 39.28
2018 -23.76 31.65
2019 -16.7 36.97
2020 -27.59 15.43
2021 -42.39 22.75
2022 -37.52 2.52
2023 -42.88 28.01
2024 -28.06 14.34
2025 -43.42 34.44
2026 -2.87 8.52
2027 -34.92 41.75
2028 -40.25 25.45
2029 -3.6 12.17
2030 -8.31 24.61
2031 -43.53 28.21
2032 -3.02 20.16
2033 -7.81 26.62
2034 -43.11 26.78
2035 -21.73 24.51
2036 -26.78 26.7
2037 -29.22 20.12
2038 -27.65 43.82
2039 -37.69 7.63
2040 -42.07 35.24
2041 -43.76 37.11
2042 -34.86 24.47
2043 -5.92 34.69
2044 -26.38 10.63
2045 -35.25 9.52
2046 -17.25 14.21
2047 -34.37 14.3
2048 -40.92 20.27
2049 -26.57 42.18
2050 -2.21 40.03
2051 -2.26 4.31
2052 -3.95 8.52
2053 -31.86 11
2054 -18.63 11.13
2055 -2.37 25.55
2056 -18.66 40.23
2057 -20.7 2.13
2058 -16.34 33.05
2059 -43.68 26.62
2060 -15.66 22.25
2061 -36.46 14.45
2062 -28.76 32.91
2063 -32.71 6.36
2064 -28.06 25.68
2065 -1.24 15.28
2066 -43.11 9.8
2067 -18.32 3.5
2068 -38.02 26.59
2069 -37.72 29.7
2070 -34.78 12.66
2071 -8.89 40.09
2072 -21.74 9.44
2073 -22.01 9.11
2074 -35.73 17.61
2075 -39.86 1.22
2076 -15.67 30.91
2077 -19.82 11.84
2078 -18.2 0.43
2079 -5.64 32.05
2080 -26.86 25.79
2081 -35.59 30.4
2082 -13.42 25.97
2083 -32.08 33.43
2084 -19.13 7.44
2085 -43.62 25.8
2086 -1.41 9.91
2087 -42.88 32.03
2088 -41.14 23.16
2089 -20.29 0.41
2090 -1.63 32.87
2091 -43.3 39.67
2092 -7.51 17.31
2093 64.0935 53.7935
2094 54.0935 53.1235
2095 48.0935 44.9135
2096 66.0935 47.1535
2097 52.0935 49.6635
2098 62.0935 57.3035
2099 58.0935 47.5635
2100 55.0935 59.7535
2101 56.0935 49.9635
2102 58.0935 56.6535
2103 61.0935 50.5635
2104 65.0935 54.5035
2105 63.0935 56.6135
2106 63.0935 55.0335
2107 64.0935 48.4535
2108 64.0935 49.4135
2109 63.0935 51.7635
2110 67.0935 49.7635
2111 53.0935 61.1035
2112 53.0935 46.3535
2113 46.0935 57.4935
2114 63.0935 44.8935
2115 55.0935 56.3935
2116 58.0935 44.3635
2117 65.0935 48.1335
2118 60.0935 54.8035
2119 48.0935 48.7835
2120 44.0935 58.7235
2121 46.0935 50.4435
2122 49.0935 60.3935
2123 52.0935 60.4235
2124 50.0935 62.9235
2125 60.0935 49.5835
2126 54.0935 62.1135
2127 54.0935 55.3335
2128 48.0935 48.6935
2129 52.0935 49.3635
2130 56.0935 60.6435
2131 57.0935 49.0035
2132 46.0935 45.8835
2133 67.0935 44.7535
2134 46.0935 51.5635
2135 44.0935 45.2335
2136 62.0935 57.7135
2137 65.0935 51.3235
2138 60.0935 45.8235
2139 53.0935 53.6735
2140 60.0935 54.6635
2141 55.0935 45.6835
2142 63.0935 57.1835
2143 59.0935 57.4835
2144 61.0935 60.6035
2145 66.0935 49.2235
2146 46.0935 64.3735
2147 44.0935 47.4935
2148 67.0935 47.6135
2149 59.0935 60.1835
2150 63.0935 52.0835
2151 47.0935 66.2335
2152 53.0935 63.8535
2153 65.0935 47.6635
2154 66.0935 50.5535
2155 51.0935 65.1935
2156 44.0935 64.8335
2157 61.0935 47.2435
2158 59.0935 49.1335
2159 63.0935 56.6535
2160 67.0935 48.3435
2161 65.0935 51.7435
2162 65.0935 44.3535
2163 66.0935 46.7335
2164 50.0935 60.2635
2165 49.0935 53.3835
2166 64.0935 53.0935
2167 67.0935 48.3835
2168 61.0935 46.4235
2169 50.0935 66.9235
2170 55.0935 46.6235
2171 65.0935 51.4435
2172 59.0935 57.2435
2173 59.0935 44.7535
2174 51.0935 55.1935
2175 66.0935 51.4035
2176 63.0935 45.0035
2177 44.0935 50.5035
2178 45.0935 48.6335
2179 49.0935 64.5635
2180 47.0935 67.4035
2181 45.0935 46.4835
2182 63.0935 56.8135
2183 56.0935 47.2135
2184 49.0935 52.6735
2185 63.0935 45.4635
2186 67.0935 48.5035
2187 56.0935 56.0335
2188 52.0935 60.8435
2189 48.0935 56.4035
2190 65.0935 52.9135
2191 50.0935 61.8235
2192 58.0935 50.2035
2193 46.0935 55.0435
2194 57.0935 58.8035
2195 59.0935 58.5035
2196 46.0935 64.3335
2197 52.0935 59.4735
2198 44.0935 52.1435
2199 46.0935 54.6335
2200 51.0935 49.0735
2201 67.0935 48.8835
2202 59.0935 48.2435
2203 49.0935 62.0835
2204 67.0935 47.9535
2205 66.0935 51.3735
2206 48.0935 50.0635
2207 49.0935 53.5535
2208 64.0935 44.7635
2209 62.0935 47.8635
2210 67.0935 48.9835
2211 54.0935 56.0235
2212 53.0935 64.1235
2213 51.0935 55.7035
2214 44.0935 54.4335
2215 67.0935 49.8435
2216 52.0935 47.1935
2217 66.0935 49.8435
2218 46.0935 47.8935
2219 58.0935 61.3035
2220 66.0935 51.1735
2221 57.0935 53.9535
2222 53.0935 52.1235
2223 49.0935 57.7435
2224 54.0935 49.3635
2225 67.0935 47.2235
2226 44.0935 49.2235
2227 63.0935 54.4235
2228 64.0935 52.9935
2229 54.0935 64.3735
2230 56.0935 49.2335
2231 56.0935 64.6935
2232 44.0935 50.1935
2233 63.0935 57.6335
2234 50.0935 47.7035
2235 47.0935 65.1735
2236 58.0935 54.8635
2237 59.0935 62.8835
2238 48.0935 54.3735
2239 49.0935 46.6335
2240 55.0935 45.0135
2241 52.0935 58.3635
2242 65.0935 49.3635
2243 48.0935 60.3535
2244 57.0935 49.6735
2245 50.0935 64.5535
2246 60.0935 51.7135
2247 58.0935 57.1035
2248 65.0935 55.0335
2249 63.0935 54.7635
2250 55.0935 57.9235
2251 60.0935 52.9035
2252 52.0935 62.3235
2253 53.0935 48.5335
2254 55.0935 64.1935
2255 62.0935 58.7135
2256 46.0935 58.2735
2257 61.0935 53.6835
2258 65.0935 50.1035
2259 53.0935 50.2835
2260 47.0935 47.0535
2261 65.0935 50.9735
2262 62.0935 52.8435
2263 49.0935 63.4435
2264 65.0935 48.0535
2265 47.0935 55.3835
2266 51.0935 47.9235
2267 62.0935 60.0035
2268 54.0935 61.3235
2269 55.0935 53.1835
2270 45.0935 58.9535
2271 55.0935 48.4435
2272 60.0935 46.2135
2273 47.0935 52.6335
2274 53.0935 48.9335
2275 53.0935 52.3735
2276 56.0935 44.5135
2277 60.0935 54.0035
2278 53.0935 44.1435
2279 58.0935 63.0035
2280 50.0935 56.4235
2281 44.0935 54.9435
2282 48.0935 47.3935
2283 49.0935 51.8335
2284 50.0935 62.7335
2285 63.0935 56.4835
2286 58.0935 55.6735
2287 55.0935 56.6835
2288 62.0935 46.3135
2289 57.0935 53.9635
2290 54.0935 59.9935
2291 44.0935 58.9635
2292 56.0935 52.4135
2293 66.0935 45.6235
2294 50.0935 66.1735
2295 64.0935 51.5335
2296 50.0935 44.7335
2297 53.0935 62.1935
2298 51.0935 66.1935
2299 53.0935 50.6235
2300 67.0935 49.8135
2301 56.0935 61.8635
2302 63.0935 51.2835
2303 48.0935 44.6235
2304 65.0935 50.6235
2305 45.0935 52.0935
2306 67.0935 48.6635
2307 67.0935 46.3635
2308 53.0935 60.7835
2309 53.0935 60.4035
2310 53.0935 64.8635
2311 63.0935 44.8035
2312 54.0935 47.1835
2313 54.0935 66.0235
2314 63.0935 50.2835
2315 58.0935 58.0735
2316 51.0935 46.5135
2317 44.0935 51.3135
2318 62.0935 49.2535
2319 44.0935 52.1635
2320 50.0935 50.7835
2321 67.0935 48.2235
2322 62.0935 50.0735
2323 53.0935 46.2835
2324 55.0935 55.3535
2325 63.0935 50.0635
2326 51.0935 44.8735
2327 56.0935 61.0635
2328 55.0935 52.1135
2329 62.0935 45.2035
2330 45.0935 66.4935
2331 53.0935 58.7435
2332 55.0935 44.4635
2333 47.0935 49.5835
2334 66.0935 49.7635
2335 56.0935 48.3335
2336 64.0935 53.2535
2337 45.0935 67.7535
2338 62.0935 54.9135
2339 62.0935 49.4335
2340 64.0935 48.9835
2341 47.0935 60.2135
2342 55.0935 56.1235
2343 57.0935 51.6835
2344 50.0935 47.6535
2345 58.0935 53.4035
2346 52.0935 46.4035
2347 52.0935 44.4035
2348 45.0935 53.4935
2349 52.0935 51.8435
2350 67.0935 46.4635
2351 63.0935 45.5735
2352 45.0935 67.4935
2353 46.0935 66.2835
2354 67.0935 48.6135
2355 53.0935 65.4035
2356 61.0935 49.9735
2357 59.0935 48.2235
2358 64.0935 55.1835
2359 64.0935 47.5935
2360 65.0935 49.5535
2361 53.0935 48.2235
2362 53.0935 57.3935
2363 53.0935 45.0735
2364 66.0935 51.8635
2365 53.0935 56.3835
2366 50.0935 66.8535
2367 53.0935 53.2835
2368 53.0935 62.0535
2369 47.0935 54.4935
2370 44.0935 46.0535
2371 63.0935 46.0335
2372 53.0935 46.2835
2373 59.0935 62.8635
2374 44.0935 50.9235
2375 51.0935 55.0635
2376 65.0935 45.6935
2377 54.0935 65.6735
2378 62.0935 55.1635
2379 61.0935 53.7335
2380 65.0935 49.4335
2381 66.0935 45.6035
2382 67.0935 45.8435
2383 63.0935 51.3735
2384 55.0935 62.2335
2385 52.0935 66.3335
2386 62.0935 46.5235
2387 66.0935 52.0435
2388 50.0935 55.3835
2389 52.0935 49.5535
2390 60.0935 57.6035
2391 55.0935 58.0235
2392 60.0935 48.6335
2393 47.0935 51.6335
2394 53.0935 64.2135
2395 63.0935 52.0735
2396 67.0935 44.7435
2397 62.0935 55.1935
2398 60.0935 51.8235
2399 58.0935 46.2535
2400 63.0935 47.1935
2401 52.0935 64.0635
2402 45.0935 54.7135
2403 61.0935 54.2935
2404 55.0935 56.2635
2405 66.0935 52.1635
2406 45.0935 56.1935
2407 52.0935 50.9035
2408 44.0935 51.6435
2409 63.0935 47.3835
2410 52.0935 66.1535
2411 44.0935 57.7635
2412 21.0935 47.8735
2413 39.0935 65.7735
2414 29.0935 48.2835
2415 32.0935 60.9935
2416 35.0935 62.3735
2417 21.0935 44.4335
2418 26.0935 58.4135
2419 42.0935 61.4235
2420 42.0935 54.3435
2421 36.0935 49.2835
2422 25.0935 52.0135
2423 32.0935 48.1235
2424 25.0935 50.4835
2425 32.0935 59.2835
2426 30.0935 49.2135
2427 34.0935 44.3035
2428 22.0935 52.7635
2429 23.0935 52.5435
2430 34.0935 62.3435
2431 29.0935 56.7635
2432 31.0935 59.8435
2433 22.0935 48.0435
2434 29.0935 58.2135
2435 24.0935 56.1835
2436 35.0935 50.2935
2437 32.0935 48.3335
2438 32.0935 54.4135
2439 29.0935 59.2535
2440 36.0935 58.7335
2441 25.0935 48.7935
2442 36.0935 53.8335
2443 41.0935 62.3235
2444 23.0935 46.9435
2445 40.0935 48.8935
2446 26.0935 45.1735
2447 33.0935 55.2535
2448 41.0935 55.1435
2449 29.0935 55.0335
2450 34.0935 52.5335
2451 40.0935 47.1635
2452 36.0935 58.4535
2453 28.0935 45.4235
2454 27.0935 51.7235
2455 31.0935 50.0235
2456 41.0935 55.9335
2457 29.0935 50.6935
2458 30.0935 48.6735
2459 41.0935 50.6135
2460 41.0935 54.6435
2461 24.0935 45.1535
2462 25.0935 49.9235
2463 38.0935 57.5935
2464 43.0935 58.4635
2465 35.0935 50.2035
2466 35.0935 58.6235
2467 22.0935 46.0735
2468 31.0935 58.6335
2469 21.0935 49.1935
2470 30.0935 56.4135
2471 29.0935 54.5835
2472 24.0935 50.7935
2473 31.0935 62.3635
2474 35.0935 63.5335
2475 37.0935 66.8135
2476 28.0935 53.7235
2477 42.0935 47.2435
2478 42.0935 63.6135
2479 26.0935 57.4835
2480 38.0935 63.7235
2481 38.0935 46.3235
2482 44.0935 51.8235
2483 27.0935 55.6635
2484 25.0935 54.6535
2485 32.0935 50.5835
2486 40.0935 48.3635
2487 33.0935 49.6635
2488 26.0935 57.2135
2489 24.0935 47.3635
2490 35.0935 61.2435
2491 37.0935 60.7035
2492 30.0935 49.9135
2493 24.0935 53.8935
2494 34.0935 57.0335
2495 40.0935 63.8535
2496 27.0935 49.8335
2497 36.0935 65.3435
2498 29.0935 48.3435
2499 21.0935 44.3635
2500 34.0935 51.1635
2501 40.0935 54.3135
2502 30.0935 49.3635
2503 21.0935 49.9335
2504 36.0935 45.2435
2505 41.0935 60.1035
2506 38.0935 61.2435
2507 34.0935 53.7335
2508 31.0935 45.9935
2509 23.0935 53.9235
2510 23.0935 52.2635
2511 28.0935 60.5535
2512 33.0935 50.2535
2513 44.0935 57.0035
2514 27.0935 58.2035
2515 22.0935 44.8435
2516 34.0935 65.5535
2517 34.0935 52.6535
2518 42.0935 50.9035
2519 35.0935 44.2735
2520 23.0935 44.6535
2521 41.0935 58.9235
2522 37.0935 50.4235
2523 36.0935 59.8135
2524 25.0935 48.5435
2525 24.0935 56.2135
2526 22.0935 51.2935
2527 37.0935 50.1435
2528 40.0935 65.4435
2529 24.0935 45.3835
2530 30.0935 61.7535
2531 35.0935 56.2535
2532 39.0935 56.6835
2533 44.0935 64.0035
2534 32.0935 64.7435
2535 35.0935 56.5035
2536 22.0935 52.8935
2537 23.0935 47.0635
2538 35.0935 64.8635
2539 26.0935 47.4935
2540 26.0935 54.3935
2541 31.0935 61.4535
2542 26.0935 59.7335
2543 35.0935 54.4735
2544 41.0935 51.9935
2545 25.0935 51.0635
2546 44.0935 44.8535
2547 35.0935 45.8235
2548 29.0935 47.9835
2549 24.0935 55.3735
2550 25.0935 57.8235
2551 39.0935 58.9035
2552 35.0935 56.5935
2553 30.0935 49.2735
2554 29.0935 53.6135
2555 37.0935 46.5835
2556 38.0935 62.7335
2557 35.0935 46.4135
2558 28.0935 59.8835
2559 38.0935 44.4035
2560 35.0935 46.5135
2561 40.0935 63.3835
2562 22.0935 48.5435
2563 37.0935 53.6735
2564 38.0935 57.7635
2565 42.0935 58.0235
2566 43.0935 53.2035
2567 26.0935 53.5535
2568 26.0935 57.1435
2569 31.0935 58.5035
2570 35.0935 64.8535
2571 33.0935 62.4935
2572 44.0935 51.8935
2573 36.0935 66.3335
2574 37.0935 45.0835
2575 41.0935 50.4135
2576 43.0935 64.9635
2577 26.0935 56.7235
2578 40.0935 50.2635
2579 23.0935 48.7935
2580 24.0935 46.2035
2581 32.0935 54.8635
2582 29.0935 56.9935
2583 44.0935 67.4635
2584 37.0935 54.0235
2585 34.0935 47.1435
2586 43.0935 60.3035
2587 27.0935 53.7435
2588 42.0935 48.8235
2589 43.0935 47.2235
2590 44.0935 68.0535
2591 34.0935 56.7435
2592 25.0935 56.6935
2593 27.0935 57.7635
2594 31.0935 50.6335
2595 35.0935 61.2235
2596 38.0935 55.6235
2597 21.0935 45.0235
2598 32.0935 46.2835
2599 22.0935 46.0035
2600 24.0935 49.6935
2601 24.0935 49.9435
2602 30.0935 52.5435
2603 30.0935 60.9735
2604 21.0935 48.0035
2605 35.0935 51.5235
2606 41.0935 65.0835
2607 35.0935 54.3135
2608 37.0935 60.0335
2609 31.0935 47.9735
2610 44.0935 52.8735
2611 30.0935 44.2735
2612 24.0935 51.5435
2613 25.0935 55.3735
2614 24.0935 54.5435
2615 25.0935 55.3735
2616 42.0935 59.7735
2617 39.0935 60.0135
2618 31.0935 58.7635
2619 28.0935 48.9335
2620 26.0935 52.4235
2621 32.0935 53.5435
2622 39.0935 45.5035
2623 33.0935 58.5335
2624 29.0935 45.1735
2625 27.0935 46.4435
2626 22.0935 52.9635
2627 30.0935 45.8335
2628 40.0935 65.7835
2629 26.0935 56.5735
2630 41.0935 45.8335
2631 36.0935 44.8235
2632 30.0935 44.5035
2633 39.0935 65.1635
2634 44.0935 54.0635
2635 44.0935 60.2735
2636 38.0935 55.8135
2637 37.0935 49.2435
2638 43.0935 56.9135
2639 44.0935 63.6135
2640 26.0935 59.0635
2641 29.0935 46.4135
2642 36.0935 60.5435
2643 25.0935 54.7735
2644 37.0935 56.7035
2645 24.0935 44.9135
2646 33.0935 62.5335
2647 21.0935 49.8635
2648 43.0935 49.3335
2649 23.0935 50.0635
2650 35.0935 64.3835
2651 41.0935 57.1235
2652 43.0935 67.3935
2653 41.0935 56.2735
2654 32.0935 54.9235
2655 42.0935 66.1535
2656 32.0935 52.1835
2657 22.0935 49.2535
2658 29.0935 45.0635
2659 28.0935 49.8335
2660 21.0935 44.6135
2661 36.0935 45.0335
2662 44.0935 46.2435
2663 40.0935 66.4235
2664 25.0935 47.7035
2665 26.0935 54.2135
2666 38.0935 46.5435
2667 41.0935 51.5235
2668 21.0935 48.9535
2669 27.0935 52.4835
2670 43.0935 47.4035
2671 27.0935 44.6235
2672 40.0935 50.9635
2673 35.0935 45.0835
2674 43.0935 58.6635
2675 27.0935 60.0535
2676 23.0935 50.3835
2677 42.0935 48.1435
2678 28.0935 51.2735
2679 30.0935 45.4435
2680 29.0935 60.8135
2681 37.0935 58.7835
2682 23.0935 53.7235
2683 32.0935 63.5335
2684 35.0935 51.3435
2685 37.0935 53.3235
2686 28.0935 60.4135
2687 36.0935 55.1035
2688 36.0935 47.5935
2689 28.0935 50.1835
2690 33.0935 49.8335
2691 35.0935 48.2635
2692 41.0935 51.0835
2693 22.0935 48.6135
2694 42.0935 47.2635
2695 37.0935 58.5835
2696 39.0935 48.9635
2697 21.0935 46.6835
2698 34.0935 56.4435
2699 37.0935 63.1235
2700 35.0935 64.0035
2701 22.0935 48.3035
2702 21.0935 47.6835
2703 22.0935 46.5635
2704 27.0935 60.3235
2705 28.0935 47.2535
2706 43.0935 57.2235
2707 39.0935 56.6135
2708 23.0935 54.2135
2709 28.0935 45.9235
2710 43.0935 49.0535
2711 28.0935 47.2735
2712 21.0935 46.6435
2713 43.0935 67.9435
2714 25.0935 54.4235
2715 24.0935 56.6535
2716 44.0935 59.8035
2717 39.0935 67.6035
2718 34.0935 65.0935
2719 37.0935 59.4835
2720 25.0935 56.6435
2721 21.0935 47.8135
2722 27.0935 47.0235
2723 36.0935 52.4335
2724 43.0935 66.4235
2725 31.0935 48.4335
2726 35.0935 46.6235
2727 44.0935 60.7335
2728 23.0935 54.4335
2729 27.0935 51.1335
2730 25.0935 51.5035
2731 56.0935 31.1435
2732 60.0935 42.7235
2733 54.0935 43.6735
2734 57.0935 24.6435
2735 49.0935 23.4535
2736 53.0935 40.6835
2737 56.0935 39.8735
2738 46.0935 20.4435
2739 44.0935 25.1835
2740 50.0935 33.3235
2741 57.0935 27.7835
2742 62.0935 34.2835
2743 67.0935 40.1835
2744 51.0935 26.1335
2745 59.0935 32.7535
2746 57.0935 30.5435
2747 49.0935 36.5935
2748 57.0935 26.8135
2749 44.0935 27.7535
2750 45.0935 42.8335
2751 47.0935 38.3135
2752 47.0935 42.7435
2753 64.0935 38.5635
2754 64.0935 36.4935
2755 52.0935 27.0735
2756 53.0935 38.3635
2757 61.0935 30.8935
2758 54.0935 24.8135
2759 47.0935 28.8735
2760 60.0935 35.0235
2761 64.0935 38.9535
2762 58.0935 38.1935
2763 48.0935 21.5035
2764 46.0935 33.4935
2765 50.0935 30.6635
2766 46.0935 40.1635
2767 66.0935 40.5235
2768 60.0935 33.3535
2769 54.0935 34.7635
2770 51.0935 31.5135
2771 59.0935 38.8535
2772 59.0935 25.8835
2773 56.0935 27.7135
2774 61.0935 28.0135
2775 64.0935 39.3135
2776 47.0935 38.8935
2777 52.0935 42.2835
2778 46.0935 33.4935
2779 57.0935 28.2935
2780 44.0935 38.2235
2781 60.0935 33.9835
2782 56.0935 27.5935
2783 60.0935 42.4535
2784 44.0935 21.2635
2785 53.0935 23.4635
2786 65.0935 42.2435
2787 60.0935 28.3635
2788 62.0935 33.2535
2789 67.0935 39.0235
2790 48.0935 33.3435
2791 49.0935 28.5035
2792 47.0935 31.8035
2793 53.0935 34.9935
2794 45.0935 24.7535
2795 46.0935 40.9535
2796 45.0935 34.3935
2797 49.0935 29.5635
2798 60.0935 43.6435
2799 53.0935 31.1235
2800 44.0935 33.4235
2801 52.0935 25.8735
2802 64.0935 36.6135
2803 63.0935 30.9935
2804 57.0935 25.9935
2805 53.0935 34.3235
2806 49.0935 32.0235
2807 61.0935 37.2535
2808 48.0935 40.7935
2809 50.0935 38.7935
2810 52.0935 26.2035
2811 52.0935 38.2435
2812 63.0935 35.8835
2813 58.0935 28.2935
2814 46.0935 30.5035
2815 57.0935 40.6235
2816 46.0935 36.2035
2817 45.0935 39.7935
2818 66.0935 37.4135
2819 48.0935 28.8635
2820 58.0935 33.9535
2821 64.0935 34.9435
2822 57.0935 38.6835
2823 63.0935 40.0035
2824 67.0935 43.1135
2825 59.0935 40.7435
2826 47.0935 40.7435
2827 52.0935 39.5935
2828 48.0935 23.4735
2829 62.0935 40.3435
2830 58.0935 35.9835
2831 54.0935 36.0935
2832 49.0935 28.1435
2833 51.0935 37.1835
2834 51.0935 38.3435
2835 66.0935 36.1635
2836 53.0935 39.9135
2837 44.0935 31.4735
2838 60.0935 35.9835
2839 52.0935 24.2635
2840 57.0935 37.9435
2841 59.0935 30.5735
2842 59.0935 37.1435
2843 67.0935 43.5035
2844 50.0935 39.2435
2845 54.0935 27.2535
2846 61.0935 34.0135
2847 64.0935 41.5935
2848 51.0935 43.4235
2849 53.0935 34.9135
2850 67.0935 38.5035
2851 63.0935 34.2535
2852 61.0935 38.8635
2853 59.0935 36.1635
2854 51.0935 38.3835
2855 61.0935 42.6135
2856 50.0935 22.0935
2857 65.0935 40.2035
2858 59.0935 28.5335
2859 45.0935 36.5235
2860 49.0935 33.7435
2861 45.0935 20.6735
2862 44.0935 20.8335
2863 48.0935 32.1035
2864 53.0935 41.7235
2865 66.0935 41.6935
2866 56.0935 23.2835
2867 45.0935 25.3135
2868 49.0935 35.8535
2869 51.0935 21.1735
2870 67.0935 40.0935
2871 52.0935 34.7635
2872 52.0935 37.1635
2873 55.0935 43.0935
2874 61.0935 43.8535
2875 49.0935 20.6635
2876 51.0935 25.5835
2877 65.0935 37.0635
2878 65.0935 33.2735
2879 67.0935 38.3535
2880 59.0935 32.8435
2881 67.0935 41.4135
2882 50.0935 34.1735
2883 46.0935 22.9435
2884 44.0935 30.8835
2885 67.0935 43.4635
2886 54.0935 30.5735
2887 56.0935 30.3135
2888 49.0935 30.9035
2889 46.0935 34.1035
2890 63.0935 33.2135
2891 66.0935 35.5435
2892 67.0935 40.7835
2893 46.0935 33.4135
2894 65.0935 41.4435
2895 54.0935 23.2435
2896 58.0935 38.0035
2897 53.0935 43.5635
2898 61.0935 33.0635
2899 60.0935 37.9235
2900 64.0935 38.2935
2901 52.0935 35.0735
2902 52.0935 38.8035
2903 53.0935 22.2835
2904 48.0935 21.9835
2905 64.0935 39.1335
2906 47.0935 27.8335
2907 47.0935 31.1935
2908 50.0935 30.4835
2909 50.0935 39.8635
2910 67.0935 42.5635
2911 52.0935 29.8835
2912 46.0935 26.9635
2913 62.0935 40.9335
2914 48.0935 28.1435
2915 49.0935 30.6435
2916 55.0935 28.9135
2917 59.0935 25.9835
2918 55.0935 33.2935
2919 44.0935 40.1035
2920 48.0935 39.3235
2921 59.0935 32.6635
2922 51.0935 22.1135
2923 62.0935 32.4435
2924 60.0935 26.6535
2925 61.0935 40.1835
2926 61.0935 39.6035
2927 56.0935 39.4535
2928 63.0935 38.1835
2929 52.0935 21.2635
2930 54.0935 27.4035
2931 60.0935 36.4435
2932 47.0935 37.2935
2933 60.0935 37.7135
2934 44.0935 41.3735
2935 66.0935 37.5335
2936 49.0935 33.7235
2937 64.0935 39.0435
2938 60.0935 33.2335
2939 62.0935 43.6135
2940 58.0935 26.4635
2941 67.0935 40.2535
2942 65.0935 35.5435
2943 56.0935 31.8135
2944 62.0935 38.7735
2945 51.0935 31.7335
2946 61.0935 27.1335
2947 61.0935 41.6435
2948 60.0935 38.8035
2949 63.0935 35.6935
2950 54.0935 31.8435
2951 49.0935 43.0635
2952 59.0935 28.6035
2953 56.0935 36.5835
2954 67.0935 38.2635
2955 67.0935 41.8835
2956 54.0935 36.6735
2957 49.0935 34.9835
2958 53.0935 35.0435
2959 59.0935 29.1335
2960 49.0935 41.5435
2961 52.0935 30.6635
2962 51.0935 33.7135
2963 48.0935 33.3035
2964 63.0935 30.3435
2965 51.0935 29.8835
2966 53.0935 35.8935
2967 49.0935 36.4135
2968 49.0935 38.7235
2969 67.0935 41.4935
2970 60.0935 37.8735
2971 46.0935 41.4235
2972 56.0935 29.7035
2973 46.0935 26.4435
2974 61.0935 34.3935
2975 45.0935 40.7535
2976 61.0935 43.1135
2977 57.0935 25.2935
2978 48.0935 22.8835
2979 51.0935 32.5435
2980 53.0935 26.2735
2981 57.0935 27.5935
2982 63.0935 32.5535
2983 54.0935 30.8135
2984 63.0935 39.6835
2985 49.0935 22.4535
2986 67.0935 41.8635
2987 67.0935 42.7835
2988 66.0935 39.9635
2989 44.0935 42.5035
2990 47.0935 27.9935
2991 50.0935 30.9735
2992 56.0935 32.8235
2993 48.0935 23.1335
2994 65.0935 42.0635
2995 67.0935 38.1135
2996 62.0935 34.2935
2997 52.0935 28.6435
2998 50.0935 39.3935
2999 65.0935 43.7935
3000 63.0935 38.9535
3001 66.0935 43.3135
3002 45.0935 21.3235
3003 49.0935 27.0535
3004 58.0935 26.0435
3005 51.0935 40.8335
3006 67.0935 43.4835
3007 66.0935 41.3435
3008 61.0935 42.2635
3009 63.0935 42.1935
3010 50.0935 27.3435
3011 56.0935 37.3335
3012 59.0935 41.2135
3013 65.0935 39.6735
3014 50.0935 30.6235
3015 60.0935 37.3635
3016 57.0935 30.9135
3017 63.0935 41.0635
3018 47.0935 40.4935
3019 51.0935 34.7235
3020 65.0935 33.3535
3021 55.0935 35.2435
3022 64.0935 40.5535
3023 44.0935 35.3235
3024 65.0935 38.2535
3025 63.0935 31.3435
3026 51.0935 38.5035
3027 56.0935 26.4335
3028 55.0935 32.8435
3029 56.0935 30.0035
3030 56.0935 34.7735
3031 62.0935 40.7135
3032 46.0935 39.2435
3033 45.0935 23.6435
3034 65.0935 44.0935
3035 51.0935 21.9535
3036 50.0935 37.5935
3037 51.0935 28.4735
3038 64.0935 36.4535
3039 67.0935 38.6435
3040 64.0935 31.9935
3041 57.0935 31.9835
3042 53.0935 26.3235
3043 53.0935 29.8935
3044 46.0935 31.7135
3045 57.0935 41.3035
3046 54.0935 37.4635
3047 53.0935 43.8835
3048 48.0935 33.9935
3049 54.0935 28.6435
3050 42.0935 31.0435
3051 32.0935 34.7335
3052 40.0935 24.4635
3053 25.0935 34.9735
3054 25.0935 41.6735
3055 34.0935 37.3035
3056 23.0935 42.2635
3057 42.0935 24.8335
3058 28.0935 27.8935
3059 41.0935 25.4335
3060 42.0935 42.8135
3061 43.0935 32.2935
3062 36.0935 26.4335
3063 35.0935 37.1735
3064 24.0935 33.3735
3065 22.0935 38.7135
3066 23.0935 42.0735
3067 29.0935 40.2435
3068 39.0935 29.8335
3069 26.0935 35.1235
3070 32.0935 27.4935
3071 36.0935 25.8435
3072 25.0935 37.9035
3073 28.0935 43.0235
3074 29.0935 25.5835
3075 23.0935 44.0835
3076 33.0935 34.3435
3077 31.0935 37.3435
3078 27.0935 43.7435
3079 28.0935 33.3935
3080 33.0935 36.5135
3081 40.0935 23.6935
3082 28.0935 30.2235
3083 42.0935 29.8035
3084 23.0935 37.8135
3085 38.0935 36.2335
3086 36.0935 40.0635
3087 33.0935 30.7435
3088 26.0935 36.9435
3089 38.0935 29.9235
3090 38.0935 28.9035
3091 34.0935 39.5935
3092 34.0935 32.5835
3093 39.0935 24.6935
3094 38.0935 38.6435
3095 34.0935 29.6035
3096 25.0935 43.8735
3097 34.0935 41.4235
3098 26.0935 34.9335
3099 43.0935 31.3035
3100 28.0935 35.8635
3101 35.0935 26.7335
3102 30.0935 30.2835
3103 25.0935 41.0535
3104 28.0935 29.9235
3105 43.0935 38.9035
3106 24.0935 41.1835
3107 35.0935 22.7435
3108 25.0935 43.6335
3109 41.0935 33.2835
3110 24.0935 38.7235
3111 33.0935 27.1035
3112 41.0935 43.8835
3113 25.0935 36.3635
3114 43.0935 24.4535
3115 23.0935 41.2435
3116 25.0935 43.8735
3117 35.0935 32.3935
3118 41.0935 36.1335
3119 42.0935 36.0535
3120 39.0935 38.6135
3121 41.0935 22.5635
3122 21.0935 41.6535
3123 44.0935 41.2735
3124 34.0935 36.9435
3125 32.0935 25.7535
3126 44.0935 43.6235
3127 38.0935 37.9335
3128 32.0935 32.0835
3129 27.0935 39.0035
3130 31.0935 41.1535
3131 22.0935 43.0135
3132 31.0935 27.3835
3133 42.0935 23.8535
3134 41.0935 28.0435
3135 24.0935 43.7735
3136 35.0935 43.0635
3137 27.0935 39.6535
3138 25.0935 35.8335
3139 25.0935 33.7135
3140 39.0935 35.1435
3141 24.0935 37.6335
3142 22.0935 39.5135
3143 26.0935 34.9535
3144 25.0935 40.0635
3145 29.0935 31.2935
3146 34.0935 38.3635
3147 43.0935 30.9035
3148 40.0935 25.9035
3149 37.0935 26.9835
3150 28.0935 38.8535
3151 37.0935 41.8035
3152 33.0935 38.2935
3153 42.0935 30.3435
3154 42.0935 28.0435
3155 39.0935 35.6135
3156 24.0935 31.2035
3157 22.0935 35.6335
3158 24.0935 44.0135
3159 40.0935 27.4635
3160 25.0935 30.2235
3161 36.0935 36.4835
3162 28.0935 28.2435
3163 24.0935 43.5335
3164 24.0935 42.3335
3165 25.0935 42.2835
3166 28.0935 36.4735
3167 22.0935 35.3035
3168 42.0935 43.6935
3169 34.0935 35.0835
3170 31.0935 27.3835
3171 39.0935 43.6035
3172 43.0935 42.6235
3173 25.0935 39.9635
3174 25.0935 44.0235
3175 24.0935 38.9135
3176 42.0935 26.8535
3177 40.0935 43.0335
3178 23.0935 33.4535
3179 22.0935 39.4335
3180 24.0935 32.2835
3181 37.0935 22.6535
3182 25.0935 43.9635
3183 36.0935 42.1935
3184 30.0935 33.2735
3185 25.0935 43.5835
3186 26.0935 40.6535
3187 23.0935 43.4235
3188 41.0935 33.1335
3189 36.0935 30.1135
3190 36.0935 39.4935
3191 32.0935 25.5935
3192 27.0935 28.0935
3193 39.0935 27.6335
3194 35.0935 34.3835
3195 28.0935 41.4835
3196 39.0935 41.4635
3197 42.0935 40.5735
3198 23.0935 33.7535
3199 38.0935 23.2635
3200 32.0935 40.7235
3201 22.0935 35.8735
3202 27.0935 39.7435
3203 27.0935 36.8535
3204 40.0935 37.3635
3205 42.0935 22.6935
3206 22.0935 35.6635
3207 38.0935 27.8635
3208 21.0935 41.1035
3209 23.0935 39.4535
3210 37.0935 41.2335
3211 30.0935 29.2935
3212 39.0935 27.2135
3213 32.0935 31.7935
3214 34.0935 32.3035
3215 23.0935 38.6735
3216 32.0935 38.6135
3217 23.0935 36.0735
3218 37.0935 22.5135
3219 26.0935 31.9035
3220 36.0935 29.5635
3221 29.0935 37.3935
3222 40.0935 23.0735
3223 31.0935 24.1435
3224 27.0935 27.4335
3225 32.0935 25.8135
3226 28.0935 37.6735
3227 24.0935 38.0335
3228 42.0935 28.1635
3229 36.0935 28.0535
3230 24.0935 42.0735
3231 42.0935 28.1735
3232 26.0935 35.9435
3233 30.0935 26.7235
3234 30.0935 34.3635
3235 39.0935 34.5135
3236 22.0935 39.8935
3237 24.0935 43.8335
3238 26.0935 38.3235
3239 31.0935 27.8135
3240 41.0935 24.7235
3241 40.0935 27.0935
3242 33.0935 26.4435
3243 34.0935 41.4835
3244 42.0935 32.6335
3245 27.0935 43.7535
3246 28.0935 32.9335
3247 38.0935 43.0735
3248 33.0935 40.3635
3249 40.0935 41.5235
3250 22.0935 35.5635
3251 37.0935 24.8535
3252 31.0935 27.1035
3253 30.0935 32.6135
3254 24.0935 40.8235
3255 32.0935 24.8535
3256 31.0935 38.2535
3257 40.0935 24.6535
3258 35.0935 31.2335
3259 22.0935 40.4635
3260 44.0935 33.8635
3261 27.0935 35.2435
3262 25.0935 40.3335
3263 33.0935 35.3435
3264 39.0935 41.7835
3265 28.0935 42.6235
3266 28.0935 28.5735
3267 29.0935 36.9935
3268 33.0935 30.3235
3269 22.0935 39.2935
3270 36.0935 41.7135
3271 28.0935 37.8835
3272 26.0935 30.2935
3273 30.0935 27.8135
3274 42.0935 41.3335
3275 21.0935 39.5935
3276 25.0935 33.6835
3277 25.0935 33.1435
3278 35.0935 32.8235
3279 38.0935 37.3935
3280 22.0935 36.0735
3281 35.0935 33.1435
3282 38.0935 39.6535
3283 23.0935 34.5135
3284 39.0935 27.9035
3285 34.0935 23.8035
3286 31.0935 40.1535
3287 41.0935 32.2635
3288 30.0935 37.8835
3289 41.0935 20.1735
3290 23.0935 35.5435
3291 42.0935 24.5735
3292 40.0935 40.2735
3293 29.0935 36.9235
3294 39.0935 30.9235
3295 25.0935 33.9035
3296 32.0935 38.4935
3297 26.0935 28.3135
3298 32.0935 27.3435
3299 40.0935 30.8035
3300 26.0935 39.3135
3301 22.0935 43.0635
3302 28.0935 42.9635
3303 37.0935 31.1135
3304 42.0935 44.0735
3305 30.0935 33.7435
3306 31.0935 40.7235
3307 44.0935 35.5235
3308 37.0935 32.2235
3309 38.0935 41.2935
3310 39.0935 43.4435
3311 21.0935 43.2835
3312 31.0935 27.9135
3313 41.0935 35.2835
3314 27.0935 39.0935
3315 42.0935 20.6935
3316 30.0935 29.8835
3317 33.0935 36.0635
3318 34.0935 38.2335
3319 23.0935 43.8835
3320 31.0935 26.6135
3321 40.0935 31.1135
3322 31.0935 35.0935
3323 32.0935 41.0135
3324 40.0935 41.2735
3325 44.0935 41.1235
3326 40.0935 30.1835
3327 26.0935 41.8435
3328 35.0935 32.2035
3329 41.0935 21.0235
3330 31.0935 35.4035
3331 37.0935 39.8935
3332 30.0935 30.6335
3333 25.0935 38.3235
3334 23.0935 42.8135
3335 38.0935 35.3535
3336 32.0935 36.9935
3337 24.0935 39.9635
3338 21.0935 43.7735
3339 23.0935 41.5835
3340 25.0935 31.4835
3341 40.0935 30.4235
3342 31.0935 27.7935
3343 36.0935 33.9135
3344 41.0935 42.0635
3345 35.0935 30.4835
3346 27.0935 28.3335
3347 23.0935 34.4235
3348 41.0935 32.0135
3349 44.0935 30.0135
3350 28.0935 43.6335
3351 26.0935 28.4435
3352 27.0935 33.5135
3353 22.0935 38.8935
3354 29.0935 29.5735
3355 33.0935 25.5135
3356 43.0935 33.8635
3357 43.0935 41.8735
3358 39.0935 40.8835
3359 23.0935 33.8535
3360 23.0935 41.9135
3361 43.0935 36.5935
3362 29.0935 25.3935
3363 39.0935 22.8735
3364 38.0935 43.9535
3365 42.0935 20.4235
3366 32.0935 32.4535
3367 32.0935 29.8835
3368 26.0935 40.4735
3369 31.0935 28.9635
