%%index real_part   imaginary_part
2022 2022 2022
1 30.34 18.66
2 19.49 10.7
3 33.49 35.35
4 4.47 6.72
5 21.22 28.74
6 23.89 21.04
7 31.02 23.94
8 20 26.66
9 11.55 0.49
10 8.29 5.38
11 9.67 8.44
12 13.19 8
13 2.73 30.06
14 29.86 13.81
15 30.18 21.84
16 32.02 3.28
17 13.98 16.04
18 15.4 15.51
19 13.75 2.99
20 31.74 11.39
21 32.43 26.5
22 14.44 11.15
23 1.81 18.97
24 10.99 34.44
25 3.83 4.88
26 4.85 19.28
27 27.28 5.02
28 35.08 9.56
29 23.38 30.02
30 7.38 28.95
31 32.23 9.08
32 25.13 30.93
33 1.96 1.73
34 4.73 32.05
35 34.96 7.24
36 33.74 27.99
37 3.14 22.92
38 33.41 12.18
39 2.14 32.48
40 28.88 8.4
41 19.2 33.49
42 2.52 33.73
43 34.82 10.49
44 32.03 1.6
45 22.07 13.72
46 22.8 30.93
47 25.86 18.3
48 11.56 3.45
49 27.02 19.35
50 26.59 16.29
51 8.28 17.51
52 4.43 24.33
53 0.51 2.94
54 26.94 1.84
55 1.77 30.17
56 27.67 19.83
57 9.08 20.97
58 22.98 30.19
59 31.79 7.9
60 21.62 10.53
61 32.99 17.87
62 27.69 35.95
63 30.92 14.37
64 33.72 3.25
65 11.06 21.95
66 3.46 24.31
67 12.64 10.86
68 5.33 35.41
69 1.25 4.67
70 34.85 32.27
71 16.1 30.54
72 15.52 26.52
73 12.23 25.19
74 24.61 30.02
75 4.56 8.02
76 17.41 1.76
77 1.71 1.55
78 7.44 0.63
79 31.4 32.63
80 10.1 5.17
81 29.48 33.99
82 8.85 5.08
83 4.49 6.13
84 10.8 14.18
85 10.46 33.27
86 27.81 1.17
87 19.21 18.08
88 34.79 34.85
89 28.88 31.44
90 30.99 23.41
91 16.69 24.96
92 18.03 3.92
93 4.55 18.4
94 6.55 25.47
95 30.64 27.48
96 25.47 8.18
97 13.26 15.65
98 21.78 34.32
99 4.03 9.28
100 6.55 24.1
101 16.8 6.01
102 15.61 25.88
103 24.74 0.01
104 31.46 14.41
105 29.34 9.14
106 25.62 26.45
107 30.37 10.03
108 19.95 7.65
109 24.64 26.45
110 17.93 18.02
111 26.2 10.81
112 26.46 34.92
113 33.24 3.47
114 12.75 3.76
115 19.38 28.79
116 34.8 10.82
117 0.7 0.18
118 0.2 14.42
119 20.35 16.96
120 17.62 23.18
121 5.15 5.21
122 15.24 7.24
123 6.41 35.52
124 17.49 26.71
125 8.73 22.58
126 33.39 26.94
127 25.86 26.46
128 21.45 23.85
129 27.61 23.11
130 7.42 25.72
131 0.54 2.51
132 2.7 33.75
133 3.69 28.76
134 1.25 30.42
135 9.12 24.04
136 29.25 18.87
137 17.64 14.27
138 5.31 0.01
139 18.24 15.57
140 2.15 22.81
141 13.75 18.49
142 8.95 27.06
143 14.91 3.62
144 18.25 30.4
145 20.12 34.04
146 28.08 25.67
147 14.94 12.18
148 4.95 30.78
149 16.72 18.63
150 34.19 33.72
151 8.11 25.84
152 4.11 18.96
153 18.97 25.75
154 32.85 9.42
155 32.23 28.73
156 11.23 26.52
157 17.59 1.51
158 5.13 20.18
159 14.59 24.02
160 13.59 14.9
161 32.09 26.23
162 2.42 5.67
163 0.45 11.04
164 21.19 7.37
165 32.61 8.69
166 34.53 19.39
167 2.35 4.72
168 22 30.16
169 3.58 21.33
170 5.58 18.85
171 0.89 27.34
172 28.85 16.81
173 1 18.48
174 6.51 25.5
175 31.92 15.59
176 33.34 11.62
177 17.29 28.01
178 30.57 35.76
179 34.65 9.26
180 17.95 15.77
181 35.16 31.26
182 35.99 8
183 2.16 29.03
184 5.88 21.99
185 32.36 5.74
186 24.6 11.47
187 28.28 33.25
188 15.74 8.97
189 25.99 29.28
190 0.39 13.77
191 25.39 21.91
192 5.45 33.74
193 33.5 6.68
194 7.46 27.54
195 34.83 23.68
196 18.94 25.41
197 33.41 25.51
198 18.55 10.45
199 32.44 35.57
200 32.83 24.43
201 35.9 28.8
202 17.58 12.96
203 21.93 28.19
204 12.99 33.32
205 2.61 3.45
206 25.36 13.39
207 2.65 19.52
208 17.72 22.33
209 5.4 27.67
210 15.35 25.18
211 14.59 4.23
212 29.75 25.82
213 0.27 3.52
214 30.61 12.3
215 28.25 24.24
216 8.56 27.44
217 31.92 28.16
218 11.87 26.14
219 14.98 17.86
220 21.31 24.86
221 29.77 9.11
222 28.63 2.19
223 16.05 32.42
224 15.62 1.87
225 27.05 21.45
226 17.2 30.97
227 12.31 33.16
228 0.68 2.47
229 14.77 4.11
230 28.35 22.81
231 5.78 34.55
232 18.23 0.91
233 18.58 1.7
234 11.08 30.1
235 10.48 25.08
236 34.2 32.39
237 26.11 31.78
238 19.72 18.35
239 20.23 33.68
240 19.13 35.34
241 21.84 11.28
242 35.97 27.85
243 30.33 34.15
244 2.26 28.17
245 14.99 0.62
246 35.17 22.13
247 14.57 20.77
248 22.47 17.4
249 3.02 33.15
250 13.75 25.08
251 21.47 13.51
252 0.81 11.95
253 30.31 3.1
254 0.78 20.53
255 19.88 6.06
256 8.86 11.43
257 3.29 5.72
258 31.39 8.83
259 1.01 25.14
260 25.76 33.66
261 19.79 7.52
262 28.29 16.46
263 25.38 25.88
264 23.03 6.28
265 31.36 28.41
266 33.44 28.31
267 4.26 8.36
268 11.46 34.25
269 18.78 26.09
270 32.15 3.77
271 6.72 30.18
272 35.9 32.54
273 5.37 1.53
274 26.67 31.3
275 20.48 33.9
276 5.42 7.96
277 24.42 31.79
278 21.68 33.71
279 31.52 13.8
280 33.73 0.23
281 28.54 26.88
282 26.76 22.69
283 12.46 24.33
284 14.42 29.75
285 33.52 31.25
286 16.95 2.1
287 26.16 4.24
288 5.78 16.86
289 3.68 31.53
290 29.44 23.97
291 31.93 15.68
292 11.47 34.86
293 24.1 11.87
294 17.2 24.67
295 16.43 19.62
296 2.02 6.45
297 29.15 8.97
298 33.3 28.79
299 22.54 5.61
300 28.38 3.25
301 32.87 11.58
302 7.34 9.34
303 17.72 23.03
304 10.08 4.64
305 28.62 12.92
306 28.6 31.04
307 29.91 16.07
308 27.95 31.59
309 20.27 9.53
310 20.67 0.67
311 7.12 0.7
312 1.19 22.69
313 7 0.27
314 33.41 26.02
315 20.79 21.06
316 24.16 17.31
317 18.17 9.18
318 23.73 31.51
319 0.15 35.89
320 12.81 33.81
321 28.86 20.29
322 0.37 32.93
323 28.53 14.29
324 15.34 19.84
325 20.51 4.32
326 5.02 0.01
327 22.7 19.15
328 10.95 6.21
329 23.75 21.23
330 6.29 8.36
331 17.19 8.54
332 17.72 30.46
333 17.49 35.37
334 26.78 5.45
335 30.79 17.64
336 29.46 31.12
337 28.05 23.65
338 29.46 21.35
339 5.19 12.1
340 16.42 8.8
341 8.81 17.22
342 27.89 12.96
343 10.7 23.03
344 35.78 2.84
345 2.72 34.45
346 7 -6.08
347 28.06 -19.92
348 10.81 -16.24
349 21.7 -9.55
350 18.71 -1.59
351 32.71 -16.49
352 31.66 -3.69
353 25.04 -16.29
354 28.39 -16.64
355 16.96 -21.75
356 2.97 -8.82
357 21.78 -25.77
358 4.32 -30.87
359 25.23 -24
360 22.46 -4.11
361 1.71 -27.96
362 3.4 -20.98
363 1.22 -21.29
364 22.36 -14.21
365 15.8 -14.44
366 22.45 -5.07
367 0.29 -4.04
368 20.33 -18.11
369 26.27 -25.33
370 11.09 -4.24
371 13.06 -7.23
372 24.52 -5.58
373 27.97 -26.37
374 5.89 -20.37
375 24.48 -17.21
376 0.69 -28.35
377 13.33 -17.71
378 3 -4.09
379 18.3 -6.08
380 20.52 -25.36
381 21.95 -25.62
382 29.66 -6.98
383 16.61 -13.76
384 3.1 -5.51
385 9.76 -6.89
386 14.12 -14.19
387 11.29 -14.34
388 32.23 -30.17
389 14.54 -3.27
390 12 -2.13
391 30.48 -3.02
392 12.25 -12.69
393 16.78 -35.34
394 5.42 -6.77
395 23.65 -35.08
396 16.22 -25.94
397 32.92 -1.12
398 14.89 -9.89
399 15.4 -13.54
400 11.95 -17.99
401 23.7 -16.68
402 31.03 -17.59
403 11.76 -34.99
404 29.78 -27.26
405 29.39 -26.3
406 20.84 -5.78
407 18.47 -15.4
408 6.26 -33.09
409 31.38 -35.25
410 25.85 -11.68
411 29.14 -19.03
412 20.16 -33.6
413 7.49 -26.07
414 31.13 -35.05
415 17.04 -14.41
416 31.1 -34.6
417 16.19 -32.26
418 22.77 -17.65
419 0.43 -27.96
420 9.78 -16.56
421 22.34 -29.83
422 0.75 -30.63
423 19.24 -32.34
424 23.11 -7.01
425 10.21 -14.63
426 25.18 -4.49
427 2.09 -3.35
428 29.42 -9.34
429 8.39 -1.1
430 15.51 -16.07
431 14.67 -16.95
432 4.73 -2.13
433 11.3 -30.87
434 14.35 -27.51
435 8.07 -11.74
436 33.09 -24.13
437 10.28 -21.93
438 18.27 -33.84
439 32.37 -21.05
440 27.2 -32.91
441 1.4 -6.58
442 9.93 -16.38
443 17.25 -31.01
444 32.11 -30.88
445 2.47 -17.16
446 34.12 -11.62
447 5.28 -17.15
448 3.54 -2.85
449 30.36 -16.58
450 19.84 -9.41
451 33.54 -29.95
452 7.41 -16.93
453 6.29 -35.35
454 11.92 -17.2
455 14.11 -2.66
456 9.24 -3.12
457 11.02 -7.03
458 2.04 -10.7
459 33.1 -28.27
460 9.44 -34.15
461 1.3 -35.57
462 16.72 -35.08
463 1.93 -6.58
464 14.68 -11.78
465 21.19 -23.82
466 9.29 -34.53
467 15.46 -10.26
468 1.13 -16.7
469 33.91 -21.76
470 15.94 -13.05
471 16.17 -3.54
472 10.58 -16.71
473 27.41 -18.71
474 10.99 -12.62
475 10.78 -16.03
476 15.6 -20.43
477 11.03 -12.08
478 10.18 -32.33
479 35.63 -4.48
480 28.3 -16.38
481 6.43 -12.35
482 22.61 -29.12
483 9.82 -13.42
484 35.18 -23.74
485 28.31 -35.25
486 2.8 -6.64
487 23.35 -8.48
488 27.19 -13.38
489 17.52 -6.28
490 22.31 -29.7
491 5.65 -28.3
492 31.9 -1.92
493 25.77 -16.68
494 21.17 -33.6
495 13.99 -16.92
496 29.27 -4.99
497 34.11 -11.94
498 25.36 -15.88
499 31.14 -35.46
500 26.23 -24.54
501 22.71 -23.45
502 23.45 -29.03
503 33.93 -1.58
504 7.87 -6.17
505 27.39 -15.46
506 35.28 -21.7
507 15.14 -33.05
508 5.25 -22.71
509 20.31 -32.43
510 13.36 -26.42
511 22.94 -25.82
512 1.77 -6.63
513 14.04 -21.05
514 12.03 -27.13
515 7.2 -0.7
516 15.68 -2.27
517 22.82 -21.43
518 23.01 -30.65
519 28.34 -12.28
520 19.26 -30.88
521 8.11 -19.74
522 8.31 -10.06
523 32.77 -23.25
524 19.69 -13.56
525 31.51 -8.61
526 34.43 -33.05
527 31.2 -18.45
528 3.5 -27.72
529 10.38 -0.76
530 1.47 -7.06
531 0.85 -9.1
532 30.53 -17.15
533 3.32 -15.19
534 18.99 -17.54
535 3.95 -31.67
536 15.41 -2.25
537 12.32 -12.06
538 26.83 -23.72
539 28.8 -9.09
540 9.22 -10.52
541 35.09 -24.31
542 6.76 -35.18
543 26.9 -30.3
544 31.06 -1.79
545 8.85 -28.8
546 1.9 -24.05
547 32.72 -1.22
548 7.93 -23.95
549 5.5 -0.05
550 31.72 -26.93
551 29.18 -0.97
552 13.03 -2.65
553 17.89 -33.02
554 33.64 -31.38
555 5.91 -10.69
556 35.01 -6.86
557 6.04 -32.52
558 18.34 -33.29
559 35.08 -24.47
560 17.27 -13.41
561 28.98 -35.45
562 28.19 -10.7
563 34.65 -25.71
564 25.76 -0.13
565 27.06 -31.67
566 32.64 -13
567 15.65 -11.76
568 8.79 -9.67
569 5.06 -25.06
570 35.75 -6.43
571 13.29 -2.49
572 35.01 -26.28
573 23.58 -10.86
574 35.33 -17.36
575 22.29 -14.18
576 5.16 -8.12
577 10.34 -6.79
578 32.5 -33.35
579 33.48 -9
580 4.67 -13.78
581 26.78 -24.54
582 0.31 -28.84
583 30.03 -33.95
584 23.01 -0.62
585 7.05 -26.61
586 29.1 -14.29
587 4.57 -11.86
588 14.24 -19.64
589 28.52 -19.67
590 33.86 -5.09
591 13.22 -6.33
592 13.12 -3.02
593 27.89 -15.08
594 24.08 -1.15
595 14.93 -25.38
596 5.44 -20.28
597 13.12 -33.24
598 22.71 -33.27
599 33.89 -7.15
600 25.29 -1.25
601 15.54 -32.46
602 35.85 -18.39
603 29.55 -11.63
604 31.31 -14.09
605 19.19 -22.07
606 19.92 -20.69
607 15.23 -23.93
608 3.01 -24.57
609 25.72 -7.12
610 24.02 -18.62
611 2.9 -32.17
612 29.41 -20.99
613 18.26 -7.54
614 6.21 -7.65
615 8.9 -7.68
616 31.66 -31.5
617 5.42 -15.96
618 27.59 -31.51
619 9.61 -34.97
620 12.57 -22.9
621 35.11 -20.32
622 8.25 -24.01
623 12.58 -14.34
624 12.99 -11.26
625 29.88 -2.3
626 26 -1.01
627 22 -24.3
628 23.36 -19.41
629 18.58 -31.79
630 30.99 -29.58
631 16.6 -19
632 34.96 -26.65
633 13.69 -13.54
634 12.52 -26.56
635 4.98 -14.82
636 35.14 -16.61
637 32.14 -4.1
638 9.96 -7.39
639 18.65 -8.73
640 2.55 -22.95
641 15.49 -4.06
642 28.36 -28.55
643 3.49 -29.01
644 24.8 -15.73
645 0.83 -22.07
646 5.08 -19.79
647 1.97 -8.95
648 22.5 -31.56
649 22.12 -7.18
650 22 -26.54
651 34.67 -27.11
652 22.73 -21.14
653 20.05 -30.81
654 31.06 -32.69
655 11.17 -30.22
656 34.28 -33.62
657 17.69 -26.66
658 19.67 -18.17
659 25.42 -21.18
660 34.78 -0
661 11.31 -26.25
662 26.72 -31.38
663 26.94 -4.8
664 11.98 -13.22
665 3.76 -4.59
666 31.7 -33.98
667 10.64 -29.95
668 24.77 -9.95
669 34.16 -30.69
670 24.92 -19.83
671 8.97 -0.85
672 19.03 -23.2
673 32.89 -26.67
674 11.85 -30.23
675 30.23 -22.31
676 4.08 -2.15
677 33.53 -33.06
678 1.87 -30.81
679 35.55 -24.48
680 29.07 -13.85
681 3.36 -3.32
682 24.79 -16.29
683 17.76 -14
684 0.22 -13.56
685 24.92 -7.44
686 8.3 -25.14
687 3.86 -33.89
688 24.56 -27.33
689 21.56 -0.76
690 23.07 -27.94
691 -30.09 -7.31
692 -4.38 -18.68
693 -13.49 -27.63
694 -7.63 -33.77
695 -3.14 -13.04
696 -7.88 -28.22
697 -0.03 -6.5
698 -12.03 -32.68
699 -1.76 -9.31
700 -16.75 -12.25
701 -28.91 -26.68
702 -24.58 -25.05
703 -7.91 -32.77
704 -25.05 -4.66
705 -32.6 -20.99
706 -19.83 -3.65
707 -22.33 -26.7
708 -9.85 -15.73
709 -13.5 -35.82
710 -4.38 -9
711 -1.22 -16.64
712 -14.67 -12.27
713 -0.47 -28.77
714 -2.08 -18.22
715 -30.47 -2.23
716 -20.44 -10.35
717 -26.93 -23.38
718 -11.67 -9.02
719 -13.68 -34.84
720 -11.35 -0.73
721 -4.38 -1.81
722 -20.03 -31.18
723 -10.91 -26.71
724 -18.05 -29.88
725 -30.4 -15.93
726 -24.1 -22.43
727 -26.22 -23.14
728 -15.91 -30.29
729 -12.51 -18.21
730 -11.97 -9.51
731 -19.86 -6.98
732 -21.88 -32.41
733 -5.43 -10.79
734 -1.15 -33.55
735 -34.28 -10.63
736 -3.96 -12.51
737 -35.21 -2.66
738 -20.89 -23.99
739 -9.39 -10.13
740 -17.58 -2.94
741 -16.9 -3.79
742 -26.93 -5.68
743 -35.97 -34.64
744 -16.86 -6.84
745 -7.87 -12.48
746 -10.98 -20.35
747 -16.76 -27.74
748 -30.05 -32.86
749 -30.42 -13.71
750 -15.86 -22.73
751 -35.24 -20.22
752 -14.41 -19.83
753 -7.82 -34.45
754 -0.1 -35.3
755 -29.77 -17.22
756 -21.01 -17.69
757 -14.89 -10.67
758 -0.83 -11.95
759 -10.31 -14.87
760 -18.87 -9.21
761 -29.56 -18.19
762 -1.45 -29.86
763 -18.24 -10.32
764 -24.03 -23.02
765 -9.75 -12.66
766 -24.41 -3.9
767 -15.25 -0.51
768 -34.97 -2.82
769 -2.12 -23.07
770 -31.81 -26.59
771 -35.8 -23.41
772 -34.08 -16.83
773 -20.3 -14.7
774 -21.09 -26.44
775 -35.65 -22.13
776 -31.84 -3.96
777 -33.82 -29.22
778 -31.06 -24.81
779 -11.84 -16.07
780 -20.25 -10.62
781 -6.04 -21.59
782 -22.11 -8.66
783 -3 -21.29
784 -35.88 -12.6
785 -30.71 -32.65
786 -20.06 -31.7
787 -4.05 -30.52
788 -0.74 -9.67
789 -0.11 -15.87
790 -2 -21.83
791 -25.79 -35.76
792 -20.5 -25.37
793 -14.18 -15.14
794 -22.73 -7.09
795 -9.23 -26.02
796 -3.14 -6.98
797 -7.17 -15.27
798 -28.08 -16.77
799 -29.37 -10.17
800 -6.82 -19.48
801 -15.18 -15.6
802 -1.64 -26.89
803 -0.56 -10.75
804 -26.62 -2.38
805 -24.21 -28.19
806 -27.95 -20.15
807 -9.52 -5.53
808 -20.67 -3.98
809 -2.59 -23.7
810 -5.25 -7.4
811 -5.9 -11.82
812 -18.61 -8.39
813 -25.16 -13.07
814 -14.77 -10.69
815 -30.17 -10.05
816 -25.65 -13.11
817 -31.52 -0.88
818 -11.63 -18.82
819 -21.2 -23.6
820 -15.79 -29.78
821 -13.93 -9.42
822 -6.47 -35.27
823 -30.77 -23.45
824 -2.67 -27.14
825 -26.06 -33.36
826 -9.18 -7.92
827 -7.83 -31.96
828 -0.56 -27.79
829 -30 -32.99
830 -34.56 -6.85
831 -19.96 -15.69
832 -16.57 -15.74
833 -34.56 -15.49
834 -30.61 -19.73
835 -13.51 -11.28
836 -20.7 -10.41
837 -1.2 -27.44
838 -6.41 -18.69
839 -9.83 -31.97
840 -29.33 -0.6
841 -8.53 -27.41
842 -23.38 -30.03
843 -21.82 -16.36
844 -4.88 -15.46
845 -22.31 -7.34
846 -23.03 -30.96
847 -2.22 -33.79
848 -4.8 -31.13
849 -14.86 -0.78
850 -12.07 -35.42
851 -1.35 -28.37
852 -11.33 -24.29
853 -6.99 -2.55
854 -34.52 -9.26
855 -9.86 -8.34
856 -27.28 -19.37
857 -13.4 -18.39
858 -26.28 -6.18
859 -21.64 -26.74
860 -25.6 -22.68
861 -9.16 -35.47
862 -33.26 -12.63
863 -7.76 -11.39
864 -3.69 -2.07
865 -29.01 -14.14
866 -34.03 -15.76
867 -31.58 -30.36
868 -32.91 -9.36
869 -18.62 -30.09
870 -29.95 -22.95
871 -33.84 -28.49
872 -2.4 -21.23
873 -27.41 -11.24
874 -29.5 -20.2
875 -34.4 -13.05
876 -4.04 -19.1
877 -31.73 -7.57
878 -10.48 -1.31
879 -30.9 -31.02
880 -9.16 -14.17
881 -21.46 -23.91
882 -9.79 -34.72
883 -8.08 -17.04
884 -2.65 -34.22
885 -12.69 -18.23
886 -2.24 -32.6
887 -17.84 -10.53
888 -21.77 -32.16
889 -7.89 -0.77
890 -13.83 -6.79
891 -25.89 -6.29
892 -5.38 -9.39
893 -10.7 -13.14
894 -8.16 -7.38
895 -21.56 -33.12
896 -12.55 -8.85
897 -7.57 -7.02
898 -15.58 -22.34
899 -12.08 -7.17
900 -25.4 -9.75
901 -6.35 -24.77
902 -35.3 -19.16
903 -15.33 -15.71
904 -16.49 -12.59
905 -19.38 -23.22
906 -21.03 -21.84
907 -31.23 -9.27
908 -13.94 -26.42
909 -33.8 -33.46
910 -22.1 -22.1
911 -22.47 -10.88
912 -9.42 -34.66
913 -12.52 -21.56
914 -20.26 -16.52
915 -26.27 -16.13
916 -4.9 -1.18
917 -20.35 -24.15
918 -3.86 -31.73
919 -35.84 -27.2
920 -14.42 -11.87
921 -25.23 -19.23
922 -20.02 -26.97
923 -8.91 -11.99
924 -0.97 -33.96
925 -11.59 -34.24
926 -9.12 -23.07
927 -13.25 -25.58
928 -2.67 -18.55
929 -26.59 -25.78
930 -33.43 -22.93
931 -15.63 -16.87
932 -5.02 -2.33
933 -25.58 -35.98
934 -27.18 -0.4
935 -3.8 -25.43
936 -0.18 -33.12
937 -24.1 -20.55
938 -32.54 -20.2
939 -9.69 -24.53
940 -22.77 -33.51
941 -12.11 -21.28
942 -2.38 -31.9
943 -5.97 -25.36
944 -6.66 -5.05
945 -19.5 -32.56
946 -4.95 -4.09
947 -33.95 -35.14
948 -35.12 -9.97
949 -1.9 -23.53
950 -4.48 -17.83
951 -6.47 -5.7
952 -17.77 -4.66
953 -24.87 -22.09
954 -10.63 -14.32
955 -3.35 -26.08
956 -11.36 -33.4
957 -20.82 -6.98
958 -32.35 -13.74
959 -10.32 -26.79
960 -14.88 -30.53
961 -26.15 -29.82
962 -28.96 -19.83
963 -21.33 -24.1
964 -3.15 -19.61
965 -28.96 -23.23
966 -20.45 -7.64
967 -3.82 -35.43
968 -13.05 -2.22
969 -8.06 -20.21
970 -10.29 -23.68
971 -21.08 -2.94
972 -9.92 -21.65
973 -26.92 -33.43
974 -24.22 -6.27
975 -28.33 -28.76
976 -22.58 -30.62
977 -14.46 -18.48
978 -34.1 -7.07
979 -18.2 -35.79
980 -14.54 -1.25
981 -0.41 -11.16
982 -10.59 -26.51
983 -20.25 -4.24
984 -24.45 -23.64
985 -2.84 -28.32
986 -31.26 -34.75
987 -11.92 -15.45
988 -12.88 -5.18
989 -2.98 -30.36
990 -14.64 -28.62
991 -23.25 -22.83
992 -5.31 -28.75
993 -35.82 -29.23
994 -20.54 -3.41
995 -32.18 -18.02
996 -29.18 -26.6
997 -17.11 -32.6
998 -28.36 -31.29
999 -10.46 -1.36
1000 -21.2 -8.33
1001 -34.6 -4.82
1002 -20.27 -16.46
1003 -13.17 -10.53
1004 -32.41 -24.67
1005 -17.3 -7.67
1006 -30.5 -2.58
1007 -31.33 -32.07
1008 -25.3 -35.81
1009 -30.74 -31.15
1010 -4.69 -9.84
1011 -0.44 -18.44
1012 -6.56 -25.39
1013 -12.2 -9.07
1014 -10.43 -34.92
1015 -7.26 -14.18
1016 -19.01 -23.16
1017 -3.62 -5.86
1018 -7.91 -3.28
1019 -27.96 -8.31
1020 -15.98 -31.85
1021 -34.43 -0.78
1022 -32.85 -2
1023 -29.33 -29.76
1024 -16.43 -13.67
1025 -15.03 -24.07
1026 -6.52 -12.64
1027 -2.03 -15.47
1028 -16.06 -13.08
1029 -3.53 -5.75
1030 -19.94 -18.01
1031 -5.17 -2.31
1032 -35.69 -2.95
1033 -33.75 -0.32
1034 -8.63 -7.61
1035 -30.98 -17.23
1036 -18.01 -16.14
1037 -18.14 20.93
1038 -14.69 6.38
1039 -20.05 11.48
1040 -27.07 22.64
1041 -35.28 35.08
1042 -6.07 25.11
1043 -29.72 28.83
1044 -26.1 22.13
1045 -4.15 24.77
1046 -27.08 10.04
1047 -12.99 9.32
1048 -1.16 26.77
1049 -25.9 2.27
1050 -19.5 9.8
1051 -17.46 20.88
1052 -5.81 1.52
1053 -7.9 27.12
1054 -2.6 12.02
1055 -26.18 27.96
1056 -18.56 21.2
1057 -1.83 16.98
1058 -1.33 24.64
1059 -10.77 23.07
1060 -11.84 27.44
1061 -1.48 6.44
1062 -7.29 2.92
1063 -29.7 6
1064 -8.27 8.45
1065 -18.25 11.12
1066 -32.01 27.77
1067 -20.81 27.23
1068 -18.36 29.34
1069 -32.89 28.72
1070 -12.2 20.96
1071 -33.68 14.59
1072 -31.58 30.76
1073 -19.4 27.04
1074 -14.11 24.43
1075 -15.87 21.7
1076 -28.14 25.96
1077 -28.88 17.36
1078 -14.88 35.43
1079 -7.89 14.1
1080 -25.23 23.15
1081 -6.44 17.66
1082 -8.9 12.76
1083 -33.62 27.26
1084 -19.98 27.26
1085 -3.74 22.03
1086 -0.63 23.7
1087 -9.98 28.95
1088 -19.99 23.73
1089 -12.16 29.39
1090 -6.61 34.1
1091 -24.06 28.04
1092 -0.92 34.75
1093 -25.71 8.47
1094 -14.09 15.8
1095 -30.47 25.12
1096 -6.78 3.32
1097 -7.6 0.91
1098 -28.17 15.68
1099 -34.46 32.75
1100 -18.78 3.67
1101 -18.89 2.21
1102 -31.16 19.41
1103 -34.66 28.88
1104 -13.79 6.67
1105 -4.77 10.83
1106 -2.87 20.4
1107 -10.67 20.36
1108 -28.83 31.31
1109 -2.63 0.38
1110 -25.5 6.92
1111 -1.77 33.1
1112 -25.53 23.81
1113 -31.01 9.37
1114 -33.64 9.23
1115 -12.9 29.48
1116 -23.21 16.43
1117 -27.36 31.8
1118 -24.68 9.89
1119 -16.56 26.03
1120 -0.86 2.47
1121 -14.39 21.33
1122 -5.69 31.25
1123 -18.08 25.06
1124 -16.97 26.04
1125 -24.49 20.71
1126 -9.33 6.47
1127 -21.8 26.26
1128 -27.15 34.86
1129 -8.09 16.82
1130 -10.3 24.8
1131 -5.23 12.52
1132 -8.32 33.51
1133 -7.4 24.11
1134 -14.14 24.52
1135 -18.51 15.48
1136 -0.81 6.52
1137 -1.77 24.42
1138 -13.48 34.03
1139 -15.59 19.85
1140 -32.08 30.45
1141 -28.45 4.08
1142 -21.86 5.41
1143 -4.28 14.25
1144 -31.07 13.02
1145 -1.82 3.89
1146 -16.41 32.89
1147 -21.92 34.57
1148 -22.68 16.25
1149 -32.29 29.32
1150 -0.32 28.35
1151 -34.87 6.32
1152 -30.74 28.66
1153 -26.69 28.17
1154 -12.02 35.75
1155 -30.2 33.8
1156 -1.89 35.63
1157 -5.04 14.17
1158 -28.43 23.75
1159 -28.29 0.84
1160 -4.74 15.02
1161 -11.92 21.63
1162 -11.72 12.67
1163 -28.93 33.84
1164 -18.69 25.93
1165 -18.28 25.22
1166 -23.07 19.01
1167 -11.67 17.15
1168 -0.84 17.81
1169 -17.56 29.88
1170 -19.21 4.39
1171 -4.02 3.29
1172 -17.46 21.1
1173 -0.37 9.06
1174 -1.43 1.41
1175 -7.96 28.67
1176 -5.82 6.17
1177 -18.84 19.88
1178 -9.24 17.55
1179 -7.48 3.29
1180 -20.04 19.45
1181 -29.99 25.76
1182 -34.43 7.11
1183 -24.92 33.18
1184 -27.07 35.28
1185 -31.19 34.01
1186 -1.3 10.28
1187 -22.9 35.21
1188 -35.79 10.28
1189 -3.22 14.79
1190 -7.46 1.22
1191 -7.39 11.18
1192 -22.58 4.81
1193 -22.36 17.76
1194 -21.05 31.82
1195 -6.8 29.84
1196 -11.12 5.09
1197 -3.72 0.79
1198 -33.97 1.07
1199 -27.87 28.65
1200 -18.18 25.04
1201 -26.84 23.06
1202 -22.27 11
1203 -12.8 5.26
1204 -20.06 22.07
1205 -23.29 16.02
1206 -27.2 19.04
1207 -23.85 22.21
1208 -3.97 13.78
1209 -1.13 10.21
1210 -31.57 25.02
1211 -21.64 7.93
1212 -8.72 6.69
1213 -35.29 25.36
1214 -9.53 6.69
1215 -23.26 27.16
1216 -14.23 19.23
1217 -30.23 5.62
1218 -10.89 0.5
1219 -14.09 7.04
1220 -14.58 22.47
1221 -5.51 1.39
1222 -23.6 5.79
1223 -11.09 20.89
1224 -31.1 19.09
1225 -35.63 3.74
1226 -11.67 18.2
1227 -16.41 21.27
1228 -2.16 11.91
1229 -10.13 15.7
1230 -6.87 3.21
1231 -22.45 24.91
1232 -22.05 12.62
1233 -13.12 8.2
1234 -6.76 32.94
1235 -10.93 27.22
1236 -20.13 21.35
1237 -18.66 16.45
1238 -28.86 35.25
1239 -18.34 29.75
1240 -25.02 23.96
1241 -33.68 17.97
1242 -30.77 0.69
1243 -4.13 14.1
1244 -21.32 32.93
1245 -27.66 14.26
1246 -30.69 19.71
1247 -32.33 14.11
1248 -13.84 16.74
1249 -5.21 0.98
1250 -19.72 20.6
1251 -33.47 16.14
1252 -24.11 3.85
1253 -3.1 16.13
1254 -1.41 16.97
1255 -32.46 21.44
1256 -30.93 26.43
1257 -18.64 30.14
1258 -35.76 25.7
1259 -22.63 22.77
1260 -28.55 12.61
1261 -32.32 14.3
1262 -19.93 23.24
1263 -31.51 20.18
1264 -21.16 33.77
1265 -9.9 0.72
1266 -16.86 4.88
1267 -8.73 7.37
1268 -23.51 32.5
1269 -13.47 3.35
1270 -16.31 16.44
1271 -6.87 9.93
1272 -31.6 11.24
1273 -0.95 25.51
1274 -3.81 22.88
1275 -27.01 15.1
1276 -29.4 32.36
1277 -11.13 23.34
1278 -35.04 4.86
1279 -30.15 6.64
1280 -7.36 20.2
1281 -25.08 31.57
1282 -2.95 15.74
1283 -12.24 25.33
1284 -28.68 17.98
1285 -34.42 25.72
1286 -27.17 0.51
1287 -11.75 5.29
1288 -22.32 14.29
1289 -28.7 12.7
1290 -27.81 26.13
1291 -14.02 19.71
1292 -34.57 12.73
1293 -17.59 25.15
1294 -31.79 33.61
1295 -17.81 3.27
1296 -34.84 3.15
1297 -10.41 34.41
1298 -23.74 29.31
1299 -11.29 22.66
1300 -3.9 7.94
1301 -8.45 9.71
1302 -6.52 22.59
1303 -28.41 11.73
1304 -24.43 20.37
1305 -10.5 21.11
1306 -4.82 7.76
1307 -20.5 24.52
1308 -13.67 30.92
1309 -28.53 29.61
1310 -24.4 0.98
1311 -31.65 10.35
1312 -0.28 23.25
1313 -16.56 6.07
1314 -28.73 15.55
1315 -23.49 27.86
1316 -29.09 24.15
1317 -10.74 23.47
1318 -35.2 27.14
1319 -11.51 3.15
1320 -15.78 15.15
1321 -22.92 22.01
1322 -2.06 20.61
1323 -7.05 34.94
1324 -20.07 7.25
1325 -8.24 35.58
1326 -1.45 8.48
1327 -31.73 3.89
1328 -1.48 1.74
1329 -17.29 3.81
1330 -23.19 30.21
1331 -9.88 32.3
1332 -11.29 7.81
1333 -34.95 20.63
1334 -15.3 10.49
1335 -17.17 10.46
1336 -23.99 31.09
1337 -7.22 31.61
1338 -30.55 17.57
1339 -24.83 14.27
1340 -5.37 6.14
1341 -14.62 24.59
1342 -20 6.83
1343 -0.09 1.87
1344 -5.69 21.49
1345 -7.22 17.38
1346 -5.2 20.4
1347 -28.21 17.11
1348 -29.26 16.5
1349 -26.99 27.16
1350 -29.14 0.08
1351 -22.69 35.68
1352 -31.29 8.66
1353 -17.75 21.43
1354 -27.22 17.36
1355 -23.51 34.1
1356 -22.69 32.6
1357 -30.95 29.65
1358 -31.53 34.22
1359 -19.71 31.04
1360 -12.42 28.74
1361 -13.14 18.45
1362 -27.08 17.62
1363 -34.12 5.36
1364 -24.04 20.34
1365 -11.95 16.64
1366 -7.84 17.19
1367 -17.37 34.64
1368 -20.08 30.66
1369 -12.02 35.12
1370 -33.23 2.82
1371 -35.42 27.05
1372 -20.71 11.44
1373 -9.66 30.37
1374 -16.93 7.76
1375 -0.5 29.37
1376 -3.35 20.87
1377 -30.02 13.64
1378 -10.52 30.43
1379 -6.3 19.66
1380 -27.82 34.57
1381 -15.76 18.25
1382 -8.41 35.67
1383 48.0399 -24.2699
1384 51.0399 -33.1999
1385 44.0399 -28.5899
1386 46.0399 -26.0699
1387 52.0399 -32.8799
1388 44.0399 -35.5999
1389 36.0399 -26.5099
1390 50.0399 -26.5499
1391 46.0399 -25.9399
1392 49.0399 -33.7299
1393 36.0399 -33.8699
1394 48.0399 -29.3199
1395 40.0399 -30.6599
1396 43.0399 -21.8499
1397 41.0399 -21.3899
1398 46.0399 -33.2299
1399 42.0399 -22.1299
1400 38.0399 -19.5699
1401 49.0399 -26.5999
1402 44.0399 -32.4799
1403 47.0399 -25.9699
1404 38.0399 -21.3099
1405 44.0399 -27.0599
1406 39.0399 -28.0399
1407 38.0399 -26.7899
1408 42.0399 -23.2799
1409 48.0399 -26.0699
1410 52.0399 -31.0899
1411 40.0399 -31.5599
1412 49.0399 -27.8799
1413 39.0399 -33.8599
1414 36.0399 -19.9699
1415 40.0399 -33.8899
1416 43.0399 -30.5399
1417 51.0399 -29.5399
1418 48.0399 -26.8099
1419 42.0399 -25.4499
1420 47.0399 -24.3399
1421 41.0399 -26.3299
1422 43.0399 -34.3399
1423 40.0399 -21.9699
1424 36.0399 -30.6099
1425 49.0399 -29.0999
1426 42.0399 -20.1199
1427 41.0399 -30.4799
1428 36.0399 -31.9699
1429 43.0399 -25.9399
1430 45.0399 -27.1599
1431 39.0399 -28.8299
1432 48.0399 -34.6799
1433 50.0399 -32.0799
1434 45.0399 -27.2199
1435 40.0399 -20.9699
1436 52.0399 -35.8699
1437 44.0399 -33.7699
1438 36.0399 -19.2499
1439 46.0399 -22.6999
1440 48.0399 -28.6099
1441 44.0399 -25.9099
1442 51.0399 -31.8099
1443 39.0399 -19.5599
1444 49.0399 -30.0799
1445 44.0399 -27.0699
1446 41.0399 -27.6899
1447 40.0399 -32.2999
1448 38.0399 -35.6099
1449 42.0399 -28.6999
1450 39.0399 -34.7399
1451 40.0399 -30.7499
1452 40.0399 -21.7999
1453 36.0399 -20.6999
1454 36.0399 -35.0899
1455 49.0399 -33.7499
1456 36.0399 -21.0299
1457 49.0399 -27.7799
1458 46.0399 -31.8799
1459 42.0399 -22.4599
1460 38.0399 -28.6799
1461 47.0399 -36.0399
1462 43.0399 -33.7699
1463 51.0399 -28.5799
1464 42.0399 -23.5599
1465 38.0399 -33.5699
1466 51.0399 -29.3099
1467 38.0399 -27.2699
1468 46.0399 -27.6699
1469 42.0399 -31.9999
1470 49.0399 -35.6799
1471 50.0399 -32.8099
1472 51.0399 -28.2399
1473 47.0399 -28.3899
1474 37.0399 -30.7699
1475 50.0399 -27.4399
1476 41.0399 -29.7199
1477 46.0399 -29.1799
1478 49.0399 -25.1799
1479 39.0399 -28.7099
1480 40.0399 -35.3999
1481 38.0399 -23.8699
1482 47.0399 -25.9199
1483 40.0399 -26.6499
1484 51.0399 -34.4499
1485 42.0399 -21.6899
1486 39.0399 -25.2199
1487 50.0399 -27.1899
1488 48.0399 -33.9199
1489 36.0399 -21.4499
1490 36.0399 -29.7799
1491 36.0399 -30.9699
1492 40.0399 -20.7199
1493 36.0399 -33.8299
1494 37.0399 -19.2599
1495 46.0399 -34.4699
1496 52.0399 -31.1399
1497 43.0399 -32.1999
1498 52.0399 -35.8199
1499 42.0399 -22.9899
1500 48.0399 -34.3199
1501 43.0399 -32.2399
1502 42.0399 -30.0199
1503 43.0399 -22.8799
1504 48.0399 -31.8399
1505 51.0399 -32.4599
1506 49.0399 -26.5699
1507 37.0399 -31.9499
1508 36.0399 -34.4199
1509 45.0399 -31.0299
1510 48.0399 -24.6299
1511 51.0399 -33.1699
1512 50.0399 -28.6599
1513 41.0399 -20.6999
1514 43.0399 -26.5699
1515 37.0399 -22.5899
1516 50.0399 -34.7299
1517 52.0399 -33.7899
1518 39.0399 -25.0899
1519 49.0399 -35.5199
1520 51.0399 -32.3499
1521 38.0399 -34.9099
1522 45.0399 -30.2499
1523 39.0399 -24.0499
1524 40.0399 -24.9499
1525 38.0399 -34.1799
1526 51.0399 -33.8799
1527 47.0399 -29.7099
1528 49.0399 -29.0699
1529 44.0399 -32.3799
1530 46.0399 -30.4499
1531 49.0399 -27.3599
1532 36.0399 -21.6399
1533 47.0399 -31.2299
1534 38.0399 -29.1699
1535 45.0399 -29.0199
1536 46.0399 -31.5599
1537 47.0399 -26.7499
1538 42.0399 -20.0999
1539 47.0399 -30.3099
1540 45.0399 -35.6999
1541 37.0399 -23.9899
1542 48.0399 -34.7099
1543 34.0399 -28.4799
1544 25.0399 -23.4499
1545 34.0399 -32.2499
1546 26.0399 -25.1499
1547 23.0399 -26.3899
1548 27.0399 -30.6399
1549 24.0399 -26.8699
1550 30.0399 -28.7199
1551 25.0399 -32.1499
1552 20.0399 -33.6499
1553 36.0399 -29.4499
1554 34.0399 -32.5299
1555 21.0399 -34.1499
1556 21.0399 -30.1099
1557 35.0399 -29.6499
1558 34.0399 -19.1799
1559 27.0399 -27.4299
1560 32.0399 -30.8299
1561 34.0399 -28.8499
1562 28.0399 -31.1699
1563 29.0399 -20.5999
1564 23.0399 -35.2099
1565 32.0399 -32.4499
1566 30.0399 -24.1999
1567 27.0399 -32.0899
1568 24.0399 -30.3299
1569 34.0399 -28.4199
1570 32.0399 -25.1599
1571 20.0399 -33.4399
1572 20.0399 -31.5399
1573 32.0399 -34.9299
1574 25.0399 -23.0499
1575 30.0399 -31.1899
1576 28.0399 -31.9199
1577 32.0399 -30.6899
1578 22.0399 -29.6199
1579 27.0399 -24.7299
1580 33.0399 -21.1199
1581 32.0399 -19.1099
1582 34.0399 -24.0899
1583 21.0399 -29.9999
1584 21.0399 -29.0899
1585 25.0399 -31.6399
1586 20.0399 -32.3399
1587 32.0399 -26.8799
1588 25.0399 -24.9999
1589 20.0399 -34.9499
1590 30.0399 -25.5199
1591 24.0399 -24.2899
1592 31.0399 -21.0099
1593 32.0399 -30.8399
1594 36.0399 -21.6299
1595 32.0399 -25.2899
1596 36.0399 -29.5799
1597 22.0399 -33.8999
1598 31.0399 -22.9599
1599 36.0399 -28.4499
1600 33.0399 -35.6699
1601 24.0399 -24.1299
1602 22.0399 -29.4799
1603 27.0399 -30.2499
1604 28.0399 -31.6399
1605 23.0399 -26.3699
1606 23.0399 -34.6499
1607 35.0399 -26.4299
1608 29.0399 -23.4699
1609 33.0399 -19.6399
1610 34.0399 -34.1899
1611 33.0399 -20.1999
1612 30.0399 -34.6899
1613 30.0399 -20.7999
1614 25.0399 -33.3599
1615 23.0399 -35.5299
1616 36.0399 -24.6499
1617 36.0399 -31.3999
1618 20.0399 -33.0099
1619 31.0399 -22.4499
1620 28.0399 -22.6799
1621 24.0399 -30.1699
1622 27.0399 -23.8399
1623 31.0399 -33.3399
1624 34.0399 -23.2099
1625 29.0399 -23.7599
1626 22.0399 -27.7499
1627 29.0399 -25.9999
1628 35.0399 -30.8999
1629 30.0399 -34.9299
1630 35.0399 -32.3599
1631 35.0399 -20.6399
1632 25.0399 -24.9399
1633 21.0399 -30.4999
1634 27.0399 -27.0399
1635 28.0399 -31.4399
1636 24.0399 -24.6099
1637 24.0399 -30.3999
1638 29.0399 -23.0399
1639 33.0399 -23.1099
1640 20.0399 -35.5599
1641 31.0399 -28.4799
1642 33.0399 -31.6699
1643 35.0399 -33.1099
1644 29.0399 -29.6399
1645 28.0399 -30.6699
1646 35.0399 -29.3199
1647 27.0399 -25.3699
1648 27.0399 -23.6999
1649 32.0399 -20.0499
1650 35.0399 -22.6599
1651 35.0399 -21.2899
1652 30.0399 -33.4599
1653 27.0399 -25.0699
1654 31.0399 -28.2599
1655 22.0399 -34.0599
1656 30.0399 -23.3699
1657 27.0399 -26.4799
1658 23.0399 -28.3799
1659 31.0399 -24.4499
1660 36.0399 -33.4499
1661 34.0399 -19.3699
1662 32.0399 -32.7799
1663 23.0399 -31.8699
1664 26.0399 -30.4399
1665 22.0399 -29.0599
1666 32.0399 -33.7699
1667 20.0399 -33.1999
1668 26.0399 -33.3399
1669 30.0399 -33.5599
1670 34.0399 -20.2899
1671 25.0399 -24.2499
1672 32.0399 -31.5099
1673 36.0399 -20.0599
1674 23.0399 -25.6599
1675 25.0399 -31.2499
1676 36.0399 -22.9799
1677 31.0399 -35.2399
1678 28.0399 -28.6699
1679 28.0399 -27.0799
1680 26.0399 -29.3899
1681 33.0399 -21.0299
1682 34.0399 -28.7999
1683 30.0399 -33.2299
1684 27.0399 -29.8499
1685 34.0399 -30.5699
1686 21.0399 -31.2299
1687 34.0399 -30.1499
1688 21.0399 -28.8999
1689 34.0399 -33.9799
1690 22.0399 -28.5499
1691 30.0399 -34.0299
1692 25.0399 -26.1599
1693 27.0399 -21.1299
1694 24.0399 -25.2199
1695 25.0399 -28.2899
1696 23.0399 -32.1899
1697 35.0399 -21.6099
1698 20.0399 -31.4199
1699 34.0399 -32.4799
1700 33.0399 -33.4499
1701 26.0399 -24.2499
1702 28.0399 -21.6999
1703 39.0399 -42.2999
1704 50.0399 -38.1199
1705 36.0399 -48.5699
1706 39.0399 -40.2599
1707 36.0399 -40.6799
1708 36.0399 -39.9599
1709 42.0399 -36.3999
1710 45.0399 -39.4999
1711 36.0399 -51.8199
1712 49.0399 -37.4399
1713 39.0399 -47.9699
1714 37.0399 -50.5399
1715 39.0399 -52.9099
1716 45.0399 -36.0899
1717 40.0399 -41.0499
1718 44.0399 -43.9099
1719 42.0399 -45.4399
1720 41.0399 -40.1699
1721 45.0399 -37.5999
1722 47.0399 -40.0699
1723 48.0399 -40.0199
1724 37.0399 -41.8299
1725 43.0399 -40.7799
1726 45.0399 -40.5299
1727 52.0399 -38.5999
1728 45.0399 -49.8099
1729 36.0399 -49.9899
1730 52.0399 -38.5599
1731 49.0399 -42.9299
1732 43.0399 -36.5699
1733 44.0399 -50.0499
1734 36.0399 -47.2299
1735 49.0399 -40.4299
1736 38.0399 -49.9399
1737 48.0399 -36.2299
1738 49.0399 -39.2299
1739 43.0399 -46.4499
1740 44.0399 -39.5899
1741 44.0399 -45.7899
1742 49.0399 -42.2299
1743 40.0399 -37.0199
1744 52.0399 -37.8899
1745 51.0399 -40.7999
1746 51.0399 -43.3199
1747 51.0399 -42.5499
1748 39.0399 -36.6099
1749 40.0399 -47.2899
1750 47.0399 -49.0099
1751 52.0399 -38.1599
1752 49.0399 -42.6699
1753 36.0399 -52.3599
1754 37.0399 -39.0899
1755 42.0399 -43.3599
1756 49.0399 -41.4399
1757 44.0399 -38.2099
1758 47.0399 -45.4699
1759 42.0399 -47.6399
1760 44.0399 -37.6599
1761 45.0399 -47.2199
1762 50.0399 -36.5799
1763 48.0399 -36.7999
1764 48.0399 -37.2899
1765 48.0399 -38.9499
1766 52.0399 -36.7399
1767 46.0399 -46.6499
1768 42.0399 -45.9499
1769 39.0399 -45.7199
1770 37.0399 -39.7099
1771 52.0399 -38.1199
1772 42.0399 -51.6399
1773 42.0399 -38.7499
1774 39.0399 -49.4999
1775 48.0399 -38.8699
1776 51.0399 -38.2299
1777 36.0399 -44.0599
1778 38.0399 -50.7799
1779 40.0399 -48.9299
1780 47.0399 -45.3599
1781 48.0399 -43.7699
1782 39.0399 -41.4399
1783 40.0399 -41.9099
1784 51.0399 -38.3199
1785 52.0399 -40.8299
1786 45.0399 -37.1199
1787 49.0399 -43.0999
1788 42.0399 -50.2199
1789 52.0399 -38.7899
1790 49.0399 -41.6399
1791 38.0399 -47.2799
1792 42.0399 -38.6799
1793 41.0399 -51.6199
1794 42.0399 -46.0899
1795 49.0399 -38.9399
1796 37.0399 -48.3599
1797 46.0399 -41.4699
1798 41.0399 -51.0199
1799 40.0399 -50.5999
1800 42.0399 -40.9399
1801 46.0399 -44.2899
1802 47.0399 -36.3199
1803 40.0399 -37.7399
1804 43.0399 -46.6499
1805 44.0399 -43.1399
1806 41.0399 -51.1099
1807 49.0399 -43.0899
1808 48.0399 -46.1599
1809 46.0399 -48.6599
1810 38.0399 -40.1899
1811 38.0399 -38.6199
1812 42.0399 -46.1899
1813 51.0399 -43.7599
1814 46.0399 -49.9199
1815 50.0399 -43.9499
1816 42.0399 -49.7299
1817 40.0399 -42.8399
1818 48.0399 -45.0399
1819 44.0399 -48.9899
1820 48.0399 -48.0299
1821 49.0399 -42.8999
1822 44.0399 -47.4699
1823 39.0399 -49.3399
1824 37.0399 -42.6299
1825 50.0399 -39.8099
1826 47.0399 -46.9999
1827 51.0399 -40.2999
1828 38.0399 -41.4499
1829 39.0399 -47.8099
1830 52.0399 -38.8699
1831 38.0399 -39.1499
1832 51.0399 -37.9299
1833 49.0399 -42.5699
1834 43.0399 -41.4899
1835 39.0399 -51.0999
1836 47.0399 -38.6099
1837 37.0399 -51.0999
1838 52.0399 -37.9199
1839 50.0399 -42.1199
1840 45.0399 -47.8399
1841 49.0399 -38.2999
1842 36.0399 -51.2799
1843 48.0399 -44.9599
1844 52.0399 -40.5899
1845 51.0399 -42.0199
1846 43.0399 -51.4499
1847 47.0399 -46.4699
1848 42.0399 -51.0799
1849 51.0399 -39.2699
1850 38.0399 -38.0099
1851 50.0399 -44.5299
1852 36.0399 -41.2999
1853 51.0399 -43.1099
1854 39.0399 -48.4799
1855 45.0399 -48.6999
1856 50.0399 -42.0799
1857 51.0399 -39.0899
1858 43.0399 -37.5299
1859 52.0399 -40.4999
1860 45.0399 -42.2199
1861 49.0399 -41.9899
1862 50.0399 -39.6199
1863 31.0399 -36.9799
1864 30.0399 -51.8999
1865 28.0399 -44.7199
1866 32.0399 -42.5499
1867 32.0399 -44.4199
1868 32.0399 -52.2899
1869 32.0399 -50.4799
1870 31.0399 -51.1599
1871 34.0399 -43.0299
1872 27.0399 -47.5899
1873 29.0399 -38.9999
1874 34.0399 -44.0999
1875 22.0399 -39.1699
1876 24.0399 -43.4299
1877 26.0399 -45.4399
1878 26.0399 -44.0199
1879 32.0399 -51.6699
1880 35.0399 -46.6099
1881 20.0399 -40.2399
1882 20.0399 -39.0499
1883 27.0399 -36.9399
1884 23.0399 -41.1099
1885 25.0399 -38.0399
1886 36.0399 -48.9999
1887 25.0399 -45.4299
1888 23.0399 -46.1199
1889 28.0399 -44.6499
1890 36.0399 -36.3399
1891 36.0399 -39.9799
1892 21.0399 -42.3899
1893 32.0399 -50.7399
1894 28.0399 -45.2599
1895 20.0399 -40.7399
1896 26.0399 -39.7299
1897 22.0399 -44.9499
1898 27.0399 -41.5699
1899 32.0399 -42.0499
1900 25.0399 -46.7099
1901 29.0399 -48.8799
1902 34.0399 -36.5699
1903 33.0399 -47.2399
1904 24.0399 -46.1599
1905 32.0399 -50.3499
1906 21.0399 -39.6299
1907 30.0399 -37.6799
1908 22.0399 -45.1599
1909 23.0399 -46.8399
1910 36.0399 -38.2799
1911 22.0399 -44.2099
1912 26.0399 -47.9699
1913 25.0399 -40.1999
1914 28.0399 -46.4599
1915 20.0399 -39.1599
1916 23.0399 -44.7499
1917 24.0399 -41.8199
1918 36.0399 -47.2399
1919 24.0399 -38.4499
1920 28.0399 -40.8699
1921 22.0399 -45.3099
1922 25.0399 -42.5299
1923 24.0399 -42.9299
1924 23.0399 -41.3299
1925 22.0399 -41.0399
1926 24.0399 -39.7499
1927 30.0399 -37.0399
1928 23.0399 -40.3099
1929 30.0399 -41.1999
1930 22.0399 -36.4199
1931 22.0399 -42.8699
1932 32.0399 -52.2799
1933 29.0399 -38.9299
1934 20.0399 -37.1499
1935 21.0399 -41.8499
1936 27.0399 -48.5799
1937 31.0399 -40.4499
1938 30.0399 -37.0699
1939 24.0399 -42.2499
1940 27.0399 -37.5499
1941 21.0399 -43.4299
1942 26.0399 -36.4399
1943 20.0399 -37.9499
1944 24.0399 -47.6299
1945 26.0399 -37.9599
1946 25.0399 -47.9099
1947 34.0399 -38.1399
1948 28.0399 -38.4099
1949 35.0399 -42.6499
1950 33.0399 -39.8499
1951 23.0399 -42.5099
1952 26.0399 -44.5899
1953 29.0399 -43.9899
1954 34.0399 -49.7399
1955 35.0399 -48.4699
1956 35.0399 -47.4199
1957 22.0399 -39.5199
1958 25.0399 -39.7699
1959 35.0399 -38.0499
1960 26.0399 -40.0299
1961 21.0399 -39.3799
1962 35.0399 -37.7399
1963 34.0399 -44.5399
1964 36.0399 -36.9999
1965 30.0399 -37.1599
1966 34.0399 -38.6199
1967 21.0399 -42.2099
1968 31.0399 -41.5599
1969 25.0399 -48.2699
1970 29.0399 -48.3299
1971 35.0399 -52.5199
1972 33.0399 -42.0499
1973 34.0399 -51.0599
1974 25.0399 -45.4399
1975 33.0399 -40.1599
1976 21.0399 -41.5299
1977 20.0399 -38.8099
1978 36.0399 -36.4699
1979 20.0399 -38.8699
1980 32.0399 -38.4699
1981 33.0399 -47.7399
1982 20.0399 -39.1099
1983 36.0399 -50.6999
1984 21.0399 -39.0399
1985 33.0399 -47.3899
1986 20.0399 -39.1299
1987 33.0399 -52.0399
1988 35.0399 -41.8799
1989 28.0399 -39.9299
1990 35.0399 -38.6199
1991 29.0399 -43.1899
1992 24.0399 -43.0399
1993 22.0399 -44.8299
1994 21.0399 -43.2799
1995 31.0399 -50.9099
1996 35.0399 -41.1299
1997 21.0399 -38.7699
1998 27.0399 -37.0099
1999 23.0399 -37.8499
2000 34.0399 -41.3799
2001 25.0399 -38.8599
2002 34.0399 -52.0699
2003 25.0399 -39.0899
2004 25.0399 -38.4099
2005 21.0399 -38.1499
2006 31.0399 -43.5199
2007 34.0399 -46.5799
2008 34.0399 -42.7499
2009 32.0399 -47.5199
2010 33.0399 -44.0299
2011 34.0399 -42.7099
2012 36.0399 -41.4899
2013 31.0399 -50.3399
2014 28.0399 -45.8899
2015 21.0399 -42.9899
2016 20.0399 -40.8299
2017 26.0399 -37.6599
2018 31.0399 -46.1499
2019 24.0399 -37.7399
2020 22.0399 -45.1799
2021 33.0399 -50.5099
2022 21.0399 -40.1599
