%%index real_part   imaginary_part
5077 5077 5077
1 24.22 35.19
2 11.25 9.42
3 13.95 12.91
4 7.82 0.79
5 6.67 9.52
6 22.07 19.6
7 2.98 25.33
8 6.71 24.54
9 3.27 3.44
10 5.36 12.63
11 27.44 5.73
12 26.47 23.04
13 13.85 1.69
14 19.88 16.9
15 10.12 18.09
16 13.28 16.65
17 29.59 37.87
18 10.78 28.05
19 28.84 3.54
20 13.06 18.6
21 1.72 39.03
22 27.88 38.66
23 23.2 8.22
24 15.18 34.59
25 7.22 30
26 39.25 20.54
27 3.58 34.67
28 36.36 25.73
29 6.15 17.43
30 39.04 19.76
31 36.42 19.8
32 17.67 15.84
33 3.9 26.01
34 29.56 31.97
35 14.09 36.26
36 35.3 6.14
37 4.8 19.33
38 27.55 26.7
39 21.3 31.53
40 21.53 2.73
41 26.79 32.04
42 30.23 24.3
43 10.03 33.89
44 14.84 26.59
45 9.88 19.71
46 39.51 13.89
47 33.25 6.3
48 32.31 20.7
49 12.67 0.67
50 36.94 25.39
51 31.54 30.28
52 9.61 35.76
53 22.46 39.86
54 31.39 37.16
55 3.41 7.28
56 39.33 16.44
57 0.75 30.2
58 24.09 29.56
59 19.68 14.3
60 34.01 2.45
61 16.34 29.56
62 35.86 33.52
63 14.22 13.12
64 13.79 31.69
65 20.61 30.41
66 20.69 10.73
67 10.01 15.67
68 15.53 30.3
69 30.98 32.48
70 39.76 6.93
71 26.89 34.39
72 28.11 39.09
73 32.18 27.64
74 5.47 15.72
75 18.18 11.86
76 1.42 39.48
77 36.53 38.04
78 11.16 0.8
79 36.01 10.75
80 4.69 24.96
81 39.21 16.62
82 32.29 25.38
83 19.21 12.75
84 5.23 11.35
85 21.8 10.19
86 8.11 8.51
87 11.13 8.69
88 39.86 36.22
89 15.47 3.31
90 15.17 5.33
91 4.81 33.65
92 35.21 16.59
93 20.91 1.34
94 15.62 6.38
95 34.86 16.92
96 33.55 20.31
97 5.69 37.59
98 10.34 29.36
99 0.71 28.42
100 38.62 19.09
101 27.61 22.51
102 31.21 10.25
103 6.47 38.74
104 2.05 31.07
105 39.92 25.46
106 22.63 20.74
107 37.33 4.73
108 9.6 17.85
109 24.23 21.76
110 38.68 25.22
111 9.05 22.61
112 20.2 35.75
113 25.12 18.26
114 6.69 34.07
115 13.16 29.35
116 11.87 5.31
117 15.56 0.77
118 39.51 6.6
119 1.19 25.55
120 14.54 5.08
121 25.82 1.11
122 9.36 37.17
123 15.02 26.67
124 8.43 18.96
125 7.7 2.77
126 25.38 7.12
127 6.39 16.75
128 35.02 9.11
129 3.18 31.51
130 20.87 1.71
131 10.54 16.34
132 20.64 36.26
133 6.38 29.62
134 18.69 23.67
135 28.76 11.09
136 12.2 33.23
137 33.93 18.1
138 4.78 25.08
139 7.57 8.95
140 15.25 16.73
141 27.37 15.27
142 35.55 0.63
143 13.26 33.77
144 25.28 34.09
145 39.32 19.96
146 36.31 9.67
147 9.45 9.86
148 3 20.47
149 4.14 15.83
150 26.92 25.21
151 18.45 36.42
152 14.53 2.64
153 31.25 15.9
154 24.85 22.83
155 39.56 38.82
156 17.61 0.1
157 4.26 26.94
158 20.71 13.16
159 10.77 17.52
160 37.49 9.51
161 22.71 10.09
162 23.47 37.32
163 21.31 35.68
164 11.52 29.99
165 15.21 25.45
166 25.4 1.96
167 8.13 37.18
168 13.08 39.93
169 22.76 39.38
170 38.2 37.93
171 1.56 25.84
172 12.78 19.33
173 36.02 9.34
174 30.38 37.01
175 10.05 6.79
176 20.41 31.39
177 32.23 36.28
178 31.96 3.88
179 33.88 13.54
180 2.52 7
181 12.49 12.61
182 9.79 27.92
183 27.85 20.62
184 20 22.87
185 24.32 14.13
186 39.97 21.72
187 4.57 29.4
188 38.74 16.28
189 16.81 0.59
190 7.39 29.13
191 20.52 30.38
192 26.66 27.8
193 35.2 16.28
194 29.82 22.15
195 29.15 32.6
196 5.21 32.34
197 20.26 1.64
198 22.26 15
199 1.39 11.63
200 29.28 5.78
201 31.02 29.24
202 18.64 29.26
203 9.06 35.6
204 36.19 20.91
205 13.56 29.39
206 19.78 7.1
207 38.42 37.6
208 13.88 9.96
209 32.11 37.15
210 29.75 3.71
211 39.57 21.27
212 26.43 34.97
213 13.49 23.36
214 34.99 12.22
215 21.52 18.41
216 7.65 24.28
217 17.06 12.55
218 11.67 29.81
219 14.24 29.64
220 19.03 11.38
221 22.01 27.8
222 28.93 2.33
223 12.3 20.43
224 17.58 2.81
225 10.04 7.93
226 29.2 10.86
227 5.83 9.62
228 36.5 19.16
229 31.38 22.84
230 1.25 31.49
231 19.29 12.9
232 28.97 12.42
233 5.76 39.87
234 33.03 4.16
235 15.55 20
236 11.33 15.59
237 17.92 37.56
238 21.51 0.26
239 3.07 33.74
240 1.68 39.1
241 9.96 16.64
242 29.78 34.4
243 13.56 19.31
244 5.67 26.28
245 17.77 8.46
246 24.89 6.93
247 22.87 0.59
248 0.46 13.86
249 18.03 28.63
250 12.16 37.02
251 12.61 37.1
252 34.66 23.49
253 27.27 30.53
254 24.28 16.17
255 18.79 33.86
256 10.5 29.48
257 23.88 32.27
258 11.58 0.28
259 26.56 0.97
260 9.43 17.26
261 27.71 7.86
262 8.45 34.32
263 11.71 14.1
264 6.26 12.43
265 9.45 33.26
266 30.36 18.42
267 5.43 25.58
268 16.12 25.02
269 4.71 32.7
270 30.08 3.92
271 33.4 27.03
272 19.3 0.59
273 0.87 20.8
274 21.77 34.41
275 15.19 30.96
276 38.82 31.21
277 29.05 6.42
278 20.52 10.79
279 26.74 4.28
280 37.54 26.78
281 8.72 39.72
282 25.3 27.9
283 16.44 17.67
284 13.89 4.94
285 8.86 24.68
286 11.71 3.98
287 4.57 5.78
288 26.59 31.01
289 28.94 8.96
290 39.92 8.36
291 3.09 4.13
292 10.55 2.26
293 16.57 35.67
294 39.95 34.6
295 24.9 3.32
296 6.56 37.5
297 28.92 33.63
298 14.82 31.86
299 0.33 5.37
300 30.05 28.72
301 32.7 9.19
302 18.5 5.28
303 39.81 0.79
304 13.27 5.09
305 16.97 28.76
306 36.41 16.72
307 18.98 23.59
308 22.78 6.97
309 1.57 39.08
310 2.4 22.73
311 23.75 29.99
312 23.62 12.48
313 7.86 12.68
314 21.57 1.97
315 30.69 8.19
316 20.91 15.14
317 20.42 26.91
318 27.7 39.41
319 4.5 20.23
320 12.51 0.97
321 17.69 24.99
322 12.1 8.93
323 19.42 0.2
324 39.28 34.88
325 17.62 24.51
326 14.5 5.2
327 21.2 4.89
328 21.09 1.65
329 3.62 29.06
330 37.26 2.66
331 17.8 34.31
332 21.22 18.17
333 17.58 1.74
334 25.5 12.44
335 16.93 25.6
336 14.11 38.01
337 6.94 38.15
338 1.87 26.22
339 21.1 29.88
340 14.39 4.67
341 13.39 2.24
342 7.14 28.9
343 30.55 34.59
344 23.65 31.75
345 34.42 34.17
346 28.48 24.43
347 2.6 15.74
348 17.49 13.22
349 29.18 23.7
350 12.82 2.99
351 4.52 6.11
352 7.78 26.94
353 13.16 14.99
354 4.87 9.65
355 17.84 37.78
356 0.03 19.27
357 11.69 31.23
358 25.82 10.69
359 2.44 2.24
360 36.41 9.48
361 37.43 0.38
362 16.13 28.41
363 5.15 0.04
364 27.26 33.62
365 0.13 37.85
366 7.48 0.09
367 30.55 4.65
368 23.16 15.27
369 28.44 3.71
370 5.01 28.04
371 10.83 6.29
372 37.52 5.04
373 19.25 22.52
374 24.76 23.35
375 36.35 25.22
376 25.6 24.69
377 16.62 33.78
378 37.34 1.73
379 38.87 25.29
380 23.14 28.13
381 31.74 39
382 7.18 30.62
383 5.89 22.29
384 29.52 30.34
385 18.38 37.86
386 4.15 34.53
387 3.1 29.21
388 15.25 5.19
389 32.06 25.87
390 11.09 0.01
391 28.22 31.93
392 25.72 36.7
393 1.95 4.84
394 30.13 26.58
395 18.23 0.83
396 3.35 13.27
397 3.9 9.97
398 35.78 10.53
399 4.4 13.31
400 14.69 28.82
401 26.88 26.3
402 19.04 18.84
403 27.56 29.98
404 15.85 34.29
405 37.83 19.62
406 11.56 30.47
407 27.17 26.05
408 30.9 0.8
409 30.9 29.12
410 33.47 24.55
411 1.35 12.66
412 22.63 36.83
413 10.88 5.25
414 22.08 21.94
415 10.76 15.28
416 5.11 36.78
417 19.14 37.64
418 31.14 24.15
419 21.96 6.7
420 29.85 10.52
421 0.99 19.79
422 5.85 4.93
423 9.25 31.68
424 24.32 0.27
425 24.82 3.67
426 16.33 17.8
427 18.15 26.17
428 34.94 2.49
429 24.43 29.03
430 7.84 20.55
431 17.33 38.71
432 36.36 16.47
433 0.62 39.99
434 10.22 31.02
435 1.54 26.1
436 5.9 0.07
437 8.52 6.05
438 1.25 11.75
439 15.54 17.77
440 21.44 25.58
441 6.9 0.36
442 30.06 37.78
443 3.79 25.05
444 17.6 28.52
445 9.07 28.22
446 26.93 28.96
447 5.43 29.92
448 29.92 26.81
449 21.36 9.57
450 35.68 0.14
451 3.73 26.42
452 32.48 5.1
453 20.37 12.25
454 30.02 33.73
455 22.83 35.91
456 39.79 14.98
457 16.28 29.73
458 18.3 29.85
459 18.38 20.07
460 11.81 39.43
461 31.91 30.97
462 20.9 38.75
463 29.08 0.87
464 10.44 10.82
465 14.48 10.44
466 36.87 9.64
467 14.74 18.21
468 30.46 32.87
469 30.12 38.63
470 34.54 24
471 2.5 12.96
472 6.21 34.34
473 27.71 22.31
474 2.38 28.04
475 27.47 9.61
476 0.59 14.2
477 16.47 22.9
478 23.77 21.49
479 35.83 9.07
480 19.52 37.74
481 7.38 10.31
482 32.04 19.91
483 16.3 25.65
484 24.28 22.5
485 10.02 6.42
486 22.9 22.35
487 16.69 12.52
488 34.83 29.12
489 17.16 7.92
490 17.54 0.74
491 18.46 8.15
492 31.05 21.65
493 6.66 34.93
494 7.52 18.35
495 16.09 2.49
496 16.32 27.04
497 10.47 26.99
498 12.64 8.36
499 34.38 26.77
500 36.72 0.45
501 22.8 4.4
502 20.44 19.62
503 8.74 3.01
504 10.93 15.28
505 19.54 29.42
506 1.09 31.99
507 13.64 38
508 36.45 35.67
509 14.02 20.3
510 26.31 3.97
511 34.54 30.11
512 17.1 2.63
513 10.99 5.01
514 35.31 33.27
515 37.24 8.89
516 13.29 32.03
517 11.65 23.56
518 30.09 33.74
519 12.54 23.92
520 16.86 4.54
521 36.54 32.08
522 30.08 17.96
523 17.15 10.18
524 34.01 26.53
525 34.02 31.17
526 24.8 20.32
527 26.48 28.56
528 37.1 5.42
529 2.21 0.99
530 9.89 32.41
531 27.96 39.45
532 26.53 23.18
533 20.44 39.61
534 27.05 16.62
535 21.17 32.98
536 28.58 3.92
537 25.4 17.71
538 31.41 18.66
539 8.71 2.55
540 37.24 28.94
541 12.79 2.74
542 34.82 25.56
543 30.98 39.27
544 0.26 31.92
545 27.85 33.2
546 36.17 13.67
547 36.86 15.81
548 18.95 22.71
549 2.85 20.82
550 13.81 6
551 13.44 24.02
552 5.25 2.39
553 24.58 2.36
554 8.43 0.19
555 29.13 36.81
556 39.55 5.67
557 34.75 1.92
558 4.71 37.9
559 29.82 25.74
560 22.46 4.98
561 18.65 17.68
562 33.49 22.15
563 8.38 19.03
564 3.38 12.44
565 21.97 11.24
566 38.78 17.19
567 23.1 38.93
568 1.3 4.04
569 4.23 11.2
570 8.02 9.73
571 18.93 36.88
572 2.33 11.09
573 8.99 13.68
574 2.94 7.04
575 15.54 38.82
576 20.02 28.92
577 11.08 37.72
578 16.75 17.03
579 29.48 19.46
580 34.22 20.13
581 0.84 14.97
582 13.9 33.01
583 0.57 27.47
584 2.19 18.72
585 28.46 8.32
586 5.2 10.21
587 24.83 10.91
588 28.11 11.05
589 18.1 33.82
590 36.16 31.06
591 23.5 33.64
592 34.88 16.18
593 33.22 34.58
594 17.57 11.64
595 35.29 26.22
596 4.71 11.79
597 8.32 39.66
598 30.65 18.61
599 37.34 8.89
600 20.73 32.84
601 6.58 29.32
602 3.75 29.46
603 0.51 31.41
604 25.23 31.86
605 26.44 22.13
606 15.78 24.92
607 4.62 9.95
608 8.05 10.66
609 25.82 1.36
610 31.1 29.14
611 0.94 24.64
612 27.82 35.81
613 17.95 12.78
614 25.2 18.47
615 14.83 18.81
616 8.13 5.93
617 35.39 21.41
618 12.82 15.4
619 7.26 35.91
620 21.56 1.58
621 26.5 37.23
622 10.7 37.34
623 11.53 34.64
624 36.01 18.75
625 7.9 0.87
626 29.03 27.11
627 22.93 12.36
628 28.66 20.37
629 2.36 0.88
630 19.69 13.86
631 23.32 17.2
632 2.13 31.34
633 10.26 18.71
634 18.14 18.48
635 20.06 21.04
636 18.27 39.71
637 0.57 10.08
638 4.72 28.97
639 11.25 15.62
640 20.02 0.73
641 31.37 22.67
642 38.55 12.57
643 32.95 14.3
644 18.7 27.21
645 4.6 35.31
646 16.03 1.91
647 36.77 27.92
648 10.15 18.17
649 36.65 7.03
650 28.07 31.82
651 35.05 16.71
652 30.31 9.87
653 2.36 35.62
654 14.77 38.55
655 2.81 17.13
656 39.8 38.31
657 10.88 34.18
658 12 1.87
659 32.61 3.83
660 2.67 30.7
661 36.13 0.73
662 28.65 18.7
663 36.87 36.42
664 3.45 2.32
665 34.14 33.52
666 13.75 35.04
667 4.91 29.19
668 28.34 7.58
669 6.14 10.8
670 27.93 6.63
671 4.94 8.95
672 6.65 31.26
673 33.13 15.82
674 23.18 18.65
675 12.87 29.26
676 29.99 29.37
677 8.07 9
678 8.94 22.16
679 28.01 4.95
680 1.99 15.91
681 10.95 22.15
682 14.87 19.27
683 26.85 19.39
684 30.19 6.73
685 13.36 36.51
686 8.98 21.64
687 12.9 21.82
688 1.16 15.63
689 34.28 9.56
690 38.82 24.34
691 13.71 7.15
692 19.67 32.34
693 18.02 25.31
694 33.78 28.61
695 4.52 6.03
696 28.19 35.77
697 18.56 19
698 1.91 6.58
699 16.83 8.94
700 5.45 35.62
701 17.26 30.19
702 15.53 14.44
703 33.59 30.17
704 3.25 16.69
705 4.56 27.88
706 38.55 2.07
707 37.93 21.79
708 7.1 18.23
709 10.36 15.96
710 21.99 0.88
711 0.18 18.41
712 0.93 13.7
713 23.8 18.74
714 31.2 2.84
715 38.46 0.63
716 34.34 0.18
717 18.14 15.72
718 9.41 9.87
719 26.57 11.73
720 39.61 12.66
721 18.26 31.13
722 12.92 38.17
723 19.92 19.71
724 35.67 20.03
725 24.43 33.8
726 15.73 17.67
727 34.89 24.61
728 6.88 16.66
729 23.02 18.7
730 19.33 1.6
731 1.78 21.48
732 0.73 13.68
733 23.55 19.92
734 31.66 13.66
735 29.85 10.12
736 4.77 34.79
737 36.48 11.63
738 31.34 17.7
739 1.25 19.92
740 13.73 27.02
741 8.21 25.68
742 13.82 32.98
743 9.65 3.1
744 21.8 24.22
745 25.82 32.67
746 17.68 1.14
747 14.82 27.61
748 7.53 21.93
749 35.59 1.89
750 12.02 2.71
751 1.03 25.44
752 0.59 16.79
753 38.01 37.51
754 20.96 31.94
755 18.96 2.78
756 31.99 38.21
757 31.19 27.17
758 30.27 5.81
759 30.03 0.84
760 37.04 15.6
761 16.74 15.85
762 3.46 18.24
763 0.17 35.08
764 36.97 14.52
765 20.75 35.76
766 24.73 12.51
767 32.83 25.3
768 22.82 25.32
769 20.78 34.36
770 37.15 7.3
771 5.51 39.74
772 30.43 29.14
773 38.47 36.7
774 1.07 24.23
775 39.83 28.5
776 7.87 38.11
777 16.35 20.09
778 18.69 14.86
779 29.38 20.04
780 19.32 15.66
781 28.18 13.65
782 38.96 7.57
783 36.42 24.53
784 18.89 25.3
785 32.6 17.2
786 16.95 16.04
787 8.7 38.11
788 34.81 10.9
789 38.65 7.17
790 35.67 39.4
791 37.51 38.48
792 22.09 3.55
793 18.41 17.38
794 37.42 0.78
795 16.45 11.31
796 28.48 16.75
797 24.32 8.15
798 32.68 30.96
799 16.26 24.26
800 1.47 15.09
801 31.14 12.38
802 10.49 21.94
803 32.84 39.84
804 7.02 8.83
805 8.23 31.5
806 33.5 6.21
807 13.28 9.27
808 30.17 15.6
809 19.9 35.21
810 6.52 31.12
811 7.87 39.87
812 8.02 38.53
813 29.49 35.71
814 23.5 4.22
815 19.32 9.28
816 21.66 24.97
817 6.91 13.98
818 17.34 35.68
819 8.03 3.27
820 38.29 27.88
821 34.1 19.78
822 29.05 31.8
823 10.92 7.38
824 2.6 22.75
825 13.87 30.82
826 30.7 12.64
827 14.69 25.26
828 24.49 2.24
829 9.99 4.19
830 16.99 7.99
831 32.96 29.31
832 6.81 38.65
833 37.85 39.87
834 6.67 24.15
835 12.04 5.88
836 29.19 4.96
837 36.76 9.66
838 20.56 21.76
839 4.51 11.2
840 2.03 26.68
841 2.85 18.38
842 3.64 36.25
843 38.49 17.54
844 25.25 28.14
845 36.13 8.48
846 1.31 2.24
847 4.42 29.1
848 32.49 11.64
849 35.8 5.79
850 15.2 39.16
851 4.13 11.36
852 21.02 4.39
853 26.15 4.41
854 15.62 1.58
855 28.27 30.67
856 9.05 21.17
857 17.42 31.12
858 12.18 12.7
859 4.36 19.43
860 31.44 37.44
861 3.2 -0.49
862 29.59 -36.27
863 7.92 -7.62
864 13.42 -25.61
865 24.77 -7.24
866 18.6 -28.62
867 33.01 -32.42
868 36.84 -3.14
869 4.72 -22.68
870 13.35 -12.46
871 37.15 -36.51
872 31.15 -22.41
873 38.63 -14.57
874 37.52 -3.34
875 4.3 -2.99
876 3.48 -32.48
877 28.76 -7.5
878 15.13 -36.6
879 25.73 -0.2
880 7.44 -32.07
881 24.21 -10.5
882 2.93 -26.04
883 32.7 -17.22
884 39.9 -3.29
885 19.27 -37.42
886 37.46 -16.78
887 2.71 -16.42
888 34.51 -32.13
889 35.47 -1.34
890 7.85 -32.03
891 24.52 -39.77
892 10.8 -14.85
893 14.97 -16.8
894 17 -25.93
895 21.52 -0.7
896 14.73 -24.44
897 14 -5.73
898 26.47 -21.18
899 24.47 -6.7
900 7.64 -29.89
901 6.67 -3.74
902 23.68 -8.62
903 0.76 -9.38
904 14.24 -18.19
905 10.22 -36.23
906 39.53 -25.61
907 0.47 -38.26
908 15.06 -10.33
909 39.78 -15.44
910 19.67 -32.06
911 20.02 -21.3
912 30.55 -34.4
913 15.58 -34.02
914 4.24 -17.02
915 6.91 -3.57
916 10.83 -11.89
917 20.51 -17.11
918 30.01 -34.51
919 12.7 -21.27
920 21.03 -4.26
921 29.87 -26.44
922 24.71 -24.08
923 37.93 -33.86
924 12.83 -3.29
925 38.88 -37.71
926 22.53 -32.5
927 30.42 -18.9
928 16.45 -16.6
929 33.62 -9.52
930 13.09 -20.69
931 32.58 -4.05
932 21.16 -23.92
933 21.95 -16.62
934 1.41 -14.7
935 18.96 -34.65
936 24.61 -22.44
937 10.04 -12.35
938 9.74 -12.84
939 16.14 -7.97
940 9.2 -22.57
941 18.59 -18.54
942 37.44 -35.25
943 11.85 -12.53
944 22.05 -17.41
945 38.11 -8.99
946 13.05 -38.66
947 22.58 -34.21
948 14.35 -37.73
949 12.43 -8.05
950 6.22 -15.77
951 1.73 -34.91
952 10.79 -30.83
953 3.68 -11.78
954 19.75 -20.53
955 6.62 -23.34
956 1.88 -32.48
957 27.73 -28.73
958 1.26 -2.84
959 20.26 -39.59
960 8.58 -23.31
961 21.97 -21.89
962 19.62 -25.15
963 26.41 -8.07
964 19.64 -33.98
965 13.27 -38.84
966 37.28 -25.86
967 16.69 -15
968 26.78 -8.07
969 32.12 -23.89
970 7.23 -10.06
971 2.54 -2.26
972 30.99 -12.63
973 15.48 -30.27
974 33.38 -32.25
975 19.08 -39.26
976 24.67 -5.49
977 30.64 -4.57
978 16.16 -4.29
979 1.79 -17.05
980 19.42 -35.8
981 21.66 -15.06
982 30.07 -16.7
983 28.29 -1.87
984 25.77 -16.85
985 26.91 -20.41
986 22.67 -36.52
987 9.16 -32.97
988 23.25 -17.18
989 9.43 -28.16
990 30.94 -16.63
991 22.12 -32.03
992 0.12 -15.61
993 23.42 -16.29
994 36.86 -16.28
995 15.6 -25.22
996 0.28 -16.28
997 36.5 -0.78
998 2.65 -33.87
999 14.25 -24.79
1000 8.72 -31.94
1001 28.47 -4.68
1002 37.66 -34.91
1003 12.09 -37.63
1004 29.31 -20.91
1005 1.06 -25.04
1006 17.07 -20.25
1007 39.38 -23.19
1008 3 -20.71
1009 0.51 -22.8
1010 8.02 -39.86
1011 19.67 -16.11
1012 16.89 -11.83
1013 5.7 -19.69
1014 8.01 -23.07
1015 15.01 -19.95
1016 24.64 -16.73
1017 11.65 -3.48
1018 4.63 -22.3
1019 6.73 -23.74
1020 8.79 -33.94
1021 17.71 -7.79
1022 34.5 -29.38
1023 10.1 -17.09
1024 39.9 -1.02
1025 4.41 -10.61
1026 30.25 -11.44
1027 23.27 -27.6
1028 7.29 -10.66
1029 33.73 -32.5
1030 15.97 -15.3
1031 35.56 -12.27
1032 15.75 -4.13
1033 29.95 -10.73
1034 34.47 -23.91
1035 21.37 -36.68
1036 8 -6.78
1037 39.69 -39.09
1038 19.7 -2.5
1039 3.53 -13.31
1040 27.44 -23.12
1041 34.57 -7.94
1042 35.54 -17.69
1043 31.88 -21.36
1044 13.86 -6.35
1045 25.18 -25.61
1046 37.88 -33.36
1047 37.49 -20.74
1048 31.47 -17.16
1049 4.59 -27.45
1050 24.13 -29.46
1051 39.77 -25.96
1052 28.57 -35.65
1053 38.16 -39.46
1054 16.29 -8.28
1055 31.4 -5.21
1056 16.67 -3.73
1057 24.95 -29.49
1058 10.86 -15.73
1059 22.08 -16.83
1060 5.96 -28.24
1061 21.6 -7.26
1062 31.52 -7.37
1063 24.53 -19.1
1064 6.55 -22.99
1065 12.46 -32.64
1066 18.6 -34.2
1067 29.86 -15.75
1068 15.21 -10.7
1069 22.5 -31.54
1070 36.75 -35.02
1071 2.27 -17.42
1072 6.92 -16.94
1073 32.67 -27.22
1074 7.57 -21.3
1075 9.54 -18.27
1076 29.06 -17.06
1077 24.43 -31.15
1078 13.77 -20.58
1079 3.58 -12.48
1080 5.12 -20.32
1081 18.04 -19.56
1082 35.31 -27.24
1083 1.46 -11.42
1084 2.96 -14.04
1085 12.58 -23.96
1086 4.91 -3.23
1087 23.69 -14.85
1088 5.6 -11.83
1089 36.65 -16.36
1090 38.16 -13.17
1091 33.75 -6.19
1092 0.86 -27.22
1093 7.8 -18.18
1094 34.18 -14.63
1095 38.47 -14.9
1096 37.98 -39.3
1097 30.07 -20.04
1098 31.46 -36.81
1099 14.37 -31.53
1100 19.02 -37.95
1101 4.7 -26.95
1102 1.81 -23.93
1103 39.28 -28.4
1104 8.28 -7.41
1105 24.1 -35.93
1106 5.64 -6.44
1107 37.18 -17.86
1108 39.56 -6.51
1109 24.66 -4.99
1110 23.41 -33.75
1111 36.57 -23.14
1112 3.18 -24.92
1113 21.73 -30.16
1114 21.7 -38.16
1115 36.11 -36.11
1116 23.06 -4.24
1117 28.17 -4.34
1118 36.26 -28.39
1119 35.8 -30.97
1120 30.42 -4.54
1121 14.51 -23.43
1122 1.29 -36.06
1123 6.09 -11.69
1124 20.2 -4.37
1125 38.12 -30.76
1126 17.42 -7.14
1127 32.06 -38.22
1128 28.38 -24.12
1129 22.28 -13.79
1130 13.42 -13.6
1131 17.84 -21.92
1132 29.78 -0.01
1133 28.4 -9.53
1134 0.5 -26.04
1135 34.1 -27.73
1136 11.16 -30.92
1137 30.51 -8.61
1138 23.83 -15.97
1139 20.34 -36.6
1140 30.88 -7.55
1141 14.69 -18.47
1142 20.21 -11.82
1143 35.94 -10.27
1144 27.59 -8.59
1145 22.2 -21.75
1146 7.19 -1.01
1147 4.54 -0.04
1148 9.58 -36.97
1149 26.53 -32.95
1150 20.68 -13.6
1151 8.05 -20.63
1152 32.77 -31.84
1153 7.81 -38.56
1154 38.68 -16.6
1155 27.67 -31.67
1156 10.14 -33.09
1157 4.91 -5.89
1158 16.16 -30.35
1159 2.47 -4.38
1160 29.65 -3.75
1161 8.29 -24.67
1162 28.23 -36.84
1163 37.33 -12.83
1164 9.3 -37.81
1165 14.94 -23.86
1166 4.49 -29.98
1167 25.34 -22.99
1168 21.55 -0.78
1169 20.9 -36.67
1170 28.35 -23.75
1171 16.84 -8.58
1172 14.47 -2.01
1173 35.89 -25.28
1174 29.66 -34.15
1175 1.43 -38.36
1176 23.03 -19.31
1177 19.67 -9.72
1178 26.07 -11.26
1179 12.6 -17
1180 4.38 -38.9
1181 28.88 -27.54
1182 14.05 -12.39
1183 13.18 -17.75
1184 14.42 -35.6
1185 19.35 -34.08
1186 2.66 -6.29
1187 8.31 -39.72
1188 25 -20.65
1189 14.81 -4.2
1190 2.56 -14.66
1191 37.49 -16.24
1192 29.48 -29.11
1193 3.89 -20.68
1194 1.2 -19.07
1195 17.97 -16.49
1196 7.55 -5.58
1197 17.97 -10.38
1198 31.65 -21.6
1199 20.72 -31.15
1200 25.24 -9.59
1201 15.89 -3.6
1202 3.32 -31.42
1203 12.08 -27.72
1204 31.92 -28.32
1205 6.5 -30.41
1206 10.17 -38
1207 30.63 -7.51
1208 31.71 -39.65
1209 22.24 -34.52
1210 14.54 -32.91
1211 38.49 -3.74
1212 17.64 -25.61
1213 10.74 -16.46
1214 11.14 -9.29
1215 18.88 -31.46
1216 38.58 -39.9
1217 31.32 -34.77
1218 26.01 -1.9
1219 33.74 -6.92
1220 37.33 -17.93
1221 19.45 -3.76
1222 14.79 -11.02
1223 14.19 -10.08
1224 8.13 -6.5
1225 39.41 -36.44
1226 3.7 -26.19
1227 11.8 -1.42
1228 17.89 -21.34
1229 30.63 -22.54
1230 17.53 -32.55
1231 32.45 -9.51
1232 7.81 -19.63
1233 21.54 -27.29
1234 34.22 -33.82
1235 15.28 -18.8
1236 26.09 -35.07
1237 9.62 -38.25
1238 8.34 -0.88
1239 10.91 -23.81
1240 20.25 -19.99
1241 6.18 -10.32
1242 11.75 -23.95
1243 8.81 -17.98
1244 4.05 -33.16
1245 29.23 -39.44
1246 12.48 -25.1
1247 4.73 -21.68
1248 12.49 -23.81
1249 21.15 -29.79
1250 12.12 -10.23
1251 8.83 -36.43
1252 38.21 -38.21
1253 2.61 -18.45
1254 2.26 -6.55
1255 30.06 -13.52
1256 23.85 -26.04
1257 13.51 -36.24
1258 17.74 -39.12
1259 35.8 -22.33
1260 25.29 -25.31
1261 13.93 -25.03
1262 10.23 -37.77
1263 21.58 -18.67
1264 11.98 -22.72
1265 32.96 -6.26
1266 6.21 -24.1
1267 25.83 -5.31
1268 23.76 -4.42
1269 14.49 -28.45
1270 1.97 -26.02
1271 15.58 -4.55
1272 4.31 -25.82
1273 28.46 -29.1
1274 14.95 -22.06
1275 10.89 -24.26
1276 9.29 -0.24
1277 38.02 -24.83
1278 7.02 -19.52
1279 5.77 -23.12
1280 32.9 -19
1281 6.63 -2.25
1282 7.56 -39.12
1283 3.54 -32.46
1284 20.91 -31.32
1285 20.86 -18.04
1286 26.11 -26.41
1287 15.75 -36.45
1288 29.07 -30.43
1289 16.01 -4.22
1290 32 -4.02
1291 7.78 -30.42
1292 15.25 -1.3
1293 24.34 -5.8
1294 32.45 -25.79
1295 8.32 -33.63
1296 35.88 -25.35
1297 27.99 -14.95
1298 10.93 -3.44
1299 38.28 -31.54
1300 13.1 -35.37
1301 21.78 -19.15
1302 19.12 -2.73
1303 33.16 -37.53
1304 5.27 -11.71
1305 19.25 -12.69
1306 3.12 -37.28
1307 2.1 -27.03
1308 32.84 -18.37
1309 7.69 -29.96
1310 23.6 -28.81
1311 17.68 -16.01
1312 34.48 -19.48
1313 26.45 -9.2
1314 0.74 -5.41
1315 0.78 -28.25
1316 10.92 -17.36
1317 20.09 -26.08
1318 27.14 -30.04
1319 5.27 -16.78
1320 29.47 -32.41
1321 29.69 -24.52
1322 11.56 -32.59
1323 10.97 -31.79
1324 21.76 -7.92
1325 0.25 -22.18
1326 38.19 -8.88
1327 28.36 -17.93
1328 27.13 -32.67
1329 1.6 -18.33
1330 6.59 -31.39
1331 12.27 -2.39
1332 31.99 -17.51
1333 11.08 -35.89
1334 12.67 -19.13
1335 11.55 -19.87
1336 4.4 -2.14
1337 34.74 -4.76
1338 36.56 -15.96
1339 27.4 -9.23
1340 31.41 -21.84
1341 30.72 -27.65
1342 9.1 -33.12
1343 25.79 -22.6
1344 0.94 -39.76
1345 31.15 -27.39
1346 33.3 -11.05
1347 32.08 -6.95
1348 2.84 -25.3
1349 7.95 -6.68
1350 26.56 -19.03
1351 21.17 -23.02
1352 27.79 -34.48
1353 10.44 -19.43
1354 32.18 -27.87
1355 9.71 -1.36
1356 29.01 -27.11
1357 20.23 -3.95
1358 26.55 -38.11
1359 37.87 -9.54
1360 36.94 -31.01
1361 5.58 -32.55
1362 3.02 -33.76
1363 22.58 -37.67
1364 7.87 -5.86
1365 24.89 -30.54
1366 13.56 -37.95
1367 32.43 -9.58
1368 32.54 -4.87
1369 32.74 -6.39
1370 7.75 -28.24
1371 15.36 -2.45
1372 9.92 -36.76
1373 38.4 -39.11
1374 8.66 -36.48
1375 31.01 -36.27
1376 32.34 -9.12
1377 2.88 -36.6
1378 37.79 -35.36
1379 1.22 -25.47
1380 19.53 -9.18
1381 7.14 -29.63
1382 2.74 -36.61
1383 1.49 -39.57
1384 5.97 -38.8
1385 27.04 -34.23
1386 0.21 -13.72
1387 14.01 -2.4
1388 1.52 -10.13
1389 10.13 -12.41
1390 12.2 -10.18
1391 19.3 -1.15
1392 1.27 -4.55
1393 39.91 -25.7
1394 14.69 -39.06
1395 11.76 -4.66
1396 37.81 -34.22
1397 34.36 -18.9
1398 22 -0.55
1399 39.35 -35.85
1400 33.6 -27.97
1401 5.21 -26.4
1402 32.32 -33.81
1403 3.95 -22.74
1404 35.15 -37.36
1405 7.54 -17.6
1406 18.75 -7.36
1407 11.91 -30.36
1408 19.59 -20.02
1409 22.6 -15.34
1410 20 -34.28
1411 32.03 -34.37
1412 16.79 -17.82
1413 21.89 -26.39
1414 25.76 -38.79
1415 30.28 -24.77
1416 11.17 -19.36
1417 16.7 -35.5
1418 18.24 -7.01
1419 4.38 -20.65
1420 38.25 -16.92
1421 27.8 -15.44
1422 9.33 -20.53
1423 4.07 -3.23
1424 18.57 -28.92
1425 23.2 -30.2
1426 24.57 -2.1
1427 19.92 -18.75
1428 5.14 -4.88
1429 3.68 -1.81
1430 26.58 -34.42
1431 13.79 -33.96
1432 32.98 -1.27
1433 11.81 -30.49
1434 14.66 -14.75
1435 35.19 -16.19
1436 31.63 -16.43
1437 0.48 -22.99
1438 26.22 -0.96
1439 33.4 -4.56
1440 34.76 -8.31
1441 10.41 -16.61
1442 38.88 -22.85
1443 27.73 -30.33
1444 35.67 -7.55
1445 1.97 -34.93
1446 32.42 -25.77
1447 30.57 -19.28
1448 13.29 -28.92
1449 3.67 -2.38
1450 18.57 -31.47
1451 7.91 -38.86
1452 25.37 -13.72
1453 18.21 -11.91
1454 16.47 -11.59
1455 23.43 -11.61
1456 31.74 -14.75
1457 37.6 -33.84
1458 27.7 -30.63
1459 38.18 -28.86
1460 27.31 -26.89
1461 12.66 -3.67
1462 22.96 -19.73
1463 8.66 -3.23
1464 9.13 -36.25
1465 27.73 -15.85
1466 14.72 -27.7
1467 4.95 -39.16
1468 11.07 -0.09
1469 15.21 -23.16
1470 38.29 -31.07
1471 5.82 -38.64
1472 36 -30.04
1473 20.67 -6.95
1474 39.33 -23.7
1475 10.59 -22.37
1476 26.04 -26.64
1477 6.38 -26.78
1478 33.53 -12.52
1479 8.78 -18.56
1480 34.41 -2.67
1481 33.89 -0.03
1482 2.71 -12.65
1483 16.27 -38.84
1484 25.52 -17.3
1485 11.89 -31.48
1486 33.64 -23.82
1487 13.86 -17.72
1488 28.19 -29.64
1489 16.87 -38.05
1490 23.94 -27.52
1491 14.16 -30.98
1492 17.76 -9.98
1493 26.03 -24.06
1494 2.62 -14.82
1495 17.49 -34.81
1496 38.36 -37.04
1497 13.21 -11.38
1498 13.75 -4.59
1499 21.89 -29.48
1500 24.48 -2.79
1501 26.61 -33.79
1502 15.03 -21.64
1503 14.81 -3.99
1504 5.56 -6.74
1505 34.26 -31.68
1506 26.18 -29.5
1507 3.01 -11.94
1508 36.01 -7.47
1509 22.29 -29.04
1510 27.37 -38.63
1511 39.19 -39.78
1512 14.68 -29.25
1513 33.84 -15.93
1514 5.41 -31.95
1515 34.75 -19.25
1516 13.04 -33.42
1517 15.06 -24.88
1518 32.4 -31.59
1519 38.33 -29.87
1520 25.07 -37.96
1521 30.99 -36.11
1522 8.06 -11.26
1523 18.73 -34
1524 26.56 -7.59
1525 9.74 -4.54
1526 7.84 -13.93
1527 6.7 -12.46
1528 28.39 -22.52
1529 18 -0.54
1530 19.79 -33.8
1531 30.74 -16.27
1532 1.15 -36.36
1533 31.47 -5.81
1534 39.2 -33.55
1535 35.04 -33.33
1536 29.44 -24.28
1537 39.06 -26.03
1538 23.55 -1.02
1539 12.13 -21.31
1540 25.85 -13.63
1541 27.56 -21.88
1542 34.34 -33.69
1543 19.73 -37.78
1544 38.32 -26.25
1545 23.57 -1.25
1546 17.52 -21.63
1547 21.51 -14.32
1548 20.13 -22.2
1549 19.27 -12.99
1550 9.84 -19.33
1551 7.13 -14.31
1552 3.86 -2.8
1553 3.83 -6.19
1554 31.02 -27.41
1555 1.04 -19.48
1556 1.36 -16.87
1557 14.08 -32.12
1558 33.42 -39.22
1559 25.47 -37.34
1560 38.59 -31.74
1561 16.9 -12.57
1562 26.89 -16.12
1563 38.32 -38.41
1564 14.92 -10.54
1565 33.39 -17.59
1566 35.43 -24.76
1567 27.57 -0.53
1568 10.24 -39.29
1569 30.23 -34.92
1570 14.4 -1.27
1571 21.66 -34.79
1572 30.44 -19.29
1573 22.03 -39.27
1574 36.61 -23.86
1575 19.13 -11.03
1576 23.6 -35.2
1577 11.32 -36.03
1578 37.96 -10.49
1579 21.03 -13.16
1580 30.76 -16.41
1581 4.69 -14.42
1582 18.47 -26.19
1583 29 -32.26
1584 30.7 -28.72
1585 33.51 -19.23
1586 14.03 -8.63
1587 31.44 -18.69
1588 17.96 -7.99
1589 31.85 -13.47
1590 24.5 -14.57
1591 13.3 -10.98
1592 10.53 -11.62
1593 22.11 -28.14
1594 1.31 -8.5
1595 28.43 -6.66
1596 21.09 -35.59
1597 25.3 -33.12
1598 28.91 -39.56
1599 31.8 -14.3
1600 37.06 -19.61
1601 31.76 -28.83
1602 7.53 -14.61
1603 22.6 -23.2
1604 0.2 -25.49
1605 3.59 -14.45
1606 28.96 -28.22
1607 39.85 -16.89
1608 5.03 -39.49
1609 11.51 -21.96
1610 32.15 -9.86
1611 5.45 -39.94
1612 33.07 -13.24
1613 16.32 -30.75
1614 8.58 -21.98
1615 5.11 -11.65
1616 0.48 -5.64
1617 23.77 -36.88
1618 23.6 -8.01
1619 37.03 -6.37
1620 24.34 -27.32
1621 15.55 -4.14
1622 24.55 -13.3
1623 16.32 -15.4
1624 0.88 -29.58
1625 2.97 -27.83
1626 31.3 -33.03
1627 9.79 -8.42
1628 2.7 -24.37
1629 9.87 -29.64
1630 1.29 -11.28
1631 20.44 -14.98
1632 15.38 -1.77
1633 13.31 -4.21
1634 14.1 -2.51
1635 29.83 -13.86
1636 18 -38.44
1637 15.27 -8.9
1638 27.82 -2.55
1639 35.65 -35.11
1640 22.94 -28.71
1641 25.26 -38.62
1642 10.57 -17.76
1643 5.65 -38.58
1644 28.22 -16.79
1645 31.59 -15.52
1646 34.03 -33.03
1647 38.32 -12.03
1648 19.76 -12.93
1649 15.44 -11.63
1650 29.01 -33.86
1651 35.82 -8.8
1652 17.7 -7.01
1653 13.08 -11.09
1654 9.72 -5.53
1655 37.76 -12.26
1656 14.4 -36.19
1657 13.95 -26.54
1658 25.12 -24.97
1659 5.28 -19.61
1660 35.13 -16.86
1661 9.89 -36.87
1662 8.9 -32.68
1663 5.62 -8.22
1664 23.37 -32.18
1665 26.04 -24.58
1666 36.9 -12.39
1667 22.92 -25.39
1668 36.48 -14.61
1669 23.66 -36.01
1670 8.27 -9.73
1671 5.92 -24.94
1672 11.48 -26.19
1673 14.69 -19.87
1674 39.48 -36.61
1675 16.99 -19.97
1676 16.85 -38.14
1677 34.34 -26.89
1678 38.63 -29.27
1679 21.46 -39.96
1680 28.07 -22
1681 37.91 -11.02
1682 36.41 -24.97
1683 3.1 -20.84
1684 20.37 -36.42
1685 6.15 -26.76
1686 11.7 -32.16
1687 18.35 -12.07
1688 31.94 -26.71
1689 26.84 -33.04
1690 13.02 -34.95
1691 36.61 -3.83
1692 34.24 -33.39
1693 22.66 -30.95
1694 34.44 -32.87
1695 18.4 -7.64
1696 18.67 -26.03
1697 11 -19.83
1698 4.19 -15.08
1699 15.02 -17.63
1700 7.91 -24.56
1701 20.24 -21.17
1702 36.76 -19.62
1703 9.85 -38.6
1704 35.16 -28.71
1705 27.18 -36.69
1706 0.52 -11.7
1707 5.09 -23.79
1708 14.74 -38.29
1709 31.16 -31.28
1710 38.92 -12.7
1711 38.73 -13.08
1712 36.44 -17.59
1713 36.2 -9.74
1714 30.89 -0.63
1715 25.2 -11.22
1716 35.92 -38.8
1717 21.94 -8.96
1718 11.08 -32.68
1719 21.39 -31.79
1720 28.48 -6.25
1721 21.47 -12.09
1722 -35.88 -32.53
1723 -30.82 -26.57
1724 -17.85 -14.15
1725 -26.85 -25.5
1726 -38.59 -20.29
1727 -37.89 -25.59
1728 -38.85 -35.03
1729 -39.18 -37.61
1730 -8.83 -29.74
1731 -32.06 -24.38
1732 -36.87 -4.75
1733 -0.96 -14.01
1734 -5.8 -7.95
1735 -14.2 -25.87
1736 -37.97 -34.29
1737 -30.34 -35.68
1738 -25.77 -33.85
1739 -11.52 -21.16
1740 -6.66 -7.14
1741 -27.43 -1.9
1742 -31.01 -8.77
1743 -7.32 -28.84
1744 -26.45 -33.38
1745 -26.64 -6.51
1746 -34.41 -35.29
1747 -3.56 -18.7
1748 -32.71 -31.28
1749 -39.24 -4.52
1750 -30.4 -38.52
1751 -36.33 -16.96
1752 -16.16 -31.89
1753 -29.26 -26.67
1754 -11.35 -5.45
1755 -12.59 -0.79
1756 -2.69 -21.53
1757 -30.31 -0.03
1758 -32.39 -37.22
1759 -30.6 -37.63
1760 -4.14 -18.85
1761 -17.66 -17.24
1762 -35.94 -2.08
1763 -33.36 -21.22
1764 -29.27 -28.66
1765 -30.7 -36.12
1766 -13.09 -23.19
1767 -15.08 -30.55
1768 -20.74 -32.77
1769 -38.23 -7.86
1770 -8.65 -32.09
1771 -13.62 -10.82
1772 -14.37 -14.86
1773 -15.6 -7.45
1774 -8.61 -10.29
1775 -29.14 -6.2
1776 -23.44 -16.27
1777 -18.35 -6.8
1778 -31.54 -19.39
1779 -11.57 -11.72
1780 -11.36 -20.81
1781 -7.52 -5.79
1782 -36.34 -24.45
1783 -20.75 -26.12
1784 -33.99 -20.6
1785 -16.21 -18.98
1786 -33.32 -6.16
1787 -24.55 -33.35
1788 -0.81 -11.22
1789 -21.51 -0.15
1790 -6.36 -9.42
1791 -25.69 -10.65
1792 -20.97 -33.32
1793 -16.23 -7.57
1794 -22.81 -12.51
1795 -36.85 -27.8
1796 -37.11 -34.17
1797 -22.15 -4.37
1798 -30.5 -36.97
1799 -17.57 -2.9
1800 -25.4 -28.01
1801 -34.17 -37.3
1802 -30.66 -18.72
1803 -33.46 -22.24
1804 -22.4 -34.99
1805 -7.93 -18.49
1806 -32.66 -32.28
1807 -25.6 -37.14
1808 -4.71 -13.63
1809 -26.15 -1.84
1810 -33.16 -27.52
1811 -21.7 -23
1812 -30.89 -30.28
1813 -27.25 -7.37
1814 -10.27 -24.91
1815 -12.92 -8.35
1816 -5.65 -39.19
1817 -17.91 -10.62
1818 -32.86 -39.83
1819 -34.82 -14.9
1820 -33.39 -15.26
1821 -11.06 -2.75
1822 -39.9 -26.06
1823 -39.69 -36.67
1824 -38.51 -8.13
1825 -35.66 -29.36
1826 -15.88 -35.19
1827 -25.47 -20.88
1828 -28.25 -6.78
1829 -35.21 -16.25
1830 -28.12 -2.04
1831 -1.23 -8.14
1832 -18.76 -33.77
1833 -37.13 -22.66
1834 -1.08 -15.14
1835 -30.41 -31.95
1836 -34.71 -34.48
1837 -24.06 -4.99
1838 -1.66 -38.13
1839 -6.26 -27.27
1840 -16.64 -3.69
1841 -38.89 -5.44
1842 -29.84 -36.04
1843 -6.34 -27.88
1844 -4.13 -21.61
1845 -23.65 -1.56
1846 -13.22 -32.25
1847 -29.55 -28.4
1848 -14.59 -31.98
1849 -10.64 -26.68
1850 -22.15 -15.67
1851 -13.67 -4.57
1852 -9.57 -20.38
1853 -18.51 -37.73
1854 -25.01 -11.23
1855 -14.93 -28.3
1856 -37.26 -5.17
1857 -4.73 -13.82
1858 -5.22 -27.11
1859 -8.72 -11.08
1860 -12.64 -9.36
1861 -5.13 -35.9
1862 -27.82 -25.86
1863 -21.36 -38.2
1864 -24.88 -2.41
1865 -18.09 -35.52
1866 -0.1 -7.04
1867 -27.42 -31.76
1868 -33.02 -9.67
1869 -20.9 -9.46
1870 -1.28 -21.55
1871 -26.72 -39.35
1872 -16.69 -38.54
1873 -25.65 -34.97
1874 -6.05 -21.92
1875 -31.28 -37.9
1876 -33.8 -22.21
1877 -11.59 -39.93
1878 -38.14 -25.14
1879 -27.56 -36.47
1880 -32 -23.02
1881 -33.58 -9.17
1882 -4.45 -32.1
1883 -1.77 -24.53
1884 -33.99 -37.47
1885 -22.54 -26.19
1886 -25.55 -38.79
1887 -37.33 -9.26
1888 -7.76 -5.76
1889 -27.68 -22.99
1890 -24.41 -13.81
1891 -39.55 -22.48
1892 -22.42 -21.73
1893 -6.87 -11.14
1894 -11.14 -24.08
1895 -10.62 -34.43
1896 -7.12 -3.14
1897 -38.76 -4.21
1898 -32.26 -11.58
1899 -12.57 -4.05
1900 -30.24 -29.77
1901 -28.56 -35.12
1902 -7.9 -19.31
1903 -25.08 -25.89
1904 -12.4 -15.66
1905 -33 -16.28
1906 -38.77 -36.81
1907 -22.06 -32.55
1908 -7.21 -24.71
1909 -8.79 -28.94
1910 -26.89 -18.35
1911 -25.01 -19.41
1912 -27.14 -37.54
1913 -9.12 -23.77
1914 -27.82 -19.4
1915 -12.69 -25.21
1916 -20.33 -21.59
1917 -0.9 -1.25
1918 -30.67 -31.76
1919 -7.42 -29.5
1920 -5.79 -3.07
1921 -3.41 -3.94
1922 -36.49 -4.56
1923 -32.79 -25.47
1924 -17.93 -7.23
1925 -29.1 -1.58
1926 -24.51 -8.35
1927 -5.89 -14.12
1928 -1.41 -15.18
1929 -38.1 -15.01
1930 -3.74 -29.24
1931 -10.83 -10.8
1932 -15.57 -24.08
1933 -19.36 -15.25
1934 -4.76 -6.24
1935 -9.32 -26.78
1936 -34.25 -10.55
1937 -18.63 -16.25
1938 -1.72 -30.74
1939 -1.49 -11.42
1940 -16.52 -23.18
1941 -31.53 -30.6
1942 -4.72 -4.55
1943 -19.73 -37.42
1944 -12.43 -6.13
1945 -38.89 -17.84
1946 -32.16 -19.69
1947 -3.77 -13.24
1948 -28.5 -7.73
1949 -13.98 -23.13
1950 -13.44 -36.78
1951 -7.33 -26.82
1952 -3.07 -7.69
1953 -1.95 -29.48
1954 -0.9 -4.79
1955 -27.97 -6.97
1956 -37.57 -20.94
1957 -25.49 -19.5
1958 -20.44 -5.81
1959 -15.46 -8.75
1960 -30.11 -36.39
1961 -16.09 -14.36
1962 -31.12 -22.27
1963 -33.52 -19.86
1964 -6.52 -19.62
1965 -19.92 -7.5
1966 -34.32 -23.48
1967 -34.69 -27.25
1968 -16.73 -37.39
1969 -5.71 -0.16
1970 -7.13 -21.15
1971 -2.09 -37.2
1972 -20.23 -8.22
1973 -14.03 -31.11
1974 -39.86 -0.67
1975 -37.07 -29.5
1976 -7.38 -29.97
1977 -15.76 -13.16
1978 -36.54 -38.5
1979 -21.65 -9.28
1980 -16.79 -6.58
1981 -33.58 -1.57
1982 -32.35 -14.63
1983 -12.03 -28.27
1984 -31.96 -9.08
1985 -33.76 -21.26
1986 -18.46 -39.09
1987 -7.32 -39.37
1988 -30.48 -38.69
1989 -39.37 -21.35
1990 -14.37 -33.86
1991 -23.83 -39.96
1992 -13.12 -21.75
1993 -20.26 -3.11
1994 -12.4 -13.18
1995 -19.77 -1.91
1996 -7 -29.19
1997 -7.34 -13.35
1998 -5.15 -39.35
1999 -11.96 -22.89
2000 -4.15 -37.11
2001 -36.2 -5.72
2002 -8.61 -22.62
2003 -24.83 -7.04
2004 -31.92 -2.62
2005 -36.48 -27.72
2006 -27.68 -6.29
2007 -31.57 -23.84
2008 -26.95 -4.32
2009 -17.51 -15.35
2010 -17.26 -39.35
2011 -32.06 -0.8
2012 -14.15 -24.26
2013 -27.14 -39.41
2014 -22.3 -19.3
2015 -16.41 -39.1
2016 -4.82 -29.98
2017 -16.12 -16.14
2018 -26.7 -16.95
2019 -19.57 -0.95
2020 -32.2 -18.62
2021 -28.44 -16.06
2022 -3.42 -23.4
2023 -31.25 -23.53
2024 -38.88 -30.37
2025 -33.25 -8.76
2026 -9.56 -19.66
2027 -3.92 -25.31
2028 -28.24 -27.23
2029 -10.06 -34.58
2030 -33.68 -14.07
2031 -4.05 -26.47
2032 -6.13 -2.02
2033 -18.98 -20.17
2034 -21.12 -32.84
2035 -14.98 -38.55
2036 -18.13 -16.84
2037 -0.25 -6.94
2038 -30.47 -25.07
2039 -15.45 -31.5
2040 -3.78 -32.87
2041 -12.53 -12.22
2042 -37.53 -16.86
2043 -4.09 -19.98
2044 -14.56 -29.3
2045 -3.37 -14.15
2046 -4.15 -8.25
2047 -10.27 -7.42
2048 -27.59 -10.28
2049 -6.64 -32.77
2050 -31.33 -12.23
2051 -29.08 -25.15
2052 -35.61 -12.98
2053 -38.06 -32.85
2054 -24.35 -29.61
2055 -22.48 -17.03
2056 -29.25 -31.65
2057 -8.51 -35.02
2058 -15 -30.3
2059 -19.6 -16.12
2060 -30.28 -29.56
2061 -37.81 -26.49
2062 -33.91 -37.95
2063 -11.75 -11.61
2064 -4.38 -25.02
2065 -37.26 -21.92
2066 -7.07 -39.23
2067 -12.22 -29.86
2068 -22.71 -2.68
2069 -32.29 -13.8
2070 -30.83 -10.58
2071 -2.23 -18.3
2072 -13.32 -23.6
2073 -17.42 -10.74
2074 -26.86 -28.32
2075 -17.88 -37.03
2076 -27.04 -20.66
2077 -18.61 -19.22
2078 -34.35 -20.96
2079 -9.5 -33.89
2080 -15.81 -38.73
2081 -37.97 -10.28
2082 -0.14 -26.4
2083 -29.08 -13.71
2084 -31.03 -22.85
2085 -36.95 -24.9
2086 -3.2 -25.38
2087 -8.98 -39.18
2088 -13.44 -20.04
2089 -8.36 -26.4
2090 -26.95 -3.83
2091 -24.49 -29.76
2092 -12.5 -14
2093 -38.48 -6.63
2094 -4.04 -6.85
2095 -5.59 -11.5
2096 -21.79 -19.85
2097 -6.25 -7.08
2098 -24.31 -21.93
2099 -8.31 -38.85
2100 -27.27 -15.34
2101 -0.72 -5.26
2102 -4.45 -33.99
2103 -14.03 -13.22
2104 -3.14 -21.41
2105 -25.24 -25.91
2106 -19.2 -33.62
2107 -11.14 -13.26
2108 -23.41 -31.7
2109 -38.56 -9.62
2110 -24.64 -27.45
2111 -7.3 -7.67
2112 -18.27 -6.43
2113 -28.37 -17.07
2114 -19.44 -2.58
2115 -21.44 -0.2
2116 -5.46 -6.72
2117 -4.23 -25.68
2118 -38.9 -13.43
2119 -34.85 -18.27
2120 -7.7 -5.56
2121 -39.18 -20.09
2122 -33.35 -26.9
2123 -18.61 -10.32
2124 -23.46 -20.28
2125 -7.73 -20.69
2126 -31.88 -8.11
2127 -14.54 -18.55
2128 -35.62 -10.15
2129 -16.25 -6.43
2130 -6.63 -18.59
2131 -25.31 -1.21
2132 -26.89 -15.62
2133 -29.05 -29.54
2134 -11.33 -29.31
2135 -34.87 -23.9
2136 -7.52 -22.56
2137 -9.46 -34.06
2138 -7.9 -4.39
2139 -24.68 -31.59
2140 -15.8 -31.37
2141 -39.48 -32.41
2142 -14.49 -7.68
2143 -21.35 -17.54
2144 -27.5 -13.63
2145 -32.22 -1.12
2146 -2.33 -34.13
2147 -13.27 -17.53
2148 -10.6 -29.22
2149 -22.05 -2.33
2150 -29.75 -25.45
2151 -8.01 -16.93
2152 -14.51 -0.79
2153 -5.19 -21
2154 -12.59 -22.41
2155 -17.3 -33.39
2156 -25.8 -28.4
2157 -39.6 -20.3
2158 -37.85 -3.81
2159 -17.45 -20.96
2160 -22.08 -25.35
2161 -23 -9.67
2162 -30.73 -27.94
2163 -20.68 -36.28
2164 -38.61 -1.33
2165 -30.3 -2.74
2166 -19.67 -31.88
2167 -32.68 -38.32
2168 -19.32 -37.7
2169 -20.11 -1.39
2170 -34.78 -35.43
2171 -23.83 -0.94
2172 -21.24 -24.1
2173 -27.92 -23.44
2174 -7.92 -19.09
2175 -7.96 -8.89
2176 -18.56 -33.52
2177 -21.46 -30.97
2178 -27.25 -9.29
2179 -14.14 -5.67
2180 -8.41 -29.38
2181 -24.78 -4.45
2182 -2.77 -31.6
2183 -29.3 -20.98
2184 -22.37 -25.61
2185 -21.04 -12.93
2186 -13.87 -20.67
2187 -8.3 -8.4
2188 -31.84 -35.12
2189 -17.73 -36.22
2190 -5.11 -3.28
2191 -0.32 -25.7
2192 -16.67 -27.19
2193 -36.49 -21.79
2194 -27.46 -7.44
2195 -0.34 -10.63
2196 -18.6 -39.39
2197 -30.99 -28.64
2198 -9.63 -24.89
2199 -10.5 -20.29
2200 -33.22 -35.52
2201 -16.2 -35.07
2202 -3.47 -10.62
2203 -5.74 -24.5
2204 -24.24 -38.83
2205 -2.11 -23.47
2206 -12.69 -32.87
2207 -20.06 -2.43
2208 -27.74 -32.88
2209 -3.84 -20.07
2210 -34.23 -18.72
2211 -18.11 -4.18
2212 -36.35 -12.83
2213 -37.73 -12.62
2214 -32.91 -5.98
2215 -5.02 -8.23
2216 -3.3 -29.66
2217 -3.8 -24.74
2218 -12.76 -10.29
2219 -9.12 -9.54
2220 -36.53 -37
2221 -33.39 -14.75
2222 -17.19 -12.75
2223 -5.63 -13.46
2224 -37.05 -8.45
2225 -27.18 -9.48
2226 -17.18 -31.28
2227 -4.12 -8.81
2228 -21.44 -13.53
2229 -23.03 -1.85
2230 -13.6 -17.87
2231 -11.05 -31.58
2232 -16.32 -20.43
2233 -30.72 -14.85
2234 -27.91 -29.09
2235 -26.09 -3.37
2236 -18.12 -27.97
2237 -0.72 -23.01
2238 -36.47 -35.31
2239 -7.29 -6.35
2240 -19.35 -37.04
2241 -28.33 -34.47
2242 -6.8 -0.06
2243 -17.11 -32.45
2244 -37.82 -31.76
2245 -13.16 -0.15
2246 -35.25 -14.94
2247 -35.37 -24.21
2248 -2.59 -11.57
2249 -0.66 -29.62
2250 -32.99 -30.5
2251 -18.47 -30.28
2252 -13.29 -14.63
2253 -9.95 -19.19
2254 -29.07 -13.28
2255 -10.32 -20.76
2256 -18.75 -8.42
2257 -8.48 -38.65
2258 -34.62 -25.55
2259 -20.84 -29.12
2260 -32.79 -35.96
2261 -10.91 -34
2262 -21.73 -28.04
2263 -39.61 -9.8
2264 -2.94 -24.32
2265 -14.83 -0.28
2266 -34.08 -35.93
2267 -14.09 -36.82
2268 -16.02 -7.37
2269 -20.65 -24.04
2270 -4.8 -8.61
2271 -17.03 -34.49
2272 -36.67 -27.07
2273 -12.62 -29.04
2274 -18.16 -31.29
2275 -27.26 -36.98
2276 -30.98 -14.47
2277 -2.51 -1.69
2278 -11.49 -12.72
2279 -0.56 -2.12
2280 -5.92 -14.44
2281 -13.89 -18.91
2282 -15.74 -0
2283 -7.37 -27.98
2284 -15.54 -35.28
2285 -3.89 -31.54
2286 -26.04 -23.86
2287 -10.93 -24.44
2288 -13.48 -22.71
2289 -17.52 -27.08
2290 -24.06 -35.16
2291 -9.63 -8.3
2292 -9.99 -18.57
2293 -34.81 -15.66
2294 -17.79 -25.01
2295 -2.97 -35.37
2296 -14.29 -27.23
2297 -27.24 -20.38
2298 -8.37 -30.03
2299 -28.83 -38.13
2300 -29.68 -27.43
2301 -14.82 -32.72
2302 -17.16 -19.24
2303 -5.47 -29.27
2304 -16.35 -34.17
2305 -29.33 -22.99
2306 -34.82 -3.94
2307 -22.51 -2.49
2308 -18.15 -8.33
2309 -33.34 -17.32
2310 -16.21 -39.46
2311 -26.7 -39.83
2312 -20.22 -30.5
2313 -24.05 -17.46
2314 -15.59 -32.11
2315 -23.06 -12.88
2316 -9.12 -8.79
2317 -28.03 -37.88
2318 -27.16 -26.29
2319 -20.46 -33.5
2320 -20.02 -7.03
2321 -10.97 -13.31
2322 -19.32 -18.36
2323 -26.69 -33.48
2324 -14.32 -1
2325 -0.46 -20.04
2326 -23.39 -30.54
2327 -21.04 -30.68
2328 -8.14 -3.61
2329 -39.24 -8.62
2330 -25.02 -27.26
2331 -36.05 -22.31
2332 -20.19 -34.15
2333 -20.44 -27.61
2334 -24.63 -10.87
2335 -17.91 -4.42
2336 -21.25 -4.65
2337 -23.01 -28.88
2338 -25.89 -0.58
2339 -1.58 -13.23
2340 -36.79 -0.21
2341 -34.27 -5.56
2342 -39.77 -20.18
2343 -23.8 -18.84
2344 -27.46 -7.91
2345 -38.69 -26.56
2346 -8.87 -12.48
2347 -10.15 -34.75
2348 -22.36 -32.59
2349 -3.46 -34.11
2350 -38.53 -6.99
2351 -15.17 -24.89
2352 -17.3 -19.79
2353 -20.37 -1.7
2354 -14.93 -6.71
2355 -6.92 -25.47
2356 -34.55 -11.72
2357 -31.91 -4.72
2358 -23.56 -34.32
2359 -5.76 -19.23
2360 -5.79 -11.02
2361 -27.02 -4.45
2362 -39.2 -18.19
2363 -10.78 -0.7
2364 -34.81 -25.08
2365 -32.08 -17.76
2366 -2.66 -33.35
2367 -16.66 -7.25
2368 -12.47 -19.96
2369 -26.67 -0.55
2370 -29.54 -27.41
2371 -2.65 -37.11
2372 -1.83 -24.09
2373 -18.42 -38.08
2374 -17.31 -28.91
2375 -3.45 -24.18
2376 -28.63 -26.63
2377 -4.82 -34
2378 -34.7 -31.36
2379 -16.44 -19.12
2380 -36.88 -29.51
2381 -26.38 -8.52
2382 -19.29 -39.54
2383 -23.02 -3.04
2384 -7.11 -35.29
2385 -22.7 -9.69
2386 -10.33 -36.65
2387 -20.75 -28.87
2388 -26.96 -15.68
2389 -4.6 -39.17
2390 -26.87 -4.27
2391 -34.42 -8.05
2392 -5.57 -19.02
2393 -10.38 -2.76
2394 -21.88 -0.27
2395 -33.31 -26.83
2396 -38.87 -18.77
2397 -21.83 -19.69
2398 -26.26 -21.69
2399 -16.98 -4.86
2400 -18.07 -33.37
2401 -33.55 -3.2
2402 -32.07 -28.4
2403 -7.61 -14.3
2404 -16.99 -19.03
2405 -26.83 -15.73
2406 -27.3 -3.86
2407 -26.4 -21.25
2408 -24.02 -32.88
2409 -33.15 -36.79
2410 -27.14 -5.9
2411 -28.19 -26.46
2412 -9.68 -26.01
2413 -7.7 -10.03
2414 -18.41 -35.94
2415 -32.83 -28.2
2416 -31.4 -36.48
2417 -28.41 -26.38
2418 -0.68 -23.48
2419 -2.51 -36.02
2420 -15.27 -21.19
2421 -28.57 -29.34
2422 -14.12 -2.57
2423 -35.45 -14.98
2424 -11.77 -38.14
2425 -7.56 -28.61
2426 -18.59 -38.91
2427 -28.44 -35.76
2428 -9.31 -28.27
2429 -24.21 -39.67
2430 -27.87 -27.72
2431 -24.2 -17.05
2432 -3.43 -22.8
2433 -6.28 -16.13
2434 -15.67 -7.64
2435 -28.83 -12.31
2436 -1.66 -30.94
2437 -33.52 -17.41
2438 -35.91 -19.3
2439 -17.44 -28.97
2440 -21.1 -7.68
2441 -10.11 -28.52
2442 -24.28 -39.7
2443 -27.97 -2.07
2444 -5.26 -37.11
2445 -24.83 -12.19
2446 -32.76 -33.14
2447 -19.46 -12.56
2448 -32.21 -39.71
2449 -7.35 -25.74
2450 -1.57 -7.89
2451 -38.83 -39.71
2452 -20.64 -6.75
2453 -26.05 -35.87
2454 -24.85 -16.55
2455 -27.75 -3.49
2456 -32.02 -9.47
2457 -9.17 -1.38
2458 -6.97 -19.82
2459 -16.94 -37.15
2460 -12.86 -12.24
2461 -8.9 -5.29
2462 -21.37 -5.62
2463 -8.85 -28.36
2464 -17.62 -13.59
2465 -21.48 -16.21
2466 -19.44 -19.19
2467 -25.95 -23.83
2468 -23.23 -3.6
2469 -20.15 -12
2470 -19.02 -11.6
2471 -21.07 -11.42
2472 -16.32 -11.04
2473 -34.38 -30.25
2474 -27.4 -23.29
2475 -35.53 -11.32
2476 -20.14 -3.78
2477 -12.92 -7.95
2478 -36.31 -1.51
2479 -18.62 -21.77
2480 -1.5 -17.45
2481 -36.65 -3.62
2482 -27.46 -20.94
2483 -24.54 -22.6
2484 -38.12 -14.21
2485 -25.81 -8.21
2486 -23.15 -17.14
2487 -28.18 -6.88
2488 -37.13 -39.47
2489 -22.77 -26.09
2490 -0.93 -28.05
2491 -31.83 -21.82
2492 -33.3 -21.07
2493 -26.11 -4.75
2494 -26.53 -29.61
2495 -10.59 -4.73
2496 -8.36 -28.03
2497 -12.5 -7.24
2498 -33.36 -39.34
2499 -13.55 -0.56
2500 -12.3 -31.48
2501 -8.63 -39.36
2502 -6.24 -35.45
2503 -34.93 -0.33
2504 -26.42 -3.38
2505 -34.95 -21.22
2506 -6.56 -30.88
2507 -11.95 -26.79
2508 -31.54 -39.86
2509 -33 -38.06
2510 -6.32 -21.59
2511 -13.15 -3.59
2512 -14.35 -14.68
2513 -14.02 -29.17
2514 -29.73 -7.71
2515 -2.71 -31.09
2516 -30.45 -5.55
2517 -1.01 -11.34
2518 -15.2 -36.69
2519 -3.59 -39.46
2520 -24.2 -5.14
2521 -36.02 -38.55
2522 -28.86 -30.76
2523 -34.15 -11.5
2524 -9.56 -23.92
2525 -5.52 -30.67
2526 -37.78 -19.4
2527 -34.08 -22.19
2528 -11.36 -15.65
2529 -23.36 -11.62
2530 -2.71 -4.61
2531 -10.17 -26.07
2532 -0.94 -33.16
2533 -33.38 -14.7
2534 -14.16 -19.66
2535 -24.8 -0.49
2536 -39.04 -38.36
2537 -32.64 -24.35
2538 -35.85 -31.42
2539 -15.35 -30.31
2540 -24.5 -8.93
2541 -28.34 -24.39
2542 -6.58 -22.28
2543 -37.93 -22.42
2544 -37.57 -21.46
2545 -26.07 -24.81
2546 -14.41 -0.28
2547 -36.97 -39.76
2548 -14.46 -18.87
2549 -38.53 -30.35
2550 -34.36 -28.62
2551 -30.5 -26.85
2552 -11.2 -36.93
2553 -28.35 -26.67
2554 -16.98 -10.57
2555 -19.51 -3.7
2556 -28.09 -1.49
2557 -27.29 -7.85
2558 -33.79 -38.19
2559 -19.65 -25.23
2560 -13.56 -31.36
2561 -31.65 -9.25
2562 -9.01 -27.97
2563 -6.84 -32.14
2564 -26.01 -27
2565 -19.14 -8.89
2566 -35.75 -20.37
2567 -17.3 -9.65
2568 -36.32 -10.47
2569 -21.05 -5.66
2570 -12.88 -16.82
2571 -18.31 -0.56
2572 -11.93 -0.98
2573 -2.69 -9.13
2574 -34.36 -5.72
2575 -37.09 -22.35
2576 -35.12 -11.44
2577 -39.42 -32.26
2578 -24.4 -7.65
2579 -34.65 -9.78
2580 -18.68 -13.93
2581 -34.3 -13.8
2582 -26.97 -17.95
2583 -28.42 11.61
2584 -17.27 23.29
2585 -3.63 12.99
2586 -17.07 30.15
2587 -34.65 21.95
2588 -34.6 29
2589 -38.25 37.35
2590 -23.22 28.96
2591 -0.4 38.86
2592 -31.12 21.86
2593 -29.51 3.34
2594 -13.13 19.04
2595 -32.97 27.69
2596 -5.01 35.33
2597 -13.28 27.27
2598 -2.4 31.98
2599 -18.79 5.22
2600 -21.74 23.19
2601 -13.35 22.42
2602 -7.89 38.81
2603 -27.82 11.52
2604 -12.39 2.49
2605 -34.97 26.07
2606 -24.93 35.61
2607 -20.99 38.9
2608 -2.24 19.57
2609 -2.13 10.51
2610 -1.72 18.89
2611 -17.74 38.62
2612 -29.41 6.73
2613 -2.23 31.02
2614 -39.77 31.82
2615 -15.01 21.02
2616 -6.96 21.51
2617 -20.32 31.88
2618 -3.41 14.86
2619 -20.87 11.66
2620 -1.25 19.32
2621 -14.94 15.85
2622 -18.27 29.7
2623 -12.79 39.45
2624 -13.48 24.03
2625 -2.93 14.92
2626 -17.06 15.2
2627 -25.45 20.67
2628 -15.22 6.48
2629 -1.82 27.68
2630 -8.7 14.99
2631 -36.5 20.35
2632 -12.24 15.67
2633 -34.05 20.34
2634 -32.01 19.17
2635 -38.49 14.92
2636 -34.29 36.78
2637 -26.49 16.95
2638 -19.93 12.56
2639 -36.6 39.28
2640 -17.73 33.41
2641 -8.62 3.05
2642 -27.24 34.79
2643 -4.79 34.07
2644 -25.28 2.46
2645 -20.97 6.61
2646 -26.97 33.98
2647 -13.17 20.99
2648 -1.34 2.73
2649 -25.42 10.74
2650 -29.19 36.87
2651 -37.17 27.43
2652 -7.91 23.48
2653 -39.57 23.66
2654 -26.47 27.84
2655 -21.25 36.17
2656 -2.74 4.2
2657 -2.51 33.39
2658 -30.99 29.98
2659 -35.97 7.31
2660 -17.44 16.27
2661 -13.77 20.46
2662 -1.46 7.93
2663 -14.18 30.47
2664 -1.21 6.32
2665 -6.71 39.6
2666 -30.56 30.4
2667 -17.41 3.88
2668 -31.07 38.47
2669 -29.83 16.98
2670 -16.67 17.54
2671 -25.26 11.08
2672 -8 19.41
2673 -12.91 31.29
2674 -2.12 38.99
2675 -18.78 12.4
2676 -32.87 23.09
2677 -31.02 32.55
2678 -26.54 34.33
2679 -4.17 5.21
2680 -8.33 27.76
2681 -21.68 10.88
2682 -18.28 38.89
2683 -0.88 2.61
2684 -19.59 9.35
2685 -30.41 30.71
2686 -5.32 39.78
2687 -22.71 19.19
2688 -10.49 13.32
2689 -15.83 35.63
2690 -8.03 16.13
2691 -39.22 34.61
2692 -30.68 0.9
2693 -38.75 30.25
2694 -38.98 17.23
2695 -8.51 2.92
2696 -13.8 10.83
2697 -13.25 33.71
2698 -36.33 35.61
2699 -4.96 14.13
2700 -8.37 19.44
2701 -19.23 35.38
2702 -18.09 17.21
2703 -34.05 1.94
2704 -1.09 28.58
2705 -8.24 9.88
2706 -8.01 9.13
2707 -13.55 7.46
2708 -1.23 2.21
2709 -19.44 15.83
2710 -18.75 3.73
2711 -14.57 31.47
2712 -25.19 36.08
2713 -31.69 27.82
2714 -5.47 25.04
2715 -4.48 0.17
2716 -35.55 13.84
2717 -31.05 27.23
2718 -32.7 17.17
2719 -9.27 25.1
2720 -38.5 33.79
2721 -6.44 17.51
2722 -24.98 6.51
2723 -12.25 23.52
2724 -39.35 26.21
2725 -29.95 35.21
2726 -26.69 18.1
2727 -17.7 8.04
2728 -35.86 15.4
2729 -3.96 9.39
2730 -9.57 1.33
2731 -18.7 11.96
2732 -39.2 8.64
2733 -25.81 9.75
2734 -38.38 31.9
2735 -29.21 38.61
2736 -16.12 36.88
2737 -6.92 35.66
2738 -22.7 1.1
2739 -30.84 19.17
2740 -14.38 22.05
2741 -3.67 24.31
2742 -32.35 4.59
2743 -19.99 21.38
2744 -34.29 31.73
2745 -36.58 23.95
2746 -35.92 7.38
2747 -19.55 15.28
2748 -25.04 38.64
2749 -34.06 8.88
2750 -7.49 23.42
2751 -23.82 23.27
2752 -22.45 23.62
2753 -28.24 30.74
2754 -13.43 5.15
2755 -27.2 19.08
2756 -6.91 27.82
2757 -32.41 34.4
2758 -15.78 2.78
2759 -38.03 15.93
2760 -3.4 13.59
2761 -20.98 34.62
2762 -9.9 2.84
2763 -1.48 0.53
2764 -12.93 34.94
2765 -21.88 35.54
2766 -18.82 20.43
2767 -4.05 9.23
2768 -39.97 4.79
2769 -9.95 35.81
2770 -14.9 16.93
2771 -8.27 0.67
2772 -35.07 25.33
2773 -31.64 4.2
2774 -20.13 14.37
2775 -31.49 29.67
2776 -24.29 27.06
2777 -29.9 12.47
2778 -16.52 37.72
2779 -32.66 31.39
2780 -26.93 29.45
2781 -13.4 18.07
2782 -27.3 9.27
2783 -14.07 17.45
2784 -13.27 30.79
2785 -11.24 27.54
2786 -31.73 31.69
2787 -20.54 19.51
2788 -23.72 26.81
2789 -4.7 12.18
2790 -5.38 7.37
2791 -34.43 36.19
2792 -12.18 33.19
2793 -30.91 24.34
2794 -15.73 32.22
2795 -21.68 27.1
2796 -5.17 6.18
2797 -18.98 38.6
2798 -19.58 35.99
2799 -30.3 36.57
2800 -24.11 32.85
2801 -28.06 5.07
2802 -24.58 15.84
2803 -6.17 12.12
2804 -27.83 8.3
2805 -15.68 14.4
2806 -10.59 33.21
2807 -26.4 13.63
2808 -37.97 26.3
2809 -18.52 20.84
2810 -7.94 17.22
2811 -23.41 3.72
2812 -2.33 16.63
2813 -16.14 5.91
2814 -2.48 21.91
2815 -18.28 6.44
2816 -15.03 26.59
2817 -5.95 9.86
2818 -21.98 39.62
2819 -11.44 15.65
2820 -30.05 13.33
2821 -10.06 30.64
2822 -4.28 4.16
2823 -30.46 39.99
2824 -20.83 2.25
2825 -19.48 12.51
2826 -16.23 28.77
2827 -5.4 6.41
2828 -12.32 22.08
2829 -3.99 21.54
2830 -31.5 14.8
2831 -4.91 22.27
2832 -35.65 6.54
2833 -9.68 14.38
2834 -30.03 21.16
2835 -34.49 21.12
2836 -11.77 20.08
2837 -24.25 4.56
2838 -4.55 16.05
2839 -21.82 18.23
2840 -30.74 25.38
2841 -17.67 4.82
2842 -11.23 6.98
2843 -29.06 26.59
2844 -8.13 23.55
2845 -1.87 36.58
2846 -22.37 3.15
2847 -13.21 6.78
2848 -21.17 18.03
2849 -39.19 22.89
2850 -4.02 14.72
2851 -34.81 37.2
2852 -1.76 15.79
2853 -35.36 22.58
2854 -0.81 9.83
2855 -38.73 17.18
2856 -22.01 31.56
2857 -2.06 16.4
2858 -2.99 36.76
2859 -20.32 34.64
2860 -34.74 14.64
2861 -21.32 25.71
2862 -36.02 17.12
2863 -38.67 34.53
2864 -17.43 17.19
2865 -31.91 37.86
2866 -38.58 21.45
2867 -0.76 30.24
2868 -12.82 0.35
2869 -13.7 36.12
2870 -16.82 17.16
2871 -12.24 12.44
2872 -32.36 2.35
2873 -39.12 14.3
2874 -12.46 38.88
2875 -17.04 22.96
2876 -8.67 7.21
2877 -27.85 38.36
2878 -32.9 4.69
2879 -25.4 26.52
2880 -27.9 10.33
2881 -31.78 20.84
2882 -11.08 26.48
2883 -30.35 32.54
2884 -32.18 27.43
2885 -4.59 4.06
2886 -20.02 9
2887 -11.36 16.83
2888 -34.65 12.38
2889 -14.78 14
2890 -36.96 7.11
2891 -17.84 31.83
2892 -30.19 5.63
2893 -13.85 5.69
2894 -32.21 23.09
2895 -33.42 39.25
2896 -20.09 23.63
2897 -10.12 28.72
2898 -24.78 34.7
2899 -22.13 0.47
2900 -4.53 16.96
2901 -29.49 26.72
2902 -3.55 28.07
2903 -0.46 0.85
2904 -14.85 38.2
2905 -8.83 15.24
2906 -10.59 15.33
2907 -20.96 26.68
2908 -35.89 0.79
2909 -27.4 38.33
2910 -37.59 31.63
2911 -15.26 20.83
2912 -13.07 21.2
2913 -15.9 25.38
2914 -29.38 37.86
2915 -14.82 38.03
2916 -28.27 37.43
2917 -25.51 4.31
2918 -8.68 31.82
2919 -33.54 25.97
2920 -4.73 27.05
2921 -2.38 5.9
2922 -32.58 18.85
2923 -19.64 26.87
2924 -25.2 31.99
2925 -23.62 7.04
2926 -31.39 26.31
2927 -7.52 38.89
2928 -27.79 4.47
2929 -5.85 23.42
2930 -24.98 17.17
2931 -14.61 20.67
2932 -28.51 13.25
2933 -8.6 0.12
2934 -29.61 37.19
2935 -27.77 5.66
2936 -11.56 37.86
2937 -16.71 30.15
2938 -20.54 7.66
2939 -39.66 39.87
2940 -6.92 5.75
2941 -32.06 23.28
2942 -25.69 1.83
2943 -9.82 39.58
2944 -26.53 13.49
2945 -30.66 15.67
2946 -39.87 15.03
2947 -28.28 8.79
2948 -8.91 28.38
2949 -29.09 0.4
2950 -6.07 2.04
2951 -39.91 20.38
2952 -10.54 17.63
2953 -25.3 16.62
2954 -16.5 31.08
2955 -0.35 28.48
2956 -15.28 26.94
2957 -32.29 32.42
2958 -35.52 0.98
2959 -17.99 2.12
2960 -21.31 25.57
2961 -4.12 8.65
2962 -20.97 24.7
2963 -13.08 35.93
2964 -36.33 29.88
2965 -31.93 5.7
2966 -26.08 5.92
2967 -23.56 35.36
2968 -11.98 0.14
2969 -34.75 12.38
2970 -4.38 32
2971 -22.46 35.1
2972 -31.04 19.66
2973 -20.64 14.76
2974 -20.4 30.09
2975 -19.18 38.63
2976 -10.81 5.23
2977 -29.94 23.31
2978 -19.24 31.78
2979 -25.18 6.54
2980 -15.76 15.57
2981 -21.5 20.63
2982 -15.99 5.37
2983 -5.51 8.58
2984 -24.48 31.5
2985 -27.02 3.78
2986 -38.89 28.86
2987 -8.52 13.01
2988 -31.29 33.45
2989 -27.06 32.69
2990 -31.32 11.69
2991 -20.44 6.25
2992 -29.56 5.65
2993 -0.95 10.38
2994 -16.93 8.8
2995 -27.89 26.14
2996 -10.29 32.69
2997 -38.06 12.91
2998 -25.01 26.29
2999 -21.31 7.1
3000 -10.88 9.49
3001 -1.87 8.33
3002 -24.86 13.29
3003 -10.27 13.92
3004 -6.61 16.15
3005 -27.84 37.33
3006 -3.58 1.45
3007 -7.11 8.29
3008 -22.19 36.66
3009 -8.98 8.06
3010 -37.72 39.12
3011 -35.34 36.88
3012 -13.31 8.02
3013 -37.83 36.92
3014 -4.02 38.33
3015 -11.34 22.66
3016 -34.51 18.43
3017 -35.24 16.74
3018 -30.66 19.38
3019 -35.53 5.51
3020 -2.85 37.27
3021 -38.72 26.9
3022 -38.71 6.43
3023 -3.1 9.35
3024 -20.94 20.9
3025 -23.55 12.08
3026 -12.48 22.18
3027 -33.72 22.41
3028 -19.33 29.32
3029 -27.65 31.55
3030 -17.73 26.88
3031 -8.83 2.51
3032 -19.25 12.25
3033 -35.15 4.07
3034 -9.59 9.91
3035 -10.7 30.68
3036 -17.58 12.44
3037 -22.39 9.43
3038 -22.3 19.81
3039 -4.24 29.01
3040 -4.62 3.24
3041 -25.43 27.79
3042 -13.72 20.62
3043 -9.94 19.15
3044 -14.23 33.05
3045 -23.45 1.11
3046 -3.63 31.96
3047 -7.73 32.28
3048 -36.36 26.4
3049 -39.84 2.88
3050 -33.57 9.47
3051 -25.43 10.54
3052 -19.97 14.67
3053 -38.01 7.82
3054 -0.36 2.28
3055 -9.04 2.25
3056 -33.56 4.98
3057 -29.12 34.47
3058 -17.15 7.28
3059 -3.85 39.07
3060 -0.18 31.38
3061 -26.86 30.83
3062 -23.11 7.33
3063 -37.26 34.6
3064 -1 22.99
3065 -32.46 37.1
3066 -7.64 38.09
3067 -16.29 17.89
3068 -29.24 31.14
3069 -36.94 14.3
3070 -20.07 29.6
3071 -38.1 5.98
3072 -3.98 13.63
3073 -24.43 27.22
3074 -29.81 21.13
3075 -16.03 28.28
3076 -19.11 33.52
3077 -0.85 2.89
3078 -1.01 5.75
3079 -28.74 38.11
3080 -38.73 2.02
3081 -3.63 24.73
3082 -6.14 6.38
3083 -37.52 19.92
3084 -37.74 35.38
3085 -24.98 34.46
3086 -3.96 17.81
3087 -31.44 26.6
3088 -13.83 7.94
3089 -29.07 15.87
3090 -7.68 7.16
3091 -0.68 5.1
3092 -11.52 30.31
3093 -36.06 5.06
3094 -6.69 16.05
3095 -21.59 24.81
3096 -13.06 5.43
3097 -11.81 25.23
3098 -5.15 19.2
3099 -14.59 12.85
3100 -10.83 6.42
3101 -24.23 3.09
3102 -33.22 14.79
3103 -26.26 19.2
3104 -35.07 10.57
3105 -17.73 18.85
3106 -23.96 6.27
3107 -36.59 18.42
3108 -23.48 39
3109 -15.05 32.65
3110 -20.98 30.17
3111 -35.6 36.65
3112 -21.88 37.56
3113 -16.77 10.93
3114 -27.3 30.55
3115 -36.97 34.88
3116 -37.97 1.65
3117 -16.45 24.73
3118 -3.93 31.19
3119 -5.28 6.23
3120 -25.08 2.52
3121 -8.8 23.02
3122 -1.44 12.56
3123 -11.56 8.91
3124 -5.08 28.44
3125 -18.61 30.14
3126 -26.79 26.07
3127 -23.63 17.74
3128 -32.19 12.19
3129 -6.26 3.92
3130 -38.8 19.5
3131 -21.15 6.76
3132 -31.49 0.3
3133 -35.01 1.12
3134 -10.87 38.94
3135 -1.46 0.3
3136 -23.32 35.96
3137 -8.52 13.78
3138 -22.69 28.28
3139 -16.72 23.61
3140 -13.75 27.78
3141 -17.37 38.85
3142 -20.11 0.54
3143 -16.25 4.52
3144 -8.45 15.83
3145 -38.85 26.03
3146 -32.79 7.25
3147 -11.07 23.52
3148 -28.17 27.8
3149 -26.74 6.09
3150 -6.39 39.04
3151 -35 31.73
3152 -5.51 33.23
3153 -21.51 7.05
3154 -30.66 31.73
3155 -19.51 1.75
3156 -4.12 7.93
3157 -8.47 0.4
3158 -4.92 27.76
3159 -3.59 28.24
3160 -14.27 16.89
3161 -27.67 5.96
3162 -29.48 10.59
3163 -38.39 38.74
3164 -4.83 17.65
3165 -20.22 28.66
3166 -20.39 14.74
3167 -11.49 18.74
3168 -25.79 25.9
3169 -17.63 36.52
3170 -38.27 19.97
3171 -27.9 0.66
3172 -4.58 5.92
3173 -37.2 39.89
3174 -31.65 13.03
3175 -29.92 4.31
3176 -10.27 5.93
3177 -20.04 21.11
3178 -19.86 3.27
3179 -24.45 18.43
3180 -10.61 28.21
3181 -6.48 4.67
3182 -23.41 31
3183 -20.43 17.97
3184 -14.5 12.73
3185 -32.7 38.06
3186 -2.25 16.29
3187 -25.73 24.13
3188 -24.02 10.35
3189 -23.38 22.93
3190 -27.24 15.68
3191 -25.13 13.31
3192 -34.42 1.03
3193 -4.31 5.17
3194 -27.12 17.8
3195 -9.54 28.76
3196 -33.43 37.74
3197 -28.74 16.02
3198 -33.99 20.36
3199 -33.09 12.69
3200 -10.76 12.01
3201 -28.31 29.32
3202 -13.45 16.53
3203 -26.88 14.04
3204 -36.98 0.99
3205 -20.19 13.79
3206 -27.1 27.74
3207 -28.78 5.32
3208 -14.01 25.04
3209 -6.37 36.61
3210 -25.37 4.66
3211 -2.4 15.91
3212 -31.93 22.32
3213 -6.2 34.66
3214 -7.36 29.44
3215 -1.46 2.82
3216 -35.66 21.64
3217 -1.69 33.29
3218 -7.33 12.63
3219 -13.62 32.09
3220 -5.88 7.83
3221 -39.1 37.34
3222 -6.18 36.5
3223 -21.55 27.88
3224 -28.01 20.2
3225 -24.86 31.44
3226 -7.35 16.9
3227 -2.74 30.78
3228 -28.96 2.8
3229 -35.76 8.94
3230 -15.28 39.84
3231 -21.48 37.22
3232 -34.03 10.94
3233 -23.57 26.69
3234 -18.79 1.37
3235 -12.72 0.72
3236 -38.06 24.67
3237 -21.18 11.82
3238 -3.22 4.24
3239 -27.96 6.25
3240 -37.69 31.23
3241 -11.65 16.34
3242 -7.12 8.56
3243 -11.36 14.39
3244 -26.86 39.61
3245 -39.45 10.64
3246 -7.87 2.14
3247 -16.61 20.94
3248 -7.63 5.42
3249 -6.79 0.18
3250 -4.42 29.94
3251 -14.62 23.04
3252 -34.86 2.48
3253 -10.25 39.32
3254 -5.57 1.61
3255 -36.36 38.21
3256 -18.08 6.78
3257 -15.34 8.02
3258 -22.41 25.2
3259 -28.33 30.22
3260 -0.86 12.79
3261 -14.94 27.79
3262 -12.25 12.25
3263 -17.68 35.07
3264 -35.25 23.4
3265 -13.35 27.99
3266 -14.55 3.2
3267 -9.2 31.49
3268 -30.81 12.94
3269 -14.55 19.45
3270 -21.19 36.38
3271 -6.68 10.91
3272 -22.45 39.27
3273 -27.99 22.02
3274 -15.76 4.87
3275 -21.18 16.33
3276 -4.12 20.14
3277 -32.4 39.64
3278 -34.71 16.37
3279 -3.29 13.6
3280 -5.11 33.49
3281 -36.69 16.64
3282 -8.13 19.67
3283 -32.61 5.89
3284 -28.87 38.94
3285 -38.84 10.68
3286 -21.59 10.06
3287 -9.33 5.52
3288 -31.06 4.05
3289 -12.44 0.84
3290 -17.17 6.82
3291 -26.97 37.14
3292 -36.79 24.81
3293 -4.7 22.89
3294 -36.49 31.5
3295 -24.99 8
3296 -24.64 5.12
3297 -24.79 21.68
3298 -31.1 36.3
3299 -35.24 20.92
3300 -31.6 19.97
3301 -30.03 37.61
3302 -3.13 13.2
3303 -20.77 2.88
3304 -3.72 37.72
3305 -4.54 36.73
3306 -33.87 24.42
3307 -9.23 35.03
3308 -21.44 34.18
3309 -25.69 13.94
3310 -25.46 17.93
3311 -26.58 10.68
3312 -35.89 10.1
3313 -6.4 11.37
3314 -32.3 26.99
3315 -6.96 5.17
3316 -2.78 27.42
3317 -4.14 0.51
3318 -3.39 9.43
3319 -7.15 28.43
3320 -28.68 10.63
3321 -35.05 15.22
3322 -10.25 26.08
3323 -20.26 7.81
3324 -25.27 31.7
3325 -13.15 5.95
3326 -20.16 10.73
3327 -24.35 3.25
3328 -18.15 16.05
3329 -6.56 34.28
3330 -2.97 13.97
3331 -1.39 17.04
3332 -17.55 9.27
3333 -18.7 5.54
3334 -33.97 24.46
3335 -38.61 29.38
3336 -8.12 22.66
3337 -8.74 37.19
3338 -5 21.89
3339 -17.11 29
3340 -38.48 33.79
3341 -8.04 30.27
3342 -37.04 18.64
3343 -34.69 32.39
3344 -30.19 15.19
3345 -29.16 1.25
3346 -21.81 33.16
3347 -2.43 30.56
3348 -36.1 39.36
3349 -27.34 24.66
3350 -17.56 33.59
3351 -16.25 25.95
3352 -23.14 25.68
3353 -7.57 28.51
3354 -17.52 28.14
3355 -25.45 24.69
3356 -18.48 16
3357 -34.64 33.49
3358 -29.41 15.52
3359 -30.72 32.85
3360 -37.62 19.6
3361 -16.29 23.4
3362 -13.96 19.43
3363 -22.31 22.24
3364 -6.9 13.58
3365 -7.18 9.65
3366 -35.6 27.98
3367 -13.66 26.95
3368 -15.47 18.75
3369 -10.41 24.76
3370 -9.45 32.99
3371 -12.51 35.87
3372 -29.36 31.45
3373 -10.49 10.67
3374 -3.52 18.77
3375 -1.9 4.73
3376 -28.14 4.66
3377 -24.09 18.19
3378 -0.43 2.1
3379 -19.21 6.4
3380 -16.05 10.86
3381 -38.84 26.39
3382 -13.34 15.17
3383 -33.92 16.03
3384 -0.79 28.81
3385 -25.32 4.34
3386 -0.21 13.76
3387 -8.73 1.35
3388 -12.02 33.09
3389 -15.39 19.22
3390 -23.96 19.06
3391 -23.72 17.29
3392 -35.48 12.1
3393 -17.72 11.33
3394 -17.73 35.91
3395 -6.77 0.45
3396 -26.84 37.3
3397 -12.48 9.14
3398 -25.17 3.71
3399 -36.04 9.92
3400 -14.26 29.48
3401 -3.24 24.89
3402 -26.24 17.99
3403 -14.61 11.97
3404 -34.71 38.27
3405 -17.33 30
3406 -7.29 18.67
3407 -34.29 1.06
3408 -12.39 6.29
3409 -2.2 15.54
3410 -15.99 33.65
3411 -34.47 12.5
3412 -25.16 6.36
3413 -10.07 10.47
3414 -20.4 10.33
3415 -39.81 9.63
3416 -34.52 34.66
3417 -16.18 6.57
3418 -22.06 20.77
3419 -19.04 30.79
3420 -20.79 20.29
3421 -38.97 39.89
3422 -4.47 28.08
3423 -37.89 36.78
3424 -12.32 20.39
3425 -14.04 3.61
3426 -16.11 31.84
3427 -38.2 12.03
3428 -22.51 1.27
3429 -15.12 8.27
3430 -17.9 2.91
3431 -37.57 18.45
3432 -28.54 12.43
3433 -36.72 13.75
3434 -4.54 14.12
3435 -34.42 19.28
3436 -19.17 28.85
3437 -20.45 36.91
3438 -33.69 23.65
3439 -4.04 18.34
3440 -21.96 9.54
3441 -1.38 21.6
3442 -33.63 1.59
3443 -6.39 39.58
3444 65.7244 -32.1544
3445 66.7244 -24.2344
3446 59.7244 -27.9844
3447 40.7244 -11.7844
3448 56.7244 -26.5644
3449 59.7244 -39.9844
3450 44.7244 -13.8644
3451 61.7244 -23.7144
3452 52.7244 -17.6344
3453 66.7244 -24.0644
3454 62.7244 -31.4844
3455 60.7244 -28.4744
3456 55.7244 -16.9844
3457 54.7244 -25.5244
3458 70.7244 -39.6544
3459 69.7244 -25.5644
3460 59.7244 -24.8344
3461 71.7244 -29.8944
3462 71.7244 -31.5144
3463 69.7244 -29.6244
3464 40.7244 -37.9344
3465 72.7244 -36.7344
3466 68.7244 -35.4444
3467 58.7244 -24.2344
3468 48.7244 -13.5044
3469 60.7244 -21.1844
3470 45.7244 -15.9044
3471 45.7244 -17.1144
3472 64.7244 -26.0044
3473 59.7244 -24.9944
3474 56.7244 -29.2944
3475 47.7244 -19.2544
3476 45.7244 -11.6544
3477 48.7244 -24.7644
3478 71.7244 -33.1144
3479 57.7244 -36.0344
3480 57.7244 -34.7844
3481 40.7244 -21.1544
3482 71.7244 -31.5244
3483 54.7244 -34.0844
3484 66.7244 -33.4544
3485 40.7244 -18.3044
3486 46.7244 -33.7444
3487 56.7244 -35.5044
3488 61.7244 -33.8344
3489 55.7244 -17.1944
3490 56.7244 -13.3544
3491 47.7244 -38.5544
3492 64.7244 -35.8844
3493 61.7244 -39.9544
3494 55.7244 -28.4944
3495 59.7244 -23.3544
3496 60.7244 -40.0544
3497 45.7244 -36.2744
3498 43.7244 -26.6744
3499 60.7244 -19.3744
3500 58.7244 -40.4444
3501 65.7244 -39.2644
3502 64.7244 -25.8844
3503 61.7244 -37.7144
3504 47.7244 -21.5744
3505 57.7244 -12.1344
3506 62.7244 -38.6444
3507 47.7244 -13.2244
3508 40.7244 -20.3044
3509 71.7244 -35.3144
3510 41.7244 -18.4644
3511 50.7244 -31.3744
3512 42.7244 -16.4844
3513 40.7244 -23.8644
3514 40.7244 -28.3044
3515 70.7244 -38.0644
3516 48.7244 -40.1844
3517 48.7244 -32.2344
3518 66.7244 -30.8844
3519 52.7244 -25.0844
3520 69.7244 -35.1444
3521 59.7244 -18.1944
3522 54.7244 -13.2044
3523 67.7244 -37.1044
3524 61.7244 -25.9044
3525 67.7244 -30.6144
3526 48.7244 -38.3944
3527 45.7244 -21.1744
3528 55.7244 -24.4144
3529 49.7244 -21.8144
3530 66.7244 -37.0644
3531 72.7244 -35.7644
3532 64.7244 -18.9844
3533 72.7244 -37.6244
3534 42.7244 -13.2444
3535 54.7244 -31.6144
3536 43.7244 -11.7044
3537 52.7244 -13.4844
3538 63.7244 -33.0144
3539 69.7244 -27.2444
3540 71.7244 -34.7944
3541 70.7244 -39.5844
3542 63.7244 -34.6144
3543 50.7244 -34.8444
3544 45.7244 -35.5844
3545 59.7244 -18.5244
3546 63.7244 -29.3144
3547 70.7244 -34.6844
3548 62.7244 -22.1144
3549 70.7244 -34.9344
3550 46.7244 -23.7844
3551 58.7244 -22.0444
3552 49.7244 -23.6644
3553 63.7244 -25.2144
3554 41.7244 -25.3744
3555 49.7244 -30.3844
3556 46.7244 -18.5744
3557 42.7244 -33.1744
3558 44.7244 -32.0244
3559 71.7244 -36.9944
3560 70.7244 -37.4544
3561 45.7244 -23.0344
3562 72.7244 -39.1144
3563 42.7244 -22.3644
3564 69.7244 -30.3144
3565 50.7244 -28.3644
3566 48.7244 -10.1544
3567 48.7244 -31.8944
3568 61.7244 -35.7044
3569 55.7244 -17.2844
3570 53.7244 -20.8244
3571 60.7244 -33.0644
3572 67.7244 -37.9244
3573 54.7244 -34.8844
3574 70.7244 -33.0344
3575 47.7244 -19.3344
3576 68.7244 -40.1844
3577 55.7244 -19.5544
3578 52.7244 -14.8944
3579 54.7244 -31.3144
3580 54.7244 -29.5144
3581 49.7244 -17.0944
3582 54.7244 -36.3744
3583 44.7244 -17.2644
3584 51.7244 -35.3544
3585 63.7244 -32.9844
3586 48.7244 -39.5144
3587 49.7244 -16.4044
3588 68.7244 -33.0544
3589 72.7244 -38.1644
3590 40.7244 -32.4344
3591 60.7244 -29.8744
3592 56.7244 -24.6844
3593 60.7244 -35.2244
3594 57.7244 -37.6544
3595 42.7244 -12.0544
3596 62.7244 -28.5044
3597 56.7244 -14.6144
3598 66.7244 -21.9144
3599 45.7244 -18.2644
3600 46.7244 -30.2144
3601 66.7244 -31.7544
3602 44.7244 -39.0744
3603 52.7244 -25.9444
3604 63.7244 -24.2244
3605 65.7244 -24.9944
3606 54.7244 -11.9044
3607 56.7244 -12.5744
3608 51.7244 -12.0844
3609 64.7244 -36.4244
3610 42.7244 -9.11441
3611 63.7244 -34.6844
3612 42.7244 -34.4044
3613 67.7244 -34.8044
3614 66.7244 -32.9644
3615 68.7244 -26.8944
3616 67.7244 -28.0944
3617 47.7244 -28.2044
3618 60.7244 -34.5944
3619 71.7244 -33.5944
3620 69.7244 -37.5544
3621 71.7244 -32.2544
3622 70.7244 -30.7644
3623 47.7244 -21.8244
3624 57.7244 -40.4144
3625 43.7244 -25.3744
3626 63.7244 -28.0344
3627 49.7244 -38.9244
3628 69.7244 -38.6644
3629 59.7244 -32.0644
3630 42.7244 -8.57441
3631 55.7244 -14.1044
3632 72.7244 -35.3944
3633 66.7244 -28.1344
3634 47.7244 -15.7544
3635 69.7244 -29.5844
3636 49.7244 -34.1444
3637 52.7244 -10.5444
3638 46.7244 -15.4544
3639 55.7244 -19.5444
3640 56.7244 -36.9244
3641 45.7244 -11.6444
3642 48.7244 -16.7944
3643 69.7244 -26.6944
3644 56.7244 -19.0744
3645 61.7244 -35.8644
3646 66.7244 -24.4944
3647 52.7244 -15.0944
3648 64.7244 -22.5844
3649 50.7244 -25.6444
3650 66.7244 -38.2644
3651 72.7244 -33.4144
3652 71.7244 -38.8444
3653 46.7244 -32.1044
3654 69.7244 -40.6244
3655 65.7244 -28.9444
3656 43.7244 -30.8644
3657 54.7244 -32.8044
3658 49.7244 -23.9344
3659 50.7244 -35.9044
3660 62.7244 -27.0244
3661 47.7244 -23.4344
3662 41.7244 -10.5244
3663 44.7244 -38.1844
3664 61.7244 -28.5344
3665 61.7244 -33.7344
3666 61.7244 -24.8344
3667 52.7244 -17.9844
3668 71.7244 -34.9344
3669 62.7244 -16.7644
3670 45.7244 -31.0344
3671 43.7244 -32.4044
3672 48.7244 -21.0744
3673 56.7244 -34.8644
3674 66.7244 -23.0044
3675 48.7244 -30.3144
3676 64.7244 -33.3144
3677 67.7244 -36.8444
3678 40.7244 -12.0544
3679 54.7244 -28.2344
3680 51.7244 -25.1544
3681 71.7244 -37.6744
3682 60.7244 -20.4244
3683 54.7244 -17.9744
3684 66.7244 -32.0444
3685 48.7244 -30.2144
3686 54.7244 -18.7444
3687 44.7244 -32.2744
3688 69.7244 -26.1344
3689 45.7244 -26.6444
3690 52.7244 -40.6744
3691 41.7244 -32.4644
3692 66.7244 -26.0044
3693 63.7244 -28.1244
3694 65.7244 -33.6344
3695 48.7244 -21.9444
3696 46.7244 -10.6344
3697 69.7244 -33.0844
3698 54.7244 -17.5744
3699 47.7244 -35.7144
3700 50.7244 -40.6244
3701 43.7244 -22.9944
3702 67.7244 -36.8544
3703 52.7244 -18.4744
3704 63.7244 -19.6944
3705 48.7244 -30.4244
3706 66.7244 -23.8544
3707 40.7244 -29.6644
3708 44.7244 -25.9744
3709 47.7244 -15.7044
3710 66.7244 -32.9244
3711 69.7244 -34.1844
3712 60.7244 -31.5644
3713 61.7244 -22.9144
3714 41.7244 -36.1544
3715 45.7244 -14.5344
3716 51.7244 -21.3444
3717 41.7244 -33.4344
3718 51.7244 -36.5744
3719 62.7244 -36.4844
3720 66.7244 -37.8144
3721 71.7244 -36.4644
3722 45.7244 -24.5744
3723 42.7244 -39.3144
3724 60.7244 -23.6844
3725 44.7244 -27.4144
3726 64.7244 -29.9544
3727 49.7244 -12.4644
3728 61.7244 -17.6844
3729 51.7244 -24.9144
3730 66.7244 -24.7844
3731 71.7244 -31.9044
3732 61.7244 -31.7644
3733 43.7244 -39.1044
3734 51.7244 -38.0344
3735 70.7244 -32.9044
3736 60.7244 -22.2744
3737 62.7244 -29.2944
3738 63.7244 -31.2644
3739 42.7244 -19.1744
3740 71.7244 -38.9244
3741 62.7244 -31.3844
3742 40.7244 -15.9944
3743 72.7244 -37.1744
3744 66.7244 -27.9944
3745 50.7244 -13.8144
3746 64.7244 -27.3244
3747 59.7244 -32.1644
3748 45.7244 -39.8444
3749 48.7244 -33.7244
3750 54.7244 -37.1544
3751 57.7244 -18.0244
3752 70.7244 -33.2844
3753 66.7244 -28.5744
3754 66.7244 -39.7144
3755 69.7244 -37.8044
3756 71.7244 -30.1144
3757 51.7244 -17.8144
3758 52.7244 -15.8144
3759 58.7244 -27.5644
3760 56.7244 -37.8644
3761 63.7244 -37.8444
3762 72.7244 -32.8744
3763 56.7244 -25.5744
3764 72.7244 -35.0944
3765 55.7244 -14.8944
3766 68.7244 -40.2244
3767 52.7244 -29.4944
3768 41.7244 -39.0244
3769 51.7244 -16.8444
3770 71.7244 -34.5944
3771 54.7244 -30.6744
3772 64.7244 -38.1344
3773 64.7244 -31.1144
3774 70.7244 -38.2544
3775 48.7244 -32.5344
3776 41.7244 -30.8444
3777 60.7244 -28.0844
3778 48.7244 -11.2144
3779 41.7244 -33.7344
3780 68.7244 -28.2544
3781 56.7244 -39.8444
3782 54.7244 -33.3344
3783 53.7244 -37.2444
3784 40.7244 -38.1844
3785 46.7244 -10.4044
3786 71.7244 -35.0344
3787 64.7244 -31.7944
3788 48.7244 -32.8544
3789 62.7244 -32.9044
3790 62.7244 -30.3744
3791 59.7244 -17.0044
3792 69.7244 -26.6444
3793 62.7244 -30.2344
3794 48.7244 -39.0444
3795 46.7244 -18.9344
3796 43.7244 -19.3844
3797 62.7244 -20.5544
3798 55.7244 -37.4244
3799 70.7244 -32.8644
3800 63.7244 -20.6744
3801 50.7244 -25.6944
3802 60.7244 -27.1544
3803 47.7244 -33.1844
3804 54.7244 -26.1744
3805 72.7244 -36.9044
3806 65.7244 -34.8244
3807 65.7244 -33.0544
3808 63.7244 -24.7644
3809 59.7244 -18.0944
3810 71.7244 -39.0344
3811 72.7244 -39.8844
3812 53.7244 -24.1144
3813 58.7244 -32.3944
3814 59.7244 -29.0244
3815 47.7244 -39.9644
3816 56.7244 -36.8244
3817 67.7244 -29.2244
3818 54.7244 -40.4444
3819 70.7244 -35.7744
3820 67.7244 -31.7544
3821 70.7244 -32.4544
3822 53.7244 -23.8344
3823 43.7244 -30.8144
3824 72.7244 -37.5844
3825 70.7244 -39.1944
3826 53.7244 -35.7244
3827 70.7244 -29.8144
3828 53.7244 -39.8244
3829 59.7244 -24.2044
3830 70.7244 -31.7744
3831 47.7244 -29.3644
3832 49.7244 -21.6044
3833 56.7244 -11.8744
3834 41.7244 -9.26441
3835 57.7244 -32.4444
3836 46.7244 -23.0944
3837 54.7244 -34.8844
3838 72.7244 -35.7144
3839 58.7244 -24.3144
3840 45.7244 -27.3944
3841 64.7244 -26.6944
3842 47.7244 -17.4044
3843 50.7244 -25.7844
3844 44.7244 -33.5044
3845 59.7244 -18.3744
3846 63.7244 -34.4544
3847 54.7244 -27.1644
3848 69.7244 -34.1144
3849 58.7244 -32.4144
3850 44.7244 -31.4644
3851 64.7244 -40.6944
3852 26.7244 -26.5344
3853 15.7244 -28.2744
3854 21.7244 -29.0644
3855 31.7244 -22.3144
3856 19.7244 -28.3944
3857 31.7244 -40.4044
3858 19.7244 -29.8144
3859 25.7244 -11.3344
3860 26.7244 -29.4744
3861 17.7244 -16.8944
3862 15.7244 -24.7544
3863 8.72441 -36.7744
3864 12.7244 -37.8744
3865 24.7244 -33.0244
3866 20.7244 -37.8244
3867 32.7244 -38.6744
3868 31.7244 -23.0744
3869 27.7244 -26.8944
3870 33.7244 -8.83441
3871 21.7244 -15.8944
3872 20.7244 -16.5244
3873 18.7244 -27.3344
3874 29.7244 -17.2644
3875 11.7244 -34.4344
3876 37.7244 -27.6744
3877 12.7244 -35.9744
3878 20.7244 -20.1644
3879 28.7244 -23.5944
3880 29.7244 -26.7244
3881 26.7244 -31.6844
3882 8.72441 -40.1244
3883 9.72441 -33.7144
3884 19.7244 -29.6044
3885 37.7244 -39.1144
3886 11.7244 -35.1244
3887 17.7244 -23.9744
3888 27.7244 -27.0944
3889 18.7244 -32.7644
3890 25.7244 -32.2844
3891 24.7244 -12.4044
3892 39.7244 -18.8344
3893 31.7244 -10.6844
3894 36.7244 -33.9144
3895 39.7244 -15.8244
3896 25.7244 -14.6844
3897 28.7244 -30.9944
3898 36.7244 -40.6444
3899 20.7244 -31.7844
3900 24.7244 -23.1044
3901 20.7244 -35.4744
3902 32.7244 -22.2144
3903 12.7244 -33.1844
3904 20.7244 -31.0644
3905 31.7244 -25.4444
3906 10.7244 -30.9744
3907 25.7244 -21.0844
3908 38.7244 -21.0044
3909 24.7244 -27.5844
3910 29.7244 -16.3544
3911 20.7244 -25.3344
3912 8.72441 -35.6844
3913 37.7244 -30.1444
3914 35.7244 -7.82441
3915 14.7244 -28.3544
3916 29.7244 -25.1344
3917 39.7244 -16.4644
3918 21.7244 -15.5744
3919 36.7244 -16.9244
3920 32.7244 -28.8944
3921 35.7244 -31.7644
3922 36.7244 -40.5144
3923 38.7244 -31.4444
3924 29.7244 -29.9144
3925 32.7244 -25.7044
3926 8.72441 -40.2144
3927 28.7244 -12.0844
3928 15.7244 -30.1444
3929 9.72441 -37.0044
3930 36.7244 -11.4644
3931 20.7244 -35.1944
3932 9.72441 -35.0144
3933 9.72441 -33.7344
3934 24.7244 -32.5944
3935 18.7244 -35.5244
3936 29.7244 -16.3244
3937 12.7244 -37.6544
3938 29.7244 -9.91441
3939 23.7244 -16.1444
3940 28.7244 -16.4244
3941 30.7244 -35.3844
3942 21.7244 -15.1744
3943 33.7244 -36.3144
3944 40.7244 -9.99441
3945 30.7244 -28.5844
3946 14.7244 -29.5044
3947 24.7244 -33.8344
3948 24.7244 -27.7244
3949 35.7244 -39.4044
3950 30.7244 -16.0044
3951 17.7244 -35.1144
3952 22.7244 -39.0044
3953 40.7244 -37.4644
3954 26.7244 -19.1644
3955 23.7244 -36.0344
3956 32.7244 -16.2244
3957 38.7244 -18.0044
3958 28.7244 -20.1944
3959 35.7244 -34.0244
3960 29.7244 -24.9444
3961 27.7244 -36.9444
3962 30.7244 -16.6744
3963 14.7244 -23.2344
3964 36.7244 -16.6544
3965 18.7244 -18.5044
3966 16.7244 -37.3544
3967 40.7244 -12.2744
3968 11.7244 -30.1644
3969 37.7244 -34.0444
3970 22.7244 -39.6444
3971 8.72441 -33.6944
3972 30.7244 -13.8044
3973 23.7244 -23.0544
3974 34.7244 -10.8044
3975 9.72441 -37.4844
3976 38.7244 -39.9744
3977 21.7244 -38.4644
3978 39.7244 -31.0344
3979 38.7244 -12.3144
3980 32.7244 -19.6344
3981 23.7244 -30.1244
3982 36.7244 -21.7444
3983 36.7244 -37.1144
3984 24.7244 -25.4344
3985 36.7244 -14.0044
3986 16.7244 -27.5444
3987 17.7244 -35.7244
3988 40.7244 -23.1744
3989 18.7244 -40.1344
3990 12.7244 -37.1544
3991 20.7244 -28.0244
3992 15.7244 -30.8744
3993 32.7244 -38.5644
3994 24.7244 -20.4844
3995 11.7244 -40.3744
3996 40.7244 -35.0044
3997 20.7244 -17.3944
3998 13.7244 -32.1944
3999 40.7244 -27.4244
4000 9.72441 -33.9744
4001 33.7244 -10.4944
4002 35.7244 -39.4344
4003 18.7244 -27.1344
4004 37.7244 -40.2944
4005 33.7244 -27.8844
4006 12.7244 -29.7044
4007 14.7244 -31.8744
4008 8.72441 -34.1844
4009 28.7244 -20.2644
4010 32.7244 -39.0944
4011 34.7244 -12.5944
4012 22.7244 -21.9244
4013 30.7244 -35.6244
4014 24.7244 -32.8044
4015 20.7244 -38.5344
4016 28.7244 -10.7844
4017 40.7244 -23.0844
4018 17.7244 -39.0644
4019 22.7244 -31.6044
4020 8.72441 -32.7944
4021 21.7244 -22.1044
4022 22.7244 -26.1844
4023 26.7244 -33.3744
4024 28.7244 -38.7244
4025 8.72441 -36.8444
4026 40.7244 -35.0644
4027 14.7244 -26.2144
4028 9.72441 -35.2144
4029 13.7244 -39.8844
4030 31.7244 -40.1844
4031 15.7244 -28.1044
4032 35.7244 -28.2644
4033 39.7244 -9.44441
4034 25.7244 -15.7144
4035 22.7244 -23.9844
4036 33.7244 -25.8344
4037 35.7244 -25.3044
4038 25.7244 -22.3744
4039 31.7244 -27.1544
4040 31.7244 -9.62441
4041 30.7244 -9.69441
4042 29.7244 -28.2244
4043 16.7244 -20.4644
4044 36.7244 -25.0444
4045 20.7244 -23.2844
4046 10.7244 -32.5844
4047 8.72441 -35.5044
4048 35.7244 -26.8844
4049 13.7244 -37.4744
4050 25.7244 -24.2844
4051 11.7244 -40.4144
4052 26.7244 -21.8444
4053 29.7244 -34.3944
4054 21.7244 -27.7044
4055 21.7244 -33.0844
4056 14.7244 -19.8544
4057 40.7244 -30.8044
4058 10.7244 -35.5044
4059 30.7244 -23.3044
4060 31.7244 -37.4344
4061 28.7244 -36.0844
4062 30.7244 -40.2844
4063 36.7244 -16.1644
4064 35.7244 -17.3144
4065 8.72441 -40.5544
4066 32.7244 -28.3944
4067 34.7244 -27.9744
4068 12.7244 -36.5044
4069 25.7244 -33.2244
4070 37.7244 -25.2144
4071 35.7244 -35.8344
4072 13.7244 -36.9144
4073 12.7244 -22.9244
4074 12.7244 -34.1944
4075 16.7244 -37.7544
4076 38.7244 -33.1144
4077 34.7244 -7.94441
4078 31.7244 -38.7244
4079 15.7244 -19.3444
4080 33.7244 -19.0544
4081 40.7244 -22.4144
4082 22.7244 -22.6844
4083 38.7244 -23.4544
4084 18.7244 -27.5444
4085 17.7244 -37.1644
4086 25.7244 -24.2944
4087 25.7244 -30.1244
4088 9.72441 -39.4144
4089 40.7244 -14.4044
4090 25.7244 -15.5844
4091 13.7244 -25.5344
4092 16.7244 -36.2944
4093 13.7244 -27.8744
4094 32.7244 -38.8944
4095 24.7244 -11.8444
4096 34.7244 -35.9444
4097 11.7244 -27.2144
4098 19.7244 -18.4344
4099 40.7244 -11.5844
4100 26.7244 -27.6544
4101 40.7244 -16.0344
4102 24.7244 -25.5344
4103 36.7244 -21.4544
4104 16.7244 -26.5144
4105 35.7244 -23.8544
4106 13.7244 -39.3244
4107 20.7244 -19.5744
4108 11.7244 -38.1744
4109 21.7244 -20.9444
4110 11.7244 -30.9744
4111 22.7244 -34.8344
4112 23.7244 -39.8244
4113 15.7244 -35.8344
4114 29.7244 -20.4944
4115 27.7244 -14.5244
4116 26.7244 -30.9544
4117 21.7244 -26.8744
4118 16.7244 -28.0144
4119 31.7244 -13.7344
4120 16.7244 -26.4944
4121 22.7244 -33.8844
4122 33.7244 -16.2744
4123 40.7244 -35.7344
4124 24.7244 -22.2044
4125 32.7244 -34.8144
4126 22.7244 -16.7644
4127 27.7244 -40.3844
4128 34.7244 -28.4744
4129 35.7244 -34.6144
4130 10.7244 -29.9044
4131 33.7244 -13.9044
4132 13.7244 -34.0044
4133 35.7244 -31.6544
4134 27.7244 -40.4144
4135 10.7244 -35.3244
4136 18.7244 -31.7844
4137 21.7244 -20.5044
4138 22.7244 -35.4444
4139 8.72441 -36.8044
4140 36.7244 -17.2244
4141 30.7244 -25.5944
4142 8.72441 -39.5644
4143 18.7244 -24.8244
4144 15.7244 -19.4644
4145 20.7244 -34.3144
4146 32.7244 -14.8844
4147 10.7244 -28.5344
4148 22.7244 -16.2944
4149 24.7244 -17.6844
4150 29.7244 -38.3944
4151 38.7244 -27.8744
4152 12.7244 -31.0044
4153 12.7244 -26.5344
4154 34.7244 -26.9244
4155 31.7244 -34.8644
4156 40.7244 -35.2544
4157 8.72441 -36.3844
4158 32.7244 -18.7444
4159 40.7244 -12.6744
4160 29.7244 -18.9544
4161 21.7244 -32.8844
4162 30.7244 -29.4944
4163 21.7244 -24.5144
4164 26.7244 -28.4344
4165 15.7244 -36.7544
4166 24.7244 -40.4744
4167 18.7244 -38.3044
4168 26.7244 -13.3044
4169 21.7244 -29.2144
4170 30.7244 -23.9544
4171 12.7244 -27.1444
4172 27.7244 -28.8444
4173 37.7244 -26.3244
4174 27.7244 -14.5244
4175 20.7244 -15.5844
4176 21.7244 -31.7544
4177 32.7244 -36.1044
4178 20.7244 -24.1944
4179 18.7244 -29.3044
4180 13.7244 -35.5944
4181 17.7244 -30.2344
4182 35.7244 -18.4944
4183 24.7244 -21.8444
4184 13.7244 -35.1544
4185 36.7244 -12.3244
4186 11.7244 -29.9244
4187 32.7244 -14.0944
4188 16.7244 -22.7844
4189 11.7244 -29.1444
4190 30.7244 -34.1944
4191 14.7244 -29.0944
4192 20.7244 -39.9844
4193 17.7244 -37.9844
4194 16.7244 -18.1144
4195 33.7244 -35.5844
4196 16.7244 -26.6344
4197 15.7244 -34.6044
4198 33.7244 -25.1344
4199 26.7244 -12.2344
4200 31.7244 -21.8044
4201 38.7244 -24.1744
4202 26.7244 -36.8044
4203 27.7244 -9.79441
4204 20.7244 -17.4644
4205 34.7244 -30.1944
4206 16.7244 -37.9644
4207 15.7244 -40.3844
4208 10.7244 -30.2644
4209 23.7244 -32.4244
4210 18.7244 -26.4344
4211 35.7244 -27.3944
4212 23.7244 -14.6044
4213 32.7244 -39.0244
4214 36.7244 -38.2144
4215 16.7244 -33.8044
4216 37.7244 -12.1044
4217 23.7244 -20.0444
4218 8.72441 -38.0244
4219 23.7244 -22.7944
4220 35.7244 -17.0644
4221 27.7244 -37.9244
4222 22.7244 -35.5244
4223 31.7244 -34.2744
4224 24.7244 -21.4644
4225 38.7244 -14.9444
4226 26.7244 -30.4844
4227 23.7244 -18.7844
4228 37.7244 -12.1144
4229 19.7244 -19.6044
4230 30.7244 -8.83441
4231 21.7244 -39.6444
4232 39.7244 -27.1644
4233 15.7244 -22.1544
4234 8.72441 -35.3044
4235 24.7244 -33.4544
4236 10.7244 -33.7044
4237 8.72441 -36.1744
4238 10.7244 -26.9944
4239 11.7244 -31.3244
4240 9.72441 -33.9244
4241 25.7244 -15.6444
4242 36.7244 -24.9044
4243 32.7244 -28.2744
4244 19.7244 -29.0144
4245 27.7244 -35.6444
4246 34.7244 -40.0644
4247 33.7244 -32.0944
4248 37.7244 -37.7644
4249 36.7244 -27.1944
4250 33.7244 -13.4844
4251 35.7244 -21.2144
4252 28.7244 -21.3244
4253 22.7244 -19.2444
4254 29.7244 -30.6144
4255 20.7244 -28.5444
4256 29.7244 -14.1344
4257 21.7244 -22.7244
4258 8.72441 -35.4044
4259 19.7244 -16.3644
4260 64.7244 -56.7944
4261 55.7244 -58.8844
4262 72.7244 -41.8444
4263 41.7244 -62.2044
4264 60.7244 -65.7344
4265 41.7244 -49.2444
4266 63.7244 -43.0644
4267 69.7244 -49.7544
4268 49.7244 -56.8644
4269 49.7244 -68.1744
4270 70.7244 -53.6344
4271 67.7244 -43.4044
4272 66.7244 -49.6544
4273 62.7244 -44.1544
4274 45.7244 -44.4344
4275 51.7244 -67.5344
4276 47.7244 -55.4844
4277 63.7244 -52.2844
4278 52.7244 -53.5044
4279 48.7244 -66.7444
4280 67.7244 -42.8144
4281 64.7244 -58.8044
4282 54.7244 -60.3344
4283 55.7244 -49.9544
4284 40.7244 -48.8644
4285 48.7244 -58.2444
4286 54.7244 -69.5544
4287 44.7244 -55.3244
4288 49.7244 -69.1844
4289 40.7244 -68.2544
4290 72.7244 -41.0744
4291 47.7244 -45.7144
4292 72.7244 -47.0944
4293 51.7244 -67.7744
4294 57.7244 -68.8344
4295 48.7244 -51.7044
4296 67.7244 -42.8944
4297 66.7244 -55.4144
4298 57.7244 -47.8944
4299 69.7244 -45.7844
4300 68.7244 -56.8444
4301 53.7244 -47.1244
4302 42.7244 -54.0744
4303 57.7244 -55.4744
4304 46.7244 -67.2844
4305 63.7244 -60.2244
4306 65.7244 -60.9144
4307 48.7244 -56.7944
4308 63.7244 -61.2944
4309 40.7244 -57.9544
4310 42.7244 -56.9544
4311 56.7244 -53.6644
4312 43.7244 -70.5144
4313 44.7244 -55.4344
4314 55.7244 -42.7944
4315 44.7244 -53.0344
4316 42.7244 -50.1144
4317 60.7244 -57.4244
4318 69.7244 -47.9644
4319 53.7244 -65.3244
4320 58.7244 -68.4944
4321 44.7244 -58.9644
4322 70.7244 -51.8544
4323 71.7244 -41.2544
4324 65.7244 -52.6844
4325 66.7244 -52.1544
4326 43.7244 -47.7444
4327 63.7244 -57.3244
4328 59.7244 -50.2444
4329 66.7244 -42.5444
4330 63.7244 -63.3244
4331 50.7244 -68.5444
4332 50.7244 -41.1044
4333 67.7244 -49.5044
4334 68.7244 -54.2144
4335 45.7244 -59.6744
4336 47.7244 -66.2244
4337 61.7244 -65.9644
4338 57.7244 -64.7444
4339 62.7244 -62.0944
4340 56.7244 -56.3044
4341 44.7244 -42.9044
4342 65.7244 -62.4244
4343 65.7244 -43.6744
4344 58.7244 -45.3344
4345 46.7244 -48.0644
4346 53.7244 -67.6744
4347 72.7244 -47.4444
4348 49.7244 -63.9344
4349 66.7244 -55.7244
4350 70.7244 -48.6244
4351 57.7244 -55.2244
4352 45.7244 -46.3844
4353 46.7244 -68.3144
4354 62.7244 -57.2744
4355 67.7244 -54.9144
4356 49.7244 -69.5344
4357 64.7244 -44.9944
4358 62.7244 -59.9144
4359 48.7244 -68.9944
4360 72.7244 -42.7544
4361 53.7244 -46.7744
4362 67.7244 -46.5444
4363 71.7244 -50.0844
4364 44.7244 -49.5244
4365 44.7244 -47.9944
4366 58.7244 -48.0344
4367 43.7244 -62.3844
4368 64.7244 -48.2744
4369 48.7244 -50.4244
4370 42.7244 -48.9844
4371 58.7244 -50.0044
4372 70.7244 -54.5444
4373 50.7244 -61.3144
4374 61.7244 -56.5344
4375 64.7244 -45.5744
4376 71.7244 -43.7244
4377 68.7244 -44.6044
4378 53.7244 -68.9144
4379 66.7244 -45.1044
4380 54.7244 -44.8544
4381 54.7244 -56.9844
4382 57.7244 -63.1844
4383 59.7244 -41.1844
4384 64.7244 -52.4244
4385 59.7244 -48.8844
4386 66.7244 -57.3344
4387 45.7244 -60.7644
4388 47.7244 -71.2444
4389 48.7244 -55.2044
4390 72.7244 -44.2644
4391 53.7244 -54.4644
4392 41.7244 -54.9944
4393 58.7244 -46.0844
4394 72.7244 -46.6344
4395 68.7244 -52.7444
4396 46.7244 -72.1644
4397 49.7244 -49.7244
4398 67.7244 -57.9444
4399 68.7244 -45.6844
4400 58.7244 -49.3844
4401 50.7244 -71.1344
4402 54.7244 -42.8144
4403 41.7244 -72.9444
4404 70.7244 -48.8444
4405 54.7244 -54.7044
4406 47.7244 -73.3144
4407 61.7244 -48.4444
4408 40.7244 -41.1144
4409 61.7244 -59.0944
4410 54.7244 -48.0844
4411 49.7244 -56.5844
4412 63.7244 -45.4044
4413 47.7244 -47.4744
4414 53.7244 -70.0944
4415 72.7244 -48.5944
4416 53.7244 -68.0844
4417 49.7244 -42.5544
4418 61.7244 -47.9744
4419 52.7244 -56.3044
4420 57.7244 -62.5244
4421 51.7244 -47.8044
4422 59.7244 -52.0644
4423 69.7244 -48.5044
4424 41.7244 -48.1344
4425 55.7244 -69.8044
4426 69.7244 -43.2744
4427 41.7244 -65.3444
4428 48.7244 -69.5744
4429 42.7244 -42.9044
4430 49.7244 -65.8144
4431 57.7244 -69.5144
4432 49.7244 -48.0544
4433 52.7244 -47.1544
4434 41.7244 -44.9244
4435 52.7244 -48.2344
4436 56.7244 -46.8344
4437 46.7244 -49.6544
4438 58.7244 -48.6444
4439 57.7244 -64.4244
4440 56.7244 -48.1144
4441 40.7244 -57.3544
4442 63.7244 -56.4944
4443 40.7244 -50.9344
4444 50.7244 -47.3444
4445 56.7244 -45.5744
4446 42.7244 -44.6844
4447 44.7244 -60.9444
4448 64.7244 -41.5144
4449 44.7244 -54.1544
4450 48.7244 -64.9144
4451 47.7244 -46.2444
4452 42.7244 -45.7844
4453 64.7244 -60.9944
4454 52.7244 -53.9344
4455 43.7244 -71.0444
4456 47.7244 -63.5244
4457 47.7244 -58.8244
4458 45.7244 -42.4444
4459 66.7244 -60.9244
4460 47.7244 -73.4744
4461 40.7244 -52.3444
4462 48.7244 -66.4644
4463 56.7244 -54.2544
4464 60.7244 -60.7444
4465 63.7244 -53.2844
4466 40.7244 -59.1544
4467 56.7244 -61.7644
4468 47.7244 -56.3044
4469 57.7244 -56.7244
4470 54.7244 -64.0544
4471 53.7244 -69.1544
4472 64.7244 -56.5144
4473 56.7244 -60.9544
4474 65.7244 -56.0944
4475 48.7244 -42.6244
4476 56.7244 -46.2544
4477 45.7244 -61.0744
4478 52.7244 -52.1344
4479 60.7244 -50.0844
4480 46.7244 -60.6144
4481 63.7244 -55.8844
4482 44.7244 -60.2544
4483 43.7244 -49.0644
4484 54.7244 -48.2844
4485 67.7244 -54.6744
4486 48.7244 -51.9144
4487 53.7244 -70.2744
4488 66.7244 -41.1644
4489 65.7244 -47.2644
4490 42.7244 -66.4644
4491 54.7244 -44.6944
4492 47.7244 -59.7344
4493 46.7244 -47.8244
4494 47.7244 -72.9744
4495 54.7244 -45.0944
4496 40.7244 -52.6344
4497 55.7244 -41.7144
4498 49.7244 -71.5044
4499 52.7244 -49.8044
4500 45.7244 -45.4044
4501 55.7244 -55.4744
4502 52.7244 -57.6744
4503 49.7244 -52.1144
4504 62.7244 -46.8244
4505 57.7244 -53.4944
4506 72.7244 -42.1444
4507 46.7244 -44.4044
4508 59.7244 -52.3144
4509 62.7244 -51.0944
4510 42.7244 -65.4944
4511 42.7244 -43.7144
4512 45.7244 -43.5144
4513 45.7244 -42.8444
4514 72.7244 -44.5644
4515 41.7244 -66.1544
4516 60.7244 -58.4944
4517 54.7244 -66.1644
4518 49.7244 -61.2244
4519 40.7244 -69.3944
4520 62.7244 -63.0144
4521 59.7244 -44.7244
4522 55.7244 -50.9144
4523 64.7244 -49.9044
4524 41.7244 -41.1944
4525 61.7244 -49.8744
4526 56.7244 -52.5344
4527 44.7244 -69.6444
4528 43.7244 -63.8944
4529 40.7244 -52.9444
4530 61.7244 -44.0144
4531 43.7244 -58.3044
4532 55.7244 -47.0844
4533 46.7244 -62.0644
4534 45.7244 -41.1044
4535 59.7244 -67.2244
4536 61.7244 -44.1844
4537 52.7244 -44.1444
4538 69.7244 -42.9144
4539 42.7244 -57.2044
4540 55.7244 -42.3944
4541 72.7244 -48.6644
4542 51.7244 -44.0644
4543 55.7244 -58.3644
4544 49.7244 -48.6744
4545 51.7244 -52.7744
4546 55.7244 -54.7644
4547 46.7244 -49.5944
4548 68.7244 -48.9044
4549 58.7244 -49.5144
4550 56.7244 -57.9544
4551 64.7244 -45.4744
4552 48.7244 -65.0444
4553 47.7244 -72.1144
4554 45.7244 -52.0144
4555 40.7244 -71.9444
4556 68.7244 -58.2744
4557 57.7244 -47.2044
4558 41.7244 -51.2744
4559 56.7244 -61.6544
4560 53.7244 -42.7544
4561 46.7244 -70.0344
4562 48.7244 -71.8644
4563 63.7244 -62.2344
4564 59.7244 -61.1144
4565 42.7244 -69.1244
4566 51.7244 -47.3644
4567 46.7244 -56.0944
4568 70.7244 -52.5644
4569 63.7244 -43.2444
4570 58.7244 -59.8844
4571 61.7244 -41.8544
4572 62.7244 -58.1644
4573 57.7244 -66.8444
4574 40.7244 -61.5044
4575 72.7244 -46.7844
4576 67.7244 -56.2944
4577 46.7244 -48.6444
4578 51.7244 -62.2744
4579 43.7244 -63.8044
4580 42.7244 -66.5044
4581 71.7244 -48.3344
4582 71.7244 -42.4044
4583 72.7244 -46.6244
4584 54.7244 -58.9944
4585 67.7244 -51.9044
4586 50.7244 -64.4244
4587 49.7244 -59.9044
4588 54.7244 -60.1744
4589 60.7244 -40.8944
4590 64.7244 -49.1244
4591 64.7244 -58.2844
4592 58.7244 -58.8444
4593 56.7244 -48.9744
4594 64.7244 -53.1544
4595 64.7244 -53.3844
4596 61.7244 -59.5744
4597 47.7244 -63.3544
4598 65.7244 -43.9844
4599 51.7244 -65.7844
4600 66.7244 -54.2144
4601 43.7244 -43.7244
4602 56.7244 -40.7944
4603 40.7244 -67.0944
4604 44.7244 -54.7644
4605 49.7244 -50.9944
4606 43.7244 -59.5444
4607 49.7244 -57.1844
4608 71.7244 -47.5544
4609 54.7244 -43.8644
4610 48.7244 -62.2844
4611 57.7244 -45.2044
4612 68.7244 -58.3144
4613 54.7244 -69.1944
4614 67.7244 -41.4244
4615 63.7244 -64.1444
4616 68.7244 -55.5344
4617 61.7244 -59.1444
4618 44.7244 -43.8844
4619 48.7244 -42.6544
4620 45.7244 -52.0944
4621 40.7244 -61.9044
4622 56.7244 -61.2844
4623 65.7244 -43.3844
4624 71.7244 -46.6044
4625 41.7244 -60.9144
4626 50.7244 -47.3644
4627 40.7244 -72.1044
4628 45.7244 -71.5544
4629 62.7244 -52.3344
4630 44.7244 -41.1544
4631 58.7244 -59.4844
4632 44.7244 -43.7444
4633 50.7244 -63.3844
4634 64.7244 -58.2144
4635 54.7244 -49.6344
4636 72.7244 -48.0844
4637 40.7244 -62.3044
4638 60.7244 -44.9844
4639 64.7244 -47.0944
4640 69.7244 -51.8044
4641 64.7244 -53.8244
4642 48.7244 -63.4744
4643 46.7244 -71.2044
4644 44.7244 -61.1144
4645 50.7244 -60.8844
4646 43.7244 -52.8844
4647 48.7244 -52.3144
4648 71.7244 -49.3544
4649 51.7244 -71.6144
4650 71.7244 -44.6144
4651 57.7244 -68.7644
4652 43.7244 -48.1444
4653 48.7244 -40.9444
4654 47.7244 -68.1144
4655 48.7244 -65.0644
4656 63.7244 -46.3944
4657 43.7244 -46.9644
4658 62.7244 -50.6944
4659 47.7244 -58.7844
4660 42.7244 -72.5744
4661 72.7244 -47.4344
4662 50.7244 -68.3944
4663 49.7244 -56.9644
4664 62.7244 -55.8044
4665 70.7244 -54.6844
4666 52.7244 -49.1744
4667 55.7244 -62.9844
4668 70.7244 -51.8644
4669 34.7244 -68.7944
4670 21.7244 -59.3244
4671 37.7244 -58.2944
4672 30.7244 -43.1044
4673 35.7244 -68.4344
4674 24.7244 -59.7744
4675 19.7244 -64.9644
4676 13.7244 -43.2344
4677 19.7244 -59.6744
4678 16.7244 -52.4944
4679 29.7244 -61.2644
4680 24.7244 -60.0844
4681 11.7244 -42.5844
4682 17.7244 -61.7444
4683 33.7244 -70.9344
4684 10.7244 -50.8644
4685 19.7244 -64.9844
4686 15.7244 -61.4244
4687 17.7244 -61.7444
4688 11.7244 -54.3644
4689 8.72441 -47.2044
4690 35.7244 -52.7844
4691 12.7244 -58.3544
4692 36.7244 -68.9144
4693 39.7244 -54.5344
4694 31.7244 -47.0644
4695 34.7244 -64.0644
4696 21.7244 -51.0944
4697 25.7244 -55.7644
4698 29.7244 -57.0944
4699 16.7244 -50.8344
4700 40.7244 -45.7944
4701 19.7244 -44.0244
4702 39.7244 -64.9244
4703 16.7244 -56.1444
4704 36.7244 -67.3444
4705 33.7244 -71.8144
4706 33.7244 -59.8644
4707 36.7244 -73.5044
4708 26.7244 -63.0744
4709 34.7244 -47.5344
4710 25.7244 -65.1844
4711 30.7244 -59.1544
4712 30.7244 -49.1244
4713 35.7244 -48.5044
4714 27.7244 -52.5044
4715 14.7244 -43.0544
4716 34.7244 -60.9944
4717 35.7244 -60.9044
4718 16.7244 -54.1944
4719 39.7244 -66.0844
4720 22.7244 -42.7444
4721 37.7244 -55.5044
4722 34.7244 -44.4244
4723 38.7244 -57.7344
4724 29.7244 -56.4044
4725 35.7244 -68.0244
4726 23.7244 -68.7444
4727 16.7244 -56.7444
4728 34.7244 -62.4644
4729 26.7244 -57.9644
4730 17.7244 -47.9444
4731 8.72441 -47.1344
4732 20.7244 -66.9644
4733 39.7244 -47.7444
4734 9.72441 -47.4444
4735 36.7244 -56.0544
4736 33.7244 -43.0844
4737 34.7244 -43.1544
4738 29.7244 -51.4344
4739 10.7244 -41.4044
4740 25.7244 -42.5144
4741 28.7244 -49.8244
4742 24.7244 -68.9744
4743 14.7244 -59.5244
4744 10.7244 -54.1644
4745 35.7244 -57.7544
4746 29.7244 -65.3744
4747 26.7244 -49.4144
4748 34.7244 -67.2744
4749 35.7244 -63.8544
4750 26.7244 -53.3344
4751 24.7244 -54.2644
4752 29.7244 -70.8544
4753 39.7244 -53.8144
4754 14.7244 -55.6544
4755 33.7244 -55.0044
4756 8.72441 -45.0044
4757 35.7244 -61.3144
4758 22.7244 -52.7444
4759 40.7244 -51.7644
4760 39.7244 -50.6844
4761 40.7244 -54.3744
4762 32.7244 -51.2744
4763 34.7244 -65.2744
4764 12.7244 -58.2944
4765 24.7244 -41.1444
4766 21.7244 -64.9044
4767 11.7244 -49.4144
4768 23.7244 -69.1744
4769 23.7244 -42.3944
4770 15.7244 -61.3144
4771 23.7244 -62.3644
4772 31.7244 -70.0944
4773 38.7244 -56.1744
4774 22.7244 -67.3844
4775 32.7244 -60.6244
4776 36.7244 -66.8544
4777 10.7244 -41.0044
4778 19.7244 -53.6644
4779 14.7244 -55.5644
4780 27.7244 -43.7544
4781 17.7244 -44.9444
4782 36.7244 -64.9944
4783 13.7244 -55.7644
4784 25.7244 -42.9744
4785 11.7244 -43.3544
4786 39.7244 -48.4344
4787 11.7244 -55.4944
4788 39.7244 -63.7844
4789 40.7244 -73.2444
4790 10.7244 -44.0044
4791 37.7244 -54.5944
4792 27.7244 -48.7344
4793 28.7244 -66.3544
4794 38.7244 -41.7444
4795 27.7244 -58.2344
4796 30.7244 -51.9744
4797 27.7244 -46.5044
4798 21.7244 -55.4144
4799 9.72441 -41.4944
4800 23.7244 -41.7844
4801 35.7244 -59.0344
4802 35.7244 -49.9644
4803 18.7244 -41.5744
4804 11.7244 -51.5944
4805 18.7244 -43.2744
4806 13.7244 -55.5544
4807 14.7244 -60.8144
4808 16.7244 -63.3444
4809 36.7244 -49.5644
4810 33.7244 -51.4344
4811 31.7244 -44.4244
4812 25.7244 -69.8544
4813 12.7244 -50.2544
4814 11.7244 -54.5544
4815 8.72441 -41.0044
4816 21.7244 -53.4744
4817 14.7244 -44.3844
4818 37.7244 -50.4444
4819 11.7244 -49.0144
4820 37.7244 -65.6544
4821 18.7244 -51.9944
4822 31.7244 -60.5244
4823 8.72441 -41.3844
4824 24.7244 -53.8544
4825 14.7244 -44.3144
4826 23.7244 -59.1044
4827 34.7244 -52.5744
4828 18.7244 -56.5544
4829 10.7244 -41.5744
4830 13.7244 -46.9344
4831 13.7244 -42.2844
4832 10.7244 -40.9744
4833 37.7244 -58.1944
4834 39.7244 -61.5044
4835 11.7244 -42.3344
4836 24.7244 -55.3844
4837 11.7244 -48.2544
4838 9.72441 -41.0144
4839 15.7244 -51.6444
4840 9.72441 -46.9344
4841 35.7244 -42.5044
4842 25.7244 -48.0644
4843 29.7244 -65.3444
4844 28.7244 -49.2744
4845 22.7244 -55.0744
4846 9.72441 -40.8544
4847 24.7244 -49.4944
4848 9.72441 -42.9044
4849 15.7244 -56.6444
4850 23.7244 -54.2544
4851 9.72441 -46.4444
4852 36.7244 -55.1844
4853 17.7244 -46.4144
4854 17.7244 -60.2044
4855 25.7244 -48.4144
4856 12.7244 -58.3844
4857 40.7244 -51.0544
4858 11.7244 -51.3644
4859 27.7244 -50.9344
4860 25.7244 -61.1944
4861 30.7244 -47.7144
4862 31.7244 -59.7244
4863 35.7244 -58.2744
4864 28.7244 -57.7344
4865 37.7244 -51.9044
4866 23.7244 -43.2544
4867 12.7244 -51.5044
4868 13.7244 -55.4444
4869 16.7244 -57.9944
4870 10.7244 -51.3344
4871 38.7244 -68.6744
4872 16.7244 -49.6944
4873 40.7244 -42.5544
4874 31.7244 -48.4844
4875 16.7244 -44.5644
4876 30.7244 -52.8544
4877 40.7244 -71.6044
4878 15.7244 -42.3244
4879 15.7244 -54.0744
4880 36.7244 -58.1544
4881 9.72441 -50.3944
4882 12.7244 -43.7244
4883 32.7244 -57.2044
4884 32.7244 -65.6944
4885 35.7244 -64.1844
4886 38.7244 -70.4944
4887 14.7244 -59.6244
4888 33.7244 -43.9344
4889 30.7244 -65.6344
4890 35.7244 -58.5444
4891 37.7244 -48.4644
4892 40.7244 -52.3044
4893 8.72441 -47.3244
4894 31.7244 -63.3044
4895 13.7244 -52.0344
4896 21.7244 -47.7644
4897 9.72441 -48.2144
4898 27.7244 -63.2044
4899 40.7244 -65.0244
4900 36.7244 -67.5044
4901 18.7244 -56.8044
4902 30.7244 -66.9344
4903 10.7244 -45.5744
4904 36.7244 -72.4744
4905 11.7244 -50.6444
4906 33.7244 -55.2344
4907 20.7244 -41.2444
4908 40.7244 -61.0544
4909 10.7244 -42.5244
4910 30.7244 -64.3544
4911 21.7244 -53.1644
4912 29.7244 -44.8644
4913 34.7244 -54.4944
4914 18.7244 -54.6744
4915 28.7244 -55.3244
4916 29.7244 -47.5944
4917 9.72441 -50.0444
4918 28.7244 -64.9044
4919 39.7244 -52.7444
4920 39.7244 -57.1744
4921 18.7244 -49.7544
4922 15.7244 -58.8544
4923 26.7244 -56.8244
4924 13.7244 -45.4444
4925 39.7244 -70.1344
4926 8.72441 -40.7744
4927 40.7244 -42.8044
4928 37.7244 -50.0344
4929 39.7244 -45.5944
4930 29.7244 -55.1644
4931 24.7244 -65.2444
4932 30.7244 -44.9244
4933 33.7244 -69.6344
4934 34.7244 -41.7844
4935 8.72441 -41.0844
4936 40.7244 -55.1244
4937 26.7244 -63.2444
4938 11.7244 -42.7244
4939 23.7244 -65.2844
4940 36.7244 -69.2844
4941 14.7244 -43.8444
4942 37.7244 -63.0744
4943 29.7244 -49.0944
4944 11.7244 -42.2944
4945 11.7244 -52.6944
4946 19.7244 -51.4844
4947 11.7244 -43.5644
4948 16.7244 -41.0944
4949 24.7244 -44.5844
4950 32.7244 -61.4544
4951 37.7244 -50.7144
4952 38.7244 -57.3944
4953 38.7244 -46.9544
4954 28.7244 -61.3744
4955 22.7244 -45.1544
4956 38.7244 -73.5044
4957 22.7244 -43.5844
4958 40.7244 -54.5244
4959 32.7244 -64.5644
4960 33.7244 -44.7244
4961 35.7244 -44.6344
4962 27.7244 -46.5444
4963 15.7244 -42.9644
4964 38.7244 -72.7944
4965 40.7244 -51.3944
4966 20.7244 -42.6244
4967 22.7244 -47.2244
4968 22.7244 -61.4144
4969 23.7244 -55.4844
4970 36.7244 -68.7744
4971 31.7244 -57.3144
4972 31.7244 -66.9944
4973 31.7244 -42.7344
4974 20.7244 -54.4544
4975 33.7244 -67.7044
4976 20.7244 -65.9044
4977 22.7244 -44.2644
4978 31.7244 -42.9344
4979 37.7244 -61.9544
4980 27.7244 -44.1844
4981 20.7244 -64.3744
4982 38.7244 -52.3244
4983 21.7244 -50.1744
4984 17.7244 -47.1344
4985 29.7244 -63.9144
4986 38.7244 -68.6444
4987 9.72441 -50.0644
4988 29.7244 -45.0044
4989 20.7244 -53.0444
4990 19.7244 -61.4444
4991 21.7244 -66.5144
4992 38.7244 -67.4744
4993 33.7244 -43.1444
4994 29.7244 -71.4144
4995 20.7244 -48.0244
4996 31.7244 -42.8444
4997 20.7244 -61.2344
4998 31.7244 -55.8344
4999 13.7244 -52.7844
5000 33.7244 -57.9344
5001 15.7244 -55.2244
5002 17.7244 -46.2844
5003 23.7244 -61.6144
5004 14.7244 -46.4344
5005 12.7244 -41.6144
5006 11.7244 -49.2744
5007 19.7244 -65.5744
5008 25.7244 -53.3144
5009 35.7244 -72.0044
5010 39.7244 -69.6944
5011 27.7244 -62.1544
5012 10.7244 -44.7744
5013 21.7244 -46.5744
5014 35.7244 -72.1844
5015 36.7244 -47.4444
5016 24.7244 -40.9344
5017 20.7244 -51.5644
5018 23.7244 -60.8344
5019 36.7244 -50.3744
5020 31.7244 -60.6744
5021 20.7244 -56.5044
5022 28.7244 -64.9944
5023 9.72441 -43.0644
5024 8.72441 -44.6744
5025 24.7244 -41.3844
5026 13.7244 -52.9644
5027 32.7244 -67.2944
5028 11.7244 -50.3144
5029 11.7244 -55.2244
5030 37.7244 -54.5844
5031 28.7244 -41.4444
5032 12.7244 -54.6944
5033 16.7244 -56.0844
5034 36.7244 -71.0344
5035 24.7244 -55.1644
5036 15.7244 -62.3244
5037 28.7244 -46.5344
5038 30.7244 -72.1444
5039 13.7244 -57.5044
5040 30.7244 -48.0144
5041 32.7244 -67.5844
5042 36.7244 -66.3044
5043 15.7244 -41.5944
5044 31.7244 -51.1144
5045 8.72441 -48.4744
5046 21.7244 -59.3144
5047 10.7244 -49.5744
5048 31.7244 -44.2844
5049 19.7244 -44.4244
5050 28.7244 -71.5144
5051 20.7244 -43.4244
5052 33.7244 -66.1244
5053 37.7244 -59.0244
5054 34.7244 -52.9144
5055 17.7244 -52.9744
5056 34.7244 -49.2944
5057 22.7244 -47.7844
5058 26.7244 -41.2744
5059 32.7244 -42.0844
5060 11.7244 -51.5444
5061 8.72441 -44.4444
5062 22.7244 -56.8344
5063 15.7244 -41.7444
5064 26.7244 -63.0644
5065 37.7244 -73.3144
5066 26.7244 -59.1044
5067 12.7244 -55.7644
5068 19.7244 -66.0444
5069 40.7244 -68.3844
5070 13.7244 -54.1944
5071 30.7244 -62.2844
5072 18.7244 -55.2644
5073 32.7244 -63.4344
5074 38.7244 -64.3144
5075 15.7244 -61.8044
5076 19.7244 -55.4344
5077 32.7244 -45.0644
