%%index real_part   imaginary_part
3536 3536 3536
1 18.42 20.78
2 8.64 4.91
3 20.83 10.51
4 7.07 8.6
5 15.94 13.54
6 15.66 12.84
7 9.78 4.36
8 2.81 9.62
9 22.97 16.55
10 5.12 7.62
11 18.77 17.34
12 13.75 1.44
13 11.99 17.05
14 3.26 1.47
15 8.97 1.58
16 22.37 6.72
17 22.16 4.39
18 2.42 18.53
19 4.13 19.99
20 21.06 9.5
21 22.34 7.59
22 22.47 13.72
23 0.35 19.64
24 0.71 2.29
25 9.91 10.84
26 15.71 5.84
27 17.8 16.2
28 20.78 6.46
29 18.45 17.31
30 18.9 11.56
31 5.8 4.42
32 19.33 18.27
33 13.8 4.96
34 1.96 21.76
35 8.26 5.46
36 13.05 10.54
37 11.78 18.12
38 14.77 0.05
39 2.34 22.65
40 10.5 15.48
41 8.84 22.77
42 3.5 3.21
43 20.19 14.17
44 8.48 1.28
45 12.84 15.65
46 20.07 4.38
47 10.17 18.64
48 0.61 3.93
49 2.69 0.98
50 16.96 13.09
51 0.63 21.47
52 16.59 17.53
53 17.58 12.41
54 12.07 18.88
55 21.89 7.44
56 7.22 10.09
57 0.82 7.73
58 21.9 21.24
59 22.52 21.01
60 13.66 17.91
61 22.29 22.88
62 18.52 21.26
63 2.19 9.47
64 20.97 6.65
65 7.26 15.4
66 13.87 14.93
67 9.46 7.89
68 7.83 7.46
69 13.87 4.05
70 22.01 7.42
71 5.03 12.76
72 20.49 6.23
73 4.47 5.85
74 3.86 6.92
75 1.83 14.51
76 14.39 5.05
77 13.83 11.64
78 8.63 20.44
79 4.09 16.02
80 18.94 17.12
81 9.05 21.88
82 6.77 9.81
83 4.79 6.04
84 20.61 2.12
85 20.06 18.66
86 8.42 19.62
87 13.38 12.61
88 18.46 16.44
89 10.88 5.37
90 7.41 9.85
91 2.42 12.71
92 11.87 21.8
93 19.24 16.25
94 19.79 8.03
95 2.15 10.86
96 9.74 15.73
97 13.06 21.73
98 4.77 4.03
99 16.68 5.37
100 1.04 12.9
101 20.04 1.26
102 13.88 19.98
103 0.94 10.42
104 3.32 19.86
105 17.23 11.82
106 12.05 10.73
107 9.53 19.65
108 0.42 0.93
109 8.96 16.3
110 14.68 7.73
111 10.98 21.63
112 20.36 11.94
113 3.49 1.04
114 6.42 2.13
115 2.55 7.69
116 8.96 17.98
117 2.48 22.6
118 10.02 10.36
119 17.74 3.43
120 2.77 0.86
121 11.59 11.98
122 19.15 14.83
123 3.28 8.65
124 1.95 7.1
125 14.83 22.76
126 21.39 4.15
127 3.61 2.82
128 3.86 18.76
129 8.41 7.1
130 14.8 20.8
131 3.3 10.97
132 10.57 11.28
133 21.64 16.31
134 7.26 8.11
135 8.98 16.38
136 15.88 10.03
137 1.86 8.09
138 16.74 22.56
139 6.66 15.66
140 15.42 6.21
141 10.36 21.49
142 11.83 1.34
143 20.1 13.97
144 8.6 3.22
145 1.02 16.03
146 4 0.4
147 11.68 14.85
148 8.16 2.09
149 10.21 20.84
150 1.74 2.94
151 12.97 6.71
152 14.8 17.63
153 4.71 2.36
154 18.02 -8.55
155 14.76 -11.37
156 20.38 -20.97
157 22.31 -12.65
158 14.14 -9.22
159 12.44 -6.93
160 22.96 -22.74
161 10.66 -0.98
162 3.35 -14.49
163 16.58 -22.34
164 7.7 -22.03
165 1.97 -14.31
166 21.02 -9.45
167 14.6 -14.95
168 4.83 -0.35
169 8.9 -19.31
170 18.2 -22.85
171 8.34 -11.18
172 11.35 -15.58
173 1.8 -18.17
174 12.62 -2.5
175 12.76 -1.76
176 2.75 -12.59
177 4.08 -0.43
178 22.77 -6.1
179 5.14 -8.18
180 22.5 -7.48
181 4.45 -17.63
182 9.58 -8.04
183 8.39 -19.05
184 2.88 -14.41
185 1.79 -4.81
186 3.52 -21.08
187 13.66 -20.65
188 15.83 -14.87
189 4.89 -2.99
190 15.27 -15.97
191 5.56 -17.66
192 18.09 -18.02
193 11.65 -20.16
194 15.87 -5.38
195 0.38 -4.31
196 21.94 -15.37
197 0.41 -4.83
198 11.4 -19.05
199 20.98 -19.33
200 1.14 -14.28
201 22.88 -22.77
202 7.95 -4.66
203 7.06 -1.07
204 14.58 -11.3
205 4.27 -11.95
206 6.61 -6.85
207 12.4 -9.84
208 17.52 -1.7
209 17.61 -1.05
210 15.88 -10.39
211 13.28 -17.99
212 22.83 -2.34
213 21.39 -1.22
214 20.55 -21.75
215 0.56 -19.38
216 6.67 -9.21
217 1.4 -0.44
218 1.51 -2.14
219 13.44 -8.46
220 7.93 -3.61
221 10.47 -17.72
222 15.08 -14.55
223 3.77 -22.87
224 11.44 -20.12
225 7.52 -21.38
226 3.9 -4.32
227 6.66 -8.32
228 9.54 -14.25
229 13 -15.58
230 22.48 -7.09
231 3.83 -13.56
232 1.53 -16.67
233 18.82 -5.23
234 1.21 -13.56
235 17.18 -9.26
236 14.5 -9.14
237 0.69 -4.65
238 15.04 -6.58
239 14.23 -14.99
240 0.89 -3.48
241 7.8 -21.75
242 7.07 -4.79
243 19.04 -1.98
244 17.56 -4.14
245 11.23 -19.57
246 10.13 -4.56
247 21.24 -15.06
248 7.81 -22.18
249 12.75 -17.06
250 13.84 -9.02
251 18.17 -17.45
252 9.62 -15.87
253 9.97 -6.38
254 8.89 -1.66
255 5.14 -1.2
256 10.47 -9.79
257 2.1 -0.46
258 2.44 -5.07
259 9.21 -8.67
260 5.24 -7.53
261 12.09 -7.96
262 10.55 -2.89
263 2.08 -20.85
264 2.43 -18.36
265 4.39 -2.35
266 19.8 -16.28
267 19.67 -10.08
268 3.98 -16.94
269 18.6 -6.64
270 7.85 -12.88
271 10.19 -0.74
272 11.72 -18.32
273 0.39 -22.81
274 8.48 -1.68
275 9.21 -9.6
276 17.57 -13.72
277 16.62 -8.83
278 6.68 -5.12
279 11 -6.22
280 19.09 -9.12
281 12.92 -2.91
282 12.99 -15.89
283 20.35 -9.59
284 16.23 -4.5
285 4.9 -15.95
286 4.21 -11.6
287 6.93 -15.09
288 14.9 -15.93
289 17.61 -17.84
290 14.97 -0.39
291 1.63 -14.35
292 0.18 -9.54
293 2.18 -5.77
294 11.99 -17.38
295 14.02 -13.18
296 16.1 -8.08
297 11.49 -3.94
298 1.05 -16.61
299 21.11 -8.84
300 12.31 -4.81
301 16.41 -13.53
302 5.62 -16.52
303 19.97 -10.86
304 16.23 -8.05
305 18.96 -2.11
306 16.46 -8.2
307 -5.26 -20.59
308 -3.37 -4.16
309 -21.54 -7.44
310 -8.14 -15.36
311 -10.97 -0.09
312 -4.03 -11.76
313 -15.9 -9.98
314 -18.83 -15.61
315 -7.94 -1.53
316 -15.07 -8.14
317 -12.19 -1.35
318 -22.74 -8.21
319 -16.26 -9.16
320 -21.79 -3.49
321 -11.69 -12.22
322 -9.82 -15.25
323 -6.93 -16.95
324 -11.91 -0.71
325 -3.59 -16
326 -16.09 -7.57
327 -19.34 -14.56
328 -1.55 -7.64
329 -0.25 -22.76
330 -1.29 -7.9
331 -3.56 -8.19
332 -20.07 -16.36
333 -1.58 -15.75
334 -12.44 -7.33
335 -10.82 -5.36
336 -17.59 -11.23
337 -14.01 -22.51
338 -3.98 -14.93
339 -3.16 -20.94
340 -13.94 -3.41
341 -10.98 -6.75
342 -8.84 -7.03
343 -14.68 -17.84
344 -17.6 -20.91
345 -5.81 -2.45
346 -21.17 -18.9
347 -22.78 -19.89
348 -0.17 -18.24
349 -13.09 -11.88
350 -17.25 -12.61
351 -11.36 -0.91
352 -10.94 -22.36
353 -14.29 -2.37
354 -10.84 -2.44
355 -5.85 -17.45
356 -11.72 -12.3
357 -19.34 -16.83
358 -22.2 -20.56
359 -18.47 -21.54
360 -11.51 -16.8
361 -0.22 -11.8
362 -19.22 -9.68
363 -15.44 -10.53
364 -22.41 -19.39
365 -19.52 -5.53
366 -16.96 -4.18
367 -3.54 -7.88
368 -20.78 -4.9
369 -7.34 -5.35
370 -10.32 -19.14
371 -8.44 -0.71
372 -5.07 -22.05
373 -7.13 -4.78
374 -13.84 -4.27
375 -8.59 -13.13
376 -1.93 -2.36
377 -12.04 -19.34
378 -6.87 -21.15
379 -5.06 -4.49
380 -20.54 -6.28
381 -10.47 -1.58
382 -9.47 -14.51
383 -19.41 -1.53
384 -6.89 -17.77
385 -13.91 -14.28
386 -2.51 -17.21
387 -16.26 -22.35
388 -14.66 -7.58
389 -22.37 -0.4
390 -13.53 -16.02
391 -18.38 -7.97
392 -4.31 -2.98
393 -11.66 -17.95
394 -9.96 -21.7
395 -15.5 -16.72
396 -18.31 -18.02
397 -9.53 -13.49
398 -15.03 -15.3
399 -10.07 -16.47
400 -18.27 -21.92
401 -16.13 -11.5
402 -10.85 -20.78
403 -15.89 -19.92
404 -7.84 -13.03
405 -6.06 -15.26
406 -10.75 -21.37
407 -11.87 -11.96
408 -17.43 -2.58
409 -1.28 -0.53
410 -4.78 -14.91
411 -9.94 -16.79
412 -7.28 -0.09
413 -15.39 -19.47
414 -0.46 -22.31
415 -8.75 -12.98
416 -1.48 -18.73
417 -4.04 -1.89
418 -9.33 -22.85
419 -0.41 -19.93
420 -12.19 -17.17
421 -15.54 -16.99
422 -16.47 -10.47
423 -13.05 -14.93
424 -2.99 -10.91
425 -2.82 -1.86
426 -18.65 -7.77
427 -18.38 -0.28
428 -7.28 -13.45
429 -0.29 -10.77
430 -11.27 -7.74
431 -3.48 -9.04
432 -21.45 -0.27
433 -10.64 -7.52
434 -14.97 -7.78
435 -1.95 -21.57
436 -15.56 -14.68
437 -2.15 -5.01
438 -7.47 -9.04
439 -7.47 -2.73
440 -4.59 -10.46
441 -18.23 -20.81
442 -21.1 -10.76
443 -11.73 -13.61
444 -11.9 -5.38
445 -0.64 -12.02
446 -8.59 -10.69
447 -10.96 -4.12
448 -22.16 -7.04
449 -2.35 -9.12
450 -7.7 -14.13
451 -16.34 -14.82
452 -19.84 -10.78
453 -19.82 -18.49
454 -8.74 -4.31
455 -2.29 -14.81
456 -12.63 -13.33
457 -11.61 -20.52
458 -21.65 -10.73
459 -3.63 -0.35
460 -12.37 10.55
461 -8.76 14.79
462 -18.92 8.48
463 -15.53 7.24
464 -16.36 5.6
465 -7.26 5.4
466 -20.22 11.58
467 -22.37 0.6
468 -6.61 4.58
469 -19.41 6.71
470 -21.53 15.36
471 -16.21 21.7
472 -19.22 11.16
473 -9.41 4.83
474 -5.18 5.39
475 -3.46 0.56
476 -15.35 5.07
477 -13.56 12.22
478 -19.46 21.79
479 -14.92 16.61
480 -22.01 0.35
481 -11.93 9.7
482 -10.3 6.75
483 -11.34 21.82
484 -5.54 4.43
485 -19.79 7.75
486 -16.98 14.59
487 -13.27 0.53
488 -5.36 13.2
489 -6.12 10.2
490 -10.76 10.54
491 -3.13 9.58
492 -9.33 13.63
493 -12.43 16.69
494 -20.82 5.79
495 -6.14 14.87
496 -1.57 7.35
497 -14.11 5.6
498 -14.94 22.39
499 -3.82 12.97
500 -8.24 20.48
501 -22.59 11.14
502 -11.67 2.22
503 -2.95 12.86
504 -0.06 17.03
505 -15.09 9.07
506 -6.17 21.34
507 -11.98 18.22
508 -22.44 15.5
509 -21.3 11.93
510 -3.8 7.78
511 -15.14 14.96
512 -8.08 15.89
513 -15.28 16.77
514 -17.26 0.03
515 -8.03 6.62
516 -17.76 2.5
517 -15.25 7.63
518 -8.01 6.43
519 -10.98 18.2
520 -14.79 18.6
521 -16.94 13.59
522 -8.82 20.96
523 -0.99 16.44
524 -5.37 18.78
525 -3.56 22.29
526 -1.77 19.69
527 -0.1 6.22
528 -10.51 20.38
529 -7.93 15.38
530 -22.01 4.77
531 -7.28 15.96
532 -11.11 4.29
533 -21.25 10.05
534 -15.77 6.65
535 -2.25 9.23
536 -22.83 7.56
537 -16.04 19.19
538 -12.64 19.17
539 -2.47 17.03
540 -3.84 5.53
541 -12.75 16.55
542 -22.78 16.14
543 -13.52 12.85
544 -5.24 10.29
545 -2.59 8.97
546 -12.45 14.77
547 -6.58 20.39
548 -7.44 11.09
549 -17.74 4.83
550 -14.07 0.21
551 -18.29 7.51
552 -3.7 1.42
553 -8.11 11.33
554 -5.37 3.86
555 -19.92 21.1
556 -14.65 19.73
557 -12.87 9.67
558 -10.04 1.95
559 -22.77 13.91
560 -10.4 2.8
561 -17.57 2.36
562 -22.75 22.86
563 -10.95 1.16
564 -16.51 17.71
565 -17.92 16.21
566 -0.72 18.1
567 -7.04 13.21
568 -12.06 14.94
569 -6.33 15.15
570 -0.77 4.95
571 -1.69 3.25
572 -0.44 15.43
573 -4.9 2.08
574 -3.52 10.48
575 -13.29 15.19
576 -17.55 13.92
577 -13.78 18.38
578 -7.06 4.82
579 -22.53 12.25
580 -5.46 0.58
581 -18.68 4.97
582 -18.18 6.18
583 -21.13 2.73
584 -5.4 7.25
585 -12.2 4.46
586 -18.23 6.18
587 -9.13 1.41
588 -3.5 18.67
589 -6.15 1.55
590 -16.75 7.02
591 -8.46 6.96
592 -12.87 21.82
593 -3.65 9.77
594 -22.02 19.93
595 -8.03 13.7
596 -18.68 4.49
597 -10.67 3.72
598 -16.97 1.38
599 -8.63 19.32
600 -0.78 9.89
601 -3.59 8.36
602 -9.77 19.01
603 -2.2 12.72
604 -1.8 0.79
605 -7.81 18.88
606 -2.84 18.55
607 -4.89 3.8
608 -13.57 15.71
609 -0.17 8.54
610 -9.77 12.59
611 -17.08 8.2
612 -22.44 5.45
613 -6.83 15.28
614 46.4789 -8.64891
615 54.4789 -7.12891
616 57.4789 -18.5189
617 43.4789 -19.3289
618 32.4789 8.96109
619 26.4789 -22.4289
620 36.4789 -11.4589
621 52.4789 -21.9089
622 30.4789 -7.34891
623 37.4789 4.50109
624 53.4789 -13.2189
625 54.4789 -23.4589
626 53.4789 -12.7589
627 42.4789 -9.33891
628 38.4789 -2.07891
629 38.4789 -17.9389
630 42.4789 -16.2589
631 32.4789 -15.8189
632 49.4789 -13.4189
633 52.4789 -3.12891
634 29.4789 -16.6789
635 35.4789 -17.2089
636 25.4789 11.8611
637 40.4789 -22.7089
638 38.4789 -5.96891
639 34.4789 4.81109
640 28.4789 -21.4589
641 46.4789 -17.8389
642 33.4789 3.82109
643 41.4789 5.34109
644 46.4789 -0.388905
645 47.4789 -2.53891
646 30.4789 -19.1789
647 47.4789 -11.4589
648 31.4789 1.45109
649 36.4789 -6.61891
650 36.4789 5.34109
651 36.4789 -15.8889
652 35.4789 7.02109
653 44.4789 -8.32891
654 29.4789 -2.83891
655 39.4789 -6.68891
656 58.4789 -15.6889
657 50.4789 -12.5489
658 49.4789 -15.2189
659 54.4789 -17.1489
660 46.4789 -12.3189
661 58.4789 -19.7689
662 57.4789 -18.0789
663 48.4789 -23.1389
664 44.4789 -3.85891
665 39.4789 -10.3689
666 47.4789 -22.1089
667 33.4789 -20.8789
668 47.4789 -17.4089
669 30.4789 -19.0589
670 31.4789 -15.2489
671 24.4789 8.43109
672 30.4789 9.21109
673 35.4789 -17.3089
674 42.4789 -10.3589
675 49.4789 -11.1389
676 47.4789 2.33109
677 40.4789 -15.2189
678 36.4789 -4.69891
679 47.4789 -13.4089
680 28.4789 -6.15891
681 53.4789 -11.1089
682 56.4789 -23.0789
683 33.4789 3.09109
684 23.4789 -1.70891
685 34.4789 4.24109
686 44.4789 -23.2289
687 34.4789 -11.8789
688 29.4789 7.51109
689 28.4789 -21.0689
690 50.4789 -22.6889
691 54.4789 -16.5689
692 43.4789 -15.1489
693 56.4789 -13.1389
694 58.4789 -22.7089
695 52.4789 -22.4389
696 48.4789 -7.84891
697 37.4789 -15.1689
698 30.4789 1.96109
699 27.4789 -10.4489
700 44.4789 -14.5589
701 34.4789 -15.6989
702 52.4789 -4.05891
703 53.4789 -17.8489
704 29.4789 -11.8089
705 27.4789 2.05109
706 33.4789 -22.1689
707 52.4789 -4.88891
708 47.4789 -22.3389
709 48.4789 0.801095
710 51.4789 -7.09891
711 31.4789 -6.94891
712 44.4789 -12.1789
713 23.4789 3.08109
714 49.4789 0.291095
715 39.4789 1.52109
716 24.4789 -7.56891
717 53.4789 -18.0989
718 33.4789 -10.7889
719 48.4789 -21.7189
720 27.4789 -16.9089
721 52.4789 -5.12891
722 27.4789 -17.6989
723 45.4789 0.0910946
724 32.4789 4.91109
725 56.4789 -22.6289
726 48.4789 -6.74891
727 37.4789 -3.17891
728 47.4789 -1.20891
729 41.4789 -13.1789
730 39.4789 -5.45891
731 45.4789 -13.7489
732 45.4789 -2.86891
733 30.4789 -19.1989
734 45.4789 -0.838905
735 51.4789 -21.7789
736 44.4789 -9.10891
737 24.4789 -20.3489
738 47.4789 -23.4489
739 57.4789 -14.3889
740 53.4789 -21.8889
741 37.4789 -3.24891
742 40.4789 1.88109
743 32.4789 -21.5889
744 46.4789 -11.0389
745 38.4789 3.19109
746 45.4789 -2.45891
747 23.4789 10.4411
748 38.4789 -10.9289
749 43.4789 -3.98891
750 42.4789 -22.1989
751 46.4789 0.961095
752 37.4789 -0.708905
753 33.4789 -10.1389
754 31.4789 -19.1589
755 38.4789 1.27109
756 43.4789 3.93109
757 45.4789 -21.1889
758 24.4789 -4.43891
759 25.4789 8.97109
760 27.4789 -6.58891
761 31.4789 -22.4989
762 38.4789 5.09109
763 38.4789 1.10109
764 35.4789 -4.32891
765 50.4789 -3.11891
766 51.4789 -4.20891
767 39.4789 -13.3389
768 43.4789 -8.53891
769 47.4789 -15.1189
770 54.4789 -14.0089
771 34.4789 -11.2489
772 35.4789 -11.8589
773 35.4789 -16.7889
774 33.4789 -7.73891
775 57.4789 -14.2989
776 50.4789 -18.6889
777 43.4789 -19.4089
778 35.4789 -20.8889
779 56.4789 -22.9589
780 38.4789 -13.7489
781 23.4789 -12.2489
782 27.4789 9.25109
783 36.4789 8.08109
784 26.4789 -13.5889
785 35.4789 -13.0189
786 23.4789 -20.9189
787 52.4789 -1.71891
788 41.4789 -12.2289
789 44.4789 -9.11891
790 38.4789 -11.3589
791 25.4789 -4.32891
792 46.4789 -19.2589
793 53.4789 -18.6889
794 41.4789 -15.6089
795 42.4789 5.13109
796 39.4789 -7.75891
797 43.4789 -2.35891
798 36.4789 4.77109
799 43.4789 -22.3189
800 53.4789 -13.8289
801 34.4789 -10.4589
802 40.4789 -22.1189
803 25.4789 -17.5689
804 49.4789 -14.7289
805 26.4789 7.17109
806 26.4789 3.37109
807 51.4789 -21.1789
808 46.4789 -0.938905
809 24.4789 -22.5489
810 53.4789 -9.02891
811 57.4789 -15.4189
812 24.4789 6.94109
813 30.4789 -13.8189
814 54.4789 -19.5689
815 49.4789 -3.14891
816 27.4789 -19.5089
817 38.4789 2.81109
818 45.4789 -7.34891
819 39.4789 -16.9589
820 24.4789 -11.9689
821 56.4789 -10.6789
822 43.4789 4.54109
823 50.4789 -10.5189
824 31.4789 -9.23891
825 32.4789 -5.45891
826 32.4789 -2.51891
827 52.4789 -3.09891
828 29.4789 -12.6789
829 43.4789 -21.3789
830 30.4789 0.911095
831 46.4789 -1.67891
832 51.4789 -17.6889
833 52.4789 -2.73891
834 23.4789 -4.13891
835 45.4789 3.37109
836 48.4789 0.481095
837 25.4789 9.74109
838 29.4789 4.33109
839 57.4789 -21.4189
840 40.4789 0.111095
841 56.4789 -13.7289
842 34.4789 -13.2589
843 56.4789 -8.97891
844 29.4789 -11.2589
845 39.4789 3.77109
846 48.4789 -12.4489
847 28.4789 -2.98891
848 29.4789 -7.28891
849 51.4789 -16.6889
850 48.4789 -3.45891
851 27.4789 -1.57891
852 53.4789 -7.13891
853 27.4789 -9.99891
854 54.4789 -7.65891
855 34.4789 9.25109
856 45.4789 -5.79891
857 43.4789 -20.9489
858 37.4789 0.691095
859 34.4789 -22.0389
860 54.4789 -9.84891
861 52.4789 -18.4789
862 54.4789 -13.1689
863 57.4789 -22.4689
864 53.4789 -19.6989
865 43.4789 -16.4089
866 23.4789 -19.9889
867 52.4789 -20.1689
868 34.4789 -9.85891
869 30.4789 7.55109
870 55.4789 -13.5789
871 23.4789 -15.5789
872 29.4789 4.80109
873 35.4789 7.52109
874 40.4789 -22.0089
875 39.4789 -1.10891
876 38.4789 2.22109
877 36.4789 -22.1789
878 28.4789 -5.56891
879 30.4789 8.55109
880 56.4789 -10.3189
881 57.4789 -11.9789
882 56.4789 -17.8889
883 48.4789 -16.9589
884 44.4789 -6.83891
885 54.4789 -20.2989
886 34.4789 2.87109
887 55.4789 -23.3089
888 34.4789 -6.95891
889 57.4789 -12.3489
890 35.4789 -12.8189
891 25.4789 -22.3289
892 23.4789 -13.0889
893 56.4789 -13.5889
894 46.4789 -19.1989
895 43.4789 2.52109
896 51.4789 -1.41891
897 57.4789 -15.8689
898 29.4789 -16.6089
899 53.4789 -20.6089
900 39.4789 -9.26891
901 48.4789 -11.3689
902 40.4789 1.18109
903 47.4789 -21.7589
904 49.4789 -13.4989
905 24.4789 -7.25891
906 56.4789 -16.1289
907 48.4789 -1.94891
908 58.4789 -20.1389
909 42.4789 -4.89891
910 46.4789 -1.56891
911 45.4789 4.63109
912 57.4789 -14.3489
913 24.4789 9.68109
914 27.4789 -15.0889
915 34.4789 -13.4389
916 39.4789 -16.3489
917 50.4789 -3.78891
918 42.4789 0.481095
919 45.4789 1.53109
920 41.4789 -5.68891
921 51.4789 -13.3689
922 30.4789 8.17109
923 32.4789 -12.5389
924 23.4789 1.64109
925 27.4789 -21.8089
926 50.4789 -1.33891
927 57.4789 -15.4289
928 30.4789 -8.92891
929 32.4789 -13.6789
930 49.4789 -15.1889
931 51.4789 -13.4089
932 41.4789 6.56109
933 39.4789 4.77109
934 23.4789 10.7411
935 29.4789 -8.53891
936 29.4789 -11.4589
937 37.4789 -12.7489
938 35.4789 -3.24891
939 54.4789 -5.27891
940 54.4789 -7.24891
941 58.4789 -20.5389
942 28.4789 -15.7889
943 51.4789 -2.82891
944 52.4789 -1.74891
945 44.4789 -14.2889
946 25.4789 1.85109
947 45.4789 2.52109
948 56.4789 -21.4089
949 40.4789 -21.1089
950 44.4789 6.04109
951 55.4789 -21.1289
952 25.4789 -3.05891
953 43.4789 -16.2589
954 52.4789 -11.2089
955 29.4789 -2.91891
956 53.4789 -15.1489
957 29.4789 8.92109
958 58.4789 -17.4589
959 52.4789 -15.1989
960 39.4789 -20.9389
961 50.4789 -10.6589
962 50.4789 -5.69891
963 58.4789 -21.2289
964 56.4789 -21.3989
965 25.4789 3.70109
966 43.4789 -22.9789
967 33.4789 8.71109
968 27.4789 -9.33891
969 56.4789 -14.3889
970 29.4789 1.40109
971 40.4789 -15.5189
972 48.4789 -4.79891
973 23.4789 -14.2389
974 25.4789 12.4511
975 55.4789 -22.4989
976 30.4789 -21.4389
977 36.4789 -5.60891
978 41.4789 -18.7989
979 27.4789 -6.76891
980 47.4789 -6.69891
981 56.4789 -22.0689
982 24.4789 4.47109
983 35.4789 7.25109
984 37.4789 -10.9489
985 58.4789 -21.9189
986 36.4789 -10.9589
987 43.4789 -13.3289
988 27.4789 -18.0689
989 30.4789 -16.0489
990 33.4789 -18.5189
991 24.4789 -21.1389
992 31.4789 0.301095
993 56.4789 -15.6189
994 45.4789 -6.62891
995 44.4789 -2.72891
996 42.4789 -7.49891
997 43.4789 -16.5189
998 25.4789 -21.1989
999 45.4789 4.60109
1000 24.4789 1.57109
1001 23.4789 7.79109
1002 24.4789 -18.7989
1003 37.4789 -3.17891
1004 24.4789 -19.1489
1005 48.4789 1.48109
1006 44.4789 -17.7789
1007 33.4789 -21.6689
1008 24.4789 -0.928905
1009 38.4789 -7.52891
1010 43.4789 4.28109
1011 57.4789 -12.4089
1012 54.4789 -22.0989
1013 43.4789 -8.74891
1014 49.4789 -2.21891
1015 36.4789 7.04109
1016 50.4789 -9.50891
1017 26.4789 -10.0789
1018 52.4789 -10.7489
1019 33.4789 10.7911
1020 57.4789 -23.0089
1021 26.4789 8.92109
1022 29.4789 -3.90891
1023 48.4789 -20.8089
1024 39.4789 -10.5489
1025 33.4789 -21.3989
1026 24.4789 0.891095
1027 58.4789 -15.5189
1028 46.4789 -20.2489
1029 32.4789 11.4611
1030 48.4789 -16.4589
1031 45.4789 -16.1589
1032 38.4789 -6.18891
1033 28.4789 11.6911
1034 45.4789 -2.52891
1035 23.4789 3.16109
1036 54.4789 -21.7689
1037 39.4789 -16.8289
1038 35.4789 -19.1789
1039 47.4789 -3.03891
1040 50.4789 -10.4989
1041 31.4789 -17.0389
1042 26.4789 -16.7689
1043 44.4789 -21.8489
1044 30.4789 -16.3389
1045 44.4789 -5.03891
1046 56.4789 -22.4089
1047 52.4789 -11.2789
1048 51.4789 -5.45891
1049 40.4789 1.46109
1050 32.4789 -21.1489
1051 33.4789 4.96109
1052 39.4789 -5.80891
1053 44.4789 -0.638905
1054 36.4789 -8.54891
1055 23.4789 -9.75891
1056 27.4789 -1.63891
1057 51.4789 -8.68891
1058 35.4789 -11.8689
1059 53.4789 -4.96891
1060 47.4789 -6.96891
1061 54.4789 -14.5089
1062 41.4789 -18.7189
1063 36.4789 4.50109
1064 41.4789 -16.4089
1065 23.4789 -4.67891
1066 31.4789 7.07109
1067 35.4789 7.49109
1068 25.4789 4.38109
1069 56.4789 -9.76891
1070 26.4789 -23.3389
1071 58.4789 -17.2489
1072 25.4789 -4.84891
1073 34.4789 -15.4189
1074 44.4789 3.49109
1075 52.4789 -13.4289
1076 40.4789 -4.90891
1077 33.4789 -2.88891
1078 32.4789 -5.76891
1079 29.4789 -22.3189
1080 37.4789 7.54109
1081 39.4789 -13.7689
1082 40.4789 -5.75891
1083 51.4789 -5.16891
1084 45.4789 -12.4689
1085 37.4789 6.42109
1086 58.4789 -21.9889
1087 52.4789 -10.2989
1088 24.4789 1.20109
1089 35.4789 -8.05891
1090 29.4789 11.8611
1091 34.4789 2.67109
1092 34.4789 -10.4289
1093 25.4789 4.80109
1094 27.4789 -19.6389
1095 51.4789 -7.88891
1096 34.4789 -16.5589
1097 45.4789 -16.5189
1098 56.4789 -16.9789
1099 31.4789 -7.24891
1100 58.4789 -17.6589
1101 48.4789 -4.76891
1102 55.4789 -22.6889
1103 40.4789 -12.9889
1104 58.4789 -18.8289
1105 58.4789 -16.3089
1106 38.4789 -12.5389
1107 47.4789 -2.53891
1108 50.4789 -12.3689
1109 50.4789 -10.2089
1110 54.4789 -5.28891
1111 37.4789 1.86109
1112 47.4789 -18.7989
1113 38.4789 -18.7089
1114 53.4789 -17.8489
1115 43.4789 -0.218905
1116 48.4789 -17.8189
1117 48.4789 0.331095
1118 48.4789 -0.578905
1119 41.4789 -2.99891
1120 54.4789 -17.2289
1121 49.4789 -10.4089
1122 46.4789 -7.97891
1123 56.4789 -9.29891
1124 44.4789 -4.71891
1125 49.4789 -19.3889
1126 43.4789 -9.11891
1127 26.4789 6.12109
1128 44.4789 -9.69891
1129 32.4789 -21.2089
1130 44.4789 -23.0689
1131 44.4789 -17.5689
1132 42.4789 -11.9389
1133 35.4789 8.60109
1134 55.4789 -15.9289
1135 52.4789 -4.95891
1136 31.4789 -11.2489
1137 38.4789 -11.9589
1138 56.4789 -19.8389
1139 49.4789 -9.60891
1140 56.4789 -8.79891
1141 55.4789 -16.5889
1142 40.4789 5.43109
1143 28.4789 -10.8589
1144 37.4789 4.42109
1145 36.4789 2.15109
1146 46.4789 -6.00891
1147 29.4789 -22.5289
1148 48.4789 -0.688905
1149 34.4789 -10.9789
1150 49.4789 -15.8789
1151 49.4789 -5.81891
1152 46.4789 -11.8289
1153 49.4789 -5.38891
1154 56.4789 -20.0689
1155 23.4789 9.74109
1156 36.4789 -11.5589
1157 30.4789 -2.29891
1158 50.4789 -5.83891
1159 35.4789 -4.42891
1160 29.4789 -16.2189
1161 24.4789 -19.0589
1162 44.4789 -3.72891
1163 56.4789 -9.17891
1164 29.4789 -1.07891
1165 51.4789 -19.0789
1166 36.4789 8.86109
1167 34.4789 3.36109
1168 46.4789 -15.6689
1169 40.4789 8.33109
1170 57.4789 -14.0689
1171 34.4789 -15.1189
1172 52.4789 -9.80891
1173 25.4789 -14.2689
1174 34.4789 5.43109
1175 49.4789 -14.5789
1176 40.4789 -23.0089
1177 51.4789 -21.0189
1178 38.4789 -18.2689
1179 31.4789 -9.66891
1180 36.4789 10.0911
1181 37.4789 -19.8589
1182 58.4789 -17.6289
1183 30.4789 -16.0489
1184 45.4789 -15.0389
1185 27.4789 -0.0689054
1186 45.4789 -21.6889
1187 32.4789 1.75109
1188 57.4789 -19.6089
1189 23.4789 -7.17891
1190 25.4789 -21.2489
1191 31.4789 6.51109
1192 37.4789 -15.9189
1193 24.4789 8.49109
1194 44.4789 -11.2589
1195 34.4789 -13.5789
1196 50.4789 -6.42891
1197 28.4789 -16.7389
1198 33.4789 -2.43891
1199 36.4789 -23.3989
1200 55.4789 -21.5489
1201 36.4789 5.90109
1202 36.4789 -15.1789
1203 57.4789 -22.2489
1204 37.4789 -8.89891
1205 40.4789 -7.99891
1206 24.4789 -2.70891
1207 39.4789 3.08109
1208 44.4789 -0.0289054
1209 48.4789 -13.3389
1210 30.4789 3.88109
1211 24.4789 -20.9789
1212 28.4789 -20.3789
1213 48.4789 -9.12891
1214 53.4789 -8.53891
1215 51.4789 -11.8189
1216 39.4789 5.49109
1217 48.4789 0.171095
1218 51.4789 -21.2889
1219 43.4789 3.50109
1220 40.4789 -14.0189
1221 25.4789 -21.8489
1222 46.4789 -14.4989
1223 58.4789 -21.8689
1224 39.4789 -1.71891
1225 34.4789 0.151095
1226 28.4789 -6.63891
1227 25.4789 -18.8989
1228 37.4789 -16.5689
1229 45.4789 -14.8789
1230 32.4789 -23.0589
1231 38.4789 4.29109
1232 58.4789 -19.1189
1233 37.4789 10.2311
1234 30.4789 -7.12891
1235 52.4789 -17.5989
1236 56.4789 -21.7989
1237 46.4789 -11.9189
1238 33.4789 -11.2589
1239 32.4789 -17.8589
1240 30.4789 -17.5089
1241 33.4789 10.1611
1242 36.4789 0.961095
1243 57.4789 -13.1989
1244 26.4789 -5.27891
1245 55.4789 -14.7589
1246 37.4789 -7.76891
1247 37.4789 -12.4189
1248 54.4789 -12.5189
1249 24.4789 -16.8189
1250 30.4789 -0.488905
1251 46.4789 -14.3589
1252 46.4789 -7.41891
1253 28.4789 -2.62891
1254 52.4789 -14.5789
1255 27.4789 -12.1589
1256 38.4789 1.30109
1257 31.4789 -19.7489
1258 29.4789 -5.25891
1259 40.4789 -5.38891
1260 30.4789 3.45109
1261 56.4789 -13.3889
1262 44.4789 -20.1289
1263 54.4789 -22.7589
1264 27.4789 3.49109
1265 38.4789 -14.3289
1266 51.4789 -2.01891
1267 55.4789 -22.3289
1268 51.4789 -13.9889
1269 51.4789 -2.62891
1270 54.4789 -20.9589
1271 24.4789 1.83109
1272 29.4789 -17.8289
1273 43.4789 0.0410946
1274 35.4789 -16.9089
1275 40.4789 8.35109
1276 33.4789 -12.0089
1277 23.4789 10.6711
1278 49.4789 -21.8789
1279 51.4789 -2.81891
1280 52.4789 -12.1689
1281 25.4789 -0.428905
1282 32.4789 -2.85891
1283 39.4789 -0.148905
1284 54.4789 -12.2389
1285 42.4789 -7.93891
1286 24.4789 -18.0789
1287 40.4789 -16.4089
1288 49.4789 0.451095
1289 23.4789 2.98109
1290 57.4789 -16.2289
1291 56.4789 -12.4689
1292 35.4789 -17.7489
1293 43.4789 5.59109
1294 32.4789 -21.3989
1295 36.4789 1.46109
1296 58.4789 -16.4089
1297 42.4789 -3.79891
1298 32.4789 -11.7689
1299 29.4789 -15.1589
1300 27.4789 -5.22891
1301 34.4789 -11.2289
1302 48.4789 -15.7189
1303 31.4789 -14.2489
1304 33.4789 -7.99891
1305 52.4789 -23.2789
1306 29.4789 -17.4589
1307 56.4789 -20.9789
1308 27.4789 7.46109
1309 24.4789 -4.82891
1310 33.4789 -15.6489
1311 35.4789 -9.53891
1312 49.4789 -6.36891
1313 57.4789 -13.3589
1314 50.4789 -17.7989
1315 43.4789 -16.1689
1316 32.4789 6.35109
1317 55.4789 -7.84891
1318 27.4789 4.44109
1319 33.4789 -7.65891
1320 32.4789 6.12109
1321 25.4789 -13.8089
1322 33.4789 -7.67891
1323 52.4789 -12.0589
1324 37.4789 -14.2089
1325 47.4789 -20.1989
1326 29.4789 -0.278905
1327 37.4789 -9.95891
1328 50.4789 -22.5889
1329 51.4789 -15.8189
1330 36.4789 -23.3889
1331 32.4789 2.07109
1332 47.4789 -16.4289
1333 25.4789 3.08109
1334 29.4789 -14.9189
1335 29.4789 7.43109
1336 35.4789 -6.02891
1337 49.4789 -16.1689
1338 28.4789 -15.2089
1339 56.4789 -8.96891
1340 33.4789 -19.1489
1341 26.4789 10.1611
1342 56.4789 -13.4589
1343 32.4789 9.89109
1344 -3.52109 -13.1489
1345 0.478905 -12.9589
1346 -6.52109 -21.9489
1347 16.4789 10.9111
1348 -10.5211 -15.7089
1349 -3.52109 -2.39891
1350 5.47891 7.90109
1351 8.47891 -4.45891
1352 20.4789 -11.3889
1353 -9.52109 -16.8789
1354 2.47891 -4.88891
1355 0.478905 -20.0489
1356 -4.52109 -3.57891
1357 15.4789 0.0210946
1358 -0.521095 0.811095
1359 -7.52109 -11.6089
1360 5.47891 2.94109
1361 23.4789 -21.9089
1362 -7.52109 -8.96891
1363 11.4789 -4.41891
1364 6.47891 -15.5289
1365 -6.52109 -15.3289
1366 -9.52109 -8.81891
1367 14.4789 -5.79891
1368 -3.52109 -6.92891
1369 19.4789 6.16109
1370 9.47891 -13.5689
1371 -0.521095 -9.37891
1372 -10.5211 -13.7989
1373 11.4789 -0.698905
1374 -5.52109 -18.9689
1375 5.47891 -21.3689
1376 -2.52109 -4.37891
1377 19.4789 -9.06891
1378 -1.52109 -7.27891
1379 12.4789 -18.0589
1380 7.47891 -0.338905
1381 22.4789 9.05109
1382 -4.52109 -0.688905
1383 -6.52109 -11.8889
1384 -10.5211 -21.9389
1385 -8.52109 -14.4789
1386 -2.52109 0.361095
1387 -10.5211 -15.6789
1388 11.4789 -18.7289
1389 -2.52109 0.0510946
1390 5.47891 7.80109
1391 -8.52109 -13.7589
1392 -2.52109 -21.5889
1393 -2.52109 -5.47891
1394 -5.52109 -20.3489
1395 21.4789 1.81109
1396 4.47891 -7.43891
1397 0.478905 -11.3689
1398 -7.52109 -21.9089
1399 -7.52109 -12.7889
1400 -7.52109 -5.00891
1401 22.4789 -11.3889
1402 0.478905 -9.64891
1403 -1.52109 -20.6089
1404 -2.52109 -11.9589
1405 3.47891 -14.5889
1406 -0.521095 3.12109
1407 10.4789 -13.2889
1408 -5.52109 -3.20891
1409 12.4789 6.15109
1410 6.47891 8.17109
1411 -8.52109 -8.75891
1412 10.4789 8.79109
1413 11.4789 3.04109
1414 -8.52109 -15.4089
1415 -9.52109 -19.4789
1416 -6.52109 -4.53891
1417 10.4789 -19.1089
1418 9.47891 -4.44891
1419 -8.52109 -20.5589
1420 -11.5211 -17.2789
1421 14.4789 -20.1289
1422 15.4789 -4.52891
1423 5.47891 0.861095
1424 1.47891 -0.708905
1425 -1.52109 -1.80891
1426 0.478905 -10.5889
1427 3.47891 -7.83891
1428 22.4789 -14.7189
1429 -1.52109 -23.4289
1430 -11.5211 -18.0589
1431 -1.52109 -10.5889
1432 6.47891 -15.8089
1433 17.4789 -11.2889
1434 21.4789 6.06109
1435 8.47891 -4.70891
1436 9.47891 0.971095
1437 3.47891 -19.8989
1438 15.4789 -5.76891
1439 -0.521095 -9.33891
1440 11.4789 4.41109
1441 -6.52109 -12.5289
1442 8.47891 -9.73891
1443 -8.52109 -22.4789
1444 17.4789 -15.1889
1445 10.4789 -20.6289
1446 20.4789 5.15109
1447 -6.52109 -17.8789
1448 5.47891 -8.95891
1449 -7.52109 -16.4389
1450 5.47891 -20.5289
1451 6.47891 -21.1189
1452 -8.52109 -12.0289
1453 -10.5211 -17.1589
1454 3.47891 3.91109
1455 -6.52109 -22.2689
1456 -8.52109 -20.6789
1457 -4.52109 -22.3689
1458 -10.5211 -17.1989
1459 16.4789 -13.9189
1460 18.4789 10.7311
1461 18.4789 -15.6689
1462 23.4789 -3.32891
1463 14.4789 1.70109
1464 8.47891 8.77109
1465 5.47891 -14.1889
1466 11.4789 -20.9289
1467 -1.52109 -19.3589
1468 7.47891 -10.3589
1469 -0.521095 -18.2689
1470 16.4789 -1.53891
1471 -6.52109 -10.1689
1472 20.4789 4.62109
1473 -7.52109 -15.6689
1474 16.4789 11.6211
1475 21.4789 1.48109
1476 4.47891 0.311095
1477 6.47891 -7.80891
1478 0.478905 -13.7689
1479 6.47891 0.701095
1480 -4.52109 -1.88891
1481 11.4789 4.72109
1482 9.47891 -0.828905
1483 -0.521095 2.19109
1484 18.4789 -9.67891
1485 15.4789 -2.67891
1486 13.4789 -8.13891
1487 11.4789 -16.4689
1488 3.47891 -2.88891
1489 12.4789 -8.64891
1490 18.4789 -21.7489
1491 3.47891 -23.4289
1492 23.4789 -10.8689
1493 19.4789 -16.9689
1494 15.4789 -12.8589
1495 21.4789 -18.6389
1496 22.4789 -4.25891
1497 23.4789 -22.0789
1498 8.47891 9.40109
1499 0.478905 -8.30891
1500 23.4789 -18.4889
1501 14.4789 -0.528905
1502 10.4789 1.65109
1503 3.47891 -18.1889
1504 15.4789 -5.16891
1505 18.4789 -1.01891
1506 19.4789 11.4911
1507 4.47891 2.61109
1508 1.47891 2.27109
1509 19.4789 -14.5289
1510 -1.52109 -21.1389
1511 12.4789 -18.8489
1512 3.47891 4.88109
1513 0.478905 -10.5189
1514 7.47891 -14.8589
1515 -9.52109 -23.0289
1516 2.47891 -1.33891
1517 -0.521095 -7.49891
1518 15.4789 -18.5989
1519 -3.52109 -5.43891
1520 23.4789 -22.0789
1521 13.4789 -6.71891
1522 6.47891 4.57109
1523 18.4789 7.52109
1524 -9.52109 -11.4989
1525 8.47891 -1.77891
1526 7.47891 7.30109
1527 -5.52109 -14.0689
1528 -10.5211 -22.0789
1529 10.4789 -3.56891
1530 1.47891 -15.4189
1531 15.4789 3.19109
1532 -8.52109 -15.6789
1533 2.47891 -21.9589
1534 23.4789 -3.54891
1535 6.47891 -6.07891
1536 -1.52109 1.63109
1537 22.4789 -18.7289
1538 22.4789 -0.938905
1539 -3.52109 -22.9789
1540 11.4789 -11.2189
1541 7.47891 5.41109
1542 -4.52109 -6.89891
1543 -2.52109 -18.7689
1544 17.4789 -20.7689
1545 5.47891 -1.94891
1546 14.4789 -11.4589
1547 7.47891 0.0110946
1548 21.4789 -14.0989
1549 17.4789 1.54109
1550 -7.52109 -11.3689
1551 8.47891 -22.7989
1552 -6.52109 -22.8389
1553 16.4789 -10.5689
1554 5.47891 -10.7389
1555 14.4789 -3.72891
1556 23.4789 7.18109
1557 3.47891 -1.90891
1558 7.47891 -13.5389
1559 -8.52109 -14.7389
1560 14.4789 -5.53891
1561 -7.52109 -8.53891
1562 3.47891 -19.9589
1563 20.4789 5.34109
1564 -6.52109 -5.50891
1565 3.47891 -19.7489
1566 -4.52109 -18.1689
1567 -1.52109 0.871095
1568 12.4789 -3.06891
1569 5.47891 -0.818905
1570 -3.52109 -23.2789
1571 2.47891 4.20109
1572 9.47891 -11.4289
1573 6.47891 -15.8589
1574 -7.52109 -8.90891
1575 11.4789 -13.7989
1576 0.478905 -5.31891
1577 21.4789 -12.9689
1578 7.47891 -11.3889
1579 14.4789 6.62109
1580 12.4789 -15.7889
1581 -7.52109 -16.8089
1582 18.4789 -21.6789
1583 17.4789 8.00109
1584 10.4789 -3.14891
1585 17.4789 7.89109
1586 10.4789 5.11109
1587 10.4789 -16.5689
1588 11.4789 -7.65891
1589 -9.52109 -12.8089
1590 4.47891 -11.5489
1591 16.4789 6.46109
1592 10.4789 -21.4689
1593 10.4789 -22.1889
1594 -7.52109 -21.1789
1595 8.47891 -4.77891
1596 -3.52109 -3.21891
1597 18.4789 -4.43891
1598 12.4789 -11.0389
1599 -5.52109 -15.6789
1600 6.47891 -7.76891
1601 14.4789 3.34109
1602 16.4789 -13.7389
1603 -9.52109 -11.0089
1604 -4.52109 -22.1789
1605 0.478905 -21.4889
1606 4.47891 -3.93891
1607 6.47891 -14.6289
1608 3.47891 -3.57891
1609 21.4789 -20.2889
1610 -4.52109 -20.8989
1611 6.47891 -9.23891
1612 15.4789 1.82109
1613 7.47891 -4.52891
1614 9.47891 1.37109
1615 19.4789 2.55109
1616 -1.52109 -15.0289
1617 2.47891 -9.07891
1618 11.4789 6.14109
1619 -3.52109 -5.15891
1620 15.4789 -11.4189
1621 11.4789 -5.79891
1622 18.4789 -16.1889
1623 2.47891 -12.3089
1624 3.47891 -7.76891
1625 23.4789 -21.5589
1626 2.47891 -22.7089
1627 -8.52109 -19.2989
1628 4.47891 2.49109
1629 14.4789 8.86109
1630 5.47891 -14.5489
1631 -1.52109 -19.5689
1632 20.4789 -7.72891
1633 8.47891 -10.8489
1634 18.4789 -21.2489
1635 8.47891 -4.13891
1636 22.4789 8.83109
1637 17.4789 10.9411
1638 22.4789 -2.88891
1639 -3.52109 -13.1489
1640 -6.52109 -16.4889
1641 10.4789 -15.8389
1642 -0.521095 -18.5389
1643 17.4789 3.40109
1644 -11.5211 -18.4889
1645 21.4789 -3.70891
1646 -1.52109 -20.3689
1647 2.47891 4.88109
1648 9.47891 -20.4389
1649 0.478905 -10.1989
1650 0.478905 -6.49891
1651 -10.5211 -12.3889
1652 -6.52109 -14.3189
1653 16.4789 -19.0489
1654 -3.52109 -15.3289
1655 11.4789 -7.90891
1656 17.4789 -8.46891
1657 -9.52109 -11.5289
1658 -7.52109 -10.4089
1659 4.47891 -13.5789
1660 -11.5211 -18.9089
1661 15.4789 -3.43891
1662 -0.521095 -10.0689
1663 -8.52109 -10.8889
1664 -1.52109 -14.5689
1665 20.4789 7.77109
1666 2.47891 -14.4689
1667 9.47891 -20.7689
1668 22.4789 -0.588905
1669 17.4789 -20.5189
1670 23.4789 -13.5789
1671 -1.52109 -20.2489
1672 -0.521095 -18.2089
1673 5.47891 -17.0489
1674 1.47891 4.57109
1675 13.4789 2.97109
1676 5.47891 -8.41891
1677 18.4789 -17.1389
1678 -3.52109 -11.5889
1679 -1.52109 -13.0389
1680 23.4789 -17.6389
1681 -1.52109 2.26109
1682 -1.52109 -7.92891
1683 -9.52109 -9.41891
1684 18.4789 11.6411
1685 9.47891 -23.4289
1686 5.47891 3.12109
1687 -4.52109 -1.97891
1688 16.4789 -19.9789
1689 1.47891 -1.22891
1690 16.4789 -7.67891
1691 -7.52109 -7.78891
1692 -6.52109 -22.2789
1693 -4.52109 -17.6289
1694 5.47891 -3.98891
1695 -9.52109 -11.5389
1696 17.4789 -14.9689
1697 3.47891 6.23109
1698 17.4789 -0.818905
1699 21.4789 5.59109
1700 -10.5211 -21.6389
1701 10.4789 -9.63891
1702 23.4789 -13.5489
1703 20.4789 11.8711
1704 11.4789 -0.668905
1705 22.4789 -11.9689
1706 6.47891 -2.63891
1707 18.4789 -8.96891
1708 11.4789 -0.708905
1709 11.4789 -1.29891
1710 13.4789 3.21109
1711 -5.52109 -16.3589
1712 11.4789 -8.14891
1713 15.4789 8.83109
1714 -3.52109 -0.298905
1715 -2.52109 -5.66891
1716 1.47891 3.55109
1717 1.47891 -14.9689
1718 18.4789 1.05109
1719 -6.52109 -17.5489
1720 -2.52109 -14.4889
1721 -8.52109 -15.4889
1722 0.478905 -21.3089
1723 -10.5211 -14.0789
1724 -6.52109 -9.57891
1725 -2.52109 -7.22891
1726 -11.5211 -21.2489
1727 6.47891 -18.6389
1728 -5.52109 -16.2289
1729 12.4789 2.60109
1730 -7.52109 -5.90891
1731 17.4789 -12.4989
1732 2.47891 -23.3989
1733 18.4789 -4.85891
1734 -5.52109 -2.60891
1735 0.478905 -4.96891
1736 16.4789 1.55109
1737 17.4789 -6.25891
1738 22.4789 10.5611
1739 -2.52109 -13.2889
1740 13.4789 6.77109
1741 -8.52109 -18.9089
1742 -8.52109 -14.1389
1743 22.4789 -20.9089
1744 -11.5211 -23.3589
1745 17.4789 -19.9289
1746 -6.52109 -22.3989
1747 -5.52109 -20.1289
1748 7.47891 5.58109
1749 22.4789 -22.6689
1750 14.4789 -21.9189
1751 15.4789 3.36109
1752 0.478905 -9.13891
1753 -3.52109 -13.1189
1754 9.47891 -7.74891
1755 23.4789 7.88109
1756 -6.52109 -9.43891
1757 10.4789 0.511095
1758 17.4789 4.91109
1759 -8.52109 -16.4589
1760 0.478905 -7.73891
1761 6.47891 4.25109
1762 13.4789 1.18109
1763 15.4789 9.02109
1764 19.4789 -23.3889
1765 8.47891 -9.30891
1766 -9.52109 -20.8089
1767 13.4789 4.81109
1768 -9.52109 -11.3489
1769 18.4789 -14.5689
1770 -10.5211 -14.7489
1771 12.4789 -4.58891
1772 -10.5211 -13.7489
1773 3.47891 -2.79891
1774 23.4789 -5.51891
1775 13.4789 -3.80891
1776 8.47891 -23.1689
1777 22.4789 3.05109
1778 -9.52109 -12.4689
1779 -8.52109 -14.7889
1780 -11.5211 -18.0889
1781 -7.52109 -6.19891
1782 -7.52109 -14.5489
1783 -9.52109 -21.3589
1784 1.47891 -19.7289
1785 7.47891 -2.51891
1786 19.4789 4.87109
1787 -5.52109 -14.2189
1788 -8.52109 -8.70891
1789 16.4789 11.7611
1790 -2.52109 -4.30891
1791 23.4789 9.49109
1792 18.4789 -9.62891
1793 -2.52109 -10.0189
1794 17.4789 -22.8989
1795 3.47891 1.53109
1796 9.47891 -21.8889
1797 5.47891 -14.3889
1798 7.47891 -16.5689
1799 6.47891 -0.858905
1800 9.47891 -3.70891
1801 21.4789 -1.32891
1802 -1.52109 -11.9989
1803 2.47891 -11.7489
1804 -1.52109 -12.5989
1805 -10.5211 -18.9689
1806 17.4789 -12.5389
1807 7.47891 -3.40891
1808 -7.52109 -9.96891
1809 -5.52109 -1.78891
1810 -5.52109 -15.7489
1811 0.478905 2.63109
1812 -0.521095 -7.42891
1813 -8.52109 -12.1189
1814 7.47891 3.46109
1815 1.47891 -10.8489
1816 16.4789 4.13109
1817 9.47891 3.40109
1818 2.47891 5.23109
1819 9.47891 -15.6189
1820 -0.521095 -20.8389
1821 1.47891 -9.29891
1822 -2.52109 -11.6189
1823 22.4789 -11.5889
1824 14.4789 10.8211
1825 5.47891 -8.48891
1826 19.4789 -19.6689
1827 17.4789 -12.5989
1828 17.4789 12.3511
1829 10.4789 5.87109
1830 10.4789 -6.20891
1831 -10.5211 -14.9589
1832 19.4789 -5.19891
1833 10.4789 -5.98891
1834 0.478905 -1.92891
1835 11.4789 2.15109
1836 4.47891 -2.21891
1837 22.4789 1.81109
1838 7.47891 -21.4189
1839 -2.52109 -8.45891
1840 10.4789 2.32109
1841 -1.52109 -11.5489
1842 -2.52109 -4.32891
1843 18.4789 9.04109
1844 -6.52109 -7.89891
1845 8.47891 -21.2089
1846 9.47891 -19.1089
1847 -0.521095 -6.21891
1848 22.4789 1.73109
1849 19.4789 -12.7889
1850 15.4789 2.16109
1851 7.47891 -7.48891
1852 -6.52109 -20.8189
1853 7.47891 -22.4189
1854 23.4789 5.54109
1855 7.47891 -0.868905
1856 13.4789 -2.34891
1857 17.4789 8.00109
1858 -9.52109 -11.5989
1859 -5.52109 -8.68891
1860 13.4789 7.40109
1861 -7.52109 -4.63891
1862 5.47891 -22.0889
1863 20.4789 0.471095
1864 23.4789 -21.0889
1865 -0.521095 -1.07891
1866 20.4789 -12.9889
1867 8.47891 -16.5089
1868 20.4789 9.23109
1869 0.478905 3.91109
1870 6.47891 -15.3189
1871 -5.52109 -15.4089
1872 18.4789 -1.88891
1873 -0.521095 -1.85891
1874 -3.52109 -17.9089
1875 -6.52109 -5.49891
1876 18.4789 -17.4689
1877 1.47891 1.79109
1878 -0.521095 -9.02891
1879 0.478905 -10.9189
1880 -4.52109 -22.0889
1881 -4.52109 -5.08891
1882 -8.52109 -16.0889
1883 -0.521095 -15.4089
1884 5.47891 3.44109
1885 8.47891 -2.12891
1886 11.4789 10.0411
1887 1.47891 -1.58891
1888 0.478905 -21.9789
1889 23.4789 -16.8489
1890 16.4789 -12.0189
1891 -9.52109 -15.3889
1892 -11.5211 -20.5289
1893 -8.52109 -19.0489
1894 18.4789 9.63109
1895 16.4789 -5.70891
1896 -3.52109 -11.0089
1897 -1.52109 -18.5289
1898 17.4789 -17.4289
1899 4.47891 -8.99891
1900 2.47891 -21.4589
1901 20.4789 -3.90891
1902 1.47891 1.33109
1903 12.4789 -15.7889
1904 -8.52109 -9.44891
1905 19.4789 -17.5289
1906 2.47891 -9.50891
1907 11.4789 -9.95891
1908 6.47891 -9.54891
1909 20.4789 -7.61891
1910 19.4789 1.46109
1911 8.47891 -2.88891
1912 -1.52109 -8.15891
1913 -11.5211 -21.6889
1914 9.47891 -21.3789
1915 -11.5211 -17.6089
1916 -8.52109 -19.8189
1917 14.4789 -0.778905
1918 20.4789 -17.5189
1919 0.478905 0.351095
1920 -7.52109 -12.7189
1921 4.47891 -19.9589
1922 -1.52109 -7.12891
1923 -8.52109 -9.29891
1924 7.47891 -17.4889
1925 -0.521095 -21.1089
1926 -1.52109 -6.75891
1927 7.47891 -8.09891
1928 19.4789 -13.4489
1929 -1.52109 -16.5389
1930 -5.52109 -22.9989
1931 9.47891 -19.7089
1932 1.47891 -1.16891
1933 4.47891 -9.82891
1934 0.478905 -1.56891
1935 18.4789 -12.6989
1936 8.47891 -12.6789
1937 -6.52109 -9.03891
1938 8.47891 -19.1389
1939 -3.52109 -14.9989
1940 18.4789 -6.24891
1941 6.47891 -16.1789
1942 8.47891 -16.1489
1943 -0.521095 -11.9589
1944 -1.52109 -6.58891
1945 -10.5211 -15.9389
1946 6.47891 -22.6789
1947 3.47891 -20.9289
1948 -7.52109 -11.6489
1949 15.4789 -16.0989
1950 -2.52109 -16.2289
1951 -8.52109 -16.0289
1952 -9.52109 -19.4989
1953 -2.52109 -1.22891
1954 -8.52109 -13.3889
1955 -1.52109 -11.7889
1956 15.4789 -7.37891
1957 12.4789 -10.6789
1958 -11.5211 -17.7689
1959 19.4789 7.88109
1960 11.4789 1.82109
1961 20.4789 11.5311
1962 12.4789 -10.7289
1963 -4.52109 -9.73891
1964 17.4789 5.33109
1965 18.4789 -9.10891
1966 13.4789 0.851095
1967 5.47891 -16.3189
1968 15.4789 -9.19891
1969 2.47891 -23.2789
1970 22.4789 2.18109
1971 21.4789 -14.7389
1972 -8.52109 -10.5489
1973 9.47891 -14.7289
1974 -5.52109 -4.57891
1975 7.47891 -10.1889
1976 23.4789 11.0711
1977 -7.52109 -16.1289
1978 21.4789 5.91109
1979 -10.5211 -22.0389
1980 19.4789 7.31109
1981 2.47891 -21.1689
1982 23.4789 1.20109
1983 0.478905 -1.99891
1984 -0.521095 -3.59891
1985 -5.52109 -22.0989
1986 -10.5211 -18.3689
1987 7.47891 -8.61891
1988 -0.521095 0.741095
1989 2.47891 -21.7489
1990 -4.52109 -13.2289
1991 20.4789 -15.6389
1992 -8.52109 -22.6189
1993 3.47891 -3.33891
1994 22.4789 -12.1389
1995 0.478905 2.50109
1996 22.4789 -0.558905
1997 2.47891 -8.70891
1998 -0.521095 -0.198905
1999 -2.52109 -5.86891
2000 11.4789 9.51109
2001 4.47891 5.26109
2002 13.4789 -19.3289
2003 3.47891 -19.2989
2004 14.4789 -20.7489
2005 -8.52109 -9.46891
2006 20.4789 -7.48891
2007 -1.52109 -9.16891
2008 -5.52109 -12.3889
2009 9.47891 5.62109
2010 16.4789 -6.38891
2011 7.47891 -4.87891
2012 2.47891 -11.0689
2013 17.4789 11.1811
2014 18.4789 4.20109
2015 0.478905 -15.1089
2016 -7.52109 -20.1789
2017 16.4789 -1.66891
2018 22.4789 -18.7289
2019 4.47891 -9.13891
2020 -5.52109 -2.04891
2021 16.4789 6.52109
2022 13.4789 -22.7189
2023 12.4789 10.3111
2024 21.4789 0.331095
2025 9.47891 -9.14891
2026 1.47891 -15.4589
2027 9.47891 -5.03891
2028 -4.52109 -20.1189
2029 -10.5211 -12.8289
2030 -8.52109 -11.0689
2031 -7.52109 -20.7289
2032 0.478905 -11.7789
2033 -4.52109 -19.7989
2034 -2.52109 -9.92891
2035 9.47891 -12.5289
2036 16.4789 -16.0689
2037 -7.52109 -21.0289
2038 -9.52109 -21.6989
2039 2.47891 -21.9289
2040 15.4789 -2.28891
2041 -1.52109 -12.9389
2042 -1.52109 1.39109
2043 -10.5211 -11.7889
2044 20.4789 5.64109
2045 -7.52109 -11.1689
2046 -9.52109 -14.5389
2047 17.4789 8.76109
2048 -0.521095 -14.8589
2049 -0.521095 -19.3789
2050 -1.52109 -7.49891
2051 10.4789 -18.2789
2052 20.4789 -12.4389
2053 -6.52109 -17.3889
2054 12.4789 -4.52891
2055 7.47891 -11.0089
2056 13.4789 2.61109
2057 14.4789 -4.60891
2058 19.4789 5.04109
2059 -9.52109 -21.2489
2060 19.4789 -18.5189
2061 17.4789 5.70109
2062 -10.5211 -22.3589
2063 21.4789 -18.9389
2064 17.4789 -8.08891
2065 6.47891 -5.51891
2066 -5.52109 -12.7389
2067 15.4789 -22.6689
2068 4.47891 -19.0989
2069 9.47891 3.66109
2070 10.4789 7.10109
2071 14.4789 10.5111
2072 11.4789 -20.8589
2073 4.47891 -21.7989
2074 17.4789 -9.99891
2075 47.4789 -30.7889
2076 47.4789 -35.4589
2077 52.4789 -36.3389
2078 42.4789 -42.9489
2079 47.4789 -50.3689
2080 41.4789 -54.0889
2081 44.4789 -29.2389
2082 39.4789 -30.0189
2083 28.4789 -26.1489
2084 35.4789 -25.9889
2085 28.4789 -51.2589
2086 32.4789 -24.4189
2087 32.4789 -55.2889
2088 35.4789 -34.1589
2089 41.4789 -44.2289
2090 47.4789 -24.4189
2091 33.4789 -29.5989
2092 35.4789 -48.5889
2093 37.4789 -29.5489
2094 53.4789 -32.4289
2095 44.4789 -36.4489
2096 27.4789 -29.2989
2097 28.4789 -51.9189
2098 39.4789 -26.8189
2099 38.4789 -53.8089
2100 32.4789 -45.9189
2101 54.4789 -24.9389
2102 37.4789 -28.3989
2103 23.4789 -51.4689
2104 52.4789 -30.2589
2105 49.4789 -43.7689
2106 43.4789 -33.8389
2107 49.4789 -39.1589
2108 58.4789 -26.9189
2109 51.4789 -34.5289
2110 46.4789 -50.2089
2111 45.4789 -48.9589
2112 58.4789 -27.7889
2113 31.4789 -29.9589
2114 40.4789 -26.0389
2115 28.4789 -54.4989
2116 47.4789 -43.4389
2117 28.4789 -53.9089
2118 23.4789 -33.7689
2119 49.4789 -36.9689
2120 42.4789 -45.6789
2121 30.4789 -52.3089
2122 55.4789 -35.7289
2123 58.4789 -27.0289
2124 24.4789 -41.7489
2125 43.4789 -40.0889
2126 43.4789 -45.1489
2127 52.4789 -33.5989
2128 37.4789 -31.0089
2129 55.4789 -32.6389
2130 28.4789 -47.4089
2131 41.4789 -32.0989
2132 56.4789 -25.6689
2133 32.4789 -54.7689
2134 47.4789 -43.9889
2135 46.4789 -25.5489
2136 54.4789 -40.0989
2137 33.4789 -33.7889
2138 50.4789 -31.4189
2139 41.4789 -40.5589
2140 56.4789 -33.4589
2141 52.4789 -43.7389
2142 48.4789 -48.2989
2143 41.4789 -47.1589
2144 27.4789 -57.4589
2145 55.4789 -36.9689
2146 34.4789 -50.4989
2147 38.4789 -50.7989
2148 57.4789 -27.6789
2149 44.4789 -50.6989
2150 46.4789 -49.3989
2151 53.4789 -42.4189
2152 41.4789 -45.1989
2153 28.4789 -57.4089
2154 33.4789 -40.1089
2155 57.4789 -30.8789
2156 29.4789 -39.2289
2157 29.4789 -24.3089
2158 53.4789 -31.0389
2159 54.4789 -38.4589
2160 41.4789 -44.8289
2161 46.4789 -37.4889
2162 45.4789 -30.5889
2163 56.4789 -34.1189
2164 30.4789 -41.4589
2165 45.4789 -26.0289
2166 46.4789 -25.1589
2167 52.4789 -25.9689
2168 40.4789 -42.2689
2169 54.4789 -32.0689
2170 25.4789 -39.9689
2171 38.4789 -51.0789
2172 23.4789 -48.1689
2173 23.4789 -31.3389
2174 48.4789 -27.9489
2175 31.4789 -26.8289
2176 26.4789 -44.3189
2177 55.4789 -35.7289
2178 38.4789 -47.2089
2179 48.4789 -43.7789
2180 31.4789 -45.2689
2181 56.4789 -33.6289
2182 31.4789 -40.3889
2183 23.4789 -26.4089
2184 45.4789 -36.0689
2185 35.4789 -51.1589
2186 47.4789 -41.0389
2187 52.4789 -25.3289
2188 52.4789 -30.7289
2189 58.4789 -29.5489
2190 43.4789 -38.0789
2191 25.4789 -46.5489
2192 43.4789 -25.3089
2193 31.4789 -52.4289
2194 47.4789 -45.2089
2195 24.4789 -36.7589
2196 28.4789 -50.6289
2197 50.4789 -33.0089
2198 45.4789 -50.5589
2199 57.4789 -30.7589
2200 26.4789 -46.9789
2201 35.4789 -24.7589
2202 41.4789 -29.2489
2203 56.4789 -36.3589
2204 33.4789 -48.8789
2205 50.4789 -27.7489
2206 43.4789 -51.3689
2207 57.4789 -25.9589
2208 31.4789 -56.6689
2209 58.4789 -28.2889
2210 23.4789 -28.1689
2211 32.4789 -32.9289
2212 55.4789 -34.0089
2213 37.4789 -56.8989
2214 32.4789 -51.4389
2215 29.4789 -30.7989
2216 26.4789 -24.1789
2217 43.4789 -51.0489
2218 23.4789 -45.7689
2219 52.4789 -26.0189
2220 33.4789 -29.3989
2221 28.4789 -56.6989
2222 53.4789 -35.1589
2223 54.4789 -24.0589
2224 30.4789 -57.6189
2225 54.4789 -40.2689
2226 34.4789 -25.9689
2227 52.4789 -35.1889
2228 45.4789 -41.7489
2229 28.4789 -42.1489
2230 23.4789 -38.3489
2231 46.4789 -32.2289
2232 49.4789 -37.1189
2233 27.4789 -48.5789
2234 44.4789 -48.2989
2235 39.4789 -27.6289
2236 57.4789 -32.9789
2237 29.4789 -46.5989
2238 45.4789 -23.5689
2239 50.4789 -33.0489
2240 34.4789 -34.0989
2241 55.4789 -28.5889
2242 46.4789 -31.1289
2243 53.4789 -32.6489
2244 36.4789 -29.4789
2245 43.4789 -25.2089
2246 30.4789 -43.8789
2247 35.4789 -54.9689
2248 55.4789 -29.8389
2249 26.4789 -36.9689
2250 33.4789 -41.7589
2251 52.4789 -30.4489
2252 25.4789 -31.5489
2253 40.4789 -46.9589
2254 39.4789 -42.7989
2255 36.4789 -30.9089
2256 50.4789 -29.9289
2257 53.4789 -27.0589
2258 38.4789 -42.3689
2259 27.4789 -44.0789
2260 44.4789 -32.6389
2261 24.4789 -32.7589
2262 51.4789 -37.3289
2263 49.4789 -38.5989
2264 48.4789 -35.8889
2265 25.4789 -40.3989
2266 32.4789 -42.7889
2267 48.4789 -34.9889
2268 33.4789 -45.4989
2269 38.4789 -26.5389
2270 50.4789 -46.5589
2271 36.4789 -39.2989
2272 25.4789 -36.5189
2273 35.4789 -56.1689
2274 36.4789 -38.6789
2275 28.4789 -39.8189
2276 24.4789 -49.0989
2277 29.4789 -52.9289
2278 58.4789 -25.3989
2279 57.4789 -25.6789
2280 45.4789 -51.1989
2281 27.4789 -54.5489
2282 34.4789 -47.5289
2283 46.4789 -32.4089
2284 55.4789 -35.0989
2285 30.4789 -51.4289
2286 50.4789 -37.4789
2287 44.4789 -36.2489
2288 31.4789 -38.2089
2289 49.4789 -27.4889
2290 33.4789 -55.7489
2291 38.4789 -35.8289
2292 40.4789 -26.9789
2293 27.4789 -40.3589
2294 37.4789 -43.3789
2295 23.4789 -38.7589
2296 41.4789 -53.2089
2297 51.4789 -24.6489
2298 53.4789 -27.9489
2299 53.4789 -37.8589
2300 36.4789 -57.1289
2301 32.4789 -25.7989
2302 41.4789 -24.6189
2303 36.4789 -37.2189
2304 31.4789 -32.0689
2305 31.4789 -49.8189
2306 53.4789 -30.6289
2307 32.4789 -27.7489
2308 28.4789 -44.4889
2309 46.4789 -27.5589
2310 55.4789 -30.2389
2311 39.4789 -44.5389
2312 48.4789 -34.7189
2313 27.4789 -25.2689
2314 26.4789 -38.3789
2315 29.4789 -41.8089
2316 55.4789 -39.5089
2317 40.4789 -31.2189
2318 49.4789 -42.7889
2319 43.4789 -39.0589
2320 53.4789 -23.7589
2321 55.4789 -32.7689
2322 35.4789 -49.1289
2323 55.4789 -33.0889
2324 57.4789 -29.7189
2325 40.4789 -26.5789
2326 27.4789 -47.5789
2327 28.4789 -40.4889
2328 45.4789 -26.9289
2329 31.4789 -34.0589
2330 46.4789 -50.4589
2331 26.4789 -24.3889
2332 53.4789 -26.0789
2333 36.4789 -35.1989
2334 54.4789 -25.6589
2335 57.4789 -25.8189
2336 29.4789 -28.2589
2337 34.4789 -48.9389
2338 54.4789 -26.1889
2339 39.4789 -48.6089
2340 46.4789 -27.2889
2341 27.4789 -46.4289
2342 34.4789 -29.9289
2343 23.4789 -52.2589
2344 41.4789 -49.7689
2345 27.4789 -39.7289
2346 26.4789 -54.3089
2347 28.4789 -37.2889
2348 30.4789 -55.8589
2349 36.4789 -47.3489
2350 55.4789 -26.3489
2351 48.4789 -31.5489
2352 24.4789 -48.8389
2353 40.4789 -47.5989
2354 26.4789 -41.6089
2355 49.4789 -34.5089
2356 50.4789 -30.4989
2357 57.4789 -24.8589
2358 26.4789 -48.4689
2359 55.4789 -29.3689
2360 27.4789 -31.5589
2361 29.4789 -39.5489
2362 26.4789 -42.8289
2363 24.4789 -27.3489
2364 49.4789 -37.4189
2365 49.4789 -42.2989
2366 29.4789 -28.4689
2367 24.4789 -33.9889
2368 34.4789 -40.9489
2369 43.4789 -26.4189
2370 35.4789 -53.8989
2371 24.4789 -26.5489
2372 43.4789 -50.4789
2373 41.4789 -29.9089
2374 54.4789 -26.6589
2375 47.4789 -25.7889
2376 34.4789 -26.4589
2377 25.4789 -47.1789
2378 41.4789 -41.2689
2379 24.4789 -53.5989
2380 37.4789 -47.8289
2381 29.4789 -47.5989
2382 45.4789 -35.3589
2383 46.4789 -30.6889
2384 30.4789 -35.7889
2385 31.4789 -24.9489
2386 56.4789 -34.1289
2387 58.4789 -30.6889
2388 48.4789 -31.5289
2389 43.4789 -33.1589
2390 34.4789 -33.4789
2391 38.4789 -53.4989
2392 38.4789 -27.8989
2393 36.4789 -29.8489
2394 56.4789 -24.8189
2395 24.4789 -26.4689
2396 29.4789 -37.9489
2397 50.4789 -45.0389
2398 54.4789 -37.7889
2399 45.4789 -45.2189
2400 25.4789 -32.4189
2401 41.4789 -33.8789
2402 42.4789 -40.7689
2403 56.4789 -30.7689
2404 37.4789 -51.7789
2405 32.4789 -32.5689
2406 45.4789 -35.4889
2407 31.4789 -53.8089
2408 26.4789 -55.3689
2409 53.4789 -34.1589
2410 58.4789 -26.7089
2411 35.4789 -27.9289
2412 26.4789 -59.3089
2413 53.4789 -23.5789
2414 37.4789 -40.2789
2415 56.4789 -30.7689
2416 49.4789 -30.5489
2417 36.4789 -34.8489
2418 35.4789 -41.2989
2419 57.4789 -30.2189
2420 47.4789 -27.1589
2421 54.4789 -31.4289
2422 36.4789 -28.9889
2423 31.4789 -52.6389
2424 27.4789 -47.9889
2425 39.4789 -45.6389
2426 57.4789 -30.5189
2427 28.4789 -52.4489
2428 51.4789 -32.6289
2429 55.4789 -36.0189
2430 54.4789 -36.4089
2431 42.4789 -50.2089
2432 47.4789 -48.9989
2433 50.4789 -32.3989
2434 46.4789 -42.2889
2435 29.4789 -42.4689
2436 36.4789 -38.0089
2437 41.4789 -25.6989
2438 40.4789 -23.7089
2439 45.4789 -37.4489
2440 53.4789 -34.2289
2441 44.4789 -49.4789
2442 50.4789 -42.2689
2443 49.4789 -48.1889
2444 45.4789 -30.0589
2445 45.4789 -26.8989
2446 34.4789 -41.5689
2447 58.4789 -31.0289
2448 25.4789 -26.7789
2449 38.4789 -54.9689
2450 35.4789 -47.1289
2451 55.4789 -27.1289
2452 57.4789 -34.9089
2453 55.4789 -24.7489
2454 45.4789 -42.7789
2455 40.4789 -55.3989
2456 24.4789 -38.4189
2457 27.4789 -54.3689
2458 48.4789 -31.8989
2459 51.4789 -27.1589
2460 35.4789 -45.8589
2461 33.4789 -44.0289
2462 23.4789 -26.2489
2463 25.4789 -43.0989
2464 55.4789 -38.0889
2465 46.4789 -27.1989
2466 57.4789 -32.5889
2467 36.4789 -25.9689
2468 37.4789 -25.7689
2469 31.4789 -43.1989
2470 31.4789 -46.0489
2471 55.4789 -29.6889
2472 47.4789 -45.0889
2473 57.4789 -32.7289
2474 34.4789 -37.2289
2475 48.4789 -33.5589
2476 24.4789 -55.5089
2477 50.4789 -24.0889
2478 28.4789 -39.2589
2479 58.4789 -27.8889
2480 50.4789 -26.3389
2481 48.4789 -25.6589
2482 25.4789 -35.0189
2483 58.4789 -27.0389
2484 51.4789 -41.9489
2485 56.4789 -29.9589
2486 52.4789 -37.4489
2487 28.4789 -58.5689
2488 49.4789 -29.3189
2489 53.4789 -38.1389
2490 50.4789 -24.7589
2491 29.4789 -45.7189
2492 58.4789 -27.4089
2493 33.4789 -56.1589
2494 30.4789 -37.6089
2495 44.4789 -42.1089
2496 35.4789 -41.7389
2497 24.4789 -35.4989
2498 52.4789 -25.9989
2499 33.4789 -47.6489
2500 46.4789 -33.8689
2501 24.4789 -40.5589
2502 36.4789 -48.8589
2503 56.4789 -33.4689
2504 49.4789 -37.5189
2505 44.4789 -34.3289
2506 31.4789 -27.4289
2507 49.4789 -26.6689
2508 44.4789 -26.4789
2509 31.4789 -41.5989
2510 48.4789 -41.9689
2511 26.4789 -34.6489
2512 23.4789 -49.0789
2513 54.4789 -37.0489
2514 43.4789 -35.7789
2515 53.4789 -36.1589
2516 32.4789 -25.4289
2517 43.4789 -41.5789
2518 56.4789 -26.4589
2519 29.4789 -24.0789
2520 29.4789 -53.2689
2521 44.4789 -33.3389
2522 38.4789 -51.0689
2523 40.4789 -52.6389
2524 50.4789 -45.9289
2525 47.4789 -27.2489
2526 58.4789 -26.5589
2527 41.4789 -33.1889
2528 35.4789 -52.1389
2529 31.4789 -28.8489
2530 23.4789 -28.5389
2531 24.4789 -54.1689
2532 36.4789 -56.8089
2533 35.4789 -39.3389
2534 42.4789 -47.4189
2535 37.4789 -30.8089
2536 48.4789 -41.9589
2537 42.4789 -42.9989
2538 50.4789 -46.7689
2539 43.4789 -35.6689
2540 29.4789 -40.4889
2541 39.4789 -43.6889
2542 40.4789 -49.4189
2543 43.4789 -44.8089
2544 51.4789 -26.7189
2545 45.4789 -50.0789
2546 33.4789 -53.2289
2547 57.4789 -33.8289
2548 48.4789 -26.1389
2549 53.4789 -41.3989
2550 31.4789 -44.1989
2551 37.4789 -37.3289
2552 27.4789 -44.4889
2553 41.4789 -33.2789
2554 53.4789 -30.0989
2555 54.4789 -32.5689
2556 50.4789 -38.9889
2557 45.4789 -49.2389
2558 28.4789 -49.2689
2559 57.4789 -31.0589
2560 38.4789 -42.7989
2561 45.4789 -35.8589
2562 47.4789 -43.9989
2563 32.4789 -46.1689
2564 49.4789 -25.4689
2565 24.4789 -25.2589
2566 31.4789 -32.3889
2567 35.4789 -52.4389
2568 52.4789 -34.0589
2569 47.4789 -26.2289
2570 51.4789 -29.7889
2571 27.4789 -41.8389
2572 49.4789 -42.1889
2573 27.4789 -27.7589
2574 53.4789 -25.7389
2575 33.4789 -30.5289
2576 42.4789 -31.0389
2577 54.4789 -31.6689
2578 36.4789 -33.1689
2579 23.4789 -44.7489
2580 27.4789 -51.0089
2581 41.4789 -30.3989
2582 56.4789 -34.7389
2583 48.4789 -39.3789
2584 23.4789 -29.1689
2585 32.4789 -31.0389
2586 52.4789 -34.5389
2587 31.4789 -52.3089
2588 24.4789 -54.5689
2589 54.4789 -27.7489
2590 54.4789 -31.9689
2591 43.4789 -37.4189
2592 57.4789 -33.7589
2593 24.4789 -40.1489
2594 40.4789 -48.0089
2595 53.4789 -30.6489
2596 58.4789 -27.0389
2597 37.4789 -53.5189
2598 41.4789 -50.9889
2599 57.4789 -29.1789
2600 35.4789 -54.1089
2601 50.4789 -37.6889
2602 40.4789 -23.7089
2603 28.4789 -34.4589
2604 35.4789 -24.6789
2605 36.4789 -24.1589
2606 45.4789 -47.5789
2607 45.4789 -39.2789
2608 33.4789 -36.7589
2609 54.4789 -32.3489
2610 44.4789 -43.9289
2611 47.4789 -46.8789
2612 57.4789 -32.1389
2613 35.4789 -33.3589
2614 24.4789 -34.3789
2615 38.4789 -38.8989
2616 57.4789 -30.8589
2617 38.4789 -29.7489
2618 28.4789 -35.1989
2619 57.4789 -26.4189
2620 44.4789 -41.5089
2621 29.4789 -24.6289
2622 44.4789 -51.2389
2623 30.4789 -43.0289
2624 35.4789 -38.4189
2625 57.4789 -25.8589
2626 46.4789 -36.9889
2627 37.4789 -41.9289
2628 28.4789 -48.2289
2629 57.4789 -24.8689
2630 40.4789 -54.9289
2631 40.4789 -33.7089
2632 58.4789 -30.9589
2633 34.4789 -42.4389
2634 40.4789 -48.2889
2635 25.4789 -39.1389
2636 39.4789 -51.5189
2637 28.4789 -29.9789
2638 40.4789 -51.2789
2639 52.4789 -34.8889
2640 53.4789 -35.9989
2641 46.4789 -44.6489
2642 38.4789 -27.0989
2643 58.4789 -31.1989
2644 32.4789 -25.9689
2645 30.4789 -43.5389
2646 49.4789 -26.4389
2647 45.4789 -40.7689
2648 44.4789 -53.3289
2649 48.4789 -41.6589
2650 45.4789 -36.1589
2651 23.4789 -30.4989
2652 55.4789 -33.1689
2653 23.4789 -43.5689
2654 56.4789 -37.0989
2655 26.4789 -48.7489
2656 25.4789 -40.2989
2657 27.4789 -44.1689
2658 31.4789 -40.5889
2659 40.4789 -33.3289
2660 39.4789 -25.0489
2661 47.4789 -41.5389
2662 36.4789 -54.7389
2663 50.4789 -38.9789
2664 46.4789 -42.6089
2665 55.4789 -24.2889
2666 48.4789 -42.9989
2667 30.4789 -57.5289
2668 56.4789 -34.3589
2669 38.4789 -31.6989
2670 41.4789 -52.6589
2671 24.4789 -39.1589
2672 27.4789 -56.4589
2673 40.4789 -37.9689
2674 48.4789 -33.2989
2675 53.4789 -31.6989
2676 46.4789 -25.2589
2677 51.4789 -40.9289
2678 31.4789 -46.1589
2679 54.4789 -24.6689
2680 24.4789 -33.1189
2681 43.4789 -39.6189
2682 27.4789 -31.3189
2683 30.4789 -46.8989
2684 39.4789 -41.8589
2685 35.4789 -48.2589
2686 23.4789 -35.6589
2687 37.4789 -33.5689
2688 39.4789 -31.3489
2689 41.4789 -54.7289
2690 52.4789 -43.9189
2691 50.4789 -41.0889
2692 34.4789 -58.2789
2693 37.4789 -30.2689
2694 27.4789 -49.4889
2695 54.4789 -32.2889
2696 24.4789 -50.9889
2697 30.4789 -59.3389
2698 46.4789 -26.6589
2699 47.4789 -43.1089
2700 40.4789 -23.9189
2701 56.4789 -25.1289
2702 53.4789 -24.3889
2703 25.4789 -37.2589
2704 45.4789 -32.3189
2705 55.4789 -35.4789
2706 52.4789 -41.0289
2707 52.4789 -30.5189
2708 30.4789 -36.6689
2709 42.4789 -36.8289
2710 55.4789 -35.8589
2711 51.4789 -25.8589
2712 33.4789 -26.6289
2713 23.4789 -43.7689
2714 37.4789 -50.5189
2715 56.4789 -36.3889
2716 27.4789 -47.3389
2717 51.4789 -32.1089
2718 25.4789 -42.3089
2719 28.4789 -46.5589
2720 50.4789 -26.9689
2721 23.4789 -23.4789
2722 28.4789 -47.6889
2723 43.4789 -28.9189
2724 55.4789 -35.3989
2725 43.4789 -25.6089
2726 37.4789 -26.9589
2727 46.4789 -39.1989
2728 35.4789 -27.7489
2729 41.4789 -41.9789
2730 30.4789 -52.4289
2731 40.4789 -45.7889
2732 28.4789 -47.4889
2733 45.4789 -47.5889
2734 23.4789 -29.8789
2735 51.4789 -37.0389
2736 32.4789 -43.2789
2737 31.4789 -49.9789
2738 41.4789 -35.6089
2739 46.4789 -34.9389
2740 52.4789 -39.2289
2741 26.4789 -41.3489
2742 58.4789 -25.0989
2743 51.4789 -41.3889
2744 32.4789 -30.6189
2745 56.4789 -38.1989
2746 44.4789 -27.8189
2747 27.4789 -37.4189
2748 43.4789 -29.4989
2749 37.4789 -32.1989
2750 57.4789 -29.7789
2751 31.4789 -49.3589
2752 37.4789 -56.8489
2753 41.4789 -34.6389
2754 49.4789 -47.8089
2755 50.4789 -42.5489
2756 51.4789 -35.6989
2757 45.4789 -51.8389
2758 40.4789 -53.5389
2759 42.4789 -43.7389
2760 23.4789 -44.6889
2761 26.4789 -47.8089
2762 50.4789 -35.5489
2763 51.4789 -32.4289
2764 36.4789 -35.8589
2765 35.4789 -30.5589
2766 51.4789 -25.4789
2767 55.4789 -24.2989
2768 24.4789 -33.3389
2769 42.4789 -50.3489
2770 23.4789 -55.6189
2771 29.4789 -56.3189
2772 43.4789 -26.8889
2773 23.4789 -44.7289
2774 26.4789 -32.4789
2775 31.4789 -49.7189
2776 36.4789 -48.5489
2777 28.4789 -56.2789
2778 37.4789 -34.3689
2779 39.4789 -30.2689
2780 42.4789 -42.4389
2781 58.4789 -28.9489
2782 35.4789 -41.3489
2783 57.4789 -31.3389
2784 29.4789 -52.8089
2785 24.4789 -31.4589
2786 30.4789 -41.1989
2787 37.4789 -35.8689
2788 40.4789 -24.0289
2789 48.4789 -34.6389
2790 34.4789 -44.2089
2791 43.4789 -52.2789
2792 27.4789 -51.4589
2793 51.4789 -35.9389
2794 26.4789 -32.3589
2795 28.4789 -41.1489
2796 39.4789 -51.1289
2797 53.4789 -36.8089
2798 55.4789 -32.4789
2799 42.4789 -24.7789
2800 48.4789 -33.4389
2801 47.4789 -33.3189
2802 51.4789 -27.6289
2803 43.4789 -29.8089
2804 53.4789 -32.8889
2805 33.4789 -48.7689
2806 1.47891 -32.8989
2807 -5.52109 -28.9389
2808 23.4789 -57.6889
2809 19.4789 -27.2789
2810 -2.52109 -25.6889
2811 20.4789 -53.9389
2812 -6.52109 -30.6489
2813 12.4789 -45.9089
2814 1.47891 -24.4989
2815 -5.52109 -43.5089
2816 8.47891 -27.5389
2817 19.4789 -36.6689
2818 6.47891 -37.1189
2819 10.4789 -24.9089
2820 -5.52109 -29.5489
2821 7.47891 -55.7089
2822 10.4789 -43.8089
2823 22.4789 -47.8989
2824 17.4789 -24.6089
2825 9.47891 -28.1589
2826 -6.52109 -40.2089
2827 8.47891 -23.7289
2828 13.4789 -25.4589
2829 7.47891 -44.5589
2830 22.4789 -46.4089
2831 19.4789 -24.5189
2832 0.478905 -35.9989
2833 4.47891 -35.6789
2834 11.4789 -28.2789
2835 -7.52109 -27.7289
2836 8.47891 -35.8689
2837 7.47891 -30.8489
2838 -8.52109 -23.6489
2839 0.478905 -35.7889
2840 21.4789 -42.0089
2841 -7.52109 -24.1589
2842 9.47891 -46.6589
2843 2.47891 -26.1589
2844 6.47891 -25.6089
2845 6.47891 -53.2189
2846 16.4789 -51.4089
2847 -6.52109 -28.0589
2848 -5.52109 -38.0089
2849 -7.52109 -24.6089
2850 17.4789 -30.9389
2851 1.47891 -34.2089
2852 5.47891 -45.8589
2853 -6.52109 -41.0989
2854 -11.5211 -23.8889
2855 -9.52109 -35.8889
2856 9.47891 -35.9289
2857 10.4789 -41.1989
2858 4.47891 -29.0289
2859 10.4789 -24.8389
2860 11.4789 -36.6989
2861 9.47891 -32.2689
2862 -7.52109 -33.8789
2863 13.4789 -33.5989
2864 5.47891 -50.6889
2865 18.4789 -38.2789
2866 12.4789 -45.1489
2867 18.4789 -27.5289
2868 -5.52109 -23.6389
2869 19.4789 -58.1189
2870 10.4789 -38.6089
2871 -1.52109 -24.5189
2872 -2.52109 -24.1389
2873 -8.52109 -35.2589
2874 -9.52109 -30.6889
2875 17.4789 -37.4189
2876 -11.5211 -29.7289
2877 -1.52109 -28.0589
2878 -1.52109 -47.1089
2879 -10.5211 -28.5889
2880 23.4789 -33.9489
2881 -3.52109 -32.5189
2882 -6.52109 -24.9689
2883 6.47891 -41.1889
2884 14.4789 -47.7689
2885 12.4789 -37.2189
2886 4.47891 -33.8789
2887 13.4789 -33.0489
2888 -11.5211 -24.0689
2889 8.47891 -42.7989
2890 -8.52109 -25.9789
2891 21.4789 -31.7189
2892 0.478905 -49.9989
2893 17.4789 -28.4389
2894 0.478905 -43.5289
2895 23.4789 -56.4789
2896 -0.521095 -27.5089
2897 -8.52109 -33.1889
2898 23.4789 -37.6489
2899 21.4789 -38.6889
2900 8.47891 -47.7789
2901 11.4789 -32.4189
2902 13.4789 -38.2589
2903 0.478905 -33.2889
2904 14.4789 -23.8689
2905 1.47891 -42.1789
2906 2.47891 -41.3989
2907 5.47891 -54.6789
2908 11.4789 -37.2789
2909 7.47891 -45.0789
2910 14.4789 -51.2389
2911 19.4789 -24.8989
2912 19.4789 -46.1589
2913 -9.52109 -34.3189
2914 10.4789 -33.5489
2915 -6.52109 -36.3189
2916 -1.52109 -43.5389
2917 17.4789 -56.5989
2918 -4.52109 -26.8189
2919 -1.52109 -37.2189
2920 -5.52109 -34.0689
2921 -0.521095 -41.6189
2922 -8.52109 -27.4189
2923 21.4789 -37.9589
2924 13.4789 -28.4989
2925 15.4789 -52.1189
2926 -7.52109 -40.1989
2927 -10.5211 -27.0689
2928 -4.52109 -31.1889
2929 4.47891 -52.2589
2930 17.4789 -47.0089
2931 -6.52109 -26.6789
2932 4.47891 -43.4489
2933 -8.52109 -36.4389
2934 -3.52109 -37.7689
2935 13.4789 -48.0389
2936 10.4789 -47.6589
2937 -6.52109 -38.4089
2938 23.4789 -45.5589
2939 -9.52109 -29.3789
2940 13.4789 -52.4989
2941 -2.52109 -25.3689
2942 9.47891 -32.5989
2943 3.47891 -48.6689
2944 8.47891 -40.9589
2945 -1.52109 -47.6189
2946 -9.52109 -25.1089
2947 -10.5211 -34.6089
2948 7.47891 -41.6589
2949 18.4789 -42.4289
2950 -7.52109 -34.3089
2951 0.478905 -39.3589
2952 -5.52109 -34.7289
2953 10.4789 -38.6489
2954 14.4789 -46.7489
2955 4.47891 -30.4389
2956 -9.52109 -26.0989
2957 18.4789 -45.5489
2958 9.47891 -51.8589
2959 9.47891 -38.5789
2960 -2.52109 -40.7489
2961 11.4789 -33.8689
2962 20.4789 -35.0989
2963 7.47891 -24.0289
2964 3.47891 -43.1289
2965 16.4789 -59.2689
2966 23.4789 -51.4989
2967 3.47891 -42.4889
2968 15.4789 -57.5289
2969 1.47891 -50.6089
2970 19.4789 -39.7389
2971 6.47891 -46.1289
2972 -8.52109 -23.9489
2973 -5.52109 -27.1389
2974 14.4789 -34.0289
2975 23.4789 -33.7089
2976 -3.52109 -32.5189
2977 5.47891 -40.7389
2978 21.4789 -28.6689
2979 10.4789 -34.4589
2980 23.4789 -48.3189
2981 5.47891 -35.8089
2982 12.4789 -57.4989
2983 13.4789 -33.6689
2984 -7.52109 -33.0489
2985 23.4789 -49.3989
2986 -11.5211 -24.4189
2987 6.47891 -31.2289
2988 22.4789 -27.3389
2989 22.4789 -53.2589
2990 9.47891 -29.1789
2991 18.4789 -58.2489
2992 -6.52109 -23.6289
2993 8.47891 -25.4089
2994 5.47891 -46.8389
2995 -11.5211 -29.6689
2996 14.4789 -30.2089
2997 23.4789 -56.0789
2998 8.47891 -40.8989
2999 4.47891 -52.3089
3000 20.4789 -34.1089
3001 -3.52109 -36.8189
3002 -9.52109 -32.3589
3003 10.4789 -52.9789
3004 8.47891 -44.0289
3005 19.4789 -27.1689
3006 -9.52109 -27.2889
3007 -6.52109 -38.5089
3008 10.4789 -55.4889
3009 3.47891 -33.3089
3010 10.4789 -54.8789
3011 -6.52109 -32.0989
3012 -9.52109 -30.0589
3013 21.4789 -38.8889
3014 22.4789 -57.5289
3015 19.4789 -27.9989
3016 18.4789 -49.5089
3017 20.4789 -47.2589
3018 -11.5211 -29.4789
3019 6.47891 -40.6589
3020 12.4789 -30.0889
3021 4.47891 -47.8389
3022 12.4789 -37.8489
3023 11.4789 -29.9189
3024 5.47891 -25.3589
3025 8.47891 -43.2789
3026 11.4789 -37.2989
3027 9.47891 -28.9389
3028 23.4789 -41.6489
3029 4.47891 -30.4089
3030 21.4789 -36.1089
3031 5.47891 -23.9089
3032 9.47891 -25.8489
3033 -2.52109 -38.0489
3034 6.47891 -28.0289
3035 -0.521095 -46.9689
3036 -0.521095 -27.1489
3037 -9.52109 -32.1089
3038 22.4789 -37.2489
3039 20.4789 -45.4289
3040 1.47891 -24.8289
3041 12.4789 -53.9789
3042 -1.52109 -41.6589
3043 19.4789 -40.0889
3044 16.4789 -36.8289
3045 20.4789 -30.0489
3046 17.4789 -57.5289
3047 -9.52109 -31.1189
3048 17.4789 -42.2289
3049 9.47891 -43.3089
3050 -2.52109 -27.4989
3051 11.4789 -45.9789
3052 -1.52109 -33.6589
3053 -6.52109 -42.7389
3054 -11.5211 -25.6889
3055 -2.52109 -39.6489
3056 -8.52109 -32.4489
3057 7.47891 -34.7689
3058 16.4789 -52.1189
3059 16.4789 -53.4989
3060 -0.521095 -35.4589
3061 19.4789 -46.9789
3062 12.4789 -57.6089
3063 -7.52109 -25.9689
3064 3.47891 -49.8889
3065 23.4789 -27.6989
3066 16.4789 -53.6489
3067 3.47891 -48.6389
3068 4.47891 -29.3389
3069 20.4789 -34.8189
3070 -4.52109 -37.1689
3071 3.47891 -25.6789
3072 -2.52109 -34.6789
3073 1.47891 -36.3389
3074 23.4789 -50.4089
3075 11.4789 -56.3589
3076 4.47891 -36.9989
3077 -7.52109 -35.9789
3078 -9.52109 -28.5389
3079 16.4789 -45.0489
3080 -7.52109 -27.3089
3081 0.478905 -48.9389
3082 7.47891 -31.5189
3083 9.47891 -31.3489
3084 5.47891 -49.5689
3085 -10.5211 -26.0189
3086 17.4789 -43.2589
3087 12.4789 -45.4489
3088 9.47891 -54.7689
3089 -7.52109 -34.3389
3090 17.4789 -23.7089
3091 -11.5211 -26.1689
3092 3.47891 -35.6589
3093 8.47891 -33.4089
3094 23.4789 -27.6589
3095 12.4789 -47.7489
3096 -1.52109 -39.8189
3097 -5.52109 -29.0189
3098 21.4789 -50.3489
3099 2.47891 -45.8089
3100 2.47891 -51.1489
3101 -3.52109 -30.7489
3102 6.47891 -54.1389
3103 19.4789 -41.4289
3104 8.47891 -46.0689
3105 -2.52109 -46.6889
3106 4.47891 -50.6089
3107 17.4789 -33.5889
3108 -11.5211 -25.0889
3109 7.47891 -49.0689
3110 20.4789 -46.0689
3111 -2.52109 -35.3289
3112 17.4789 -47.5889
3113 8.47891 -53.7989
3114 1.47891 -46.3189
3115 14.4789 -50.9489
3116 3.47891 -41.5289
3117 -7.52109 -26.4489
3118 -11.5211 -23.9889
3119 10.4789 -37.6689
3120 -7.52109 -42.2689
3121 -8.52109 -25.4589
3122 -0.521095 -50.3089
3123 -9.52109 -35.2289
3124 3.47891 -29.6489
3125 5.47891 -54.7589
3126 2.47891 -35.7189
3127 -9.52109 -28.1889
3128 0.478905 -33.0389
3129 8.47891 -23.8089
3130 -4.52109 -28.2089
3131 10.4789 -42.3989
3132 1.47891 -46.5589
3133 -6.52109 -33.4889
3134 0.478905 -42.8689
3135 -8.52109 -27.6989
3136 17.4789 -28.6089
3137 -4.52109 -30.6189
3138 -4.52109 -24.2889
3139 -9.52109 -26.3989
3140 -11.5211 -25.7489
3141 11.4789 -42.2389
3142 4.47891 -48.8489
3143 -3.52109 -33.8589
3144 6.47891 -24.0189
3145 -7.52109 -31.8189
3146 12.4789 -39.0389
3147 21.4789 -25.0489
3148 7.47891 -47.6789
3149 8.47891 -25.2389
3150 -11.5211 -24.7889
3151 -10.5211 -29.2889
3152 23.4789 -34.1889
3153 -11.5211 -31.3989
3154 -8.52109 -34.8389
3155 6.47891 -47.5089
3156 -3.52109 -37.5689
3157 -7.52109 -34.6589
3158 4.47891 -44.2589
3159 -8.52109 -30.8789
3160 14.4789 -32.7989
3161 -2.52109 -34.1189
3162 7.47891 -23.5289
3163 9.47891 -40.0489
3164 18.4789 -44.8089
3165 10.4789 -47.3689
3166 23.4789 -44.8289
3167 13.4789 -51.0889
3168 21.4789 -31.6589
3169 18.4789 -45.5889
3170 21.4789 -30.8989
3171 17.4789 -49.6989
3172 7.47891 -42.9389
3173 3.47891 -38.9889
3174 19.4789 -39.4889
3175 -7.52109 -25.6089
3176 -1.52109 -37.1789
3177 -6.52109 -28.2489
3178 -7.52109 -28.9989
3179 -10.5211 -35.0389
3180 -9.52109 -36.6689
3181 2.47891 -32.4889
3182 0.478905 -32.1589
3183 13.4789 -30.6089
3184 5.47891 -30.6789
3185 23.4789 -53.9189
3186 21.4789 -50.9089
3187 -6.52109 -35.1389
3188 -1.52109 -39.5889
3189 -5.52109 -35.1689
3190 11.4789 -53.6089
3191 20.4789 -57.4889
3192 -3.52109 -41.6089
3193 21.4789 -47.0989
3194 22.4789 -57.1289
3195 5.47891 -53.4989
3196 15.4789 -49.1589
3197 16.4789 -36.3889
3198 -8.52109 -38.6989
3199 6.47891 -37.7389
3200 9.47891 -25.3289
3201 9.47891 -36.0389
3202 19.4789 -52.3689
3203 12.4789 -40.6889
3204 19.4789 -37.9189
3205 4.47891 -47.1589
3206 -5.52109 -25.7389
3207 -5.52109 -25.3989
3208 8.47891 -40.4689
3209 1.47891 -49.0389
3210 -4.52109 -28.7689
3211 13.4789 -41.0089
3212 18.4789 -37.1289
3213 -8.52109 -32.8089
3214 -7.52109 -40.0089
3215 -7.52109 -30.2889
3216 -3.52109 -31.2889
3217 1.47891 -26.6689
3218 9.47891 -50.6089
3219 2.47891 -31.7389
3220 22.4789 -32.3189
3221 -6.52109 -33.1489
3222 1.47891 -42.1489
3223 -7.52109 -24.9689
3224 -11.5211 -23.6589
3225 -9.52109 -28.3089
3226 4.47891 -43.6289
3227 -4.52109 -27.9189
3228 23.4789 -58.8089
3229 18.4789 -53.6789
3230 9.47891 -47.8789
3231 2.47891 -48.7689
3232 2.47891 -43.3889
3233 -9.52109 -36.4389
3234 3.47891 -24.8989
3235 9.47891 -25.6189
3236 5.47891 -47.1689
3237 10.4789 -48.8389
3238 11.4789 -42.3989
3239 2.47891 -38.0289
3240 21.4789 -54.4189
3241 -11.5211 -23.5689
3242 22.4789 -24.2689
3243 -1.52109 -29.4089
3244 -4.52109 -35.3389
3245 -9.52109 -30.5089
3246 -2.52109 -40.1489
3247 -4.52109 -35.9989
3248 1.47891 -34.8089
3249 -4.52109 -40.6289
3250 20.4789 -25.6989
3251 -1.52109 -37.0089
3252 -7.52109 -39.0989
3253 18.4789 -42.7989
3254 17.4789 -24.2589
3255 -7.52109 -30.6489
3256 19.4789 -50.7789
3257 13.4789 -26.8089
3258 5.47891 -46.8389
3259 0.478905 -42.7389
3260 -2.52109 -26.3989
3261 -9.52109 -28.4889
3262 4.47891 -42.1389
3263 -1.52109 -24.1789
3264 -3.52109 -37.0089
3265 14.4789 -47.7489
3266 4.47891 -25.6189
3267 11.4789 -38.1889
3268 -8.52109 -38.2189
3269 4.47891 -28.2989
3270 19.4789 -34.4189
3271 -3.52109 -44.2489
3272 -1.52109 -45.7789
3273 13.4789 -38.3889
3274 -10.5211 -27.8889
3275 -9.52109 -25.8789
3276 5.47891 -26.9889
3277 22.4789 -49.9289
3278 6.47891 -26.9389
3279 20.4789 -54.1589
3280 20.4789 -35.9989
3281 4.47891 -32.2689
3282 17.4789 -30.7989
3283 21.4789 -51.9389
3284 13.4789 -46.0489
3285 18.4789 -25.0589
3286 8.47891 -48.7989
3287 20.4789 -27.2789
3288 9.47891 -37.9789
3289 16.4789 -28.2789
3290 -3.52109 -39.8889
3291 6.47891 -52.2489
3292 -8.52109 -38.1389
3293 0.478905 -32.0889
3294 -1.52109 -24.8989
3295 6.47891 -46.6389
3296 -11.5211 -29.2889
3297 8.47891 -48.6089
3298 -5.52109 -26.4489
3299 15.4789 -25.6689
3300 -10.5211 -23.8889
3301 -9.52109 -26.0589
3302 18.4789 -23.6489
3303 -6.52109 -36.3589
3304 12.4789 -47.6189
3305 -4.52109 -35.0589
3306 20.4789 -30.4089
3307 15.4789 -32.4689
3308 15.4789 -58.1089
3309 -0.521095 -34.7689
3310 22.4789 -26.4089
3311 2.47891 -32.9989
3312 21.4789 -40.9289
3313 1.47891 -45.8689
3314 9.47891 -39.2589
3315 9.47891 -47.9689
3316 20.4789 -31.8789
3317 0.478905 -38.9189
3318 -5.52109 -31.9689
3319 -0.521095 -39.7189
3320 8.47891 -48.0089
3321 1.47891 -46.6589
3322 17.4789 -59.2189
3323 10.4789 -55.0989
3324 2.47891 -46.2889
3325 0.478905 -24.9489
3326 0.478905 -39.8889
3327 4.47891 -44.0089
3328 -2.52109 -46.6489
3329 22.4789 -45.2789
3330 -7.52109 -34.0289
3331 10.4789 -56.6189
3332 -3.52109 -30.3589
3333 20.4789 -28.5189
3334 9.47891 -41.9089
3335 19.4789 -51.4889
3336 -0.521095 -42.6289
3337 -4.52109 -28.4689
3338 -9.52109 -27.4089
3339 18.4789 -38.7889
3340 0.478905 -47.5289
3341 1.47891 -33.0189
3342 5.47891 -33.2489
3343 8.47891 -47.3189
3344 -3.52109 -23.9989
3345 -4.52109 -36.8989
3346 -8.52109 -32.9389
3347 6.47891 -29.0289
3348 21.4789 -41.6789
3349 19.4789 -31.1989
3350 12.4789 -49.8789
3351 -2.52109 -43.5989
3352 12.4789 -47.9789
3353 12.4789 -23.9689
3354 -11.5211 -30.7189
3355 -4.52109 -40.6989
3356 18.4789 -34.5789
3357 -4.52109 -42.2689
3358 -11.5211 -31.3189
3359 12.4789 -51.8189
3360 19.4789 -38.7989
3361 14.4789 -31.9589
3362 17.4789 -45.8589
3363 3.47891 -28.5989
3364 -2.52109 -44.6389
3365 18.4789 -30.6889
3366 15.4789 -39.6289
3367 6.47891 -47.6389
3368 -1.52109 -40.9589
3369 14.4789 -29.5989
3370 2.47891 -42.9689
3371 -3.52109 -32.0589
3372 12.4789 -43.1089
3373 -6.52109 -28.4589
3374 16.4789 -30.5289
3375 10.4789 -43.8389
3376 18.4789 -47.6189
3377 15.4789 -37.6289
3378 15.4789 -57.8789
3379 23.4789 -38.5789
3380 11.4789 -43.1689
3381 8.47891 -34.1689
3382 -8.52109 -32.6889
3383 2.47891 -38.0089
3384 22.4789 -52.0189
3385 -1.52109 -40.9389
3386 -3.52109 -36.9989
3387 14.4789 -30.0989
3388 -8.52109 -32.4289
3389 15.4789 -57.6289
3390 19.4789 -38.4489
3391 12.4789 -49.3789
3392 0.478905 -49.8789
3393 22.4789 -37.1089
3394 -4.52109 -44.8489
3395 -5.52109 -31.8889
3396 21.4789 -57.5689
3397 17.4789 -33.8989
3398 21.4789 -28.9489
3399 -11.5211 -28.9889
3400 -9.52109 -24.6089
3401 17.4789 -55.0389
3402 22.4789 -31.5489
3403 17.4789 -39.8089
3404 -10.5211 -28.2989
3405 -9.52109 -37.5389
3406 23.4789 -43.5189
3407 -4.52109 -36.3889
3408 15.4789 -54.0589
3409 -11.5211 -26.2489
3410 -3.52109 -44.2789
3411 1.47891 -34.5389
3412 -9.52109 -32.7989
3413 -4.52109 -42.1889
3414 -7.52109 -41.4389
3415 4.47891 -27.3189
3416 10.4789 -27.2489
3417 7.47891 -45.7389
3418 3.47891 -45.0989
3419 -0.521095 -40.3789
3420 -8.52109 -25.6089
3421 7.47891 -28.2389
3422 -1.52109 -29.9689
3423 23.4789 -41.0989
3424 -11.5211 -29.7489
3425 8.47891 -50.0189
3426 16.4789 -36.0889
3427 3.47891 -42.4889
3428 14.4789 -28.0889
3429 3.47891 -39.7189
3430 6.47891 -38.4689
3431 11.4789 -51.1789
3432 15.4789 -23.9989
3433 19.4789 -37.5989
3434 13.4789 -30.0789
3435 1.47891 -29.5789
3436 14.4789 -40.5089
3437 4.47891 -51.9089
3438 -4.52109 -37.5889
3439 10.4789 -56.5889
3440 9.47891 -49.9589
3441 -9.52109 -28.9689
3442 14.4789 -58.2589
3443 17.4789 -49.0189
3444 16.4789 -24.2689
3445 5.47891 -52.4789
3446 13.4789 -52.8989
3447 9.47891 -41.5489
3448 5.47891 -36.6589
3449 0.478905 -35.5589
3450 16.4789 -52.7389
3451 9.47891 -40.5189
3452 10.4789 -32.5689
3453 -7.52109 -37.8089
3454 -8.52109 -25.5189
3455 -4.52109 -23.5789
3456 -8.52109 -28.0889
3457 11.4789 -41.6089
3458 4.47891 -32.1389
3459 -11.5211 -27.8189
3460 18.4789 -55.4889
3461 13.4789 -46.2389
3462 16.4789 -48.5589
3463 12.4789 -54.8489
3464 0.478905 -50.5389
3465 -9.52109 -37.5789
3466 -0.521095 -49.1589
3467 -2.52109 -44.1289
3468 -1.52109 -26.6189
3469 21.4789 -58.9789
3470 -2.52109 -38.4189
3471 11.4789 -32.2289
3472 -8.52109 -28.2389
3473 19.4789 -48.9889
3474 20.4789 -58.5989
3475 21.4789 -34.8789
3476 6.47891 -33.7189
3477 23.4789 -37.5689
3478 6.47891 -51.0289
3479 13.4789 -52.5989
3480 -2.52109 -44.4389
3481 9.47891 -55.4589
3482 23.4789 -50.8789
3483 11.4789 -48.9289
3484 17.4789 -48.0989
3485 -3.52109 -43.2489
3486 18.4789 -40.0789
3487 7.47891 -52.6489
3488 15.4789 -49.9189
3489 11.4789 -32.7889
3490 19.4789 -40.5389
3491 7.47891 -45.6989
3492 0.478905 -48.3989
3493 0.478905 -29.6389
3494 -0.521095 -30.2889
3495 -0.521095 -45.5789
3496 2.47891 -50.5389
3497 15.4789 -33.4489
3498 1.47891 -32.7189
3499 -3.52109 -30.0089
3500 8.47891 -54.3789
3501 17.4789 -56.9589
3502 21.4789 -59.3389
3503 6.47891 -33.8689
3504 1.47891 -43.8489
3505 21.4789 -30.3889
3506 -0.521095 -36.4189
3507 -1.52109 -45.2689
3508 -7.52109 -27.9589
3509 -7.52109 -27.8289
3510 -1.52109 -37.2689
3511 10.4789 -32.1089
3512 6.47891 -40.0489
3513 -4.52109 -40.7889
3514 21.4789 -39.5089
3515 11.4789 -56.6889
3516 5.47891 -54.6589
3517 10.4789 -48.9589
3518 3.47891 -42.8589
3519 12.4789 -43.3889
3520 0.478905 -32.0989
3521 -6.52109 -33.7089
3522 -4.52109 -46.4689
3523 21.4789 -40.4289
3524 -3.52109 -38.4889
3525 21.4789 -59.2789
3526 11.4789 -31.2689
3527 16.4789 -33.1289
3528 -9.52109 -31.5189
3529 -9.52109 -27.7089
3530 -11.5211 -25.8089
3531 -4.52109 -45.5289
3532 15.4789 -38.6489
3533 5.47891 -54.5989
3534 -11.5211 -29.9289
3535 -7.52109 -29.2989
3536 0.478905 -44.8489
