%%index real_part   imaginary_part
4552 4552 4552
1 35.59 8.72
2 43.59 8.59
3 11.14 25.15
4 6.57 33.57
5 11.55 6.19
6 6.6 12.78
7 9.14 14.64
8 6.46 36.36
9 27 4.3
10 30.25 16.82
11 24.91 21.84
12 7.61 38.68
13 12.86 16.28
14 6.28 11.41
15 27.35 0.45
16 32.7 2.85
17 11.45 18.95
18 0.1 32.29
19 1.38 2.11
20 8.3 30.19
21 22.49 12.94
22 7.1 38.43
23 30.79 11.15
24 15.45 13.56
25 30.39 37.32
26 15.16 25.22
27 19.9 34.82
28 7.1 2.29
29 13.71 32.76
30 12.73 36.9
31 39.76 41.06
32 39.53 24.95
33 13.24 30.73
34 32.84 19.15
35 5.34 14.63
36 27.57 20.66
37 38.61 7.35
38 18.5 34.67
39 27.75 25.41
40 42.25 33.95
41 38.69 14.14
42 4.96 13.41
43 39.23 14.59
44 26.87 35.59
45 28.49 32.46
46 9.04 19.13
47 0.08 3.77
48 34.5 4.58
49 23.73 36.85
50 7.48 2.86
51 3.05 8.6
52 15.95 14.57
53 28.76 41.66
54 2.59 34.46
55 3.93 12.51
56 26.66 0.84
57 37.78 42.63
58 13.22 11.14
59 2.73 33.01
60 21.47 19.62
61 38.75 10.75
62 14.52 30.51
63 35.09 18.35
64 11.2 28.55
65 10.93 38.35
66 2.95 42.2
67 12.77 13.98
68 35.17 18.9
69 32.88 41.53
70 33.57 37.76
71 18.13 36.82
72 35.45 16.23
73 27.37 11.91
74 0.92 28.19
75 3.81 9.63
76 20.38 22.39
77 8.9 22.08
78 19.96 34.9
79 42.97 23.52
80 17.87 31.16
81 29.37 9.91
82 23.89 0.34
83 19.24 21.66
84 19.2 38.58
85 32.35 8.13
86 24.47 32.29
87 4.52 6.48
88 18.39 15.92
89 23.63 11.41
90 0.56 19.31
91 21.22 6.97
92 29.05 20.94
93 35.37 9.64
94 33.16 5.01
95 15.7 34.34
96 0.25 30.55
97 30.89 24.59
98 2.25 3.67
99 42.25 29.66
100 17.31 0.97
101 33.26 30.6
102 16.6 41.78
103 37.22 17.3
104 8.24 14.51
105 13.34 16.85
106 23.82 8.8
107 29.75 34.56
108 0.21 32.4
109 16.93 21.12
110 34.98 12.89
111 22.97 12.15
112 36.74 35.24
113 38.91 9.86
114 19.04 39
115 19.49 37.16
116 3.29 36.35
117 34.13 32.28
118 5.58 19.89
119 34.41 6.87
120 23.73 13.82
121 2.15 3.75
122 17.84 27.07
123 15.47 31.9
124 32.54 41.57
125 10.46 11.93
126 24.08 23.52
127 38.28 12.95
128 2.34 16.83
129 35.35 33.19
130 5.88 21.38
131 13.74 34.36
132 22.64 9.17
133 8.58 27.39
134 34.27 28.23
135 21.57 22.51
136 5.79 37.52
137 20.59 23.72
138 35.14 23.63
139 21.2 15.59
140 27.52 3.2
141 6.25 11.18
142 24.14 31.12
143 27.47 0.53
144 13.25 26.48
145 3.86 18.82
146 32.71 19.13
147 7.82 41.12
148 24.52 11.35
149 19.1 16.4
150 38.92 38.31
151 31.83 20.2
152 43.92 0.71
153 3.86 8.42
154 3.53 14.59
155 17.79 25.06
156 15.76 31.05
157 41.7 3.56
158 4.1 19.42
159 25.42 25.17
160 0 17.35
161 16 8.81
162 5.93 12.23
163 23.58 23.82
164 19.74 9.97
165 4.28 42.69
166 18.89 38.18
167 38.89 36.11
168 24.06 42.33
169 36.44 22.27
170 26.85 27.59
171 38.17 33.76
172 37.32 42.62
173 18.04 35.87
174 17.04 41.42
175 38.29 43.47
176 31.8 40.56
177 8.79 33.81
178 13.63 37.73
179 3.71 11.9
180 10.59 33.38
181 27.56 31.51
182 23.63 9
183 30.85 1.98
184 24.25 27.21
185 10.8 23.3
186 13.06 7.11
187 29.25 4.97
188 20.36 6.38
189 27.33 26.81
190 5.8 37.41
191 13.49 1.14
192 34.96 37.6
193 10.86 1.81
194 13.71 4.59
195 17.49 14.57
196 25.6 3.82
197 12.82 24.58
198 6.08 28.75
199 11.96 43.67
200 2.49 30.33
201 16.96 22.77
202 7.26 15.55
203 1.46 25.73
204 8.55 27.63
205 0.56 28.79
206 29.93 14.35
207 31.48 37.57
208 39.38 0.41
209 28.53 42.34
210 36.43 9.09
211 12.91 25.54
212 6.12 18.03
213 2.79 5.25
214 28.45 12.2
215 22.06 14.75
216 17.04 30.94
217 26.02 18.54
218 0.28 24.31
219 31.46 27.48
220 12.27 32.35
221 26.22 32.02
222 5.11 21.72
223 1.66 13.7
224 12.04 0.5
225 33.11 30.19
226 11.73 4.47
227 2.03 2.03
228 30.8 41.38
229 9.58 4.82
230 43.09 15.25
231 25.72 11.16
232 9.23 16.14
233 40.45 7.74
234 35.22 33.03
235 21.38 27.91
236 39.45 27.01
237 28.25 27.12
238 40.83 0.56
239 24.58 29.91
240 39.62 32.39
241 16.39 13.7
242 39.25 7.36
243 4.74 18.42
244 2.76 26.05
245 20.83 37.84
246 28.53 1.85
247 17.99 2.55
248 10.29 37.76
249 6.31 14.44
250 21.87 25.03
251 8.04 27.69
252 10.81 40.84
253 41.41 15.81
254 1.73 31.16
255 43.08 21.99
256 15.21 20.87
257 28.23 15.47
258 13.41 10.46
259 36.52 12.49
260 29.86 16.17
261 18.02 36.87
262 39.42 37.91
263 11.19 36.02
264 29.98 29.23
265 10.26 17.5
266 1.19 31.38
267 28.22 41.82
268 37.15 35.52
269 2.21 5.15
270 6.67 38.88
271 39.28 1.29
272 16.76 21.88
273 32.35 3.03
274 15.53 30.17
275 25.86 4.39
276 41.26 24.91
277 18.82 43.88
278 15.42 16.2
279 1.43 30.01
280 3.51 1.41
281 32.79 35.21
282 33.03 28.22
283 43.26 40.53
284 1.69 26.18
285 0.59 1.47
286 26.28 8.36
287 30.24 19.39
288 22.42 22.56
289 32.25 42.11
290 2.5 37.95
291 42.38 14.11
292 14 23.28
293 39.48 40.72
294 6.25 29.42
295 10.35 20.43
296 11.64 33.28
297 17.5 22.66
298 19.2 24.19
299 29.9 40.29
300 21.28 20.89
301 8.77 10.01
302 29.4 3.57
303 26.13 39.01
304 16.65 7.82
305 25.3 14.39
306 28.5 19.15
307 21.96 23.68
308 43.93 22.02
309 30.97 17.44
310 37.88 6.18
311 39.47 41.32
312 43.51 5.52
313 9.24 36.49
314 12.3 18.71
315 19.12 39.14
316 5.15 33.59
317 37.16 27.89
318 2.42 34.55
319 21.89 42.81
320 36.72 19.07
321 17.75 3.19
322 6.4 0.75
323 2.29 39.71
324 13.15 6.33
325 12.51 33.26
326 10.11 30.55
327 15.6 31.5
328 3.52 9.62
329 28.33 24.84
330 43.5 15.82
331 5.41 26.97
332 10.86 4.65
333 18.72 22.09
334 0.43 13.28
335 11.88 40.61
336 43.81 37.15
337 17.42 29.63
338 25.34 6.21
339 36.06 19.72
340 8.98 18.01
341 4.57 28.09
342 15.6 19.09
343 8.23 43.69
344 4.05 19.12
345 14.46 36.56
346 43.05 3.55
347 8.2 19.88
348 21.49 9.91
349 2.72 26.92
350 3.05 21.92
351 15.08 38.12
352 23.75 2.86
353 32.59 32.5
354 31.74 28.61
355 2.62 24.65
356 8.75 40.73
357 39.34 30.71
358 30.4 3.87
359 22.99 3.58
360 19.66 34.45
361 38 16.97
362 36.85 18.72
363 8.15 25.72
364 32.16 14.35
365 15.79 34.39
366 28.51 35.22
367 38.08 30.87
368 42.9 31.78
369 16.39 6.2
370 30.85 10.16
371 30.41 19.02
372 29.25 39.6
373 43.47 25.76
374 8.86 39.18
375 9.15 1.98
376 18.96 8.04
377 6.28 26.68
378 8.4 35.33
379 29.2 14.44
380 28.35 40.57
381 11.31 1
382 11.39 36.39
383 24.17 28.91
384 35.11 33.81
385 43.98 20.09
386 18.63 21.97
387 41.09 30.39
388 35.67 3.88
389 43.06 40.57
390 22.07 0.53
391 32.1 31.74
392 14.42 20.55
393 35.41 38.38
394 32.34 22.82
395 42.91 20.61
396 1.13 40.22
397 32.61 33.74
398 18.66 12.53
399 2.34 36.3
400 12.39 9.77
401 31.74 25.84
402 35.76 31.02
403 14.43 28.84
404 4.93 27.43
405 7.49 37.01
406 24.75 6.52
407 6.6 39.59
408 13.49 39.17
409 41.52 42.01
410 18.62 1.84
411 42.06 19.95
412 9.7 19.76
413 11.81 30.67
414 2.49 7.88
415 17.65 37.67
416 19.52 14.89
417 25.43 28.92
418 37.28 34.8
419 18.23 19.38
420 12.4 42.21
421 28.25 5.24
422 0.83 16.67
423 35.37 34.85
424 32.86 14.33
425 39.69 12.41
426 11.88 31.01
427 30.29 37.75
428 3.94 1.1
429 8.98 42.1
430 35.77 29.95
431 24.36 26.64
432 11.56 34.81
433 25.61 5.8
434 4.7 28.36
435 6.09 23.37
436 28.61 40.62
437 13.3 34.34
438 4.72 8.97
439 2.82 28.19
440 40.6 17.1
441 4.11 42.51
442 15.78 32
443 33.11 13.92
444 12.02 43.24
445 29.19 42.09
446 4.25 27.32
447 18.13 9.56
448 38.88 39.33
449 23.69 23.27
450 2.64 43.58
451 40.21 29.78
452 43.65 31.25
453 19.74 33.03
454 17.22 4.37
455 21.47 22.56
456 21.07 37.34
457 25.34 5.11
458 19.03 16.37
459 15.61 14.45
460 36.07 10.58
461 37.9 0.81
462 10.37 19.84
463 15.18 35.55
464 14.82 5.25
465 28.35 18.39
466 27.7 17.46
467 28.24 24.56
468 13.59 27.35
469 11.24 3.98
470 6.07 10.33
471 3.67 12.23
472 40.86 6.66
473 23.04 29.02
474 22.99 39.42
475 6 18.17
476 18.98 15.06
477 14.43 23.42
478 14.97 8.87
479 37.64 9.13
480 27.52 9.32
481 26.78 22
482 2.56 34.74
483 41.61 34.54
484 18.05 39.68
485 6.01 32.37
486 0.61 24.12
487 30.78 33.21
488 41.75 20.99
489 16.41 33.34
490 7.52 20.74
491 15.33 22.41
492 25.35 26.5
493 14.9 29.76
494 18.41 40.33
495 5.65 8.54
496 30.54 25.45
497 16.2 11.95
498 26.02 12.63
499 8.31 13.81
500 25.71 0.07
501 3.71 37.84
502 6.57 26.32
503 3.31 34.49
504 3.36 4.32
505 4.59 43.25
506 1.18 10.88
507 16.9 19.92
508 29.2 26.54
509 2.39 31.8
510 40.35 3.61
511 29.06 8.04
512 43.51 6.41
513 19.04 24.78
514 18.12 25.53
515 5.12 6.87
516 24.24 43.83
517 5.67 8.83
518 22.85 30.81
519 35.14 8.98
520 31.75 26.21
521 16.61 19.25
522 18.69 32.94
523 15.48 33.51
524 0.84 3.89
525 31.02 17.87
526 5.43 20.71
527 27.12 39.6
528 43.91 4.94
529 10 2.17
530 32.56 18.03
531 41.38 15.12
532 23.96 12.8
533 43.62 3.05
534 35.55 26.33
535 8.54 14.28
536 33.53 23.31
537 12.25 4.67
538 38.18 8.22
539 35.63 27.73
540 25.12 18.54
541 39.25 2.17
542 21.29 30.55
543 15.01 22.38
544 4.07 21.2
545 39.23 25.01
546 40.14 36.63
547 5.44 36.61
548 19.18 43.62
549 25.95 28.58
550 22.38 10.74
551 34.05 14.01
552 42.2 35.43
553 23.17 25.82
554 9.55 15.9
555 34.45 14.8
556 40.49 14.19
557 24.26 29.7
558 31.6 17.78
559 38.99 39.27
560 20.29 35.67
561 28.31 13.74
562 29.88 39.95
563 19.09 13.27
564 21.37 5.06
565 15.8 24.56
566 18.09 43.75
567 35.18 29.37
568 11.19 16.29
569 32.19 14.35
570 8.67 0.26
571 14.45 22.64
572 31.87 5.16
573 2.46 38.71
574 13.51 19.47
575 11.15 41.45
576 34.72 13.32
577 9.27 18.98
578 11.77 20.6
579 25.66 7.88
580 32.44 33.14
581 32.89 20.99
582 6.36 6.53
583 2.34 3.59
584 17.94 17.56
585 17.82 14.05
586 36.7 6.13
587 11.29 11.8
588 30.03 4.09
589 23.56 13.75
590 34.73 43.54
591 12.86 34.71
592 33.21 25.45
593 25.57 1.65
594 33.05 0.98
595 13.64 7.23
596 7.74 21.49
597 7.54 2.53
598 29.64 14.11
599 11.19 33.4
600 3.46 3.58
601 9.71 8.53
602 20.33 19.68
603 23.77 0.52
604 37.8 29.89
605 29.43 3.33
606 17.57 8.05
607 13.02 21.82
608 2.99 6.78
609 31.29 38.59
610 1.82 36.05
611 37.06 0.93
612 26.99 9.57
613 3.2 24.13
614 13.53 12.63
615 39.74 14.39
616 22.92 16.99
617 36.67 28.97
618 9.02 22.78
619 8.67 16.44
620 43.3 2.82
621 34.39 17.62
622 39.44 16.87
623 3.17 3.41
624 42 21.96
625 14.01 34.46
626 14.92 23.34
627 12.43 7.07
628 31.2 21.43
629 13.58 15.63
630 9.54 24.26
631 41.25 9.32
632 17.82 11.99
633 34.77 13.45
634 29.89 26.84
635 29.66 22.96
636 40.58 29.19
637 25.58 20.05
638 2.98 15.55
639 37.51 28.76
640 42.74 0.98
641 24.32 7.52
642 38.11 37.18
643 14.61 16.28
644 11.43 4.84
645 29.1 7.72
646 17.04 20.98
647 12.49 5.87
648 19.32 34.86
649 17.7 3.26
650 5.74 28.74
651 37.45 26.88
652 26.45 2.32
653 17.87 19.04
654 27.32 29.43
655 9.93 11.38
656 42.42 5.58
657 42.77 13.78
658 30.06 36.54
659 20.9 36.9
660 0.62 41.49
661 41.99 6
662 35.39 41.19
663 11.57 10.48
664 37.26 10.72
665 18.98 8.8
666 15.2 43
667 24.85 12.43
668 10.99 21.18
669 6.61 42.72
670 33.63 17.83
671 23.42 40.07
672 9.85 11.57
673 27.63 1.71
674 18.13 19.43
675 40.44 4.53
676 34.05 18.76
677 39.47 38.44
678 4.92 25.45
679 15.69 7.04
680 39.36 21.71
681 20.71 34.67
682 26.62 10.57
683 31.75 1.56
684 23.81 37.62
685 34.97 17.88
686 13.95 36.96
687 28.05 14.39
688 39.62 3.32
689 22.75 11.69
690 16.22 13.76
691 12.04 19.2
692 37.16 29.8
693 11.25 7.51
694 38.07 21.6
695 43.31 26.94
696 41.13 33.44
697 0.01 43.55
698 24.63 23.75
699 40.89 31.76
700 29.16 27.96
701 0.44 31.87
702 25.78 43.12
703 25.96 28.5
704 40.19 21.41
705 14.69 28.24
706 3.44 35.93
707 1.25 26.73
708 13.76 20.12
709 41.72 12.5
710 18.96 7.83
711 41.27 20.56
712 20.11 39.61
713 19.37 20.8
714 32.08 24.26
715 8.23 39.78
716 7.17 17.25
717 39.89 8.67
718 37.17 32.96
719 33.89 21.85
720 6.09 12.88
721 28.34 28.1
722 10.83 33.05
723 9.17 29.59
724 21.62 24.59
725 11.94 30.42
726 6.98 40.58
727 15.72 32.74
728 9.54 6.61
729 30.87 35.09
730 10.39 21.15
731 38.4 18.62
732 27.3 17.57
733 30.05 13.81
734 35.66 43.99
735 12.88 43.46
736 27.56 21.28
737 33.85 20.74
738 6.33 17.91
739 42.5 22.55
740 8.97 27.95
741 4.06 33.96
742 22.7 39.47
743 25.6 19.78
744 34.39 11.77
745 32.92 12.47
746 31.1 0.78
747 41.87 27.32
748 20.65 37.92
749 17.43 27.92
750 27.38 12.31
751 13.11 9.83
752 30.57 10.94
753 28.85 2.97
754 25.52 36.91
755 0.38 6.87
756 40.84 14.01
757 33 4.44
758 3.74 43.06
759 10.83 14.6
760 6.59 38.13
761 18.44 43.75
762 6.59 17.21
763 11.13 16.31
764 0.24 27.24
765 19.08 8.09
766 17.92 7.14
767 18.09 32.19
768 14.68 4.5
769 20.93 26.46
770 12.86 19.72
771 33.73 21.31
772 5.28 33.22
773 32.28 22.73
774 16.85 9.02
775 26.68 43.12
776 22.39 23.45
777 40.66 24.64
778 40.95 28.99
779 12.23 31.32
780 39.41 20.71
781 27.86 10.83
782 22.55 13.33
783 41.35 25.47
784 31.45 37.23
785 12.96 18.28
786 39.6 0.31
787 33.53 26.21
788 4.95 24.4
789 33.42 21.82
790 0.46 1.32
791 24.77 39.62
792 20.26 22.85
793 7.84 0.96
794 11.8 40.74
795 17.45 43.6
796 33.95 7.21
797 0.06 24.83
798 6.3 12.5
799 5.74 41.42
800 39.22 37.76
801 38.07 42.22
802 24.43 14.34
803 38.74 27.61
804 28.95 8.9
805 10.23 7.69
806 3.31 29.41
807 31.78 35
808 15.48 3.1
809 43.84 19.15
810 18.75 27.28
811 14.01 17.29
812 42.13 32.22
813 0.73 14.08
814 35.02 27.95
815 1.23 6.47
816 4.69 30.24
817 0.59 39.31
818 2.44 8.64
819 17.55 39.33
820 26.54 10.91
821 19.84 27.78
822 42.3 29.86
823 12.48 7.62
824 26.77 13.79
825 41.07 12.32
826 9.13 25.04
827 13.27 11.09
828 4.69 7.26
829 14.74 14
830 43.99 19.23
831 5.47 15.97
832 34.8 28.2
833 36.84 29.58
834 4.44 16.76
835 27.67 10.39
836 38.17 30.98
837 40.36 27.03
838 34.66 36.48
839 29.79 8.84
840 21.16 17.43
841 42.48 26.86
842 17.47 30.3
843 17.08 35.27
844 5.27 1.68
845 20.91 11.34
846 27.32 28.78
847 12.98 26.39
848 35.49 41.64
849 14.41 5.82
850 16.22 39.93
851 6.44 21.6
852 4.64 33.91
853 26.39 2.8
854 11.65 18.82
855 15.77 12.18
856 18.57 12.33
857 22.15 37.77
858 29.04 15.56
859 17.25 39.24
860 30.1 13.83
861 42.61 38.16
862 20.55 13.42
863 34.59 11.59
864 17.42 35.57
865 31.5 5
866 6.12 13.16
867 3.07 37.94
868 20.27 34.28
869 9.1 29.47
870 21.17 31.92
871 23.77 24.88
872 18.65 19.26
873 34.83 1.93
874 20.69 27.22
875 41.05 8.08
876 25.76 6.79
877 43.74 39.67
878 30.78 25.84
879 17.41 34.33
880 18.85 27.72
881 40.88 4.91
882 22.38 24.97
883 38.78 43.96
884 8.95 42.65
885 10.09 3.88
886 8.28 9.64
887 28.91 33.86
888 15.31 6.46
889 13.2 43.26
890 30.86 36
891 22.32 10.25
892 29.44 12.62
893 38.46 22.06
894 35.91 16.23
895 43.95 11.87
896 40.31 10.76
897 15.25 20.36
898 20.32 42.21
899 40.86 10.03
900 37.44 8.79
901 18.43 30.47
902 43.85 25.24
903 31.7 26.86
904 5.64 15.17
905 30.69 0.9
906 34.68 36.5
907 5.13 9.01
908 10.59 43.64
909 15.87 43.59
910 34.99 26.02
911 36.78 39.35
912 39.23 31.3
913 9.03 8.04
914 41.59 15.55
915 3.86 5.89
916 15.88 35.03
917 39.8 22.29
918 28.68 15.73
919 30.9 7.02
920 31.45 34.32
921 26.83 41.12
922 29.65 22.13
923 21.77 11.48
924 34.59 40.25
925 22.27 17.17
926 36.04 25.58
927 36.4 38.58
928 26.14 31.27
929 26.34 1.43
930 30.84 3.25
931 38.29 30.2
932 32.01 2.72
933 41.98 13.61
934 20.63 16.69
935 7.02 8.4
936 5.52 8.08
937 30.21 13.37
938 24.85 35.18
939 10.95 31.51
940 4.68 15.44
941 20.55 33.22
942 7.32 -20.24
943 7.51 -36.47
944 17.43 -12.98
945 16.24 -33.85
946 20.05 -4.27
947 30.52 -34.05
948 3.66 -31.58
949 4.28 -8.02
950 16.42 -24.29
951 32.38 -34.82
952 4.19 -21.95
953 13.13 -18.59
954 29.62 -8.56
955 3.52 -3.6
956 16.34 -34.3
957 10.54 -3.59
958 40.07 -23.67
959 36.65 -41.57
960 31.42 -13.5
961 41.29 -8.89
962 42.94 -30.99
963 18.58 -7.33
964 15.35 -2.6
965 26.9 -2.38
966 37.2 -11.3
967 33.25 -38.8
968 36.91 -20.91
969 29.47 -25.9
970 29.5 -22.54
971 36.36 -12.51
972 16.11 -1.84
973 5.03 -2.91
974 24 -12.18
975 5.2 -41.69
976 30.1 -11.43
977 21.94 -2.49
978 33.35 -8.57
979 34.69 -20.04
980 22.42 -28.22
981 39.52 -41.11
982 35.91 -15.62
983 36.53 -28.77
984 34.19 -28.83
985 7.37 -1.52
986 14.04 -43.21
987 24.58 -43.73
988 26.16 -30.15
989 21.85 -29.61
990 6.82 -6.17
991 41.12 -27.05
992 9.06 -36.93
993 25.02 -42.58
994 18.63 -42.41
995 26.64 -15.71
996 12.83 -41.05
997 36.2 -1.68
998 30.46 -4.74
999 13.09 -8.25
1000 9.78 -0.17
1001 43.39 -20.46
1002 43.72 -3.34
1003 33.49 -23.97
1004 33.1 -5.4
1005 11.57 -11.34
1006 17.91 -39.93
1007 12.38 -32.21
1008 10.32 -26.97
1009 4.91 -37.4
1010 9.11 -28.95
1011 5.52 -11.07
1012 12.75 -1.46
1013 29.73 -41.72
1014 5.98 -22.73
1015 22.91 -42.82
1016 42.81 -15.76
1017 42.62 -1.82
1018 5.31 -42.53
1019 27.45 -32.11
1020 22.97 -38.41
1021 34.34 -18.55
1022 6.76 -20.4
1023 26.89 -2.72
1024 40.12 -17.08
1025 25.55 -31.8
1026 22.39 -28.76
1027 30.22 -31.08
1028 28.8 -35.15
1029 13.88 -15.95
1030 38.3 -14.3
1031 9.58 -16.31
1032 41.65 -37.11
1033 15.16 -8.2
1034 19.83 -2.96
1035 20.9 -42.61
1036 17.16 -42.8
1037 42.72 -34.76
1038 37.49 -3.45
1039 0.05 -25.62
1040 36.94 -13.13
1041 21.41 -25.61
1042 36.21 -15.34
1043 6.49 -31.16
1044 26.63 -21.01
1045 35.32 -43.89
1046 39.73 -20.93
1047 37.56 -0.9
1048 32.63 -37.38
1049 19.87 -8.72
1050 30.86 -8.46
1051 30.79 -20.29
1052 11.05 -27.54
1053 10.51 -29.51
1054 11.13 -28.06
1055 20.72 -10.57
1056 15.7 -4.08
1057 19.42 -42.13
1058 29.29 -7.91
1059 28.92 -5.43
1060 28.84 -11.93
1061 12.38 -43.76
1062 24.19 -24.57
1063 41.48 -5.95
1064 38.19 -12.82
1065 0.8 -40.87
1066 17.16 -25.05
1067 32.12 -31.59
1068 17.11 -28.21
1069 35.8 -42.63
1070 9.2 -7.76
1071 11.84 -12.52
1072 34.17 -4.42
1073 12.33 -10.78
1074 39.73 -42.99
1075 10.92 -20.78
1076 0.06 -24.58
1077 5.15 -2.82
1078 8.77 -3.77
1079 40.11 -26.15
1080 23.02 -2.97
1081 7.54 -40.92
1082 28.51 -19.7
1083 27.44 -39.66
1084 17.82 -25.14
1085 32.91 -19.24
1086 11.28 -6.54
1087 10.97 -24.27
1088 14.58 -1.45
1089 0.44 -23.3
1090 23.6 -10.31
1091 34.89 -34.88
1092 37.71 -23.67
1093 27.44 -19.57
1094 25.24 -2.48
1095 28.97 -23.56
1096 0 -27.79
1097 3.49 -36.52
1098 11.7 -28.51
1099 33.18 -30.93
1100 29.69 -29.52
1101 36.07 -22.09
1102 25.88 -40.97
1103 42.43 -3.04
1104 5.86 -40.46
1105 30.3 -42.87
1106 33.76 -8.99
1107 32.66 -21.19
1108 20.28 -6.99
1109 9.47 -39.62
1110 42.7 -25.05
1111 8.84 -38.45
1112 10.49 -42.7
1113 6.74 -12.33
1114 22.79 -22.19
1115 31.24 -19.44
1116 21.05 -8.48
1117 5.46 -23.31
1118 5.87 -2.93
1119 22.92 -27.41
1120 5.8 -35.25
1121 0.24 -9.22
1122 9.93 -19.08
1123 26.07 -12.42
1124 31.57 -30.22
1125 34.79 -35.55
1126 9.52 -9.79
1127 8.5 -43.63
1128 11.96 -43.53
1129 21.72 -38.76
1130 14.2 -14.27
1131 2.28 -32.48
1132 35.31 -35.25
1133 17.7 -31.26
1134 14.67 -20.7
1135 35.48 -40.62
1136 5.84 -20.47
1137 39.56 -35.72
1138 27.67 -15.78
1139 25.52 -21.63
1140 36.7 -38.76
1141 4.55 -39.83
1142 39.46 -25.74
1143 25.27 -36.57
1144 10.85 -30.94
1145 1.22 -26.52
1146 15 -25.05
1147 39.82 -3.5
1148 34.76 -6.32
1149 6.54 -13.53
1150 33.67 -28.95
1151 28.94 -42.02
1152 13.27 -19.04
1153 14.34 -24.5
1154 25.66 -40.94
1155 15.22 -19.38
1156 15.21 -41.88
1157 23.63 -19.77
1158 12.35 -10.67
1159 41.61 -4.9
1160 31.42 -23.2
1161 27.78 -22.35
1162 5.37 -25.95
1163 32.27 -3.12
1164 40.17 -40.13
1165 4.6 -38.81
1166 36.84 -29.85
1167 28.41 -33.55
1168 14.05 -29.63
1169 26.57 -42.75
1170 18.13 -19.23
1171 17.12 -41.79
1172 41.08 -33.34
1173 23.53 -20.27
1174 25.17 -32.95
1175 12.16 -21.14
1176 23.02 -36.12
1177 18.07 -19.46
1178 2.1 -28.39
1179 24.53 -29.86
1180 4.19 -42.28
1181 7.65 -29.13
1182 18.68 -20.55
1183 6.18 -36.06
1184 34.81 -12.26
1185 11.01 -32.75
1186 10.06 -8.94
1187 21.8 -7.65
1188 27.92 -30.67
1189 19.62 -1.33
1190 1.99 -32.62
1191 24.74 -11.3
1192 10.28 -25.01
1193 9.41 -42.81
1194 28.67 -12.39
1195 10.67 -13.46
1196 22.11 -12.38
1197 32.94 -18.32
1198 10.38 -20.32
1199 12.1 -39.12
1200 7.4 -24.71
1201 33.65 -23.11
1202 30.77 -17.46
1203 27.65 -34.97
1204 15.82 -38.21
1205 26.83 -3.28
1206 14.58 -17.81
1207 42.83 -31.09
1208 29.9 -24.87
1209 37.26 -31.76
1210 24.74 -38.09
1211 6.48 -27.45
1212 1.77 -2.85
1213 23.17 -18.94
1214 14.06 -35.67
1215 16.38 -14.79
1216 37.91 -21.46
1217 18.45 -29.55
1218 20.52 -4.2
1219 42.41 -2.1
1220 5.38 -36.34
1221 33.67 -4.77
1222 35.86 -43.49
1223 24.36 -12.02
1224 43.78 -1.29
1225 18.9 -41.14
1226 24.59 -24.52
1227 6.9 -4.9
1228 23.84 -5.88
1229 41.55 -9.59
1230 24.39 -37.91
1231 38.89 -13.93
1232 43.48 -18.3
1233 2.02 -13.34
1234 15.45 -43.52
1235 15.38 -23.95
1236 28.72 -0.35
1237 43.84 -5.05
1238 17.08 -0.11
1239 24.92 -3.72
1240 0.86 -16.86
1241 20.91 -43.82
1242 28.25 -4.97
1243 10.85 -7.33
1244 16.92 -31.61
1245 5.04 -8.4
1246 1.85 -41.31
1247 39.13 -43.94
1248 13.28 -24.85
1249 24.37 -41.15
1250 21.11 -8.25
1251 8.61 -39.75
1252 0.81 -29.35
1253 8.98 -31.97
1254 35.7 -41.41
1255 37.79 -33.9
1256 13.25 -36.56
1257 21.06 -14.7
1258 22.03 -41.5
1259 8.63 -31.91
1260 19.84 -18.48
1261 15.79 -13.68
1262 13.62 -21.69
1263 2.55 -10.93
1264 31.6 -6.42
1265 38.2 -6.44
1266 25.72 -32.23
1267 17.59 -26.33
1268 14.3 -6.05
1269 3.46 -6.09
1270 40 -6
1271 22.09 -41.25
1272 35.48 -9.25
1273 30.27 -43.15
1274 10.58 -13.51
1275 31.99 -38.9
1276 32.1 -30.42
1277 31.64 -27.31
1278 17.76 -1.72
1279 31.67 -13.71
1280 20.15 -5.36
1281 37.6 -5.39
1282 31.72 -1.87
1283 7.92 -34.71
1284 40.8 -2.02
1285 8.03 -34.9
1286 32.16 -36.8
1287 25.57 -9.64
1288 8.79 -23.64
1289 16.67 -35.36
1290 9.79 -19.37
1291 5.8 -28.19
1292 11.5 -41.89
1293 23.14 -16.96
1294 30.67 -29.26
1295 14.14 -34.33
1296 39.72 -30.34
1297 32.22 -7.74
1298 42.45 -27.44
1299 8.98 -19.66
1300 34.09 -18.78
1301 35.1 -40.53
1302 6.17 -22.25
1303 25.41 -16.68
1304 31.56 -38.48
1305 13.86 -42.08
1306 26.27 -41.35
1307 18.77 -43.18
1308 16.14 -17.29
1309 26.07 -41.91
1310 11.76 -26.33
1311 12.67 -40.22
1312 27.48 -7.48
1313 14.44 -24.41
1314 23.6 -5.46
1315 24.24 -2.94
1316 43.48 -13.69
1317 15.46 -15.34
1318 11.54 -29.17
1319 23.66 -40.87
1320 38.95 -43.11
1321 19.98 -17.04
1322 39.74 -0.75
1323 41.56 -38.75
1324 16.18 -35.4
1325 17.73 -23.64
1326 43.38 -27.94
1327 14.94 -9.92
1328 34.34 -6.38
1329 11.84 -8.9
1330 11.85 -37.46
1331 7.15 -15.6
1332 10.47 -34.85
1333 43.54 -22.61
1334 19.48 -22.01
1335 0.64 -23.2
1336 19.76 -37.95
1337 18.22 -0.15
1338 18.42 -15.5
1339 6.9 -15.79
1340 18.95 -14.13
1341 42.07 -4.15
1342 14.08 -41.85
1343 4.23 -36.54
1344 24.96 -27.94
1345 21.4 -16.08
1346 11.2 -16.33
1347 7.18 -28.55
1348 30.68 -21.67
1349 23.21 -6.73
1350 9.45 -29.68
1351 3.15 -23.85
1352 24 -8.74
1353 24.24 -21.38
1354 37.17 -21.95
1355 36.08 -10.67
1356 38.34 -35.64
1357 33.49 -13.67
1358 6.21 -8.42
1359 15.88 -37.72
1360 33.32 -10.7
1361 27.03 -37.28
1362 1.35 -24.05
1363 1.72 -34.22
1364 20.47 -32.03
1365 41.23 -24.93
1366 28.31 -9.44
1367 18.18 -0.39
1368 21.77 -31.83
1369 9.78 -21.95
1370 12.14 -38.46
1371 30.1 -1.86
1372 15.54 -6.48
1373 38.43 -43.11
1374 36.83 -1.27
1375 11.97 -33.83
1376 27.12 -5.68
1377 29.73 -39.01
1378 8.75 -28.47
1379 40.03 -10.97
1380 35.91 -8.74
1381 18.18 -16.78
1382 17.17 -20.22
1383 31.57 -15.89
1384 17.36 -18.46
1385 36.44 -41.36
1386 22.74 -29.5
1387 15.5 -22.54
1388 1.17 -38.28
1389 19.08 -33.45
1390 23.29 -38.01
1391 23.21 -31.05
1392 5.58 -29.93
1393 37.92 -32.46
1394 43.43 -37.85
1395 2.59 -13.47
1396 30.26 -35.34
1397 35.08 -0.3
1398 16.19 -26.95
1399 1.42 -22.66
1400 43.54 -13.07
1401 22.09 -37.86
1402 39.93 -22.28
1403 40.09 -17.11
1404 6.57 -41.1
1405 14.63 -15.17
1406 25.74 -9.38
1407 18.83 -17.36
1408 5.82 -31.33
1409 4.7 -12.75
1410 26.23 -5.26
1411 20.12 -7.3
1412 7.6 -36.01
1413 18.96 -11.21
1414 13.39 -3.31
1415 16.38 -43.9
1416 37.77 -36.45
1417 14.73 -17.99
1418 35.1 -13.22
1419 10.32 -10.82
1420 25.99 -21.19
1421 30.57 -4.48
1422 21.84 -31.26
1423 18.59 -28.92
1424 41.68 -27.67
1425 12.45 -23.29
1426 10.11 -3.43
1427 39.44 -32.57
1428 23.3 -41.23
1429 0.54 -37.92
1430 37.83 -16.21
1431 8.66 -40.44
1432 14.43 -11.12
1433 24.34 -23.4
1434 13.74 -29.06
1435 6.25 -14.18
1436 18.66 -19.26
1437 6.52 -36.83
1438 21.75 -40.51
1439 3.7 -4.63
1440 7.44 -42.95
1441 25.9 -16.15
1442 4.72 -17.56
1443 14.79 -0.86
1444 38.79 -7.55
1445 23.76 -38.86
1446 35.3 -12.14
1447 23.26 -32.43
1448 35.35 -29.26
1449 14.32 -3.6
1450 17.78 -5.09
1451 3.87 -20.57
1452 36.92 -15.97
1453 36 -10.39
1454 15.02 -38.2
1455 16.67 -39.7
1456 35.37 -22.47
1457 40.03 -42.58
1458 43.44 -19.61
1459 27.16 -34.34
1460 29.2 -38.23
1461 6.37 -6.93
1462 18.88 -0.03
1463 29.29 -9.15
1464 12.75 -10.23
1465 38.84 -23.13
1466 23.22 -10.06
1467 5.55 -42.72
1468 32.63 -16.15
1469 33.87 -41.55
1470 16.77 -3.66
1471 26.13 -6.54
1472 5.12 -8.14
1473 7.27 -1.68
1474 36.02 -4.57
1475 22.32 -34.44
1476 20.89 -0.75
1477 0.78 -8.22
1478 17.37 -19.29
1479 9.04 -9.59
1480 32.72 -9.65
1481 43.23 -3.88
1482 26.12 -11.94
1483 7.61 -4.78
1484 25.85 -14.76
1485 41.94 -41.48
1486 27.55 -22.14
1487 9.8 -3.59
1488 5.27 -32.67
1489 16.76 -17.07
1490 31.03 -20.81
1491 1.08 -18.61
1492 26.83 -31.44
1493 6.73 -1.86
1494 11.45 -23.72
1495 33.37 -15.77
1496 43.18 -23.69
1497 15.16 -12.12
1498 40.42 -4.82
1499 19.58 -2.29
1500 23.3 -22.27
1501 23.93 -17.52
1502 0.63 -6.85
1503 19.04 -33.73
1504 6.81 -5.9
1505 6.24 -35.81
1506 10.42 -37.84
1507 25.29 -7.32
1508 32.71 -16.77
1509 40.49 -11.54
1510 27.32 -23.68
1511 3.38 -9.39
1512 21.51 -6.02
1513 10.84 -42.06
1514 0.35 -17.94
1515 19.73 -9.95
1516 6.99 -23.65
1517 10.02 -43.67
1518 12.92 -7.63
1519 13.53 -29.07
1520 0.4 -19.73
1521 37.1 -43.29
1522 30.14 -34.34
1523 7.11 -41.91
1524 9.45 -18.85
1525 42.53 -3.6
1526 36.51 -16.29
1527 22.31 -25.43
1528 23.49 -14.03
1529 11.49 -33.16
1530 43.11 -3.37
1531 6.54 -10.74
1532 33.93 -6.1
1533 37.25 -16.57
1534 25.16 -2.86
1535 2.11 -30.31
1536 29.6 -25.56
1537 15.9 -39.21
1538 16.64 -15.74
1539 14.11 -2.53
1540 29.65 -26.1
1541 21.91 -36.17
1542 17.6 -22.17
1543 36.2 -0.23
1544 12.91 -20.62
1545 3.51 -27.21
1546 17.47 -35.54
1547 21.16 -10.05
1548 6.14 -7.41
1549 33.79 -14.42
1550 0.73 -10.82
1551 15.9 -35.9
1552 10.64 -9.85
1553 5.12 -11.32
1554 13.85 -6.8
1555 32.9 -19.23
1556 11.4 -43.51
1557 21.68 -34.34
1558 34.57 -8.53
1559 29.15 -37.4
1560 20.61 -27
1561 18.54 -12.18
1562 22.23 -38.08
1563 25.01 -39.7
1564 33.64 -7.9
1565 42.24 -14.8
1566 30.23 -34.37
1567 0.23 -14.15
1568 25.47 -40.87
1569 27.19 -28.87
1570 4.1 -39.33
1571 18.36 -16.1
1572 29.96 -39.03
1573 3.56 -40.04
1574 12.96 -20.53
1575 3.53 -12.23
1576 24.41 -33.57
1577 7.17 -1.59
1578 41.29 -26.16
1579 13.58 -32.19
1580 26.51 -30.94
1581 0.83 -11.83
1582 25.98 -12.74
1583 33.13 -24.58
1584 9.45 -30.97
1585 5.82 -16.33
1586 11.95 -37.08
1587 32.11 -24.18
1588 43.74 -41.91
1589 41.96 -15.19
1590 27.42 -12.7
1591 25.79 -25.01
1592 26.6 -31.35
1593 13.51 -32.97
1594 0.68 -3.41
1595 13.87 -27.1
1596 18.45 -27.19
1597 19.46 -38.23
1598 18.81 -23.95
1599 10.92 -8.59
1600 4.44 -7.79
1601 0.87 -40.27
1602 20.45 -16.39
1603 37.82 -32.98
1604 4.17 -43.72
1605 35.94 -35.78
1606 16.79 -11.11
1607 42.46 -17.74
1608 30.23 -22.91
1609 5.85 -35.49
1610 42.11 -30.91
1611 37.62 -43.24
1612 37.47 -16.56
1613 40.51 -13.08
1614 21.68 -35.81
1615 43.6 -30.96
1616 27.23 -26.12
1617 22.04 -0.47
1618 12.97 -27.2
1619 6.44 -15.86
1620 31.17 -17.14
1621 7.77 -42.39
1622 16.13 -3.96
1623 6.4 -6.23
1624 21.24 -25.88
1625 12.79 -35.77
1626 35.01 -19.36
1627 15.44 -29.93
1628 43.02 -28.49
1629 20.3 -35.48
1630 22.44 -20.7
1631 26.34 -19.9
1632 43.89 -29.19
1633 35.91 -27.9
1634 43.77 -12.86
1635 9.52 -42.36
1636 40.75 -30.94
1637 14.42 -17.29
1638 3.04 -36.4
1639 18.28 -0.34
1640 36.11 -24.28
1641 23.16 -10.59
1642 40.52 -27.13
1643 35.14 -38.61
1644 30.09 -19.06
1645 39.76 -11.44
1646 10.86 -32.05
1647 17.24 -1.63
1648 29.53 -10.75
1649 23.61 -9.15
1650 31.03 -8.82
1651 19.28 -33.13
1652 29.94 -27.78
1653 43.7 -33.71
1654 34.05 -12.5
1655 36.78 -41.5
1656 31.61 -5.69
1657 32.82 -39.47
1658 34.08 -7.66
1659 26.72 -23.96
1660 14.92 -20.17
1661 8.22 -2.01
1662 3.64 -25.78
1663 36.53 -4.98
1664 37.65 -12.69
1665 1.04 -39.66
1666 8.31 -24.69
1667 31.99 -20.32
1668 10.03 -38.25
1669 6.75 -31.7
1670 8.72 -23.61
1671 29.3 -23.05
1672 18.52 -40.34
1673 4 -41.64
1674 1.12 -32.12
1675 8.29 -30.72
1676 32.73 -16.04
1677 41.82 -40.03
1678 24.53 -15.89
1679 28.59 -13.87
1680 9.53 -18.19
1681 42.88 -9.15
1682 29.47 -41.36
1683 35.61 -30.87
1684 42.09 -39.51
1685 42.64 -21.88
1686 0.93 -6.82
1687 26.68 -7.46
1688 5.1 -42.98
1689 31.1 -30.68
1690 40.92 -6.22
1691 22.26 -18.92
1692 38.47 -29.66
1693 25.07 -43.6
1694 13.47 -19.01
1695 37.2 -33.18
1696 42.33 -2.52
1697 23.4 -36.08
1698 2.47 -27.81
1699 2.84 -15.01
1700 16.41 -0.57
1701 30.91 -1.48
1702 8.94 -40.86
1703 39.84 -13.59
1704 23.79 -14.04
1705 43.78 -6.47
1706 4.91 -20.71
1707 29.89 -22.04
1708 1.16 -43.38
1709 18.39 -10.97
1710 23.67 -38.15
1711 40.67 -35.11
1712 6.71 -22.01
1713 29.34 -20.07
1714 14.6 -9.19
1715 33.28 -32.18
1716 33.66 -10.53
1717 7.39 -43.71
1718 13.3 -22.12
1719 15.68 -26.76
1720 12.75 -37.09
1721 37.32 -15.46
1722 17.02 -17.66
1723 17.04 -2.74
1724 37.23 -18.18
1725 12.33 -14.96
1726 29.59 -16.9
1727 18.43 -32.52
1728 32.11 -36.31
1729 25.02 -3.77
1730 35.95 -26.23
1731 36.76 -37.82
1732 37.53 -5.13
1733 27.25 -0.15
1734 6.43 -6.83
1735 23.44 -42.93
1736 37.91 -19.18
1737 36.84 -40.28
1738 43.02 -10.93
1739 29.11 -33.41
1740 27.89 -36.25
1741 32.68 -20.96
1742 9.48 -13.48
1743 5.79 -7.11
1744 10.89 -21.11
1745 3.34 -10.33
1746 4.15 -26.36
1747 31.5 -40.1
1748 19.78 -41.68
1749 28.03 -38.27
1750 16.73 -26.21
1751 24.92 -7.47
1752 27.28 -10.64
1753 1.1 -17.76
1754 30.69 -26.3
1755 42.08 -9.73
1756 30.7 -14.58
1757 28.07 -10.28
1758 40.91 -19.7
1759 40.82 -13.38
1760 23.72 -31.32
1761 13.69 -0.16
1762 19.79 -27.87
1763 5.08 -24.71
1764 18.98 -19.09
1765 1.3 -33.11
1766 20.11 -15.23
1767 25.88 -5.74
1768 23.51 -3.39
1769 29.69 -26.98
1770 36.71 -33.72
1771 4.31 -7.29
1772 41.09 -2.93
1773 22.64 -32.38
1774 1.76 -38.01
1775 25.33 -42.98
1776 43.14 -5
1777 12.4 -39.02
1778 43.25 -42.45
1779 17.54 -17.48
1780 6.59 -18.24
1781 12.99 -42.37
1782 4.11 -26.7
1783 30.09 -38.87
1784 1.37 -7.14
1785 40.87 -39.31
1786 26.12 -17.61
1787 20.54 -1.18
1788 13.08 -23.22
1789 17.23 -22.7
1790 21.68 -38.36
1791 43.37 -22.08
1792 17.11 -20.83
1793 42.8 -11.77
1794 29.25 -39.88
1795 37.64 -16.35
1796 14.72 -15.36
1797 42.07 -6.64
1798 1.51 -18.83
1799 25.98 -7.68
1800 26.51 -26.41
1801 0.02 -22.85
1802 3.55 -8.64
1803 11.38 -20.56
1804 43.27 -16.63
1805 10.99 -8.13
1806 30.21 -0.47
1807 21.3 -10.36
1808 1.65 -26.84
1809 22.73 -20.11
1810 15.98 -10.42
1811 25.79 -16.37
1812 23.01 -30.7
1813 29.05 -3.38
1814 34.58 -24.53
1815 30.46 -11.03
1816 13.4 -17.1
1817 5.26 -30.48
1818 30.56 -16.95
1819 13.1 -40.16
1820 4.29 -9.35
1821 9.83 -24.1
1822 13.98 -34.5
1823 17.35 -10.65
1824 10.28 -15.64
1825 5.58 -40.08
1826 12.45 -26.26
1827 12.96 -10.89
1828 37.79 -35.47
1829 39.52 -42.02
1830 32.57 -28.38
1831 25 -25.98
1832 35.98 -25.5
1833 21.97 -9.78
1834 5.94 -22.54
1835 11.42 -35.08
1836 38.7 -10.23
1837 0.73 -21.25
1838 31.9 -8.68
1839 3.84 -41.6
1840 37.68 -42.19
1841 3.97 -9.43
1842 43.84 -29.66
1843 0.65 -16.94
1844 38.48 -37.64
1845 22.02 -40.17
1846 1.67 -6.57
1847 32.07 -26.54
1848 36.32 -37.65
1849 39.71 -10.05
1850 24.65 -42.26
1851 8.49 -7.13
1852 7.9 -19.35
1853 28.03 -32.74
1854 9.87 -19.33
1855 41.04 -11.4
1856 0.35 -3.55
1857 12.73 -1.01
1858 41.47 -0.19
1859 37.83 -13.38
1860 9.55 -15.47
1861 22.05 -39.37
1862 21.91 -34.74
1863 7.91 -10.12
1864 43.69 -37.75
1865 36.01 -27.15
1866 34.28 -24.34
1867 43.69 -24.02
1868 36.29 -21.71
1869 41.04 -7.25
1870 18.65 -2.16
1871 29.23 -17.6
1872 18.61 -19
1873 42.71 -41.97
1874 11.35 -39.61
1875 11.08 -36.55
1876 31.92 -0.43
1877 35.17 -33.13
1878 22.78 -33.36
1879 27.11 -22.61
1880 5.76 -22.47
1881 2.82 -42.65
1882 2.19 -19.56
1883 -41.27 -26.03
1884 -12.8 -38.48
1885 -20.16 -17.83
1886 -35.43 -31.45
1887 -29.97 -5.4
1888 -3.37 -33.57
1889 -29.18 -28.69
1890 -0.76 -38.24
1891 -18.19 -40.26
1892 -29.4 -12.2
1893 -1.56 -32.89
1894 -11.5 -31.7
1895 -10.17 -8.2
1896 -30.37 -17.26
1897 -16.34 -36.51
1898 -42.07 -32.56
1899 -27.05 -13.62
1900 -10.97 -10.87
1901 -21.85 -26.73
1902 -32.13 -2.41
1903 -35.98 -31.34
1904 -16.03 -15.02
1905 -32.79 -21.16
1906 -40.94 -40.31
1907 -8.52 -6.98
1908 -39.87 -5.86
1909 -37.56 -33.6
1910 -21.32 -30.89
1911 -4.15 -3.74
1912 -19.77 -7.69
1913 -40.26 -0.02
1914 -13.64 -17.84
1915 -8.24 -2.83
1916 -29.56 -24.61
1917 -6.54 -30.09
1918 -17.43 -41.22
1919 -35.76 -42.52
1920 -43.2 -12.99
1921 -9.3 -24.55
1922 -11.06 -19.67
1923 -25.53 -41.34
1924 -10.47 -6.93
1925 -37.83 -42.62
1926 -25.88 -31.79
1927 -19.01 -21.5
1928 -21.52 -1.65
1929 -43.02 -38.79
1930 -21.14 -14.68
1931 -18.82 -7.26
1932 -37.35 -30.22
1933 -27.44 -25.36
1934 -3.41 -10.78
1935 -3.29 -42.73
1936 -23.28 -26.13
1937 -1.8 -12.6
1938 -33.46 -34.34
1939 -20.8 -6.86
1940 -5.48 -43.93
1941 -11.25 -38.15
1942 -39.17 -31.36
1943 -33.01 -30.26
1944 -25.05 -40.22
1945 -34.42 -11.55
1946 -18.81 -25.71
1947 -11.93 -9.24
1948 -14.13 -35.68
1949 -25.99 -39.38
1950 -38.11 -17.54
1951 -23.19 -29.28
1952 -21.4 -40.91
1953 -10.78 -25
1954 -31.86 -10.87
1955 -10.8 -31.58
1956 -5.25 -16.86
1957 -4.22 -1.57
1958 -11.35 -0.42
1959 -40.64 -16.75
1960 -28.31 -36.4
1961 -41.63 -31.07
1962 -19.83 -3.12
1963 -38.81 -9.57
1964 -28.47 -33.96
1965 -31.02 -20.8
1966 -29.6 -22.58
1967 -43.01 -10.22
1968 -35.22 -7.01
1969 -17.88 -9.79
1970 -20.89 -2.6
1971 -42.98 -8.2
1972 -9.78 -26.14
1973 -6.09 -3.2
1974 -19.95 -21.13
1975 -37.06 -2.73
1976 -13.32 -27.78
1977 -10.43 -34.69
1978 -23.78 -12.68
1979 -2.64 -5.24
1980 -5.56 -8.25
1981 -10.35 -33.67
1982 -43.89 -35.16
1983 -21.69 -9.37
1984 -42.68 -14.63
1985 -40.75 -39.57
1986 -27.3 -19.58
1987 -25.24 -39.73
1988 -22.45 -16.6
1989 -37.73 -31.33
1990 -13.59 -21.92
1991 -5.71 -10.31
1992 -24.53 -6.43
1993 -19.11 -16.14
1994 -0.9 -4.31
1995 -36.09 -21.76
1996 -34.95 -29.98
1997 -0.66 -2.44
1998 -11.81 -14.36
1999 -28.99 -22.36
2000 -41.45 -34.02
2001 -33.12 -5.26
2002 -0.99 -24.75
2003 -41.35 -14.36
2004 -1.7 -23.44
2005 -24.88 -14.61
2006 -4.44 -38.81
2007 -1.24 -30.59
2008 -2.73 -28.97
2009 -12.81 -20.36
2010 -21.64 -27.15
2011 -13.13 -4.9
2012 -7.34 -36.11
2013 -6.47 -13.8
2014 -15.68 -42.68
2015 -12.22 -35.46
2016 -20.24 -13.13
2017 -37.89 -1.34
2018 -15.7 -21.23
2019 -24.19 -35.24
2020 -5.85 -40.92
2021 -15.25 -5.07
2022 -15.19 -33.82
2023 -18.79 -16.5
2024 -16.38 -17.92
2025 -24.6 -11.12
2026 -16.02 -17.54
2027 -9.65 -37.73
2028 -31.05 -2.89
2029 -25.09 -16.12
2030 -31.1 -2.73
2031 -15.87 -16.83
2032 -18.17 -7.34
2033 -8.09 -33.28
2034 -24.52 -13.39
2035 -33.84 -11.8
2036 -16.87 -9.9
2037 -43.72 -5.09
2038 -1.11 -32.06
2039 -29.51 -42.03
2040 -9.16 -41.01
2041 -14.55 -33.63
2042 -6.88 -4.7
2043 -31.11 -3.72
2044 -19.84 -37.94
2045 -20.19 -35.72
2046 -8.55 -30.46
2047 -17.32 -36.06
2048 -25.34 -6.24
2049 -19.64 -25.41
2050 -37.21 -29.39
2051 -18.81 -9.48
2052 -38.09 -33.61
2053 -1.19 -42.05
2054 -40.08 -39.21
2055 -36.22 -10.22
2056 -43.85 -28.76
2057 -33.47 -6.78
2058 -34.02 -6.74
2059 -0.68 -0.1
2060 -35.83 -33.39
2061 -19.85 -0.39
2062 -36.46 -23.9
2063 -30.15 -37.18
2064 -18.59 -41.32
2065 -6.23 -29.31
2066 -38.79 -35.33
2067 -24.94 -25.04
2068 -23.09 -32.88
2069 -7.61 -26.13
2070 -36.36 -42.7
2071 -27.46 -43.84
2072 -30.14 -36.21
2073 -22.47 -40.45
2074 -40.56 -20.16
2075 -9.55 -2.67
2076 -3.07 -11.91
2077 -15.33 -29.41
2078 -2.11 -19.05
2079 -39.89 -1.48
2080 -30.79 -0.22
2081 -35.55 -2.13
2082 -6.69 -5.1
2083 -17.51 -16.49
2084 -22.15 -29.79
2085 -8.01 -25.12
2086 -24.96 -38.03
2087 -9.76 -35.47
2088 -11.45 -11.1
2089 -10.79 -32.24
2090 -34.91 -8.01
2091 -43.44 -20.34
2092 -29.27 -37.98
2093 -36.55 -14.77
2094 -39.78 -31.38
2095 -31.61 -32.45
2096 -34.58 -6.09
2097 -11.2 -23.16
2098 -19.18 -20.79
2099 -30.1 -8.23
2100 -33.35 -20.85
2101 -14.88 -38.11
2102 -29.59 -37.84
2103 -28.46 -24.64
2104 -12.88 -20.56
2105 -28.57 -39.25
2106 -39.12 -27.32
2107 -0.82 -7.53
2108 -1.82 -24.39
2109 -11.78 -37.38
2110 -25.83 -41.6
2111 -3.7 -22.91
2112 -25.59 -39.93
2113 -16.72 -38.42
2114 -2.65 -0.77
2115 -21.62 -2.83
2116 -40.94 -15.52
2117 -32.88 -16.02
2118 -40.67 -6.05
2119 -26.61 -17.35
2120 -36.12 -33.07
2121 -16.39 -34.7
2122 -21.75 -31.24
2123 -11.64 -40.74
2124 -34.12 -23.58
2125 -21.18 -2.94
2126 -25.85 -39.47
2127 -14.92 -4.4
2128 -22.34 -7.44
2129 -31.74 -31.64
2130 -13.99 -4.51
2131 -20.04 -32.88
2132 -4.91 -34.46
2133 -20.03 -8.92
2134 -5.79 -25.1
2135 -14.17 -26.17
2136 -40.39 -21.44
2137 -8.68 -10.09
2138 -6.83 -18.15
2139 -21.25 -43.84
2140 -26.3 -40.95
2141 -15.94 -42.43
2142 -26.36 -31.67
2143 -18.64 -30.86
2144 -42.02 -4.7
2145 -9.22 -6.38
2146 -18.78 -12.02
2147 -26 -8.78
2148 -41.22 -23.69
2149 -28.31 -2.03
2150 -7.72 -3.02
2151 -3.98 -42.49
2152 -8.58 -4.12
2153 -1.79 -12.66
2154 -36.03 -38.93
2155 -15.4 -23.04
2156 -0.99 -18.33
2157 -29.53 -31.34
2158 -18.2 -27.35
2159 -11.58 -4.17
2160 -10.55 -39.74
2161 -31.28 -20.8
2162 -29.58 -8.85
2163 -32.55 -13.28
2164 -38.84 -6.32
2165 -32.86 -40.38
2166 -38.87 -2.56
2167 -30.2 -36.84
2168 -29.03 -26.97
2169 -21.9 -11.51
2170 -34.55 -21.06
2171 -18.91 -37.3
2172 -4.16 -15.07
2173 -21.94 -27.96
2174 -32.13 -1.88
2175 -41.63 -33.52
2176 -33.84 -42.68
2177 -7.54 -28.91
2178 -42.2 -42.94
2179 -5.27 -19.61
2180 -39.51 -16.56
2181 -42.64 -38.13
2182 -30.98 -34.39
2183 -40.88 -8.37
2184 -19.88 -16.01
2185 -16.59 -42.31
2186 -35.61 -33.96
2187 -5.03 -15.02
2188 -42.99 -19.3
2189 -21.18 -26.97
2190 -16.5 -31.12
2191 -9.33 -18.81
2192 -3.73 -6.34
2193 -28.81 -40.39
2194 -39.52 -25.45
2195 -21.53 -34.08
2196 -28.21 -35.03
2197 -4.94 -20.17
2198 -28.54 -15.19
2199 -10.72 -1.83
2200 -23.66 -27.95
2201 -17.91 -6.83
2202 -21.86 -38.79
2203 -14.09 -2.46
2204 -29.43 -0.37
2205 -31.49 -35.28
2206 -10.09 -25.45
2207 -11.32 -20.34
2208 -16.73 -37.34
2209 -42.31 -40.13
2210 -30.21 -35.77
2211 -26.81 -19.84
2212 -19.54 -14.42
2213 -9.14 -11.27
2214 -36.62 -27.6
2215 -11.55 -43.38
2216 -6.22 -16.28
2217 -11.08 -8.98
2218 -11.44 -28.08
2219 -28.45 -25.17
2220 -39.97 -40.88
2221 -1.85 -39.46
2222 -15.81 -29.59
2223 -22.93 -13.17
2224 -9.3 -12.06
2225 -27.36 -0.77
2226 -20.61 -19.03
2227 -12.98 -10.17
2228 -0.96 -19.67
2229 -3.28 -1.64
2230 -1.02 -37.59
2231 -33.39 -38.35
2232 -3.34 -7.24
2233 -14.84 -0.47
2234 -5.17 -14.78
2235 -35.18 -22.81
2236 -41.8 -1.14
2237 -30.73 -37.04
2238 -29.73 -37.13
2239 -5.19 -33.19
2240 -33.96 -18.56
2241 -37.59 -32.55
2242 -22.24 -34.09
2243 -9.77 -6.57
2244 -31.73 -2.73
2245 -40.32 -36.57
2246 -30.92 -32.76
2247 -19.52 -9.23
2248 -9.71 -34.26
2249 -28.57 -34.37
2250 -36.7 -38.4
2251 -19.06 -43.27
2252 -15.83 -34.5
2253 -27.63 -5.8
2254 -18.51 -1.57
2255 -43.65 -32.83
2256 -0.9 -8.47
2257 -42.56 -37.24
2258 -23.34 -2.67
2259 -5.4 -31.85
2260 -24.42 -11.07
2261 -23.35 -25.24
2262 -34.47 -11.35
2263 -25.13 -42.88
2264 -33.25 -23.7
2265 -18.1 -33.22
2266 -12.02 -25.95
2267 -16.46 -37.17
2268 -22.49 -27.85
2269 -8.94 -23.61
2270 -35.96 -20.52
2271 -28.99 -8.59
2272 -25.36 -36.87
2273 -19.06 -7.07
2274 -18.45 -4.7
2275 -39.29 -3.98
2276 -8.74 -42.87
2277 -33.74 -18.65
2278 -17.53 -22.73
2279 -2.44 -14.88
2280 -27.62 -30.3
2281 -35.77 -0.06
2282 -16.75 -39.64
2283 -23.5 -31.75
2284 -11.37 -18.76
2285 -39.28 -11.96
2286 -20.56 -3.33
2287 -19.72 -24.27
2288 -10.87 -1.92
2289 -30.14 -38.78
2290 -22.28 -29.32
2291 -7.71 -25.43
2292 -23.6 -31.02
2293 -9.76 -41.46
2294 -35.86 -20.65
2295 -30.47 -35.72
2296 -35.78 -19.48
2297 -38.65 -22.25
2298 -10 -32.06
2299 -6.82 -41.67
2300 -9.63 -0.89
2301 -4.23 -2.11
2302 -5.9 -30.19
2303 -11.63 -3.47
2304 -21.78 -40.29
2305 -5.13 -41.77
2306 -2.73 -0.06
2307 -10.61 -12.85
2308 -10.31 -5.85
2309 -6.03 -43.89
2310 -35.61 -25.69
2311 -24.69 -36.5
2312 -14.75 -6.91
2313 -38.97 -19.34
2314 -17.01 -4.28
2315 -28.69 -25.32
2316 -27.43 -6.17
2317 -36.36 -12.44
2318 -15.92 -12.85
2319 -32.67 -27.52
2320 -25.29 -37.7
2321 -17.28 -37.8
2322 -6.65 -7.54
2323 -13.4 -7.41
2324 -7.3 -40.48
2325 -1.69 -42.95
2326 -35.45 -42.91
2327 -29.35 -26.39
2328 -25.25 -29.73
2329 -13.53 -24.32
2330 -29.16 -21.79
2331 -27.96 -42.22
2332 -10.67 -36.11
2333 -4.97 -43.84
2334 -27.36 -6.11
2335 -23.33 -37.64
2336 -10.96 -32.18
2337 -19.24 -20.13
2338 -27.55 -17.62
2339 -37.62 -12.16
2340 -11.11 -34.85
2341 -13.29 -39.32
2342 -1.23 -2.57
2343 -11.82 -42.64
2344 -2.48 -26.48
2345 -27.79 -25.35
2346 -3.09 -31.65
2347 -23.76 -11.75
2348 -35.12 -37.28
2349 -43.39 -28.73
2350 -1.89 -18.48
2351 -30.18 -2.24
2352 -22.38 -12.86
2353 -10 -5.43
2354 -41.11 -5.93
2355 -40.78 -27.14
2356 -1.98 -8.23
2357 -34.32 -10.07
2358 -8.71 -26.73
2359 -9.22 -2.14
2360 -27.49 -11.2
2361 -22.37 -16.53
2362 -28.29 -30.58
2363 -23.87 -2.13
2364 -10.39 -19.41
2365 -17.41 -2.78
2366 -5.03 -12.28
2367 -4.66 -3.6
2368 -32.55 -27.41
2369 -33.34 -38.18
2370 -0.85 -29.66
2371 -17.41 -9.64
2372 -43.24 -2.83
2373 -29.57 -7.73
2374 -9.87 -31.47
2375 -22.19 -18.31
2376 -34.84 -16.88
2377 -3.47 -0.56
2378 -2.7 -42.65
2379 -41.58 -6.86
2380 -9.64 -13.09
2381 -4.89 -15
2382 -42.12 -14.67
2383 -21.6 -33.08
2384 -27.26 -10.19
2385 -39.85 -34.46
2386 -0.11 -28.11
2387 -10.47 -36.79
2388 -0.52 -22.87
2389 -10.34 -19.56
2390 -37.87 -33.92
2391 -6.8 -12.06
2392 -12.62 -8.23
2393 -30.41 -10.27
2394 -40.65 -38.84
2395 -7.93 -27.99
2396 -42.99 -6.3
2397 -0.49 -36.35
2398 -25.43 -41.11
2399 -7.3 -22.1
2400 -12.56 -32.21
2401 -39.85 -26.68
2402 -19.47 -36.19
2403 -38.58 -6.32
2404 -5.4 -43.51
2405 -33.43 -4.93
2406 -40.51 -22.79
2407 -31.02 -19.76
2408 -9.55 -9.13
2409 -27.5 -17.43
2410 -1.43 -6.21
2411 -12.51 -35.43
2412 -7.3 -23.94
2413 -0.58 -36.52
2414 -14.62 -12.25
2415 -0.47 -31.4
2416 -14.08 -6.71
2417 -22.42 -40.32
2418 -26.16 -13.07
2419 -36.11 -17.01
2420 -1.46 -11.08
2421 -33.87 -25.54
2422 -1.3 -41.97
2423 -30.62 -20.89
2424 -17.85 -10.86
2425 -40.59 -14.12
2426 -29.08 -42.8
2427 -2.26 -9.1
2428 -25.14 -36.38
2429 -4.64 -2.84
2430 -34.25 -39.77
2431 -26 -28.63
2432 -4.47 -27.85
2433 -40.93 -4.42
2434 -21.43 -10.15
2435 -21.23 -33.04
2436 -38.1 -2.41
2437 -0.38 -11.1
2438 -11.51 -18.93
2439 -9.31 -10.53
2440 -24.65 -8.88
2441 -7.68 -5.9
2442 -38.52 -33.25
2443 -25.64 -9.95
2444 -36.31 -19.66
2445 -15.43 -9.8
2446 -17.95 -26.56
2447 -10.42 -20.95
2448 -25.38 -22.42
2449 -32.57 -30.87
2450 -19.91 -26.33
2451 -28.75 -9.8
2452 -20.9 -37.53
2453 -12.46 -8.65
2454 -19.18 -11.93
2455 -20.82 -21.77
2456 -27.67 -23.36
2457 -12.61 -8.02
2458 -41.49 -1.71
2459 -21.38 -17.77
2460 -7.09 -33.81
2461 -16.37 -16.33
2462 -37.29 -25.04
2463 -3.46 -6.31
2464 -37.18 -18.67
2465 -24.52 -15.55
2466 -4.87 -36.61
2467 -30.15 -9.27
2468 -41.45 -5.29
2469 -17.23 -22.13
2470 -23.43 -40.15
2471 -19.51 -38.05
2472 -25.59 -30.62
2473 -32.34 -11.65
2474 -29.42 -23.09
2475 -12.9 -9.72
2476 -26.05 -36.52
2477 -41.08 -8.79
2478 -38.63 -19.34
2479 -17.53 -24.07
2480 -39.62 -31.81
2481 -3.95 -42.06
2482 -30.85 -24.02
2483 -29.31 -13.62
2484 -35.75 -28.3
2485 -24.46 -26.06
2486 -43.63 -38.7
2487 -25.33 -23.49
2488 -35.14 -25.23
2489 -4.32 -13.67
2490 -23.39 -0.09
2491 -36.61 -40.74
2492 -29.05 -28.96
2493 -4.31 -13.21
2494 -37.28 -23.68
2495 -35.02 -21.84
2496 -43.42 -12.43
2497 -36.45 -38.97
2498 -32.11 -30.28
2499 -38.1 -1.28
2500 -27.35 -23.86
2501 -18.57 -18.56
2502 -21.58 -26.98
2503 -8.21 -23.42
2504 -37.09 -12.72
2505 -12.81 -36.05
2506 -32.79 -40
2507 -24.96 -28.94
2508 -42.16 -17.85
2509 -21.05 -8.79
2510 -10.16 -14.96
2511 -27.39 -12.07
2512 -30.56 -9.58
2513 -19.38 -43.36
2514 -0.65 -18.67
2515 -22.06 -13.49
2516 -11.57 -7.52
2517 -34.5 -20.15
2518 -43.57 -33.15
2519 -1.88 -22.24
2520 -14.29 -36.66
2521 -12.18 -38.21
2522 -23.16 -3.09
2523 -0.46 -16.66
2524 -25.46 -0.84
2525 -15.8 -1.03
2526 -13.11 -15.14
2527 -4.24 -22.72
2528 -22.08 -23.19
2529 -21.39 -23.63
2530 -37.12 -2.25
2531 -9.77 -43.45
2532 -19.6 -4.69
2533 -37.85 -23.8
2534 -2.04 -19.17
2535 -35.35 -19.25
2536 -13.46 -16.33
2537 -42.94 -27.05
2538 -43.71 -16.14
2539 -16.98 -22.92
2540 -23.96 -4.69
2541 -19.83 -32.79
2542 -35.03 -16.59
2543 -39.78 -24.08
2544 -3.71 -13.11
2545 -38.89 -17.17
2546 -40.14 -20.35
2547 -25.04 -28.18
2548 -7.98 -15.74
2549 -14.43 -42.41
2550 -17.66 -10.02
2551 -26.36 -29.3
2552 -12.35 -10.65
2553 -26.79 -4.82
2554 -27.75 -35.59
2555 -40.28 -43.78
2556 -12.09 -7.71
2557 -24.3 -16.12
2558 -19.72 -26.64
2559 -19.27 -43.6
2560 -40.3 -2.95
2561 -23.3 -14.16
2562 -42.35 -36.44
2563 -31.71 -27.86
2564 -26.28 -29.85
2565 -39.88 -25.66
2566 -10.97 -23.46
2567 -13.63 -1.76
2568 -6.58 -2.84
2569 -38.43 -40.43
2570 -19.73 -13.85
2571 -21.56 -14.24
2572 -9.88 -11.34
2573 -37.98 -25.38
2574 -4.51 -29.6
2575 -12.07 -13.25
2576 -6.94 -24.33
2577 -16.77 -35.37
2578 -19.23 -28.81
2579 -14.66 -28
2580 -9.67 -25.03
2581 -28.02 -10.54
2582 -35.82 -0.16
2583 -3 -41.65
2584 -17.6 -42.41
2585 -35.78 -20.96
2586 -14.72 -16.85
2587 -7.71 -13.35
2588 -18.25 -24.6
2589 -33.72 -1.69
2590 -38.47 -2.28
2591 -26.61 -1.79
2592 -16.68 -24.93
2593 -9.74 -43.39
2594 -6.91 -15.43
2595 -19.99 -24.4
2596 -14.47 -16.58
2597 -16.74 -4.01
2598 -25.18 -29.81
2599 -7.74 -43.27
2600 -43.75 -22.31
2601 -39.16 -43.53
2602 -12.88 -14.47
2603 -18.59 -2.88
2604 -28.09 -10.65
2605 -12.94 -8.31
2606 -33.62 -2.08
2607 -27.01 -39.55
2608 -18.46 -29.82
2609 -1.25 -16.27
2610 -40.68 -25.38
2611 -21.48 -21.24
2612 -25.25 -34.67
2613 -20.48 -38.23
2614 -37.5 -29.96
2615 -8.27 -28.23
2616 -27.76 -16.77
2617 -31.24 -26.95
2618 -29.83 -20.16
2619 -10.33 -5.83
2620 -37.66 -37.45
2621 -19.05 -23.27
2622 -42.35 -6.8
2623 -36.62 -2.07
2624 -18.34 -16.81
2625 -21.71 -37.87
2626 -15.12 -38.54
2627 -8.73 -43.2
2628 -16.95 -19.89
2629 -29.37 -8.74
2630 -36.97 -33.97
2631 -6.74 -37.64
2632 -0.12 -0.25
2633 -43.93 -37.98
2634 -23.33 -9.47
2635 -2.92 -10.26
2636 -13.06 -40.51
2637 -3.31 -21.98
2638 -3.57 -11.41
2639 -7.74 -19.45
2640 -13.32 -1.43
2641 -19.5 -8.98
2642 -8.18 -7.96
2643 -7.38 -28.23
2644 -16.49 -4.65
2645 -38.62 -16.27
2646 -33.44 -32.98
2647 -33.23 -1.36
2648 -18.86 -33.56
2649 -43.03 -12.68
2650 -2.47 -21.71
2651 -18.22 -25.48
2652 -26.98 -15.53
2653 -6.46 -1.05
2654 -20.5 -30.55
2655 -11.5 -14.2
2656 -2.7 -13.34
2657 -0.83 -31
2658 -38.76 -34.4
2659 -39.05 -31.73
2660 -4 -11.25
2661 -0.24 -33.67
2662 -35.03 -37.44
2663 -27 -12.99
2664 -5.2 -33.41
2665 -11.12 -5.56
2666 -31.04 -7.67
2667 -23.2 -8.86
2668 -33.43 -14.02
2669 -24.09 -29.66
2670 -23.38 -33.45
2671 -2.8 -15.11
2672 -25.64 -5.61
2673 -40.01 -27.15
2674 -14.88 -20.4
2675 -11.17 -35.07
2676 -24.74 -42.4
2677 -35.85 -34.93
2678 -27.45 -39.3
2679 -8.23 -42.37
2680 -3.93 -32.65
2681 -40.32 -19.36
2682 -7.74 -14.49
2683 -8.03 -43.04
2684 -8.22 -41.18
2685 -30.63 -11.64
2686 -26.76 -31.6
2687 -37.21 -12.95
2688 -40.1 -31.92
2689 -31.84 -12.75
2690 -3.82 -34.5
2691 -12.43 -43.01
2692 -13.47 -8.08
2693 -26.9 -27.8
2694 -26.17 -40.92
2695 -9.09 -35.14
2696 -34.02 -9.63
2697 -3.64 -5.41
2698 -4.45 -41.76
2699 -18.46 -11.68
2700 -2.84 -12.67
2701 -23.79 -5.1
2702 -41.57 -9.12
2703 -41.04 -40.53
2704 -9.28 -17.2
2705 -7.7 -28.88
2706 -7.42 -36.62
2707 -24.22 -43.65
2708 -27.45 -20.89
2709 -41.33 -7.13
2710 -21.79 -33.15
2711 -22.3 -6.42
2712 -11.83 -35.33
2713 -33.09 -25.94
2714 -17.14 -39.8
2715 -31.99 -31.08
2716 -36.18 -19.99
2717 -29.11 -35.3
2718 -31.83 -33.75
2719 -6.95 -26.16
2720 -34.56 -20.63
2721 -36.77 -38.18
2722 -17.35 -41.98
2723 -18.87 -17
2724 -3.65 -0.81
2725 -13.48 -16.2
2726 -22.62 -25.44
2727 -40.29 -35.78
2728 -41.24 -13.97
2729 -9.77 -29.38
2730 -16.46 -14.39
2731 -34.38 -21.28
2732 -12.59 -32.16
2733 -1.44 -43.01
2734 -4.69 -23.94
2735 -0.58 -8.39
2736 -26.09 -39.26
2737 -37.24 -16.87
2738 -33.87 -43.45
2739 -23.78 -35.64
2740 -7.84 -17.04
2741 -22 -37.26
2742 -29.04 -9.99
2743 -23.96 -18.29
2744 -27.2 -5.8
2745 -20.19 -13.26
2746 -34.54 -23.18
2747 -11.35 -34.09
2748 -33.11 -26.65
2749 -6.6 -36.31
2750 -24.22 -17.32
2751 -12.58 -30.7
2752 -3.57 -6.32
2753 -29.29 -29.35
2754 -20.99 -16.97
2755 -34.01 -9.07
2756 -25.85 -28.83
2757 -18.34 -12.02
2758 -30.31 -34.41
2759 -40.21 -42.31
2760 -35.09 -13.51
2761 -36.7 -16.41
2762 -30.02 -5.15
2763 -31.81 -27.57
2764 -19.88 -19.13
2765 -15.98 -17.93
2766 -4.63 -0.1
2767 -29.94 -28.56
2768 -13.91 -31.72
2769 -4.69 -15.23
2770 -3.82 -34.9
2771 -43.26 -38.71
2772 -30.25 -29.67
2773 -20.08 -17.6
2774 -39.43 -16.56
2775 -9.6 -16.3
2776 -12.23 -10.04
2777 -15.2 -25.82
2778 -9.39 -42.25
2779 -40.91 -26.53
2780 -0.46 -8.79
2781 -32.41 -12.89
2782 -20.97 -28.61
2783 -16.33 -18.36
2784 -13.11 -34.89
2785 -5.31 -0.55
2786 -39.26 -16.94
2787 -26.13 -28.09
2788 -25.22 -25.51
2789 -21.59 -2.22
2790 -42.04 -0.17
2791 -10.22 -31.19
2792 -13.01 -33.79
2793 -32.04 -4.94
2794 -31.47 -1.92
2795 -34.23 -8.47
2796 -21.36 -11.45
2797 -40.06 -22.65
2798 -20.53 -42.34
2799 -12.75 -35.91
2800 -36.46 -33.64
2801 -30.1 -41.58
2802 -25.68 -31.72
2803 -36.75 -12.24
2804 -37.98 -30.42
2805 -30.59 -14.35
2806 -25.06 -15.54
2807 -5.33 -40.81
2808 -1.75 -17.6
2809 -43.04 -16.89
2810 -25.37 -12.74
2811 -24.19 -33.28
2812 -11.93 -26.25
2813 -4.11 -43.77
2814 -35.69 -11.98
2815 -1.62 -40.38
2816 -37.97 -28.15
2817 -39.4 -11.25
2818 -3.01 -43.17
2819 -9.11 -11.67
2820 -5.54 -20.51
2821 -15.57 -39.7
2822 -16.04 -30.61
2823 -27.73 -20.9
2824 -17.31 41.31
2825 -10.06 26.77
2826 -16.05 22.2
2827 -4.46 34.25
2828 -13.55 7.5
2829 -19.48 32.09
2830 -28.48 5.24
2831 -12.91 0.63
2832 -35.4 1.97
2833 -24.66 8.31
2834 -19.99 38.41
2835 -38.44 33.77
2836 -8.99 5.05
2837 -35.66 10.01
2838 -30.91 25.03
2839 -1.87 19.39
2840 -2.17 27.74
2841 -5.95 11.93
2842 -25.7 41.74
2843 -5.25 33.93
2844 -22.02 39.25
2845 -24.01 4.25
2846 -4.88 30.02
2847 -11.51 36.93
2848 -1.24 19.8
2849 -14.21 36.17
2850 -5.46 0.75
2851 -5.81 8.65
2852 -18.66 37.98
2853 -42.53 20.99
2854 -19.91 29.09
2855 -36.36 0.4
2856 -35.85 1.6
2857 -43.34 42.31
2858 -11.76 17.56
2859 -36.33 28.11
2860 -32.37 33.78
2861 -43.33 16.35
2862 -32.8 16.77
2863 -36.58 10.84
2864 -26.54 34.04
2865 -14.32 30.31
2866 -18.49 11.52
2867 -5.5 43.65
2868 -0.16 16.67
2869 -25.29 4.04
2870 -27.96 20.07
2871 -21.67 17.65
2872 -39.48 19.82
2873 -16.9 21.02
2874 -28.65 7.24
2875 -20.54 32.75
2876 -5.1 17.02
2877 -13.32 19.87
2878 -10.24 37.9
2879 -7.47 5.9
2880 -15.73 16.3
2881 -27.82 1.31
2882 -24.48 34.22
2883 -30.42 12.85
2884 -40.41 24.64
2885 -0.72 11.71
2886 -29.36 24.37
2887 -23.71 1.91
2888 -2.45 24.84
2889 -11.6 40.61
2890 -29.37 31.11
2891 -27.65 32.14
2892 -31.54 13.99
2893 -31.42 40.97
2894 -26.39 21.3
2895 -37.6 18.41
2896 -43.24 21.65
2897 -11.87 0.94
2898 -13.79 23.72
2899 -27.88 42.29
2900 -33.52 10.2
2901 -14.1 8.12
2902 -10.04 18.88
2903 -23.24 37.81
2904 -13.95 12.49
2905 -23.12 34.84
2906 -2.51 22.84
2907 -16.35 6.78
2908 -27.27 13.57
2909 -34.87 27.29
2910 -25.22 9.67
2911 -31.32 28.47
2912 -29.41 24.46
2913 -27.7 22.71
2914 -0.53 22.73
2915 -12.45 35.11
2916 -43.23 34.05
2917 -32.46 26.55
2918 -43.89 32.79
2919 -1.29 11.7
2920 -26.07 37.36
2921 -16.2 3.93
2922 -10.71 8.1
2923 -21.67 12.07
2924 -39.37 37.99
2925 -27.18 12.54
2926 -20.53 20.59
2927 -24.58 38.02
2928 -16.73 29.46
2929 -8.19 8.28
2930 -22.91 40.78
2931 -30.84 20.65
2932 -26.72 22.15
2933 -10.94 19.3
2934 -10.52 26.61
2935 -19.97 35.75
2936 -39.69 36.59
2937 -0.69 15.69
2938 -27.77 29.92
2939 -3.43 22.36
2940 -14.42 23.14
2941 -23.25 10.13
2942 -4.15 34.95
2943 -20.42 3.83
2944 -35.64 0.41
2945 -41.19 8.13
2946 -8.3 14.55
2947 -36.7 7.55
2948 -26.85 35.03
2949 -17.64 27.17
2950 -42.44 37.38
2951 -9.49 17.14
2952 -32.83 38.13
2953 -3.58 10.19
2954 -12.07 40.12
2955 -19.26 30.53
2956 -40.67 26.5
2957 -40.97 22.04
2958 -25.87 24.34
2959 -4.27 40.91
2960 -5.05 41.03
2961 -11.59 24.99
2962 -32.54 36.87
2963 -27.9 27.81
2964 -10.98 15.4
2965 -32.3 25.07
2966 -21.73 9.43
2967 -27.08 41.79
2968 -31.5 10.56
2969 -30.21 10.18
2970 -20.24 23.1
2971 -5.6 28.99
2972 -7.03 40.43
2973 -0.29 26.09
2974 -23.01 12.43
2975 -9.46 4.57
2976 -29.56 7.58
2977 -0.45 21.05
2978 -28.39 18.1
2979 -13.02 7.88
2980 -32.95 18.89
2981 -7.84 24.84
2982 -2.16 34.2
2983 -24.28 14.45
2984 -4.15 33.66
2985 -36.28 10.49
2986 -39.49 24.39
2987 -20.82 21.4
2988 -3.5 2.52
2989 -38.47 21.12
2990 -25.69 6.03
2991 -13.61 3.94
2992 -4.51 34.77
2993 -32.39 37.58
2994 -1.46 32.9
2995 -31.32 1.42
2996 -5.78 13.93
2997 -4.13 39.16
2998 -9.61 7.94
2999 -21.13 7.94
3000 -18.43 13.77
3001 -17.68 13.41
3002 -34.82 13.92
3003 -39.97 38.51
3004 -39.15 17.84
3005 -23.87 34.44
3006 -17.9 0.36
3007 -35.13 37.48
3008 -10.58 22.42
3009 -34.84 23.52
3010 -4.46 35.57
3011 -29.02 22.16
3012 -40.85 33.77
3013 -41.71 12.68
3014 -20.62 29.98
3015 -23.27 42.36
3016 -11.78 39.05
3017 -32.5 40.96
3018 -35.47 26.12
3019 -43.96 28.47
3020 -42.43 10.14
3021 -10.5 3.35
3022 -20.35 16.34
3023 -18.28 1.63
3024 -4.67 30.93
3025 -22.5 9.12
3026 -10.81 32.66
3027 -22.43 7.53
3028 -43.73 7.66
3029 -37.64 43.66
3030 -42.03 20.35
3031 -15.4 16.92
3032 -13.88 33.33
3033 -38.97 3.9
3034 -11.89 28.87
3035 -39.01 38.93
3036 -21.8 10.33
3037 -6.19 29.03
3038 -30.66 42.15
3039 -29.08 24.47
3040 -33.59 14.85
3041 -3.51 31.11
3042 -18.16 0.4
3043 -31.58 5.46
3044 -5.13 17.89
3045 -38.24 25.23
3046 -21.67 3.16
3047 -36.49 9.64
3048 -37.07 35.55
3049 -43.94 31.46
3050 -5.91 4.96
3051 -38.81 18.47
3052 -3.5 27.71
3053 -5.38 24.52
3054 -4.99 13.68
3055 -28.53 34.46
3056 -1.09 18.11
3057 -42.03 11.57
3058 -17.03 19.25
3059 -37.14 29.62
3060 -34.37 22.16
3061 -4.84 10.9
3062 -0.07 12.04
3063 -27.11 20.85
3064 -31.83 37.14
3065 -21.62 27.05
3066 -25.04 37.74
3067 -0.97 39.96
3068 -20.48 28.54
3069 -42.22 6.35
3070 -20.34 5
3071 -23.11 6.27
3072 -41.36 21.43
3073 -40.69 21.14
3074 -30.28 37.92
3075 -39.6 13.35
3076 -24.26 20.65
3077 -12.21 0.45
3078 -21.3 3.85
3079 -40.99 39.32
3080 -1.89 9.14
3081 -26.4 42.13
3082 -17.61 26.93
3083 -11.47 6.9
3084 -13.25 38.1
3085 -43.1 33.21
3086 -19.01 13.11
3087 -34.55 1.73
3088 -2.39 16.37
3089 -10.29 10.76
3090 -24.11 32.68
3091 -32.85 5.9
3092 -29.87 27.89
3093 -31.74 1.07
3094 -40.39 30.69
3095 -39.83 8.25
3096 -29.91 21.81
3097 -4.74 1.76
3098 -8.66 3.52
3099 -41.62 39.74
3100 -28.95 1.43
3101 -14.55 20.24
3102 -1.49 27.48
3103 -43.86 28.62
3104 -39.38 3.89
3105 -16.09 33.67
3106 -19.09 43.01
3107 -6.43 4.94
3108 -29.53 4.96
3109 -35.66 38.17
3110 -25.95 5.45
3111 -27.26 11.01
3112 -36.29 11.86
3113 -15.38 32
3114 -27.74 0.95
3115 -25.91 36.53
3116 -36.29 36.22
3117 -19.7 40.46
3118 -4.6 37.79
3119 -41.68 43.08
3120 -12.28 43.98
3121 -42.99 13.77
3122 -42.23 31.37
3123 -15.86 5.42
3124 -23.12 7.29
3125 -12.74 31.04
3126 -21.57 28.59
3127 -40.45 19.52
3128 -31.04 13.87
3129 -38.34 35.35
3130 -7.4 38.31
3131 -30.53 20.25
3132 -40.23 43.7
3133 -17.01 29.75
3134 -8.36 0.83
3135 -24.33 14.69
3136 -7.98 0.16
3137 -11.05 23.33
3138 -8.27 29.73
3139 -37.02 26.91
3140 -37.47 10.91
3141 -39.5 29.28
3142 -28.32 15.05
3143 -8.44 35.95
3144 -6.83 15.37
3145 -9.68 2.78
3146 -2.56 14.23
3147 -37.45 19.73
3148 -5.48 42.79
3149 -23.15 10.46
3150 -25.15 37.36
3151 -37.52 3.48
3152 -6.33 12.65
3153 -21.91 4.58
3154 -11.01 38.13
3155 -5.04 14.93
3156 -23.74 4.49
3157 -43.06 0.55
3158 -16.02 8.06
3159 -23.43 7.5
3160 -10.28 22.85
3161 -16.61 33.11
3162 -32.36 36.36
3163 -14.68 10.06
3164 -20.53 37.85
3165 -10.73 37.83
3166 -20.83 25.2
3167 -37.86 4.26
3168 -32.36 6.69
3169 -0.82 15.77
3170 -10.22 43.37
3171 -27.38 5.86
3172 -29.93 33.96
3173 -21.55 26.44
3174 -13.46 1.96
3175 -24.81 0.98
3176 -13.62 3.27
3177 -39.63 41.42
3178 -7.49 1.98
3179 -19.35 10.31
3180 -27.66 7.54
3181 -32.74 9.61
3182 -13.87 28.02
3183 -34.71 6.12
3184 -1.41 25.75
3185 -4.64 15.05
3186 -0.43 35.16
3187 -25.12 32.03
3188 -37.99 30.37
3189 -32.33 26.19
3190 -6.7 7.46
3191 -10.73 13.14
3192 -34.09 20.32
3193 -1.82 29.88
3194 -40.2 21.1
3195 -28.64 0.7
3196 -10.31 3.38
3197 -31.4 40.9
3198 -3.03 3.7
3199 -29.45 1.63
3200 -16.68 27.96
3201 -19.12 34.09
3202 -1.64 17.12
3203 -27.01 23.77
3204 -5.96 39.64
3205 -3.1 15.34
3206 -8 12.66
3207 -12.5 37.35
3208 -23.23 42.09
3209 -42.71 14.33
3210 -38.55 42.95
3211 -2.34 27.35
3212 -3.78 4.86
3213 -32.08 13.26
3214 -14.9 6.81
3215 -34.77 17.53
3216 -31.14 11.1
3217 -7.74 9.9
3218 -33.67 32.79
3219 -7.95 34.75
3220 -6.09 19.15
3221 -31.82 34.57
3222 -27.92 14.1
3223 -35.71 0.32
3224 -38.17 30.67
3225 -9.15 34.43
3226 -41.3 12.24
3227 -40.62 11.49
3228 -4.27 1.08
3229 -31.41 28.7
3230 -25.75 19.17
3231 -9.8 1.71
3232 -11.61 12.9
3233 -25.21 17.54
3234 -8.3 24.8
3235 -43.95 12.68
3236 -3.25 37.91
3237 -31.53 11.29
3238 -35.14 10.69
3239 -20.88 23.25
3240 -37.2 8.83
3241 -21.08 30.03
3242 -21.04 14.02
3243 -38.63 17.7
3244 -2.41 25.32
3245 -0.49 26.04
3246 -7.27 28.16
3247 -20.58 33.81
3248 -7.36 42.4
3249 -23.2 25.31
3250 -37.99 39.18
3251 -33.09 2.68
3252 -37.49 41.24
3253 -31.45 20.63
3254 -23.4 28.63
3255 -37.47 8.34
3256 -38.37 40.12
3257 -33.66 14.55
3258 -11.77 15.42
3259 -40.74 28.29
3260 -33.86 14.18
3261 -21.87 20.75
3262 -10.57 41.13
3263 -19.06 21.97
3264 -26.81 41.45
3265 -36.63 42.26
3266 -24.46 20.8
3267 -41.57 5.24
3268 -5.39 41.48
3269 -26.11 29.02
3270 -16.88 28.79
3271 -4.43 43.1
3272 -37.17 11.26
3273 -6.2 38.1
3274 -1.91 4.95
3275 -42.65 26.46
3276 -3.21 15.29
3277 -35.95 20.52
3278 -22.02 37.3
3279 -14.27 11.01
3280 -32.79 4.83
3281 -25.63 6.9
3282 -35.67 13.26
3283 -10.74 2.72
3284 -11.27 41.06
3285 -5.38 16.37
3286 -15.48 28.15
3287 -18.93 9.81
3288 -27.43 8.65
3289 -13.6 4.65
3290 -31.11 8.87
3291 -24.16 35.78
3292 -12.3 34.33
3293 -7.15 16.11
3294 -27.12 13.84
3295 -18.67 21.43
3296 -7.85 15.92
3297 -8.7 23.83
3298 -26.55 43.52
3299 -40.59 42.96
3300 -15.33 17.34
3301 -25.02 25.49
3302 -14.82 10.33
3303 -42.51 23.47
3304 -28.13 42.26
3305 -30.65 35.63
3306 -27.41 15.24
3307 -29.09 10.81
3308 -6.45 19.24
3309 -33.08 36.25
3310 -37.2 13.09
3311 -29.01 7.76
3312 -11.11 1.05
3313 -0.58 17.23
3314 -39.71 17.18
3315 -34.53 20.69
3316 -25.7 34.57
3317 -0.9 15.55
3318 -18.54 40.52
3319 -38.78 43.41
3320 -35.05 2.67
3321 -17.92 25.43
3322 -15.77 41.98
3323 -17.22 3.01
3324 -18.78 22.22
3325 -35.31 6.31
3326 -37.59 11.98
3327 -13.04 43.85
3328 -40.6 4.7
3329 -21.88 37.14
3330 -37.35 36.32
3331 -26.89 12.41
3332 -7.48 19.05
3333 -15.57 7.31
3334 -6.73 26.03
3335 -8.22 33.88
3336 -38.83 21.3
3337 -42.8 26.14
3338 -8.68 34.12
3339 -12.34 16.03
3340 -1.86 27.46
3341 -39.45 27.18
3342 -6.55 39.45
3343 -0.15 32.01
3344 -4.67 3.15
3345 -18.99 1.55
3346 -37.49 42.02
3347 -40.59 1.88
3348 -9.2 24.49
3349 -30.04 12.16
3350 -25.56 39.45
3351 -40.27 38.27
3352 -20.41 20.4
3353 -10.52 18.59
3354 -34.62 29.09
3355 -12.56 2.39
3356 -9.09 36.48
3357 -11.45 31.53
3358 -19.54 15.64
3359 -42.31 35.12
3360 -36.68 24.21
3361 -1.75 17.31
3362 -42.71 30.17
3363 -10.66 42.34
3364 -34.02 31.43
3365 -6.4 40.71
3366 -34.98 15.59
3367 -15.51 26.19
3368 -0.79 34.91
3369 -20.01 5.55
3370 -31.46 35.41
3371 -7.42 12.09
3372 -23.14 40.55
3373 -35.71 42.39
3374 -33.52 42.68
3375 -2.41 34.03
3376 -30.86 26.2
3377 -35.89 27.68
3378 -26.02 29.57
3379 -17.01 26.07
3380 -2.3 39.56
3381 -11.15 2.93
3382 -29.13 16.8
3383 -7.72 6.18
3384 -11.74 29.92
3385 -0.85 7.25
3386 -42.86 43.2
3387 -19.28 8.27
3388 -6.67 22
3389 -0.2 10.99
3390 -1.02 19.71
3391 -25.43 26.13
3392 -9.81 31.88
3393 -40.98 17.32
3394 -22.91 15.35
3395 -10.91 37.51
3396 -40.44 25.22
3397 -42.02 1.59
3398 -7.77 25.57
3399 -35.01 29.26
3400 -16.03 43.03
3401 -21.76 35.87
3402 -23.66 14.89
3403 -16.41 41.04
3404 -31.55 9.85
3405 -29.56 16.61
3406 -42.74 32.58
3407 -43.98 10.99
3408 -7.83 32.07
3409 -3.42 20.48
3410 -13.99 30.75
3411 -35.49 14.34
3412 -15.93 33.96
3413 -39.05 13.03
3414 -21.82 3.22
3415 -2.26 30.07
3416 -1.46 37.85
3417 -32.27 24.02
3418 -0.58 25.12
3419 -14.5 4.68
3420 -0.82 32.13
3421 -0.23 0.06
3422 -34.58 23.08
3423 -11.16 23.74
3424 -0.22 21.93
3425 -32.2 38.1
3426 -8.44 37.74
3427 -27.7 23.69
3428 -16.25 3.89
3429 -7.12 22.75
3430 -8.82 38.07
3431 -31.92 32.9
3432 -12.92 10.28
3433 -14.93 20.19
3434 -4.4 13.5
3435 -25.15 29.43
3436 -9.01 28.74
3437 -7.82 25.39
3438 -5.13 23.11
3439 -1.05 42.5
3440 -36.61 5.35
3441 -43.09 33.25
3442 -36.47 24.57
3443 -28.47 6.31
3444 -29.07 8.72
3445 -26.31 15.11
3446 -27.53 17.41
3447 -27.7 14.23
3448 -13.95 19.97
3449 -12.99 22.15
3450 -31.1 41.87
3451 -26.61 38.14
3452 -19.53 40.11
3453 -19.23 34.43
3454 -12.46 24.66
3455 -30.02 43.8
3456 -12.57 5.07
3457 -29.64 8.63
3458 -14.95 28.56
3459 -16.8 37.63
3460 -32.26 23.54
3461 -40.95 43.11
3462 -36.87 15.79
3463 -15.28 4.17
3464 -26.32 6.82
3465 -28.21 28.27
3466 -22.42 13.42
3467 -33.06 10.82
3468 -24.77 21.47
3469 -2.14 8.29
3470 -31.61 16.75
3471 -21.82 11.68
3472 -43.83 23.7
3473 -8.27 30.99
3474 -4.14 14.78
3475 -38.32 25.07
3476 -24.19 36.41
3477 -31.72 14.8
3478 -18.97 17.06
3479 -3.4 3.01
3480 -10.8 1.3
3481 -38.24 11.13
3482 -1.47 12.74
3483 -34.22 27.3
3484 -15.11 5.76
3485 -22.52 36.36
3486 -27.56 26.24
3487 -5.95 0.34
3488 -10.85 27.39
3489 -42.18 14.22
3490 -18.81 15
3491 -30.93 16.02
3492 -30.82 43
3493 -39.58 18.65
3494 -1.18 29.32
3495 -30.62 22.5
3496 -13.15 35.51
3497 -4.25 4.38
3498 -31.69 14.62
3499 -20.39 38.47
3500 -30.83 26.32
3501 -8.57 22.43
3502 -2.29 14.39
3503 -21.31 14.52
3504 -28.74 13.15
3505 -28.15 19.49
3506 -15.03 3.55
3507 -26.08 15.08
3508 -13.25 25.38
3509 -10.7 1.18
3510 -3.21 14.44
3511 -5.95 20.84
3512 -25.22 16.36
3513 -30.99 33.72
3514 -28.2 36.43
3515 -18.76 30.9
3516 -9.33 38.55
3517 -32.47 6.85
3518 -21.37 11.62
3519 -4.29 9.78
3520 -8.79 29.63
3521 -12.7 32.44
3522 -27.04 23.82
3523 -28.72 18.3
3524 -19.49 40.3
3525 -34.26 18.94
3526 -39.78 2.22
3527 -18.58 19.73
3528 -9.45 0.53
3529 -16.48 29.09
3530 -39.51 37.65
3531 -11.73 14.76
3532 -21.61 28.36
3533 -19.51 0.2
3534 -9.98 42.98
3535 -8.13 23.8
3536 -12.25 18.77
3537 -22.11 20.84
3538 -18.66 18.81
3539 -15.11 6.84
3540 -25.78 17.67
3541 -19.89 28.89
3542 -28.14 1.09
3543 -1.62 18
3544 -26.61 37.6
3545 -10.77 41.62
3546 -12.39 22.13
3547 -6.49 22.5
3548 -2.22 34
3549 -12.51 5.52
3550 -29.33 12.2
3551 -30.97 20.64
3552 -21 21.1
3553 -39.91 32.61
3554 -39.45 39.67
3555 -13.34 34.55
3556 -19.44 0.75
3557 -1.84 12.76
3558 -30.76 3.59
3559 -20.71 26.98
3560 -24.61 13.37
3561 -15.02 11
3562 -13.03 16.52
3563 -6.52 21.52
3564 -27.04 15.25
3565 -6.98 42.55
3566 -19.2 35.89
3567 -12.99 37.95
3568 -6.08 19.72
3569 -15.39 8.91
3570 -22.98 1.53
3571 -2.29 8.26
3572 -21.02 42.42
3573 -25.53 27.65
3574 -34.16 7.78
3575 -0.67 25.76
3576 -16.29 38.29
3577 -10.81 15.7
3578 -16.74 29.32
3579 -24.09 40.85
3580 -39.41 23.3
3581 -15.2 31.07
3582 -4.55 14.61
3583 -13.85 28.19
3584 -16.62 10.63
3585 -35.69 29.25
3586 -17.03 39.6
3587 -17.55 17.5
3588 -1.15 38.05
3589 -25.35 22.6
3590 -4.37 14.83
3591 -9.12 26.02
3592 -41.72 20.66
3593 -29.5 19.93
3594 -16.79 14.46
3595 -37.77 9.59
3596 -20.19 35.72
3597 -29.85 32.49
3598 -16.68 24.74
3599 -14.89 43.7
3600 -28.95 33.31
3601 -8.43 6.58
3602 -24.08 25.5
3603 -19.55 25.98
3604 -4.59 4.76
3605 -19.59 0.9
3606 -6.45 32.48
3607 -32.66 28.72
3608 -4.65 27.69
3609 -42.16 18.16
3610 -7.27 0.96
3611 -36.68 15.45
3612 -3.94 27.46
3613 -31.72 2.05
3614 -1.76 0.14
3615 -12.97 2.62
3616 -32.72 10.23
3617 -35.74 21.41
3618 -3.39 12.81
3619 -17.57 34.81
3620 -35.72 31.5
3621 -19.98 37.16
3622 -1.4 21.69
3623 -5.38 8.64
3624 -6.32 29.58
3625 -30.54 27.06
3626 -22.03 37.12
3627 -0.1 2.75
3628 -28.32 25.97
3629 -5.64 31.83
3630 -13.97 30.08
3631 -40.32 18.61
3632 -19.54 2.69
3633 -39.02 32.06
3634 -2.39 2.46
3635 -33.96 12.59
3636 -29.28 17.63
3637 -39.32 33.47
3638 -21.63 30.68
3639 -16.26 24.23
3640 -7.29 27.96
3641 -0.6 26.33
3642 -8.6 29.33
3643 -34.82 0.7
3644 -32.53 36.92
3645 -2.53 19.98
3646 -38.6 26.02
3647 -8.24 42.85
3648 -10.43 14.14
3649 -16.6 3.26
3650 -39.38 12.82
3651 -30.46 30.09
3652 -19.56 4.18
3653 -34.86 5.3
3654 -29.53 20.71
3655 -4.67 30.65
3656 -36.5 36.83
3657 -1.68 5.27
3658 -29.5 24.62
3659 -17.54 16.02
3660 -36.01 41.55
3661 -23.58 43.59
3662 -42.44 30.61
3663 -24.27 31.82
3664 -14.6 32.39
3665 -24.74 20.4
3666 -30.01 9.98
3667 -14.16 11.2
3668 -16.5 5.57
3669 -5.8 28.55
3670 -38.72 2.04
3671 -18.39 10.48
3672 -39.27 10.74
3673 -35.36 43.59
3674 -15.61 4.29
3675 -1.85 32.42
3676 -32.02 7.62
3677 -17.75 25.43
3678 -36.77 30.46
3679 -42.38 42.03
3680 -41.95 7.37
3681 -40.88 23.12
3682 -34.32 27.96
3683 -13.05 11.04
3684 -19.11 30.34
3685 -11.9 18.85
3686 -8.85 13.83
3687 -24.57 9.81
3688 -9.4 27.65
3689 -31.94 39.45
3690 -27.88 25.02
3691 -32.64 33.79
3692 -38.74 15.9
3693 -25.88 6.4
3694 -27.95 31.51
3695 -38.89 3.78
3696 -26.9 25.9
3697 -33.38 15.29
3698 -26.33 40.74
3699 -6.61 2.43
3700 -0.8 24.97
3701 -18.32 18.51
3702 -7.85 9.66
3703 -16.83 22.42
3704 -17.87 17.25
3705 -21.79 4.77
3706 -18.09 25.27
3707 -20.69 33.96
3708 -40.36 12.83
3709 -23.87 2.58
3710 -6.36 3.83
3711 -9.25 42.28
3712 -13.57 12.79
3713 -9.53 42.63
3714 -24.58 19.42
3715 -0.39 16.14
3716 -14.18 25.38
3717 -14.56 42.24
3718 -20.66 22.03
3719 -18.8 10.91
3720 -15.69 18.05
3721 -43.33 40.6
3722 -30.56 13.3
3723 -5.65 20.02
3724 -2.12 6.44
3725 -33.79 29.52
3726 -27.8 32.01
3727 -0.8 43.04
3728 -21.19 41.37
3729 -16.8 33.85
3730 -6 1.77
3731 -6.67 40.71
3732 -38.95 43.7
3733 -21.73 0.76
3734 -11.67 15.61
3735 -13.19 20.05
3736 -16.65 6.88
3737 -20.18 12.52
3738 -32.54 26.73
3739 -12.69 25.84
3740 -34.88 14.19
3741 -2.2 2.48
3742 -1.52 18.69
3743 -39.58 3
3744 -36.85 22.71
3745 -4 35.9
3746 -32.62 22.37
3747 -22.07 34.2
3748 -34.96 7.09
3749 -22.71 23.32
3750 -43.38 26.15
3751 -33.04 15.42
3752 -27.94 39.55
3753 -1.81 32.74
3754 -38.1 40
3755 -10.19 14.5
3756 -16.99 28.99
3757 -3.68 35.91
3758 -18.43 42.03
3759 -0.27 43.26
3760 -35.17 34.81
3761 -13.18 4.27
3762 -38.47 3.31
3763 -10.4 14.78
3764 -17.62 8.95
3765 48.6502 -38.6002
3766 61.6502 -37.0502
3767 55.6502 -35.2402
3768 47.6502 -35.1302
3769 60.6502 -37.2202
3770 55.6502 -33.1402
3771 46.6502 -31.5002
3772 49.6502 -37.1502
3773 54.6502 -26.6802
3774 51.6502 -26.7402
3775 56.6502 -40.0902
3776 56.6502 -40.6802
3777 54.6502 -31.7302
3778 64.6502 -42.1402
3779 60.6502 -41.1202
3780 58.6502 -28.5802
3781 61.6502 -39.8402
3782 61.6502 -42.5502
3783 63.6502 -38.5302
3784 52.6502 -24.9002
3785 61.6502 -32.2702
3786 44.6502 -28.6302
3787 57.6502 -40.6802
3788 64.6502 -41.5002
3789 64.6502 -39.3602
3790 59.6502 -38.5202
3791 61.6502 -36.4402
3792 44.6502 -32.7202
3793 63.6502 -34.1302
3794 51.6502 -44.4602
3795 46.6502 -23.5402
3796 52.6502 -43.0002
3797 49.6502 -38.6802
3798 65.6502 -39.9702
3799 65.6502 -39.2302
3800 57.6502 -43.4802
3801 50.6502 -37.9202
3802 55.6502 -32.2802
3803 60.6502 -39.9402
3804 60.6502 -42.4502
3805 56.6502 -44.0202
3806 45.6502 -26.7602
3807 58.6502 -30.1702
3808 55.6502 -35.1602
3809 62.6502 -34.3302
3810 65.6502 -40.5902
3811 59.6502 -29.6602
3812 59.6502 -33.2502
3813 53.6502 -36.1402
3814 64.6502 -36.5902
3815 65.6502 -43.5802
3816 65.6502 -41.8802
3817 64.6502 -40.7102
3818 64.6502 -43.1102
3819 61.6502 -37.4702
3820 49.6502 -28.9602
3821 46.6502 -23.0502
3822 57.6502 -32.4702
3823 48.6502 -44.1902
3824 46.6502 -29.0402
3825 64.6502 -42.7602
3826 63.6502 -36.4002
3827 48.6502 -43.2202
3828 52.6502 -33.2802
3829 46.6502 -38.8702
3830 62.6502 -35.7402
3831 58.6502 -28.9402
3832 48.6502 -24.9502
3833 50.6502 -25.3102
3834 49.6502 -26.8202
3835 56.6502 -27.1302
3836 51.6502 -30.2702
3837 54.6502 -34.4902
3838 49.6502 -35.9202
3839 44.6502 -38.8802
3840 58.6502 -39.7302
3841 46.6502 -33.1202
3842 51.6502 -38.0702
3843 64.6502 -38.3002
3844 60.6502 -35.2302
3845 64.6502 -42.7302
3846 65.6502 -39.6102
3847 49.6502 -26.6002
3848 46.6502 -25.8402
3849 65.6502 -39.1402
3850 55.6502 -26.6902
3851 55.6502 -28.4302
3852 46.6502 -31.4502
3853 60.6502 -37.2202
3854 59.6502 -35.1302
3855 52.6502 -42.8602
3856 54.6502 -40.7502
3857 56.6502 -34.5202
3858 57.6502 -32.8402
3859 51.6502 -31.6802
3860 53.6502 -38.9802
3861 61.6502 -38.5202
3862 59.6502 -34.0902
3863 52.6502 -33.6802
3864 54.6502 -28.5502
3865 65.6502 -43.5802
3866 62.6502 -34.0902
3867 59.6502 -41.7302
3868 54.6502 -29.4602
3869 46.6502 -31.4402
3870 65.6502 -42.0502
3871 50.6502 -24.4602
3872 63.6502 -43.8002
3873 44.6502 -27.6102
3874 50.6502 -36.3202
3875 61.6502 -44.2002
3876 54.6502 -30.7102
3877 64.6502 -39.9002
3878 54.6502 -32.3602
3879 65.6502 -39.2502
3880 55.6502 -39.3902
3881 61.6502 -32.1602
3882 50.6502 -37.8502
3883 47.6502 -42.0602
3884 63.6502 -42.8402
3885 62.6502 -34.9102
3886 58.6502 -43.3202
3887 45.6502 -41.6802
3888 62.6502 -42.8702
3889 65.6502 -43.7702
3890 51.6502 -36.1102
3891 57.6502 -38.4902
3892 44.6502 -41.6902
3893 63.6502 -40.1502
3894 59.6502 -30.4902
3895 51.6502 -41.4902
3896 56.6502 -38.2302
3897 53.6502 -41.4002
3898 57.6502 -44.5502
3899 56.6502 -26.9102
3900 60.6502 -34.9702
3901 47.6502 -41.2702
3902 51.6502 -30.7102
3903 61.6502 -35.9402
3904 46.6502 -37.2502
3905 47.6502 -39.2902
3906 48.6502 -23.1602
3907 46.6502 -31.1902
3908 47.6502 -33.2202
3909 56.6502 -35.4302
3910 60.6502 -40.7402
3911 62.6502 -33.1102
3912 44.6502 -35.5802
3913 45.6502 -31.5602
3914 59.6502 -38.9802
3915 61.6502 -31.5202
3916 62.6502 -42.8102
3917 59.6502 -33.7602
3918 65.6502 -38.7502
3919 47.6502 -35.6202
3920 46.6502 -38.8902
3921 53.6502 -31.8902
3922 63.6502 -35.7402
3923 52.6502 -33.9502
3924 55.6502 -43.4202
3925 58.6502 -35.1802
3926 62.6502 -33.3102
3927 51.6502 -38.6502
3928 59.6502 -44.3202
3929 47.6502 -23.0202
3930 62.6502 -42.6802
3931 60.6502 -42.7702
3932 61.6502 -34.3302
3933 58.6502 -39.0102
3934 62.6502 -36.7402
3935 62.6502 -32.6002
3936 65.6502 -44.0602
3937 45.6502 -29.7202
3938 59.6502 -37.5702
3939 61.6502 -33.2702
3940 53.6502 -40.0502
3941 47.6502 -38.6802
3942 62.6502 -35.7502
3943 64.6502 -41.2502
3944 59.6502 -32.0602
3945 61.6502 -35.8902
3946 64.6502 -39.3402
3947 44.6502 -26.2302
3948 61.6502 -33.7102
3949 54.6502 -39.2702
3950 51.6502 -36.3902
3951 51.6502 -43.6002
3952 50.6502 -42.3702
3953 46.6502 -44.2402
3954 62.6502 -41.0002
3955 65.6502 -42.4602
3956 47.6502 -23.9702
3957 51.6502 -31.4102
3958 52.6502 -35.9802
3959 54.6502 -26.3102
3960 46.6502 -27.4602
3961 52.6502 -43.7802
3962 32.6502 -32.8702
3963 29.6502 -28.9902
3964 25.6502 -39.7802
3965 26.6502 -35.5502
3966 38.6502 -23.6602
3967 37.6502 -33.6102
3968 35.6502 -30.0002
3969 35.6502 -42.9702
3970 43.6502 -25.8902
3971 37.6502 -26.0502
3972 40.6502 -33.0902
3973 42.6502 -42.1102
3974 31.6502 -34.1302
3975 34.6502 -26.1102
3976 31.6502 -29.6302
3977 29.6502 -34.9102
3978 41.6502 -32.9102
3979 36.6502 -31.5902
3980 35.6502 -34.6902
3981 44.6502 -41.8602
3982 41.6502 -35.3302
3983 41.6502 -36.3902
3984 31.6502 -28.3302
3985 28.6502 -44.3302
3986 28.6502 -44.3102
3987 25.6502 -39.6102
3988 34.6502 -38.8402
3989 35.6502 -43.4702
3990 36.6502 -34.6202
3991 26.6502 -40.0802
3992 30.6502 -29.4802
3993 23.6502 -44.2602
3994 27.6502 -32.4202
3995 33.6502 -30.6102
3996 37.6502 -33.5202
3997 26.6502 -41.9902
3998 27.6502 -38.9402
3999 23.6502 -44.1802
4000 34.6502 -26.2602
4001 23.6502 -44.0102
4002 31.6502 -30.4102
4003 23.6502 -42.9702
4004 30.6502 -32.8102
4005 42.6502 -36.7302
4006 43.6502 -33.0302
4007 27.6502 -34.2002
4008 39.6502 -36.8002
4009 40.6502 -36.9502
4010 24.6502 -40.3202
4011 42.6502 -44.3702
4012 41.6502 -31.0302
4013 30.6502 -36.1702
4014 26.6502 -31.7402
4015 39.6502 -39.7502
4016 39.6502 -42.8602
4017 38.6502 -40.5702
4018 23.6502 -43.3802
4019 26.6502 -44.5202
4020 33.6502 -28.4702
4021 35.6502 -44.1402
4022 30.6502 -43.0602
4023 42.6502 -40.0602
4024 24.6502 -42.8002
4025 27.6502 -41.1302
4026 24.6502 -41.5702
4027 44.6502 -25.9602
4028 28.6502 -42.8602
4029 26.6502 -39.5702
4030 38.6502 -33.0002
4031 28.6502 -38.1202
4032 42.6502 -34.0802
4033 38.6502 -34.6502
4034 40.6502 -38.7102
4035 33.6502 -26.6502
4036 25.6502 -38.9402
4037 41.6502 -26.7202
4038 40.6502 -29.6602
4039 37.6502 -30.3902
4040 36.6502 -41.7902
4041 26.6502 -33.6202
4042 44.6502 -36.5402
4043 38.6502 -28.4802
4044 32.6502 -39.2302
4045 37.6502 -36.5302
4046 44.6502 -39.3702
4047 38.6502 -28.1302
4048 43.6502 -23.8502
4049 42.6502 -27.4402
4050 34.6502 -37.9902
4051 25.6502 -43.2602
4052 33.6502 -33.4102
4053 27.6502 -43.4602
4054 42.6502 -43.7502
4055 29.6502 -42.5702
4056 40.6502 -43.9002
4057 29.6502 -31.4202
4058 40.6502 -34.7702
4059 24.6502 -44.3702
4060 24.6502 -40.4802
4061 35.6502 -28.2702
4062 41.6502 -33.0602
4063 43.6502 -35.8302
4064 41.6502 -38.7002
4065 38.6502 -25.4802
4066 29.6502 -30.3602
4067 25.6502 -35.1502
4068 44.6502 -24.7102
4069 27.6502 -34.8702
4070 28.6502 -44.4702
4071 34.6502 -43.5302
4072 26.6502 -40.6302
4073 23.6502 -41.8102
4074 42.6502 -32.3802
4075 31.6502 -31.4502
4076 25.6502 -36.0702
4077 23.6502 -41.7102
4078 29.6502 -35.6302
4079 43.6502 -33.0502
4080 23.6502 -43.8002
4081 39.6502 -31.5402
4082 38.6502 -38.7502
4083 29.6502 -35.9702
4084 30.6502 -43.3002
4085 38.6502 -36.4502
4086 27.6502 -41.2802
4087 43.6502 -40.1402
4088 23.6502 -43.9302
4089 34.6502 -39.8402
4090 28.6502 -38.6402
4091 23.6502 -40.1602
4092 43.6502 -27.5302
4093 35.6502 -30.3702
4094 28.6502 -39.9302
4095 36.6502 -26.5302
4096 31.6502 -35.9602
4097 39.6502 -29.9302
4098 32.6502 -41.7702
4099 40.6502 -38.6902
4100 37.6502 -32.2602
4101 37.6502 -42.3202
4102 40.6502 -24.1102
4103 32.6502 -42.9802
4104 38.6502 -43.4502
4105 42.6502 -24.8702
4106 23.6502 -43.6402
4107 35.6502 -39.3302
4108 26.6502 -39.9402
4109 32.6502 -28.3702
4110 41.6502 -34.1302
4111 40.6502 -25.1202
4112 36.6502 -41.4602
4113 29.6502 -39.3102
4114 38.6502 -36.4802
4115 24.6502 -40.3002
4116 40.6502 -26.1402
4117 32.6502 -38.2902
4118 33.6502 -30.6002
4119 35.6502 -24.8102
4120 23.6502 -39.1002
4121 30.6502 -29.1402
4122 35.6502 -40.7502
4123 25.6502 -42.4202
4124 25.6502 -38.1702
4125 31.6502 -39.5702
4126 40.6502 -33.6902
4127 29.6502 -36.3902
4128 43.6502 -28.7502
4129 38.6502 -27.3802
4130 42.6502 -40.2202
4131 27.6502 -35.9702
4132 38.6502 -39.8202
4133 33.6502 -29.1302
4134 40.6502 -24.0102
4135 34.6502 -30.4702
4136 38.6502 -29.6702
4137 43.6502 -38.3602
4138 42.6502 -25.0902
4139 28.6502 -41.1202
4140 38.6502 -26.1002
4141 24.6502 -41.0402
4142 43.6502 -36.3802
4143 25.6502 -34.9402
4144 24.6502 -38.6502
4145 36.6502 -40.8702
4146 39.6502 -23.5202
4147 42.6502 -24.7602
4148 39.6502 -33.1002
4149 41.6502 -24.7602
4150 36.6502 -36.8802
4151 33.6502 -35.7302
4152 30.6502 -31.8502
4153 43.6502 -40.9702
4154 35.6502 -42.8802
4155 28.6502 -40.6802
4156 24.6502 -37.2902
4157 44.6502 -43.7702
4158 41.6502 -37.1902
4159 45.6502 -45.9802
4160 44.6502 -46.2602
4161 65.6502 -48.0602
4162 51.6502 -48.7502
4163 56.6502 -50.4102
4164 55.6502 -53.8902
4165 63.6502 -47.0202
4166 49.6502 -54.4202
4167 49.6502 -56.9402
4168 65.6502 -50.1902
4169 58.6502 -54.1102
4170 65.6502 -49.3702
4171 64.6502 -48.8102
4172 62.6502 -54.1902
4173 62.6502 -54.4002
4174 60.6502 -44.8402
4175 45.6502 -53.1502
4176 44.6502 -48.3702
4177 61.6502 -55.2402
4178 64.6502 -52.3902
4179 61.6502 -51.6502
4180 64.6502 -52.7002
4181 45.6502 -50.1602
4182 44.6502 -47.3602
4183 65.6502 -45.0802
4184 57.6502 -47.9602
4185 50.6502 -48.7402
4186 59.6502 -45.5102
4187 53.6502 -51.8002
4188 44.6502 -47.9802
4189 52.6502 -51.1002
4190 64.6502 -44.6802
4191 53.6502 -51.4902
4192 50.6502 -50.0402
4193 48.6502 -47.7502
4194 53.6502 -64.0002
4195 52.6502 -58.2802
4196 54.6502 -47.1702
4197 50.6502 -51.9102
4198 59.6502 -47.1202
4199 52.6502 -53.6502
4200 56.6502 -57.7702
4201 61.6502 -55.5002
4202 58.6502 -48.5102
4203 58.6502 -60.0702
4204 49.6502 -63.1202
4205 51.6502 -59.8802
4206 50.6502 -45.5202
4207 64.6502 -48.4302
4208 60.6502 -47.2102
4209 57.6502 -61.5602
4210 65.6502 -44.6802
4211 50.6502 -65.0102
4212 49.6502 -47.8502
4213 62.6502 -50.4702
4214 58.6502 -59.4902
4215 49.6502 -65.1502
4216 58.6502 -48.0902
4217 52.6502 -55.6302
4218 65.6502 -46.5702
4219 61.6502 -54.6702
4220 63.6502 -49.4902
4221 48.6502 -58.5502
4222 59.6502 -57.0302
4223 58.6502 -50.1402
4224 46.6502 -60.7402
4225 54.6502 -57.0202
4226 65.6502 -50.6302
4227 51.6502 -49.3702
4228 49.6502 -49.5302
4229 47.6502 -50.5602
4230 48.6502 -60.5502
4231 45.6502 -53.8602
4232 48.6502 -57.9402
4233 65.6502 -46.8202
4234 50.6502 -50.2902
4235 50.6502 -54.7802
4236 61.6502 -49.1502
4237 49.6502 -47.3702
4238 54.6502 -52.4102
4239 62.6502 -56.5102
4240 65.6502 -46.3102
4241 55.6502 -63.1502
4242 65.6502 -46.6602
4243 45.6502 -57.0102
4244 65.6502 -47.9502
4245 45.6502 -49.3002
4246 54.6502 -56.8502
4247 44.6502 -50.7102
4248 52.6502 -47.7502
4249 58.6502 -48.4102
4250 58.6502 -49.1302
4251 59.6502 -51.4002
4252 50.6502 -60.6202
4253 60.6502 -48.0702
4254 61.6502 -53.8702
4255 48.6502 -48.7502
4256 58.6502 -49.6802
4257 57.6502 -45.1802
4258 56.6502 -48.5302
4259 59.6502 -48.1002
4260 60.6502 -51.8502
4261 57.6502 -59.0302
4262 59.6502 -51.6602
4263 58.6502 -49.6002
4264 53.6502 -64.3702
4265 55.6502 -49.5102
4266 46.6502 -51.2902
4267 51.6502 -45.3902
4268 47.6502 -51.2602
4269 64.6502 -46.9902
4270 55.6502 -63.0902
4271 55.6502 -58.8902
4272 60.6502 -50.7502
4273 59.6502 -59.2102
4274 56.6502 -53.3602
4275 58.6502 -52.8102
4276 65.6502 -45.8202
4277 52.6502 -58.4902
4278 60.6502 -58.6702
4279 53.6502 -61.9502
4280 49.6502 -66.1902
4281 48.6502 -52.6402
4282 47.6502 -63.4602
4283 58.6502 -59.9702
4284 55.6502 -57.0702
4285 45.6502 -56.9502
4286 57.6502 -57.8102
4287 44.6502 -66.0402
4288 56.6502 -56.4902
4289 53.6502 -61.8902
4290 65.6502 -46.1402
4291 52.6502 -56.6302
4292 50.6502 -59.6302
4293 53.6502 -55.5002
4294 58.6502 -49.7902
4295 47.6502 -58.9202
4296 59.6502 -54.0002
4297 47.6502 -56.0502
4298 60.6502 -52.7002
4299 44.6502 -53.2802
4300 47.6502 -56.0802
4301 48.6502 -61.5102
4302 55.6502 -57.6502
4303 63.6502 -49.5002
4304 60.6502 -58.8602
4305 45.6502 -54.0402
4306 50.6502 -57.1802
4307 56.6502 -58.5402
4308 65.6502 -46.3802
4309 56.6502 -45.6902
4310 57.6502 -58.5802
4311 53.6502 -61.2502
4312 64.6502 -52.2702
4313 46.6502 -55.1302
4314 47.6502 -64.9002
4315 64.6502 -52.8002
4316 64.6502 -47.2302
4317 65.6502 -50.4502
4318 46.6502 -49.4402
4319 53.6502 -61.0802
4320 44.6502 -55.9602
4321 54.6502 -50.3902
4322 60.6502 -52.8902
4323 61.6502 -58.0102
4324 61.6502 -45.5802
4325 50.6502 -64.0202
4326 62.6502 -44.8802
4327 59.6502 -55.8302
4328 46.6502 -66.1502
4329 53.6502 -60.1802
4330 59.6502 -50.9602
4331 54.6502 -61.1202
4332 49.6502 -54.8702
4333 45.6502 -49.1202
4334 47.6502 -56.6202
4335 46.6502 -53.7002
4336 62.6502 -49.4202
4337 51.6502 -59.7702
4338 53.6502 -48.1202
4339 48.6502 -54.1602
4340 50.6502 -57.5702
4341 58.6502 -54.9602
4342 44.6502 -57.0202
4343 63.6502 -44.6702
4344 63.6502 -47.3302
4345 49.6502 -57.3102
4346 53.6502 -51.9302
4347 48.6502 -59.5302
4348 46.6502 -65.5802
4349 64.6502 -50.2002
4350 54.6502 -61.4702
4351 50.6502 -45.3502
4352 53.6502 -51.0802
4353 61.6502 -52.3002
4354 58.6502 -53.5202
4355 46.6502 -65.5202
4356 38.6502 -55.2102
4357 44.6502 -65.6102
4358 27.6502 -50.8402
4359 38.6502 -51.5002
4360 44.6502 -54.2202
4361 39.6502 -66.5202
4362 41.6502 -56.8202
4363 44.6502 -66.0402
4364 35.6502 -53.3302
4365 36.6502 -48.7002
4366 28.6502 -44.7502
4367 42.6502 -64.2702
4368 42.6502 -46.8002
4369 23.6502 -50.1302
4370 30.6502 -57.1202
4371 31.6502 -51.4702
4372 31.6502 -55.7002
4373 42.6502 -50.6502
4374 37.6502 -63.9702
4375 23.6502 -44.7802
4376 28.6502 -59.5402
4377 30.6502 -49.4402
4378 36.6502 -52.4502
4379 43.6502 -62.8602
4380 34.6502 -51.3402
4381 31.6502 -60.1602
4382 24.6502 -49.2402
4383 39.6502 -47.5102
4384 36.6502 -46.0902
4385 30.6502 -57.9302
4386 41.6502 -52.3902
4387 27.6502 -58.1102
4388 29.6502 -60.1002
4389 24.6502 -53.2102
4390 42.6502 -56.4902
4391 41.6502 -53.8502
4392 25.6502 -55.3902
4393 31.6502 -45.4802
4394 36.6502 -48.3902
4395 23.6502 -44.7202
4396 24.6502 -45.5302
4397 24.6502 -49.4102
4398 43.6502 -48.4002
4399 28.6502 -53.3802
4400 41.6502 -50.6502
4401 41.6502 -45.7902
4402 34.6502 -62.8102
4403 26.6502 -52.7102
4404 30.6502 -45.2302
4405 24.6502 -46.5702
4406 36.6502 -60.0102
4407 34.6502 -52.8402
4408 24.6502 -45.3202
4409 35.6502 -47.3302
4410 32.6502 -58.2902
4411 23.6502 -48.5102
4412 28.6502 -48.5002
4413 42.6502 -53.1602
4414 26.6502 -44.9302
4415 24.6502 -49.4802
4416 44.6502 -49.9402
4417 43.6502 -65.2002
4418 24.6502 -46.2202
4419 33.6502 -54.7702
4420 34.6502 -58.4002
4421 40.6502 -56.2702
4422 35.6502 -60.8502
4423 44.6502 -45.3802
4424 31.6502 -54.5402
4425 32.6502 -60.4602
4426 31.6502 -58.3402
4427 35.6502 -47.7402
4428 39.6502 -44.9802
4429 24.6502 -52.3202
4430 39.6502 -61.5302
4431 25.6502 -49.5502
4432 27.6502 -56.1302
4433 31.6502 -47.3202
4434 28.6502 -55.2302
4435 43.6502 -55.9102
4436 35.6502 -57.5202
4437 24.6502 -52.1402
4438 27.6502 -48.3902
4439 42.6502 -52.6402
4440 39.6502 -66.3302
4441 36.6502 -60.8502
4442 24.6502 -51.6502
4443 43.6502 -47.1002
4444 39.6502 -56.0602
4445 44.6502 -53.1202
4446 31.6502 -61.3202
4447 29.6502 -60.6402
4448 28.6502 -58.5102
4449 26.6502 -55.3902
4450 38.6502 -63.1502
4451 32.6502 -46.9802
4452 41.6502 -62.5702
4453 36.6502 -49.1402
4454 35.6502 -52.7402
4455 40.6502 -44.9902
4456 23.6502 -49.4502
4457 35.6502 -54.8402
4458 38.6502 -45.0102
4459 24.6502 -46.3102
4460 40.6502 -52.9802
4461 23.6502 -49.2402
4462 30.6502 -47.7102
4463 44.6502 -47.8102
4464 26.6502 -53.9402
4465 28.6502 -55.0502
4466 29.6502 -51.1102
4467 31.6502 -57.8502
4468 29.6502 -44.7302
4469 31.6502 -48.2302
4470 35.6502 -46.8202
4471 32.6502 -62.1502
4472 38.6502 -48.6402
4473 42.6502 -46.9502
4474 38.6502 -48.0302
4475 24.6502 -49.3102
4476 25.6502 -52.3002
4477 41.6502 -62.3702
4478 37.6502 -65.0502
4479 26.6502 -49.8002
4480 25.6502 -52.4802
4481 43.6502 -49.1702
4482 27.6502 -46.4602
4483 38.6502 -46.8502
4484 31.6502 -53.0702
4485 38.6502 -45.7502
4486 31.6502 -53.8802
4487 42.6502 -45.2602
4488 30.6502 -52.9902
4489 38.6502 -44.7502
4490 39.6502 -65.5702
4491 38.6502 -46.6102
4492 24.6502 -48.2302
4493 32.6502 -53.9402
4494 36.6502 -58.2602
4495 37.6502 -60.3602
4496 26.6502 -55.1702
4497 29.6502 -51.4202
4498 25.6502 -53.6402
4499 24.6502 -50.3902
4500 29.6502 -50.9302
4501 38.6502 -54.2202
4502 23.6502 -50.6202
4503 44.6502 -47.4302
4504 31.6502 -53.2702
4505 34.6502 -63.2102
4506 37.6502 -59.8602
4507 27.6502 -45.7802
4508 43.6502 -54.3802
4509 34.6502 -59.4602
4510 34.6502 -58.0402
4511 34.6502 -54.4702
4512 44.6502 -47.9602
4513 26.6502 -45.9002
4514 24.6502 -46.7502
4515 38.6502 -63.4102
4516 28.6502 -47.0102
4517 27.6502 -56.5902
4518 25.6502 -55.1602
4519 38.6502 -59.8202
4520 44.6502 -63.2902
4521 43.6502 -49.3402
4522 35.6502 -49.9502
4523 34.6502 -51.8102
4524 44.6502 -45.9302
4525 31.6502 -52.5502
4526 32.6502 -52.1802
4527 29.6502 -51.2502
4528 42.6502 -48.5002
4529 37.6502 -45.3202
4530 43.6502 -65.0202
4531 33.6502 -57.0202
4532 44.6502 -52.4102
4533 35.6502 -44.7602
4534 23.6502 -45.7202
4535 40.6502 -61.5802
4536 36.6502 -52.7102
4537 40.6502 -54.2602
4538 24.6502 -49.1302
4539 42.6502 -48.5702
4540 33.6502 -57.9202
4541 39.6502 -46.6202
4542 29.6502 -57.2502
4543 35.6502 -50.8202
4544 37.6502 -58.1102
4545 30.6502 -47.0902
4546 38.6502 -46.4402
4547 43.6502 -55.2702
4548 35.6502 -60.8202
4549 23.6502 -48.0002
4550 42.6502 -50.1902
4551 38.6502 -54.6502
4552 38.6502 -62.6002
