%%index real_part   imaginary_part
2393 2393 2393
1 43.68 54.67
2 52.87 6.98
3 5.95 54.91
4 4.1 8.44
5 13.99 24.4
6 11.67 21.48
7 27.43 44.28
8 54.87 33.61
9 36.68 6.08
10 55.85 3.59
11 0.58 26.82
12 26.67 7.93
13 53.2 30.25
14 26.76 48.04
15 44.42 36.59
16 22.78 26.34
17 33.33 32.1
18 18.54 19.66
19 15.62 39.28
20 51.21 10.16
21 31.64 17.13
22 48.94 50.4
23 28.02 46.6
24 40.2 47.81
25 51.4 52.22
26 23.04 40.06
27 47.99 39.5
28 13.75 37.23
29 16.79 45.19
30 25.78 40.51
31 10.86 5.21
32 37.32 48.57
33 55.75 31.71
34 2.51 43.38
35 53.54 2.89
36 20.03 41.24
37 35.65 16.7
38 7.3 12.97
39 48.3 7.67
40 3.89 47.51
41 31.57 43.7
42 14.72 14.45
43 39.2 23.56
44 12.75 28.47
45 0.51 0
46 5.21 26.06
47 18.63 54.89
48 18.12 30.05
49 17.43 5.9
50 8.79 8.15
51 49.4 14.97
52 31.68 28.82
53 29.31 29.05
54 24.24 38.98
55 18.01 21.61
56 52.83 28.13
57 30.1 49.58
58 17.14 11.55
59 27.55 13.3
60 0.82 17.42
61 43.48 28.06
62 14.47 6.04
63 36.09 49.63
64 55.53 32.59
65 40.74 53.53
66 0.02 51.84
67 24.67 34.14
68 7.19 31.7
69 2.21 41.5
70 7.12 31.43
71 47.08 20.22
72 1.33 3.95
73 15.51 8.7
74 9.53 18.47
75 23.41 30.58
76 2.64 10.35
77 3.91 54.41
78 48.04 17.11
79 37.22 40.01
80 25.06 35.09
81 30.94 21.96
82 43.63 25.08
83 44.31 43.13
84 28.63 38.34
85 1.3 34.04
86 41.78 23.27
87 14.75 35.9
88 44.61 43.11
89 5.59 30.26
90 48.36 41.66
91 39.53 16.52
92 14.94 51
93 55.63 43.45
94 14.98 50.5
95 17.12 36.85
96 46.33 27.56
97 40.16 35.58
98 10.23 33.96
99 3.83 28.47
100 50.03 26.38
101 49.66 5.13
102 41.03 35.82
103 22.93 8.41
104 26.19 17.16
105 46.34 16.04
106 32.57 18.55
107 1.07 29.88
108 17.33 35.03
109 29.53 44.22
110 25.07 19.83
111 47.39 34.17
112 13.75 2.92
113 24.41 31.55
114 47.55 23.98
115 50.37 28.24
116 20.89 41.58
117 8.92 31.55
118 39.96 49.44
119 10.61 31.86
120 35.42 53.67
121 3.74 0.95
122 18.35 55.51
123 34.54 4.81
124 49.03 35.68
125 43.03 51.6
126 29.77 5.62
127 52.06 34.42
128 9.98 31.05
129 55.03 20.47
130 36.23 45.05
131 18.15 36.92
132 12.47 1.12
133 50.57 27.08
134 2.94 39.95
135 25.14 48.7
136 37.17 25.88
137 25.4 28.88
138 21.21 55.53
139 22.73 47.46
140 43.06 1.76
141 50.9 9.77
142 44.19 4.36
143 22.93 46.97
144 54.96 41.69
145 30.74 9.48
146 46.41 35.2
147 36.32 48.9
148 19.98 46.4
149 17.88 18.41
150 54.63 10.44
151 23.84 30.54
152 46.95 35.81
153 35.34 49.24
154 28.23 55.68
155 1.45 2.07
156 11.84 15.29
157 7.17 39.87
158 30.84 43.56
159 29.25 17.62
160 27.11 29.81
161 52.53 47.52
162 27.94 5.04
163 38.96 20.37
164 38.79 35.44
165 33.4 0.84
166 18.91 37.42
167 4.75 1.24
168 38.01 9.86
169 9.54 40.09
170 29.69 10.24
171 13.05 54.51
172 38.39 29.05
173 16.61 7.75
174 25.37 0.75
175 18.08 33.39
176 12.43 52.48
177 1.52 14.61
178 34.99 40.37
179 7.33 40.49
180 28.85 5.3
181 42.72 40.73
182 29.49 47.76
183 45.14 47.48
184 19.09 11.5
185 21.74 42.21
186 40.72 48.78
187 9.36 34.8
188 42.55 10.63
189 11.39 25.97
190 46.88 55.44
191 51.93 29.47
192 44.09 46.83
193 31.2 40.97
194 25.46 10.6
195 15.9 26.05
196 10.78 41.84
197 21.12 2.62
198 37.62 40.28
199 51.78 10.27
200 52.48 44.24
201 24.54 5.05
202 27.37 24.72
203 22.88 33.9
204 47.4 1.44
205 0.88 34.27
206 51.26 25.8
207 16.64 52.81
208 25.31 26.87
209 37.47 35.36
210 5.42 50.77
211 24.13 53.37
212 43.52 16.2
213 44 45.26
214 55.53 12.66
215 0.9 27.31
216 32.36 39.53
217 51.77 25.45
218 46.87 47.25
219 48.69 18.65
220 40.44 38.27
221 51.6 49.57
222 33.91 35.71
223 6.58 12.24
224 47.6 3.22
225 41.51 44.06
226 28.95 53.02
227 0.75 9.65
228 54.91 16.47
229 29.14 44.75
230 3.58 41.96
231 13.01 30.04
232 43.01 35.94
233 14.71 52.3
234 2.48 33.89
235 3.68 7.4
236 44.5 42.92
237 10.15 55.28
238 55.04 9.93
239 0.67 16.74
240 48.32 46.65
241 31.19 42.18
242 39.35 21.27
243 25.27 31.94
244 8.22 25.78
245 11.74 54.41
246 15.97 11.8
247 35.27 12.27
248 8.58 2.99
249 24.4 49.98
250 44.91 11.06
251 41.5 15.6
252 2.41 33.41
253 43.34 51.66
254 55.92 1.45
255 35.62 44.01
256 17.71 35.76
257 44.55 54.34
258 30.28 1.07
259 26.85 13.82
260 12.23 26.02
261 37.83 26.12
262 25.91 15.73
263 6.24 4.62
264 42.12 34.49
265 33.07 18.16
266 33.76 31.03
267 8.44 6.1
268 1.76 23.69
269 12.67 39.3
270 14.83 45.2
271 24.96 48.29
272 46.63 20.07
273 21.14 13.51
274 27.34 8.44
275 21.98 35.51
276 49.15 27.09
277 30.34 3.81
278 51.95 19.07
279 41.08 36.58
280 54.74 38.08
281 13.11 5.68
282 11.78 20.03
283 43.72 9.08
284 35.9 1.06
285 46.26 0.39
286 36.21 38.26
287 2.33 2.74
288 16.25 14.36
289 10.32 10.99
290 34.02 31.11
291 45.73 32.31
292 23.64 27.18
293 46.25 20.07
294 44.18 19.6
295 1.68 18.85
296 24.53 42.92
297 50.47 2.31
298 54.91 36.31
299 37.37 38.2
300 26.11 34.82
301 17.08 15.15
302 17.89 49.84
303 51.73 6.93
304 17.92 21.67
305 40.3 6.05
306 25.88 51.94
307 10.64 30.03
308 37.63 49.53
309 0.65 0.89
310 7.27 25.81
311 0.25 45.85
312 48.16 31.8
313 12.12 50.73
314 20.45 47.08
315 13.42 37.01
316 39.69 46.56
317 27.93 30.5
318 37.43 1.58
319 10.77 23.66
320 17.23 42.87
321 26.33 51.08
322 12.63 43.12
323 24.17 36.98
324 25.39 50.26
325 7.59 24.82
326 14.67 32.66
327 8.47 7.85
328 46.1 50.35
329 28.95 8.11
330 32.64 10.55
331 44.63 29.89
332 4.39 16.33
333 5.44 16.56
334 27.74 29.34
335 3.73 16.21
336 54.81 32.5
337 19.62 30.07
338 11.05 11.45
339 49.23 31.31
340 0.13 36.44
341 13.11 0.83
342 52.2 2.32
343 40.19 9.1
344 17.21 42.3
345 40.37 0.67
346 30.56 49.85
347 53.71 29
348 33.09 22.48
349 39.34 3.15
350 6.88 48.35
351 24.85 43.08
352 4.67 49.22
353 4.67 31.99
354 7.3 15.72
355 39.68 41.42
356 42.25 50.95
357 40.79 40.31
358 49.41 25.97
359 55.79 12.51
360 13.18 54.14
361 48 40.16
362 0.69 31.26
363 53.74 33.23
364 23.9 21.3
365 13.65 24.61
366 11.69 30.78
367 11.52 26.03
368 45.54 16.36
369 19.6 3.71
370 45.14 40.37
371 35.32 3.28
372 31.12 18.91
373 44.89 7.64
374 7.67 24.53
375 22.68 32.2
376 16.37 8.37
377 39.63 2.2
378 35.43 4.58
379 25.88 24.9
380 49.51 3.33
381 21.63 27.05
382 40.6 5.2
383 9.08 20.68
384 24.39 30.15
385 14.52 28.68
386 19.48 13.53
387 32.45 37.36
388 32.52 50.6
389 6.66 8.86
390 41.06 40.19
391 36.08 16.86
392 19.06 44.95
393 37.05 19.72
394 44.62 42.01
395 32.86 6.93
396 21.51 25.65
397 30.85 42.01
398 6.69 49.63
399 11.3 27.45
400 43.65 31.09
401 32.14 13.34
402 38.23 50.65
403 32.78 52.11
404 4.97 14.75
405 42.47 39.44
406 0.3 33.56
407 10.03 22.55
408 29.79 19.36
409 48.89 47.09
410 41.54 5.93
411 31.58 25.75
412 55.28 50.57
413 44.21 49.95
414 21.4 5.98
415 24.59 55.51
416 12.86 52.57
417 47.23 0.73
418 52.85 51.09
419 53.36 24.01
420 50.97 45.34
421 22.9 27.35
422 37.43 51.27
423 2.15 20.46
424 11.55 11.22
425 17.16 51.04
426 8.31 40.61
427 35.19 48.74
428 30.22 7.59
429 1.09 23.4
430 10.43 51.62
431 35.72 25.68
432 26.42 23.29
433 5.9 26.95
434 38.48 10.79
435 0.13 46.79
436 18.14 33.45
437 28.72 10.56
438 31.02 55.57
439 10.8 18.39
440 0.95 30.09
441 14.7 15.48
442 51.74 9.26
443 4.37 37.41
444 4.81 25.96
445 9.11 5.47
446 18.67 2.77
447 13.58 44.83
448 3.3 32.61
449 30.92 19.49
450 53.8 41.78
451 6.75 31.06
452 29.14 15.94
453 3.04 35.47
454 41.38 47.68
455 21.77 1.36
456 16.84 42.33
457 39.11 23.99
458 5.41 12.58
459 26.07 43.48
460 36.47 53.74
461 44.03 35.18
462 11.53 42.67
463 19.28 1.62
464 8.63 14.83
465 44.13 50.21
466 12.79 6.43
467 22.37 50.88
468 17.87 41.93
469 21.13 12.93
470 14.29 3.25
471 45.58 42.9
472 54.41 31.13
473 31.24 28.69
474 3.69 47.34
475 32.61 -44.83
476 11.53 -40.17
477 14.36 -20.64
478 22.26 -23.06
479 37.89 -33.64
480 15.37 -30.89
481 37.32 -13.54
482 8.42 -15.68
483 45.13 -47.22
484 4.15 -26.29
485 17.06 -10.26
486 40.68 -5.97
487 37.1 -50.16
488 22.85 -39.1
489 17.96 -55.86
490 44.69 -14.06
491 41.75 -50.57
492 2.74 -0.22
493 10.8 -0.11
494 21.28 -25
495 43.42 -36.21
496 49.75 -24.17
497 39.86 -12.26
498 3.48 -45.69
499 3.5 -28.99
500 26.78 -51.16
501 1.13 -20.56
502 14.72 -11.46
503 38.08 -25.75
504 13.14 -25.09
505 39.16 -0.05
506 38.14 -45.35
507 45.58 -24.91
508 25.03 -40.88
509 53.41 -43.9
510 24.12 -33.83
511 2 -40.83
512 53.09 -5.39
513 51.09 -41.86
514 2.38 -44.1
515 39.26 -54.59
516 19.16 -29.16
517 40.62 -27.91
518 41.18 -21.4
519 46.5 -10.23
520 53.8 -54.32
521 43.68 -29.66
522 42.09 -35.94
523 8.35 -20.78
524 8.68 -54.64
525 32.47 -5.76
526 46.59 -20.32
527 25.72 -34.48
528 20.34 -31.2
529 19.3 -20.81
530 19.4 -22.72
531 39.4 -46.08
532 17.99 -26.08
533 47.49 -24.03
534 21.78 -3.18
535 45.02 -25.51
536 55.17 -19.58
537 55.52 -32.7
538 53.48 -28.78
539 27.43 -51.39
540 1.15 -49.69
541 14.01 -3.9
542 38.38 -35.26
543 10.47 -39.73
544 48.06 -46.25
545 0.49 -29.77
546 19.86 -54.99
547 25.07 -39.9
548 51.45 -25.37
549 16.07 -4.08
550 29.59 -17.23
551 36.81 -5.1
552 37.8 -16.28
553 45.07 -23.85
554 19.25 -22.81
555 4.02 -4.02
556 51.44 -7.92
557 43.19 -18.03
558 45.29 -21.35
559 11.6 -41.18
560 14.95 -37.35
561 23.86 -55.61
562 27.03 -22.33
563 35.23 -48.94
564 40.54 -10
565 14.75 -51.3
566 43.92 -1.66
567 17.94 -51.56
568 6.94 -25.73
569 36.06 -50.53
570 42.07 -13.71
571 21.63 -40.08
572 45.63 -37.52
573 2.87 -52.34
574 37.52 -34.92
575 3.8 -1.99
576 1.6 -40
577 49.85 -27.66
578 8.12 -16.16
579 26.16 -29.08
580 11.91 -36.19
581 37.85 -40.92
582 24 -55.83
583 13.08 -43.31
584 37.85 -18.46
585 32.17 -49.14
586 20.74 -23.92
587 5.44 -41.33
588 37.67 -10.38
589 32.82 -51.83
590 53.82 -19.2
591 46.72 -24.14
592 39.33 -42.95
593 3.11 -40.57
594 13.66 -34.97
595 15.16 -29.27
596 1.71 -25.57
597 25.4 -40.53
598 27.85 -25.72
599 44.18 -26.01
600 19.15 -9.7
601 21.14 -7.88
602 49.21 -39.9
603 37.8 -14.11
604 9.94 -30.88
605 37.6 -14.62
606 38.77 -51.29
607 38.24 -28.32
608 12.9 -9.62
609 44.59 -41.35
610 14.62 -14.08
611 39.65 -3.76
612 44.29 -3.86
613 29.58 -52.57
614 22.58 -16.14
615 13.36 -5.28
616 13.16 -29.26
617 0.68 -22.03
618 23.66 -6.37
619 24.78 -38.48
620 40.62 -21.12
621 16.41 -6.38
622 34.71 -10.91
623 20.53 -54.65
624 40 -47.61
625 5.69 -9.13
626 0.41 -42.15
627 46.01 -32.86
628 16.95 -32.22
629 35.89 -7.11
630 12.39 -27.06
631 0.32 -36.77
632 2.8 -13.08
633 19.45 -1
634 27 -13.98
635 35.11 -44.23
636 38.14 -11.62
637 10.06 -51.52
638 37.7 -16.85
639 8.46 -30.59
640 27.24 -9.22
641 38.89 -1.67
642 34.53 -27.65
643 3.88 -28.9
644 23.53 -39
645 10.06 -39.77
646 20.54 -23.45
647 36.53 -10.38
648 54.9 -10.87
649 24.85 -43.5
650 19.26 -13.42
651 25.05 -47.48
652 43.01 -1.4
653 18.25 -22.63
654 53.22 -12.23
655 21.45 -14.23
656 3.42 -11.99
657 39.64 -4.35
658 20.77 -25.47
659 8.47 -31.04
660 2.33 -44.31
661 55.28 -18.54
662 16.44 -22.88
663 21.27 -35.81
664 23.31 -15.35
665 28.77 -33.64
666 25.13 -42.57
667 31.49 -41.34
668 7.97 -55.66
669 11.89 -49.74
670 51.49 -48.72
671 48.23 -20.86
672 12.73 -54.91
673 11.9 -31.87
674 50.44 -33.51
675 9.34 -20.38
676 38.92 -52.77
677 7.17 -8.62
678 31.95 -55.36
679 2.23 -15.96
680 49.61 -55.26
681 29.36 -18.53
682 3.87 -18.74
683 5.92 -4.85
684 42.12 -55.37
685 35.61 -17.81
686 26.19 -25.13
687 11.57 -27.84
688 47.23 -38.93
689 3.96 -23.47
690 43.85 -29.19
691 25.97 -0.82
692 9.44 -14.29
693 1.18 -20.66
694 36.63 -28.91
695 28.17 -3.41
696 9.46 -30.24
697 36.5 -45.05
698 49.91 -13.34
699 0.23 -42.42
700 47.75 -23.55
701 36.2 -23.36
702 38.72 -17.94
703 44.39 -47.77
704 2.77 -17.47
705 46.67 -48.35
706 49.17 -46.62
707 48.44 -16.64
708 24.82 -46.13
709 19.04 -49.62
710 40.55 -5.45
711 23.21 -34.74
712 23.79 -50.02
713 50.88 -3.71
714 33.65 -5.22
715 16.29 -38.63
716 5.99 -25.4
717 30.87 -52.5
718 31.79 -32.23
719 49.7 -19.26
720 55.14 -34.56
721 12.71 -40.37
722 44.53 -48.31
723 25.97 -5.15
724 42.29 -13.36
725 18.81 -32.53
726 11.27 -26.84
727 8.38 -42.03
728 33.26 -22.59
729 15.33 -46.78
730 29.41 -10.92
731 36.32 -31.63
732 15.65 -22.92
733 55.15 -54.71
734 17.98 -47.44
735 26.01 -36.38
736 20.75 -4.64
737 52.95 -38.72
738 31.39 -9.29
739 22.65 -10.44
740 42.98 -17.68
741 32.04 -41.46
742 15.01 -41.77
743 8.36 -27.95
744 18.73 -48.28
745 46.72 -11.22
746 30.37 -48.15
747 2.59 -14.56
748 13.28 -46.02
749 37.46 -45.27
750 25.65 -18.78
751 23.42 -50.99
752 21.23 -46.4
753 55.69 -7.89
754 18.34 -52.62
755 1.82 -9.86
756 38.85 -48.84
757 34.61 -33.87
758 5.82 -53.86
759 33.66 -30.5
760 41.72 -12.07
761 4.22 -24.38
762 38.95 -16.09
763 49.63 -50.34
764 39.61 -39.75
765 2.53 -18.61
766 13.61 -9.26
767 55.66 -25.95
768 21.36 -22.36
769 18.99 -42.88
770 40.26 -39.7
771 32.54 -8.33
772 42.2 -23.11
773 8.5 -54.68
774 16.7 -35.54
775 47.62 -42.16
776 54.07 -2.42
777 6.03 -39.36
778 33.7 -24.54
779 8.29 -55.66
780 18.27 -17.31
781 14.09 -54.34
782 11.81 -19.4
783 41.77 -1.28
784 44.16 -33.17
785 4.4 -48.28
786 0.61 -15.94
787 39.06 -24.46
788 23.14 -30.34
789 9.88 -47.56
790 21.24 -39.84
791 29.78 -45.02
792 28.39 -6.83
793 31.37 -23.33
794 22.99 -49.61
795 54.45 -27.18
796 13.04 -28.79
797 35.71 -12.54
798 13.82 -24.85
799 45.55 -9
800 1.28 -45.5
801 5.45 -49.95
802 18.41 -45.42
803 19.76 -32.03
804 23.59 -29.08
805 0.44 -17.16
806 49.71 -32.35
807 39.19 -30.23
808 53.56 -9.62
809 3.23 -2.08
810 29.27 -8.08
811 24.39 -45.2
812 1.75 -42.31
813 54.69 -47.62
814 0.63 -3.09
815 36.12 -44.24
816 38.19 -45.43
817 22.37 -29.09
818 5.12 -44.12
819 17.2 -29.65
820 34.34 -16.23
821 48.58 -17.65
822 35.4 -28.05
823 37.67 -31.77
824 33.86 -20.48
825 16.08 -28.42
826 17.63 -50.65
827 24.48 -40.47
828 19.62 -6.9
829 53.51 -23.17
830 11.41 -20.25
831 53.2 -33.63
832 6.72 -37.12
833 25.25 -19.58
834 49.23 -11.84
835 28.07 -29.97
836 35.14 -27.57
837 43.14 -8.18
838 27.47 -14.54
839 22.55 -24.81
840 40.76 -5.33
841 43.5 -38.63
842 10.63 -2.39
843 52.81 -11.99
844 35.16 -30.25
845 38.02 -50.32
846 27.96 -34.1
847 2.74 -35.22
848 42.32 -22.2
849 21.57 -27.99
850 45.49 -35.56
851 50.65 -37.16
852 45.34 -24.63
853 26.7 -37.8
854 50.13 -16.82
855 9.67 -49.25
856 31.88 -34.89
857 24.8 -53.18
858 52.69 -42.51
859 4.28 -9.13
860 3.46 -19.37
861 53.47 -42.3
862 9.05 -18.94
863 41.14 -0.22
864 15.73 -38.89
865 18.45 -6.71
866 43.88 -5.22
867 17.38 -0.63
868 25.95 -20.74
869 37.56 -44.08
870 24.85 -20.08
871 42.5 -47.24
872 31.94 -0.73
873 30.77 -11.3
874 20.44 -16.15
875 35.52 -22.57
876 52.4 -11.42
877 30.36 -20.52
878 8.26 -5.45
879 44.34 -3.02
880 53.26 -23.99
881 16.74 -50.32
882 38.47 -28.66
883 49.4 -21.64
884 53.24 -8.42
885 28.5 -30.97
886 9.73 -22.09
887 10.34 -15
888 13.83 -29.19
889 45.34 -28.63
890 51.21 -21.79
891 20.73 -24.86
892 45.38 -47.61
893 40.58 -38.61
894 41.63 -53.64
895 9.16 -16.44
896 54.28 -38.89
897 55.07 -13.42
898 35.06 -36.75
899 32.69 -48.48
900 10.97 -32.3
901 54.39 -48.72
902 51.24 -20.7
903 37.41 -52.25
904 24.89 -9.07
905 18.38 -26.75
906 39.13 -20.1
907 55.23 -39.11
908 21.72 -16.04
909 1.2 -39.81
910 43.77 -50.88
911 21.29 -10.36
912 11.3 -42.06
913 10.33 -20.37
914 12.85 -46.36
915 10.18 -43.03
916 35.75 -23.82
917 32.04 -52.09
918 48.35 -30.99
919 27.59 -13.45
920 27.72 -17.24
921 24.86 -33.49
922 4.13 -10.85
923 26.89 -24.09
924 7.9 -13.37
925 8.25 -28.1
926 25.98 -39.19
927 25.25 -17.07
928 37.44 -37.29
929 15.17 -23.11
930 53.66 -37.81
931 49.15 -12.88
932 8.97 -33.41
933 51.92 -12.71
934 13.68 -1.32
935 6.08 -11.03
936 32.05 -41.4
937 39.77 -30.94
938 55.03 -36.18
939 49.55 -54.19
940 13.81 -50.45
941 33.65 -45.33
942 6.4 -27.31
943 52.12 -46.42
944 13.53 -31.36
945 0.69 -54.82
946 11.7 -54.71
947 32.12 -37.36
948 50.07 -20.67
949 -9.52 -15.57
950 -14.12 -51.27
951 -24.19 -15.6
952 -34.07 -46.17
953 -26.35 -51.48
954 -49.67 -33.1
955 -15.08 -7.43
956 -52.76 -51
957 -9.84 -36.25
958 -26.67 -46.68
959 -9.56 -5.96
960 -4.78 -27.73
961 -26.44 -53.77
962 -35.13 -16.48
963 -24.68 -46.09
964 -49.18 -16.72
965 -11.99 -21.72
966 -24.84 -7.3
967 -41 -23.7
968 -19.18 -2.91
969 -23.54 -11.35
970 -6.3 -0.38
971 -51.38 -38.62
972 -18.87 -46.58
973 -37.26 -48.74
974 -54.71 -33.06
975 -4.79 -34.34
976 -32.11 -47.01
977 -7.5 -18.76
978 -52.37 -54.76
979 -15.48 -19.7
980 -41.42 -45.55
981 -40.37 -14.99
982 -38.69 -10.26
983 -13.18 -25.37
984 -24.25 -45.4
985 -45.78 -24.24
986 -6.86 -30.55
987 -8.66 -28.68
988 -21.43 -13.25
989 -46.31 -33.44
990 -11.79 -7.66
991 -54.67 -38.63
992 -44.91 -31.42
993 -30.19 -49.69
994 -13.39 -41.28
995 -18.35 -33.19
996 -35.71 -42.33
997 -52.6 -2.72
998 -15.62 -5.92
999 -51.32 -53.3
1000 -9.06 -27.39
1001 -45.46 -28.62
1002 -1.31 -15.92
1003 -16.69 -54.12
1004 -31.57 -10.26
1005 -17.92 -50.52
1006 -20.67 -30.88
1007 -6.3 -4.11
1008 -53.81 -53.1
1009 -38.38 -24.01
1010 -1.21 -54.72
1011 -41.06 -44.25
1012 -34.5 -36.92
1013 -42.84 -25.18
1014 -10 -37.64
1015 -9.03 -25.69
1016 -54.31 -19.06
1017 -22.5 -54.49
1018 -52.62 -43.14
1019 -53.4 -39.19
1020 -21.23 -15.71
1021 -46.59 -2.84
1022 -50.48 -41.91
1023 -26.53 -40.41
1024 -8.43 -48.29
1025 -47.01 -8.92
1026 -40.69 -9.64
1027 -34.08 -19.59
1028 -44.77 -19.19
1029 -0.83 -8.44
1030 -34.13 -54.77
1031 -5.35 -53.38
1032 -51.88 -32.45
1033 -19.59 -27.85
1034 -54.56 -36.02
1035 -51.73 -4.52
1036 -7.36 -19.8
1037 -49.23 -29.84
1038 -14.25 -1.84
1039 -37.65 -19.76
1040 -16.2 -22.68
1041 -19.84 -16.19
1042 -23.3 -0.9
1043 -7.61 -53.92
1044 -6.37 -12.08
1045 -54.37 -51.97
1046 -49.35 -40.5
1047 -4.47 -3.73
1048 -31.58 -32.75
1049 -0.29 -24.07
1050 -28.59 -30.15
1051 -37.47 -39.54
1052 -13.38 -23.47
1053 -12.84 -30.7
1054 -37.98 -15.16
1055 -37.84 -38.01
1056 -54.2 -54.19
1057 -42.61 -45.21
1058 -43.13 -21.51
1059 -21.11 -50.22
1060 -33.71 -37.02
1061 -9.05 -7
1062 -10.73 -14.59
1063 -47.34 -13.52
1064 -25.11 -29.84
1065 -47.51 -47.64
1066 -31.18 -41.22
1067 -8.7 -28.98
1068 -47.2 -32.09
1069 -47.25 -9.06
1070 -47.07 -29.18
1071 -14.89 -16.61
1072 -5.82 -32.8
1073 -41.83 -1.5
1074 -39.25 -36.48
1075 -5.02 -6.94
1076 -13.94 -4.48
1077 -19.07 -14.07
1078 -15.12 -12.2
1079 -29.56 -53.94
1080 -33.1 -27.75
1081 -12.98 -21.07
1082 -37.57 -51.8
1083 -27.89 -9.2
1084 -18.26 -16.29
1085 -32.99 -6.66
1086 -23.28 -52.85
1087 -29.65 -47.89
1088 -36.91 -29.1
1089 -53.1 -15.48
1090 -9.94 -7.68
1091 -12.17 -2.13
1092 -3.72 -11.41
1093 -23.61 -18.76
1094 -16.7 -18.84
1095 -34.12 -53.17
1096 -5.76 -49.8
1097 -45.61 -47.1
1098 -43.82 -30.85
1099 -47.14 -5.02
1100 -11.69 -49.6
1101 -46.45 -11.65
1102 -47.06 -22.49
1103 -39.11 -7.63
1104 -10.63 -27.98
1105 -23.18 -36.22
1106 -25.87 -20.58
1107 -31.99 -35.35
1108 -54.12 -29.59
1109 -35.96 -43.12
1110 -27.81 -2.34
1111 -39.67 -14.08
1112 -48.7 -33.57
1113 -51.94 -16.8
1114 -21.82 -36.52
1115 -30.12 -30.6
1116 -42.25 -21.03
1117 -43.52 -8.09
1118 -3.24 -33.32
1119 -48.82 -14.16
1120 -37.9 -13.88
1121 -21.98 -16
1122 -38.88 -7.77
1123 -37.36 -41.49
1124 -28.61 -37
1125 -26.86 -4.84
1126 -18.92 -43.94
1127 -9.03 -10.53
1128 -27.33 -55.14
1129 -23.18 -4.97
1130 -35.57 -36.68
1131 -1.71 -53.3
1132 -48.92 -9.34
1133 -42.66 -32.76
1134 -46.92 -52.16
1135 -53.56 -23
1136 -39.01 -28.82
1137 -24.11 -19.54
1138 -5.03 -21.89
1139 -46.41 -5.47
1140 -10.32 -21.16
1141 -9.1 -17.27
1142 -15.33 -16.76
1143 -15.91 -18.13
1144 -10.62 -42.66
1145 -10.86 -26.61
1146 -11.44 -46.19
1147 -55.54 -12.58
1148 -32.86 -4.36
1149 -44.04 -29.72
1150 -52.73 -11.3
1151 -27.64 -41.61
1152 -5.15 -23.26
1153 -45.15 -51.75
1154 -1.22 -10.19
1155 -18.87 -23.08
1156 -40.35 -55.06
1157 -3.35 -27.98
1158 -33.63 -43.2
1159 -17.39 -6.78
1160 -33.39 -44.26
1161 -34.45 -28.25
1162 -28.35 -44.83
1163 -49.19 -21.51
1164 -38.76 -5.21
1165 -16.51 -24.76
1166 -10.37 -35.49
1167 -46.27 -44.15
1168 -27.42 -15.52
1169 -13.23 -35.42
1170 -2.5 -16.17
1171 -15.23 -32.11
1172 -47.61 -30.37
1173 -17.58 -6.1
1174 -12.88 -25.24
1175 -13.5 -22.49
1176 -50.74 -33.8
1177 -22.63 -35.48
1178 -44.51 -23.1
1179 -15.83 -3.35
1180 -28.11 -27.27
1181 -50.28 -19.87
1182 -51.54 -38.48
1183 -41.52 -40.55
1184 -7.49 -22.97
1185 -39.14 -42.28
1186 -5.91 -53.51
1187 -27.89 -41.89
1188 -48 -53.52
1189 -10.28 -32.99
1190 -55.48 -48.4
1191 -26.2 -11.31
1192 -46.79 -37.74
1193 -4.84 -48.84
1194 -39.71 -22.82
1195 -50.1 -8.2
1196 -28.07 -55.34
1197 -37.82 -31.9
1198 -3.98 -23.61
1199 -46.58 -10.86
1200 -40.66 -11.47
1201 -8.99 -17.24
1202 -3.14 -46.57
1203 -31.61 -24.4
1204 -1.39 -38.66
1205 -31.06 -41.9
1206 -53.21 -44.39
1207 -13.65 -44.79
1208 -25.15 -31.52
1209 -41.86 -6.02
1210 -14.22 -8.86
1211 -8.2 -23.48
1212 -55.39 -42.29
1213 -53.42 -33.54
1214 -31.92 -3.37
1215 -2.36 -31.53
1216 -48.77 -16.59
1217 -7.16 -11.35
1218 -23.27 -39.43
1219 -22.09 -38.78
1220 -12.2 -12.18
1221 -0.57 -40.68
1222 -29.47 -52.93
1223 -28.45 -14.23
1224 -7.77 -42.14
1225 -51 -14.31
1226 -37.8 -21.99
1227 -51.8 -46.72
1228 -11.78 -24.71
1229 -15.6 -49.22
1230 -24.75 -43.7
1231 -47.81 -17.96
1232 -16.84 -5.05
1233 -44.48 -42.5
1234 -25.28 -40.11
1235 -52.3 -54.1
1236 -26.3 -25
1237 -21.93 -40.39
1238 -42.14 -43.29
1239 -29.43 -37.9
1240 -39.73 -49.91
1241 -15.9 -11.95
1242 -46.19 -9.05
1243 -33.76 -11.7
1244 -48.45 -1.97
1245 -33.19 -36.88
1246 -54.85 -4.72
1247 -9.77 -25.01
1248 -11.51 -15.69
1249 -43.32 -41.78
1250 -27.4 -24.31
1251 -49.31 -39.62
1252 -11.54 -53.7
1253 -40.99 -2.76
1254 -40.66 -53.68
1255 -47.6 -1.94
1256 -13.89 -24.39
1257 -20.97 -51.02
1258 -50.25 -47.6
1259 -49.57 -42.25
1260 -23.14 -42.7
1261 -47.42 -26.76
1262 -51.77 -21.99
1263 -25.2 -44.72
1264 -30.5 -50.8
1265 -19.11 -0.04
1266 -39.67 -1.9
1267 -43.12 -12.42
1268 -15.18 -51.21
1269 -36.41 -15.63
1270 -17.57 -43.36
1271 -55.28 -15.53
1272 -10.56 -18.98
1273 -10.58 -20.25
1274 -6.5 -48.33
1275 -35.03 -47.67
1276 -18.43 -29.64
1277 -39.15 -13.97
1278 -46.21 -1.73
1279 -52.53 -51.87
1280 -51.92 -8.23
1281 -53.65 -15.65
1282 -15.59 -23.11
1283 -18.32 -40.77
1284 -0.4 -18.3
1285 -5.66 -42.25
1286 -1.79 -5.49
1287 -11.99 -4.94
1288 -12.71 -12.35
1289 -4.68 -10.09
1290 -1.76 -19.22
1291 -48.86 -27.23
1292 -28.72 -7.72
1293 -9.45 -19.54
1294 -15.41 -18.94
1295 -14.69 -49.5
1296 -52.67 -54.85
1297 -21.96 -12.35
1298 -53.12 -12.27
1299 -18.09 -40.28
1300 -26.54 -41.05
1301 -34.06 -11.27
1302 -16.22 -15.85
1303 -28.2 -33.58
1304 -43.67 -28.93
1305 -35.67 -20.4
1306 -47.63 -32.96
1307 -40.68 -16.06
1308 -35.6 -7.87
1309 -14.33 -37.65
1310 -18.67 -38.53
1311 -37.39 -29.03
1312 -41.38 -15.35
1313 -15.14 -3.35
1314 -31.16 -26.02
1315 -54.59 -33.23
1316 -32.02 -45.22
1317 -5.07 -20.18
1318 -53.76 -35.76
1319 -8.7 -33.27
1320 -41.19 -28.95
1321 -5.91 -31.89
1322 -47.95 -20.34
1323 -28.21 -34.11
1324 -3.28 -15.07
1325 -53.61 -42.55
1326 -3.1 -21.96
1327 -24.83 -35
1328 -25.87 -44.48
1329 -2.02 -39.97
1330 -4.72 -1.03
1331 -33.77 -0.62
1332 -20.8 -36.74
1333 -16.51 -38.84
1334 -3.63 -6.08
1335 -35.03 -12.73
1336 -44.62 -44.82
1337 -9.16 -28.47
1338 -50.1 -24.1
1339 -39.17 -24.9
1340 -54.97 -53.39
1341 -6.87 -36.78
1342 -3.3 -2.07
1343 -34.07 -31.7
1344 -15.67 -16.7
1345 -5.25 -36.09
1346 -36.71 -20.39
1347 -44.65 -39.03
1348 -21.87 -45.03
1349 -51.11 -48.68
1350 -5.41 -25.51
1351 -1.85 -17.67
1352 -46.14 -37.56
1353 -5.66 -54.54
1354 -10.96 -40.24
1355 -25.15 -44.83
1356 -13.14 -9.93
1357 -12 -32.02
1358 -7.72 -3.96
1359 -20.66 -33.59
1360 -13.68 -10.91
1361 -18.82 -25.92
1362 -52.47 -37.92
1363 -26.95 -7.48
1364 -0.16 -18.34
1365 -31.37 -9.59
1366 -14.78 -49.1
1367 -30.66 -20.75
1368 -19.29 -48.44
1369 -32.68 -36.32
1370 -12.67 -30.25
1371 -27.7 -45.36
1372 -21.38 -13.33
1373 -17.3 -39.7
1374 -4.81 -16.63
1375 -27.54 -25.48
1376 -38.92 -18.49
1377 -0.41 -46.37
1378 -41.37 -35.39
1379 -41.26 -14.89
1380 -12 -29.05
1381 -22.15 -4.15
1382 -24.9 -26.78
1383 -19.22 -52.81
1384 -20.65 -31.71
1385 -5.96 -39.42
1386 -16.3 -20.85
1387 -34.18 -33.66
1388 -4.88 -37.69
1389 -41.84 -39
1390 -52.01 -9.69
1391 -15.71 -0.9
1392 -47.27 -34.93
1393 -1.85 -16.12
1394 -18.53 -20.16
1395 -49.22 -30.63
1396 -34.78 -18.05
1397 -44.83 -15.37
1398 -55.71 -47.21
1399 -22.92 -51.57
1400 -22.52 -20.36
1401 -41.21 -28.89
1402 -50.07 -38.82
1403 -8.03 -6.92
1404 -45.92 -42.48
1405 -52.17 -49.87
1406 -38.3 -41.93
1407 -8.39 -55.4
1408 -15.53 -17.09
1409 -37.26 -53.76
1410 -28.39 -21.58
1411 -27.16 -30.48
1412 -33.37 -50.69
1413 -41.9 -15.99
1414 -55.09 -20.6
1415 -40.97 -52.35
1416 -25.24 -9.13
1417 -47.95 -13.7
1418 -20.62 -6.83
1419 -49.31 -55.99
1420 -37.38 -54.07
1421 -40 -33.01
1422 -32.41 -19.68
1423 -36.78 48.39
1424 -46.15 35.46
1425 -44.57 5.56
1426 -23.56 6.06
1427 -44.28 15.73
1428 -19.24 44.45
1429 -9.06 30.18
1430 -26.53 5.85
1431 -14.98 50.03
1432 -51.25 39.29
1433 -33.65 6.94
1434 -50.45 3.4
1435 -1.47 14.48
1436 -35.01 19.35
1437 -26.56 41.47
1438 -21.39 11.43
1439 -34.41 50.86
1440 -0.42 55.06
1441 -48.65 10.5
1442 -26.23 11.5
1443 -55.95 36.93
1444 -54.63 33
1445 -38.85 9.01
1446 -46.56 12.69
1447 -51.98 53.84
1448 -48.3 41.82
1449 -45.22 17.15
1450 -31.64 30.27
1451 -49.62 46.69
1452 -19.68 10.65
1453 -9.6 7.7
1454 -2.56 41.07
1455 -27.66 31.54
1456 -42.04 46.5
1457 -2 20.31
1458 -1.24 55.8
1459 -32.8 1.96
1460 -10.97 55.87
1461 -12.56 15.65
1462 -1.01 45.06
1463 -30.88 52.07
1464 -0.74 36.83
1465 -11.1 7.62
1466 -41.83 32.38
1467 -30.56 48.25
1468 -55.95 49.03
1469 -21.63 27.68
1470 -46.74 46.04
1471 -24.06 49.29
1472 -13.6 32.79
1473 -20.11 26.07
1474 -15.55 2.36
1475 -2.23 52.91
1476 -0.08 14.04
1477 -3.1 2.32
1478 -41.91 44.62
1479 -25.45 21.5
1480 -16.64 42.65
1481 -19.04 36.56
1482 -16.33 2.47
1483 -51.51 37.12
1484 -52.32 3.8
1485 -37.36 17.14
1486 -10.43 43.07
1487 -7.38 5.43
1488 -19.02 11.55
1489 -13.91 27.49
1490 -24.4 34.57
1491 -36.13 3.66
1492 -5.98 12
1493 -0.62 39.24
1494 -48.26 47.89
1495 -22.07 26.08
1496 -50.16 8.91
1497 -54.9 41.11
1498 -9.75 54.01
1499 -1.81 50.41
1500 -55.07 6.07
1501 -36.66 39.18
1502 -44.61 53.02
1503 -8.57 44.04
1504 -15.53 51.15
1505 -29.72 10
1506 -1.19 39.93
1507 -39.46 9.85
1508 -36.61 7.17
1509 -42.59 40.08
1510 -53.68 16.4
1511 -25.31 8.66
1512 -37.29 35.36
1513 -33.37 11.73
1514 -6.15 34.56
1515 -28.15 22.71
1516 -49.41 48.74
1517 -45.77 8.82
1518 -52.86 25.54
1519 -20.69 41.86
1520 -51.87 12.4
1521 -39.85 37.93
1522 -47.78 53.06
1523 -47.75 23.31
1524 -50.92 15.92
1525 -19.84 21.86
1526 -18.04 36.12
1527 -15.49 32.67
1528 -44.4 42.85
1529 -21.41 36.38
1530 -3.09 38.07
1531 -30.82 37.09
1532 -45.91 40.02
1533 -9.56 20.59
1534 -6.45 30.29
1535 -30.21 30.25
1536 -12.18 45.84
1537 -30.42 14.07
1538 -24.9 47.49
1539 -50.93 22.18
1540 -31.56 7.34
1541 -43.47 2.29
1542 -34.96 49.61
1543 -23.98 46.48
1544 -26.86 10.88
1545 -48.96 45.4
1546 -14.01 17.48
1547 -1.5 23.78
1548 -31.89 3.92
1549 -34.21 54.59
1550 -28.84 25.86
1551 -15.71 8.43
1552 -10.02 28.55
1553 -7.56 46.13
1554 -55.83 22.44
1555 -17.31 46.01
1556 -48.3 18.92
1557 -0.05 4.78
1558 -51.26 27.26
1559 -25.66 24.03
1560 -0.95 9.64
1561 -14.64 18.62
1562 -29.92 14.96
1563 -6.4 16.15
1564 -14.74 5.81
1565 -31.68 28.14
1566 -36.57 31.1
1567 -47.17 34.91
1568 -12.56 34.11
1569 -44.07 42.25
1570 -32.26 12.4
1571 -18.84 5.38
1572 -53.68 24.56
1573 -39.34 18.89
1574 -30.44 36.46
1575 -33.63 9.01
1576 -27.63 31.4
1577 -33.88 48.27
1578 -8.42 1.56
1579 -50.89 40.29
1580 -55.95 10.68
1581 -29.31 26.57
1582 -5.48 24.04
1583 -2.15 8
1584 -50.26 5.57
1585 -17.97 33.74
1586 -26.65 26.52
1587 -38.61 24.33
1588 -43.22 24.33
1589 -48.32 9.47
1590 -18.48 5.18
1591 -24.1 25.95
1592 -18.22 33.64
1593 -22.72 1.99
1594 -29.8 14.17
1595 -12.37 5.13
1596 -31.71 29.75
1597 -53.79 29.2
1598 -37.21 24.71
1599 -30.28 43.46
1600 -8.72 18.99
1601 -45.51 35.77
1602 -47.62 35.37
1603 -47.23 15.64
1604 -25.12 34.84
1605 -27.55 27.07
1606 -53.02 31.12
1607 -8.76 51.65
1608 -41.16 2.76
1609 -4.45 19
1610 -24.14 2.48
1611 -19.75 16.83
1612 -33.55 43.37
1613 -55.6 17.54
1614 -48.52 14.76
1615 -33.75 17.41
1616 -40.7 44.77
1617 -24.14 10.79
1618 -13.95 32.33
1619 -11.17 2.89
1620 -29.96 39.07
1621 -1.72 26.24
1622 -21.9 14.5
1623 -17.27 10.48
1624 -17.01 7.06
1625 -9.55 9.24
1626 -13.59 28.67
1627 -16.04 29.3
1628 -34.37 47.15
1629 -49.43 3.16
1630 -20.57 14.41
1631 -3.18 14.71
1632 -13.02 5.28
1633 -37.61 14.85
1634 -5.26 26.97
1635 -53.57 36.3
1636 -6.55 35.23
1637 -49.73 55.29
1638 -53.29 28.45
1639 -23.03 54.52
1640 -51.29 1.82
1641 -30.49 20.1
1642 -36.93 8.88
1643 -0.03 34.05
1644 -37.22 2.82
1645 -4.75 36.99
1646 -51.7 1.79
1647 -50.59 51.46
1648 -53.83 8.72
1649 -23.21 32.2
1650 -0.03 3.09
1651 -38.32 8.3
1652 -7.59 6.58
1653 -22.55 19.58
1654 -5.62 48.41
1655 -50.23 33.1
1656 -53.21 0.91
1657 -9.8 24.73
1658 -2.78 21.66
1659 -12 53.35
1660 -21.86 27.52
1661 -16.84 16.75
1662 -12.21 17.56
1663 -13.8 11.43
1664 -31.16 10.04
1665 -0.66 24.54
1666 -32.84 31.19
1667 -37.77 38.98
1668 -2.56 40.44
1669 -32.85 47.84
1670 -24.94 51.71
1671 -52.62 14.6
1672 -39.33 9.67
1673 -18.85 49.94
1674 -34.82 29.64
1675 -1.16 30.85
1676 -35.13 0.68
1677 -5.77 18
1678 -29.44 34.86
1679 -32.43 7.09
1680 -31.63 4.6
1681 -23.31 33.09
1682 -16.07 8.48
1683 -36.44 48.6
1684 -40.44 6.16
1685 -1.87 0.81
1686 -15.41 52.9
1687 -6.58 42.01
1688 -35.96 42.27
1689 -15.91 12.95
1690 -43.81 2.3
1691 -2.98 4.59
1692 -22.6 22.94
1693 -1.8 52.27
1694 -3.37 39.56
1695 -31.68 34.23
1696 -11.32 35
1697 -31 54.99
1698 -47.59 14.92
1699 -8.6 54.96
1700 -43.29 19.55
1701 -16.45 53.99
1702 -40 46.23
1703 -32.5 10.55
1704 -23.51 7.48
1705 -9.78 35.93
1706 -40.52 11.32
1707 -21.78 0.29
1708 -52.56 50.64
1709 -34.2 23.58
1710 -45.34 43.45
1711 -9.98 9.88
1712 -52.39 44.18
1713 -46.62 28.5
1714 -27.47 31.5
1715 -51.05 55.22
1716 -53.21 2.28
1717 -48.51 11.51
1718 -22.06 24.74
1719 -19.74 12.53
1720 -48.46 45.57
1721 -44.41 17.05
1722 -17.34 20.51
1723 -15.15 10.19
1724 -21.3 1.42
1725 -44.88 49.36
1726 -46.76 54.16
1727 -29.86 42.38
1728 -14.88 30.68
1729 -6.18 20.49
1730 -7.23 29.87
1731 -32.16 1.24
1732 -0.27 47.97
1733 -16.71 12.19
1734 -12.25 9.85
1735 -42.95 36.45
1736 -53.5 4.71
1737 -12.74 31.36
1738 -29.08 2.36
1739 -47.31 27.9
1740 -21.26 37.9
1741 -23.58 23.71
1742 -10.09 55.54
1743 -30.22 53.44
1744 -5.45 24.97
1745 -42.37 23.93
1746 -12.69 12.69
1747 -4.66 18.53
1748 -18.24 12.96
1749 -10.33 8.89
1750 -45.34 30.49
1751 -22.73 53.28
1752 -16.17 30.37
1753 -20.25 35.47
1754 -7.37 32.77
1755 -14.67 11.56
1756 -35.27 16.15
1757 -3.22 38.25
1758 -23.21 45.36
1759 -1.86 33.44
1760 -44.89 28.67
1761 -28.88 44.23
1762 -6.76 1.58
1763 -14.54 33.54
1764 -29.95 12.52
1765 -30.54 24.88
1766 -9.68 6.81
1767 -37.18 53.27
1768 -20.26 25.85
1769 -2.62 1.44
1770 -13 15.16
1771 -31.31 4.81
1772 -30.58 48.28
1773 -25.16 34.53
1774 -55.5 53.8
1775 -13.99 27.02
1776 -15.25 44.39
1777 -45.98 42.87
1778 -7.93 9.53
1779 -22.06 48.04
1780 -4.44 37.88
1781 -44.69 40.12
1782 -37.39 14.13
1783 -27.5 13.4
1784 -14.84 45.17
1785 -4.33 30.13
1786 -22.46 15.36
1787 -51.16 35.65
1788 -1.7 53.05
1789 -50.85 20.33
1790 -47.35 44.72
1791 -33.12 8.84
1792 -39.23 50.13
1793 -3.66 10.62
1794 -46.18 47.16
1795 -16.56 13.24
1796 -53.36 50.63
1797 -52.28 5.25
1798 -18.65 22.27
1799 -11.45 23.78
1800 -41.43 21.01
1801 -36.38 15.78
1802 -38.95 7.9
1803 -4.95 19.06
1804 -39.39 28.18
1805 -16.9 43.32
1806 -39.68 18.27
1807 -12.4 37.54
1808 -48.16 22.91
1809 -1.59 16.06
1810 -16.83 38.35
1811 -20.5 18.15
1812 -10.92 14.19
1813 -23.99 16.78
1814 -28.08 17.1
1815 -25.63 35.44
1816 -38.74 13.52
1817 -8.94 6.01
1818 -12.6 21.7
1819 -49.88 13.89
1820 -44.73 51.99
1821 -14.26 10.78
1822 -48.33 28.41
1823 -38.84 26.66
1824 -30.25 28.01
1825 -53.88 27.95
1826 -33.62 47.08
1827 -48.79 18.38
1828 -22.68 44.54
1829 -49.16 16.78
1830 -39.74 50.77
1831 -51.81 18.8
1832 -12.33 22.49
1833 -44.19 4.75
1834 -18.64 24.93
1835 -8.45 25.59
1836 -23.89 7.37
1837 -23.3 22.71
1838 -36.9 3.74
1839 -31.76 49.66
1840 -21.61 54.67
1841 -33.27 17.16
1842 -23.07 55.23
1843 -31.29 26.06
1844 -30.37 45.75
1845 -40.52 24.46
1846 -30.78 14.11
1847 -24.12 36.33
1848 -28.6 43.11
1849 -55.57 55.83
1850 -25.42 47.24
1851 -42.13 8.02
1852 -18.25 36.84
1853 -40.58 52.95
1854 -46.61 55.15
1855 -41.34 3.86
1856 -21.03 12.22
1857 -11.45 18.61
1858 -32.2 44.1
1859 -21.37 42.75
1860 -54.73 50.09
1861 -51.72 49.42
1862 -17.27 29.51
1863 -4.14 19.85
1864 -19.68 45.88
1865 -24.64 47.23
1866 -55.25 32.63
1867 -0.99 54.3
1868 -51.25 17.51
1869 -4.18 41.57
1870 -32.96 41.87
1871 -41.61 33.05
1872 -51.66 41.51
1873 -17.13 40.59
1874 -14.86 15.38
1875 -9.47 38.5
1876 -19.44 13.59
1877 -30.62 5.2
1878 -12.57 36.72
1879 -14.12 34.76
1880 -26 19.77
1881 -39.92 38.76
1882 -37.06 12.77
1883 -17.8 40.91
1884 -14.01 32.32
1885 -5.71 9.51
1886 -42.56 34.49
1887 -20 34.84
1888 -19.43 38.22
1889 -41.13 37.13
1890 -7.15 34.29
1891 -35.4 50.6
1892 -43.32 26.6
1893 -50.84 10.02
1894 -32.31 55.89
1895 -7.19 8.96
1896 -47.72 45.83
1897 -49.0888 60.1188
1898 -47.0888 65.7188
1899 -46.0888 61.5288
1900 -56.0888 68.1388
1901 -48.0888 60.3088
1902 -43.0888 59.8288
1903 -48.0888 56.7888
1904 -53.0888 63.5588
1905 -43.0888 57.0888
1906 -52.0888 64.0588
1907 -56.0888 68.5088
1908 -43.0888 58.8288
1909 -49.0888 65.3788
1910 -49.0888 64.6488
1911 -46.0888 56.1288
1912 -51.0888 60.9388
1913 -47.0888 64.7088
1914 -48.0888 66.7588
1915 -50.0888 59.9488
1916 -52.0888 69.6688
1917 -54.0888 56.3788
1918 -52.0888 68.3488
1919 -43.0888 58.8088
1920 -56.0888 67.9788
1921 -56.0888 64.2288
1922 -46.0888 56.6488
1923 -44.0888 60.8088
1924 -56.0888 65.3888
1925 -47.0888 65.8388
1926 -54.0888 59.6388
1927 -50.0888 61.6788
1928 -48.0888 65.5188
1929 -53.0888 57.4888
1930 -53.0888 59.3988
1931 -52.0888 62.4388
1932 -49.0888 56.4788
1933 -51.0888 58.3488
1934 -43.0888 59.7688
1935 -52.0888 65.9988
1936 -53.0888 56.8288
1937 -43.0888 57.5688
1938 -54.0888 66.7088
1939 -48.0888 56.7388
1940 -54.0888 69.8188
1941 -48.0888 66.9088
1942 -51.0888 58.8488
1943 -48.0888 62.8188
1944 -46.0888 59.7588
1945 -44.0888 56.9188
1946 -49.0888 63.5288
1947 -54.0888 57.4888
1948 -51.0888 65.9588
1949 -44.0888 57.0988
1950 -46.0888 62.7688
1951 -56.0888 60.2588
1952 -52.0888 65.5888
1953 -47.0888 66.3388
1954 -46.0888 60.4588
1955 -48.0888 63.1688
1956 -53.0888 62.9488
1957 -44.0888 57.0088
1958 -43.0888 59.4488
1959 -51.0888 60.4388
1960 -52.0888 69.3988
1961 -50.0888 68.6388
1962 -56.0888 70.0088
1963 -47.0888 56.1988
1964 -44.0888 59.2288
1965 -50.0888 67.4888
1966 -50.0888 61.1788
1967 -51.0888 59.8588
1968 -53.0888 60.8388
1969 -56.0888 64.3188
1970 -56.0888 69.0488
1971 -49.0888 67.3188
1972 -48.0888 58.8188
1973 -47.0888 64.0588
1974 -46.0888 62.9388
1975 -44.0888 58.7488
1976 -56.0888 68.1488
1977 -47.0888 61.5288
1978 -47.0888 56.7688
1979 -52.0888 65.3988
1980 -50.0888 58.3288
1981 -43.0888 59.7788
1982 -43.0888 58.8888
1983 -50.0888 65.0088
1984 -55.0888 67.6088
1985 -45.0888 60.2888
1986 -46.0888 58.0688
1987 -51.0888 67.4288
1988 -48.0888 57.7188
1989 -48.0888 63.9488
1990 -44.0888 59.7688
1991 -54.0888 60.2488
1992 -49.0888 64.3388
1993 -47.0888 60.8288
1994 -45.0888 56.2988
1995 -49.0888 67.4088
1996 -49.0888 58.8888
1997 -43.0888 60.3988
1998 -48.0888 57.0788
1999 -49.0888 60.2888
2000 -49.0888 64.9988
2001 -44.0888 62.1188
2002 -49.0888 65.4388
2003 -53.0888 66.7388
2004 -56.0888 69.7788
2005 -53.0888 69.0688
2006 -54.0888 62.1588
2007 -49.0888 65.2188
2008 -56.0888 57.3688
2009 -47.0888 59.3888
2010 -43.0888 60.0488
2011 -44.0888 59.0688
2012 -50.0888 60.2388
2013 -47.0888 66.4888
2014 -44.0888 61.1388
2015 -46.0888 61.7788
2016 -50.0888 61.6088
2017 -52.0888 59.9788
2018 -50.0888 66.1788
2019 -45.0888 60.9888
2020 -53.0888 58.1888
2021 -57.0888 61.2988
2022 -62.0888 64.6488
2023 -66.0888 59.6288
2024 -64.0888 62.3388
2025 -58.0888 61.4588
2026 -61.0888 68.5888
2027 -65.0888 62.0988
2028 -65.0888 62.2588
2029 -65.0888 59.9188
2030 -60.0888 60.6288
2031 -64.0888 66.7888
2032 -66.0888 63.8488
2033 -61.0888 69.0688
2034 -60.0888 66.7488
2035 -63.0888 61.2588
2036 -57.0888 56.8688
2037 -64.0888 66.0788
2038 -56.0888 69.8488
2039 -65.0888 58.7888
2040 -63.0888 66.9888
2041 -65.0888 63.3488
2042 -64.0888 56.5488
2043 -63.0888 64.6688
2044 -61.0888 61.8088
2045 -63.0888 67.9388
2046 -62.0888 62.0288
2047 -57.0888 67.4588
2048 -68.0888 61.7588
2049 -59.0888 66.1688
2050 -63.0888 58.8488
2051 -61.0888 65.7488
2052 -58.0888 64.7588
2053 -67.0888 62.0088
2054 -57.0888 64.2788
2055 -60.0888 57.5688
2056 -57.0888 68.8188
2057 -62.0888 58.0988
2058 -58.0888 59.1388
2059 -67.0888 62.4388
2060 -56.0888 58.0988
2061 -69.0888 59.1688
2062 -61.0888 64.8888
2063 -61.0888 59.7788
2064 -61.0888 60.9388
2065 -56.0888 57.4588
2066 -59.0888 69.1588
2067 -59.0888 63.2888
2068 -59.0888 64.7788
2069 -60.0888 61.3088
2070 -62.0888 61.8788
2071 -67.0888 60.0988
2072 -62.0888 57.0588
2073 -56.0888 63.8488
2074 -69.0888 60.2288
2075 -68.0888 60.4188
2076 -57.0888 61.9388
2077 -57.0888 67.7488
2078 -67.0888 57.9988
2079 -61.0888 60.7388
2080 -58.0888 56.2588
2081 -56.0888 56.9788
2082 -63.0888 67.1388
2083 -65.0888 64.1288
2084 -58.0888 57.3488
2085 -68.0888 57.2688
2086 -65.0888 57.0988
2087 -67.0888 57.6988
2088 -67.0888 56.3488
2089 -62.0888 57.1488
2090 -64.0888 61.5888
2091 -63.0888 67.6788
2092 -57.0888 60.9288
2093 -69.0888 60.6088
2094 -57.0888 65.2088
2095 -69.0888 58.5988
2096 -62.0888 63.7988
2097 -63.0888 60.1588
2098 -69.0888 59.6288
2099 -63.0888 61.1588
2100 -58.0888 66.4988
2101 -62.0888 60.4588
2102 -69.0888 57.0588
2103 -65.0888 64.0688
2104 -69.0888 59.4588
2105 -60.0888 68.7588
2106 -59.0888 57.0388
2107 -58.0888 56.8288
2108 -59.0888 61.1188
2109 -56.0888 69.1588
2110 -56.0888 57.0488
2111 -62.0888 59.0688
2112 -65.0888 62.1188
2113 -59.0888 56.5688
2114 -56.0888 58.2888
2115 -62.0888 64.5088
2116 -69.0888 57.4288
2117 -64.0888 58.6888
2118 -69.0888 57.9188
2119 -60.0888 60.6788
2120 -58.0888 59.2288
2121 -60.0888 59.1988
2122 -59.0888 63.1388
2123 -63.0888 61.4988
2124 -58.0888 69.7188
2125 -66.0888 65.3688
2126 -57.0888 59.1888
2127 -62.0888 60.3988
2128 -56.0888 64.4388
2129 -57.0888 60.8488
2130 -59.0888 57.9588
2131 -68.0888 62.8188
2132 -57.0888 58.1088
2133 -67.0888 59.1388
2134 -63.0888 65.5288
2135 -66.0888 59.6588
2136 -62.0888 59.9888
2137 -66.0888 60.2888
2138 -59.0888 68.1388
2139 -69.0888 57.1688
2140 -61.0888 60.2188
2141 -64.0888 59.4088
2142 -65.0888 57.2388
2143 -57.0888 68.4988
2144 -64.0888 68.0388
2145 -49.0888 46.9888
2146 -50.0888 54.1688
2147 -45.0888 53.0488
2148 -46.0888 49.8888
2149 -49.0888 50.7688
2150 -50.0888 51.3588
2151 -47.0888 55.3388
2152 -55.0888 44.9888
2153 -51.0888 44.4588
2154 -51.0888 50.0088
2155 -45.0888 52.7288
2156 -45.0888 53.4988
2157 -55.0888 48.6088
2158 -52.0888 47.2488
2159 -56.0888 45.3188
2160 -55.0888 42.4588
2161 -47.0888 49.9488
2162 -47.0888 52.3488
2163 -56.0888 42.5888
2164 -46.0888 52.2988
2165 -48.0888 48.9788
2166 -48.0888 50.8588
2167 -56.0888 52.3788
2168 -51.0888 55.7588
2169 -44.0888 53.5988
2170 -51.0888 46.5188
2171 -51.0888 52.4288
2172 -45.0888 50.5088
2173 -50.0888 45.6588
2174 -49.0888 45.0088
2175 -44.0888 50.8288
2176 -44.0888 51.9788
2177 -54.0888 51.8188
2178 -47.0888 54.4688
2179 -45.0888 47.2488
2180 -51.0888 55.4588
2181 -49.0888 46.1188
2182 -51.0888 53.2388
2183 -51.0888 54.3688
2184 -48.0888 49.5388
2185 -53.0888 54.9788
2186 -47.0888 47.9788
2187 -43.0888 54.2688
2188 -43.0888 52.1388
2189 -51.0888 51.9288
2190 -46.0888 51.1088
2191 -43.0888 53.8088
2192 -51.0888 51.2188
2193 -43.0888 52.0988
2194 -56.0888 54.7188
2195 -51.0888 47.6588
2196 -44.0888 55.2688
2197 -53.0888 52.6988
2198 -53.0888 44.9488
2199 -46.0888 54.7188
2200 -47.0888 54.7188
2201 -50.0888 43.2288
2202 -50.0888 52.2788
2203 -48.0888 52.8688
2204 -48.0888 47.1088
2205 -46.0888 54.7688
2206 -44.0888 51.2388
2207 -46.0888 47.9988
2208 -47.0888 48.8888
2209 -54.0888 47.3388
2210 -51.0888 47.1388
2211 -44.0888 49.4788
2212 -53.0888 46.9788
2213 -51.0888 55.6088
2214 -49.0888 54.9188
2215 -45.0888 47.0988
2216 -44.0888 51.7188
2217 -51.0888 50.0188
2218 -50.0888 48.9888
2219 -47.0888 52.6188
2220 -48.0888 46.3788
2221 -55.0888 43.0088
2222 -43.0888 53.6488
2223 -49.0888 49.7488
2224 -50.0888 54.2688
2225 -43.0888 52.8388
2226 -55.0888 49.8188
2227 -44.0888 55.4988
2228 -45.0888 50.1788
2229 -51.0888 50.4088
2230 -54.0888 46.1188
2231 -51.0888 48.4188
2232 -52.0888 48.9988
2233 -50.0888 47.5188
2234 -51.0888 48.5388
2235 -50.0888 43.7788
2236 -52.0888 46.2188
2237 -53.0888 46.6988
2238 -53.0888 45.4888
2239 -49.0888 51.0988
2240 -52.0888 49.7488
2241 -52.0888 54.3688
2242 -54.0888 54.9388
2243 -51.0888 50.0388
2244 -52.0888 43.6688
2245 -43.0888 53.8988
2246 -45.0888 50.1188
2247 -48.0888 45.3088
2248 -46.0888 53.9688
2249 -47.0888 55.7988
2250 -45.0888 49.6588
2251 -44.0888 52.5988
2252 -48.0888 51.0588
2253 -55.0888 55.4288
2254 -47.0888 55.9488
2255 -51.0888 47.5088
2256 -45.0888 53.1488
2257 -54.0888 53.4588
2258 -47.0888 54.4388
2259 -48.0888 50.8988
2260 -55.0888 49.1588
2261 -52.0888 53.5788
2262 -48.0888 50.3288
2263 -43.0888 52.0888
2264 -48.0888 50.4088
2265 -51.0888 48.4988
2266 -47.0888 53.6788
2267 -53.0888 52.1588
2268 -54.0888 43.5888
2269 -67.0888 53.9688
2270 -66.0888 49.8388
2271 -68.0888 50.4388
2272 -65.0888 51.0488
2273 -58.0888 55.7688
2274 -59.0888 49.1288
2275 -59.0888 51.2888
2276 -58.0888 44.6688
2277 -59.0888 50.2488
2278 -60.0888 52.4488
2279 -57.0888 46.4588
2280 -64.0888 44.4288
2281 -56.0888 54.6588
2282 -62.0888 52.7388
2283 -61.0888 43.5288
2284 -61.0888 49.6088
2285 -62.0888 46.5488
2286 -57.0888 50.1888
2287 -61.0888 55.1288
2288 -56.0888 54.6088
2289 -56.0888 47.9388
2290 -60.0888 49.7688
2291 -62.0888 46.7088
2292 -64.0888 54.7788
2293 -57.0888 46.6088
2294 -64.0888 48.4888
2295 -63.0888 49.8088
2296 -60.0888 45.2288
2297 -60.0888 49.7088
2298 -65.0888 50.9588
2299 -59.0888 46.9788
2300 -63.0888 44.9388
2301 -57.0888 45.2188
2302 -66.0888 49.2488
2303 -61.0888 46.5688
2304 -68.0888 50.4488
2305 -66.0888 51.7988
2306 -62.0888 54.4088
2307 -63.0888 54.3488
2308 -65.0888 52.6688
2309 -64.0888 49.1388
2310 -62.0888 46.7488
2311 -60.0888 49.2788
2312 -64.0888 54.0888
2313 -59.0888 55.6388
2314 -57.0888 44.4288
2315 -58.0888 44.8288
2316 -66.0888 46.8388
2317 -57.0888 44.6888
2318 -64.0888 50.5988
2319 -68.0888 50.1488
2320 -65.0888 53.4488
2321 -63.0888 55.4788
2322 -66.0888 53.1388
2323 -67.0888 51.2488
2324 -61.0888 43.9988
2325 -61.0888 53.1688
2326 -61.0888 50.0188
2327 -61.0888 48.9388
2328 -57.0888 53.6488
2329 -57.0888 53.8488
2330 -65.0888 50.8788
2331 -63.0888 48.1188
2332 -61.0888 52.9288
2333 -65.0888 54.9988
2334 -67.0888 52.7588
2335 -57.0888 47.7888
2336 -56.0888 51.2588
2337 -57.0888 54.7488
2338 -62.0888 55.7888
2339 -68.0888 50.9388
2340 -56.0888 50.5888
2341 -61.0888 48.2588
2342 -67.0888 55.2488
2343 -59.0888 55.3988
2344 -69.0888 55.9288
2345 -69.0888 54.6488
2346 -59.0888 52.1288
2347 -67.0888 48.2088
2348 -67.0888 48.2688
2349 -59.0888 48.3088
2350 -67.0888 51.0388
2351 -67.0888 52.9188
2352 -66.0888 50.0488
2353 -60.0888 45.4288
2354 -63.0888 51.8688
2355 -67.0888 54.8188
2356 -60.0888 51.1588
2357 -66.0888 55.2288
2358 -67.0888 54.9588
2359 -67.0888 52.5088
2360 -69.0888 53.5688
2361 -58.0888 47.3788
2362 -69.0888 55.6188
2363 -65.0888 46.4688
2364 -59.0888 49.5188
2365 -58.0888 43.0788
2366 -56.0888 53.0388
2367 -64.0888 51.0688
2368 -66.0888 54.3488
2369 -66.0888 55.1188
2370 -69.0888 53.5588
2371 -64.0888 51.8388
2372 -64.0888 48.7088
2373 -57.0888 53.8088
2374 -60.0888 50.3888
2375 -56.0888 42.7588
2376 -61.0888 44.1588
2377 -60.0888 47.3688
2378 -56.0888 42.9288
2379 -68.0888 49.3488
2380 -67.0888 53.7888
2381 -57.0888 48.6988
2382 -66.0888 51.1188
2383 -61.0888 47.6288
2384 -62.0888 44.9588
2385 -63.0888 46.3588
2386 -62.0888 53.3788
2387 -60.0888 48.3988
2388 -61.0888 54.4688
2389 -59.0888 44.9588
2390 -56.0888 51.7388
2391 -65.0888 55.0188
2392 -58.0888 48.5388
2393 -61.0888 52.8788
