%%index real_part   imaginary_part
2832 2832 2832
1 14.73 3.64
2 4.07 9.35
3 9.24 11.56
4 16.84 10.77
5 10.83 19.19
6 4.6 5.19
7 7.42 3.34
8 9.81 21.96
9 16.04 6.55
10 16.9 0.61
11 17.08 17.36
12 12.19 22.38
13 20.26 17.06
14 12.76 6.53
15 8.73 0.99
16 15.16 9.67
17 19.02 0.46
18 22.54 6.75
19 17.52 15.79
20 11.98 16.38
21 9.1 15.88
22 6.74 4.1
23 13.58 16.52
24 10.59 16.55
25 4.68 6.63
26 11.51 4.5
27 14.4 9.29
28 13.87 0.7
29 7.23 22.19
30 0.18 3.64
31 0.83 3.48
32 14.46 2.86
33 20.14 19.85
34 12.64 14
35 17.91 14.66
36 18.06 12.14
37 16.25 14.53
38 18.57 1.81
39 18.36 17.35
40 0.98 6.17
41 21.19 10.57
42 7.38 12.49
43 13.19 12.59
44 11.78 21.25
45 12.41 7.95
46 21.95 22.49
47 12.87 13.24
48 10.1 13.42
49 14.94 10.01
50 12.2 10.26
51 9.93 20.37
52 11.9 7.26
53 9.07 13.7
54 8.05 7.48
55 13.65 14.96
56 13.05 9.04
57 9.05 11.84
58 11.95 20.43
59 18.68 9.77
60 17.72 0.74
61 10.75 8.1
62 21.34 4.19
63 5.13 0.62
64 21.16 18.96
65 16.75 20.08
66 4.97 10.36
67 17.62 14.2
68 4.9 16.88
69 11.88 3.7
70 6.18 12.95
71 9.51 13.05
72 12.41 19.23
73 16.66 18.57
74 5.34 1.36
75 12.62 12.34
76 7.96 10.58
77 14.77 0.37
78 11.52 6.31
79 12.79 19.91
80 4.51 9.68
81 20.04 17.06
82 8.26 9.48
83 13.88 2.18
84 16.4 0.68
85 13.64 13.28
86 3.33 22.58
87 18.81 10.67
88 6.24 15.74
89 4.63 22.99
90 12.34 22.1
91 9.68 17.25
92 5.15 20.3
93 14.13 11.98
94 19.41 4.19
95 1.39 14.45
96 19.03 0.92
97 20.92 21.43
98 11.13 4.3
99 4.98 22.33
100 12.61 4.54
101 4.12 6.14
102 16.82 15.95
103 19.21 10.46
104 10.45 10.58
105 9.69 0.84
106 5.62 10.31
107 18.14 19.37
108 18.87 21.29
109 2.48 9.27
110 11.24 15.28
111 3.72 3.87
112 12.82 7.28
113 22.1 1.65
114 0.98 0.95
115 16.01 4.08
116 20.75 1.11
117 17.06 7.66
118 18.12 2.09
119 12.67 13.28
120 1.64 16.09
121 3.41 22.36
122 6.26 7.26
123 5.55 21.55
124 18.34 2.13
125 17.42 18.55
126 22.42 6.59
127 1.39 8.66
128 10.31 22.76
129 11.24 0.49
130 15.09 21.81
131 22.93 4.25
132 11.91 12.84
133 14.93 4.51
134 5.31 7.03
135 10.65 15.13
136 14.49 6.96
137 1.74 14.06
138 12.61 8.27
139 10.41 17.82
140 13.37 18.47
141 12.58 15.35
142 1.01 0.32
143 10.6 13.97
144 14.46 21.85
145 8.18 21.84
146 3.1 17.08
147 6.92 18.63
148 10.67 15.01
149 9.57 9.38
150 12.03 15.98
151 10.46 20.22
152 21.8 3.52
153 11.8 12.21
154 17.55 21.93
155 17.4 9.73
156 2.08 18.44
157 18.76 6.99
158 20.96 13.61
159 12.46 6.37
160 15.73 22.95
161 17.03 8.17
162 3.8 18.83
163 21.37 11.47
164 8.37 14.47
165 17.98 7.94
166 15.68 20.4
167 11.45 5.44
168 17.65 14.48
169 13.41 10.77
170 20.5 22.72
171 18.17 7.81
172 2.32 10.1
173 11.23 13.93
174 7.82 0.29
175 10.76 0.7
176 19.39 0.56
177 6.91 15.31
178 3.78 0.19
179 2.19 5.28
180 13.22 22.68
181 7.6 20.17
182 13.13 16.42
183 7.9 6.57
184 17.34 18.31
185 18.03 21.31
186 6.13 2.36
187 22.98 13.2
188 14.66 8.45
189 19.26 11.22
190 22.44 10
191 10.56 17.54
192 9.85 18.83
193 6.54 5
194 10.28 1.16
195 11.36 19.25
196 16.42 11.03
197 4.45 18.96
198 2.54 17.08
199 12.39 12.36
200 21.19 7.4
201 20.29 7.42
202 20.63 14.84
203 10.82 20.27
204 19.01 12.29
205 22.29 7.08
206 12.15 18.45
207 1.8 20.38
208 2.38 9.52
209 10.68 8.35
210 4.6 0.18
211 11.21 9.56
212 5.53 8.55
213 2.63 15.67
214 15.55 18.59
215 13.51 2.54
216 9.96 13.74
217 5.59 10.8
218 18.6 7.59
219 7.4 16.41
220 11.01 14.61
221 20.59 17.22
222 2.12 0.16
223 9.69 22.39
224 18.26 15.02
225 15.2 7.89
226 17.46 22.87
227 18.94 3.42
228 6.61 10.51
229 16.62 9.09
230 11.63 9.68
231 10.94 7.13
232 17.94 9.11
233 16.71 16.53
234 20.46 13.54
235 15.67 11.63
236 16.37 19
237 6.68 13.26
238 12.66 18.49
239 10.51 3.89
240 11.79 7.92
241 18.31 13.24
242 4.18 16.77
243 14.8 1.77
244 21.38 21.31
245 7.99 8.42
246 15.55 10.01
247 19.13 18.93
248 22.99 21.01
249 22.07 0.36
250 22.51 7.97
251 3.97 14.75
252 5.01 3.41
253 21.9 21.18
254 2.07 5.19
255 0.64 19.94
256 20.7 1.38
257 5.67 6.47
258 8.25 1.88
259 0.19 20.47
260 5.89 17.15
261 14.69 18.7
262 2.15 21.45
263 19.46 21.34
264 21.7 12.66
265 20.64 18.54
266 20.81 8.73
267 12.14 12.13
268 10.31 13.34
269 18.54 21.57
270 6.03 22.91
271 1.29 6.7
272 13.17 3.73
273 5.61 6.97
274 4.44 8.94
275 3.1 16.32
276 12.02 20.86
277 19.31 17.79
278 16.13 14.17
279 3.84 3.29
280 9.35 2.35
281 21.6 12
282 1.13 7.16
283 20.51 21.27
284 19.84 21.97
285 21.88 3.57
286 20.79 2.87
287 17.12 0.17
288 17.66 10.96
289 7.43 22.73
290 16.05 9.63
291 7.49 21.05
292 15.84 15.59
293 6.76 14.32
294 17.61 19.49
295 9.36 21.12
296 10.12 14.49
297 9.17 7.96
298 6.23 11.26
299 10.23 6.68
300 20.77 13.59
301 3.98 19.63
302 19.8 18.56
303 17.05 21.1
304 8.35 1.99
305 11.62 1.48
306 22.53 11.92
307 4.51 19.11
308 20.95 2.89
309 9.9 21.8
310 19.92 3.08
311 17.57 19.26
312 14.74 17.57
313 16.35 3.75
314 20.95 20.98
315 22.09 14.1
316 10.73 18.73
317 1.81 3.08
318 1.18 18.05
319 20.04 18.86
320 7.86 9.54
321 21.46 8.66
322 15.29 7.39
323 20.8 13.5
324 12.3 13.24
325 16.33 7.7
326 3.96 19.74
327 14.31 10.9
328 2.17 18.71
329 4.21 7.66
330 21.76 0.13
331 6.38 3.3
332 6.38 20.01
333 15.07 18.71
334 14.58 18.09
335 4.63 12.11
336 8.3 22.44
337 17.36 13.61
338 4.11 0.59
339 1.36 2.68
340 10.39 16.41
341 13.16 17.69
342 16.11 1.87
343 8.1 14.99
344 22.66 5.81
345 16.46 22.83
346 13.66 8.94
347 5.96 22.84
348 18.55 7.56
349 2.65 21.03
350 20.66 20.65
351 7.62 17.8
352 8.42 5.96
353 6.56 12.5
354 15.18 12.53
355 16.47 7.92
356 13.13 13.09
357 14.97 17.15
358 9.14 16.76
359 22.57 10.59
360 10.43 8.8
361 5.27 16.03
362 3.39 11.61
363 19.17 11.23
364 19.78 21.95
365 7.12 21.83
366 16.63 17.44
367 0.41 14.74
368 4.24 12.57
369 2.11 17.49
370 12.93 6.95
371 20.04 6.1
372 0.25 3.06
373 19.82 22.53
374 20.65 9.39
375 5.72 6.92
376 22.95 18.6
377 7.21 21.51
378 9.74 3.35
379 12.82 3.38
380 12.73 17.04
381 11.48 7.46
382 22.21 6.37
383 6.46 22.41
384 16.9 13.97
385 8.44 8.57
386 2.19 6.83
387 20.41 16.01
388 15.54 2.44
389 22.36 4.76
390 11.68 13.19
391 8.79 5.08
392 3.59 22.15
393 13.02 3.52
394 6.91 0.85
395 17.89 13.36
396 20.83 7.16
397 13.53 16.89
398 16.31 7.56
399 9.05 7.52
400 16.09 20.73
401 15.09 17.5
402 10.51 5.81
403 8.25 12.5
404 4.78 13.57
405 14.29 7.61
406 0.21 3.98
407 3.14 10.6
408 14.13 14.32
409 15.17 16.16
410 17.05 8.56
411 15.72 20.58
412 2 14.88
413 22.44 16.78
414 1.3 5.83
415 14.08 8.49
416 13.51 4.91
417 10.72 6.17
418 6.2 11.54
419 2.12 18.98
420 14.11 10.98
421 14.97 16.41
422 4.01 14.33
423 5.65 5.63
424 9.31 18.14
425 3.7 8.35
426 16.45 3.36
427 18.24 6.95
428 0.73 18.45
429 11.8 5.2
430 1.22 2.03
431 6.94 2.89
432 9.06 14.73
433 3.28 17.67
434 1.17 15.26
435 13.77 15.92
436 9.33 15.28
437 17.13 16.26
438 21.89 0.86
439 19.01 10.31
440 18.66 8.2
441 11.57 10.23
442 17.18 12.11
443 18.09 17.33
444 22.54 17.91
445 7.46 17.41
446 20.3 11.28
447 3.01 14.41
448 19.6 16.89
449 19.67 16.81
450 9.73 20.77
451 0.57 10.44
452 3.7 6.58
453 7.45 17.71
454 5.02 2.59
455 21.32 13.98
456 11.73 11.2
457 10.83 9.89
458 14.74 5.92
459 11.35 16.44
460 10.86 1.8
461 13.08 6.34
462 20.75 8.16
463 2.05 3.62
464 20.43 4.87
465 13.16 21.73
466 19.69 17.69
467 1.27 1.25
468 18.96 10.92
469 13.51 19.24
470 10.22 11.5
471 10.22 22.35
472 19.76 9.48
473 15.4 21.06
474 14.5 11.51
475 13.31 14.27
476 20.61 12.88
477 21.05 13.92
478 17.54 5.88
479 21.27 10.62
480 19.87 2.49
481 20.18 11.43
482 12.69 4.09
483 15.01 8.98
484 15.74 19.17
485 18.2 16.04
486 15.4 13.49
487 22.97 5.42
488 14 12.16
489 0.67 2.89
490 17.16 5.51
491 18.39 1.51
492 2.95 2.3
493 18.7 3.96
494 2.11 20.49
495 22.98 4.5
496 3.45 9.5
497 13.59 7.69
498 4.19 3.66
499 22.84 5.6
500 21.65 19.93
501 10.42 5.56
502 21.5 1.57
503 13.73 10.39
504 0.8 12.51
505 5.54 1.93
506 13.96 17.97
507 7.79 11.45
508 15.42 16.91
509 1.92 14.01
510 18.51 5.05
511 14.55 12.42
512 20.11 21.97
513 2.63 5.15
514 21.27 11.82
515 19.28 12.99
516 6.07 7.44
517 9.01 17.22
518 15.14 4.58
519 17.09 22.75
520 1.68 15.94
521 21.43 22.63
522 11.08 3.16
523 20.07 6.22
524 7.76 14.02
525 19.07 21.99
526 11.41 3.27
527 12.76 21.15
528 3.3 19.05
529 18.39 2.92
530 3.43 12.09
531 19.54 14.67
532 8.9 9.51
533 14.09 5.55
534 15.82 1.04
535 4.5 8.18
536 18.33 5.02
537 8.18 2.94
538 9.16 16.93
539 7.96 15.77
540 14.76 4.44
541 7.72 14.55
542 12.7 13.7
543 20.27 8
544 10.92 3.52
545 15.62 15.66
546 17.86 14.36
547 0.87 22.68
548 5.23 14.28
549 15.32 2.48
550 21.18 21.06
551 13.6 19.82
552 10.28 16.51
553 20.96 21.79
554 14.56 19.45
555 11.41 5.92
556 8 16.85
557 18.07 19.13
558 14.66 20.7
559 11.75 15.34
560 18.52 2.58
561 4.46 14.89
562 14.57 13.38
563 4.66 -15.85
564 18.33 -7.32
565 5.38 -7.5
566 14.85 -4.03
567 20.54 -6.51
568 5.3 -2.13
569 9.1 -6.03
570 11.95 -7.38
571 1.23 -20.52
572 4.17 -7.47
573 15.7 -19.3
574 22.16 -18.83
575 8.94 -4.45
576 19.34 -17.69
577 8.07 -0.92
578 16.78 -10.91
579 18.23 -0.26
580 7.76 -22.63
581 3.67 -11.14
582 17.65 -10.13
583 12.27 -11.73
584 17.76 -10.47
585 17.85 -8.89
586 6.41 -17.24
587 12.23 -19.09
588 2.91 -21.11
589 16.94 -4.93
590 9.38 -2.08
591 19.77 -13.4
592 14.33 -16.24
593 14.67 -15.36
594 3.14 -18.63
595 5.78 -20.43
596 8.57 -10.91
597 8.56 -19.97
598 19.23 -13.74
599 11.73 -20.83
600 6.73 -1.51
601 6.27 -6.58
602 13.19 -0.66
603 21.77 -18.51
604 0.44 -3.63
605 5.71 -3.24
606 16.64 -20.35
607 13.59 -13
608 15.88 -18.49
609 1.64 -5.27
610 2.7 -19.03
611 17.46 -17.95
612 2.44 -21.79
613 0.05 -3.02
614 11.38 -21.67
615 10.71 -11.78
616 5.88 -5.63
617 6.29 -4.5
618 0.01 -19.08
619 22.71 -5.07
620 18.83 -10.98
621 18.85 -15.94
622 5.94 -12.47
623 18.49 -9.44
624 2.23 -21.82
625 17.85 -7.65
626 2.6 -4.93
627 14.24 -22.83
628 2.86 -5.05
629 14.24 -14.29
630 13.59 -14.24
631 19.87 -12.47
632 16.98 -19.48
633 15.56 -13.68
634 6.27 -4.51
635 3.01 -2.79
636 18.73 -2.1
637 2.1 -21.86
638 18.83 -1.67
639 11.01 -8.11
640 15.76 -21.06
641 13.52 -16.39
642 16.22 -5.89
643 21.46 -4.76
644 6.58 -6.6
645 8.36 -12.7
646 12.7 -20.17
647 16.65 -5.23
648 6.44 -17.2
649 9.23 -9.21
650 22.52 -12.71
651 2.34 -22.77
652 21.63 -18.25
653 7.44 -4.44
654 12.55 -17.46
655 15.53 -18.46
656 22.37 -5.31
657 11.2 -16.57
658 21.33 -3.11
659 9.72 -9.66
660 9.89 -4.91
661 2.09 -18.08
662 10.84 -10.11
663 14.83 -6.26
664 15.48 -17.28
665 17.51 -1.06
666 0.83 -2.52
667 20.78 -19.85
668 11.81 -9.99
669 14.97 -5.22
670 11.2 -11.88
671 4.72 -18.02
672 11.59 -21.09
673 1.21 -3.44
674 0.63 -9.93
675 2.36 -10.93
676 16.53 -21.04
677 8.15 -14.97
678 21.24 -4.37
679 9.17 -10.5
680 11.56 -1.24
681 3.76 -14.21
682 11.06 -22.92
683 20.43 -1.54
684 17.29 -10.4
685 22.28 -12.4
686 7.43 -16.01
687 14.11 -4
688 7.45 -19.02
689 16.47 -15.32
690 13.77 -8.08
691 6.12 -18.84
692 10.81 -7.3
693 11.68 -1.79
694 12.29 -19.57
695 20.81 -8.37
696 22.58 -11.37
697 21.81 -12.1
698 13.64 -21.17
699 8.57 -19.24
700 19.17 -18.45
701 11.47 -18.37
702 22.38 -3.6
703 10.14 -2.58
704 5.42 -17.35
705 12.95 -3.62
706 9.98 -19.19
707 3.49 -19.07
708 8.38 -8.31
709 4.89 -2.69
710 11.07 -20.67
711 19.56 -13.22
712 2.32 -21.17
713 19.34 -18.38
714 14.62 -3.49
715 21.94 -15.43
716 10.81 -21.31
717 1.91 -20.93
718 0.51 -10.19
719 15.06 -12.06
720 3.2 -16.45
721 12.64 -5.01
722 11.6 -13.18
723 21.49 -16.14
724 6.35 -19.98
725 5.17 -13.9
726 4.13 -4.94
727 3.12 -1.73
728 20.11 -16.97
729 20.46 -22.46
730 14.9 -22.26
731 20.57 -19.41
732 4.86 -13.23
733 10.94 -10.01
734 9.59 -15.9
735 9.35 -3
736 8.01 -12.79
737 13.49 -22
738 2.66 -19.61
739 4.11 -22.5
740 13.41 -9.01
741 13.96 -9.28
742 11.01 -5.06
743 22.03 -4.6
744 4.06 -8.13
745 17.91 -19.5
746 3.43 -6.48
747 19.71 -15.48
748 2.49 -18.81
749 11.71 -18.17
750 21.17 -22.6
751 12.39 -21.07
752 7.59 -16.7
753 0.83 -13.4
754 12.91 -10.25
755 6.78 -4.94
756 14.22 -13.84
757 6.42 -8.26
758 12.86 -2.24
759 20.89 -15.97
760 22.99 -4.45
761 21.45 -15.8
762 18.8 -13.94
763 9.76 -5.69
764 0.86 -8.82
765 8.42 -21.47
766 7.06 -9.56
767 3.26 -8.34
768 9.26 -14.65
769 12.42 -4.1
770 19.56 -9.69
771 11.05 -6.73
772 14.99 -10.79
773 0.55 -17.47
774 10.45 -15.38
775 7.35 -8.96
776 12.28 -10.44
777 1.39 -16.32
778 22.01 -8.08
779 4.42 -21.67
780 20.14 -10.4
781 19.96 -12.85
782 8.71 -4.21
783 6.38 -0.22
784 14.84 -17.97
785 4.67 -18.81
786 2.54 -11.41
787 9.72 -15.72
788 20.72 -5.05
789 7.95 -10.27
790 19.23 -18.69
791 6.13 -15.3
792 8.63 -8.51
793 4.11 -18.04
794 16.71 -18.16
795 5.56 -8.54
796 8.91 -1.38
797 16.11 -2.52
798 13.27 -5.14
799 0.11 -22.49
800 18.3 -5.11
801 4.04 -15.3
802 18.55 -8.36
803 13.42 -13.76
804 1.03 -16.27
805 22.48 -8.89
806 11.72 -7.78
807 3.81 -16.13
808 11.18 -7.87
809 3.03 -7.93
810 3.99 -15.41
811 4.31 -8.6
812 21.64 -0.42
813 5.56 -20.42
814 19.92 -22.43
815 4.55 -16.19
816 8.5 -2.74
817 11.11 -8.59
818 22.36 -14.57
819 18.36 -12.05
820 20.94 -10.91
821 18.7 -17.84
822 10.97 -9.66
823 17.53 -10.03
824 5.48 -9.67
825 12.61 -8.09
826 4.21 -19.99
827 20.41 -16.92
828 1.87 -2.85
829 2.29 -2.97
830 19.17 -21.79
831 1.53 -17.36
832 13.47 -15.19
833 17.28 -12.64
834 12.21 -12.83
835 11.27 -12.64
836 7.48 -10.16
837 7.34 -17.49
838 4.52 -5.97
839 3.17 -12.4
840 20.49 -10.01
841 7 -15.78
842 20.22 -1.7
843 15.07 -14.94
844 17.91 -22.09
845 8.4 -4.88
846 22.24 -1.6
847 4.31 -9.94
848 10.1 -12.72
849 13.07 -21.59
850 11.23 -22.32
851 20 -11.86
852 6.35 -6.23
853 22.73 -4.34
854 4.26 -10.88
855 8.41 -2.9
856 18.68 -1.75
857 3.45 -2.93
858 17.87 -3.42
859 2.52 -6.05
860 10.93 -0.31
861 1.91 -21.44
862 8.38 -10.18
863 10.42 -16.75
864 15.34 -6.01
865 15.85 -11.01
866 22.88 -14.1
867 20.33 -0.37
868 15.23 -6.23
869 4.63 -20.06
870 22.96 -19.5
871 21.25 -13.04
872 3.5 -6.16
873 9.59 -12.23
874 18.28 -21.37
875 21.68 -22.63
876 21.07 -6.21
877 3.91 -11.12
878 4.87 -16.98
879 10.51 -1.85
880 12.87 -7.73
881 21.83 -13.88
882 14.25 -12.75
883 6.5 -19.17
884 3.75 -6.48
885 13.5 -11.14
886 11.7 -14.24
887 20.4 -22.28
888 11.51 -2.72
889 1.1 -17.51
890 4.66 -17.31
891 11.04 -10.3
892 8.94 -13.26
893 7.24 -14.96
894 16.81 -1.33
895 9.07 -17.75
896 19.15 -17.2
897 17.47 -7.9
898 14.59 -10.4
899 4.4 -0.98
900 22.64 -18.35
901 20.11 -17.91
902 17.19 -21.86
903 1.59 -5.03
904 22.55 -16.22
905 10.53 -13.21
906 0.51 -14.73
907 4.99 -21.57
908 1.05 -19.98
909 21.31 -12.23
910 17.5 -5.39
911 22.59 -7.38
912 2.81 -13.65
913 11.57 -17.07
914 5.57 -17.4
915 0.27 -15.98
916 21.41 -15.73
917 14.59 -20.38
918 2.42 -15.6
919 19.34 -16.18
920 16.91 -12.49
921 4.22 -6.87
922 15.96 -17.43
923 1.93 -9.22
924 8.97 -17.02
925 22.41 -0.24
926 7.63 -3.48
927 4.65 -22
928 3.59 -10.44
929 15.36 -16.23
930 19.73 -19.68
931 12.41 -3.16
932 0.54 -18.14
933 21.26 -4.01
934 7.71 -13.48
935 2.97 -17.6
936 11.99 -1.63
937 6.58 -17.72
938 3.94 -4.95
939 21.97 -8.51
940 8.75 -0.43
941 14.43 -8.9
942 18.43 -3.9
943 1.86 -19.09
944 22.84 -22.02
945 6.23 -4.75
946 7.91 -7.09
947 12.75 -18.64
948 10.17 -8.45
949 9.46 -11.01
950 16.13 -17.89
951 7.04 -22.95
952 17.67 -5.12
953 20.59 -1.14
954 20.17 -9.13
955 9.57 -7.09
956 15.99 -16.44
957 20.35 -1
958 7.61 -11.42
959 20.97 -9.73
960 14.48 -7.45
961 14.54 -4.2
962 10.36 -9.91
963 5.89 -4.29
964 2.82 -20.54
965 2.95 -15.35
966 15.3 -6.47
967 11.59 -20.51
968 21.65 -20.5
969 6.63 -19.71
970 3.8 -6.34
971 22.78 -3.72
972 4.73 -19.79
973 18.74 -7.65
974 17.39 -12.34
975 7.32 -16.71
976 8.43 -19.39
977 6.31 -9.38
978 1.2 -18.79
979 3.85 -12.2
980 4.55 -4.02
981 10.5 -17.32
982 14.83 -7.37
983 4.87 -9.61
984 16.84 -1
985 7.34 -22.03
986 2.75 -20.64
987 4.96 -7.13
988 14.78 -7.48
989 7.35 -0.7
990 4.93 -19.69
991 16.09 -14.67
992 1.05 -13.36
993 19.67 -9.92
994 22.12 -12.77
995 16.8 -11.05
996 5.37 -14.19
997 9.08 -14.82
998 11.95 -20.21
999 21.21 -1.48
1000 0.51 -5.8
1001 13.96 -16.08
1002 0.21 -3.26
1003 21.27 -18.92
1004 7.14 -2.51
1005 22.21 -5.62
1006 7.81 -12.07
1007 12.95 -2.82
1008 12.74 -19.38
1009 9.16 -9.63
1010 20.68 -22.38
1011 1.09 -13.48
1012 5.3 -3.05
1013 10.78 -10.17
1014 11.65 -4.77
1015 21.09 -19.52
1016 12.6 -12.16
1017 2.95 -12.06
1018 18.5 -0.33
1019 2.84 -1.22
1020 17.36 -2.65
1021 14.72 -12.57
1022 15.39 -2.17
1023 9.07 -4.68
1024 1.83 -15.65
1025 15.03 -18.23
1026 8.71 -10.03
1027 13.08 -16.12
1028 3.3 -1.53
1029 6.31 -11.39
1030 7.91 -2.47
1031 14.64 -14.92
1032 14.5 -8.03
1033 18.88 -5.11
1034 6.33 -10.01
1035 12.66 -9.24
1036 21.82 -11.21
1037 0.9 -14.9
1038 7.1 -1.73
1039 17.39 -9.97
1040 5.21 -8.93
1041 18.96 -9.42
1042 13.07 -1.44
1043 2.98 -19.57
1044 7.96 -3.89
1045 6.36 -19.81
1046 11.73 -3.39
1047 21.94 -8.52
1048 13.63 -3.24
1049 0.77 -17.82
1050 4.06 -7.48
1051 18.69 -13.43
1052 15.85 -13.4
1053 15.14 -19.59
1054 17.09 -22.96
1055 8.89 -20.05
1056 16.99 -22.3
1057 0.74 -15.38
1058 11.95 -7.06
1059 10.95 -14.24
1060 11.05 -7.43
1061 21.34 -4.84
1062 13.36 -10.31
1063 1.07 -20.28
1064 2.62 -4
1065 11.48 -1.84
1066 2.79 -17.2
1067 7.61 -17.7
1068 14.29 -6.16
1069 6.12 -10.27
1070 17.84 -8.38
1071 18.2 -2.54
1072 5.44 -11.83
1073 6.42 -6.47
1074 20.71 -17.39
1075 12.34 -4.89
1076 9.73 -19.29
1077 17.12 -10.68
1078 18.48 -0.1
1079 4.1 -5.71
1080 18.07 -21.1
1081 15.3 -3.1
1082 20.8 -8.38
1083 14.54 -10.43
1084 8.22 -22.62
1085 18.52 -8.19
1086 21.25 -3.06
1087 14.9 -13.73
1088 7.72 -3.69
1089 8.6 -8.84
1090 13.73 -15.95
1091 12.24 -20.94
1092 19.14 -0.47
1093 0.57 -16.88
1094 22.59 -14.62
1095 0.24 -15.19
1096 18.29 -5.18
1097 13.56 -3.06
1098 13.5 -16.1
1099 15.72 -15.63
1100 0.82 -21.72
1101 12.31 -21.76
1102 12.49 -9.59
1103 13.28 -14.73
1104 0.57 -7.73
1105 0.69 -9.4
1106 17.86 -14.3
1107 2.29 -12.93
1108 17.34 -14
1109 16.14 -2.86
1110 5.57 -4.45
1111 9.64 -3.9
1112 6.96 -0.87
1113 4.49 -10.72
1114 3.35 -7.98
1115 17.23 -7.73
1116 6.49 -14.69
1117 1.28 -6.54
1118 21.27 -6.51
1119 14.24 -2.08
1120 11.48 -21.84
1121 0.66 -14.93
1122 15.39 -6.34
1123 7.86 -2.96
1124 16.34 -9.73
1125 -14.18 -11.52
1126 -15.42 -21.92
1127 -10.31 -11.34
1128 -22.07 -9.91
1129 -17.89 -14.8
1130 -22.53 -2.42
1131 -17.12 -12.12
1132 -6.18 -6.02
1133 -0.05 -5.92
1134 -8.01 -4.45
1135 -13.81 -14.3
1136 -6.23 -19.49
1137 -13.36 -14.48
1138 -17.44 -21.62
1139 -8.35 -8.74
1140 -20.27 -21.3
1141 -20.22 -10.06
1142 -8.92 -0.21
1143 -10.12 -18.05
1144 -9.85 -7.99
1145 -20.94 -15.54
1146 -15.18 -19.9
1147 -13.45 -2.58
1148 -8.5 -21.37
1149 -2.82 -13.5
1150 -4.8 -16.51
1151 -0.53 -16.64
1152 -18.64 -11.04
1153 -20.18 -13.89
1154 -10.15 -13.08
1155 -21.9 -16.06
1156 -3.12 -7.42
1157 -7.64 -19.13
1158 -14.18 -22.56
1159 -7.56 -5.28
1160 -8.34 -11.56
1161 -8.46 -16.02
1162 -18.6 -0.53
1163 -9.42 -21.91
1164 -12.42 -4.1
1165 -8.14 -22.76
1166 -16.4 -4.74
1167 -15.78 -19.19
1168 -20.6 -22.56
1169 -12.64 -12.97
1170 -6.03 -7.75
1171 -15.18 -22.07
1172 -5.72 -19.67
1173 -19.23 -10.34
1174 -3.14 -19.9
1175 -18.98 -14.31
1176 -7.33 -11.49
1177 -22.54 -4.45
1178 -13.88 -2.93
1179 -17.56 -8.96
1180 -8.72 -13.82
1181 -18.57 -2.7
1182 -21.89 -12.65
1183 -12.21 -21.87
1184 -11.84 -19.49
1185 -4.24 -12.38
1186 -11.45 -5.39
1187 -2.06 -6.94
1188 -4.8 -17.17
1189 -1.59 -8.82
1190 -0.13 -7.95
1191 -6.96 -8.1
1192 -0.07 -7.47
1193 -20.92 -17.02
1194 -13.5 -13.95
1195 -15.3 -15.48
1196 -5.7 -22.22
1197 -22.39 -10.87
1198 -20.26 -15.11
1199 -11.6 -22.13
1200 -22.03 -19.63
1201 -2.02 -3.37
1202 -20.83 -10.48
1203 -15.17 -14.61
1204 -10.95 -2.64
1205 -21.11 -4.28
1206 -12.38 -11.08
1207 -6.07 -5.07
1208 -22.09 -22.97
1209 -13.93 -4
1210 -7 -12.59
1211 -22.33 -16.75
1212 -15.14 -12.71
1213 -4.82 -9.25
1214 -8.38 -12.4
1215 -9.03 -3.95
1216 -17.84 -7.41
1217 -5.41 -21.58
1218 -13.19 -15.67
1219 -5.83 -8.1
1220 -22.9 -1.14
1221 -22.74 -3.94
1222 -19.53 -22.81
1223 -22.78 -16.34
1224 -20.34 -6.14
1225 -6.25 -1.23
1226 -17.98 -14.86
1227 -4.57 -16.11
1228 -2.36 -20.64
1229 -10.05 -19.92
1230 -11.39 -21.26
1231 -16.19 -6.6
1232 -5.18 -6.23
1233 -9.42 -9.12
1234 -17.22 -5.89
1235 -7.03 -15.26
1236 -6.72 -4.64
1237 -4.45 -17.3
1238 -10.64 -3.26
1239 -19.92 -14.76
1240 -15.99 -18.5
1241 -10.36 -3.18
1242 -19.29 -21.5
1243 -19.14 -2.46
1244 -9.9 -21.65
1245 -19.91 -16.71
1246 -0.32 -21.29
1247 -15.04 -0.62
1248 -9.74 -16.02
1249 -21.92 -1.46
1250 -4.24 -14.48
1251 -19.12 -16.47
1252 -10.77 -10.97
1253 -1.75 -11.1
1254 -2.86 -8.93
1255 -4.43 -21.67
1256 -1.85 -18.85
1257 -17.35 -2.32
1258 -15.3 -8.66
1259 -7.31 -1.02
1260 -17.73 -2.2
1261 -0.49 -14.74
1262 -15.36 -5.57
1263 -21.6 -3.05
1264 -4.51 -12.62
1265 -4.1 -8.04
1266 -1.51 -19.28
1267 -17.77 -0.23
1268 -11.33 -22.81
1269 -8.74 -19.52
1270 -5.71 -14.19
1271 -20.56 -0.7
1272 -3.02 -18.09
1273 -3.75 -2.44
1274 -3.46 -18.32
1275 -8.04 -11.07
1276 -13.33 -21.19
1277 -14.29 -19.05
1278 -22.1 -16.22
1279 -5.84 -12.89
1280 -20.93 -14.13
1281 -10.41 -9.95
1282 -20.7 -22.44
1283 -9.77 -5.18
1284 -12.22 -19.55
1285 -10.74 -18.52
1286 -6.74 -17.94
1287 -13.03 -8.3
1288 -10.74 -20.28
1289 -15.6 -16.78
1290 -15.37 -1.72
1291 -10.44 -11.16
1292 -7.21 -16.23
1293 -9.45 -1.73
1294 -14.62 -6.31
1295 -20.44 -2.81
1296 -12.76 -0.07
1297 -10.03 -18.38
1298 -0.56 -20.98
1299 -17.53 -19.81
1300 -2.85 -12.79
1301 -7.73 -15.79
1302 -11.62 -9.59
1303 -6.87 -8.28
1304 -2.06 -9.88
1305 -11.61 -9.99
1306 -21.15 -4.96
1307 -21.19 -22.05
1308 -0.78 -5.36
1309 -22.19 -18.16
1310 -20.97 -2.92
1311 -2.99 -7.15
1312 -2.53 -21.26
1313 -19.24 -13.02
1314 -9.83 -3.1
1315 -3.41 -1.3
1316 -17.09 -0.2
1317 -9.79 -21.66
1318 -6.94 -5.71
1319 -15.6 -4.18
1320 -1.69 -19.52
1321 -12 -4.21
1322 -3.26 -22.84
1323 -15.72 -10.19
1324 -5.35 -14.56
1325 -17.48 -14.91
1326 -22.07 -13.85
1327 -12.11 -20.47
1328 -10.49 -12.12
1329 -2.74 -18.87
1330 -20.17 -7.85
1331 -8.05 -6.15
1332 -4.81 -14.27
1333 -19.98 -5.37
1334 -9.55 -22.27
1335 -6.32 -12.58
1336 -4.31 -21.77
1337 -21.61 -18.32
1338 -16.04 -7.57
1339 -9.65 -1.86
1340 -4.29 -21.39
1341 -12.24 -4.13
1342 -12.12 -13.88
1343 -3.01 -11.87
1344 -7.75 -22.62
1345 -17.99 -5.75
1346 -11.91 -4.92
1347 -19.19 -3.04
1348 -18.93 -4.24
1349 -14.04 -3.7
1350 -16.28 -16.01
1351 -14.78 -20.36
1352 -3.2 -20.6
1353 -15.69 -13.39
1354 -15.25 -19.24
1355 -5.16 -2.35
1356 -17 -7.07
1357 -20.95 -4.92
1358 -16.8 -6.13
1359 -16.27 -0.96
1360 -6.72 -12.07
1361 -16.99 -11.26
1362 -1.82 -6.15
1363 -20.91 -0.71
1364 -4.41 -20.76
1365 -13.77 -11.95
1366 -19.83 -8.21
1367 -16.33 -5.55
1368 -6.46 -0.04
1369 -19.28 -19.55
1370 -9.42 -9.24
1371 -16.31 -11.96
1372 -16.89 -3.42
1373 -20.07 -14.26
1374 -2.75 -10.69
1375 -22.76 -13.34
1376 -12.12 -19.99
1377 -3.14 -4.27
1378 -15.5 -1.47
1379 -9.75 -11.57
1380 -11.05 -19.91
1381 -15.65 -11.04
1382 -4.11 -7.88
1383 -18.44 -19.5
1384 -16.05 -21.09
1385 -17.85 -2.25
1386 -14.21 -2.47
1387 -5.9 -11.16
1388 -12.95 -8.1
1389 -18.79 -13.49
1390 -14.36 -3.22
1391 -0.21 -6.07
1392 -20.87 -14
1393 -15.47 -13.87
1394 -2.44 -13.37
1395 -20.81 -12.74
1396 -11.3 -13.49
1397 -8.9 -13.46
1398 -9.96 -15.41
1399 -1.03 -4.34
1400 -6.59 -3.02
1401 -16.01 -18.88
1402 -7.05 -8.33
1403 -16.43 -9.43
1404 -22.93 -7.52
1405 -10.74 -22.75
1406 -16.34 -14.29
1407 -5.29 -21.47
1408 -12.34 -14.21
1409 -4.59 -8.29
1410 -21.03 -14.78
1411 -15.8 -2.4
1412 -3.38 -19.86
1413 -12.27 -1.7
1414 -16.56 -0.86
1415 -14.4 -13.3
1416 -9.19 -10.68
1417 -19.01 -7.42
1418 -16.85 -3.76
1419 -21.8 -12.44
1420 -12.19 -16.78
1421 -18.59 -20.06
1422 -18.53 -5.54
1423 -7.27 -0.89
1424 -19.7 -7.87
1425 -10.17 -11.86
1426 -1.78 -17.73
1427 -14.59 -2.97
1428 -15.19 -5.16
1429 -6.03 -14.39
1430 -15.21 -8.76
1431 -19.44 -20.43
1432 -4.85 -11.92
1433 -3.2 -15.45
1434 -15.41 -9.23
1435 -3.01 -2
1436 -22.06 -15.13
1437 -8.19 -21.61
1438 -10.02 -17.59
1439 -12.98 -15.46
1440 -4.33 -6.72
1441 -11.97 -0.16
1442 -13.65 -6.11
1443 -21.8 -14.09
1444 -16 -5.85
1445 -2.13 -4.83
1446 -2.26 -18.73
1447 -7.66 -9.09
1448 -12.06 -17.64
1449 -3.87 -10.86
1450 -0.39 -4.47
1451 -19.6 -17.4
1452 -3.53 -9.97
1453 -15.09 -4.79
1454 -20.26 -13.55
1455 -7.79 -5.07
1456 -5.23 -12.11
1457 -5.74 -7.29
1458 -21.38 -6.41
1459 -12.26 -4.54
1460 -19.89 -1.9
1461 -20.63 -1.91
1462 -11 -9.68
1463 -4.32 -5.29
1464 -3.68 -0.06
1465 -4.53 -18.71
1466 -13.11 -14.59
1467 -1.56 -11.66
1468 -3.97 -16.65
1469 -17.72 -16.65
1470 -21.73 -11.75
1471 -0.86 -2.52
1472 -9.81 -14.48
1473 -20.89 -17.13
1474 -9.19 -18.71
1475 -8.13 -20.67
1476 -10.1 -6.09
1477 -15.77 -5.76
1478 -21.58 -21.1
1479 -8.68 -7.61
1480 -3.32 -12.78
1481 -4.37 -0.74
1482 -12.4 -16.43
1483 -20.6 -5.93
1484 -22.59 -16.37
1485 -5.13 -15.33
1486 -5.37 -8.84
1487 -10.84 -16.51
1488 -10.64 -2.7
1489 -21.41 -8.74
1490 -16.93 -7.36
1491 -13.45 -17.06
1492 -22.82 -4.04
1493 -12.66 -16.74
1494 -1.35 -8.92
1495 -21.7 -21.35
1496 -22.09 -4.67
1497 -8.62 -13.59
1498 -19.53 -22.01
1499 -15.38 -6.23
1500 -9.08 -6.64
1501 -3 -8.03
1502 -12.07 -14.45
1503 -17.15 -13.84
1504 -10.1 -10.23
1505 -17.59 -3.08
1506 -20.14 -4.04
1507 -18.6 -8.04
1508 -1.78 -7.48
1509 -16.41 -8.26
1510 -17.13 -13.65
1511 -18.32 -2.63
1512 -16.23 -3.74
1513 -2.75 -14.47
1514 -20.7 -0.28
1515 -6.92 -5.66
1516 -1.21 -6.78
1517 -21.23 -20.44
1518 -11.28 -13.28
1519 -0.52 -2.9
1520 -5.98 -21.39
1521 -12.95 -18.11
1522 -13.68 -13.64
1523 -21.12 -8.55
1524 -4.33 -15.46
1525 -6.12 -2.05
1526 -15.21 -21.47
1527 -2.21 -11.96
1528 -3.43 -8.44
1529 -19.24 -15.49
1530 -21.15 -11.65
1531 -5.95 -3.16
1532 -11.12 -22.36
1533 -12.65 -14.7
1534 -17.6 -22.4
1535 -8.31 -0.69
1536 -18.8 -0.58
1537 -14.22 -21.26
1538 -17.33 -9.48
1539 -12.47 -22.87
1540 -12.44 -21.67
1541 -7.66 -6.11
1542 -5.59 -4.65
1543 -13.09 -20.39
1544 -0.4 -9.03
1545 -8.2 -9.33
1546 -0.01 -21.55
1547 -8.44 -14.16
1548 -5.86 -11.13
1549 -21.06 -8.61
1550 -9.3 -0.47
1551 -11.57 -6.37
1552 -4.64 -15.62
1553 -2.11 -13.32
1554 -0.71 -9.49
1555 -18.68 -2.1
1556 -8.21 -13.15
1557 -17.81 -13.86
1558 -11.26 -13.8
1559 -10.35 -18.42
1560 -15.28 -22.18
1561 -8.26 -6.08
1562 -20.24 -2.81
1563 -1.47 -16.7
1564 -12.83 -13.62
1565 -14.09 -22.53
1566 -16.42 -22.13
1567 -2.27 -13.19
1568 -3.51 -8.58
1569 -18.08 -4.38
1570 -17 -4.22
1571 -4.89 -13.76
1572 -4.63 -2.21
1573 -3.54 -22.7
1574 -18.13 -3.41
1575 -2.59 -1.41
1576 -7.49 -20.93
1577 -0.74 -21.37
1578 -15.07 -15.25
1579 -5.88 -2.21
1580 -12.26 -4.9
1581 -14.55 -7.49
1582 -20.68 -5.69
1583 -14.27 -16.83
1584 -8.73 -11.71
1585 -3.45 -9.35
1586 -10.64 -2.74
1587 -15.47 -8.35
1588 -8.05 -2.79
1589 -16.72 -6.53
1590 -18.47 -13.7
1591 -11.63 -6.83
1592 -5.21 -2.96
1593 -5.74 -22.9
1594 -2.11 -20.28
1595 -12.71 -11.62
1596 -19.11 -1.9
1597 -7.59 -14.78
1598 -19.13 -4.32
1599 -16.03 -9.38
1600 -6.26 -15.39
1601 -5.65 -19.49
1602 -4.84 -16.9
1603 -7.21 -21.12
1604 -15.18 -12.89
1605 -14.12 -0.93
1606 -7.76 -10.65
1607 -1.13 -2.75
1608 -13.17 -12.97
1609 -20.78 -6.87
1610 -18.49 -15.29
1611 -4.71 -21.01
1612 -0.31 -2.13
1613 -6.45 -12.3
1614 -9.2 -19.45
1615 -11.84 -22.48
1616 -6.49 -15.46
1617 -19.88 -5.01
1618 -3.13 -11.33
1619 -11.75 -4.09
1620 -15.54 -18.31
1621 -5.96 -2.87
1622 -16.14 -0.31
1623 -0.8 -7.1
1624 -1.49 -6.32
1625 -9.13 -9.1
1626 -7.11 -7.51
1627 -9.64 -13.84
1628 -13.66 -7.43
1629 -14.4 -3.61
1630 -13.61 -22.86
1631 -15.33 -13.76
1632 -18.77 -20.11
1633 -8.44 -12.21
1634 -3.83 -21.9
1635 -4.74 -7.71
1636 -10.58 -19.37
1637 -7.2 -21.22
1638 -15.84 -14.25
1639 -20.57 -18.53
1640 -4.63 -17.34
1641 -1.85 -17.22
1642 -8.06 -11.75
1643 -6.7 -22.01
1644 -2.62 -9.24
1645 -9.1 -21.1
1646 -22.38 -16.23
1647 -0.86 -11.95
1648 -11.69 -18.15
1649 -4.57 -19.83
1650 -4.54 -15.52
1651 -22.41 -19.83
1652 -18.06 -2.65
1653 -16.9 -17.14
1654 -12.67 -21.42
1655 -3.28 -1.99
1656 -19.21 -17.3
1657 -16.57 -5.13
1658 -14.66 -14.79
1659 -11.55 -10.79
1660 -19.41 -17.28
1661 -21.04 -20.65
1662 -9.61 -18.79
1663 -13.94 -21.9
1664 -18.73 -21.3
1665 -1.34 -6.04
1666 -2.87 -10.8
1667 -13.45 -0.75
1668 -17.89 -8.45
1669 -17.4 -7.35
1670 -19.86 -18.08
1671 -12.39 -20.68
1672 -13.34 -3.59
1673 -5.9 -16.48
1674 -4.28 -5
1675 -9.81 -17.45
1676 -2.62 -0.69
1677 -19.49 -7.85
1678 -17.27 -12.23
1679 -21.05 -20.95
1680 -14.51 -0.53
1681 -11.33 -9.91
1682 -21.19 -17.39
1683 -13.36 -12.3
1684 -7.17 -3.6
1685 -21.69 -7.76
1686 -15.97 -4.03
1687 -18.14 21.6
1688 -15.08 6.31
1689 -11.31 1.04
1690 -18.49 19.36
1691 -7.58 21.12
1692 -16.49 21.11
1693 -20.87 14.59
1694 -12.54 21.29
1695 -9.34 6.44
1696 -16.36 14.58
1697 -19.49 8.19
1698 -20.49 2.07
1699 -5.67 9.85
1700 -5.14 4.66
1701 -8.69 4.36
1702 -2.96 21.11
1703 -4.42 3.83
1704 -15.39 5.57
1705 -12.45 3.25
1706 -11.9 10.88
1707 -19.51 20.03
1708 -11.62 15.91
1709 -1.72 4.9
1710 -21.87 11.69
1711 -3.27 11.06
1712 -19.25 15.23
1713 -4.82 10.28
1714 -20.13 16.74
1715 -21.4 10.49
1716 -2.38 12.79
1717 -21.42 17.61
1718 -8.96 5.34
1719 -21.43 13.36
1720 -16.62 1.35
1721 -22.75 10.89
1722 -7.92 16.04
1723 -8.95 6.79
1724 -11.69 7.07
1725 -6.28 21.2
1726 -9.26 10.56
1727 -13.31 20.07
1728 -7.35 5.52
1729 -9.78 18.13
1730 -16.15 4.48
1731 -4.8 18.71
1732 -13.32 18.53
1733 -11.39 3.22
1734 -16.59 22.29
1735 -11.16 9.83
1736 -20.72 20.73
1737 -13.77 10.92
1738 -17.71 16.16
1739 -0.23 10.24
1740 -8.44 16.92
1741 -15.01 6.51
1742 -3.58 5.23
1743 -21.27 15.84
1744 -10.98 10.93
1745 -2.94 8.05
1746 -3.76 14.65
1747 -10.18 18.26
1748 -21.48 4.61
1749 -14.42 21.57
1750 -18.92 2.59
1751 -0.32 2.58
1752 -1.02 4.16
1753 -20.33 1.61
1754 -11.86 6.25
1755 -0.18 8.08
1756 -14.6 7.82
1757 -13.05 15.19
1758 -8.03 5.7
1759 -4.16 21.84
1760 -6.9 6.53
1761 -21.18 17.62
1762 -12.88 21.18
1763 -13.31 18.88
1764 -4.98 21.88
1765 -1.48 4.73
1766 -17.84 0.9
1767 -15.59 12.32
1768 -13.94 18.86
1769 -2.12 12.92
1770 -21 13.32
1771 -21.14 12.82
1772 -5.01 0.12
1773 -16.35 21.72
1774 -20.56 0.56
1775 -17.62 20.51
1776 -2.65 14.98
1777 -13.17 3.32
1778 -22.21 3.05
1779 -1.93 3.48
1780 -18.74 14.71
1781 -3.13 13.93
1782 -13.78 13.58
1783 -19.96 18.72
1784 -8.64 4.72
1785 -18.04 9.6
1786 -22.42 17.17
1787 -17.29 3.7
1788 -2.42 14.95
1789 -15.52 10.64
1790 -18.67 10.51
1791 -2.49 20.66
1792 -0.98 21.32
1793 -1.37 3.18
1794 -6.67 10.71
1795 -2.42 13.83
1796 -15.28 12.93
1797 -3.51 5.56
1798 -11.8 6.06
1799 -10.78 10.99
1800 -20.6 20.45
1801 -14.62 16.34
1802 -7.57 20.02
1803 -22.5 19.43
1804 -7.08 9.99
1805 -8.02 15.02
1806 -0.2 2.75
1807 -11.6 10.52
1808 -13.7 1.18
1809 -11.9 12.97
1810 -3.8 7.89
1811 -20.82 1.84
1812 -17.92 19.09
1813 -12.67 11.85
1814 -22.85 6.73
1815 -4.18 0.46
1816 -4.32 7.97
1817 -4.99 6.32
1818 -2.75 11.89
1819 -9.41 4.49
1820 -7.03 20.35
1821 -10.63 17.43
1822 -4.95 17.75
1823 -18.94 22.23
1824 -22.72 6.18
1825 -14.07 18.36
1826 -20.2 14.05
1827 -20.66 22.42
1828 -21.79 15.13
1829 -21.86 10.33
1830 -21.31 21.64
1831 -6.61 13.56
1832 -7.4 2.64
1833 -14.53 22.13
1834 -14.14 20.67
1835 -5.55 11.46
1836 -5.9 8.7
1837 -3.45 16.18
1838 -15.41 21.37
1839 -4.55 22.39
1840 -5.27 2.65
1841 -16.7 6.15
1842 -16.09 13
1843 -15.65 14.36
1844 -1.7 14.88
1845 -1.05 2.03
1846 -15.59 0.01
1847 -2.65 18.18
1848 -17.31 10.51
1849 -8.18 4.71
1850 -3.69 18.98
1851 -4.68 13.73
1852 -17.43 9.59
1853 -18.49 18.65
1854 -5.57 20.36
1855 -0.02 10.56
1856 -4.23 10.84
1857 -0.84 16.72
1858 -8.09 20.32
1859 -12.21 16.49
1860 -18.52 20.31
1861 -20.32 0.78
1862 -18.96 21.63
1863 -9.14 10.5
1864 -2.73 0.8
1865 -19.78 4.85
1866 -6.1 6.42
1867 -16.02 11.98
1868 -7.63 0.54
1869 -8.42 22.03
1870 -9.59 13.2
1871 -1.05 8.44
1872 -2.17 13.83
1873 -11.15 12.41
1874 -16.43 20.78
1875 -18.09 10.88
1876 -11.66 11.95
1877 -21.11 15.41
1878 -13.43 18.15
1879 -18.95 17.77
1880 -10.14 16.16
1881 -22.59 3.25
1882 -15.23 16.25
1883 -4.31 3.13
1884 -2.16 10.38
1885 -0.59 12.73
1886 -8.7 22.27
1887 -13.1 12.16
1888 -12.09 10.87
1889 -8.65 1.26
1890 -22.66 5.52
1891 -5 14.26
1892 -6.67 21.85
1893 -17 13.63
1894 -8.4 7.63
1895 -0.79 0.47
1896 -14.24 18.55
1897 -22.32 10.9
1898 -1.55 6.47
1899 -4.37 14.15
1900 -14.4 14.23
1901 -13.51 15.48
1902 -4.64 0.1
1903 -21.49 3.61
1904 -15.39 16.74
1905 -9.78 17.66
1906 -8.92 15.06
1907 -1.43 2.3
1908 -15.93 3.12
1909 -10.75 18.43
1910 -6.42 1.34
1911 -7.41 22.06
1912 -20.49 20.66
1913 -14.65 17.25
1914 -18.92 22.04
1915 -13.28 19.02
1916 -11.51 10.32
1917 -20.95 3.79
1918 -17.92 3.67
1919 -7.93 6.96
1920 -1.63 10.32
1921 -12.9 17.72
1922 -20.02 21.07
1923 -11.71 14.33
1924 -9.76 0.48
1925 -1.82 9.98
1926 -9.05 3.7
1927 -1.36 19.75
1928 -14 6.54
1929 -16.1 3.53
1930 -22.55 20.44
1931 -18.28 6.38
1932 -20.69 21.58
1933 -2.26 16.23
1934 -10.72 15.62
1935 -2.94 20.71
1936 -2.95 12.35
1937 -20.94 15.84
1938 -7.17 10.5
1939 -10.98 9.66
1940 -19.64 4.45
1941 -18.67 12.8
1942 -20.07 16.21
1943 -10.27 7.55
1944 -11.08 21.59
1945 -19.03 3.38
1946 -9.76 21.15
1947 -19.74 14.31
1948 -18.07 17.98
1949 -10.6 9.52
1950 -17.75 5.79
1951 -18.14 1.06
1952 -4.42 20.71
1953 -8.21 3.6
1954 -0.78 22.11
1955 -14.08 19.19
1956 -19.51 7.95
1957 -1.16 9.75
1958 -17.3 16.58
1959 -15.17 11.44
1960 -14.82 5.38
1961 -3.53 11.2
1962 -2.51 12.1
1963 -7.08 10.79
1964 -7.83 8.1
1965 -13.89 5.2
1966 -6.26 2.59
1967 -0.3 9.03
1968 -0.16 10.68
1969 -20.31 19.03
1970 -15.22 0.94
1971 -8.89 11.39
1972 -21.14 11.73
1973 -15.83 20.58
1974 -9.02 15.44
1975 -8.34 8
1976 -6.72 11.36
1977 -0.46 22.4
1978 -20.71 19.75
1979 -4.86 18.07
1980 -0.27 16.07
1981 -18.66 18.75
1982 -15.31 17.06
1983 -15.26 6.48
1984 -2.51 15.47
1985 -3.93 12.58
1986 -0.97 5.25
1987 -4.5 12.83
1988 -10.41 9.64
1989 -12.6 20.33
1990 -5.33 6.95
1991 -18.31 8.47
1992 -7.87 12.05
1993 -19.32 6.29
1994 -11.88 16.1
1995 -9.17 1.18
1996 -19.94 22.68
1997 -16.74 15.35
1998 -21.83 12.25
1999 -15.24 19.52
2000 -9.1 11.86
2001 -4.63 19.17
2002 -19.52 20.6
2003 -17.76 9.13
2004 -6.46 17.45
2005 -1.4 7.36
2006 -15.83 22.31
2007 -21.88 7.23
2008 -1.05 11.22
2009 -4.33 18.21
2010 -19.39 12.93
2011 -0.13 1.02
2012 -16.38 3.85
2013 -3.62 16.87
2014 -13.4 2.73
2015 -2.12 18.86
2016 -15.04 10.02
2017 -18.14 6.75
2018 -3.41 22.08
2019 -16.54 12.9
2020 -20.27 20.39
2021 -7.23 5.46
2022 -12.7 0.62
2023 -11.85 6.11
2024 -11.84 13.75
2025 -14.2 3.7
2026 -15.24 8.24
2027 -22.61 1.86
2028 -18.73 8.62
2029 -21.88 3.24
2030 -22.1 19.65
2031 -17.2 1
2032 -18.27 1.66
2033 -0.75 12.34
2034 -2.25 9.2
2035 -6.6 4.81
2036 -10.27 10.04
2037 -10.66 13.83
2038 -7.46 22.97
2039 -1.24 10.03
2040 -1.25 19.31
2041 -15.07 2.97
2042 -4.83 16.5
2043 -12.64 14.68
2044 -17.92 11.08
2045 -18.26 11.52
2046 -0.04 4.55
2047 -6.21 12.46
2048 -1.8 18.32
2049 -4.52 17.48
2050 -9.81 14.57
2051 -12.13 21.64
2052 -12.47 20.09
2053 -7.58 10.32
2054 -7.87 7.46
2055 -3.77 19.35
2056 -9.84 9.13
2057 -13.15 18.84
2058 -10.52 14.67
2059 -13.27 13.31
2060 -12.36 15.97
2061 -20.52 8.53
2062 -8.51 12.4
2063 -18.24 14.25
2064 -8.74 20.84
2065 -22.93 22.77
2066 -8.93 6.07
2067 -3.16 12.07
2068 -22.39 21.41
2069 -5.87 10.75
2070 -7.1 7.26
2071 -3.91 20.16
2072 -16 16.94
2073 -19.13 4.58
2074 -17.9 14.04
2075 -7.01 19.92
2076 -15.98 7.26
2077 -7.18 15.05
2078 -6.31 1.49
2079 -22.33 2.43
2080 -12.72 2.57
2081 -8.64 22.27
2082 -11.34 21.65
2083 -7.58 11.81
2084 -10.08 21.25
2085 -5.51 0.97
2086 -21.13 4.7
2087 -9.16 19.95
2088 -1.53 1.65
2089 -15.7 15.81
2090 -12.73 6.95
2091 -1.73 10.23
2092 -2.29 5.71
2093 -7.21 8.92
2094 -11.35 8.6
2095 -11.17 17.06
2096 -3.85 11.59
2097 -10.24 7.33
2098 -6.66 2.71
2099 -0.96 17.83
2100 -18.8 16.74
2101 -21.44 17
2102 -13.95 16.94
2103 -18.59 18.12
2104 -10.93 3
2105 -9.96 21.81
2106 -9.05 0.67
2107 -16.9 22.21
2108 -8.13 11.34
2109 -7.46 11.63
2110 -5.7 7
2111 -18.59 6.15
2112 -13.48 9.55
2113 -22.79 5.84
2114 -11.19 20.15
2115 -13.89 0.75
2116 -17.75 6.99
2117 -11.45 22.86
2118 -17.98 19.22
2119 -9.75 17.57
2120 -3.9 16.44
2121 -4.63 19.71
2122 -6.44 12.95
2123 -11.81 21.53
2124 -10.17 14.58
2125 -9.1 19.27
2126 -2.42 3.39
2127 -0.46 15.22
2128 -8.58 15.91
2129 -0.58 0.25
2130 -1.01 19.77
2131 -14.28 14.47
2132 -1.85 6.28
2133 -13.03 13.26
2134 -18.35 7.36
2135 -11.32 22.78
2136 -7.01 22.25
2137 -22.73 15.95
2138 -14.48 13.45
2139 -15.55 11.54
2140 -7.82 12.17
2141 -15.56 1.66
2142 -16.88 20.76
2143 -13.67 16.03
2144 -16.28 2.46
2145 -9.75 1.77
2146 -3.77 17.29
2147 -11.1 1.03
2148 -1.81 5.62
2149 -0.5 11.65
2150 -11.43 20.16
2151 -6.94 11.82
2152 -4.77 18.44
2153 -19.41 6.67
2154 -18.21 6.78
2155 -18.95 11.97
2156 -1.15 13.55
2157 -11.32 11.52
2158 -4.55 5.55
2159 -18.53 12.51
2160 -14.29 8.35
2161 -13.17 5.28
2162 -16.83 18.06
2163 -11.2 1.27
2164 -12.92 18.65
2165 -3.33 22.23
2166 -11.05 11.87
2167 -7.31 10.27
2168 -16.94 3.35
2169 -10.13 14.24
2170 -3.21 22.68
2171 -13.23 6.08
2172 -5.12 14.88
2173 -20.43 12.07
2174 -12.11 20.19
2175 -5.55 15.96
2176 -8.76 13.92
2177 -19.5 18.72
2178 -19.99 2.6
2179 -8.77 7.7
2180 -6.93 20.43
2181 -9.3 12.1
2182 -22.38 5.51
2183 -8.86 4.13
2184 -18.37 3.84
2185 -3.52 6.51
2186 -12.59 9.11
2187 -0.99 4.28
2188 -16.35 5.24
2189 -2.43 21.43
2190 -1.91 15.98
2191 -6.9 7.98
2192 -3.7 10.68
2193 -0.8 13.92
2194 -21.63 11.21
2195 -19.16 9.57
2196 -9.19 16.08
2197 -9.11 15.98
2198 -20.11 19.09
2199 -22.94 17.97
2200 -1.48 3.01
2201 -22.64 3.46
2202 -18.26 1.6
2203 -6.84 0.63
2204 -9.58 11.62
2205 -15.12 19.79
2206 -4.78 11.5
2207 -9.7 9.55
2208 -0.47 19
2209 -17.74 21.02
2210 -18.11 9.62
2211 -2.71 13.9
2212 -6.89 4.3
2213 -0.4 11.82
2214 -17.32 14.52
2215 -5.05 10.86
2216 -1.84 6.32
2217 -18.44 4.69
2218 -5.33 20.11
2219 -19.25 2.28
2220 -9.6 14.91
2221 -13.93 11.37
2222 -20.92 1.9
2223 -20.9 11.15
2224 -9.17 21.4
2225 -18.54 3.16
2226 -4.59 4.28
2227 -19.11 21.25
2228 -20.6 11.48
2229 -13.52 19.51
2230 -17.89 2.44
2231 -8.76 18.58
2232 -0.27 19.73
2233 -16.84 4.21
2234 -17.01 5.6
2235 -8.04 13.09
2236 -11.99 14.13
2237 -16.03 9.49
2238 -8.17 20.43
2239 -6.35 1.46
2240 -4.62 17.34
2241 -9.15 1.9
2242 -10.67 9.21
2243 -8.21 5.26
2244 -1.77 8.27
2245 -21.23 21.74
2246 -17.32 7.18
2247 -3.91 17.52
2248 -9.25 5.11
2249 -21.24 8.28
2250 2293.71 443.112
2251 2731.71 814.002
2252 423.712 1922.03
2253 3496.71 185.122
2254 2925.71 2527.04
2255 1622.71 220.802
2256 1356.71 2819.96
2257 2830.71 369.452
2258 1857.71 3401.75
2259 1961.71 3263.44
2260 2573.71 1490.92
2261 2655.71 2859.03
2262 3852.71 50.9119
2263 1200.71 2461.63
2264 317.712 79.0619
2265 4155.71 943.952
2266 1328.71 3528.93
2267 2964.71 1047.94
2268 4094.71 883.752
2269 3207.71 2523.97
2270 1177.71 1449.39
2271 223.712 1834.08
2272 564.712 3630.83
2273 3416.71 1402.16
2274 1150.71 1389.89
2275 3278.71 1074.2
2276 3392.71 1200.5
2277 1689.71 3392.27
2278 1662.71 3972.09
2279 2558.71 1653.15
2280 2156.71 2469.05
2281 1243.71 3456.72
2282 2670.71 1149.97
2283 2917.71 2814.34
2284 3016.71 1851.59
2285 2854.71 609.432
2286 3302.71 2730.48
2287 3380.71 609.782
2288 1757.71 974.962
2289 3967.71 360.292
2290 1244.71 2117.45
2291 4310.71 250.062
2292 2248.71 2251.59
2293 951.712 2672.75
2294 1236.71 1236.15
2295 2543.71 3322.75
2296 2571.71 742.442
2297 253.712 1143.58
2298 1369.71 1432.52
2299 1076.71 1402.05
2300 2669.71 2169.15
2301 927.712 27.5319
2302 2634.71 1611.92
2303 3212.71 2372.82
2304 3451.71 1184.64
2305 674.712 576.652
2306 2467.71 1814
2307 1680.71 1705.47
2308 3332.71 492.962
2309 2001.71 3535.71
2310 2794.71 2648.04
2311 1337.71 970.712
2312 1706.71 2939.32
2313 3982.71 642.812
2314 3467.71 1193.13
2315 3087.71 89.8619
2316 310.712 169.742
2317 151.712 2849.31
2318 669.712 3798.1
2319 711.712 1291.98
2320 3918.71 451.162
2321 1164.71 1094.75
2322 3024.71 341.262
2323 171.712 549.182
2324 3156.71 2934.37
2325 4300.71 345.252
2326 3369.71 2444.22
2327 3664.71 1796.81
2328 602.712 2197.17
2329 3778.71 1262.29
2330 4026.71 830.352
2331 2554.71 318.982
2332 3228.71 1202.95
2333 656.712 1677.19
2334 3748.71 1206.82
2335 1393.71 255.712
2336 3711.71 1185.2
2337 2095.71 1795.05
2338 3082.71 162.612
2339 1135.71 3680.6
2340 64.7119 1283
2341 232.712 4219.78
2342 3421.71 105.732
2343 4135.71 59.2019
2344 3891.71 600.082
2345 441.712 479.602
2346 2822.71 3239.05
2347 2351.71 2463.97
2348 2353.71 2226.27
2349 44.7119 686.962
2350 1028.71 3294.73
2351 1811.71 3562.99
2352 1676.71 1284.06
2353 3823.71 1506.3
2354 2825.71 2554.68
2355 67.7119 827.042
2356 2741.71 3331.64
2357 2975.71 1256.34
2358 848.712 3292.33
2359 3561.71 1384.67
2360 4094.71 783.922
2361 2755.71 285.762
2362 3650.71 707.762
2363 2036.71 1238.88
2364 462.712 164.812
2365 147.712 2722.05
2366 172.712 2573.43
2367 2882.71 1999.38
2368 2517.71 1202
2369 3259.71 2231.07
2370 4011.71 747.462
2371 579.712 2210.8
2372 278.712 3146.85
2373 3012.71 2445.39
2374 4041.71 775.082
2375 3547.71 822.502
2376 2923.71 496.722
2377 3095.71 1829.4
2378 3756.71 1494.91
2379 1646.71 2262.43
2380 3865.71 190.042
2381 1334.71 3855.17
2382 405.712 587.442
2383 1511.71 2932.4
2384 4297.71 460.632
2385 613.712 3359.56
2386 445.712 2397.5
2387 4132.71 303.112
2388 2428.71 786.892
2389 3836.71 512.442
2390 1761.71 3221.95
2391 1620.71 2230.41
2392 2755.71 3086.6
2393 328.712 324.062
2394 2195.71 1082.49
2395 -2004.29 2154.15
2396 -3652.29 2068.37
2397 -2399.29 2370.92
2398 -1957.29 3381.27
2399 -356.288 827.172
2400 -2056.29 749.182
2401 -3634.29 979.392
2402 -4147.29 495.002
2403 -906.288 3775.42
2404 -3980.29 1504.39
2405 -1087.29 1977.78
2406 -1195.29 4054.72
2407 -2774.29 1380.92
2408 -798.288 2356.89
2409 -2809.29 701.752
2410 -702.288 2541.39
2411 -1402.29 2274.31
2412 -2648.29 2055.15
2413 -2909.29 629.492
2414 -153.288 2044.94
2415 -3302.29 2352.24
2416 -2008.29 2083.82
2417 -1459.29 899.202
2418 -3866.29 1832.04
2419 -868.288 4057.11
2420 -3854.29 1494.92
2421 -698.288 903.202
2422 -2438.29 3337.48
2423 -1441.29 1936.35
2424 -43.2881 120.012
2425 -2977.29 1296.67
2426 -2580.29 1902.93
2427 -2922.29 1773.09
2428 -669.288 532.602
2429 -2322.29 3334.41
2430 -1585.29 298.162
2431 -4131.29 944.572
2432 -1772.29 1986.19
2433 -2238.29 3091.68
2434 -444.288 3885.83
2435 -1670.29 3692.57
2436 -3911.29 349.592
2437 -1836.29 371.782
2438 -3662.29 620.282
2439 -2074.29 1191.84
2440 -1044.29 1389.67
2441 -1245.29 946.102
2442 -1919.29 399.882
2443 -2368.29 1618.59
2444 -3514.29 1586.16
2445 -205.288 4078.45
2446 -553.288 3472.57
2447 -2209.29 1475.22
2448 -2416.29 3387.23
2449 -454.288 4289.39
2450 -2097.29 1559.6
2451 -3953.29 1421.72
2452 -2313.29 1391.13
2453 -541.288 1116.14
2454 -2583.29 2371.07
2455 -2170.29 79.6319
2456 -1183.29 728.412
2457 -1794.29 361.222
2458 -1099.29 340.832
2459 -3512.29 106.692
2460 -3395.29 1969.21
2461 -3229.29 357.232
2462 -1570.29 573.572
2463 -3069.29 2362.95
2464 -2374.29 3445.74
2465 -3640.29 451.262
2466 -190.288 2378.22
2467 -2969.29 1496.92
2468 -1567.29 3743.4
2469 -968.288 3900.69
2470 -2921.29 3010.97
2471 -1293.29 122.082
2472 -69.2881 377.962
2473 -4001.29 1477.07
2474 -4043.29 222.032
2475 -3603.29 744.692
2476 -3720.29 1916.31
2477 -3876.29 642.942
2478 -454.288 336.762
2479 -1765.29 2821.59
2480 -706.288 1752.15
2481 -4094.29 958.752
2482 -156.288 1957.75
2483 -194.288 1754.12
2484 -3064.29 2066.66
2485 -2667.29 2878.01
2486 -67.2881 1535.04
2487 -2578.29 400.402
2488 -3841.29 221.312
2489 -2404.29 3124.7
2490 -2278.29 3295.16
2491 -229.288 1012.49
2492 -1023.29 508.712
2493 -500.288 3390.26
2494 -1289.29 2359.24
2495 -1099.29 3111.41
2496 -3438.29 2183.1
2497 -3991.29 86.1619
2498 -1469.29 2908.24
2499 -3139.29 577.392
2500 -2141.29 3446.01
2501 -4034.29 632.922
2502 -2256.29 2794.88
2503 -3443.29 1798.49
2504 -2403.29 1681.23
2505 -3193.29 2568.92
2506 -1065.29 2832.98
2507 -918.288 1311.77
2508 -1044.29 2886.77
2509 -359.288 1092.09
2510 -3755.29 1512.8
2511 -2149.29 954.802
2512 -1196.29 3306.06
2513 -0.28807 1395.66
2514 -3841.29 1682.63
2515 -714.288 1031.11
2516 -1435.29 2866.84
2517 -3957.29 581.132
2518 -571.288 797.272
2519 -3306.29 2063.31
2520 -2459.29 2557.2
2521 -1172.29 3358.81
2522 -3438.29 785.562
2523 -3434.29 1888.28
2524 -302.288 998.052
2525 -1358.29 250.742
2526 -3074.29 399.262
2527 -463.288 2196.66
2528 -2137.29 2288.89
2529 -451.288 222.022
2530 -396.288 2790.76
2531 -3423.29 1342.08
2532 -3734.29 177.562
2533 -3345.29 2302.71
2534 -714.288 4180.22
2535 -796.288 2083.25
2536 -2361.29 29.6519
2537 -215.288 1658
2538 -1880.29 2339.03
2539 -519.288 1940.94
2540 -4237.29 423.562
2541 4109.71 -507.898
2542 2226.71 -561.188
2543 1866.71 -2421.65
2544 2856.71 -1250.27
2545 2830.71 -238.988
2546 1303.71 -2677.2
2547 2905.71 -1045.54
2548 3872.71 -100.668
2549 2859.71 -508.028
2550 2112.71 -193.668
2551 1276.71 -2469.71
2552 167.712 -4032.73
2553 511.712 -1691.93
2554 2962.71 -2882.91
2555 2052.71 -1588.24
2556 4007.71 -1111.94
2557 3722.71 -1105.21
2558 3128.71 -677.458
2559 2991.71 -1135.44
2560 301.712 -2015.77
2561 2658.71 -116.518
2562 2219.71 -874.738
2563 3342.71 -878.008
2564 931.712 -1809.56
2565 4100.71 -331.538
2566 3278.71 -756.558
2567 1967.71 -239.788
2568 290.712 -1149.71
2569 2194.71 -167.298
2570 209.712 -4220.86
2571 2846.71 -675.368
2572 2755.71 -378.858
2573 3825.71 -856.578
2574 200.712 -1342.62
2575 1964.71 -262.238
2576 1709.71 -1507.1
2577 3063.71 -900.528
2578 3561.71 -2062
2579 3395.71 -1381.43
2580 2703.71 -1120.73
2581 912.712 -3472.45
2582 1941.71 -787.388
2583 1776.71 -1239.24
2584 3037.71 -2053.65
2585 1109.71 -3008.42
2586 1591.71 -2308.74
2587 839.712 -4072.96
2588 2872.71 -1972.54
2589 326.712 -2034.1
2590 551.712 -13.7281
2591 226.712 -509.678
2592 3565.71 -1715.8
2593 3869.71 -1244.85
2594 3070.71 -1904.42
2595 690.712 -4102.02
2596 2802.71 -877.898
2597 4104.71 -198.608
2598 2161.71 -51.3981
2599 2601.71 -90.5581
2600 4252.71 -265.048
2601 793.712 -4077.21
2602 1041.71 -883.418
2603 3564.71 -99.5681
2604 3977.71 -1278.4
2605 3639.71 -1018.26
2606 2833.71 -2179.71
2607 3442.71 -972.128
2608 531.712 -1008.34
2609 2595.71 -2802.96
2610 2618.71 -2118.43
2611 2750.71 -1600.6
2612 1540.71 -412.618
2613 2511.71 -3231.79
2614 1804.71 -2231.72
2615 1248.71 -3502.24
2616 3225.71 -2147.51
2617 4247.71 -554.738
2618 1354.71 -1230.79
2619 3806.71 -1878.56
2620 4049.71 -44.1581
2621 3234.71 -2311.97
2622 382.712 -4244.46
2623 3378.71 -1185.51
2624 3057.71 -1260.26
2625 1167.71 -3103.25
2626 1607.71 -3181.11
2627 165.712 -211.198
2628 3120.71 -1782.72
2629 3502.71 -923.928
2630 1164.71 -433.528
2631 3329.71 -1354.39
2632 166.712 -2529.8
2633 1004.71 -3720.15
2634 2404.71 -1344.1
2635 226.712 -835.438
2636 1326.71 -3932.71
2637 2406.71 -604.258
2638 234.712 -1410.17
2639 3579.71 -2390.15
2640 4106.71 -30.4181
2641 1315.71 -979.308
2642 1013.71 -2259.39
2643 1208.71 -1904.43
2644 1838.71 -3370.2
2645 2433.71 -1482.72
2646 2835.71 -2725.71
2647 767.712 -945.948
2648 356.712 -80.3881
2649 1175.71 -1561.23
2650 3234.71 -715.468
2651 1562.71 -945.408
2652 2543.71 -1756.74
2653 2922.71 -2559.52
2654 2101.71 -376.618
2655 2722.71 -1975.52
2656 319.712 -3058.73
2657 4268.71 -407.698
2658 3199.71 -1392.52
2659 3145.71 -148.398
2660 3562.71 -2162.67
2661 387.712 -4114.11
2662 3690.71 -401.368
2663 721.712 -1554.54
2664 2856.71 -488.808
2665 3459.71 -291.908
2666 978.712 -106.618
2667 4027.71 -1200.11
2668 2366.71 -581.638
2669 3979.71 -882.918
2670 2521.71 -826.958
2671 4050.71 -541.428
2672 4114.71 -706.928
2673 825.712 -2156.46
2674 2865.71 -2548.96
2675 393.712 -1980.83
2676 1898.71 -220.638
2677 869.712 -3810.66
2678 1866.71 -1410.65
2679 1982.71 -1241.43
2680 2193.71 -3359.14
2681 911.712 -3074.4
2682 2811.71 -340.828
2683 68.7119 -812.768
2684 957.712 -4089.32
2685 3020.71 -1507.39
2686 4124.71 -491.798
2687 -3952.29 -515.628
2688 -106.288 -4021.13
2689 -270.288 -2781.84
2690 -2124.29 -2451.13
2691 -2775.29 -243.368
2692 -2402.29 -406.258
2693 -1958.29 -3550.96
2694 -3941.29 -366.918
2695 -2367.29 -2646.54
2696 -1729.29 -1457.9
2697 -1654.29 -2854.48
2698 -1591.29 -3060.63
2699 -4120.29 -601.848
2700 -2423.29 -1552.12
2701 -429.288 -1773.89
2702 -3280.29 -2158.24
2703 -578.288 -3851.31
2704 -1602.29 -3488.8
2705 -855.288 -2840.63
2706 -2563.29 -1902.47
2707 -190.288 -3622.4
2708 -743.288 -4.19807
2709 -2704.29 -296.808
2710 -2835.29 -2835.4
2711 -2233.29 -704.828
2712 -1818.29 -801.948
2713 -3601.29 -326.678
2714 -2358.29 -1895.74
2715 -3731.29 -25.6981
2716 -4026.29 -467.428
2717 -1520.29 -3608.96
2718 -1032.29 -3808.3
2719 -4210.29 -171.208
2720 -4045.29 -536.588
2721 -2127.29 -1173.72
2722 -2211.29 -2213.49
2723 -785.288 -3881.96
2724 -1259.29 -190.608
2725 -127.288 -62.9781
2726 -1049.29 -2636.77
2727 -3201.29 -391.958
2728 -3042.29 -47.2981
2729 -4097.29 -675.988
2730 -2709.29 -1464.31
2731 -3698.29 -886.588
2732 -174.288 -705.948
2733 -3253.29 -2025.58
2734 -4110.29 -125.468
2735 -634.288 -2748.52
2736 -1739.29 -3270.28
2737 -3974.29 -421.768
2738 -1872.29 -3623.02
2739 -2671.29 -1409.15
2740 -738.288 -2168.15
2741 -741.288 -1724.3
2742 -1953.29 -2929.11
2743 -1449.29 -184.338
2744 -4261.29 1.44193
2745 -3912.29 -835.138
2746 -2587.29 -2621.17
2747 -2917.29 -2106.78
2748 -1012.29 -1087.42
2749 -761.288 -741.538
2750 -1818.29 -546.318
2751 -1461.29 -1903.09
2752 -950.288 -347.988
2753 2.71193 -704.058
2754 -2684.29 -2493.77
2755 -3774.29 -1392.3
2756 -2261.29 -2073.99
2757 -2005.29 -1564.03
2758 -1973.29 -2694.03
2759 -3752.29 -1008.17
2760 -2517.29 -915.358
2761 -1389.29 -111.108
2762 -3458.29 -108.178
2763 -354.288 -255.338
2764 -2966.29 -1830.94
2765 -3108.29 -2864.16
2766 -331.288 -3131.63
2767 -830.288 -404.028
2768 -3521.29 -809.288
2769 -897.288 -71.2881
2770 -290.288 -3102.95
2771 -2117.29 -431.648
2772 -2702.29 -877.358
2773 -1308.29 -2475.18
2774 -2120.29 -2891.22
2775 -2373.29 -220.158
2776 -4187.29 -42.3081
2777 -2231.29 -1613.29
2778 -1585.29 -2113.34
2779 -1327.29 -715.278
2780 -1522.29 -2011.69
2781 -797.288 -3060.72
2782 -2521.29 -2153.86
2783 -4234.29 -304.088
2784 -276.288 -4256.5
2785 -431.288 -4015.4
2786 -3319.29 -1001.63
2787 -938.288 -2730.53
2788 -1214.29 -4058.9
2789 -3186.29 -1500.56
2790 -4100.29 -385.228
2791 -461.288 -1840.36
2792 -2838.29 -1552.66
2793 -1866.29 -1951.7
2794 -4125.29 -421.948
2795 -1463.29 -1282.46
2796 -117.288 -742.588
2797 -1017.29 -3657.62
2798 -1708.29 -3832.6
2799 -1169.29 -1033.78
2800 -3898.29 -994.748
2801 -371.288 -521.208
2802 -1971.29 -1302.36
2803 -2450.29 -789.018
2804 -1376.29 -2341.63
2805 -3314.29 -793.038
2806 -407.288 -186.488
2807 -1948.29 -3254.59
2808 16.7119 -2651.23
2809 -157.288 -3493.8
2810 -3801.29 -1488.92
2811 -3272.29 -490.478
2812 -1701.29 -3017.11
2813 -1100.29 -2256.61
2814 -2029.29 -834.468
2815 -2188.29 -3640.46
2816 -665.288 -3417.71
2817 -2356.29 -847.248
2818 -663.288 -2182.6
2819 -3642.29 -971.508
2820 -2931.29 -2567.03
2821 -5.28807 -752.268
2822 -4247.29 -498.128
2823 -99.2881 -1905.32
2824 -3589.29 -2113.8
2825 -828.288 -179.198
2826 -4002.29 -383.568
2827 -1548.29 -1504.4
2828 -878.288 -3699.95
2829 -1602.29 -706.038
2830 -685.288 -2417.07
2831 -1323.29 -808.288
2832 -3143.29 -1541.83
