%%index real_part   imaginary_part
4231 4231 4231
1 25 21.25
2 19 29.35
3 2 30.5
4 33 6.26
5 23 27.26
6 5 34.68
7 8 20.45
8 7 38.02
9 31 12.99
10 34 6.22
11 38 0.92
12 18 31.03
13 22 1.37
14 3 0.98
15 12 11.74
16 10 14.69
17 39 6.49
18 5 23.53
19 32 7.5
20 19 24.67
21 36 3.84
22 35 6.04
23 2 12.43
24 26 7.45
25 14 25.32
26 8 16.04
27 5 17.38
28 19 17.47
29 16 30.42
30 37 9.4
31 36 2.48
32 9 24.67
33 29 21.66
34 21 10.53
35 37 12
36 20 11.45
37 17 26.08
38 22 26.71
39 3 21.6
40 36 10.97
41 13 30.36
42 22 30.7
43 15 12.61
44 29 5.03
45 16 2.19
46 35 18.24
47 27 5.04
48 32 14.16
49 3 38.13
50 30 25.92
51 5 38.42
52 17 4.54
53 10 35.91
54 25 8.53
55 32 8.94
56 31 24.97
57 10 25.05
58 7 11.57
59 38 8.88
60 32 11.74
61 7 34.07
62 11 16.26
63 32 2.43
64 35 11.87
65 8 22.65
66 19 10.73
67 19 6.68
68 28 21.1
69 20 6.05
70 3 36.12
71 19 17.66
72 1 14.3
73 31 2.8
74 39 6.42
75 28 1.52
76 28 16.28
77 19 13.19
78 14 2.23
79 2 18.49
80 30 17.22
81 26 6.41
82 16 0.26
83 30 22.76
84 36 12.7
85 1 21.51
86 14 27.33
87 18 4.95
88 35 0.41
89 15 29.54
90 23 2.95
91 26 4.52
92 23 15.18
93 3 6.3
94 33 20.38
95 39 3.04
96 0 20.98
97 25 20.56
98 24 10.55
99 4 0.12
100 17 35.66
101 35 9.11
102 11 19.33
103 6 39.66
104 7 14.33
105 0 15.1
106 1 19.79
107 34 15.56
108 17 19.9
109 6 34.9
110 28 23.18
111 26 11.88
112 16 5.44
113 37 13.92
114 11 18.33
115 36 4.29
116 31 20.71
117 12 0.02
118 37 0.51
119 8 2.84
120 24 8.89
121 26 12.65
122 28 8.61
123 2 31.17
124 3 5.6
125 39 4.31
126 38 7.58
127 11 18.46
128 14 4.2
129 30 1.05
130 34 0.46
131 6 13.05
132 10 18.79
133 28 1.27
134 30 10.76
135 3 11.66
136 37 13.09
137 24 17.37
138 2 0.58
139 14 5.25
140 18 1.66
141 36 13.49
142 24 4.8
143 15 35.78
144 32 8.38
145 15 24.06
146 16 32.22
147 4 25.06
148 33 10.72
149 25 11.35
150 20 16.48
151 21 30.18
152 18 22.85
153 27 6.8
154 23 7.62
155 18 21.14
156 0 21.66
157 3 30.56
158 6 26.1
159 6 19.99
160 8 10.21
161 17 5.37
162 35 12.21
163 3 29.48
164 5 35.81
165 35 9.46
166 9 35.37
167 36 5.39
168 14 14.23
169 32 4.7
170 17 35.3
171 24 19.69
172 16 3.99
173 25 18.43
174 21 1.11
175 14 28.62
176 5 3.03
177 39 6.8
178 5 4.42
179 21 21.22
180 15 0.16
181 20 21.05
182 25 0.36
183 4 0.8
184 32 19.16
185 30 22.01
186 38 3.86
187 3 18.95
188 17 5.48
189 30 17.98
190 12 26.84
191 20 6.97
192 27 16.59
193 17 20.64
194 14 29.1
195 27 26.29
196 7 27.07
197 6 32.32
198 16 16.83
199 24 23.6
200 31 16.66
201 33 11.5
202 4 18.36
203 5 39.41
204 17 2.35
205 12 13.01
206 31 14.52
207 38 9.1
208 4 1.27
209 27 24.7
210 30 16.14
211 31 9.17
212 13 4.38
213 21 18.21
214 33 1.66
215 13 22.24
216 12 26.47
217 14 11.37
218 35 7.71
219 30 17.24
220 6 13.22
221 25 9.29
222 27 20.75
223 0 11.91
224 15 26.67
225 33 4.45
226 33 20.64
227 34 1.58
228 14 31.15
229 20 18.79
230 13 21.13
231 24 14.18
232 32 8.3
233 27 3
234 2 7.37
235 16 25.08
236 12 17.54
237 38 5.39
238 9 28.3
239 22 12.36
240 9 15.95
241 13 24.82
242 31 7.47
243 0 3.18
244 15 28.72
245 37 3.48
246 38 4.01
247 38 8.02
248 12 30.25
249 2 3.34
250 3 1.31
251 14 27.75
252 5 0.84
253 6 29.66
254 26 9.48
255 23 17.15
256 3 0.36
257 37 3.54
258 36 5.9
259 24 18.51
260 2 36.22
261 31 12.52
262 3 30.7
263 15 21.07
264 15 32.09
265 13 36.1
266 20 15.4
267 17 8.25
268 16 36.03
269 24 30.43
270 11 16.47
271 38 10.46
272 35 15.08
273 33 8.71
274 10 25.77
275 2 9.64
276 39 2.74
277 37 6.75
278 24 15.72
279 34 13.91
280 13 15.28
281 2 4.74
282 20 17.91
283 11 37.96
284 35 12.95
285 39 0.98
286 34 17.5
287 5 34.3
288 18 29.98
289 13 37.08
290 7 19.28
291 24 5.27
292 2 11.41
293 34 6.98
294 25 16.88
295 9 25.99
296 28 2.43
297 25 3.88
298 15 28.28
299 5 8.82
300 16 8.76
301 0 17.7
302 26 29.25
303 32 16.36
304 35 16.58
305 16 28.03
306 6 7.21
307 2 16.88
308 14 28.36
309 18 0.8
310 16 4.79
311 31 8.45
312 23 13.08
313 5 25.1
314 36 14.7
315 32 2.12
316 39 6.72
317 15 9.77
318 30 20.39
319 6 8.25
320 37 2.14
321 20 27.83
322 7 32.14
323 3 23.02
324 2 36.61
325 14 2.79
326 33 21.65
327 16 12.16
328 13 30.61
329 6 11.61
330 24 8.7
331 6 21.83
332 22 14.61
333 32 12.92
334 12 32.78
335 30 22.5
336 5 22.02
337 5 15.32
338 17 31.61
339 34 7.71
340 14 25.68
341 30 11.67
342 5 10.78
343 15 4.58
344 20 1.13
345 20 15.24
346 3 9.46
347 19 33.26
348 39 0.23
349 30 5.63
350 34 5.92
351 5 9.99
352 7 7.51
353 11 16.64
354 12 25.66
355 27 14.38
356 6 25.38
357 26 27.72
358 16 26.41
359 30 19.08
360 15 6.02
361 24 2.9
362 20 34.95
363 28 22.11
364 39 5.39
365 15 3.73
366 23 29.4
367 32 22.3
368 23 26.55
369 6 3.55
370 1 32.34
371 14 17.6
372 4 29.52
373 12 28.92
374 25 3.14
375 1 17.52
376 37 7.37
377 3 29.69
378 13 7.11
379 21 14.04
380 2 5.08
381 37 3.86
382 8 20.01
383 8 24.92
384 8 30.15
385 19 25.82
386 1 29.45
387 2 29.25
388 9 37.74
389 9 21.95
390 8 17.7
391 27 2.57
392 20 7.9
393 39 6.93
394 14 26.12
395 37 12.56
396 0 4.26
397 34 13.2
398 39 3.15
399 24 14.87
400 10 29.64
401 9 27.83
402 21 23.63
403 8 34.11
404 17 23.29
405 26 27.78
406 12 36.05
407 7 21.12
408 36 10.18
409 17 20.5
410 10 37.54
411 18 14.02
412 32 10.05
413 3 22.63
414 0 37.87
415 22 10.02
416 23 9.24
417 5 33.65
418 27 5.45
419 28 2.77
420 14 16.34
421 7 27.26
422 19 30.94
423 18 4.87
424 5 35.95
425 9 29.95
426 1 17.48
427 18 3.85
428 25 6.73
429 8 11.25
430 0 23.51
431 27 6.64
432 7 32.12
433 21 25.14
434 37 2.09
435 31 11.31
436 15 1.98
437 30 11.86
438 5 12.48
439 34 12.1
440 36 0.15
441 17 33.97
442 15 33.07
443 15 34.2
444 0 11.83
445 25 2.93
446 6 39.72
447 9 36.13
448 36 4.9
449 0 27.45
450 31 20.71
451 29 3.46
452 22 16.39
453 24 20.19
454 19 27.1
455 29 20.35
456 6 2.38
457 5 31.41
458 26 18.2
459 14 25.78
460 3 23.59
461 11 34.42
462 4 25.32
463 7 19.72
464 2 14.87
465 18 24.25
466 39 0.47
467 31 7.33
468 26 2.08
469 32 13.25
470 18 1.33
471 13 37.44
472 11 12.98
473 38 7.69
474 38 10.52
475 8 31.73
476 3 11.71
477 35 13.47
478 24 5.23
479 0 17.78
480 10 30.9
481 4 31.21
482 17 2.27
483 14 16.75
484 35 1.58
485 0 14.54
486 11 18.13
487 30 4.63
488 23 24.88
489 12 13.81
490 0 7.32
491 15 10.56
492 24 3.7
493 3 16.08
494 5 36.75
495 26 10.56
496 37 9.42
497 9 17.54
498 10 21.36
499 9 13.05
500 14 2.82
501 11 31.38
502 7 36.62
503 1 31.11
504 30 16.85
505 4 25.43
506 10 20.99
507 19 11.74
508 22 26.54
509 34 7.67
510 2 23.72
511 35 16.99
512 35 11.05
513 6 8.37
514 21 24.87
515 2 33.87
516 9 26.06
517 5 7.69
518 8 28.78
519 32 4.7
520 36 1.76
521 13 24.86
522 16 31.64
523 32 17.98
524 39 3.98
525 17 31.53
526 30 10.93
527 32 17.37
528 10 26.58
529 14 2.43
530 38 7.69
531 10 19.67
532 15 16.08
533 8 35.95
534 6 21.2
535 5 37.54
536 29 26.31
537 0 5.25
538 35 13.04
539 35 17.66
540 2 26.44
541 19 13.25
542 17 31.24
543 2 5.39
544 34 16.37
545 2 18.32
546 18 9.65
547 32 2.33
548 13 0.4
549 8 11.11
550 33 12.45
551 6 14.62
552 16 31.06
553 19 10.24
554 23 19.66
555 30 22.65
556 10 8.62
557 10 34
558 6 36.53
559 39 5.72
560 22 9.22
561 25 30.52
562 7 17.57
563 25 17.12
564 9 34.65
565 23 23.62
566 22 1.89
567 24 13.91
568 28 13.15
569 35 6.11
570 1 10.57
571 28 22.92
572 19 25.19
573 32 8.57
574 4 37.83
575 10 14.18
576 25 4.87
577 10 19.44
578 36 6.07
579 36 3.45
580 4 1.32
581 0 5.86
582 1 5.36
583 17 22.21
584 12 18.92
585 32 21.33
586 22 1.61
587 17 17.21
588 12 9.21
589 11 8.56
590 25 17.13
591 26 26.1
592 0 39.96
593 27 18.96
594 23 24.15
595 33 8.27
596 27 15.05
597 5 4.21
598 2 7.43
599 2 20.46
600 27 17.75
601 19 5.89
602 8 7.09
603 3 28.2
604 30 10.46
605 28 9.35
606 19 2.54
607 18 8.11
608 2 2.05
609 7 6.05
610 20 29.52
611 4 11.2
612 18 30.49
613 21 4.52
614 24 1.83
615 18 7.32
616 10 36.29
617 13 24.98
618 18 9.36
619 30 21.69
620 22 21.98
621 24 10.41
622 24 6.02
623 12 21.06
624 39 6.11
625 3 23.8
626 36 1.47
627 20 6.26
628 9 4.93
629 18 7.93
630 16 15.76
631 5 37.87
632 25 4.99
633 37 3.96
634 27 1.08
635 5 35.22
636 38 7.21
637 3 4.63
638 16 14.68
639 1 15.35
640 11 4.85
641 27 5.99
642 4 1.19
643 5 25.33
644 32 3.03
645 7 16.89
646 11 24.04
647 28 0.37
648 15 0.65
649 25 15.95
650 5 25.5
651 37 0.84
652 11 24.8
653 19 12.99
654 0 28.2
655 35 5.84
656 17 8.54
657 3 17.42
658 14 13.09
659 35 15.38
660 24 27.54
661 39 4.96
662 31 1.07
663 25 2.66
664 5 7.7
665 1 6.5
666 0 14.78
667 6 0.43
668 31 14.85
669 23 4.63
670 38 2.3
671 27 12.15
672 24 26.31
673 29 7.1
674 32 21.37
675 29 15.56
676 11 30.28
677 12 21.54
678 8 22.37
679 33 10.13
680 39 5.86
681 23 9.79
682 17 23.02
683 35 18.8
684 7 10.7
685 23 3.97
686 12 28.43
687 13 16.36
688 26 26.74
689 19 10.18
690 11 4.48
691 26 7.03
692 28 26.79
693 9 4.16
694 28 22.82
695 1 30.28
696 29 7.97
697 19 11.86
698 39 6.34
699 6 14.38
700 16 12.61
701 36 4.08
702 24 8.01
703 17 34.82
704 35 15.96
705 20 28.87
706 36 13.27
707 22 30.24
708 38 10.51
709 13 34.26
710 34 16.74
711 6 0.55
712 31 11.66
713 13 0.7
714 32 16.11
715 29 7.61
716 32 5.45
717 29 26.29
718 18 21.18
719 11 5.73
720 34 7.64
721 20 5.1
722 31 15.54
723 7 25.01
724 26 15.8
725 39 5.92
726 26 26.86
727 19 7.78
728 24 11.92
729 0 36.08
730 3 15.09
731 9 20.27
732 6 1.91
733 36 7.04
734 29 6.2
735 30 13.76
736 24 30.9
737 38 10.27
738 37 1.25
739 28 9.03
740 17 34.59
741 27 20.64
742 17 17.98
743 22 5.53
744 30 7.42
745 2 17.45
746 4 28.83
747 4 11.62
748 26 6.33
749 27 7.36
750 33 6.49
751 24 2.89
752 11 5.02
753 16 11.88
754 28 23.96
755 23 24.85
756 7 17.42
757 1 1.05
758 0 37.43
759 18 26.3
760 38 7.2
761 7 28.94
762 16 6.52
763 36 1.82
764 5 29.75
765 10 9.38
766 24 10.34
767 7 27.16
768 17 0.95
769 4 7.17
770 3 27
771 34 13.5
772 22 30.56
773 35 12.83
774 11 37.66
775 13 28.41
776 18 6.93
777 35 14.94
778 25 17.44
779 29 15.82
780 39 3.99
781 20 25.96
782 26 16.99
783 12 26.75
784 26 29.68
785 32 21.89
786 28 22.98
787 31 13.63
788 14 5.99
789 26 18.58
790 25 22.11
791 19 13.03
792 4 12.87
793 38 9.01
794 31 6.27
795 3 33.02
796 18 26.55
797 38 7.16
798 26 11.62
799 31 15.52
800 11 19.35
801 33 13.51
802 34 6.85
803 34 8.4
804 36 10.12
805 10 19.01
806 4 5.02
807 24 18.8
808 29 17.02
809 22 2.72
810 1 14.17
811 34 18.12
812 33 20.73
813 8 10.79
814 35 11.2
815 24 23.18
816 15 11.77
817 22 10.41
818 34 9.88
819 2 19.5
820 21 27.32
821 11 27.77
822 34 6.08
823 17 19.75
824 10 8.91
825 27 14.44
826 9 25.74
827 16 6.82
828 7 16.84
829 21 4.34
830 24 21.97
831 25 23.12
832 7 32.79
833 33 6.41
834 7 15.87
835 24 30.68
836 32 19.47
837 37 13.06
838 15 18.55
839 34 4.18
840 6 13.81
841 22 24.07
842 35 12.18
843 9 24.54
844 14 4.03
845 21 17.59
846 20 27.98
847 23 1.27
848 37 7.76
849 21 24.44
850 4 27.17
851 25 8.36
852 16 18.62
853 14 4.72
854 29 8.8
855 2 28.68
856 14 26.04
857 35 8.21
858 14 15.17
859 36 8.28
860 20 23.69
861 19 14.72
862 7 1.62
863 12 24.44
864 11 2.25
865 0 38.07
866 22 13.05
867 35 10.1
868 0 8.41
869 14 36.89
870 2 21.76
871 9 14.36
872 32 12.85
873 17 3.58
874 2 8.85
875 19 17.74
876 14 2.3
877 6 17.73
878 25 25.5
879 9 36.36
880 35 18.1
881 35 10.69
882 27 0.9
883 0 5.39
884 31 5.14
885 9 36.05
886 23 15.38
887 1 19.75
888 15 10.51
889 6 29.77
890 16 27.25
891 31 13.43
892 15 27.5
893 28 2
894 0 38.38
895 28 4.28
896 0 11.35
897 37 6.67
898 5 28.29
899 7 36.09
900 36 12.88
901 6 17.39
902 18 3.6
903 26 17.54
904 11 15.52
905 3 8.99
906 9 15.87
907 2 19.37
908 9 2.63
909 9 34.41
910 21 22.78
911 29 20.01
912 13 36.19
913 0 18.91
914 8 37.27
915 32 20.44
916 7 16.18
917 15 14.46
918 38 6.02
919 12 26.41
920 26 26.87
921 21 25.88
922 34 0.35
923 5 31.15
924 38 1.14
925 37 0.51
926 4 8.26
927 32 10.1
928 5 18.25
929 13 8.46
930 24 10.05
931 2 30.72
932 35 6.3
933 10 20.54
934 12 23.74
935 27 19.9
936 21 32.88
937 18 32.88
938 16 32.03
939 3 3.26
940 30 15.12
941 18 21.14
942 19 5.82
943 4 21.36
944 27 3.77
945 14 11.12
946 14 25.29
947 36 0.1
948 19 15.06
949 36 0.43
950 12 2.63
951 13 1.45
952 24 14.64
953 33 0.32
954 39 3.89
955 38 2.89
956 21 12.88
957 24 19.92
958 11 15.8
959 1 18.3
960 30 17.67
961 34 5.96
962 16 33.3
963 6 25.55
964 28 4.74
965 18 33.2
966 10 36.32
967 26 19.46
968 8 32.51
969 18 27.67
970 32 8.88
971 37 6.46
972 17 24.13
973 38 4
974 25 21.71
975 10 16.07
976 39 3.25
977 4 21.35
978 35 16.62
979 11 36.96
980 37 13.41
981 16 15.79
982 5 16.34
983 25 18.73
984 38 7.55
985 21 24.3
986 3 8.5
987 36 2.2
988 15 34.67
989 0 37.6
990 10 24.03
991 8 17.29
992 8 22.72
993 17 32.35
994 14 7.6
995 11 33.23
996 1 11
997 34 4.27
998 6 1.79
999 12 17.24
1000 14 14.45
1001 35 18.3
1002 35 17.83
1003 30 18.1
1004 2 32.23
1005 11 14.93
1006 18 10.91
1007 14 9.58
1008 23 10.91
1009 13 35.49
1010 3 11.77
1011 25 19.05
1012 29 3.79
1013 4 17.15
1014 39 1.36
1015 0 10.45
1016 2 17.47
1017 15 17.29
1018 10 13.78
1019 32 3.33
1020 13 15.15
1021 18 24.31
1022 6 9.52
1023 9 31.21
1024 24 9.34
1025 10 26.47
1026 23 28.95
1027 24 6.44
1028 7 12.4
1029 0 38.38
1030 29 1
1031 3 11.11
1032 19 16.11
1033 12 32.29
1034 1 12.84
1035 34 6.94
1036 39 3.92
1037 37 0.05
1038 5 11.18
1039 26 17.41
1040 4 9.49
1041 0 24.68
1042 16 24.97
1043 32 2.23
1044 37 2.24
1045 13 24.66
1046 16 16.97
1047 9 10.75
1048 20 1.22
1049 17 11.01
1050 18 17.71
1051 27 14.58
1052 16 10.24
1053 15 36.61
1054 22 32.94
1055 34 17.98
1056 23 30.94
1057 6 27.91
1058 -3 34.31
1059 -7 2.81
1060 -7 33.8
1061 -27 24.84
1062 -29 8.29
1063 -19 22.89
1064 -11 37.16
1065 -22 27.09
1066 -0 0.89
1067 -39 0.56
1068 -33 6.87
1069 -29 9.07
1070 -1 8.23
1071 -26 11.76
1072 -9 24.24
1073 -39 5.13
1074 -7 9.86
1075 -6 32.15
1076 -27 2.45
1077 -31 21.48
1078 -14 15.62
1079 -18 8.25
1080 -31 22.8
1081 -7 33.71
1082 -2 33.58
1083 -39 5.87
1084 -37 9.48
1085 -27 12.78
1086 -3 20.05
1087 -6 8.44
1088 -21 22.78
1089 -9 23.89
1090 -4 24.55
1091 -36 3.83
1092 -1 2.59
1093 -32 7.75
1094 -21 9.22
1095 -33 6.52
1096 -34 7.92
1097 -3 24.76
1098 -22 32.54
1099 -16 21
1100 -22 17.63
1101 -10 9.77
1102 -8 20.37
1103 -22 7.49
1104 -7 2.83
1105 -10 30.31
1106 -31 24.98
1107 -27 15.92
1108 -17 14.51
1109 -39 3.79
1110 -13 0.24
1111 -3 20.79
1112 -8 8.59
1113 -28 14.71
1114 -33 13.24
1115 -11 37.68
1116 -39 4.01
1117 -25 8.59
1118 -30 17.19
1119 -28 9.57
1120 -23 27.51
1121 -1 30.94
1122 -29 0.08
1123 -38 5.59
1124 -31 8.09
1125 -38 8.36
1126 -6 31.21
1127 -35 13.54
1128 -32 4.23
1129 -5 13.46
1130 -19 3.96
1131 -34 17.38
1132 -30 0.11
1133 -17 13.4
1134 -11 31.58
1135 -10 17.86
1136 -21 6.91
1137 -32 12.1
1138 -31 6.22
1139 -9 3.62
1140 -11 27.59
1141 -18 20.17
1142 -33 9.65
1143 -32 6.65
1144 -21 9.49
1145 -3 6.4
1146 -38 5.77
1147 -11 21.48
1148 -1 5.8
1149 -0 7.24
1150 -10 4.9
1151 -30 3.51
1152 -13 36.94
1153 -34 15.36
1154 -36 10.83
1155 -18 22.47
1156 -35 15.48
1157 -17 9.8
1158 -26 26.89
1159 -5 28.07
1160 -30 5.61
1161 -39 2.88
1162 -30 3.3
1163 -16 9.31
1164 -23 4.29
1165 -35 10.53
1166 -11 10.17
1167 -25 4.05
1168 -31 10.19
1169 -13 12.27
1170 -14 10.44
1171 -35 1.01
1172 -12 34.92
1173 -21 25.1
1174 -13 37.79
1175 -37 11.23
1176 -20 2.17
1177 -24 23.3
1178 -39 5
1179 -2 20.62
1180 -1 6.69
1181 -8 3.53
1182 -7 7.25
1183 -30 25.98
1184 -36 4.03
1185 -26 16.02
1186 -27 6.53
1187 -4 5.92
1188 -17 17.85
1189 -22 20.3
1190 -36 7.72
1191 -25 8.56
1192 -9 29.69
1193 -19 26.4
1194 -2 25.01
1195 -15 36.03
1196 -2 24.23
1197 -8 27.09
1198 -8 24.18
1199 -8 5.44
1200 -34 18.86
1201 -6 29.73
1202 -39 6.02
1203 -5 15.36
1204 -20 26.2
1205 -38 8.56
1206 -32 14.23
1207 -33 18.33
1208 -25 14.52
1209 -33 10.19
1210 -25 16.28
1211 -22 23.27
1212 -23 7.83
1213 -29 20.51
1214 -13 33.97
1215 -27 15.27
1216 -23 12.46
1217 -21 13.74
1218 -20 25.18
1219 -30 10.4
1220 -30 7.8
1221 -17 11.82
1222 -35 0.62
1223 -7 5
1224 -6 38.41
1225 -39 6.71
1226 -1 30.94
1227 -10 3.25
1228 -29 25.39
1229 -8 7.82
1230 -28 22.28
1231 -2 37.23
1232 -6 22.15
1233 -17 18.26
1234 -33 7.59
1235 -27 27.76
1236 -19 27.16
1237 -38 6.47
1238 -38 6.78
1239 -27 23.44
1240 -31 10.19
1241 -27 2.92
1242 -25 6.69
1243 -9 8.94
1244 -21 32.5
1245 -16 20.49
1246 -38 5.38
1247 -5 23.56
1248 -33 1.74
1249 -22 29.39
1250 -6 18.01
1251 -35 4.77
1252 -37 2.25
1253 -24 19.95
1254 -23 22.72
1255 -31 10.74
1256 -23 23.1
1257 -39 4.08
1258 -0 14.88
1259 -22 19.93
1260 -10 13.78
1261 -14 34.2
1262 -9 27.19
1263 -36 9.22
1264 -26 22.59
1265 -13 2.32
1266 -20 13.28
1267 -9 14.78
1268 -26 26.34
1269 -5 32.09
1270 -38 9.69
1271 -24 29.01
1272 -39 1.55
1273 -29 22.11
1274 -23 1.11
1275 -4 19.86
1276 -1 4.51
1277 -26 18.1
1278 -30 5.83
1279 -5 29.68
1280 -34 6.98
1281 -0 8.54
1282 -19 15.1
1283 -24 8.85
1284 -36 13.62
1285 -6 11.54
1286 -11 30.3
1287 -15 23.1
1288 -37 5.64
1289 -34 1.33
1290 -7 21.78
1291 -39 3.2
1292 -1 36.25
1293 -3 17.52
1294 -8 7.68
1295 -0 29.54
1296 -18 34.73
1297 -1 31.49
1298 -3 39.45
1299 -34 13.79
1300 -7 19.81
1301 -25 3.9
1302 -23 24.4
1303 -21 1.01
1304 -36 12.27
1305 -34 16.35
1306 -37 1.05
1307 -35 10.39
1308 -10 8.9
1309 -31 9.91
1310 -38 1.63
1311 -5 7.29
1312 -16 29.06
1313 -38 2.71
1314 -24 26.65
1315 -2 8.63
1316 -18 17.87
1317 -34 8.13
1318 -19 3.07
1319 -6 20.87
1320 -14 11.52
1321 -2 12.91
1322 -17 6.3
1323 -10 13.4
1324 -20 13.73
1325 -31 4.31
1326 -9 29.28
1327 -12 13.77
1328 -27 3.42
1329 -21 6.43
1330 -19 22.03
1331 -26 13.57
1332 -3 2.6
1333 -23 24.74
1334 -19 21.89
1335 -14 20.05
1336 -14 11.88
1337 -37 7.51
1338 -38 6.79
1339 -3 38.91
1340 -25 16.26
1341 -14 28.94
1342 -15 8.38
1343 -11 33.94
1344 -20 9.72
1345 -37 8.4
1346 -8 4.43
1347 -29 16.23
1348 -36 12.24
1349 -9 32.27
1350 -34 0.63
1351 -33 13.6
1352 -32 15.82
1353 -23 16.22
1354 -21 11.07
1355 -25 2.66
1356 -13 6.39
1357 -0 5.4
1358 -9 28.84
1359 -14 19.1
1360 -28 23.23
1361 -22 20.88
1362 -27 24.03
1363 -31 7.75
1364 -8 28.13
1365 -14 32.94
1366 -16 26.87
1367 -34 2.28
1368 -29 13.17
1369 -31 23.31
1370 -36 12.68
1371 -9 32.1
1372 -8 7.62
1373 -30 7.37
1374 -6 38.37
1375 -39 4.06
1376 -0 34.53
1377 -15 33.79
1378 -9 21.58
1379 -34 12.37
1380 -31 14.09
1381 -3 12.48
1382 -8 15.89
1383 -8 17.18
1384 -38 1.31
1385 -1 22.35
1386 -0 14.02
1387 -37 9.6
1388 -4 19.47
1389 -9 34.62
1390 -16 36.49
1391 -29 1.97
1392 -14 34.16
1393 -36 1.63
1394 -34 15.83
1395 -32 11.46
1396 -24 31.87
1397 -26 21.92
1398 -16 36.74
1399 -22 17.87
1400 -26 16.15
1401 -34 4.58
1402 -18 26.71
1403 -18 1.34
1404 -10 35.67
1405 -17 27.07
1406 -36 6.18
1407 -4 13.23
1408 -34 18.8
1409 -18 26.6
1410 -15 32.91
1411 -6 19.59
1412 -30 9.04
1413 -24 19.59
1414 -19 15.66
1415 -6 10.37
1416 -14 29.2
1417 -15 30.04
1418 -23 31.13
1419 -38 0.13
1420 -20 32.87
1421 -20 0.49
1422 -5 27.76
1423 -4 31.91
1424 -9 32.62
1425 -12 8.24
1426 -25 6.1
1427 -24 3.36
1428 -35 17.88
1429 -15 34.46
1430 -6 30.93
1431 -3 17.4
1432 -5 7.3
1433 -36 7.08
1434 -3 0.35
1435 -21 29.75
1436 -2 23.94
1437 -16 30.8
1438 -10 37
1439 -23 10.79
1440 -3 32.27
1441 -4 16.68
1442 -38 3.4
1443 -36 0.05
1444 -20 9.51
1445 -31 7.38
1446 -24 31.86
1447 -39 4.61
1448 -36 1.27
1449 -9 17.11
1450 -22 17.43
1451 -38 9.37
1452 -17 22.15
1453 -9 1.59
1454 -27 26.92
1455 -31 24.3
1456 -12 7.47
1457 -11 16.1
1458 -7 10.07
1459 -27 1.19
1460 -11 32.18
1461 -37 9.07
1462 -36 7.88
1463 -9 17.24
1464 -16 7.38
1465 -7 21.3
1466 -1 31.25
1467 -7 25.7
1468 -12 27.36
1469 -22 3.6
1470 -1 11.73
1471 -22 9.53
1472 -32 7.93
1473 -15 16.11
1474 -33 6.82
1475 -10 22.64
1476 -12 36.87
1477 -31 8.6
1478 -28 14.4
1479 -24 18.44
1480 -19 16.71
1481 -34 18.12
1482 -28 25.94
1483 -15 31.93
1484 -2 17.17
1485 -33 19.15
1486 -2 26.47
1487 -8 0.14
1488 -1 11.35
1489 -25 14.46
1490 -9 1.07
1491 -30 14.21
1492 -26 15.33
1493 -21 33.74
1494 -14 5.17
1495 -10 3.05
1496 -20 10.45
1497 -29 16.89
1498 -31 8.04
1499 -34 2.73
1500 -33 5.39
1501 -29 3.67
1502 -26 17.09
1503 -13 1.79
1504 -5 39.1
1505 -5 4.14
1506 -17 11.87
1507 -28 25.16
1508 -1 1.21
1509 -10 15.47
1510 -39 6.61
1511 -32 17.79
1512 -18 13.73
1513 -20 21.49
1514 -10 0.06
1515 -34 9.03
1516 -25 12.63
1517 -23 14.32
1518 -5 13.08
1519 -31 4.22
1520 -19 7.89
1521 -8 24.88
1522 -16 7.76
1523 -24 26.97
1524 -38 10.47
1525 -24 7.89
1526 -8 1.48
1527 -0 22.18
1528 -22 18.93
1529 -19 27.52
1530 -19 22.93
1531 -27 24.45
1532 -29 25.82
1533 -17 24.34
1534 -31 24.4
1535 -36 14.1
1536 -29 18.44
1537 -30 23.58
1538 -33 2.55
1539 -15 29.23
1540 -34 9.52
1541 -12 31.62
1542 -0 8.84
1543 -12 27.74
1544 -17 13.51
1545 -6 26.77
1546 -4 23.86
1547 -34 1.05
1548 -28 12.03
1549 -19 1.59
1550 -35 2.47
1551 -21 28.25
1552 -12 27.72
1553 -23 10.17
1554 -19 10.9
1555 -20 9.33
1556 -22 3.04
1557 -7 37.95
1558 -28 21.31
1559 -29 16.18
1560 -2 31.48
1561 -27 28.78
1562 -14 2.21
1563 -24 2.02
1564 -16 20.75
1565 -14 17.71
1566 -3 34.35
1567 -28 13.67
1568 -39 0.83
1569 -4 1.38
1570 -26 1.76
1571 -23 32.2
1572 -0 4.22
1573 -15 23.2
1574 -33 16.37
1575 -10 13.87
1576 -25 10.37
1577 -26 24.71
1578 -10 21.02
1579 -33 17.86
1580 -37 6.87
1581 -30 22
1582 -35 6.58
1583 -39 6.34
1584 -14 1.03
1585 -5 19.2
1586 -11 25.48
1587 -0 2.11
1588 -3 26.08
1589 -24 8.76
1590 -5 26.74
1591 -24 13.82
1592 -24 0.82
1593 -13 8.74
1594 -4 16.78
1595 -13 25.61
1596 -38 0.23
1597 -34 10.93
1598 -13 2.33
1599 -27 0.79
1600 -29 2.52
1601 -19 4.2
1602 -13 36.92
1603 -12 15.76
1604 -12 36.68
1605 -12 26.49
1606 -22 24.68
1607 -31 9.58
1608 -30 2.36
1609 -33 3.86
1610 -34 11.98
1611 -28 8.32
1612 -33 20.62
1613 -17 24.06
1614 -7 33.05
1615 -18 20.36
1616 -29 14.89
1617 -37 7.62
1618 -33 4.41
1619 -18 16.85
1620 -29 15.43
1621 -14 23.03
1622 -3 35.65
1623 -2 18.66
1624 -33 15.47
1625 -12 0.68
1626 -25 7.52
1627 -12 2.18
1628 -6 24.3
1629 -16 35.14
1630 -27 22.14
1631 -10 36.48
1632 -24 13.59
1633 -11 31.37
1634 -0 23.01
1635 -23 31.09
1636 -36 10.09
1637 -25 12.12
1638 -35 18.27
1639 -18 15.8
1640 -14 24.82
1641 -8 8.19
1642 -15 21.53
1643 -17 12.53
1644 -35 13.13
1645 -27 11.74
1646 -20 34.7
1647 -22 22.36
1648 -29 9.33
1649 -13 9.82
1650 -7 36.48
1651 -11 20.35
1652 -10 7.08
1653 -27 4.85
1654 -15 30.77
1655 -17 34.61
1656 -20 17.66
1657 -20 6.47
1658 -31 21.69
1659 -0 23.06
1660 -15 21.2
1661 -32 5.15
1662 -10 36.54
1663 -31 8.71
1664 -0 10.76
1665 -13 15.27
1666 -17 24.97
1667 -34 5.87
1668 -5 2.62
1669 -24 16.93
1670 -19 29.41
1671 -34 2.51
1672 -19 18.87
1673 -18 24.82
1674 -36 11.99
1675 -28 12.91
1676 -39 5.72
1677 -38 10.61
1678 -27 2.61
1679 -24 12.67
1680 -10 27.9
1681 -26 0.67
1682 -7 12.6
1683 -6 22.44
1684 -34 16.3
1685 -9 17.14
1686 -23 11.44
1687 -37 4.83
1688 -11 4.16
1689 -5 10.39
1690 -27 8.06
1691 -3 29.38
1692 -38 1.41
1693 -11 6.57
1694 -23 25.35
1695 -4 35.45
1696 -17 6.22
1697 -12 32.64
1698 -3 0.18
1699 -21 17.57
1700 -0 23.02
1701 -3 3.75
1702 -26 17.93
1703 -18 16.29
1704 -1 37.76
1705 -29 0.28
1706 -34 1.04
1707 -38 3.64
1708 -25 12.21
1709 -34 19
1710 -28 21.98
1711 -25 29.86
1712 -13 5.09
1713 -22 0.56
1714 -39 1.63
1715 -5 38.31
1716 -18 26.41
1717 -7 20.64
1718 -34 20.17
1719 -26 13.95
1720 -25 3.67
1721 -15 20.31
1722 -31 2.45
1723 -36 14.68
1724 -6 2.7
1725 -1 22.74
1726 -20 30.66
1727 -0 11.93
1728 -8 36.63
1729 -1 34.07
1730 -18 33.19
1731 -31 6.96
1732 -32 21.98
1733 -33 1.46
1734 -15 34.11
1735 -13 19.61
1736 -10 25.68
1737 -12 6.01
1738 -33 4.4
1739 -1 26.31
1740 -22 6.42
1741 -25 27.35
1742 -21 26.18
1743 -20 25.89
1744 -33 1.82
1745 -28 27.63
1746 -13 13.39
1747 -32 15.65
1748 -9 28.77
1749 -23 26.57
1750 -28 27.56
1751 -18 35.18
1752 -16 36.62
1753 -31 11.89
1754 -15 34.92
1755 -32 4.69
1756 -27 8.29
1757 -24 8.48
1758 -27 4.85
1759 -29 8.32
1760 -19 34.89
1761 -16 14.72
1762 -21 33.6
1763 -29 17.7
1764 -17 16.52
1765 -7 35.77
1766 -8 3.97
1767 -27 5.84
1768 -32 6.18
1769 -25 4.19
1770 -2 24.97
1771 -28 11.49
1772 -18 16.93
1773 -29 26.26
1774 -18 9.38
1775 -10 36.49
1776 -20 1.06
1777 -21 1.61
1778 -26 19.62
1779 -31 24.55
1780 -14 14.11
1781 -32 1.74
1782 -0 33.79
1783 -38 1.72
1784 -29 23.35
1785 -23 16.64
1786 -24 31.32
1787 -13 25.62
1788 -25 21.15
1789 -0 33.55
1790 -5 22.51
1791 -24 1.85
1792 -29 14.77
1793 -26 1.76
1794 -39 2.3
1795 -3 24.05
1796 -33 9.16
1797 -19 12.53
1798 -7 5.89
1799 -18 23.97
1800 -16 11.21
1801 -21 17.6
1802 -13 0.26
1803 -34 8.3
1804 -13 31.15
1805 -25 18.99
1806 -6 6.41
1807 -36 11.27
1808 -38 4.83
1809 -35 9.09
1810 -25 10.39
1811 -34 15.58
1812 -27 15.93
1813 -3 29.54
1814 -14 4.41
1815 -23 17.1
1816 -15 8.16
1817 -30 0.2
1818 -15 36.45
1819 -11 11.88
1820 -12 15.88
1821 -39 6.3
1822 -30 4.76
1823 -37 3
1824 -11 33.13
1825 -10 26.76
1826 -32 14.76
1827 -6 16.59
1828 -2 30.49
1829 -5 4.56
1830 -23 0.69
1831 -7 35.58
1832 -17 6.37
1833 -10 22.32
1834 -14 0.81
1835 -13 10.98
1836 -10 21.12
1837 -28 15.52
1838 -0 7.38
1839 -4 6.51
1840 -11 8.14
1841 -39 0.55
1842 -3 17.65
1843 -6 33.65
1844 -7 24.31
1845 -21 29.1
1846 -32 1.88
1847 -20 15.9
1848 -18 23.5
1849 -34 14.64
1850 -4 30.47
1851 -3 34.06
1852 -20 8.43
1853 -38 6
1854 -1 13.62
1855 -24 24.84
1856 -9 16.83
1857 -39 2.72
1858 -21 31.57
1859 -17 20.68
1860 -9 26.1
1861 -10 4.93
1862 -19 33.02
1863 -35 5.29
1864 -4 37.1
1865 -13 8.88
1866 -37 0.08
1867 -14 22.69
1868 -32 4.04
1869 -30 25.85
1870 -39 2.26
1871 -30 0.48
1872 -29 9.61
1873 -12 18.1
1874 -11 24.61
1875 -30 2.6
1876 -11 7.12
1877 -5 0.22
1878 -14 27.41
1879 -11 12.19
1880 -31 12.45
1881 -19 9.08
1882 -25 4.06
1883 -38 0.09
1884 -30 5
1885 -35 3.29
1886 -18 18.17
1887 -29 15.87
1888 -30 3.53
1889 -10 14.01
1890 -6 18.32
1891 -13 19.38
1892 -25 21.19
1893 -32 5.11
1894 -20 10.64
1895 -10 14.63
1896 -21 1.9
1897 -23 26.66
1898 -8 31.01
1899 -16 15.58
1900 -33 13.23
1901 -20 17.31
1902 -20 13.21
1903 -11 13.22
1904 -27 18.73
1905 -4 17.93
1906 -5 11.37
1907 -3 9.02
1908 -28 23.96
1909 -14 18.2
1910 -0 34.96
1911 -3 39.73
1912 -38 3.07
1913 -11 10.86
1914 -0 4.67
1915 -5 36.66
1916 -22 24.37
1917 -29 1.34
1918 -10 16.2
1919 -37 12.37
1920 -5 4.81
1921 -31 21.03
1922 -10 33.66
1923 -25 12.79
1924 -22 27.71
1925 -39 3.74
1926 -8 14.35
1927 -27 9.06
1928 -22 21.39
1929 -5 16.54
1930 -18 0.9
1931 -32 22.01
1932 -19 24.22
1933 -27 1.89
1934 -14 15.44
1935 -27 3.4
1936 -25 4.1
1937 -15 1.48
1938 -36 3
1939 -27 1.91
1940 -24 31.78
1941 -25 3.92
1942 -13 22.13
1943 -30 21.07
1944 -4 29.95
1945 -34 13.14
1946 -37 3.86
1947 -7 11.68
1948 -8 11.55
1949 -38 0.03
1950 -19 5.37
1951 -35 14.77
1952 -19 17.9
1953 -25 11.75
1954 -2 22.04
1955 -18 12.66
1956 -22 6.84
1957 -10 15.48
1958 -9 0.13
1959 -7 35.05
1960 -28 17.21
1961 -19 16.98
1962 -28 17.87
1963 -26 26.68
1964 -14 10.76
1965 -3 39.93
1966 -25 21.7
1967 -22 4.64
1968 -32 12.47
1969 -12 9.55
1970 -11 33.1
1971 -13 27.86
1972 -26 25.84
1973 -6 13.95
1974 -17 28.93
1975 -0 25.57
1976 -15 33.72
1977 -7 37.75
1978 -31 17.26
1979 -15 14.05
1980 -34 3.71
1981 -30 12.2
1982 -1 5.73
1983 -24 17.54
1984 -12 18.28
1985 -21 27.76
1986 -19 31.34
1987 -34 12.85
1988 -10 30
1989 -33 12.19
1990 -13 25.85
1991 -9 20.6
1992 -37 4.88
1993 -7 20.68
1994 -34 15.83
1995 -25 23.69
1996 -26 9.28
1997 -9 15.47
1998 -21 6.25
1999 -13 20.25
2000 -14 11.66
2001 -1 21.45
2002 -21 2.67
2003 -22 18.23
2004 -27 16.15
2005 -35 7.61
2006 -1 27.24
2007 -13 13.1
2008 -12 4.61
2009 -11 30.79
2010 -36 11.56
2011 -28 13.02
2012 -4 21.89
2013 -1 5.37
2014 -14 22.07
2015 -35 5.2
2016 -33 17.16
2017 -37 5.26
2018 -24 9
2019 -30 12.03
2020 -27 27.45
2021 -36 11.2
2022 -21 30.9
2023 -11 10.33
2024 -23 28.14
2025 -32 2.99
2026 -2 8.12
2027 -1 38.07
2028 -33 11.54
2029 -16 25.2
2030 -1 12.11
2031 -20 10.35
2032 -0 36.1
2033 -1 12.16
2034 -30 4.63
2035 -19 31.29
2036 -8 9.88
2037 -30 17.81
2038 -18 22.33
2039 -7 34.81
2040 -39 5.31
2041 -12 3.21
2042 -4 8.85
2043 -0 31.97
2044 -39 3.77
2045 -37 10.01
2046 -20 3.1
2047 -36 16.2
2048 -20 16.49
2049 -28 18.82
2050 -13 25.6
2051 -11 25.73
2052 -8 18.13
2053 -35 5.26
2054 -18 24.74
2055 -19 25.97
2056 -25 19.91
2057 -19 24.49
2058 -36 6.99
2059 -19 23.67
2060 -28 7.68
2061 -28 3.21
2062 -10 22.56
2063 -13 1.5
2064 -6 2.82
2065 -32 19.71
2066 -2 9.96
2067 -16 20.9
2068 -21 12.03
2069 -28 17.6
2070 -37 12.79
2071 -9 15.83
2072 -30 24.28
2073 -4 34.98
2074 -0 1.35
2075 -5 26.6
2076 -24 31.86
2077 -21 20.34
2078 -2 0.75
2079 -17 6
2080 -29 19.21
2081 -3 1.51
2082 -29 4.2
2083 -33 7.31
2084 -15 16.61
2085 -11 4.53
2086 -20 0
2087 -28 7.62
2088 -1 34.72
2089 -12 31.13
2090 -0 1.77
2091 -5 0.64
2092 -3 25.07
2093 -10 9.58
2094 -14 14.39
2095 -38 6.43
2096 -21 4.82
2097 -26 18.82
2098 -14 11.39
2099 -13 22.29
2100 -32 18.56
2101 -2 38.44
2102 -29 26.22
2103 -6 1.9
2104 -15 1.18
2105 -15 5.55
2106 -27 13.8
2107 -31 5.11
2108 -39 4.73
2109 -21 1.73
2110 -13 23.79
2111 -8 27.26
2112 -13 31.14
2113 -28 6.67
2114 -5 28.74
2115 -9 18.57
2116 10 -13.83
2117 33 -12.39
2118 26 -15.59
2119 21 -5.53
2120 9 -30.36
2121 8 -8.29
2122 17 -0.31
2123 12 -4.08
2124 24 -25.13
2125 14 -5.69
2126 12 -31.02
2127 7 -33.58
2128 9 -32.08
2129 37 -1.26
2130 22 -1.26
2131 36 -14.64
2132 10 -27.89
2133 24 -26.68
2134 21 -12.37
2135 21 -24.3
2136 34 -7.81
2137 19 -27.43
2138 12 -27.51
2139 11 -36.68
2140 16 -4.37
2141 10 -16.09
2142 0 -27.37
2143 39 -0.61
2144 37 -11.96
2145 39 -0.79
2146 35 -11.75
2147 36 -14.37
2148 25 -24.52
2149 25 -23.66
2150 9 -30.26
2151 28 -19.63
2152 19 -34.6
2153 38 -10.71
2154 23 -30.62
2155 11 -4.8
2156 19 -18.81
2157 21 -20.91
2158 39 -6.12
2159 4 -21.16
2160 8 -33.44
2161 8 -37.83
2162 39 -3.44
2163 32 -3.36
2164 16 -13.77
2165 14 -21.37
2166 15 -12.55
2167 13 -1.14
2168 35 -8.11
2169 17 -11.3
2170 5 -36.29
2171 2 -4.25
2172 10 -6.55
2173 28 -6.81
2174 27 -8.73
2175 30 -6.76
2176 37 -5.5
2177 31 -16.88
2178 26 -21.84
2179 5 -33.94
2180 33 -5.31
2181 11 -17.69
2182 6 -11.84
2183 35 -2.53
2184 28 -17.73
2185 4 -12.73
2186 34 -15.98
2187 18 -33.16
2188 14 -19.19
2189 38 -4.21
2190 32 -7
2191 29 -14.09
2192 2 -26.13
2193 9 -19.48
2194 29 -4.74
2195 14 -23.62
2196 26 -10.25
2197 23 -0.44
2198 2 -20.19
2199 18 -29.1
2200 24 -31.82
2201 23 -17.98
2202 20 -11.34
2203 14 -32.86
2204 33 -17.64
2205 28 -12.97
2206 24 -2.09
2207 38 -10.18
2208 22 -30.07
2209 6 -25.71
2210 14 -10.12
2211 34 -1.92
2212 38 -2.69
2213 16 -22.52
2214 28 -6.34
2215 22 -21.32
2216 8 -33.97
2217 30 -25.01
2218 23 -27.97
2219 7 -29.88
2220 1 -3.47
2221 25 -11.78
2222 37 -7.43
2223 36 -6.31
2224 31 -6.15
2225 23 -8.37
2226 7 -23.89
2227 29 -12.17
2228 18 -15.65
2229 29 -2.99
2230 0 -35.31
2231 3 -39.68
2232 1 -10.66
2233 21 -16.64
2234 23 -18.09
2235 33 -9.76
2236 16 -18.38
2237 34 -14.65
2238 34 -4.03
2239 17 -19.37
2240 18 -1.52
2241 14 -4.97
2242 33 -12.03
2243 15 -0.03
2244 8 -13.84
2245 2 -11.2
2246 8 -6.86
2247 1 -8.01
2248 32 -2.62
2249 25 -20.67
2250 11 -15.7
2251 23 -10.8
2252 21 -14.98
2253 25 -9.95
2254 1 -15.94
2255 32 -23.71
2256 26 -8.06
2257 28 -0.91
2258 9 -38.35
2259 15 -23.29
2260 32 -2.97
2261 10 -19.92
2262 15 -10.43
2263 33 -2.39
2264 25 -20.58
2265 6 -28.29
2266 21 -13.5
2267 1 -26.42
2268 0 -20.58
2269 17 -15.53
2270 13 -31.69
2271 36 -14.51
2272 7 -4.96
2273 3 -16.88
2274 12 -16.9
2275 17 -12.04
2276 19 -23.19
2277 28 -4.75
2278 22 -9.41
2279 26 -25.2
2280 31 -12.73
2281 21 -25.32
2282 15 -5.14
2283 14 -26.27
2284 32 -14.63
2285 0 -8.77
2286 24 -17.56
2287 21 -5.11
2288 12 -21.76
2289 39 -5.36
2290 26 -1.69
2291 12 -2.05
2292 28 -26.4
2293 0 -4.03
2294 21 -19.47
2295 35 -5.33
2296 12 -7.28
2297 25 -13.99
2298 22 -20.92
2299 26 -13.66
2300 15 -12.58
2301 36 -14.4
2302 6 -15.77
2303 31 -17.7
2304 33 -1.03
2305 27 -9.19
2306 32 -21.51
2307 24 -18.12
2308 32 -0.57
2309 7 -36.25
2310 36 -6.94
2311 18 -14.8
2312 2 -28.76
2313 19 -9.16
2314 20 -4.57
2315 15 -23.75
2316 15 -26.31
2317 27 -6.81
2318 28 -25.71
2319 31 -2.13
2320 34 -6.1
2321 32 -16.98
2322 2 -14.08
2323 22 -31.06
2324 17 -32.3
2325 31 -16.73
2326 16 -32.42
2327 5 -8.51
2328 30 -17.36
2329 27 -13.9
2330 13 -30.02
2331 37 -11.08
2332 13 -11.85
2333 1 -27.93
2334 36 -3.45
2335 6 -37.82
2336 35 -10.9
2337 32 -8.69
2338 39 -3.94
2339 15 -28.16
2340 36 -7.07
2341 22 -29.53
2342 1 -17.47
2343 24 -24.71
2344 4 -19.23
2345 1 -27.29
2346 6 -24.3
2347 30 -16.11
2348 15 -17.31
2349 5 -37.23
2350 8 -24.63
2351 17 -12.36
2352 34 -7.89
2353 25 -11.53
2354 24 -10.33
2355 1 -38.6
2356 0 -38.15
2357 25 -22.41
2358 35 -4.69
2359 24 -29.99
2360 5 -37.77
2361 0 -35.71
2362 7 -27.7
2363 14 -0.75
2364 14 -24.91
2365 10 -7.82
2366 15 -10.08
2367 18 -18.09
2368 37 -6.76
2369 34 -9.33
2370 29 -9.87
2371 26 -5.01
2372 3 -39.63
2373 14 -28.18
2374 5 -17.58
2375 29 -4.3
2376 15 -20.49
2377 21 -19.42
2378 20 -11.87
2379 29 -18.74
2380 39 -5.2
2381 8 -27.34
2382 20 -19.27
2383 15 -3.29
2384 15 -7.09
2385 23 -27.64
2386 28 -11.61
2387 25 -23.51
2388 4 -17.59
2389 21 -8.09
2390 37 -4.9
2391 19 -19.04
2392 32 -19.92
2393 18 -3.64
2394 20 -24.68
2395 30 -14.59
2396 0 -39.98
2397 25 -3.2
2398 17 -6.4
2399 29 -22.32
2400 9 -25.64
2401 36 -10.49
2402 37 -0.13
2403 21 -12.02
2404 12 -32.74
2405 3 -0.41
2406 37 -10.55
2407 5 -17.09
2408 7 -12.44
2409 33 -13.79
2410 32 -18.15
2411 38 -8.52
2412 13 -27.35
2413 4 -15.91
2414 15 -9.73
2415 15 -33.76
2416 30 -9.24
2417 6 -26.67
2418 17 -3.79
2419 21 -31.1
2420 13 -3.85
2421 31 -22.7
2422 0 -29.49
2423 39 -3.39
2424 13 -21.04
2425 19 -26.57
2426 39 -5.09
2427 21 -12.85
2428 25 -2.85
2429 28 -15.2
2430 10 -0.03
2431 9 -12
2432 7 -22.75
2433 28 -4.65
2434 34 -2.89
2435 7 -36.07
2436 26 -26.3
2437 18 -6.18
2438 19 -13.09
2439 18 -14.24
2440 34 -17.29
2441 21 -5.85
2442 30 -8.42
2443 30 -13.35
2444 27 -18.98
2445 8 -26.38
2446 14 -24.57
2447 30 -1.81
2448 24 -20.1
2449 38 -0.38
2450 12 -5.25
2451 17 -32.78
2452 36 -2.75
2453 17 -22.87
2454 37 -1.07
2455 32 -13.03
2456 8 -14.93
2457 8 -17.78
2458 8 -26.11
2459 6 -21.15
2460 9 -10.74
2461 25 -22.15
2462 23 -11.48
2463 37 -9.19
2464 18 -33.95
2465 17 -27.1
2466 33 -7.54
2467 21 -22.29
2468 22 -27.38
2469 36 -5.71
2470 17 -10.28
2471 34 -1.85
2472 34 -10.62
2473 15 -35.62
2474 33 -5.81
2475 29 -18.35
2476 27 -5.87
2477 10 -0.42
2478 15 -21.99
2479 1 -33.45
2480 27 -9.7
2481 16 -2.2
2482 5 -7.97
2483 9 -17.59
2484 27 -21.17
2485 30 -2.36
2486 18 -1.04
2487 13 -5.72
2488 18 -1.88
2489 6 -30.44
2490 2 -5.15
2491 31 -24.29
2492 34 -3.33
2493 32 -12.89
2494 33 -17.85
2495 27 -25.8
2496 36 -5.43
2497 0 -36.33
2498 32 -8.01
2499 12 -17.31
2500 30 -20.74
2501 7 -1.68
2502 10 -34.4
2503 12 -13
2504 8 -21.78
2505 24 -0.02
2506 6 -25.75
2507 32 -13.52
2508 1 -0.56
2509 34 -4.94
2510 1 -23.81
2511 6 -27.49
2512 24 -12.78
2513 22 -20.68
2514 39 -3.26
2515 19 -10.49
2516 20 -29.66
2517 30 -19.82
2518 6 -31.62
2519 3 -18.86
2520 13 -2.27
2521 9 -24.91
2522 35 -17.73
2523 3 -36.68
2524 1 -18.37
2525 22 -32.22
2526 18 -33.4
2527 24 -31.94
2528 18 -22.06
2529 2 -18.49
2530 33 -6.61
2531 30 -6.85
2532 39 -5.2
2533 20 -24.37
2534 15 -5.03
2535 36 -14.28
2536 2 -21.17
2537 31 -1.89
2538 30 -9.14
2539 17 -14.71
2540 32 -18.71
2541 25 -11.22
2542 11 -31.69
2543 37 -11.81
2544 8 -3.79
2545 22 -29.13
2546 13 -7.33
2547 30 -3.72
2548 25 -17.7
2549 2 -36.4
2550 25 -5.38
2551 20 -18.6
2552 35 -8.91
2553 9 -1.45
2554 38 -7.59
2555 8 -10.62
2556 10 -25.65
2557 24 -26.94
2558 27 -11.01
2559 27 -23.15
2560 13 -16.1
2561 28 -15.78
2562 15 -16.3
2563 22 -11
2564 21 -20.64
2565 33 -10.78
2566 22 -9.65
2567 18 -32.09
2568 9 -30.4
2569 34 -0.67
2570 39 -0.74
2571 29 -5.81
2572 20 -33.65
2573 15 -28.27
2574 27 -15.55
2575 34 -7.52
2576 5 -33.74
2577 10 -32.6
2578 24 -7.84
2579 12 -13.57
2580 9 -11.57
2581 36 -8.03
2582 3 -39.26
2583 33 -6.84
2584 26 -22.19
2585 3 -14.17
2586 14 -14.84
2587 19 -19.86
2588 29 -4.26
2589 25 -4.16
2590 21 -4.59
2591 0 -16.98
2592 33 -10.02
2593 30 -1.37
2594 27 -15.75
2595 7 -34.36
2596 32 -0.83
2597 19 -25.07
2598 9 -24.04
2599 31 -19.28
2600 24 -31.94
2601 5 -26.7
2602 18 -8.96
2603 16 -10.8
2604 3 -35.21
2605 8 -2.56
2606 12 -7.69
2607 35 -1.65
2608 11 -2.17
2609 14 -19.58
2610 12 -11.01
2611 26 -19.25
2612 16 -1.38
2613 32 -12.98
2614 2 -33.76
2615 38 -6.66
2616 10 -9.23
2617 8 -4.01
2618 20 -20.44
2619 21 -14.95
2620 17 -10.29
2621 31 -16.49
2622 30 -10.58
2623 26 -17.22
2624 36 -12.73
2625 32 -19.68
2626 6 -25.31
2627 13 -10.15
2628 9 -15.78
2629 33 -9.63
2630 14 -28.91
2631 30 -5.76
2632 26 -16.7
2633 37 -4.38
2634 15 -6.1
2635 13 -19.84
2636 32 -12.37
2637 14 -9.42
2638 15 -1.52
2639 16 -23.23
2640 25 -6.01
2641 12 -9.04
2642 12 -13.37
2643 39 -2.53
2644 15 -33.32
2645 16 -36.21
2646 15 -22.46
2647 38 -3.93
2648 29 -19.27
2649 32 -10.84
2650 30 -13.17
2651 20 -18.82
2652 34 -4.54
2653 36 -12.02
2654 19 -25.45
2655 5 -0.36
2656 6 -25.69
2657 20 -22.3
2658 27 -25.11
2659 23 -32.74
2660 35 -17.99
2661 16 -30.7
2662 38 -1.94
2663 36 -1.67
2664 1 -17.48
2665 23 -24.11
2666 17 -25.23
2667 5 -27.24
2668 30 -8.74
2669 6 -22.89
2670 39 -0.03
2671 37 -5.17
2672 13 -33.7
2673 7 -8.32
2674 21 -23.82
2675 26 -19.77
2676 21 -10.02
2677 19 -10.79
2678 8 -33.15
2679 38 -8.22
2680 35 -3.01
2681 25 -17.33
2682 17 -28.31
2683 9 -8.07
2684 25 -4.35
2685 8 -11.76
2686 10 -28.25
2687 13 -6.15
2688 15 -1.92
2689 7 -13.77
2690 34 -15.54
2691 6 -10.55
2692 28 -19.05
2693 27 -4.57
2694 1 -1.37
2695 39 -5.36
2696 39 -5.64
2697 1 -12.16
2698 7 -21.3
2699 15 -29.04
2700 17 -30.23
2701 0 -5.08
2702 28 -15.73
2703 35 -18.96
2704 25 -20.23
2705 25 -26.39
2706 29 -3.31
2707 27 -1.89
2708 16 -22.86
2709 6 -20.57
2710 23 -19.77
2711 6 -8.14
2712 14 -24.67
2713 22 -11.93
2714 10 -31.57
2715 38 -6.67
2716 20 -34.78
2717 7 -21.81
2718 12 -10.03
2719 29 -0.69
2720 38 -10.54
2721 1 -17.07
2722 37 -9.08
2723 36 -13.73
2724 34 -9.95
2725 23 -0.69
2726 24 -5.81
2727 24 -6.7
2728 20 -16.66
2729 4 -17.5
2730 4 -39.62
2731 10 -4.56
2732 32 -10.97
2733 9 -36.96
2734 12 -3.18
2735 26 -4.82
2736 4 -4.27
2737 29 -21.61
2738 7 -9.38
2739 7 -31.33
2740 5 -2.7
2741 2 -23.09
2742 11 -23.86
2743 12 -1.51
2744 25 -12.96
2745 14 -11.81
2746 18 -4.24
2747 29 -1.5
2748 33 -20.79
2749 7 -34.26
2750 29 -13.65
2751 0 -32.26
2752 4 -3.5
2753 27 -4.31
2754 0 -24.74
2755 4 -38.77
2756 16 -35.18
2757 18 -7.47
2758 17 -30.7
2759 11 -35.62
2760 6 -7.05
2761 15 -14.76
2762 1 -34.84
2763 19 -10.54
2764 35 -18.78
2765 32 -8.65
2766 3 -33.93
2767 3 -12.39
2768 15 -26.3
2769 10 -5.87
2770 17 -6.86
2771 4 -11.53
2772 36 -9.02
2773 13 -6.13
2774 13 -22.56
2775 7 -30.91
2776 1 -30.22
2777 20 -2.42
2778 19 -21.99
2779 36 -10.74
2780 17 -17.81
2781 31 -15.72
2782 14 -30.34
2783 11 -12.69
2784 17 -33.33
2785 36 -1.74
2786 19 -13.72
2787 19 -33.27
2788 14 -29.84
2789 21 -28.99
2790 0 -6.68
2791 23 -14.01
2792 3 -33.63
2793 35 -16.02
2794 34 -20.44
2795 28 -20.91
2796 5 -15.72
2797 15 -1.51
2798 38 -10.78
2799 0 -39.75
2800 31 -17.28
2801 1 -36.82
2802 20 -14.33
2803 9 -12.26
2804 37 -3.5
2805 38 -3.58
2806 11 -11.73
2807 31 -23.66
2808 16 -7.07
2809 20 -21.02
2810 3 -2
2811 13 -1.28
2812 12 -2.6
2813 19 -9.31
2814 38 -2.51
2815 18 -25.49
2816 31 -19.6
2817 23 -9.83
2818 25 -25.92
2819 21 -30.62
2820 15 -32.91
2821 12 -18.18
2822 24 -8.84
2823 24 -23.52
2824 23 -8.56
2825 34 -13.46
2826 36 -4.99
2827 26 -21.29
2828 11 -5.57
2829 12 -2.49
2830 0 -6.7
2831 30 -9.91
2832 2 -11.33
2833 26 -12.27
2834 38 -3.39
2835 2 -21.73
2836 11 -36.14
2837 31 -22.47
2838 18 -7.27
2839 12 -37.93
2840 3 -30.06
2841 19 -30.39
2842 38 -3.17
2843 0 -33.69
2844 34 -12.32
2845 11 -21.86
2846 35 -1.21
2847 9 -0.37
2848 7 -22.55
2849 17 -34.85
2850 35 -4.59
2851 10 -24.78
2852 33 -7.53
2853 25 -20.24
2854 0 -34.77
2855 37 -9.63
2856 36 -14.09
2857 34 -11.94
2858 6 -16.27
2859 35 -12.53
2860 39 -4.86
2861 19 -3.66
2862 0 -22.69
2863 16 -32.19
2864 16 -5.25
2865 36 -2.23
2866 4 -27.66
2867 1 -25.09
2868 31 -16.27
2869 25 -29.51
2870 16 -6.55
2871 26 -6.44
2872 24 -11.72
2873 30 -17.42
2874 39 -5.06
2875 7 -21.11
2876 24 -15.87
2877 17 -12.56
2878 8 -20.85
2879 15 -28.84
2880 10 -18.83
2881 28 -4.94
2882 1 -21.09
2883 36 -1.72
2884 8 -30.41
2885 15 -34.97
2886 28 -4.41
2887 21 -0.12
2888 14 -36.32
2889 27 -6.65
2890 30 -3.54
2891 36 -8.34
2892 13 -36.06
2893 23 -32.01
2894 31 -18.7
2895 38 -0.02
2896 34 -11.98
2897 8 -20.55
2898 39 -5.04
2899 20 -31.48
2900 18 -15.55
2901 17 -6.46
2902 29 -15.38
2903 11 -37.15
2904 2 -26.7
2905 0 -29.12
2906 16 -22.57
2907 39 -5.7
2908 35 -18.42
2909 3 -25.06
2910 12 -19.13
2911 28 -17.18
2912 11 -33.09
2913 26 -11.71
2914 25 -4.06
2915 11 -37.63
2916 33 -18.68
2917 2 -36.62
2918 18 -9.25
2919 17 -17.81
2920 35 -5.58
2921 5 -21.23
2922 7 -0.96
2923 33 -6.82
2924 18 -30.69
2925 20 -10.03
2926 22 -22.01
2927 13 -23.94
2928 30 -23.99
2929 5 -35.75
2930 37 -6.88
2931 11 -18.71
2932 36 -11.05
2933 13 -6.14
2934 10 -32.11
2935 27 -25.77
2936 1 -35.45
2937 0 -24.4
2938 21 -21.46
2939 2 -34.32
2940 15 -29.14
2941 7 -19.49
2942 15 -7.6
2943 15 -30.25
2944 12 -12.12
2945 13 -33.69
2946 20 -28.44
2947 0 -22.56
2948 29 -1.74
2949 23 -27.31
2950 37 -9.22
2951 28 -3.1
2952 19 -0.6
2953 30 -7.61
2954 6 -14.24
2955 25 -0.73
2956 38 -5.84
2957 3 -22.54
2958 36 -8.7
2959 11 -8.08
2960 23 -17.84
2961 10 -16.83
2962 0 -25.7
2963 20 -30.29
2964 16 -15.15
2965 12 -26.85
2966 37 -10.72
2967 35 -15.57
2968 13 -7.45
2969 10 -25.91
2970 9 -35.67
2971 25 -18.6
2972 3 -29.4
2973 14 -13.99
2974 30 -25.45
2975 0 -20.93
2976 2 -0.9
2977 17 -19.62
2978 20 -12.69
2979 24 -3.09
2980 16 -3.56
2981 34 -13.73
2982 29 -16.9
2983 22 -32.62
2984 7 -15.04
2985 13 -28.09
2986 3 -38.7
2987 9 -29.26
2988 2 -17.35
2989 6 -38.73
2990 0 -24.86
2991 38 -9.62
2992 16 -17.47
2993 37 -5.88
2994 28 -0.21
2995 17 -22.04
2996 17 -16.44
2997 10 -19.06
2998 26 -4.64
2999 0 -12.73
3000 9 -6.26
3001 34 -14.44
3002 28 -20.03
3003 11 -13.11
3004 18 -24.97
3005 16 -2.71
3006 15 -24.06
3007 5 -22.63
3008 14 -13.62
3009 11 -30.74
3010 15 -7.01
3011 31 -14.13
3012 17 -11.61
3013 31 -16.83
3014 25 -4.44
3015 28 -9.46
3016 30 -9.43
3017 31 -23.18
3018 26 -23.14
3019 9 -8.37
3020 3 -28.17
3021 0 -4.98
3022 24 -16.45
3023 33 -0.3
3024 0 -33.16
3025 24 -30.95
3026 17 -9.35
3027 8 -4.14
3028 8 -1.32
3029 29 -26.26
3030 16 -24.58
3031 12 -7.98
3032 1 -33.15
3033 16 -35.99
3034 21 -18.98
3035 8 -6.44
3036 35 -9.48
3037 34 -10.91
3038 6 -11.07
3039 1 -36.06
3040 24 -10.26
3041 21 -9.93
3042 1 -34.62
3043 20 -27.62
3044 6 -8.09
3045 28 -26.22
3046 19 -23.6
3047 20 -18.72
3048 28 -5.88
3049 32 -13.61
3050 38 -6.12
3051 26 -23.06
3052 1 -5
3053 37 -13.59
3054 0 -35.19
3055 5 -23.84
3056 25 -23.18
3057 17 -4.58
3058 0 -13.89
3059 20 -34.26
3060 31 -14.08
3061 20 -5.7
3062 1 -38.72
3063 23 -13.01
3064 13 -23.67
3065 22 -19.51
3066 39 -3.2
3067 37 -9.92
3068 21 -13.55
3069 31 -10.33
3070 26 -2.68
3071 37 -9.23
3072 7 -2.46
3073 13 -7.19
3074 36 -0.54
3075 38 -6.39
3076 34 -9.5
3077 29 -6.87
3078 3 -38.52
3079 0 -33.36
3080 19 -5.55
3081 19 -33.51
3082 15 -23.49
3083 3 -33.48
3084 4 -35.47
3085 1 -25.82
3086 15 -9.5
3087 25 -18.02
3088 37 -0.38
3089 14 -19.85
3090 24 -17.72
3091 4 -26.11
3092 22 -2.85
3093 30 -18.97
3094 38 -5.91
3095 25 -30.09
3096 38 -3.25
3097 20 -33.25
3098 14 -23.56
3099 34 -19.3
3100 3 -29.07
3101 32 -15.7
3102 10 -7.69
3103 25 -9.07
3104 7 -0.99
3105 24 -23.04
3106 3 -26.2
3107 35 -5.45
3108 5 -34.65
3109 35 -1.95
3110 8 -36.8
3111 37 -11.58
3112 25 -24.69
3113 4 -38.31
3114 17 -35.1
3115 1 -37.32
3116 9 -4.25
3117 23 -18.79
3118 34 -1.28
3119 18 -1.54
3120 7 -21.34
3121 18 -10.02
3122 14 -24.25
3123 19 -16.12
3124 22 -25.94
3125 39 -6.03
3126 35 -4.68
3127 21 -31.32
3128 38 -1.97
3129 36 -11.67
3130 39 -5.29
3131 20 -12.29
3132 15 -5.03
3133 28 -6.01
3134 11 -24.47
3135 27 -0.1
3136 1 -27.17
3137 12 -32.88
3138 2 -23.11
3139 12 -25.37
3140 38 -2.63
3141 32 -7.85
3142 32 -12.05
3143 37 -6.22
3144 23 -13.85
3145 29 -17.62
3146 15 -9.89
3147 31 -6.7
3148 4 -26.52
3149 23 -13.27
3150 11 -37.31
3151 9 -31.84
3152 8 -2.01
3153 12 -34.43
3154 5 -9.76
3155 12 -16.75
3156 12 -25.24
3157 20 -26.24
3158 9 -20.29
3159 18 -34.32
3160 35 -18.39
3161 7 -14.3
3162 1 -29.9
3163 32 -1.25
3164 2 -17.27
3165 5 -26.93
3166 18 -32.94
3167 10 -33.59
3168 28 -18.54
3169 14 -15.13
3170 31 -24.86
3171 20 -30.23
3172 30 -20
3173 39 -6.91
3174 -9 -31.49
3175 -16 -25.44
3176 -8 -1.23
3177 -6 -13.21
3178 -5 -28.3
3179 -7 -29.08
3180 -38 -5.52
3181 -13 -29.68
3182 -18 -1.83
3183 -27 -18.46
3184 -38 -7.81
3185 -31 -20.21
3186 -19 -3.51
3187 -16 -33.29
3188 -11 -8.95
3189 -1 -7.33
3190 -24 -26.49
3191 -9 -30.84
3192 -32 -14.56
3193 -26 -16.37
3194 -6 -37.05
3195 -37 -13.96
3196 -29 -16.03
3197 -5 -10.07
3198 -18 -9.92
3199 -6 -35.28
3200 -26 -21.17
3201 -29 -2.45
3202 -9 -11.45
3203 -7 -37.72
3204 -12 -26
3205 -25 -27.88
3206 -9 -32.87
3207 -5 -10.73
3208 -3 -8.31
3209 -30 -6.81
3210 -8 -30.6
3211 -38 -8.97
3212 -23 -32.95
3213 -36 -7.53
3214 -19 -5.62
3215 -2 -13.65
3216 -0 -32.31
3217 -3 -30.01
3218 -29 -23.9
3219 -5 -0.73
3220 -2 -7.83
3221 -22 -2.91
3222 -10 -4.87
3223 -36 -13.65
3224 -10 -9.78
3225 -6 -6.58
3226 -38 -5.76
3227 -7 -6.53
3228 -31 -6.15
3229 -7 -24.11
3230 -38 -10.89
3231 -8 -22.1
3232 -32 -2.91
3233 -23 -25.01
3234 -13 -35.88
3235 -15 -3.27
3236 -3 -9.89
3237 -10 -30.93
3238 -8 -13.86
3239 -18 -8.5
3240 -25 -12.57
3241 -28 -4.55
3242 -13 -26.67
3243 -29 -19.57
3244 -22 -8.16
3245 -0 -34.12
3246 -37 -0.48
3247 -34 -9.29
3248 -12 -15.37
3249 -3 -35.77
3250 -38 -7.1
3251 -25 -12.01
3252 -31 -5.75
3253 -15 -11.79
3254 -2 -35.05
3255 -9 -24.79
3256 -2 -21.89
3257 -34 -18.48
3258 -8 -16.43
3259 -5 -25.42
3260 -11 -10.77
3261 -35 -2.68
3262 -5 -34.29
3263 -30 -13.69
3264 -39 -1.85
3265 -27 -1.97
3266 -35 -11.52
3267 -30 -24.98
3268 -39 -2.97
3269 -17 -33.93
3270 -23 -30.58
3271 -12 -2.17
3272 -39 -2.07
3273 -25 -26.07
3274 -22 -8.22
3275 -29 -13.14
3276 -11 -18.56
3277 -34 -6.29
3278 -38 -8.36
3279 -18 -5.09
3280 -1 -19.97
3281 -26 -14.68
3282 -9 -34.08
3283 -6 -2.81
3284 -6 -26.95
3285 -34 -12.61
3286 -25 -16.47
3287 -38 -10.04
3288 -6 -24.96
3289 -23 -16.6
3290 -30 -7.65
3291 -6 -9.22
3292 -21 -25.61
3293 -11 -10.11
3294 -9 -28.01
3295 -0 -5.23
3296 -19 -11.78
3297 -23 -15
3298 -27 -21.1
3299 -21 -7.45
3300 -37 -6.08
3301 -6 -22.63
3302 -7 -18.36
3303 -39 -1.13
3304 -12 -19.83
3305 -33 -3.55
3306 -28 -12
3307 -29 -8.21
3308 -33 -0.8
3309 -5 -15.14
3310 -13 -28.05
3311 -37 -2.32
3312 -16 -18.81
3313 -13 -23.23
3314 -3 -0.66
3315 -28 -23.52
3316 -34 -9.26
3317 -7 -13.81
3318 -22 -25.87
3319 -6 -33.47
3320 -30 -6.72
3321 -22 -17.7
3322 -32 -13.31
3323 -11 -25.37
3324 -3 -7.76
3325 -3 -36.96
3326 -14 -9.93
3327 -1 -38.7
3328 -14 -23.66
3329 -25 -3.69
3330 -32 -14.13
3331 -33 -19.07
3332 -31 -7.41
3333 -20 -6.53
3334 -8 -8.87
3335 -0 -15.98
3336 -19 -27.54
3337 -0 -32.83
3338 -17 -10.11
3339 -12 -6.52
3340 -20 -14.75
3341 -21 -20.74
3342 -8 -7.82
3343 -16 -3.94
3344 -28 -0.41
3345 -15 -20.32
3346 -6 -2.89
3347 -31 -10.97
3348 -10 -6.32
3349 -10 -18.1
3350 -39 -1.03
3351 -0 -35.3
3352 -9 -10.8
3353 -13 -30.99
3354 -11 -29.85
3355 -31 -0.83
3356 -32 -16.52
3357 -9 -18.33
3358 -26 -1.05
3359 -7 -19.86
3360 -26 -20.95
3361 -19 -1.52
3362 -24 -20.1
3363 -21 -8.66
3364 -22 -7.04
3365 -36 -3.13
3366 -27 -21.36
3367 -23 -20.68
3368 -36 -10.08
3369 -7 -2.59
3370 -5 -3.19
3371 -23 -20.58
3372 -3 -1.04
3373 -31 -15.1
3374 -10 -11.7
3375 -36 -7.08
3376 -5 -39.67
3377 -13 -27.01
3378 -18 -29.14
3379 -39 -1.72
3380 -18 -11.95
3381 -38 -4.77
3382 -23 -6.81
3383 -26 -12.51
3384 -10 -18.65
3385 -11 -25.35
3386 -24 -3.06
3387 -5 -30.6
3388 -10 -6.88
3389 -10 -8.72
3390 -19 -28.18
3391 -1 -1.76
3392 -6 -18.94
3393 -30 -4.16
3394 -8 -4.49
3395 -0 -1.79
3396 -17 -32.78
3397 -16 -7.8
3398 -20 -18.54
3399 -12 -17.02
3400 -20 -17.95
3401 -29 -8.56
3402 -33 -0.35
3403 -16 -9.63
3404 -15 -19.38
3405 -8 -38.34
3406 -17 -17.69
3407 -3 -38.95
3408 -15 -15.93
3409 -23 -21.75
3410 -14 -9.03
3411 -34 -0.91
3412 -14 -2.63
3413 -24 -19.94
3414 -37 -7.08
3415 -8 -38.89
3416 -35 -2.89
3417 -6 -3.08
3418 -24 -12.62
3419 -23 -22.52
3420 -33 -19.11
3421 -26 -26.1
3422 -32 -23.01
3423 -17 -2.47
3424 -6 -8.72
3425 -15 -29.41
3426 -15 -9.29
3427 -4 -7.09
3428 -4 -4.6
3429 -15 -4.14
3430 -0 -26.55
3431 -3 -30.75
3432 -5 -34.49
3433 -23 -10.21
3434 -24 -16.07
3435 -13 -4.17
3436 -30 -15.12
3437 -19 -31.03
3438 -13 -13.88
3439 -22 -9.12
3440 -20 -8.77
3441 -33 -11.87
3442 -39 -2.89
3443 -9 -31.03
3444 -2 -34.56
3445 -37 -11.22
3446 -32 -1.21
3447 -38 -1.09
3448 -2 -35.81
3449 -2 -21.38
3450 -20 -1.56
3451 -35 -0.11
3452 -0 -38.86
3453 -26 -8.85
3454 -34 -3.68
3455 -17 -34.86
3456 -6 -0.02
3457 -34 -15.05
3458 -24 -5.23
3459 -0 -35.46
3460 -11 -8.78
3461 -28 -24.43
3462 -31 -3.66
3463 -24 -22.25
3464 -0 -7.87
3465 -4 -2.92
3466 -35 -1.19
3467 -15 -34.15
3468 -38 -3.21
3469 -0 -16.32
3470 -10 -10.5
3471 -31 -9.88
3472 -12 -1.45
3473 -5 -7.96
3474 -20 -19.05
3475 -22 -32.51
3476 -35 -9.63
3477 -27 -0.38
3478 -21 -12.51
3479 -4 -37.33
3480 -38 -2.28
3481 -26 -3.85
3482 -39 -1.81
3483 -20 -15.57
3484 -3 -8.53
3485 -22 -32.45
3486 -15 -17.13
3487 -13 -1.07
3488 -30 -7.3
3489 -16 -8.3
3490 -7 -34.5
3491 -33 -21.23
3492 -33 -15.8
3493 -13 -8.95
3494 -24 -19.77
3495 -28 -25.74
3496 -17 -16.06
3497 -0 -38.57
3498 -8 -2.12
3499 -14 -15.43
3500 -17 -17.08
3501 -8 -20.72
3502 -33 -17.73
3503 -20 -13.83
3504 -23 -8.36
3505 -25 -13.9
3506 -26 -12.99
3507 -25 -22.52
3508 -31 -19.79
3509 -27 -5.15
3510 -8 -6.27
3511 -30 -4.66
3512 -14 -32.5
3513 -3 -27.74
3514 -2 -36.89
3515 -17 -3.8
3516 -30 -15.05
3517 -12 -30.23
3518 -38 -7.84
3519 -7 -19.33
3520 -12 -14.24
3521 -3 -1.59
3522 -3 -15.41
3523 -3 -39.55
3524 -20 -24.62
3525 -10 -24.8
3526 -29 -20.6
3527 -6 -26.75
3528 -22 -13.21
3529 -9 -20.25
3530 -3 -32.66
3531 -37 -13.13
3532 -3 -19.61
3533 -16 -10.01
3534 -26 -10.95
3535 -14 -2.18
3536 -0 -4.1
3537 -29 -16.43
3538 -31 -1.92
3539 -30 -15.23
3540 -14 -12.21
3541 -15 -2.96
3542 -33 -3.02
3543 -31 -2.96
3544 -15 -10.21
3545 -33 -13.38
3546 -19 -30.3
3547 -11 -22.63
3548 -31 -17.4
3549 -16 -4.89
3550 -35 -3.03
3551 -8 -5.55
3552 -33 -2.37
3553 -31 -24.16
3554 -30 -1.01
3555 -11 -22.36
3556 -14 -21.46
3557 -32 -5.6
3558 -0 -19.04
3559 -8 -31.76
3560 -17 -30.81
3561 -34 -15.16
3562 -23 -12.18
3563 -11 -0.06
3564 -18 -33.48
3565 -16 -4.93
3566 -11 -37.04
3567 -1 -7.16
3568 -13 -11.52
3569 -4 -26.75
3570 -5 -39.27
3571 -32 -15.32
3572 -25 -27.44
3573 -12 -10.26
3574 -0 -15
3575 -34 -20.77
3576 -13 -36.2
3577 -6 -3.96
3578 -18 -13.77
3579 -2 -11.48
3580 -37 -10.98
3581 -34 -20.8
3582 -2 -39.95
3583 -28 -22.48
3584 -19 -27.32
3585 -3 -17.04
3586 -31 -12.35
3587 -28 -3.37
3588 -20 -23.8
3589 -35 -15.32
3590 -12 -8.69
3591 -30 -6.65
3592 -1 -13.56
3593 -21 -21.8
3594 -5 -22.64
3595 -0 -9.63
3596 -34 -9.74
3597 -35 -18.69
3598 -29 -8.44
3599 -37 -13.2
3600 -8 -35.4
3601 -17 -16.4
3602 -36 -12.65
3603 -17 -8.08
3604 -6 -2.44
3605 -20 -17.78
3606 -33 -0.02
3607 -4 -23.54
3608 -30 -14.57
3609 -6 -23.96
3610 -33 -5.67
3611 -31 -6.88
3612 -33 -19.06
3613 -17 -26.15
3614 -10 -7.74
3615 -15 -5.79
3616 -14 -22.12
3617 -11 -0.42
3618 -38 -3
3619 -2 -8.76
3620 -24 -16.95
3621 -6 -4.09
3622 -17 -24.02
3623 -3 -26.08
3624 -20 -32.02
3625 -36 -1.33
3626 -1 -14.19
3627 -1 -25.14
3628 -5 -27.78
3629 -1 -9.28
3630 -24 -18.17
3631 -27 -1.71
3632 -1 -20.3
3633 -25 -21.11
3634 -10 -22.68
3635 -27 -28.74
3636 -35 -3.94
3637 -3 -27.64
3638 -36 -4.98
3639 -12 -14.08
3640 -0 -30.8
3641 -22 -21.73
3642 -19 -5.15
3643 -28 -11.77
3644 -26 -22.69
3645 -25 -14.02
3646 -38 -3.64
3647 -33 -11.2
3648 -34 -19.39
3649 -31 -15.24
3650 -39 -5.71
3651 -38 -8.74
3652 -37 -8.33
3653 -38 -5.13
3654 -31 -3.63
3655 -34 -3.84
3656 -35 -7.68
3657 -17 -0.47
3658 -15 -8.97
3659 -24 -12.81
3660 -19 -15.29
3661 -4 -38.57
3662 -13 -31.09
3663 -9 -21.39
3664 -0 -37.13
3665 -3 -31.11
3666 -4 -15.13
3667 -17 -19.53
3668 -18 -11.76
3669 -26 -13.29
3670 -11 -30.92
3671 -25 -28.38
3672 -20 -25.23
3673 -5 -37.96
3674 -32 -9.09
3675 -29 -22.91
3676 -30 -2.65
3677 -21 -32.35
3678 -15 -5.3
3679 -34 -18.27
3680 -15 -22.89
3681 -39 -6.31
3682 -14 -1.76
3683 -4 -39.52
3684 -24 -31.03
3685 -34 -9.47
3686 -35 -14.99
3687 -26 -24.56
3688 -14 -20.71
3689 -4 -36.47
3690 -13 -36.33
3691 -18 -11.23
3692 -19 -17.39
3693 -39 -5.26
3694 -22 -31.33
3695 -33 -21.17
3696 -15 -7.44
3697 -1 -2.29
3698 -1 -10.85
3699 -22 -7.25
3700 -28 -27.68
3701 -13 -7.36
3702 -19 -0.11
3703 -32 -19.94
3704 -22 -15.48
3705 -1 -18.67
3706 -21 -17.31
3707 -31 -7.32
3708 -3 -11.5
3709 -18 -15.45
3710 -15 -15.64
3711 -14 -15.1
3712 -28 -6.15
3713 -12 -36.29
3714 -13 -28.26
3715 -7 -26.93
3716 -34 -17.32
3717 -9 -36.13
3718 -3 -3.21
3719 -39 -4.77
3720 -21 -23.52
3721 -5 -8.03
3722 -4 -12.36
3723 -35 -4.59
3724 -18 -6.46
3725 -24 -2.25
3726 -2 -8.7
3727 -8 -22.7
3728 -38 -0.8
3729 -12 -0.91
3730 -6 -18.59
3731 -4 -13.52
3732 -23 -28.14
3733 -5 -9.86
3734 -7 -18.25
3735 -3 -25.09
3736 -29 -15.08
3737 -24 -3.13
3738 -36 -0.51
3739 -32 -18.86
3740 -9 -21.28
3741 -32 -10.11
3742 -31 -23
3743 -34 -11.89
3744 -12 -36.86
3745 -32 -6.9
3746 -17 -10.68
3747 -2 -34.4
3748 -34 -2.59
3749 -18 -28.74
3750 -36 -1.41
3751 -23 -1.66
3752 -22 -27.99
3753 -11 -22.5
3754 -2 -38.04
3755 -17 -24.52
3756 -4 -16.49
3757 -23 -21.35
3758 -1 -24.49
3759 -16 -3.33
3760 -7 -0.6
3761 -23 -8.84
3762 -29 -8.17
3763 -16 -24.63
3764 -16 -31.06
3765 -17 -35.65
3766 -0 -18.72
3767 -31 -4.02
3768 -23 -12.62
3769 -32 -8.26
3770 -38 -6.41
3771 -38 -7.55
3772 -10 -16.93
3773 -30 -0.43
3774 -23 -23.19
3775 -8 -23.3
3776 -39 -3.51
3777 -7 -20.6
3778 -0 -16.95
3779 -4 -14.49
3780 -2 -22.13
3781 -14 -31.02
3782 -38 -7.97
3783 -16 -22.61
3784 -39 -0.6
3785 -39 -2.3
3786 -2 -33.17
3787 -25 -12.44
3788 -3 -3.27
3789 -8 -34.58
3790 -6 -8.16
3791 -0 -30.78
3792 -0 -2.07
3793 -18 -25.92
3794 -15 -9.14
3795 -1 -0.09
3796 -20 -17.07
3797 -3 -6.18
3798 -4 -29.71
3799 -31 -20.64
3800 -3 -38.71
3801 -26 -22.85
3802 -20 -27.31
3803 -2 -7.03
3804 -10 -6.22
3805 -33 -14.57
3806 -10 -9.54
3807 -15 -16.62
3808 -33 -10.25
3809 -35 -7.2
3810 -0 -17.48
3811 -9 -24.2
3812 -36 -13.92
3813 -30 -11.6
3814 -15 -25.21
3815 -36 -7.99
3816 -4 -20.22
3817 -24 -15.85
3818 -25 -8.18
3819 -0 -25.16
3820 -12 -7.54
3821 -5 -11.83
3822 -20 -29.12
3823 -17 -7.73
3824 -37 -0.04
3825 -14 -4.29
3826 -33 -7.75
3827 -9 -23.61
3828 -20 -0.39
3829 -21 -22.35
3830 -13 -26.5
3831 -14 -33.57
3832 -24 -0.71
3833 -34 -7.82
3834 -9 -22.35
3835 -30 -7.34
3836 -21 -22.75
3837 -29 -15.53
3838 -7 -31.66
3839 -6 -16.76
3840 -11 -35.72
3841 -26 -24.76
3842 -28 -27.07
3843 -17 -19.2
3844 -19 -2.1
3845 -35 -9.12
3846 -32 -10.9
3847 -1 -1.37
3848 -1 -21.16
3849 -11 -18.02
3850 -23 -16.21
3851 -16 -7.44
3852 -36 -13.05
3853 -37 -10.35
3854 -12 -28.75
3855 -23 -19.95
3856 -0 -25.69
3857 -3 -27
3858 -29 -4.12
3859 -20 -7.28
3860 -34 -0.75
3861 -0 -13.87
3862 -17 -11.61
3863 -36 -5.78
3864 -29 -8.47
3865 -21 -13.32
3866 -8 -29.69
3867 -8 -2.16
3868 -35 -4.77
3869 -23 -19.99
3870 -33 -21.66
3871 -6 -17.05
3872 -8 -11.21
3873 -5 -21.17
3874 -13 -29.77
3875 -37 -2.07
3876 -24 -0.37
3877 -26 -13.22
3878 -30 -0.22
3879 -20 -28.32
3880 -21 -26.33
3881 -24 -3.89
3882 -15 -24.93
3883 -17 -32.82
3884 -30 -1.6
3885 -33 -3.75
3886 -39 -6.79
3887 -0 -5.67
3888 -0 -26.37
3889 -36 -2.85
3890 -14 -34.33
3891 -4 -35.19
3892 -22 -19.91
3893 -1 -27.24
3894 -5 -24.93
3895 -16 -11.87
3896 -39 -3.21
3897 -8 -8.34
3898 -26 -21.86
3899 -16 -24.88
3900 -18 -8.01
3901 -24 -29.77
3902 -0 -26.96
3903 -24 -4.32
3904 -6 -33.8
3905 -29 -23
3906 -5 -37.13
3907 -11 -17.87
3908 -24 -17.64
3909 -32 -0.7
3910 -10 -34.68
3911 -9 -21.89
3912 -1 -15.37
3913 -15 -30.59
3914 -35 -0.43
3915 -28 -23.74
3916 -24 -5.64
3917 -31 -15.76
3918 -20 -2.48
3919 -0 -1.46
3920 -20 -4.29
3921 -39 -6.46
3922 -22 -7.22
3923 -5 -23.99
3924 -7 -4.97
3925 -21 -28.97
3926 -38 -9.3
3927 -18 -13.11
3928 -7 -20.13
3929 -11 -22.43
3930 -8 -0.71
3931 -9 -17.52
3932 -35 -2.72
3933 -0 -10.95
3934 -0 -30.4
3935 -34 -5.53
3936 -21 -31.45
3937 -31 -19.63
3938 -27 -3.36
3939 -34 -13.54
3940 -26 -14.87
3941 -3 -12.56
3942 -37 -13.41
3943 -7 -38.37
3944 -6 -20.9
3945 -32 -3.66
3946 -1 -14.01
3947 -30 -25.96
3948 -33 -7.5
3949 -4 -19.46
3950 -22 -15.38
3951 -39 -1.63
3952 -23 -1.02
3953 -39 -3.02
3954 -18 -27.93
3955 -37 -12.76
3956 -1 -29.12
3957 -12 -31.5
3958 -6 -26.52
3959 -27 -14.12
3960 -22 -7.19
3961 -11 -24.56
3962 -12 -28.01
3963 -12 -10.46
3964 -24 -30.48
3965 -24 -10.46
3966 -6 -24.95
3967 -10 -21.21
3968 -37 -10.89
3969 -24 -8.87
3970 -34 -12.33
3971 -4 -34.67
3972 -5 -10.48
3973 -18 -16.51
3974 -12 -37.57
3975 -16 -12.95
3976 -9 -8.47
3977 -11 -31.01
3978 -20 -13.55
3979 -19 -8.04
3980 -24 -0.43
3981 -11 -7.42
3982 -18 -2.13
3983 -36 -10.87
3984 -14 -5.92
3985 -15 -3.4
3986 -25 -3.91
3987 -28 -20.22
3988 -11 -34.78
3989 -26 -5.44
3990 -27 -24.42
3991 -11 -29.16
3992 -21 -26.94
3993 -10 -26.93
3994 -29 -18.69
3995 -38 -6.05
3996 -25 -13.01
3997 -28 -23.55
3998 -6 -14.16
3999 -3 -6.2
4000 -28 -5.7
4001 -12 -18.85
4002 -21 -2.72
4003 -19 -23.04
4004 -30 -24.85
4005 -8 -30.38
4006 -39 -5.39
4007 -6 -39.72
4008 -33 -17.76
4009 -6 -25.35
4010 -6 -11.64
4011 -20 -28.63
4012 -37 -8.4
4013 -18 -12.83
4014 -16 -1.61
4015 -15 -0.16
4016 -23 -2.67
4017 -1 -2.44
4018 -20 -3.61
4019 -21 -32.42
4020 -18 -21.49
4021 -12 -7.78
4022 -9 -36.39
4023 -30 -18.74
4024 -27 -27.16
4025 -9 -5.65
4026 -32 -11.02
4027 -8 -36.01
4028 -22 -8.47
4029 -16 -2.51
4030 -0 -17.91
4031 -27 -8.44
4032 -11 -6.21
4033 -20 -0.03
4034 -34 -4.41
4035 -17 -0.84
4036 -23 -9.3
4037 -22 -11.32
4038 -1 -39.65
4039 -18 -1.4
4040 -33 -0.68
4041 -6 -32.66
4042 -2 -11.34
4043 -39 -0.64
4044 -33 -4.56
4045 -7 -38.46
4046 -39 -4.87
4047 -10 -29.62
4048 -8 -2.82
4049 -25 -28.94
4050 -16 -36.15
4051 -38 -4.19
4052 -17 -30.93
4053 -23 -14.7
4054 -18 -11.61
4055 -30 -18.43
4056 -21 -31.16
4057 -21 -19.03
4058 -3 -15.81
4059 -0 -34.36
4060 -37 -8.87
4061 -22 -28.88
4062 -34 -17.24
4063 -31 -6.34
4064 -39 -0.68
4065 -28 -3.35
4066 -3 -16.59
4067 -14 -20.32
4068 -32 -1.09
4069 -22 -28.62
4070 -30 -20.13
4071 -5 -26.04
4072 -1 -22.67
4073 -27 -14.84
4074 -8 -7.27
4075 -33 -12.37
4076 -27 -10.07
4077 -25 -6.41
4078 -24 -15.28
4079 -16 -8.43
4080 -17 -19.56
4081 -30 -5.32
4082 -15 -5.84
4083 -25 -2.67
4084 -25 -22.67
4085 -1 -28.15
4086 -12 -26.87
4087 -19 -12.14
4088 -26 -16.79
4089 -10 -26.06
4090 -18 -15.23
4091 -15 -11.25
4092 -3 -32.72
4093 -27 -18.67
4094 -1 -30.43
4095 -2 -30.5
4096 -39 -2.92
4097 -22 -16.67
4098 -28 -13.99
4099 -6 -23.73
4100 -39 -0.68
4101 -20 -17.51
4102 -7 -33.6
4103 -17 -4.65
4104 -31 -0.68
4105 -11 -20.49
4106 -23 -31.66
4107 -15 -29.26
4108 -18 -22.42
4109 -5 -2.91
4110 -37 -0.07
4111 -13 -1.88
4112 -31 -21.28
4113 -35 -2.79
4114 -27 -9.94
4115 -32 -2.98
4116 -2 -0.93
4117 -22 -6.21
4118 -5 -31.19
4119 -26 -3.96
4120 -19 -15.09
4121 -5 -10.35
4122 -7 -27.72
4123 -21 -12.17
4124 -14 -18.59
4125 -29 -3.03
4126 -18 -22.02
4127 -24 -7.7
4128 -30 -24.51
4129 -29 -10.1
4130 -5 -30.54
4131 -28 -17.59
4132 -19 -26.1
4133 -0 -29.04
4134 -2 -24.18
4135 -12 -8.21
4136 -7 -23.49
4137 -16 -1.54
4138 -22 -14.7
4139 -32 -11.88
4140 -1 -7.33
4141 -24 -28.99
4142 -7 -37.88
4143 -21 -25.18
4144 -19 -0.71
4145 -0 -1.37
4146 -17 -29.88
4147 -16 -15.76
4148 -31 -16.29
4149 -12 -0.33
4150 -19 -28.84
4151 -6 -1.79
4152 -25 -4.15
4153 -25 -17.07
4154 -37 -2.09
4155 -28 -1.18
4156 -22 -25.92
4157 -9 -29.3
4158 -20 -29.91
4159 -20 -24.71
4160 -34 -1.8
4161 -8 -24.91
4162 -8 -17.57
4163 -39 -3.71
4164 -18 -8.51
4165 -24 -30.37
4166 -27 -23.63
4167 -16 -29.72
4168 -38 -1.02
4169 -12 -8.67
4170 -11 -22.8
4171 -17 -33.06
4172 -12 -27.06
4173 -8 -5.04
4174 -17 -11.88
4175 -15 -2.11
4176 -8 -6.36
4177 -14 -28.88
4178 -33 -19.73
4179 -32 -3.31
4180 -16 -12.16
4181 -0 -3.15
4182 -31 -23.89
4183 -8 -12.61
4184 -11 -12.2
4185 -8 -37.54
4186 -12 -6.65
4187 -32 -22.24
4188 -4 -18
4189 -8 -1.21
4190 -28 -8.55
4191 -25 -3.08
4192 -31 -21.91
4193 -29 -5.36
4194 -5 -28.61
4195 -27 -7.93
4196 -29 -4.4
4197 -9 -20.61
4198 -29 -15.49
4199 -34 -13.72
4200 -29 -2.03
4201 -6 -11.21
4202 -20 -12.91
4203 -17 -27.44
4204 -31 -10.77
4205 -38 -3.8
4206 -32 -1.03
4207 -0 -28.24
4208 -14 -11.89
4209 -0 -14.11
4210 -2 -9.8
4211 -17 -28.32
4212 -0 -26.66
4213 -5 -33.49
4214 -35 -15.19
4215 -21 -21.36
4216 -2 -10.99
4217 -9 -14.95
4218 -10 -28.06
4219 -39 -1.34
4220 -3 -11.57
4221 -6 -37.15
4222 -12 -16.06
4223 -11 -24.59
4224 -28 -4.04
4225 -30 -15.5
4226 -24 -26.79
4227 -22 -19.56
4228 -25 -14.27
4229 -37 -6.12
4230 -27 -3.3
4231 -20 -5.21
