%%index real_part   imaginary_part
2801 2801 2801
1 -47.2 26.07
2 -12.25 4.86
3 -32.15 59.94
4 -30.81 -15.02
5 27.97 61.71
6 30.75 -35.64
7 -48.83 -56.44
8 -20.56 -4.16
9 7.15 12.81
10 23.38 -64.71
11 -37.25 49.24
12 2.45 -51.6
13 50.87 26.84
14 11.39 31.49
15 12.65 -59.27
16 26.08 41.02
17 -30.19 -56.17
18 8.04 -45.63
19 51.57 49.88
20 -35.7 -20.97
21 20.84 -41.24
22 43.31 -32.5
23 -33.72 32.73
24 -24.73 -33.08
25 -64.12 45.01
26 -12.65 53.97
27 -62.08 -54.77
28 -11.38 -53.88
29 -60.08 -4.5
30 40.9 -32.39
31 -65.3 7.47
32 8.41 17.99
33 62.81 -10.69
34 -26.69 -9.21
35 -38.04 -59.6
36 9.24 -18.17
37 11.13 42.24
38 63.2 -63.18
39 -12.81 21.05
40 -44.2 -26.75
41 38.56 -55.52
42 -42.14 27.08
43 1.75 -66.14
44 6.21 20.36
45 -47.03 5.89
46 10.29 37.73
47 -9.24 -47.84
48 34.34 37.02
49 -52.07 -11.2
50 30.31 -43.92
51 -65.01 -53.62
52 -0.42 -25.08
53 6.11 27.2
54 -36.57 46.54
55 63.75 -39.3
56 38.49 40.51
57 -41.91 -54.3
58 30.04 -44.33
59 10.81 35.79
60 41.46 65.72
61 28.37 -4.02
62 -34.41 -54.31
63 -14.47 -65.77
64 -42.99 -13.05
65 -31.04 26.65
66 35.09 29.18
67 -41.98 -0.69
68 -62.37 7.58
69 -32.37 -28.72
70 -65.68 -34.46
71 46.18 2.64
72 12.56 43.59
73 -19.56 48.25
74 14.28 -40.6
75 -8.42 12.75
76 44.23 31.06
77 -35.45 -12.91
78 8.82 50.81
79 -20.65 17.21
80 5.66 16.85
81 -0.58 19.91
82 -8.55 7.64
83 38.33 24.28
84 -47.76 -32.2
85 51.65 53.87
86 32.53 -55.52
87 -31.17 22.91
88 3.06 -65.57
89 -41.39 -22.02
90 -19.04 6.95
91 53.58 -12.97
92 23.1 54.08
93 33.85 8.27
94 -18.67 56.08
95 -6.04 23.19
96 55.27 -16.27
97 50.81 -16.13
98 4.49 63.74
99 57.85 32.46
100 61.92 28.75
101 0.54 -31.67
102 -37.33 9.1
103 36.26 -59.52
104 -64.62 -57.73
105 50.62 -54.8
106 36.99 -49.7
107 -1.29 52.36
108 -41.76 28.51
109 -54.65 1.56
110 -20.98 8.39
111 50.01 -18.31
112 13.24 -32.59
113 -22.94 55.49
114 -8.46 27.82
115 60.4 -13.01
116 -30.81 13.99
117 -41.76 46.96
118 -29.74 -56.51
119 59.8 -0.43
120 -16.86 -9.94
121 60.45 39.79
122 47.18 18.71
123 17.32 -12.27
124 9.77 -3.12
125 48.86 -50.8
126 -45.48 31.4
127 -48.14 51.36
128 -4.89 -48.37
129 -66.77 -3.78
130 -25.3 27.59
131 -57.73 -30.79
132 9.69 59.08
133 27.56 -6.67
134 -19.72 51.37
135 -9.94 9.42
136 37.08 -13.18
137 15.48 -23.85
138 -46.49 -23.44
139 -31.35 -44.77
140 -28.19 -32.59
141 19.78 -65.32
142 -17.38 47.4
143 -21.94 42.16
144 -54.67 -35.92
145 12.34 50.98
146 51.26 -36.09
147 1.7 56.65
148 -57.77 -25.69
149 5.06 53.58
150 -13.74 -53.29
151 34.37 31.23
152 -23.83 32.24
153 63.45 -38.56
154 30.68 66.84
155 28.56 5.85
156 22.29 -33.41
157 62.6 53.32
158 -64.53 48.55
159 8.1 57.47
160 16.46 11.66
161 45.97 -0.66
162 -61.39 -49.09
163 -64.03 -49.33
164 -26.52 -50.2
165 -42.77 -34.99
166 16.17 -5.22
167 32.85 63.24
168 -21.93 -5.79
169 -65.16 -14.08
170 14 22.55
171 -58.15 37.4
172 -24.15 -43.32
173 64.16 40.24
174 31.38 -41.12
175 44.67 -53.59
176 -52.3 4.03
177 -5.89 46.54
178 21.33 37.97
179 -10.5 -33.68
180 -36.02 34.59
181 28.36 46.52
182 -56.81 64.02
183 -65.05 41.13
184 -46.52 -40.86
185 3.31 -12.35
186 -29.54 -40.65
187 -62.22 7.7
188 24.38 0.96
189 57.16 -49.01
190 4.65 25.02
191 33.17 60.11
192 51.35 5.15
193 -61.42 -19.35
194 -4.34 -64
195 7.37 34.34
196 -57.56 -21.03
197 19.3 -38.26
198 -52.6 -37.23
199 62.43 -34.98
200 -4.35 41.49
201 57.63 -26.25
202 -57.36 -65.07
203 35.01 36.53
204 7.75 -16.86
205 0.65 61.57
206 51.41 -12.06
207 65.66 -33.67
208 -23.7 -5.31
209 5.52 16.35
210 -61.87 -0.66
211 -53.87 62.49
212 -38.32 -32.24
213 0.49 35.78
214 -62.14 -38.79
215 -31.4 3.86
216 -17.15 -9.48
217 -47.79 22.08
218 -47.3 -9.06
219 3.5 35.84
220 -23.95 -20.83
221 -31.41 16.39
222 40.97 -23.88
223 60.65 -64
224 43.96 -40.53
225 39.35 3.93
226 25.4 57.35
227 -24.59 10.76
228 -34.31 13.03
229 -24.72 -32.32
230 17.6 -7.58
231 -23.98 -32.63
232 14.58 -32.74
233 -5.29 -10.11
234 53.19 -66.63
235 -33.69 66.37
236 -49.02 -6.77
237 -45.34 8.95
238 -35.33 -17.76
239 24.64 0.3
240 56.55 29.69
241 2.73 -29.06
242 -43.79 -10.27
243 -42.61 -18.53
244 -29.08 -34.9
245 -0.91 -6.88
246 -63.92 32.07
247 -11.56 -0.83
248 -1.95 -62.97
249 -10.37 0.64
250 -60.77 1.16
251 27.59 64.55
252 48.51 0.61
253 -16.35 -25.7
254 35.67 -41.88
255 30.2 51.87
256 9.76 -40.35
257 12.92 10.81
258 58.95 46.6
259 -38.71 9.22
260 -16.65 13.21
261 -20.85 53.32
262 -36.73 -43.8
263 7.43 39.12
264 16.56 44.36
265 -60.51 43.21
266 -7.19 -5
267 -7.01 -9.68
268 -27.58 63.71
269 1.85 41.48
270 -14.75 -45.56
271 -53.99 -46.42
272 37.2 -40.07
273 15.48 16.17
274 42.63 12.13
275 -38.92 13.35
276 -48.23 -47.93
277 -63.61 25.18
278 -51.25 -40.58
279 28.47 -48.84
280 47.31 -29.38
281 45.25 25.5
282 -3.24 10.56
283 -59.44 45.18
284 37.49 -27.27
285 -59.09 -48.98
286 63.24 18.12
287 42.57 -23.38
288 -28.92 -22.19
289 38.35 31.57
290 -21.84 -23.8
291 2.57 58.48
292 35.15 -7.17
293 -11.26 -10.63
294 -15.25 35.74
295 -35.76 -20.75
296 -51.93 -4.86
297 -30.68 8.44
298 -15.09 3.33
299 41.28 -61.26
300 24.14 43.71
301 -64.63 46.42
302 -23.14 -10.75
303 -14.33 -56.59
304 -18 33.1
305 -34.4 37.73
306 -10.32 -7.21
307 -46.44 1.07
308 -6.42 -46.02
309 -39.17 23.98
310 -47.65 54.22
311 -6.27 1.28
312 -41.78 9.48
313 8.94 65.73
314 -31.84 -10.9
315 -10.93 21.91
316 60.27 28.45
317 29.9 -27.77
318 -23.69 9.06
319 62.33 57.77
320 48.26 49.82
321 -54.51 16.5
322 58.01 -34.15
323 -42.89 -22.82
324 -60.52 5.13
325 -40.23 -37.5
326 51.42 33.94
327 60.44 20.38
328 -35.52 42.46
329 62.32 -45.9
330 -26.4 -62.32
331 12.68 -41.97
332 -9.46 33.15
333 20.05 53.66
334 53.74 -58.26
335 -52.35 28.92
336 -25.42 -47.43
337 -3.38 -10.6
338 -49.96 35.59
339 -31.11 1.85
340 64.72 -26.79
341 42.17 25.77
342 -37.58 12.62
343 35.72 43.81
344 -52.97 14.89
345 -57.63 22.66
346 38.46 -36.23
347 -5.35 -43.15
348 9.6 -27.88
349 -19.92 13.7
350 -10.73 -13.43
351 11.43 40.6
352 21.54 60.81
353 21.02 52.76
354 11.25 65.59
355 -0.12 -26.71
356 -51.73 -65.02
357 44.77 -65.67
358 -45.09 -34.96
359 -9.39 -60.97
360 4.09 -50.14
361 11.3 -24.64
362 64.94 46.2
363 -1.5 11.3
364 64.03 61.4
365 24.57 37.35
366 -12.21 66.23
367 20.91 -59.58
368 -55.03 57.16
369 18.67 -28.92
370 41.56 -18.19
371 -21.08 -32.81
372 38.83 66.96
373 -27.32 -2.59
374 46.15 -1.18
375 2.06 32.11
376 43.54 59.94
377 40.6 11.83
378 -33.51 -61.74
379 63.04 12.75
380 61.8 38.32
381 -53.55 1.69
382 49.77 -36.3
383 3.69 41.93
384 30.73 42.44
385 63.78 23.01
386 -24.34 24.93
387 -52.34 -62.3
388 -53.92 -12.82
389 11.05 6.18
390 -24.43 -45.65
391 -50.94 -11.87
392 62.5 -26.04
393 -48.63 29.62
394 6.84 -33.4
395 -28.76 -46.36
396 -62.32 -56.16
397 10.21 -3.71
398 48.39 -66.29
399 9.99 54.04
400 5.53 -4.81
401 -62.13 -63.66
402 29.04 -64.67
403 -62.28 10.01
404 -39.73 0.49
405 -1.55 -24.63
406 -60.6 18.79
407 42.14 16.12
408 18.91 -38.35
409 -58.9 23.05
410 -5.11 -15.26
411 4.79 61.51
412 -27.96 -38.03
413 -9.76 -12.46
414 26.63 -10.48
415 40.61 56.48
416 51.07 -13.61
417 6.41 0.43
418 64.43 18.96
419 40.97 -53.79
420 15.52 -34.97
421 27.53 -32.18
422 -15.22 -62.98
423 9.31 -51.88
424 -16.82 -43.39
425 -38.69 -38.29
426 -63.04 45.39
427 7.25 45.98
428 -60.53 -55.11
429 -64.92 11.75
430 -6.51 9.01
431 63.71 -16.25
432 -66.44 43.82
433 39.99 14.29
434 8.88 13.08
435 -28.4 49.48
436 13.07 46.52
437 1.44 31.17
438 6.04 -27.3
439 41.12 -19.81
440 -43.25 15.21
441 -15.26 55.8
442 22.2 -50.85
443 -4.51 9.05
444 -10.96 32.09
445 -53.88 -23.87
446 -39.97 -66.2
447 38.3 58.18
448 19.17 30.79
449 35.9 2.14
450 -32.04 45.22
451 22.84 -54.14
452 -49.89 49.72
453 -19.02 -33.22
454 64.82 -13.12
455 -58.48 -54.19
456 17.74 -52.12
457 -44.62 51.79
458 -43.78 46.21
459 24.33 36.95
460 56.11 -47.53
461 33.32 7.16
462 -53.22 -7.3
463 -31.63 62.39
464 12.47 39.53
465 38.3 -3.27
466 61.38 18.24
467 15.84 32.98
468 11.39 16.6
469 37.83 -15.89
470 54.61 5.27
471 -17.68 -8.65
472 -51.69 -27.29
473 -12.55 41.61
474 13.06 32.68
475 -51.56 40.9
476 -22.74 -44.19
477 21.31 17.62
478 -19.8 35.2
479 27.07 7.69
480 28.55 -38.29
481 -65.55 -55.07
482 12.79 -47.56
483 26.47 -0.35
484 19 42.79
485 41.16 56.27
486 -23.35 34.97
487 -1.32 -2.23
488 -14.17 -7.5
489 -63.98 -31.38
490 19.86 -10.65
491 43.96 -32.06
492 -59.07 39.8
493 11.83 34.24
494 -57.07 25.64
495 51.92 -24.79
496 8.44 -15.33
497 31.4 18.72
498 -2.21 37.63
499 47.42 42.14
500 17.59 -12.77
501 -51.05 1.12
502 -56.26 -36.04
503 -58.16 43.79
504 29.65 12.08
505 45.88 -52.35
506 -0.22 -30.79
507 -25.68 27.17
508 31.43 -9.21
509 26.99 60.13
510 -37.09 64.48
511 -26.53 -34.91
512 -40.45 57.28
513 14.31 7.47
514 2.14 2.21
515 -54.76 11.13
516 -5.85 -41.73
517 30.67 -59.67
518 -0.56 36.06
519 38.47 23.31
520 -58 38.3
521 -59.75 26.89
522 27.6 29.75
523 62.02 -41.61
524 64.74 -44.28
525 54.72 36.21
526 -34.15 -18.89
527 -19.81 24.59
528 -62.84 23.18
529 48.7 57.52
530 19.22 28.2
531 -64.67 25.68
532 22.67 -30.86
533 43.44 -2.2
534 12.4 23.25
535 3.34 -46.55
536 47.25 58.3
537 -59.85 45.31
538 5.62 33.36
539 -16.36 -5.75
540 65.52 -52.94
541 -40.22 -59.59
542 -16.28 21.35
543 -0.21 18.81
544 10.68 -16.47
545 62.47 -22.65
546 8.33 11.43
547 55.09 0.24
548 53.81 -35.62
549 44.85 16.17
550 47.58 -17.27
551 -48.99 35.31
552 -53.25 -3.25
553 -53.6 -53.33
554 25.47 19.62
555 -18.48 -3.7
556 9.56 -39.36
557 7.57 55.58
558 -33.09 -43
559 48.99 11.29
560 -3.13 -20.48
561 47.49 51.66
562 -11.62 -23.05
563 -31.18 42.43
564 -6.11 38.72
565 -6.84 -5.36
566 -40.2 -62.07
567 63.19 -64.47
568 -27.94 56.05
569 28.29 17.92
570 55.55 10.06
571 11.28 4.04
572 7.33 -38.11
573 10.1 -64.67
574 28.36 -12.54
575 -66.1 -27.4
576 31.49 -39
577 -0.73 -39.74
578 41.45 -16.06
579 45.85 -6.64
580 -66.38 -7.4
581 24.76 63.32
582 -64.82 -17.72
583 -22.4 31.01
584 -1.63 -50.2
585 -3.5 -62.17
586 -16.3 -34.21
587 -38.38 -51.86
588 25.66 -50.78
589 -4.38 -40.06
590 -66.52 9.68
591 39.44 -12.35
592 50.76 46.95
593 -29.06 39.26
594 -60.41 -44.04
595 50.86 6.08
596 -31.73 -63.46
597 44 -41.83
598 34.35 -1.98
599 32.26 51.38
600 -20.44 -10.32
601 -13.51 31.39
602 -59.59 38.71
603 47.9 -60.01
604 -41.7 52.27
605 33.03 2.28
606 18.67 -10.7
607 29.15 3.47
608 33.47 35.62
609 -66.9 57.42
610 19 39.46
611 13.97 16.07
612 -25.46 -14.43
613 -31.97 62.41
614 -28.01 38.09
615 -8.24 -43.27
616 62.4 28.73
617 -22.46 58.32
618 55.33 -44.9
619 -3.3 61.5
620 -62.31 27.3
621 32.68 14.45
622 32.35 57.89
623 30.63 25.87
624 56.62 -21.34
625 10.28 -57.08
626 54 -4.43
627 -28.95 -22.59
628 -14.91 55.07
629 -9.13 51.85
630 -58.6 22.11
631 20.48 -48.27
632 -42.63 25.71
633 22.31 55.04
634 54.29 3.14
635 -61.93 47.55
636 15.66 -64.49
637 45.19 -6.31
638 32.13 59.03
639 16.45 -66.24
640 -46.43 48.51
641 -44.27 14.57
642 -32.55 54.85
643 -50.48 -47.89
644 7.54 -27.46
645 -34.77 -22.53
646 -2.25 -52.52
647 -58.38 -14.31
648 13.23 -46.59
649 -39.42 25.59
650 15.4 -39.49
651 52.36 65.04
652 -5.81 -49.16
653 -66.32 -40.49
654 26.3 23.8
655 17.81 59.02
656 -40.97 -25.07
657 36.31 -25.4
658 4.14 -54.12
659 -25.33 -52.92
660 -17.71 8.25
661 46.83 -22.13
662 18.31 27.34
663 -24.08 0.16
664 65.03 18.49
665 -15.93 22.57
666 48.83 -13.09
667 -1.9 -41.83
668 44.67 -40.17
669 -38.86 -34.15
670 48.27 -29.81
671 24.43 13.96
672 -62.25 63.84
673 -12.87 38.3
674 -36.15 5.39
675 -57.45 -57.67
676 -37.34 -63.14
677 -33.18 -2.89
678 31.84 -26.84
679 66.19 18.77
680 -9.78 12.67
681 38.54 24.4
682 -38.88 49.28
683 -17.05 0.98
684 10.84 3.63
685 -30.95 -65.52
686 42.74 -62.62
687 6.21 43.42
688 -33.52 45.69
689 -43.58 19.8
690 -39.92 -48.32
691 49.08 51.4
692 -49.96 43.98
693 65.07 -20.26
694 7.91 -22.79
695 -33.79 33.64
696 58.82 -15.93
697 -18.95 -50.86
698 -41.34 55.89
699 -18.02 -19.86
700 -31.85 18.41
701 42.87 7.26
702 -58.07 1.43
703 -32.78 32.21
704 -50.93 -60
705 20.4 5.33
706 16.1 -25.21
707 -38.04 -35.1
708 -45.45 32.83
709 -32.22 12.15
710 10.19 -51.67
711 52.17 -4.1
712 1.54 -49.56
713 48.01 20.22
714 49.11 34.75
715 -27.03 26.58
716 -63.4 33.85
717 -39.54 -55.43
718 63.1 -25.71
719 60.5 27.94
720 33.95 -17
721 1.91 -15.6
722 22.69 -7.71
723 60.25 62.25
724 -30.22 -25.32
725 -11.62 -56.02
726 -53.86 63.04
727 51.58 -45.94
728 38.01 -37.02
729 -43.72 23.95
730 43.03 -56.18
731 -5.99 -32.98
732 20.58 46.02
733 8.59 -43.45
734 56.81 49.86
735 0 -59.92
736 31.78 10.93
737 -19.1 11.44
738 10.11 -38.45
739 59.1 -59.36
740 2.79 -48.42
741 -13.46 13.87
742 4.41 -48.18
743 32.58 49.46
744 7.58 5.87
745 -38.84 28.85
746 -21.46 -1.59
747 -11.78 26.25
748 39.38 29.47
749 -36.07 59.64
750 -47.13 -51.93
751 18.45 10.08
752 31.3 -59.75
753 36.79 -55.63
754 28.95 -11.86
755 61.73 55.31
756 49.31 -27
757 -1.17 -2.42
758 -63.98 61.02
759 -25.26 -48.51
760 -27.1 66.75
761 -2.91 -62.19
762 -52.64 9.12
763 -48.69 18.01
764 -22.25 59.94
765 4.69 -8.25
766 -53.23 24.16
767 9.9 4.57
768 -53.98 37.42
769 -66.75 -25.28
770 -43.19 -36.3
771 -38.87 62.92
772 35.85 -24.6
773 -51.22 49.26
774 35.13 -52.46
775 19.14 -18.55
776 -1.41 -66.54
777 -25.12 57.08
778 66.27 -29.72
779 17.22 -39.32
780 18.03 -33.65
781 33.29 -43.23
782 -25.86 53.49
783 -25.77 54.65
784 -64.55 31.87
785 22.58 31.02
786 -48.34 -0.05
787 -26.43 58.67
788 -43.33 -53.75
789 -44.76 -18.09
790 65.72 -55.67
791 13.15 -55.2
792 -37.56 40.41
793 -42.02 -22.04
794 -5.22 28.96
795 1.5 12.63
796 53 61.5
797 -32.89 41.43
798 20.69 59.63
799 13.47 48.07
800 0.9 51.22
801 -32.97 -9.85
802 31.88 6.37
803 -66.49 -21.78
804 21.91 -23.29
805 32.39 26.46
806 -34.88 26.97
807 3.44 39.43
808 -36.58 57.83
809 36.95 -44.26
810 46.53 42.26
811 -6.16 -38.55
812 16.84 26.44
813 63.1 45.87
814 -12.04 15.85
815 20.94 -30.39
816 -18.97 -63.59
817 25.42 64.8
818 -28.01 -54.5
819 40.62 -2.28
820 -24.43 46.73
821 18.16 55.03
822 -34.98 -52.73
823 -66.21 53.48
824 -40.87 14.15
825 -30.96 -7.78
826 55.54 -29.66
827 24.86 26.67
828 60.68 6.34
829 -39.06 49.08
830 -5.3 -3
831 57.99 -33.25
832 -43.07 34.68
833 62.89 -2.53
834 41.27 20.64
835 0.66 -55.47
836 -60.77 16.74
837 59.71 43.39
838 40.69 9.56
839 -42.91 0.06
840 -26.74 33.05
841 13.73 -10.59
842 -4.3 64.7
843 -15.07 6.35
844 -51.5 45.19
845 25.44 -49.26
846 8.01 -34.33
847 -41.68 -9.94
848 -9.19 -27.58
849 -18.62 21.49
850 -9.44 31.41
851 -8.88 -40.4
852 -64.37 -44.64
853 -47.22 -28.99
854 -25.77 49.72
855 37.77 5.39
856 -42.71 13.44
857 11.18 20.78
858 61.16 55.71
859 -29.99 66.95
860 -54.75 57.22
861 -8.01 -33.78
862 -19.07 -34.23
863 -12.69 47.36
864 -12.64 -49.74
865 35.78 -51.5
866 -59.23 36.51
867 -9.36 -53.1
868 -21.09 42.66
869 -66.07 -62.89
870 -25.94 -18.54
871 -9.79 -30.56
872 -66.74 -49.79
873 -16.82 1.99
874 14.54 -34.79
875 -15 -31.58
876 4.27 -1.71
877 -20.2 -32.04
878 38.29 -21.31
879 -53 10.56
880 -1.7 24.79
881 -34.68 -34.62
882 -5.32 13.17
883 -30.35 63.45
884 -55.52 -45
885 -2.81 -61.91
886 -64.14 -29.22
887 -8.14 39.41
888 -33.14 -31.88
889 27.5 -53.57
890 -8.96 -56.66
891 51.54 10.46
892 -58.31 -55.82
893 -5.55 -38.74
894 3.48 56.36
895 -40.76 24.98
896 -29.49 14.77
897 63.41 22.81
898 8.13 48.21
899 5.62 39.77
900 54.17 -61.58
901 -12.34 -65.94
902 -34.29 -30.97
903 24.11 22
904 -52.86 43.59
905 -41.64 -58.17
906 -18.91 -45.97
907 34.57 24.98
908 50.87 -17.99
909 52.89 19.07
910 -12.27 -35.28
911 -46.04 -22.98
912 -30.57 17.7
913 -2.49 -62.04
914 -55.3 52.97
915 -63.28 -48.15
916 30.52 -50.4
917 19.6 -43.64
918 59.56 -4.78
919 -12.76 -7.03
920 34.38 55.59
921 44.17 65.32
922 -28.17 55.36
923 62.25 8.13
924 -42.69 49.23
925 64.53 34.21
926 -48.35 32.22
927 3.27 40.97
928 7.55 -14.57
929 -13.2 17.2
930 0.7 -2.34
931 -52.63 25.26
932 9.05 27.14
933 -40.41 0.2
934 -33.34 15.88
935 -8.2 14.31
936 22.93 -4
937 45.29 -17.54
938 -37.33 45.48
939 -37.4 -51.29
940 18.27 -56.56
941 -5.79 -20.49
942 -22.19 19.32
943 -29.74 53.19
944 2.56 28.85
945 18.44 30.37
946 2.8 15.25
947 19.63 23.18
948 18.03 -36.63
949 -6.03 -3
950 -30.01 -65.66
951 63 -52.47
952 -45.57 -49.93
953 64.23 59.82
954 -25.68 -47.29
955 -14.67 23.27
956 -23.26 -60.04
957 53.55 61.03
958 -25.41 -16.36
959 48.08 23.49
960 23.19 27.19
961 -23.26 27.5
962 -35.13 37.82
963 -21.83 19.02
964 57.52 10.9
965 15.16 0.67
966 1.15 65.51
967 22.38 -8.89
968 35.47 -6.04
969 66.65 -51.24
970 48.38 -17.59
971 19.68 -51.82
972 -52.21 -61.31
973 7.69 -44.46
974 15.54 58.08
975 -8.54 23.54
976 46.61 -42.79
977 66.64 17.58
978 -52.61 58.27
979 8.31 19.01
980 -45.85 -0.93
981 11.83 -65.92
982 28.41 -5.33
983 64.02 17.49
984 61.97 -29.94
985 -23.83 -49.68
986 -19.22 -14.74
987 24.09 28.1
988 54.12 56.5
989 10.95 -29.84
990 48.94 12.84
991 -4.09 29.64
992 -23.61 -4.24
993 -43.63 60.41
994 34.93 26.9
995 -48.94 -61.97
996 -24.08 42.05
997 46.93 10.92
998 -47.11 14.88
999 -57.62 -57.3
1000 -44.15 1.72
1001 -52 20.15
1002 6.8 15.47
1003 45.62 31.85
1004 -1.96 41.25
1005 -18.84 -17.82
1006 15.99 -57.19
1007 20.79 -27.89
1008 -45.57 -25.76
1009 28.27 57.54
1010 -36.52 30.87
1011 -23.5 -17.84
1012 9.67 -14.41
1013 -51.32 34.51
1014 4.97 10.44
1015 -12.25 -30.74
1016 -4.48 -28.43
1017 42.45 4.35
1018 -32.02 -30.64
1019 41.51 21.04
1020 -47.63 19.74
1021 7.72 -32.26
1022 19.01 -45.5
1023 -17.56 -22.08
1024 -5.79 54.8
1025 -9.52 63.74
1026 -37.94 40.63
1027 15.92 0.15
1028 37.16 -28.5
1029 -10.68 -64.62
1030 43.5 -64.47
1031 55.88 16.11
1032 10.1 46.44
1033 -6.63 -4.72
1034 10.61 -57.02
1035 43.55 26.6
1036 -13.59 -65.64
1037 55.9 -57.48
1038 46.42 30
1039 11.02 37.02
1040 -57.07 -47.78
1041 -66.69 41.27
1042 -34.39 43.88
1043 -24.98 -31.7
1044 -62.11 66.37
1045 33.65 -23.46
1046 -48.33 -55.43
1047 -39.62 20.52
1048 45.44 29.91
1049 57.34 -62.47
1050 38.99 39.19
1051 49.88 -35.55
1052 44.81 36.04
1053 -28.31 31.58
1054 -53.01 12.56
1055 48.99 58.84
1056 37.92 12.6
1057 -29.45 56.51
1058 -54.47 -1.94
1059 39.64 18.86
1060 12.46 -32.44
1061 54.45 -57.46
1062 20.56 -2.62
1063 39.63 33.5
1064 16.22 -45.85
1065 -57.69 -50.64
1066 -4.11 -19.03
1067 30.12 64.73
1068 -29.32 19.88
1069 34.23 -64.28
1070 20.4 60.86
1071 -61.38 -7.11
1072 -6.46 63.32
1073 -24.85 45.84
1074 -39.59 -9.24
1075 39.29 45.3
1076 44.18 -25.43
1077 19.08 2.73
1078 -26.14 36.04
1079 -27.48 -38.17
1080 -36.17 34.62
1081 -21.5 26.51
1082 -21.91 63.81
1083 -49.76 2.86
1084 -50.85 45.39
1085 58.04 -49.46
1086 51.76 -41.23
1087 -1.7 -49.7
1088 53.94 38.94
1089 -41.36 2.54
1090 41.24 -60.99
1091 -52.03 57.98
1092 32.18 45.86
1093 24.54 -40.42
1094 -50.35 21.54
1095 34.1 -29.97
1096 -28.61 29.48
1097 3.88 2.76
1098 -41.95 -9.16
1099 -64.13 -2.91
1100 -43.55 -52.55
1101 10.1 10.39
1102 47.66 52.55
1103 -46.74 -35.8
1104 17.43 14.85
1105 37.36 6.47
1106 17.89 46.33
1107 22.81 44.35
1108 -31.03 -3.98
1109 62.91 45.15
1110 56.87 -61.86
1111 46.22 -48.48
1112 35.99 25
1113 20.99 25.7
1114 -54.14 -57.43
1115 57.81 -16.35
1116 -4.72 6.53
1117 45.27 -47.73
1118 -15.38 4.75
1119 -16.81 61.77
1120 56.61 66.2
1121 -58.28 53
1122 -36.99 -65.93
1123 -14.74 53.16
1124 42.66 23.62
1125 47.9 56.07
1126 -57.5 -61.41
1127 -57.62 -63.65
1128 16 61.35
1129 -27.8 59.75
1130 27.31 -29.11
1131 -10.49 1.57
1132 -15.01 10.61
1133 40.11 59.19
1134 0.55 -41.45
1135 49.83 -41.92
1136 37.48 13.15
1137 -20.15 -66.6
1138 -4.63 26.04
1139 -51.03 4.8
1140 -59.85 -61.95
1141 -18.63 -0.09
1142 -47.79 17.4
1143 -16.17 -40.01
1144 32.12 -58.98
1145 66.11 -36.25
1146 -23.81 -22.38
1147 -29.95 6.88
1148 -49.65 59.28
1149 -63.02 -27.5
1150 37.45 -14.47
1151 -44.27 -47.32
1152 44.16 -1.7
1153 34.4 54.05
1154 40.29 -6.1
1155 43.67 -33.09
1156 -21.86 -31.12
1157 -21.28 -1.73
1158 43.57 -52.39
1159 -7.2 37.27
1160 -12.05 34.68
1161 16.96 48.23
1162 -34.69 64.03
1163 -7.35 -41.2
1164 59.02 -54.13
1165 -0.47 -12.07
1166 -5.06 4.92
1167 -40.74 3.67
1168 -24.72 35.77
1169 -63.6 -31.94
1170 -7.85 49.7
1171 62.62 51.46
1172 -32.75 -4.47
1173 -27.46 -17.3
1174 21.05 -51.83
1175 -7.97 -51.12
1176 30.37 7.38
1177 -43.94 -65.32
1178 8.34 -7.04
1179 -8.45 65.64
1180 33.63 10.95
1181 30.22 -33.66
1182 54 -49.59
1183 -10.52 31.19
1184 -60.65 4.4
1185 17.94 -29.42
1186 -50.74 37.28
1187 -31.5 -36.93
1188 46.08 -62.74
1189 -9.14 64.09
1190 51.43 61.65
1191 20.44 -35.85
1192 0.94 55.2
1193 -46.49 48.68
1194 -54.1 -25.96
1195 -61.92 20.25
1196 -43.77 53.82
1197 -48.92 -56.11
1198 34.13 -28.31
1199 16.64 -5.19
1200 -44.46 43.5
1201 11.02 -57.71
1202 -51.18 23.76
1203 16.08 23.63
1204 -0.05 -56.34
1205 61.38 18.85
1206 32.73 -23.12
1207 51.36 7
1208 -21.71 -56.3
1209 12.21 37.9
1210 0.21 -46.02
1211 49.24 -19.71
1212 13.12 34.78
1213 -58.02 46.57
1214 40.83 13.17
1215 -31.01 61.06
1216 -7.19 -25.49
1217 -33.9 19.32
1218 1.62 -57.44
1219 -4.52 -36.67
1220 -26.25 32.18
1221 -1.65 44.55
1222 -14.45 -7.72
1223 -14.41 41.74
1224 52.15 41.01
1225 3.67 56.68
1226 65.72 63.19
1227 -64.33 -27.93
1228 -47.87 44.38
1229 -8.39 -28.53
1230 -16.18 8.34
1231 -41.56 -55.73
1232 -53.83 -52.81
1233 -30.12 -2.83
1234 -33.19 -39.12
1235 -38.92 61.14
1236 -63.69 5.84
1237 -63.99 31.44
1238 10.67 -50.81
1239 29.9 -22.51
1240 5.81 14.28
1241 57.87 4.81
1242 -23.18 58.1
1243 -47.51 -21.94
1244 -27.29 52.8
1245 -2.2 -44.5
1246 0.58 8.67
1247 -0.86 -54.25
1248 43.03 46.12
1249 -25.69 61.48
1250 34.9 -54.53
1251 41.35 -63.13
1252 -40.79 32.97
1253 9.73 66.43
1254 42.3 -47.83
1255 -39.28 53.35
1256 -43.66 56.26
1257 23.44 58.26
1258 39.85 -10.28
1259 -58.8 -26.41
1260 65.91 -19.14
1261 6.37 26
1262 30.19 -28.36
1263 -45.45 21.32
1264 57.75 -31.51
1265 64.85 12.58
1266 8.61 62.47
1267 36.33 -40.04
1268 -17.78 50.93
1269 17.8 -5.83
1270 -20.3 54
1271 59.46 -24.38
1272 25.94 0.93
1273 -15.19 1.55
1274 -43.42 -27.74
1275 22.43 -55.04
1276 3.53 0.89
1277 -52.43 -2.34
1278 47.95 -11.52
1279 4.7 27.15
1280 -28.32 -57.96
1281 48.63 7.36
1282 -63.58 -44.85
1283 42.92 66.26
1284 -11.91 4.32
1285 -13.91 -13.64
1286 -3.04 -42.32
1287 -64.59 41.9
1288 -37.59 9.47
1289 -32.42 51.32
1290 -55.45 -55.05
1291 -2.11 -21.4
1292 -57.99 -21.93
1293 39.42 6.81
1294 -60.73 57.24
1295 51.6 -20.77
1296 5.05 -48.46
1297 -54.12 -6.52
1298 65.48 -13.99
1299 -52.42 25.18
1300 64.63 55.36
1301 22.72 -19.55
1302 -47.83 14.83
1303 -45.46 -61.67
1304 5.88 24.51
1305 -12.44 -39.1
1306 -29.14 18.56
1307 -28.53 1.53
1308 -30.9 -3.26
1309 59.12 10.13
1310 32.61 -8.91
1311 0.6 65.1
1312 -50.24 -6.53
1313 -60.7 10.13
1314 -42.28 47.96
1315 16 37.02
1316 46.43 -40.58
1317 66.61 18.55
1318 -15.71 -50.33
1319 38.09 -29.83
1320 -14.62 -24.06
1321 -22.03 34.68
1322 -2.93 -4.65
1323 5.17 5.88
1324 21.99 -30.2
1325 33.69 64.39
1326 -12.74 5.75
1327 39.73 12.21
1328 11.99 -62.67
1329 10.51 34.87
1330 -56.55 -39.42
1331 -21.24 -49.85
1332 24.77 -8.4
1333 -1.85 -47.91
1334 60.57 -5.47
1335 -29.29 -20.65
1336 61 -8.32
1337 -57.23 25
1338 -19.23 -45.02
1339 46.25 -27.27
1340 -47.98 2.52
1341 44.99 4.47
1342 -44.14 -8.38
1343 38.18 47.72
1344 55.91 -43.75
1345 -39.27 29.44
1346 6.22 42.54
1347 38.87 60.01
1348 42.01 13.24
1349 -53.01 62.09
1350 34.69 43.62
1351 -43.07 45.11
1352 -23.95 -14.65
1353 34.17 61.78
1354 55.08 -29.38
1355 43.66 53.84
1356 24.97 42.19
1357 -21.32 -48.17
1358 -47.8 5.46
1359 56.18 59.37
1360 -12.47 -12.89
1361 -51.12 23.56
1362 -48.51 -2.68
1363 11.86 -43.84
1364 60.13 -54.85
1365 -63.36 -14.04
1366 -0.85 -4.55
1367 -6.59 6.7
1368 -3.95 5.74
1369 30.78 -34.32
1370 18.77 -37.47
1371 33.56 3.98
1372 -40.39 51.72
1373 -31.37 -17.44
1374 -21.78 -29.3
1375 22.45 -57.99
1376 -59.11 25.04
1377 33.08 -38.71
1378 36.4 -22.52
1379 -30.53 -40.22
1380 21.85 -47.73
1381 -27.22 25.48
1382 -23.69 13.89
1383 -27.31 -12.59
1384 8.66 45.84
1385 -33.51 33.63
1386 30.25 12.91
1387 19.17 -4.76
1388 -14.6 30.76
1389 54.18 -23.83
1390 -51.07 64.06
1391 49.65 34.34
1392 54.32 -36.57
1393 37.78 -30.78
1394 59.35 -1.86
1395 -36.88 -56.06
1396 -66.15 -29.83
1397 -16.11 4.26
1398 -31.44 -18.61
1399 18.02 12.45
1400 -6.18 -29.7
1401 -55.75 -52.03
1402 -44.22 -63.15
1403 -64.04 5.63
1404 -12.08 -53.06
1405 29.17 -35.41
1406 2.2 14.75
1407 -47.02 -32.61
1408 -12.74 37.2
1409 62.83 -53.12
1410 -12.66 64.72
1411 -38 9.42
1412 -42.34 -14.79
1413 63.36 5.17
1414 44.28 -22.31
1415 -50.64 -17.55
1416 -57.27 1.4
1417 17.03 -33.21
1418 40.31 39.4
1419 37.81 -64.92
1420 51.35 24.7
1421 6.48 49.8
1422 -56.83 -15.11
1423 0.08 -43.9
1424 -23.93 -50.51
1425 36.34 -7.18
1426 51.17 -24.48
1427 -31.93 -45.69
1428 -45.68 -0.51
1429 -40.31 -39.45
1430 58.96 -10.66
1431 -23.74 -52.92
1432 36.38 25.16
1433 -56.67 22.41
1434 15.45 -6.39
1435 -12.86 3.7
1436 -59.01 -43.71
1437 -58.06 -62.47
1438 -7.24 -45.58
1439 -64.22 18.69
1440 4.46 -49.89
1441 -16.25 42.03
1442 -59.25 -19.13
1443 37.03 63.66
1444 -30.57 61.37
1445 0.09 -4.65
1446 3.02 -45.35
1447 18.27 -40.9
1448 44.42 23.91
1449 32.62 -28.9
1450 50.89 33.51
1451 -3.86 53.49
1452 -14.1 -59.59
1453 44.74 25.04
1454 51.01 55.06
1455 -0.43 -32.05
1456 -56.27 42.05
1457 -58.43 53.81
1458 -51.98 -3.29
1459 57.53 -30.33
1460 44.68 -18.82
1461 -27.21 -10.23
1462 -50.77 20.54
1463 30.77 -32.59
1464 45.09 -48.99
1465 -15.12 -18.89
1466 -63.17 -62.99
1467 -19 -65.38
1468 -56.29 -26.14
1469 -1.11 -31.25
1470 -38.19 39.61
1471 44.43 -29.06
1472 -16.37 66.09
1473 57.41 -38.63
1474 -47.2 50.85
1475 -4.51 2.92
1476 -2.95 -13.83
1477 -5.48 -59.47
1478 -36.91 -56.21
1479 40.81 40.39
1480 -39.88 -28.71
1481 60.98 -23.92
1482 -42.01 47.42
1483 60.52 -47.37
1484 22.97 -4.06
1485 46.32 15.69
1486 -32.13 -37.63
1487 -26.69 -3.16
1488 54.03 33.39
1489 42.78 29.24
1490 1.6 -4.36
1491 -3.57 -62.11
1492 -49.46 58.51
1493 66.22 48.55
1494 -15.63 -47.86
1495 33.72 48.94
1496 22.94 8.81
1497 -12.68 23.56
1498 -58.27 -12.92
1499 -12.66 -24.9
1500 10.73 -27.44
1501 -27.15 51.88
1502 -35.21 -25.15
1503 20.29 -29.73
1504 -25.95 -45.48
1505 -16.63 -56.44
1506 -33.49 6.27
1507 10.41 48.32
1508 -51.11 -38.14
1509 -24.79 -64.61
1510 -55.77 -1.98
1511 -33.38 59.34
1512 -10.29 38.02
1513 -46.91 -41.86
1514 -33.35 63.08
1515 -19.35 -4.95
1516 -56.69 25.29
1517 -6.16 -14.53
1518 49.18 11.03
1519 55.26 -18.47
1520 44.73 32.51
1521 -23.99 38.05
1522 66.07 41.15
1523 -15.05 -25.4
1524 -29.24 22.75
1525 -10.11 -37.37
1526 -57.31 -14.91
1527 55.3 -51.16
1528 26.39 61.2
1529 -34.6 44.25
1530 6.42 52.09
1531 4.55 -33.26
1532 1.23 9.23
1533 33.33 -10.69
1534 -31.53 -9.25
1535 66.02 56.39
1536 13.6 15.83
1537 -19.36 18.4
1538 -15.02 57.81
1539 21.03 56.89
1540 16.6 -44.18
1541 49.25 10.09
1542 -16.99 -33.61
1543 16.27 -48.46
1544 10.11 14.6
1545 60.9 -65.81
1546 -43.53 35.54
1547 13.7 26.88
1548 28.07 -20.28
1549 -62.45 -27.62
1550 -53.24 -35.49
1551 -24.28 35.91
1552 -17.76 3.91
1553 23.55 24.11
1554 59.36 1.18
1555 -21.6 -46.93
1556 -35.64 -0.04
1557 30.6 50.57
1558 -25.43 -22.88
1559 39.53 -20.63
1560 49.35 5.48
1561 30.8 -9.52
1562 -29.29 -36.26
1563 -45.8 -40.62
1564 -19.94 -52.57
1565 -4.85 -3.9
1566 -58.72 13
1567 22.11 28.58
1568 -61.7 13.89
1569 -3.71 52.18
1570 -37.63 23.94
1571 44.69 -37.91
1572 41.75 -51.69
1573 -59.62 9.89
1574 -22.42 19.11
1575 63.56 -56.04
1576 21.81 20.29
1577 -29.87 -65.56
1578 -30.45 23.98
1579 -23.59 9.29
1580 -21.9 -44.95
1581 -53.09 -2.39
1582 -21.29 -56.57
1583 9.24 12.64
1584 52.07 -60.09
1585 -41.94 -22.48
1586 17.69 -20.57
1587 -48.4 -43.15
1588 -27.36 -21.34
1589 15.98 25.49
1590 52.28 62.16
1591 -64.2 29.1
1592 47.79 0.73
1593 20.89 -38.68
1594 -9.72 16.39
1595 -25.63 -1.46
1596 17.16 6.48
1597 -50.06 -10.45
1598 -50.57 33.39
1599 16.94 33.57
1600 28.24 -31.02
1601 -64.56 -24.24
1602 65.47 8.97
1603 -33.17 -17.13
1604 36.77 -19.99
1605 62.64 -58.7
1606 36.06 34.02
1607 -31.14 61.3
1608 -41.94 -41.52
1609 -28.03 57.35
1610 -39.4 57.65
1611 -13.29 -59.43
1612 -38.44 2.89
1613 -42.87 16.81
1614 26.72 -8.5
1615 -58.47 -53.77
1616 31.64 16.48
1617 30.58 26.22
1618 9.68 15.61
1619 28.17 -6.03
1620 -23.99 33.7
1621 10.56 -18.84
1622 41.4 -35.19
1623 33.66 -6.33
1624 53.78 61.5
1625 -33.16 -30.91
1626 41.11 -2.34
1627 58.09 -5.43
1628 -24.35 18.47
1629 29.69 -12.24
1630 1.18 -44.01
1631 5.92 -36.68
1632 -13.19 -20.63
1633 58.95 -29.24
1634 -34.59 38.87
1635 -47.01 -47.8
1636 -23.48 -46.31
1637 43.64 -64.31
1638 -46.04 -19.71
1639 -31.7 51.71
1640 27.62 -31.28
1641 63.92 59.67
1642 35.68 64.23
1643 12.37 -27.09
1644 54.88 -25.55
1645 -5 -12.86
1646 -0.7 -43.05
1647 -25.49 -17.33
1648 40.14 12.72
1649 -52.7 -5.1
1650 -40.47 44.11
1651 -57.93 -25.22
1652 17.65 13.85
1653 10.15 -13.74
1654 66.34 50.29
1655 21.07 -17.99
1656 56.27 34.79
1657 -39.63 66.88
1658 -52.79 -2.47
1659 -55.24 26.06
1660 14.98 35.59
1661 6.67 39.5
1662 46.16 34.37
1663 26.93 -64.96
1664 -23.11 61.7
1665 16.21 15.89
1666 -45.63 -49.24
1667 53.09 -46.81
1668 55.26 -33.24
1669 8.29 -7.99
1670 35.57 -58.2
1671 -34.76 -18.75
1672 28.95 60.66
1673 -15.08 -50.68
1674 31.44 34.63
1675 -48.27 -25.65
1676 40.4 -38.51
1677 8.2 -36.14
1678 -28.9 -42.8
1679 -23.54 61.57
1680 11.53 -34.18
1681 1.32 -23.85
1682 -54.31 -57.34
1683 12.96 -12.16
1684 -18.46 35.05
1685 -37.21 3.44
1686 38.57 2.81
1687 47.84 51.12
1688 59.67 -22.51
1689 39.69 -33.79
1690 -41.36 -2.63
1691 -47.18 -44.2
1692 -5.51 28.82
1693 23.48 52.4
1694 18.56 -60.68
1695 -59.65 -62.3
1696 -66.63 53.35
1697 -0.69 -6.36
1698 47.8 -36.41
1699 -30.84 33.66
1700 29.38 19.12
1701 -34.8 51.43
1702 -63.27 59.8
1703 -29.95 -44.76
1704 -12.95 8.94
1705 -54.77 62.73
1706 -31.35 -3.6
1707 45.75 35.06
1708 39.8 64.51
1709 -58.72 -1
1710 34.09 -47.43
1711 55.95 33.67
1712 -63.34 -19.07
1713 64.97 -23.21
1714 -50.47 -28.03
1715 -4.13 40.88
1716 50.28 58.57
1717 -23.86 33.51
1718 60.41 -58.52
1719 -46.17 -58.31
1720 7.86 -30.15
1721 28.7 -38.67
1722 23.74 -44.92
1723 66.31 -11.84
1724 -60.71 28.12
1725 6.54 -12.05
1726 -12.1 52.84
1727 -35.81 37.31
1728 58.05 -56.54
1729 -60.87 38.97
1730 31.43 52.53
1731 42.73 16.87
1732 7.83 61.06
1733 43.15 17.85
1734 -20.25 -50.06
1735 -54.89 39.78
1736 24.36 -5.75
1737 61.06 -42.88
1738 1.66 59.76
1739 29.31 20.88
1740 -58.15 55.03
1741 -28.1 22.56
1742 13.11 -44.46
1743 -33.04 -53.99
1744 -46.56 -15.67
1745 -44.51 2.64
1746 23.49 -30.6
1747 -8.56 29.98
1748 6.48 37.53
1749 -30.94 -22.98
1750 5.76 -52.1
1751 -21.2 32.72
1752 -35.36 48.43
1753 46.99 62.56
1754 -53.51 -63.32
1755 14.17 -1.82
1756 51.35 -62.28
1757 -35.98 -62.87
1758 -25.74 17.07
1759 -23.59 51.22
1760 34.71 4.82
1761 -23.76 -25.22
1762 -30.06 -12.39
1763 -58.4 -4.93
1764 57.1 61.57
1765 -29.03 4.34
1766 45.46 34.71
1767 11.25 -61
1768 -58.63 -0.7
1769 -6.24 -32.72
1770 54.5 20.59
1771 -62.85 -25.17
1772 36.3 15.55
1773 20.76 -53.11
1774 -48.35 -4.8
1775 -46.8 -42.08
1776 -4.67 -60.88
1777 8.74 -50.74
1778 -8.23 49.18
1779 36.9 -57.04
1780 -37.67 -4.53
1781 32.54 -61.17
1782 18.51 13.54
1783 1.3 -43.79
1784 38.45 20.4
1785 0.79 50.48
1786 12 -16.64
1787 -47.06 -58.62
1788 22.84 -12.68
1789 -57.32 -9.32
1790 9.35 -10.67
1791 15 -23.66
1792 32.18 40.69
1793 51.74 49.04
1794 -63.87 -52.69
1795 -12.41 65.19
1796 43.99 -27.16
1797 -21.26 -50.19
1798 62.86 -48.31
1799 -51.85 0.84
1800 52.56 53.52
1801 -2.22 44.61
1802 41.29 -46.55
1803 -7.61 29
1804 62.67 -22.45
1805 32.68 -58.1
1806 -3.03 39.4
1807 -47.91 -11.95
1808 18.29 14.34
1809 41.08 26.65
1810 -22.25 -9.12
1811 -61.51 -17.99
1812 -34.32 -14.15
1813 -53.13 -28.54
1814 -48.19 51.08
1815 -48.23 6.14
1816 1.54 -27.08
1817 15.95 65.05
1818 -3.5 8.1
1819 48.82 -58.72
1820 -6.58 16.15
1821 18.17 52.39
1822 52.68 35.51
1823 -36.02 40.49
1824 65.65 16.72
1825 -61.35 56.32
1826 21.94 66.38
1827 -27.05 -26.95
1828 4.02 -29.87
1829 27.83 -21.56
1830 -51.74 -50.96
1831 -35.25 61.85
1832 28.54 52.03
1833 26.34 -27.78
1834 42.31 62.61
1835 -21.79 -39.51
1836 2.18 -48.01
1837 -21.17 47.06
1838 66.69 -33.71
1839 58.99 8.9
1840 43.66 50.47
1841 42.33 61.86
1842 -38.42 27.04
1843 -16.56 -22.55
1844 -8.98 -52.28
1845 13.18 -43.1
1846 66.88 -54.86
1847 41.91 -19.45
1848 64.74 -28.62
1849 21.21 -61.24
1850 -17.48 -59.9
1851 -24.36 52.78
1852 26.06 3.54
1853 -6.93 59.15
1854 -63.51 -5.73
1855 -50.82 -64.03
1856 -38.66 -25.16
1857 -52.66 -56.04
1858 -44.2 -37.18
1859 4.43 45.48
1860 1.08 -6.25
1861 32.19 18.35
1862 -48.95 3.64
1863 59.83 -17.86
1864 -26.34 -24.38
1865 -2.46 -18.67
1866 -2.4 58.79
1867 18.86 40.85
1868 -19.3 -27.96
1869 49.03 16.72
1870 -13.96 -3.8
1871 -21.04 -38.3
1872 -8.24 -66.43
1873 -16.14 -64.4
1874 -10.47 -35.93
1875 -29.99 -49.28
1876 63.93 -37.31
1877 -63.6 20.51
1878 -14.43 20.88
1879 -53.01 -22.9
1880 58.38 8.47
1881 -40.43 36.62
1882 65.59 -16.77
1883 18.86 14.4
1884 12.82 65.28
1885 -49.3 27.02
1886 -46.62 35.74
1887 43.61 -33.92
1888 -17.5 49.56
1889 55.3 48.88
1890 -24.75 19.01
1891 64.71 62.93
1892 25.17 30.51
1893 20.04 7.73
1894 -41.96 39.33
1895 -35.12 57.1
1896 -55.68 -50.59
1897 -62.37 -37.92
1898 -31.13 3.78
1899 -30.39 46.41
1900 -0.96 -3.07
1901 -7.5 24.18
1902 -57.8 8.08
1903 -13.32 -15.06
1904 -44.89 -53.02
1905 -31.14 63.91
1906 20.92 31.16
1907 3.92 46.91
1908 -24.02 29.4
1909 -0.84 -17.5
1910 -57.13 21.09
1911 27.29 12.49
1912 -38.33 48.97
1913 25.98 -4.79
1914 50.09 34.74
1915 50.04 -58.89
1916 -4.69 45.62
1917 11.39 64.17
1918 -28.76 -12.01
1919 57.94 -1.28
1920 26.53 38.79
1921 -29.13 -35.95
1922 -19.57 2.75
1923 25.39 -20.24
1924 -19.45 -39.13
1925 -65.51 35.88
1926 61.61 23.37
1927 8.91 21.87
1928 -7.9 -28
1929 44.28 56.29
1930 4.17 -6.5
1931 -57.2 -66.69
1932 25.61 -40.49
1933 -15.17 58.44
1934 0.82 65.86
1935 39.46 52.21
1936 -17.91 -24.43
1937 13.69 -62.56
1938 -9.28 54.47
1939 -28.81 -9.13
1940 -29.5 -22.11
1941 -2.55 57.99
1942 31.88 16.62
1943 -14.11 58.74
1944 -18.57 27.22
1945 36.93 -53.65
1946 24.85 -49.21
1947 31.8 -48.13
1948 51.52 -42.51
1949 20.31 -60.96
1950 26.87 -63.57
1951 -19.45 9.53
1952 11.52 10.34
1953 63.05 34.7
1954 41.64 14.62
1955 -15.29 7.79
1956 6.04 -57.4
1957 23.84 -18.59
1958 -1.98 -28.22
1959 -10.52 3.03
1960 -11.02 10.54
1961 -10.36 -35.03
1962 -65.68 65.49
1963 55.96 -17.31
1964 -63.63 28.4
1965 62.6 7.71
1966 -65.67 -29.58
1967 13.73 38.28
1968 -45.98 -35.36
1969 34.1 48.39
1970 -60.08 -53.8
1971 -60.21 47.57
1972 -15.34 13.83
1973 -59.48 15.57
1974 61.01 7.39
1975 -10.77 39.54
1976 34.53 -53.14
1977 18.33 -41.46
1978 21.46 -0.5
1979 39.41 8.03
1980 64.08 5.74
1981 -46.94 51.23
1982 2.98 -55.73
1983 40.81 -10.55
1984 -39.7 17.02
1985 -34.75 -9.49
1986 -26.78 7.41
1987 65.1 57.46
1988 -40.84 -55.26
1989 -21.03 -65.25
1990 -38.16 -41.29
1991 -22.3 -27.36
1992 52.06 -56.57
1993 42.9 -12.55
1994 -12.58 5.39
1995 -38.94 -9.39
1996 -62.58 37.08
1997 -44.19 44.16
1998 -29.35 34.38
1999 -10.34 -50.19
2000 -46.17 -18.73
2001 42.34 28.28
2002 -54.78 2.13
2003 -36.57 -43.02
2004 -12.69 -55.82
2005 55.47 -12.29
2006 -61.99 6
2007 51.97 4.25
2008 -32.47 60.26
2009 -61.32 -66.26
2010 -62.25 12.34
2011 19.95 -4.03
2012 8.5 29.58
2013 36.39 14.79
2014 -28.58 -40.24
2015 17.03 48.22
2016 11.04 -60.85
2017 -66.54 57.98
2018 5.07 -33.66
2019 -65.72 61.19
2020 -37.58 7.71
2021 2.16 41.88
2022 -50.35 -44.3
2023 -80.1818 66.6618
2024 -74.1818 61.2418
2025 -64.1818 81.1118
2026 -69.1818 54.4118
2027 -66.1818 58.1418
2028 -75.1818 67.8518
2029 -53.1818 61.3318
2030 -52.1818 73.5118
2031 -78.1818 74.8218
2032 -53.1818 66.2618
2033 -57.1818 54.2518
2034 -64.1818 66.2418
2035 -75.1818 56.0218
2036 -67.1818 67.3518
2037 -63.1818 80.1818
2038 -83.1818 66.9818
2039 -57.1818 61.5218
2040 -60.1818 79.2618
2041 -78.1818 75.4318
2042 -54.1818 77.2318
2043 -67.1818 57.8818
2044 -56.1818 69.8218
2045 -56.1818 73.5518
2046 -71.1818 72.1318
2047 -73.1818 51.7318
2048 -70.1818 69.6918
2049 -76.1818 59.4318
2050 -72.1818 56.5018
2051 -73.1818 65.0318
2052 -75.1818 57.9518
2053 -74.1818 59.5418
2054 -81.1818 57.9218
2055 -77.1818 54.0718
2056 -51.1818 67.0118
2057 -70.1818 65.0018
2058 -78.1818 65.0618
2059 -65.1818 56.6318
2060 -67.1818 64.8518
2061 -59.1818 58.0918
2062 -54.1818 77.9918
2063 -69.1818 59.3518
2064 -58.1818 62.9318
2065 -56.1818 77.0918
2066 -71.1818 62.1118
2067 -53.1818 65.1618
2068 -73.1818 65.1718
2069 -68.1818 57.7318
2070 -77.1818 76.5418
2071 -52.1818 68.1618
2072 -79.1818 74.4918
2073 -54.1818 60.2718
2074 -64.1818 83.9018
2075 -73.1818 59.6418
2076 -82.1818 73.1018
2077 -69.1818 59.6618
2078 -55.1818 63.9018
2079 -75.1818 56.9618
2080 -70.1818 78.2318
2081 -59.1818 70.9218
2082 -70.1818 58.4918
2083 -67.1818 81.9318
2084 -61.1818 60.2718
2085 -68.1818 62.4718
2086 -51.1818 69.8918
2087 -83.1818 65.8018
2088 -83.1818 67.1718
2089 -54.1818 71.5618
2090 -55.1818 70.3218
2091 -76.1818 64.7718
2092 -65.1818 64.4818
2093 -78.1818 74.1718
2094 -62.1818 59.4518
2095 -75.1818 71.1918
2096 -71.1818 64.1518
2097 -82.1818 70.7518
2098 -58.1818 62.5718
2099 -65.1818 59.7018
2100 -76.1818 54.7018
2101 -67.1818 78.6218
2102 -61.1818 74.9718
2103 -68.1818 54.0418
2104 -80.1818 68.2318
2105 -66.1818 64.8618
2106 -56.1818 57.2418
2107 -74.1818 67.4618
2108 -66.1818 57.5518
2109 -67.1818 83.0418
2110 -61.1818 59.7518
2111 -78.1818 77.7618
2112 -65.1818 79.7618
2113 -54.1818 69.6718
2114 -78.1818 74.8318
2115 -56.1818 67.9918
2116 -75.1818 54.3318
2117 -57.1818 65.6418
2118 -83.1818 72.1218
2119 -68.1818 80.4418
2120 -60.1818 54.4818
2121 -78.1818 67.2918
2122 -69.1818 61.0818
2123 -61.1818 73.3118
2124 -66.1818 80.2318
2125 -82.1818 73.9318
2126 -64.1818 80.6718
2127 -53.1818 68.1818
2128 -61.1818 79.6318
2129 -51.1818 64.5418
2130 -63.1818 55.9918
2131 -77.1818 60.5718
2132 -67.1818 64.6818
2133 -72.1818 82.8518
2134 -64.1818 73.2418
2135 -61.1818 78.4218
2136 -83.1818 65.6218
2137 -71.1818 57.2418
2138 -55.1818 75.4718
2139 -67.1818 62.9518
2140 -63.1818 83.5718
2141 -60.1818 68.4818
2142 -77.1818 60.9118
2143 -78.1818 64.7718
2144 -57.1818 79.8418
2145 -82.1818 61.9518
2146 -55.1818 64.3218
2147 -68.1818 79.2918
2148 -80.1818 73.6918
2149 -63.1818 76.5718
2150 -79.1818 76.4018
2151 -64.1818 75.7618
2152 -55.1818 64.1318
2153 -60.1818 77.2218
2154 -51.1818 66.7418
2155 -71.1818 70.6218
2156 -79.1818 71.4518
2157 -69.1818 83.8818
2158 -72.1818 73.4918
2159 -53.1818 69.8018
2160 -63.1818 71.8018
2161 -80.1818 71.3818
2162 -83.1818 67.0018
2163 -65.1818 77.1718
2164 -75.1818 60.0818
2165 -51.1818 71.1918
2166 -67.1818 56.7018
2167 -67.1818 60.9918
2168 -64.1818 65.2418
2169 -76.1818 53.0218
2170 -71.1818 80.8918
2171 -60.1818 61.3118
2172 -74.1818 59.5918
2173 -67.1818 64.3618
2174 -62.1818 55.1118
2175 -78.1818 69.7918
2176 -61.1818 67.7118
2177 -69.1818 56.4218
2178 -53.1818 65.0918
2179 -52.1818 64.9518
2180 -62.1818 71.8418
2181 -55.1818 64.2018
2182 -75.1818 61.5218
2183 -62.1818 77.6418
2184 -83.1818 65.5018
2185 -76.1818 61.5418
2186 -63.1818 70.0818
2187 -52.1818 73.0418
2188 -72.1818 53.6518
2189 -81.1818 66.7018
2190 -53.1818 60.0818
2191 -61.1818 72.7118
2192 -83.1818 68.0718
2193 -52.1818 72.8418
2194 -72.1818 65.3718
2195 -60.1818 74.3718
2196 -82.1818 71.4818
2197 -79.1818 58.5118
2198 -54.1818 65.2818
2199 -54.1818 67.8818
2200 -75.1818 68.5718
2201 -59.1818 67.6918
2202 -69.1818 59.2918
2203 -77.1818 80.3818
2204 -72.1818 53.0618
2205 -61.1818 56.6818
2206 -68.1818 60.0018
2207 -52.1818 66.1318
2208 -52.1818 65.7818
2209 -61.1818 64.1318
2210 -67.1818 57.5818
2211 -81.1818 70.3418
2212 -54.1818 71.7018
2213 -71.1818 52.1818
2214 -57.1818 54.4218
2215 -58.1818 72.0618
2216 -66.1818 75.4618
2217 -79.1818 67.7018
2218 -62.1818 53.2818
2219 -66.1818 62.8918
2220 -61.1818 67.2718
2221 -81.1818 75.4118
2222 -70.1818 72.8618
2223 -74.1818 51.5818
2224 -64.1818 56.6718
2225 -70.1818 81.9018
2226 -76.1818 63.7318
2227 -57.1818 57.6418
2228 -77.1818 69.7818
2229 -78.1818 60.8818
2230 -61.1818 55.1118
2231 -73.1818 82.1118
2232 -77.1818 76.3718
2233 -80.1818 77.0618
2234 -81.1818 75.0818
2235 -66.1818 65.2518
2236 -70.1818 66.5018
2237 -52.1818 60.6818
2238 -51.1818 70.2718
2239 -82.1818 71.8218
2240 -61.1818 77.8518
2241 -78.1818 78.9118
2242 -57.1818 74.8718
2243 -67.1818 60.4218
2244 -64.1818 53.5818
2245 -68.1818 55.7418
2246 -81.1818 71.7818
2247 -67.1818 63.8418
2248 -72.1818 81.7918
2249 -78.1818 58.9218
2250 -70.1818 68.2718
2251 -68.1818 74.9818
2252 -67.1818 57.7818
2253 -58.1818 52.9718
2254 -61.1818 69.9418
2255 -73.1818 53.0718
2256 -59.1818 62.5818
2257 -65.1818 59.3918
2258 -53.1818 67.0318
2259 -83.1818 71.3818
2260 -70.1818 71.5118
2261 -59.1818 63.4418
2262 -62.1818 57.7218
2263 -71.1818 82.3618
2264 -65.1818 52.6018
2265 -52.1818 70.2018
2266 -53.1818 72.6118
2267 -78.1818 57.5418
2268 -65.1818 74.7418
2269 -69.1818 61.9218
2270 -68.1818 58.7618
2271 -76.1818 66.8718
2272 -70.1818 82.7918
2273 -79.1818 70.2518
2274 -68.1818 75.3818
2275 -59.1818 55.5618
2276 -67.1818 60.3618
2277 -83.1818 63.8418
2278 -78.1818 75.5018
2279 -60.1818 78.0518
2280 -72.1818 57.8018
2281 -62.1818 60.7118
2282 -80.1818 66.6518
2283 -70.1818 54.9818
2284 -76.1818 56.3618
2285 -51.1818 71.3718
2286 -67.1818 62.9718
2287 -61.1818 64.9918
2288 -69.1818 65.1118
2289 -79.1818 62.3818
2290 -59.1818 60.4118
2291 -59.1818 71.9518
2292 -71.1818 72.4518
2293 -78.1818 76.4018
2294 -71.1818 82.8418
2295 -67.1818 73.0818
2296 -82.1818 72.1518
2297 -57.1818 71.2618
2298 -78.1818 67.3518
2299 -66.1818 55.0818
2300 -83.1818 71.7818
2301 -70.1818 53.5318
2302 -63.1818 79.7618
2303 -67.1818 57.1718
2304 -69.1818 54.5118
2305 -79.1818 56.3018
2306 -54.1818 60.0118
2307 -78.1818 72.5618
2308 -72.1818 51.2118
2309 -60.1818 57.2218
2310 -73.1818 64.7118
2311 -65.1818 81.5118
2312 -63.1818 76.7718
2313 -51.1818 70.9718
2314 -78.1818 66.7618
2315 -74.1818 52.5018
2316 -51.1818 69.7018
2317 -77.1818 74.5218
2318 -67.1818 50.7218
2319 -80.1818 75.8518
2320 -83.1818 64.5218
2321 -61.1818 75.7818
2322 -67.1818 52.2518
2323 -67.1818 63.5118
2324 -73.1818 59.7218
2325 -51.1818 63.7918
2326 -78.1818 70.6118
2327 -53.1818 63.3418
2328 -57.1818 59.9518
2329 -58.1818 75.2018
2330 -75.1818 55.5418
2331 -76.1818 67.7618
2332 -53.1818 64.6218
2333 -73.1818 53.6118
2334 -59.1818 60.1318
2335 -69.1818 70.3418
2336 -65.1818 73.4018
2337 -76.1818 76.5618
2338 -54.1818 62.1818
2339 -58.1818 57.8218
2340 -59.1818 76.3518
2341 -72.1818 64.0718
2342 -77.1818 54.7718
2343 -59.1818 81.1418
2344 -74.1818 71.1618
2345 -76.1818 54.2518
2346 -53.1818 72.8618
2347 -80.1818 60.5318
2348 -56.1818 61.8718
2349 -71.1818 66.8918
2350 -58.1818 53.3818
2351 -83.1818 71.4718
2352 -58.1818 73.7118
2353 -77.1818 54.4118
2354 -69.1818 73.0018
2355 -76.1818 75.4118
2356 -52.1818 60.1718
2357 -61.1818 64.8818
2358 -65.1818 81.1018
2359 -67.1818 73.2818
2360 -79.1818 77.1018
2361 -73.1818 80.9318
2362 -71.1818 76.2418
2363 -51.1818 70.4818
2364 -51.1818 64.8818
2365 -67.1818 55.5918
2366 -63.1818 69.6818
2367 -67.1818 73.2518
2368 -79.1818 71.6318
2369 -69.1818 54.1818
2370 -77.1818 62.4818
2371 -77.1818 62.4118
2372 -71.1818 78.8818
2373 -67.1818 73.8818
2374 -66.1818 62.5918
2375 -79.1818 57.8618
2376 -67.1818 80.7818
2377 -73.1818 73.0718
2378 -63.1818 73.3918
2379 -56.1818 79.0718
2380 -77.1818 75.6518
2381 -79.1818 73.9218
2382 -70.1818 73.9418
2383 -58.1818 73.1118
2384 -63.1818 68.8218
2385 -73.1818 67.8918
2386 -69.1818 65.6518
2387 -58.1818 59.9918
2388 -69.1818 60.3418
2389 -74.1818 63.0318
2390 -60.1818 69.7018
2391 -52.1818 72.3418
2392 -54.1818 65.3918
2393 -64.1818 54.5518
2394 -58.1818 63.4118
2395 -70.1818 52.1818
2396 -69.1818 63.5918
2397 -77.1818 65.3918
2398 -76.1818 75.0318
2399 -77.1818 60.5718
2400 -57.1818 53.6218
2401 -79.1818 67.4718
2402 -78.1818 62.8418
2403 -59.1818 54.0818
2404 -76.1818 77.9418
2405 -82.1818 66.1018
2406 -83.1818 64.3218
2407 -76.1818 67.2518
2408 -70.1818 81.3618
2409 -61.1818 56.9618
2410 -63.1818 54.0418
2411 -67.1818 65.3518
2412 -77.1818 56.3418
2413 -78.1818 56.0518
2414 -56.1818 80.0518
2415 -77.1818 57.8118
2416 -68.1818 69.4218
2417 -54.1818 63.0218
2418 -79.1818 69.4118
2419 -57.1818 74.3318
2420 -52.1818 67.7118
2421 -60.1818 58.1218
2422 -80.1818 57.8118
2423 -63.1818 60.0318
2424 -80.1818 77.2318
2425 -58.1818 67.1518
2426 -73.1818 60.2518
2427 -80.1818 72.9118
2428 -75.1818 70.6918
2429 -73.1818 56.6318
2430 -60.1818 59.7418
2431 -80.1818 66.5618
2432 -63.1818 55.7018
2433 -53.1818 74.5118
2434 -60.1818 59.0318
2435 -62.1818 69.9818
2436 -77.1818 69.3818
2437 -55.1818 71.1118
2438 -61.1818 75.7618
2439 -51.1818 64.2118
2440 -52.1818 72.6018
2441 -81.1818 75.9918
2442 -55.1818 69.2018
2443 -55.1818 59.6118
2444 -80.1818 71.4918
2445 -55.1818 65.5318
2446 -79.1818 69.3218
2447 -67.1818 78.3818
2448 -76.1818 54.9618
2449 -58.1818 55.2618
2450 -59.1818 80.7018
2451 -64.1818 73.7118
2452 -56.1818 66.5918
2453 -53.1818 59.4618
2454 -62.1818 55.2018
2455 -76.1818 68.5618
2456 -51.1818 67.3718
2457 -61.1818 78.5218
2458 -82.1818 66.5318
2459 -79.1818 58.8318
2460 -60.1818 57.2918
2461 -52.1818 72.2018
2462 -53.1818 70.9418
2463 -83.1818 62.5718
2464 -67.1818 60.7418
2465 -70.1818 52.9618
2466 -71.1818 72.6418
2467 -51.1818 66.0518
2468 -77.1818 66.7918
2469 -55.1818 61.3818
2470 -79.1818 63.0018
2471 -54.1818 69.5418
2472 -82.1818 67.2518
2473 -68.1818 74.8418
2474 -83.1818 69.6918
2475 -82.1818 66.7218
2476 -65.1818 65.3218
2477 -55.1818 77.2118
2478 -64.1818 72.2018
2479 -79.1818 58.5318
2480 -52.1818 59.4118
2481 -64.1818 81.8518
2482 -81.1818 62.1718
2483 -64.1818 70.6118
2484 -56.1818 78.6118
2485 -55.1818 64.1818
2486 -75.1818 56.8018
2487 -53.1818 75.5618
2488 -75.1818 80.1718
2489 -60.1818 66.6718
2490 -58.1818 52.8418
2491 -77.1818 68.4718
2492 -54.1818 65.0318
2493 -51.1818 71.1318
2494 -65.1818 62.5818
2495 -53.1818 60.4318
2496 -66.1818 73.6418
2497 -63.1818 75.7218
2498 -68.1818 69.7218
2499 -73.1818 63.1518
2500 -51.1818 64.2118
2501 -54.1818 62.0018
2502 -70.1818 59.9918
2503 -76.1818 54.3318
2504 -64.1818 68.4718
2505 -65.1818 77.6718
2506 -76.1818 54.7418
2507 -57.1818 63.8618
2508 -76.1818 69.9818
2509 -68.1818 60.0218
2510 -67.1818 83.3818
2511 -53.1818 69.2918
2512 -58.1818 57.4018
2513 -59.1818 55.6318
2514 -81.1818 59.6318
2515 -72.1818 68.9818
2516 -76.1818 59.3518
2517 -66.1818 81.1718
2518 -79.1818 65.1718
2519 -62.1818 55.8618
2520 -81.1818 75.5718
2521 -68.1818 62.7818
2522 -67.1818 79.2918
2523 -79.1818 69.9918
2524 -58.1818 52.6418
2525 -67.1818 50.5918
2526 -80.1818 59.3918
2527 -53.1818 59.9318
2528 -57.1818 59.4918
2529 -72.1818 72.2318
2530 -65.1818 56.0218
2531 -54.1818 77.7218
2532 -58.1818 71.5218
2533 -76.1818 80.5718
2534 -57.1818 63.6618
2535 -57.1818 58.5018
2536 -66.1818 55.8318
2537 -52.1818 61.5118
2538 -81.1818 68.7318
2539 -68.1818 83.5718
2540 -52.1818 60.3718
2541 -64.1818 54.3218
2542 -61.1818 77.7818
2543 -56.1818 72.5718
2544 -63.1818 64.5318
2545 -77.1818 62.3618
2546 -58.1818 79.2118
2547 -58.1818 77.2218
2548 -54.1818 74.3718
2549 -78.1818 75.3618
2550 -60.1818 53.4018
2551 -66.1818 73.4318
2552 -75.1818 57.1318
2553 -66.1818 67.6818
2554 -57.1818 59.1418
2555 -76.1818 64.6118
2556 -83.1818 66.0418
2557 -63.1818 62.5818
2558 -73.1818 74.6218
2559 -68.1818 78.2718
2560 -72.1818 58.4318
2561 -64.1818 50.8018
2562 -76.1818 56.5218
2563 -56.1818 66.0718
2564 -57.1818 74.7718
2565 -75.1818 67.8718
2566 -54.1818 73.6918
2567 -56.1818 61.3918
2568 -58.1818 79.5618
2569 -82.1818 64.9618
2570 -67.1818 67.7618
2571 -79.1818 77.4118
2572 -64.1818 58.0618
2573 -78.1818 76.9918
2574 -81.1818 71.5718
2575 -76.1818 69.9918
2576 -75.1818 80.8218
2577 -66.1818 60.3418
2578 -56.1818 63.2918
2579 -72.1818 52.5218
2580 -55.1818 65.4818
2581 -59.1818 80.4318
2582 -55.1818 70.1118
2583 -68.1818 53.5218
2584 -67.1818 59.8918
2585 -83.1818 67.2718
2586 -70.1818 63.7818
2587 -76.1818 56.7918
2588 -67.1818 67.3618
2589 -56.1818 63.0618
2590 -62.1818 81.1318
2591 -53.1818 71.8518
2592 -68.1818 65.5018
2593 -80.1818 70.2618
2594 -70.1818 61.1618
2595 -74.1818 68.7318
2596 -52.1818 60.6718
2597 -73.1818 76.9518
2598 -59.1818 79.0218
2599 -81.1818 67.4718
2600 -75.1818 74.6018
2601 -76.1818 57.2618
2602 -82.1818 66.2218
2603 -61.1818 52.0918
2604 -75.1818 53.5218
2605 -78.1818 66.8318
2606 -67.1818 71.6718
2607 -57.1818 57.2918
2608 -66.1818 81.5918
2609 -74.1818 81.2718
2610 -67.1818 69.1518
2611 -70.1818 60.5318
2612 -60.1818 81.5718
2613 -74.1818 55.7618
2614 -69.1818 82.7818
2615 -56.1818 75.1018
2616 -54.1818 76.6918
2617 -74.1818 67.1618
2618 -59.1818 55.9818
2619 -60.1818 80.9318
2620 -55.1818 56.9118
2621 -77.1818 71.1818
2622 -80.1818 66.6018
2623 -73.1818 55.3918
2624 -64.1818 67.3118
2625 -70.1818 63.1018
2626 -60.1818 65.1318
2627 -69.1818 63.0718
2628 -52.1818 61.8518
2629 -62.1818 65.8818
2630 -61.1818 62.1518
2631 -80.1818 77.2518
2632 -69.1818 72.1118
2633 -60.1818 70.0518
2634 -63.1818 52.7918
2635 -83.1818 67.4918
2636 -75.1818 71.2818
2637 -55.1818 61.4418
2638 -65.1818 65.5218
2639 -80.1818 74.2718
2640 -56.1818 66.6618
2641 -62.1818 82.1418
2642 -73.1818 51.8418
2643 -52.1818 69.4818
2644 -69.1818 58.3218
2645 -60.1818 56.7518
2646 -67.1818 68.6018
2647 -64.1818 70.6018
2648 -59.1818 81.8618
2649 -81.1818 67.1818
2650 -72.1818 53.8518
2651 -77.1818 71.0218
2652 -74.1818 62.9018
2653 -51.1818 69.7318
2654 -57.1818 53.8118
2655 -73.1818 72.6518
2656 -57.1818 59.4718
2657 -53.1818 65.7518
2658 -74.1818 61.2418
2659 -78.1818 66.6518
2660 -62.1818 71.0518
2661 -71.1818 65.9718
2662 -82.1818 59.6818
2663 -70.1818 62.6518
2664 -72.1818 64.2518
2665 -57.1818 64.6918
2666 -60.1818 70.4318
2667 -56.1818 67.1018
2668 -76.1818 70.9218
2669 -63.1818 56.6318
2670 -77.1818 57.9018
2671 -82.1818 72.4718
2672 -81.1818 62.4118
2673 -68.1818 56.4918
2674 -82.1818 69.0718
2675 -70.1818 71.5118
2676 -65.1818 69.8218
2677 -62.1818 51.9718
2678 -72.1818 52.4418
2679 -82.1818 69.7818
2680 -60.1818 75.6618
2681 -59.1818 78.3918
2682 -74.1818 55.7618
2683 -75.1818 78.0918
2684 -82.1818 75.0918
2685 -67.1818 75.8618
2686 -55.1818 79.1318
2687 -74.1818 72.5418
2688 -71.1818 65.0118
2689 -53.1818 61.6718
2690 -76.1818 57.0218
2691 -79.1818 76.8218
2692 -69.1818 60.5918
2693 -81.1818 73.2518
2694 -76.1818 70.0018
2695 -66.1818 57.6918
2696 -64.1818 74.8418
2697 -80.1818 61.8418
2698 -68.1818 65.0018
2699 -61.1818 66.1618
2700 -53.1818 69.9518
2701 -61.1818 81.6918
2702 -52.1818 65.2618
2703 -76.1818 72.7518
2704 -53.1818 60.3918
2705 -67.1818 82.9818
2706 -69.1818 57.1118
2707 -77.1818 78.2518
2708 -66.1818 83.6018
2709 -66.1818 63.8018
2710 -75.1818 58.5018
2711 -67.1818 57.6318
2712 -68.1818 54.6018
2713 -82.1818 61.9618
2714 -69.1818 69.1218
2715 -72.1818 59.1118
2716 -52.1818 65.2618
2717 -67.1818 51.9118
2718 -83.1818 69.8618
2719 -73.1818 66.4218
2720 -67.1818 56.8318
2721 -70.1818 82.4618
2722 -70.1818 76.1818
2723 -70.1818 56.5918
2724 -73.1818 61.4118
2725 -72.1818 65.8418
2726 -60.1818 58.7918
2727 -54.1818 75.2218
2728 -53.1818 58.6318
2729 -58.1818 80.7118
2730 -82.1818 69.4818
2731 -62.1818 60.6718
2732 -57.1818 54.8918
2733 -71.1818 80.9718
2734 -83.1818 67.0518
2735 -81.1818 72.5918
2736 -81.1818 60.9918
2737 -63.1818 51.1118
2738 -68.1818 50.4018
2739 -56.1818 72.8118
2740 -81.1818 59.1218
2741 -71.1818 55.3218
2742 -76.1818 76.4818
2743 -67.1818 50.8618
2744 -67.1818 60.6918
2745 -83.1818 72.1318
2746 -83.1818 71.6418
2747 -61.1818 71.2318
2748 -71.1818 72.3318
2749 -67.1818 76.1318
2750 -73.1818 63.1418
2751 -82.1818 62.0218
2752 -68.1818 64.4318
2753 -57.1818 54.9518
2754 -69.1818 82.2318
2755 -65.1818 56.5218
2756 -68.1818 82.7118
2757 -59.1818 69.0718
2758 -66.1818 70.4318
2759 -67.1818 58.6318
2760 -78.1818 65.7518
2761 -67.1818 54.5718
2762 -51.1818 63.6918
2763 -75.1818 76.2818
2764 -63.1818 63.3418
2765 -81.1818 74.0418
2766 -72.1818 71.4718
2767 -75.1818 52.4018
2768 -57.1818 71.1818
2769 -66.1818 71.8918
2770 -65.1818 56.1218
2771 -57.1818 62.0118
2772 -54.1818 69.5118
2773 -51.1818 71.1518
2774 -62.1818 53.6918
2775 -82.1818 68.2018
2776 -82.1818 64.6918
2777 -77.1818 66.4318
2778 -58.1818 73.2518
2779 -67.1818 52.9218
2780 -68.1818 59.3018
2781 -67.1818 83.2018
2782 -68.1818 71.6918
2783 -55.1818 74.7518
2784 -67.1818 63.4318
2785 -65.1818 78.3718
2786 -58.1818 54.5918
2787 -75.1818 78.4718
2788 -57.1818 74.0218
2789 -60.1818 61.2718
2790 -67.1818 57.6918
2791 -71.1818 55.1418
2792 -57.1818 73.9618
2793 -82.1818 70.8918
2794 -55.1818 67.0118
2795 -54.1818 59.5718
2796 -52.1818 73.6018
2797 -83.1818 62.2618
2798 -79.1818 55.6918
2799 -72.1818 68.0118
2800 -54.1818 68.8318
2801 -63.1818 71.2018
