%%index real_part   imaginary_part
1679 1679 1679
1 4.15 6.17
2 9.16 6.46
3 10.31 4.69
4 14.38 6.89
5 13.56 7.45
6 14.4 9.68
7 15.23 12.16
8 3.13 10.14
9 15.15 1.44
10 2.5 4.09
11 5.55 5.39
12 7.14 8.68
13 7.23 5.93
14 4.76 16.45
15 17.16 9.42
16 7.12 15.16
17 13.14 3.31
18 8.01 16.28
19 14.69 5.45
20 4.42 4.39
21 5.6 1.77
22 13.94 0.83
23 2.49 12.35
24 13.79 17.07
25 12.68 17.65
26 14.56 16.3
27 16.5 0.23
28 15.68 3.7
29 11.68 15.25
30 16.2 2.45
31 17.61 10.84
32 14.15 5.32
33 13.12 4.27
34 1.25 13.68
35 9.6 9.81
36 3.11 5.67
37 16.02 15.2
38 1.07 17.05
39 7.64 10.04
40 9.69 14.86
41 4.68 2.32
42 2.55 15.77
43 10.99 12.71
44 9.96 0.24
45 12.21 4.67
46 15.51 17.68
47 5 3.34
48 7.61 11.67
49 7.35 0.12
50 1.46 8.86
51 6.06 16.95
52 5.67 4.57
53 13.14 13.6
54 5.64 6.74
55 13.13 2.78
56 14.62 6.85
57 4.62 17.81
58 12.52 17.17
59 8.93 15.62
60 2.29 14.01
61 5.21 12.66
62 16 9.33
63 3 10.22
64 1.86 15.14
65 15.52 1.87
66 10.35 12.84
67 17.41 3.58
68 8.71 16.02
69 14.29 4.07
70 6.85 5.87
71 12.73 9.42
72 0.75 12.99
73 12.17 8.87
74 6.49 13.28
75 0.81 12.62
76 7.29 0.31
77 9.64 6.02
78 7.76 14.81
79 11.95 4.16
80 15.55 1.15
81 13.99 9.48
82 4.58 7.9
83 15.45 4.93
84 0.52 13.29
85 1.17 11.74
86 3.16 16.9
87 11.89 5.42
88 14.29 3.91
89 8.71 15.58
90 10.21 12.31
91 4.14 1.04
92 16.59 9.02
93 5.83 5.3
94 0.98 15.87
95 17.02 17.79
96 0.79 16.53
97 6.44 4.54
98 0.99 5.37
99 10.19 3.89
100 7.15 1.51
101 0.41 2.88
102 17.82 10.31
103 5.74 12.31
104 9.89 14.11
105 17.94 5.98
106 7.02 11.62
107 2.64 13.6
108 0.9 5.61
109 3.49 0
110 17.79 1.88
111 9.94 12.03
112 8.09 10.1
113 15.47 16.38
114 11.79 9.08
115 10.6 17.18
116 11.58 0.94
117 2.77 2.53
118 14.84 11.4
119 17.04 8.51
120 6.01 16.26
121 9.88 16.98
122 12.59 13.04
123 10.17 4.05
124 4.05 5.01
125 16.42 5.18
126 17.22 13.36
127 5.46 8.36
128 6.74 7.31
129 7.92 12.45
130 11.64 10.05
131 2.51 10.04
132 12.57 14.74
133 8.15 5.28
134 5.31 0.94
135 17.2 16.71
136 7.21 11.33
137 15.89 0.6
138 4.65 11.32
139 16.34 8.06
140 13.25 8.7
141 4.06 14.76
142 5.12 3.99
143 2.82 1.04
144 13.5 3.38
145 4.95 2.26
146 12.3 7.14
147 13.4 7.46
148 4.26 6.88
149 7.82 3.55
150 2.26 9.57
151 12.42 16.54
152 17.14 9.48
153 12.32 10.31
154 9.9 13.32
155 4.02 10.66
156 16.94 14.67
157 10.18 17.61
158 0.65 4.06
159 16.96 4.52
160 6.79 14.15
161 12.81 3.91
162 2.89 1.09
163 7.97 8.22
164 3.29 7.15
165 8.25 7.31
166 15.37 15.08
167 16.08 2.67
168 4.51 14.52
169 9.84 10.4
170 12.59 14.41
171 2.6 5.38
172 4.99 11.53
173 7.12 12.78
174 17.3 15.17
175 2.84 6.08
176 1.52 6.09
177 16.71 7.18
178 6.92 4.41
179 11.57 16.2
180 5.52 1.73
181 16.81 1.82
182 14.01 2.89
183 8.93 6.41
184 16.82 0.52
185 6.45 10.29
186 15.68 2.93
187 14.46 0.57
188 13.35 12.19
189 0.88 3.58
190 1.19 4.18
191 1.79 3.73
192 2.43 2.71
193 16.64 0.5
194 16.71 9.35
195 11.08 1.73
196 3.55 13.75
197 8.16 1.42
198 7.83 9.09
199 9.61 8.62
200 0.91 16.17
201 1.1 7.59
202 8.16 8.11
203 2.31 15.57
204 10.67 13.04
205 17.22 3.19
206 16.44 11.86
207 6.09 10.53
208 2.56 0.87
209 1.74 14.26
210 15.99 10.79
211 16.06 12.83
212 5.77 11.07
213 2.16 6.22
214 6.36 13.6
215 11.78 11.77
216 10.88 7.28
217 15.39 4.4
218 11.49 1.05
219 14.09 9.22
220 3.94 4.17
221 7.55 4.83
222 15.36 2.38
223 12.78 5.17
224 1.43 9.44
225 2.23 14.52
226 0.87 8.94
227 2.01 0.29
228 16.04 6.64
229 11.77 4.17
230 7.47 4.4
231 3.2 15.07
232 1.47 0.35
233 10.92 10.12
234 1.34 12.97
235 8.66 7.01
236 3.36 14.8
237 8.71 16.21
238 3.38 10.25
239 1.69 3.49
240 9.53 14.33
241 5.28 3.93
242 13.74 1.93
243 0.09 7.29
244 2.99 11.78
245 7.71 11.86
246 8.93 10.46
247 2.33 10.91
248 3.03 1.93
249 14.9 13.26
250 11.79 13.9
251 10.7 5.56
252 13.29 15.16
253 7.41 1.41
254 14.42 8.2
255 4.53 9.1
256 4.55 15.48
257 17.41 1.33
258 0.15 0.3
259 3.6 9.02
260 2.89 3.14
261 5.12 11.31
262 13.75 3.34
263 5.27 7.45
264 2.71 8.3
265 13.72 11.69
266 8.77 14.51
267 11.67 6.43
268 17.36 13.59
269 3.79 10.6
270 11.22 5.31
271 2.79 17.84
272 1.18 7.3
273 17.12 11.72
274 2.74 1.33
275 13.99 2.72
276 5.56 15.15
277 10.02 1.11
278 0.08 1.31
279 1.13 6.81
280 10.03 2.8
281 8.83 14.86
282 12.81 10.32
283 5.91 12.02
284 4.62 3.69
285 9 1.22
286 1.07 7.36
287 14.66 3.31
288 6.55 11.77
289 4.62 13.78
290 8.03 9.3
291 15.97 0.61
292 11.24 13.59
293 6.42 7.99
294 6.33 11.32
295 5.64 7.55
296 13.93 16.36
297 8.68 14.47
298 0.01 8.74
299 12.44 14.6
300 15.82 14.15
301 3.52 12.96
302 16.28 8.41
303 2.18 0.18
304 5.49 4.83
305 5.65 6.8
306 16.93 13.52
307 9.11 13.15
308 3.14 10.17
309 13.02 7.05
310 14.6 9.47
311 17.35 0.66
312 6.66 2.06
313 10.8 8.04
314 4.64 6.67
315 12.35 14.76
316 9.73 11.98
317 2.4 -15.87
318 7.57 -8.01
319 4.36 -14.1
320 2.91 -13.06
321 8.58 -10.02
322 5.17 -11.36
323 13.06 -9.21
324 16.26 -17.83
325 0.83 -8.08
326 0.26 -4.39
327 6.45 -0.18
328 8.22 -6.92
329 5.12 -8.77
330 5.54 -4.38
331 16.37 -17.47
332 6.86 -15.27
333 14.8 -10.29
334 6.39 -14.43
335 9.5 -1.16
336 11.18 -0.82
337 12.19 -9.6
338 0.82 -7.87
339 7.71 -7.25
340 15.33 -8.6
341 12.99 -8.54
342 0.24 -7.11
343 14.04 -10.96
344 1.74 -8.47
345 4.37 -10.68
346 10.15 -16.8
347 14.07 -12.26
348 4.55 -17.01
349 4.96 -2.39
350 3.55 -2.47
351 3.29 -14.46
352 15.59 -6.26
353 14.13 -15.48
354 14.25 -7.93
355 16.53 -13.36
356 13.42 -11.58
357 0.7 -3.05
358 5.53 -13.67
359 13.66 -6.26
360 8.46 -7.27
361 15.59 -0.03
362 12.3 -0.61
363 9.14 -3.18
364 5.57 -8.37
365 10.84 -14.1
366 2.09 -9.13
367 15.39 -14.14
368 3.14 -9.2
369 17.13 -3.04
370 16.41 -17.4
371 2.5 -7.18
372 1.75 -3.35
373 17.02 -12.72
374 10.5 -7.29
375 6.08 -12.68
376 4.24 -0.96
377 11.09 -3.68
378 6.86 -8.06
379 16.43 -2.23
380 7.86 -3.96
381 13.09 -0.8
382 14.94 -1.47
383 10.67 -2
384 5.04 -9.6
385 9 -1.32
386 0.02 -12.97
387 16.33 -3.03
388 15.75 -1.78
389 0.59 -6.87
390 11.08 -8.26
391 9.22 -16.19
392 1.87 -15.32
393 14.9 -2.32
394 14.07 -0.26
395 4.22 -4.85
396 5.65 -3.93
397 14.92 -8.83
398 2.35 -12.11
399 3.72 -17.11
400 0.43 -16.91
401 11.89 -4.24
402 7.27 -9.98
403 11.76 -1.74
404 8.61 -5.03
405 4.81 -3.87
406 2.06 -11.21
407 0.05 -14.03
408 7.87 -13.46
409 5.24 -14.95
410 1.81 -3.95
411 17.4 -0.98
412 9.81 -16.98
413 11.1 -5.85
414 4.96 -12.16
415 11.07 -6.34
416 10.58 -14.92
417 6.9 -14.48
418 7.74 -17.86
419 14.41 -0.66
420 14.05 -7.88
421 1.09 -1.22
422 6.77 -16.11
423 11.57 -1.15
424 7.62 -14.65
425 10.12 -16.81
426 17.79 -0.95
427 17.94 -1.04
428 6.89 -1.12
429 4.8 -11.04
430 8.9 -11.86
431 8.78 -7.4
432 3.88 -1.48
433 10.86 -15.68
434 7.86 -3.15
435 11.03 -7.27
436 0.01 -3.91
437 2.02 -3.64
438 14.31 -6.79
439 12.96 -5.12
440 3.93 -3.94
441 4.89 -5.08
442 15.64 -13.25
443 14.37 -14.35
444 7.39 -4.54
445 16.4 -1.18
446 8.58 -7.81
447 9.3 -7.18
448 14.38 -3.98
449 16.65 -11.68
450 10.48 -4.24
451 8.15 -1.2
452 4.85 -10.49
453 8.8 -1.69
454 6.81 -1.16
455 14.62 -13.28
456 9.88 -2.27
457 15.52 -11.04
458 7.39 -7.53
459 12.07 -11.89
460 4.59 -6.31
461 14.12 -10.47
462 9.17 -13.17
463 8.68 -14.94
464 8.63 -5.55
465 1.31 -7.33
466 8.54 -1.11
467 3.12 -0.98
468 2.67 -4.91
469 15.59 -11.93
470 7.21 -1.01
471 3.28 -12.22
472 5.26 -8.62
473 16.15 -0.8
474 12.69 -12.65
475 10.48 -10.22
476 12.21 -8.81
477 3.98 -6.61
478 3.55 -12.9
479 9.97 -4.18
480 3.04 -12.18
481 13.29 -11.28
482 12.26 -3.1
483 8.01 -7.94
484 1.87 -6.45
485 7.46 -5.6
486 9.34 -0.6
487 9.22 -10.74
488 11.54 -14.6
489 0.78 -16.89
490 0.63 -15.76
491 6.57 -11.26
492 9.39 -12.84
493 17.26 -2.07
494 15.78 -12.95
495 16.65 -9.23
496 2.51 -0.82
497 3.92 -3.47
498 11.41 -6.29
499 4.27 -11.93
500 9.05 -13.28
501 5.4 -11.73
502 4.48 -0.4
503 6.52 -6.15
504 14.56 -7.54
505 5.3 -7.3
506 10.09 -15.2
507 1.56 -3.39
508 5.47 -1.48
509 14.43 -0.83
510 1.58 -3.25
511 13.59 -13.09
512 8.08 -13.62
513 1.91 -17.51
514 2.96 -1.49
515 6.29 -6.18
516 9.44 -3.53
517 3.93 -11.69
518 9.36 -5.44
519 12.98 -10.46
520 9.28 -5.93
521 3.13 -9.81
522 13.2 -1.37
523 12.38 -14.21
524 15.04 -10.19
525 13.44 -0.33
526 4.94 -16.63
527 12.25 -9.03
528 0.06 -13.02
529 14.51 -5.68
530 3.39 -12.54
531 16.08 -2.8
532 6.02 -12.83
533 0.27 -2.01
534 3.99 -15.38
535 12.83 -4.77
536 14.58 -13.28
537 6.17 -7.48
538 3.7 -9.79
539 1.98 -10.07
540 10.41 -0.74
541 8.89 -6.95
542 7.5 -15.35
543 10.38 -12.66
544 0.35 -7.57
545 2.11 -6.89
546 1.22 -13.26
547 8.09 -9.71
548 11.73 -7.24
549 14.14 -17.88
550 4.65 -7.24
551 12.04 -8.98
552 16.46 -1.24
553 2.55 -9.74
554 1.81 -11.68
555 3.95 -14.05
556 3 -12.22
557 9.58 -12.84
558 17.03 -2.03
559 1.12 -11.48
560 9.89 -17.38
561 4.16 -12.75
562 4.47 -11.11
563 9.87 -12.25
564 3.65 -7.72
565 14.96 -6.02
566 6.52 -8.3
567 1.06 -9.01
568 10.27 -14.5
569 8.19 -13.13
570 9.19 -12.08
571 6.31 -12.14
572 16.5 -3.71
573 5.74 -7.41
574 0.89 -15.53
575 6.43 -6.86
576 1.62 -10.78
577 13.42 -10.59
578 14.36 -15.61
579 5.33 -5.29
580 11.31 -0.01
581 17.84 -2.29
582 2.82 -17.83
583 14.34 -10.42
584 5.56 -13.09
585 16.7 -14.05
586 8.19 -6.27
587 9.98 -5.01
588 12.42 -6.69
589 4.23 -7.25
590 14.11 -4.83
591 7.13 -10.66
592 3.26 -7.25
593 14.38 -2.55
594 7.85 -9.14
595 9.16 -1.71
596 13.53 -1.16
597 10.52 -0.52
598 10.94 -7.87
599 12.49 -16.38
600 12.43 -8.02
601 14.29 -11.19
602 16.2 -12.14
603 0.83 -6.28
604 13.53 -2.14
605 16.49 -14.58
606 7.25 -1.16
607 17.94 -5.62
608 8.18 -2.03
609 11.17 -14.32
610 16.04 -16.03
611 8.71 -11.85
612 3.89 -3.09
613 10.96 -10.75
614 0.65 -14.84
615 4.86 -5.45
616 16.64 -4.6
617 16.74 -10.68
618 16.96 -6.36
619 0.02 -17.58
620 5.68 -12.49
621 5.17 -8.03
622 13.66 -12.93
623 6.48 -5.11
624 1.44 -13.36
625 2.91 -9.18
626 12.55 -9
627 12.09 -3.14
628 13.9 -16.45
629 4.81 -5.05
630 10.51 -14.55
631 1.16 -1.19
632 11.87 -0.67
633 -16.56 -9.42
634 -9 -10.83
635 -14.84 -16.58
636 -16.14 -14.69
637 -1.14 -11.54
638 -16.65 -11.8
639 -7.16 -17.15
640 -17.85 -0.09
641 -9.09 -1.59
642 -4.73 -12.4
643 -2.37 -3.18
644 -17.76 -0.63
645 -6.71 -7.18
646 -8.38 -1.79
647 -2.46 -17.39
648 -8.81 -11.77
649 -14.13 -10.54
650 -0.65 -9.34
651 -15.55 -10.97
652 -4.51 -16.79
653 -10.59 -16.69
654 -7.36 -12.69
655 -4.3 -9.27
656 -10.86 -7.21
657 -11.14 -4.92
658 -17.62 -15.59
659 -7.75 -13.51
660 -12.22 -17.38
661 -1.17 -14.46
662 -5.37 -2.6
663 -5.89 -13.16
664 -5.7 -14.18
665 -5.52 -2.02
666 -13 -15.87
667 -14.66 -3.07
668 -11.29 -9.03
669 -13.24 -16.77
670 -17.56 -0.65
671 -17.39 -17.55
672 -4.47 -10.42
673 -17.54 -10.53
674 -15.56 -4.09
675 -13 -16.81
676 -4.79 -9.78
677 -12.38 -5.69
678 -0.85 -10.16
679 -6.34 -9.8
680 -11.82 -16.08
681 -13.95 -3.39
682 -6.46 -6.82
683 -7.38 -2.14
684 -0.91 -17.75
685 -9.93 -2.62
686 -11.69 -0.48
687 -2.42 -9.32
688 -11.37 -16.16
689 -11.78 -11.48
690 -10.29 -8.93
691 -0.72 -6.78
692 -12.47 -6.6
693 -16.76 -4.62
694 -14.42 -4.85
695 -12.45 -14.63
696 -0.02 -8.25
697 -6.59 -17.92
698 -2.06 -6.48
699 -15.76 -5.49
700 -17.64 -12.5
701 -12.98 -7.69
702 -8.53 -11.33
703 -1.02 -6.92
704 -0.41 -11.42
705 -2.35 -12.8
706 -11.1 -2.22
707 -8.83 -12.59
708 -17.22 -15.09
709 -1.94 -7.59
710 -4.22 -5.16
711 -13.41 -14.39
712 -5.84 -13.76
713 -2.25 -11.53
714 -17.02 -7.9
715 -2.4 -9.53
716 -17.22 -16.66
717 -1.52 -6.9
718 -13.83 -17.27
719 -10.69 -2.54
720 -6.86 -14.24
721 -7.98 -4.56
722 -17.16 -17.96
723 -15.05 -16.81
724 -6.41 -7.9
725 -13.06 -8.52
726 -14.43 -2.15
727 -15.92 -0
728 -3.05 -2.27
729 -1.7 -9.69
730 -1.22 -2.07
731 -10.26 -4.1
732 -11.01 -9.96
733 -0.75 -3.3
734 -5.84 -16.36
735 -4.12 -11.44
736 -7.52 -12.7
737 -4.18 -12.1
738 -10.92 -6.68
739 -6.1 -1.23
740 -1.27 -8.85
741 -2.52 -1.17
742 -10.69 -15.71
743 -9.5 -9.96
744 -1.65 -13.74
745 -7.33 -11.2
746 -15.31 -12.39
747 -13.87 -9.11
748 -12.41 -17.84
749 -16.2 -14.62
750 -17.58 -0.25
751 -4.47 -2.32
752 -5.94 -7.11
753 -13.79 -8.65
754 -9.89 -16.86
755 -17.23 -1.9
756 -12.59 -2.68
757 -0.39 -1.76
758 -11.72 -5.28
759 -10.54 -9.9
760 -3.1 -4.9
761 -8.81 -17.87
762 -8.99 -9.93
763 -1.29 -4.69
764 -1.31 -12.92
765 -13.18 -9.01
766 -11.33 -0.9
767 -8.01 -17.65
768 -8.31 -8.8
769 -7.66 -13.32
770 -6.74 -9.72
771 -12.4 -6.9
772 -8.66 -1.33
773 -16.13 -4.32
774 -5.74 -11.9
775 -8.32 -0.19
776 -9.59 -8.84
777 -10.3 -17.14
778 -3.83 -10.1
779 -5.02 -11.59
780 -2.61 -14.66
781 -7.08 -0.2
782 -9.38 -5.46
783 -14.26 -6.61
784 -1.94 -9.21
785 -0.93 -13.45
786 -11.87 -8.68
787 -1.54 -4.85
788 -9.17 -12.05
789 -5.95 -9.19
790 -0.91 -14.91
791 -15.28 -14.28
792 -4.94 -10.5
793 -2.6 -17.1
794 -10.69 -0.29
795 -14.95 -7.62
796 -17.35 -4.82
797 -1.81 -4.04
798 -10.65 -8.73
799 -17.94 -7.59
800 -3.04 -4.11
801 -4.32 -10.39
802 -15.24 -14.91
803 -8.96 -15.38
804 -16.09 -15.94
805 -12.85 -6.44
806 -12.24 -17
807 -9.5 -1.65
808 -0.75 -17.18
809 -17.47 -3.62
810 -11.25 -2.97
811 -17.31 -14.42
812 -9.98 -10.6
813 -10.85 -1.12
814 -8.72 -12.16
815 -7.79 -2.31
816 -12.7 -3.28
817 -9.72 -12.11
818 -9.49 -1.46
819 -17.4 -0.68
820 -16.64 -7.59
821 -6.59 -3.78
822 -5.43 -10.88
823 -10.06 -7.62
824 -11.24 -6.19
825 -0.68 -1.05
826 -7 -14.01
827 -16.13 -17.99
828 -1.12 -16.98
829 -2.66 -8.98
830 -11.29 -1.36
831 -14.16 -10.46
832 -4.57 -15.51
833 -16.98 -5.88
834 -16.09 -5.59
835 -4.7 -16.38
836 -2.16 -14.73
837 -7.62 -2.81
838 -10.43 -7.6
839 -5.31 -9.2
840 -10.26 -13.2
841 -9.21 -5.99
842 -15.5 -8.78
843 -7.76 -7.35
844 -7.85 -8.14
845 -1.02 -1.95
846 -12.41 -1.15
847 -16.66 -15.19
848 -3.07 -8.5
849 -5.61 -15.64
850 -5.55 -10.68
851 -7.42 -10.31
852 -4.65 -7.71
853 -6.83 -6.56
854 -7.28 -6.6
855 -1.8 -12.14
856 -9.65 -9.06
857 -17.84 -2.54
858 -1.41 -7.16
859 -15.3 -17.13
860 -1.08 -9.26
861 -10.41 -16.33
862 -5.04 -5.01
863 -13.51 -0.6
864 -7.76 -8.11
865 -0.8 -10.65
866 -12.48 -13.31
867 -12.55 -17.74
868 -15.82 -17.13
869 -15.26 -1.38
870 -13.53 -5.1
871 -14.17 -17.06
872 -11.12 -14.7
873 -3.86 -14.01
874 -13.14 -12.53
875 -3.8 -10.69
876 -0.54 -5.74
877 -10.75 -5.73
878 -15.85 -5.58
879 -5.21 -15.79
880 -8.44 -5.62
881 -10.45 -15.53
882 -6.79 -12.44
883 -3.1 -5
884 -6.39 -4.61
885 -9.72 -0.36
886 -8.94 -11.44
887 -8.14 -5.89
888 -11.42 -2.07
889 -14.6 -3.53
890 -5.74 -16.09
891 -3.83 -0.4
892 -15.66 -6.28
893 -3.38 -6.11
894 -3.9 -13.51
895 -10.65 -0.11
896 -7.17 -3.86
897 -7.82 -3.11
898 -17.63 -13.96
899 -0.58 -10.92
900 -11.28 -6.02
901 -8.98 -10.3
902 -7.71 -2.23
903 -4.3 -17.13
904 -2.66 -10.65
905 -8.74 -10.42
906 -2.35 -8.4
907 -6.2 -4.1
908 -1.73 -0.01
909 -5.04 -1.1
910 -1.21 -5.63
911 -1.01 -15.7
912 -10.33 -8.38
913 -4.35 -8.83
914 -1.76 -9.96
915 -7.51 -14.45
916 -6.75 -4.56
917 -6.79 -16.49
918 -15.62 -5.98
919 -16.63 -2.61
920 -13.04 -9.8
921 -9.72 -16.9
922 -12.52 -15.39
923 -6.92 -7.44
924 -8.54 -14.25
925 -11.4 -11.96
926 -9.66 -1.28
927 -1.18 -12.41
928 -12.76 -1.99
929 -11.96 -15.05
930 -11.5 -6.04
931 -10.61 -1.47
932 -9.48 -0.25
933 -6.23 -8.92
934 -11.54 -7.11
935 -8.43 -14.39
936 -13.29 -6.58
937 -13.49 -0.16
938 -7.6 -7.81
939 -4.06 -2.41
940 -14.37 -7.67
941 -0.47 -15.46
942 -1.39 -15.56
943 -17.55 -1.65
944 -16.71 -5.67
945 -11.72 -3.03
946 -14.02 -1.73
947 -1.99 -13.85
948 -4.77 -5.51
949 -4.14 -17.74
950 -5.65 7.83
951 -14.41 12.57
952 -4.25 0.94
953 -8.75 1.42
954 -13.35 3.38
955 -2.57 4.33
956 -11.31 9.73
957 -7.29 3.04
958 -4.69 12.7
959 -9.9 16.36
960 -10.92 12.92
961 -14.66 3.62
962 -17.47 16.46
963 -13.49 8.17
964 -17.43 13.76
965 -3.6 17.63
966 -3.73 5.09
967 -6.03 9.53
968 -10.96 7.98
969 -11.36 6.31
970 -2.16 6.31
971 -7.56 5.45
972 -8.49 13.48
973 -17.7 6.37
974 -14.26 4.71
975 -17.63 9.6
976 -4.74 7.18
977 -15.16 5.81
978 -13.98 13.73
979 -9.5 10.66
980 -10.29 4.94
981 -10.03 13.1
982 -14.15 14.02
983 -13.53 7.58
984 -5.41 7.11
985 -4.95 16.41
986 -3.87 7.58
987 -3.06 4.03
988 -10.41 12.36
989 -17.07 12.28
990 -3.89 16.19
991 -14.89 8.23
992 -14.04 8.63
993 -4.37 12.05
994 -4.71 1.55
995 -6.49 5.39
996 -0.49 6.53
997 -2.55 8.04
998 -15.62 6.16
999 -4.8 7.6
1000 -6.02 3.04
1001 -2.14 9.75
1002 -5.3 1.41
1003 -13.77 14.72
1004 -9 7.23
1005 -5.42 4.37
1006 -12.6 12.89
1007 -13.05 2.31
1008 -14.37 0.16
1009 -1.71 8.94
1010 -14.33 10.6
1011 -17.13 8.2
1012 -16.24 6.34
1013 -12.5 11.21
1014 -0.81 5.39
1015 -17.95 17.3
1016 -9.05 16.35
1017 -17.76 2.09
1018 -16.81 5.88
1019 -13.11 5.06
1020 -9.43 7.81
1021 -12.23 0.54
1022 -12.37 13.55
1023 -13.71 7.28
1024 -7.74 0.26
1025 -10.87 15.43
1026 -15.15 4.07
1027 -10.41 10
1028 -3.21 13.4
1029 -10.31 4.91
1030 -4.22 13.55
1031 -11.9 10.26
1032 -3.87 4.79
1033 -10.67 11.67
1034 -16.73 2.68
1035 -2.01 15.31
1036 -7.37 17.68
1037 -13.23 5.76
1038 -4.56 1.74
1039 -2.01 8.94
1040 -6.37 12.3
1041 -16.37 12.88
1042 -14.4 3.53
1043 -8.45 8.78
1044 -5.22 9.14
1045 -4.69 10.28
1046 -12.06 9.44
1047 -5.75 16.59
1048 -1.78 15.93
1049 -10.13 7.95
1050 -5.26 10.03
1051 -9.71 3.66
1052 -9.43 12.63
1053 -5.89 4.94
1054 -5.41 13.99
1055 -8.3 17.42
1056 -3.82 3.3
1057 -16.35 16.19
1058 -6.98 0.23
1059 -9.37 6.8
1060 -8.6 3.72
1061 -4.68 14.06
1062 -4.17 2.66
1063 -10.11 10.43
1064 -0.38 5.96
1065 -15.99 2.24
1066 -5.91 15.16
1067 -1.31 17.23
1068 -4.17 6.86
1069 -2.85 7.21
1070 -6.63 1.1
1071 -4.41 2.67
1072 -0.87 10.46
1073 -2.21 2.76
1074 -1.09 17.37
1075 -3.09 11.58
1076 -17.16 9.69
1077 -12.36 7.77
1078 -9.72 3.33
1079 -0.81 4.47
1080 -16.24 1.63
1081 -16.79 8.33
1082 -7.56 13.67
1083 -2.53 0.11
1084 -7.32 3.25
1085 -4.36 5.38
1086 -17.58 5.47
1087 -15.93 8.77
1088 -11.53 0.45
1089 -9.34 0.14
1090 -3.24 12.62
1091 -13.84 3.95
1092 -11.72 11.92
1093 -15.26 17.72
1094 -4.19 12.96
1095 -14.59 7.59
1096 -15.92 11.95
1097 -7.62 13.39
1098 -5.02 15
1099 -0.26 10.15
1100 -7.06 3.86
1101 -9.33 4.62
1102 -4.91 16.16
1103 -16.61 16.79
1104 -8.45 16.44
1105 -2.59 17.47
1106 -3.42 11.7
1107 -5.62 16.43
1108 -16.15 6.66
1109 -1.62 12.4
1110 -11.52 11.86
1111 -15.34 7.74
1112 -3.13 9.44
1113 -15.97 4.96
1114 -6.64 17.67
1115 -3.53 16.23
1116 -12.37 5.22
1117 -3.38 12.86
1118 -3.17 17.28
1119 -7.24 11.51
1120 -10.98 11.63
1121 -5.33 1.35
1122 -9.3 5.92
1123 -12.58 2.47
1124 -6.4 7.45
1125 -10.84 5.72
1126 -13.46 17.92
1127 -9.36 8.18
1128 -4.66 16.59
1129 -7.78 7.33
1130 -15.08 2.82
1131 -17.56 11.31
1132 -15.7 9.45
1133 -0.25 2.94
1134 -5.97 0.87
1135 -12.5 17.02
1136 -0.37 8.47
1137 -14.39 9.35
1138 -11.83 9.68
1139 -8.65 0.49
1140 -6.22 0.23
1141 -0.15 11.01
1142 -10.71 1.68
1143 -9.8 1.03
1144 -17.89 15.38
1145 -9.72 17.58
1146 -10.9 14.97
1147 -15.95 9.29
1148 -3.75 0.12
1149 -0.99 7.72
1150 -6.74 1.25
1151 -9.72 13.5
1152 -14.37 16.64
1153 -17.84 15.64
1154 -16.13 17.72
1155 -17.95 0.01
1156 -11.03 4.35
1157 -6.04 9.62
1158 -2.18 3.74
1159 -10.64 7.36
1160 -6.94 2.07
1161 -8.56 2.37
1162 -3.18 9.36
1163 -9.48 16.03
1164 -5.76 6.93
1165 -8.18 2
1166 -7.02 4.02
1167 -2.66 9.43
1168 -7.07 3.39
1169 -3.12 12.02
1170 -12.04 5.2
1171 -1.08 12.59
1172 -13.74 14.59
1173 -9.85 7.12
1174 -14.48 15.92
1175 -9.51 2.5
1176 -14.39 12.94
1177 -13.83 0.07
1178 -7.63 9.09
1179 -7.54 5.31
1180 -7.31 13.39
1181 -8.93 15.73
1182 -16.68 14.33
1183 -9.25 3.12
1184 -15.14 5.75
1185 -2.47 12.37
1186 -16.48 0.7
1187 -15.29 3.55
1188 -2.19 12.22
1189 -10.14 7.15
1190 -1.17 8.19
1191 -3.14 11.17
1192 -2.77 7.08
1193 -16.17 16.97
1194 -13.8 10.4
1195 -15.31 5.71
1196 -12.96 12.64
1197 -8.97 6.24
1198 -9.36 3.16
1199 -8.91 9.74
1200 -4.11 16.03
1201 -8.25 2.91
1202 -6.46 2.6
1203 -14.82 5.55
1204 -4.22 0.18
1205 -8.37 16.49
1206 -9.66 14.91
1207 -13.51 3.03
1208 -11.52 12.43
1209 -14.35 11.68
1210 -8.91 7.33
1211 -1.97 11.66
1212 -9.43 13.4
1213 -16.56 2.46
1214 -12.21 10.31
1215 -8.34 17
1216 -1.91 7.84
1217 -1.96 16.6
1218 -13.67 17.89
1219 -9.59 8.31
1220 -16.32 9.41
1221 -15.84 17.97
1222 -3 7.98
1223 -11.94 11.35
1224 -14.55 14.53
1225 -13.38 8.29
1226 -11.48 14.98
1227 -10.38 6.87
1228 -9.33 2.91
1229 -13.22 0.47
1230 -17.47 13.06
1231 -12.43 13.09
1232 -11.69 10.9
1233 -2.31 14.39
1234 -4.7 16.88
1235 -17.81 11.91
1236 -3.4 3.02
1237 -2.53 15.65
1238 -9 15.92
1239 -3.97 5.99
1240 -14.28 15.07
1241 -12.05 17.35
1242 -6.22 17.28
1243 -2.19 4.44
1244 -14.43 7.08
1245 -2.14 15.42
1246 -10.51 5.42
1247 -16.32 14.57
1248 -2.49 13.72
1249 -4.12 10.15
1250 -13.58 7.19
1251 -1.74 3.93
1252 -1.58 16.98
1253 -6.43 13.79
1254 -1.78 2.1
1255 -17.17 10.4
1256 -9.76 7.58
1257 -6.87 2.74
1258 -7.18 7.5
1259 -14.58 0.58
1260 -16 13.13
1261 -0.55 8.25
1262 -14.34 0.03
1263 -5.27 8.39
1264 -0.55 16.83
1265 -15.55 9.39
1266 -13.32 5.65
1267 70.2048 19.8048
1268 35.2048 32.2448
1269 38.2048 40.1948
1270 54.2048 47.2048
1271 63.2048 26.1648
1272 70.2048 30.9848
1273 44.2048 38.1848
1274 44.2048 65.5248
1275 66.2048 36.3348
1276 55.2048 49.7448
1277 66.2048 26.4748
1278 29.2048 62.5148
1279 42.2048 26.4148
1280 71.2048 28.1948
1281 68.2048 20.3948
1282 38.2048 62.6848
1283 49.2048 46.9448
1284 55.2048 47.4148
1285 52.2048 25.4648
1286 67.2048 26.2148
1287 42.2048 30.8148
1288 47.2048 62.1248
1289 52.2048 56.8848
1290 62.2048 35.3048
1291 59.2048 53.3248
1292 67.2048 29.0148
1293 29.2048 39.1748
1294 53.2048 23.4548
1295 61.2048 26.2348
1296 49.2048 60.9648
1297 38.2048 32.1248
1298 24.2048 39.2648
1299 39.2048 46.0048
1300 53.2048 57.6048
1301 54.2048 45.7448
1302 30.2048 37.5248
1303 25.2048 56.9348
1304 48.2048 48.9948
1305 34.2048 32.2148
1306 62.2048 33.9548
1307 38.2048 47.2548
1308 29.2048 47.7648
1309 35.2048 26.4148
1310 71.2048 26.9348
1311 43.2048 21.3048
1312 37.2048 21.2048
1313 45.2048 33.4548
1314 46.2048 33.4048
1315 18.2048 54.5848
1316 41.2048 32.8448
1317 55.2048 47.7548
1318 21.2048 51.8048
1319 68.2048 30.9348
1320 37.2048 43.4248
1321 45.2048 55.0048
1322 20.2048 40.1248
1323 38.2048 50.7348
1324 29.2048 68.5948
1325 65.2048 18.5448
1326 35.2048 38.2448
1327 44.2048 49.3348
1328 54.2048 29.1848
1329 53.2048 20.3448
1330 39.2048 30.6848
1331 36.2048 62.0448
1332 65.2048 26.6548
1333 42.2048 52.8048
1334 50.2048 29.3948
1335 34.2048 23.1648
1336 36.2048 38.8548
1337 64.2048 39.6248
1338 40.2048 57.3348
1339 26.2048 41.3048
1340 28.2048 40.9548
1341 48.2048 38.3748
1342 22.2048 30.6148
1343 56.2048 25.5548
1344 60.2048 43.9348
1345 54.2048 27.8348
1346 46.2048 26.7448
1347 70.2048 30.0548
1348 60.2048 28.5848
1349 21.2048 67.8148
1350 32.2048 32.5648
1351 63.2048 39.2348
1352 54.2048 45.0648
1353 45.2048 34.7848
1354 40.2048 34.6548
1355 42.2048 65.7748
1356 53.2048 24.8648
1357 64.2048 28.7148
1358 47.2048 26.8148
1359 71.2048 27.7148
1360 40.2048 55.6048
1361 29.2048 68.8048
1362 39.2048 26.3348
1363 21.2048 45.7048
1364 21.2048 27.1648
1365 20.2048 67.3348
1366 30.2048 57.4248
1367 56.2048 51.5348
1368 33.2048 62.8548
1369 56.2048 50.8448
1370 -27.7952 44.8448
1371 17.2048 48.0348
1372 -3.79523 61.2048
1373 -21.7952 29.6248
1374 -32.7952 31.9348
1375 18.2048 21.6848
1376 13.2048 65.3248
1377 4.20477 25.3248
1378 11.2048 64.7948
1379 9.20477 23.5348
1380 8.20477 18.4648
1381 2.20477 56.5948
1382 -26.7952 47.8648
1383 -25.7952 44.3348
1384 -19.7952 29.8748
1385 1.20477 52.6648
1386 9.20477 25.7148
1387 -11.7952 59.8648
1388 -22.7952 47.3748
1389 3.20477 45.8448
1390 -8.79523 18.2648
1391 -24.7952 32.2848
1392 3.20477 65.9448
1393 -28.7952 45.1948
1394 -29.7952 23.0648
1395 11.2048 37.6048
1396 18.2048 31.5048
1397 -35.7952 20.8548
1398 -32.7952 34.2348
1399 -6.79523 44.5248
1400 16.2048 42.2848
1401 -19.7952 50.7848
1402 -30.7952 39.8048
1403 -11.7952 45.3048
1404 16.2048 57.5748
1405 14.2048 67.9248
1406 -29.7952 37.5948
1407 -18.7952 26.8548
1408 8.20477 70.7648
1409 13.2048 27.7048
1410 14.2048 29.6948
1411 -16.7952 25.7948
1412 8.20477 48.4148
1413 -18.7952 51.4848
1414 -32.7952 22.2748
1415 3.20477 43.7148
1416 -31.7952 38.5948
1417 -20.7952 53.4648
1418 -22.7952 30.0648
1419 -34.7952 24.0148
1420 -15.7952 36.3548
1421 -29.7952 19.3948
1422 7.20477 52.0548
1423 -33.7952 31.9248
1424 -27.7952 46.2248
1425 -35.7952 20.5548
1426 17.2048 21.8548
1427 -23.7952 48.0348
1428 -24.7952 30.9648
1429 -28.7952 19.8748
1430 0.204769 61.9248
1431 5.20477 20.7148
1432 -29.7952 25.9948
1433 -13.7952 28.8748
1434 -9.79523 56.3848
1435 -34.7952 27.6248
1436 10.2048 30.2148
1437 10.2048 60.5948
1438 10.2048 38.7048
1439 -9.79523 24.5148
1440 -30.7952 28.5848
1441 -17.7952 24.2848
1442 -31.7952 26.8548
1443 -17.7952 48.1348
1444 -2.79523 64.2348
1445 8.20477 29.9748
1446 -4.79523 21.5048
1447 -9.79523 45.6348
1448 -31.7952 38.7748
1449 -6.79523 66.0048
1450 8.20477 51.7848
1451 14.2048 39.8048
1452 17.2048 32.0748
1453 -6.79523 20.6948
1454 13.2048 37.3548
1455 -31.7952 36.1448
1456 5.20477 61.1948
1457 -5.79523 32.2848
1458 2.20477 52.6648
1459 -28.7952 23.7848
1460 -2.79523 33.3448
1461 8.20477 48.0148
1462 -23.7952 50.3548
1463 -16.7952 32.2748
1464 14.2048 31.0748
1465 -15.7952 49.7248
1466 15.2048 69.3348
1467 11.2048 30.8148
1468 -31.7952 31.8448
1469 -24.7952 29.6248
1470 13.2048 34.6348
1471 -10.7952 61.0548
1472 -25.7952 38.6348
1473 32.2048 -12.4252
1474 22.2048 -9.27523
1475 49.2048 16.7748
1476 55.2048 4.12477
1477 62.2048 -0.385231
1478 58.2048 9.19477
1479 66.2048 9.21477
1480 64.2048 -9.36523
1481 51.2048 -5.70523
1482 28.2048 -2.95523
1483 45.2048 -3.02523
1484 65.2048 8.05477
1485 53.2048 -20.4352
1486 59.2048 -15.3352
1487 63.2048 16.6348
1488 68.2048 11.2448
1489 28.2048 -11.7052
1490 57.2048 17.2748
1491 72.2048 15.6248
1492 19.2048 -23.9052
1493 38.2048 -17.0752
1494 47.2048 3.32477
1495 36.2048 -26.8452
1496 46.2048 -23.1052
1497 19.2048 2.00477
1498 42.2048 -28.2852
1499 23.2048 -5.63523
1500 62.2048 10.0748
1501 48.2048 -14.0652
1502 42.2048 2.70477
1503 53.2048 7.51477
1504 29.2048 11.1548
1505 24.2048 -18.2152
1506 37.2048 0.254769
1507 64.2048 -4.31523
1508 41.2048 -14.5052
1509 54.2048 -7.02523
1510 29.2048 4.11477
1511 36.2048 -24.4052
1512 55.2048 -7.56523
1513 57.2048 -2.23523
1514 54.2048 -6.08523
1515 58.2048 -14.2152
1516 35.2048 -1.59523
1517 48.2048 0.584769
1518 41.2048 -16.3452
1519 24.2048 -29.0852
1520 60.2048 15.7648
1521 22.2048 -21.9052
1522 65.2048 5.95477
1523 32.2048 -4.29523
1524 66.2048 -6.24523
1525 31.2048 -28.3852
1526 54.2048 5.66477
1527 49.2048 -12.2952
1528 44.2048 -0.345231
1529 72.2048 16.1148
1530 64.2048 16.9448
1531 66.2048 -1.58523
1532 60.2048 2.47477
1533 56.2048 -3.69523
1534 38.2048 -11.5552
1535 49.2048 -19.7252
1536 49.2048 -9.74523
1537 19.2048 -13.9252
1538 35.2048 -23.9952
1539 56.2048 9.00477
1540 70.2048 16.3148
1541 33.2048 -14.0252
1542 21.2048 0.674769
1543 57.2048 17.9448
1544 53.2048 -20.9952
1545 28.2048 11.2448
1546 70.2048 16.8248
1547 40.2048 -19.3352
1548 32.2048 0.484769
1549 54.2048 -6.75523
1550 42.2048 15.5348
1551 34.2048 1.98477
1552 53.2048 -23.7752
1553 28.2048 -32.6652
1554 38.2048 -17.2952
1555 26.2048 -21.6752
1556 24.2048 -16.1952
1557 69.2048 5.86477
1558 48.2048 8.83477
1559 30.2048 -18.8452
1560 66.2048 -4.26523
1561 41.2048 12.6348
1562 31.2048 -2.12523
1563 21.2048 -26.3352
1564 43.2048 -4.38523
1565 53.2048 1.14477
1566 56.2048 15.7648
1567 41.2048 12.2748
1568 62.2048 18.0548
1569 34.2048 -14.4352
1570 61.2048 14.7948
1571 45.2048 15.1148
1572 39.2048 -29.9552
1573 64.2048 5.94477
1574 51.2048 0.124769
1575 66.2048 8.57477
1576 5.20477 -27.6752
1577 -26.7952 -11.2552
1578 -17.7952 1.85477
1579 -8.79523 -25.5852
1580 12.2048 1.18477
1581 -11.7952 -2.04523
1582 -14.7952 -15.4552
1583 10.2048 13.2848
1584 12.2048 -5.30523
1585 -13.7952 -20.7852
1586 -3.79523 14.5948
1587 -25.7952 -8.04523
1588 16.2048 -22.8452
1589 5.20477 -3.10523
1590 -19.7952 12.3448
1591 -30.7952 16.4748
1592 -33.7952 5.53477
1593 9.20477 -20.2752
1594 -30.7952 0.494769
1595 -8.79523 11.1948
1596 -12.7952 7.55477
1597 -27.7952 11.4448
1598 -12.7952 13.2448
1599 -0.795231 -24.9152
1600 -34.7952 14.9448
1601 -0.795231 16.2848
1602 -10.7952 8.47477
1603 -19.7952 8.03477
1604 -11.7952 -16.0052
1605 5.20477 -14.7452
1606 -26.7952 -8.73523
1607 -20.7952 17.3348
1608 10.2048 8.80477
1609 -1.79523 -30.9952
1610 14.2048 -25.9452
1611 -27.7952 4.30477
1612 -6.79523 -6.78523
1613 -12.7952 -14.4252
1614 8.20477 5.33477
1615 -6.79523 16.2548
1616 -1.79523 -23.1852
1617 15.2048 -31.8452
1618 -20.7952 -3.85523
1619 -8.79523 -10.2552
1620 -5.79523 16.9848
1621 16.2048 -34.1852
1622 10.2048 -27.4252
1623 -24.7952 -5.61523
1624 10.2048 -7.93523
1625 11.2048 6.53477
1626 -12.7952 -17.5452
1627 -15.7952 3.07477
1628 9.20477 -28.0752
1629 -12.7952 -7.00523
1630 -16.7952 11.1748
1631 -25.7952 8.87477
1632 -1.79523 -25.3652
1633 -19.7952 1.61477
1634 -1.79523 8.60477
1635 -29.7952 -5.25523
1636 -5.79523 6.20477
1637 -14.7952 -17.8152
1638 -4.79523 -15.9552
1639 -17.7952 -5.97523
1640 1.20477 -5.69523
1641 -12.7952 -0.425231
1642 3.20477 -21.2652
1643 -4.79523 -11.7052
1644 -31.7952 14.1648
1645 13.2048 -28.2252
1646 -24.7952 2.86477
1647 12.2048 -29.8252
1648 -22.7952 -2.93523
1649 -35.7952 17.6248
1650 -22.7952 0.484769
1651 -5.79523 -26.9152
1652 -10.7952 5.78477
1653 -10.7952 13.8148
1654 7.20477 -1.30523
1655 15.2048 -27.7252
1656 -22.7952 10.2448
1657 -3.79523 2.61477
1658 13.2048 15.3548
1659 18.2048 -11.5052
1660 -13.7952 6.05477
1661 12.2048 11.1848
1662 -35.7952 17.7848
1663 16.2048 -5.71523
1664 -24.7952 -0.505231
1665 11.2048 -23.6552
1666 -17.7952 5.61477
1667 5.20477 15.4848
1668 10.2048 -2.91523
1669 -18.7952 -0.435231
1670 -21.7952 -7.01523
1671 -29.7952 7.11477
1672 -16.7952 -22.4652
1673 15.2048 5.03477
1674 -15.7952 14.5048
1675 -9.79523 -1.25523
1676 -19.7952 8.66477
1677 0.204769 -14.1852
1678 -14.7952 -5.36523
1679 -20.7952 -19.3552
