%%index real_part   imaginary_part
5229 5229 5229
1 19.32 29.83
2 0.29 4.12
3 29.87 16.19
4 16.66 3.22
5 18.13 3.6
6 2.74 9.48
7 19.8 19.37
8 24.34 26.91
9 8.1 17.81
10 25.62 12.71
11 19.5 3.53
12 8.74 2.13
13 29.37 19.79
14 29.37 14.04
15 8.79 18.66
16 28.01 9.45
17 13.57 28.11
18 13.3 28.3
19 0.52 12.45
20 26.57 9.48
21 18.97 29.17
22 17.55 29.31
23 4.74 18.29
24 5.1 10.89
25 3.12 23.37
26 26.9 30.72
27 12.38 2.14
28 21.93 15.16
29 29.2 10.75
30 8.94 20.3
31 29.75 17.52
32 14.63 16.47
33 13.78 22.85
34 4.3 7.46
35 16.94 24.82
36 23 10.39
37 8.71 4.91
38 23.2 20.07
39 10.48 23.97
40 16.34 28.3
41 28.03 24.12
42 26.26 22.76
43 6.92 19.93
44 10.2 27.71
45 27.54 15.65
46 2.17 19.14
47 4.62 5.81
48 28.66 16.8
49 24.26 28.92
50 22.74 12.48
51 22.88 10.21
52 25.64 25.26
53 14.33 11.11
54 4.08 17.85
55 25.67 24.81
56 17.93 30.95
57 22.71 2.22
58 22.15 23.71
59 30.95 9.16
60 24.81 1.36
61 0.02 27.49
62 12.82 26.98
63 23.3 4.64
64 13.08 10.49
65 2.49 27.09
66 6.3 15.35
67 9.61 25.37
68 16 11.46
69 29.31 3.47
70 28.28 30.61
71 30.56 23.99
72 5.73 25.74
73 28.97 22.27
74 10.95 27.89
75 8.77 28.92
76 4.93 4.76
77 11.26 8.79
78 23.96 17.76
79 7.77 3.57
80 30.66 6.04
81 21.39 10.26
82 15.16 16.48
83 27.94 10.53
84 14 0.16
85 30.77 5.78
86 9.29 21.8
87 27.06 9.85
88 11.65 15.02
89 22.43 25.04
90 2.48 22.6
91 27.37 0.2
92 9 17.94
93 15.22 7.63
94 21.72 1.96
95 18.52 22.99
96 12.77 0.9
97 27.9 19.44
98 29.97 27.93
99 28.1 24.85
100 10.15 12.97
101 3.77 7.39
102 17.25 19.44
103 13.98 30.84
104 4.4 28.9
105 20.5 5.42
106 16.14 17.4
107 4.34 16.87
108 4.03 25.14
109 6.62 19.56
110 22.07 5.27
111 6.18 25.15
112 13.59 3.85
113 0.78 3.08
114 7.45 23.08
115 5.05 8.4
116 15.8 17.6
117 16.56 19.34
118 29.7 2.05
119 10.47 30.55
120 15.49 13.62
121 0.03 30.97
122 27.37 0.63
123 5.3 14.89
124 13.98 10.92
125 16.19 11.92
126 16.59 5.05
127 8.9 1.89
128 15.5 9.7
129 1.78 20.21
130 28.61 22.95
131 20.08 17.35
132 16.22 23.93
133 25.98 16.16
134 15.71 25.44
135 8.07 15.97
136 15.95 10.72
137 11.36 8.1
138 22.99 22.84
139 2.76 16.66
140 8.1 5.97
141 21.55 29.47
142 0.37 4.22
143 24.44 9.97
144 30.18 15.87
145 18.34 5.75
146 23.1 7.32
147 0.25 17.94
148 13.63 18.84
149 13.29 5.76
150 21.73 29.34
151 19.59 21.36
152 8.98 17.2
153 9.04 30.95
154 27.13 11.49
155 17.47 11.8
156 10.28 14.75
157 18.97 18.54
158 28.51 21.17
159 16.56 12.42
160 18.17 27.7
161 4.02 14.42
162 1.37 20.79
163 8.64 14.79
164 20.55 15
165 23.86 1.45
166 22.81 21.81
167 8.01 22.97
168 2.44 0.79
169 12.28 17.06
170 8.38 29.57
171 23.85 9.27
172 27.81 29.18
173 19.35 11.82
174 3.76 4.85
175 12.07 4.91
176 29.86 21.93
177 22.25 26.61
178 10.4 10.75
179 25.75 10.41
180 11.86 30.96
181 1.29 29.13
182 0.63 3.67
183 14.98 9.3
184 26.36 3.07
185 1.65 6.78
186 26.58 14.27
187 12.45 5.02
188 16.84 2.91
189 7.76 0.81
190 16.24 20.61
191 22.06 19.83
192 15.44 15.1
193 25.85 13.31
194 3.24 25.85
195 5.33 0.12
196 8.78 15.1
197 29.29 6.62
198 26.44 9.41
199 12.48 13.27
200 30.58 21.81
201 5.08 24.65
202 29.67 26.16
203 29.07 28.05
204 28.86 26.04
205 26.17 5.84
206 25.67 24.63
207 8.73 17.23
208 10.07 20.64
209 26.01 14.11
210 14.23 23.83
211 7.94 10.86
212 17.48 2.53
213 22.46 6.23
214 19.51 23.44
215 24.77 3.95
216 8.12 29.61
217 24.77 29.85
218 6.43 17.32
219 22.88 22.84
220 28.68 4.29
221 8.44 18.05
222 14.8 2.88
223 3.04 17.18
224 10.81 4.39
225 28.23 29.05
226 8.91 4.56
227 7.1 5.17
228 21.92 5.91
229 29.35 29.56
230 13.03 20.95
231 19.56 23.13
232 1.5 0.68
233 28.52 13.33
234 5.18 7.93
235 22.75 20.4
236 7.45 13.38
237 26.78 0.19
238 27.89 1.77
239 6.17 29.82
240 7.39 7.7
241 12.27 13.92
242 19.09 16.3
243 1.73 29.89
244 7.97 10.01
245 10.49 0.09
246 2.74 0.53
247 1.21 30.05
248 12.39 4.24
249 22.7 9.25
250 29.65 28.09
251 10.47 14.45
252 25.16 16.62
253 28.91 16.78
254 26.12 22.06
255 9.28 14.6
256 28.52 2.52
257 29.34 21.55
258 30.96 27.13
259 16.67 0.08
260 10.69 18.46
261 18.99 27.16
262 26.21 13.43
263 28.19 30.72
264 8.97 7.6
265 4.69 30.41
266 13.86 18.14
267 14.28 25.69
268 11.47 18.55
269 9.61 12.19
270 6.32 6.59
271 19.63 18.89
272 19.97 3.84
273 30.98 17.98
274 28.58 30.45
275 17.91 16.65
276 12.81 8.27
277 1.22 5.9
278 16.14 18.54
279 26.15 8.93
280 8.35 25.11
281 22.77 10.36
282 15.57 1.73
283 20.28 16.57
284 8.29 27.04
285 13.16 29.89
286 28.31 14.61
287 18.45 1.79
288 30.29 27.8
289 27.25 28.95
290 14.6 27.87
291 5.14 14.17
292 30.59 6.93
293 25.48 16.88
294 25.82 15.74
295 20.37 0.15
296 21.03 13.69
297 15.42 22.67
298 8.24 5.61
299 12.17 15.23
300 14.12 27.05
301 10.66 25.33
302 6.65 21.95
303 18.75 8.64
304 6.59 5.94
305 13.34 15.01
306 8.7 0.72
307 7.65 29
308 14.89 8.29
309 3.55 12.65
310 23.32 20.23
311 2.92 3.45
312 26.12 13.36
313 29.49 28.86
314 13.09 13.88
315 9.94 10.66
316 15.52 6.74
317 28.69 20.6
318 29.24 1.69
319 18.15 26.97
320 21.5 15.36
321 16.08 0.49
322 29.5 30.2
323 18.01 3.25
324 26.43 13.39
325 13.14 1.09
326 4.54 18.75
327 11.63 16.06
328 24.44 30.66
329 13.54 10.12
330 0.31 6.54
331 23.8 3
332 23.61 26.35
333 28.04 21.49
334 27.98 1.37
335 16.73 15.19
336 15.69 18.48
337 28.2 12.33
338 15.59 14.19
339 7.1 15.22
340 16.31 21.54
341 19.81 30.76
342 26.34 0.37
343 10.55 0.45
344 21.09 19.78
345 5.84 3.61
346 6.62 0.92
347 27.27 29.64
348 30.66 30.23
349 11.12 3.83
350 19.03 27.64
351 15.13 7.38
352 19.71 14.24
353 7.95 12.33
354 7.07 14.82
355 5.36 25.57
356 25.33 2.9
357 3.27 25.18
358 5.15 20.67
359 9.45 13.82
360 17.44 5.76
361 6.69 15.3
362 24.46 24.06
363 2.81 13.48
364 17.32 24.12
365 20.77 24.45
366 0.83 5.35
367 30.11 4.9
368 27.75 20.55
369 14.89 7.06
370 1.63 3.83
371 6.73 30.78
372 24.96 26.96
373 27.15 20.53
374 3.35 9.63
375 15.39 16.12
376 0.42 0.31
377 3.89 1.6
378 15.09 24.89
379 28.53 6.7
380 0.16 1.41
381 17.28 18.3
382 23.2 0.99
383 1.06 16.39
384 2.97 30.48
385 3.31 26.48
386 26.26 15.12
387 21.6 20.56
388 20.61 30.74
389 9.37 17.75
390 2.87 3.49
391 3.8 4.28
392 5.89 13.82
393 18.23 7.7
394 24.92 0.5
395 12.43 15.76
396 3.07 4.6
397 16.12 29.71
398 25.62 5.79
399 5.27 17.18
400 23.18 28.59
401 12.71 19.1
402 19.19 18.44
403 18.18 3.31
404 0.58 8.8
405 12.29 7.07
406 11.36 3.45
407 17.27 26.62
408 3.32 27.77
409 28.27 15.02
410 30.79 7.76
411 12.37 9.7
412 18.93 13.38
413 19.17 28.49
414 25.19 13.55
415 21.66 3.97
416 2.59 17.38
417 4.82 13.89
418 27.72 21.78
419 10.11 23.01
420 9.6 28.3
421 11.27 22.4
422 18.02 20.96
423 28.25 28.55
424 23.09 0.86
425 8.63 25.52
426 14.74 22.88
427 5.26 21
428 29.01 13.19
429 26.74 3.96
430 7.93 23.2
431 9.58 27.92
432 10.81 10.52
433 11.83 14.41
434 16.94 18.05
435 15.35 21.94
436 13.34 6.06
437 27.03 26.63
438 3.7 10.89
439 11.75 24.28
440 29.33 26.79
441 29.2 30.9
442 0.42 23.59
443 5.79 13.98
444 17.94 29.43
445 21.64 12.05
446 8.98 5.39
447 15.92 10.74
448 4.67 30.31
449 17.37 7.27
450 29.21 1.13
451 7.2 12.24
452 18.39 22.07
453 1.96 3.23
454 7.03 22.09
455 28.41 24.24
456 3.66 15.88
457 19 6.13
458 20.11 4.09
459 13.04 24.79
460 16.36 7.06
461 12.45 3.68
462 24.95 25.34
463 4.18 7.89
464 15.16 29.62
465 30.76 1.07
466 13.31 23.89
467 14.97 6.96
468 20.71 11.23
469 2.32 27.45
470 0.21 7.26
471 23.15 10.25
472 16.38 3.88
473 18.49 21.67
474 15.46 5.5
475 23.08 0.53
476 14.74 0.82
477 5.69 15.05
478 2.47 8.69
479 7.31 20.39
480 21.46 17.63
481 21.05 7.07
482 14.03 14.29
483 25.52 5.02
484 11.99 14.26
485 21.53 7.37
486 17.62 12.21
487 16.09 24.2
488 14.87 13.53
489 29.55 14.1
490 14.63 30.33
491 10.67 21.63
492 16.2 29.37
493 17.58 26.88
494 16.27 18.67
495 15.83 24.9
496 11.49 6.73
497 21.03 5.88
498 21.42 5.05
499 19.31 26.07
500 2.44 2.41
501 14.62 9.84
502 13.56 30.59
503 13.12 10.23
504 24.33 28.43
505 7.28 22.19
506 23.34 18.49
507 16.86 17.96
508 24.36 8.54
509 27.22 3.45
510 7.87 9.64
511 26.89 12.05
512 28.45 19.36
513 24.41 27.44
514 22.52 18.87
515 0.8 23.25
516 12.61 24.96
517 4.07 25.95
518 5.18 26.18
519 23.61 17.19
520 8.38 9.04
521 27.53 30.9
522 28.38 11.24
523 19.79 23.91
524 6.88 21.74
525 10.9 16.01
526 7.58 14.75
527 13.64 6.8
528 3.24 15.55
529 13.94 17.57
530 9.82 25.76
531 30.25 14.74
532 9.69 22.44
533 17.62 3.32
534 0.04 25.4
535 3.44 20.75
536 0.17 18.94
537 30.19 10.49
538 3.4 28.55
539 29.82 18.98
540 14.51 10.29
541 4.56 9.72
542 27.04 1.61
543 17.16 18.2
544 15.3 30.29
545 4.57 10.62
546 25.36 25.12
547 27.08 3.82
548 17.67 14.58
549 8.98 24.22
550 24.5 17.71
551 5.65 22.94
552 2.43 24.67
553 22.23 4.84
554 3.34 5.83
555 26.64 0.57
556 20.81 17.85
557 29.98 0.21
558 28.93 16.86
559 16.15 26.66
560 6.28 13.23
561 17.88 0.24
562 4.07 11.17
563 25.75 24.48
564 28.23 21.74
565 8.45 14.25
566 6.19 21.73
567 25.92 24.62
568 8.99 19.14
569 24.97 27.67
570 28.24 12.33
571 9.71 0.14
572 10.87 18.06
573 14.44 8.69
574 4.36 19.32
575 12.08 10.11
576 10.35 21.16
577 1.33 29.96
578 2.96 14.42
579 15.68 6.6
580 20.85 10.71
581 11.96 3.65
582 28.28 6.56
583 25.7 6.89
584 3.56 16.79
585 29.12 30.2
586 30.34 11.33
587 8.91 7.83
588 16.53 10.21
589 9.05 23.35
590 2.46 0.41
591 21.57 21.13
592 30.61 12.81
593 6.76 2.43
594 9.03 2.58
595 23.81 1.96
596 5.62 29.89
597 5.45 4.78
598 22.19 13.42
599 30.21 0.16
600 9.88 25.75
601 16.6 28.33
602 15.69 9.22
603 29.95 25.51
604 17.86 11.74
605 12.15 8
606 29.14 30.84
607 12.66 13.24
608 15.67 28.75
609 10.85 19.42
610 21.38 24.71
611 23.6 3.67
612 18.97 6.52
613 30.46 8.57
614 19.25 10.16
615 15.43 29.67
616 6.53 29.13
617 17.87 1.04
618 6.07 1.74
619 13.48 27.34
620 14.87 3.46
621 3.3 25.63
622 18.39 23.53
623 0.8 15.96
624 14.9 3.07
625 27.78 22.18
626 5.37 15.81
627 1.85 30.9
628 18.99 24.34
629 14.02 1.32
630 10.51 7.25
631 15.9 8.97
632 20.53 17.04
633 29.3 2.78
634 9.64 26.61
635 30.07 11.78
636 16.93 24.51
637 27.56 2.37
638 28.86 4.33
639 7.4 28.37
640 19.55 12.76
641 8.09 14.7
642 25.12 24.92
643 28.78 9.95
644 11.27 13.11
645 20.36 11.8
646 0.29 1.3
647 18.35 15.79
648 18.57 20.83
649 16.44 27.17
650 7.96 7.73
651 11.77 26.03
652 7.92 24.89
653 29.22 8.33
654 16.22 5.78
655 29.07 16.14
656 10.36 4.77
657 9.21 6.16
658 26.63 4.48
659 17.6 17.51
660 8.83 17.42
661 18.73 17.48
662 2.27 9.13
663 29.96 16.6
664 12.77 0.36
665 18.62 25.92
666 20.95 20.73
667 14.63 30.39
668 7.72 28.87
669 14.18 23.37
670 19.04 23.95
671 8.24 12.25
672 28.93 8.92
673 13.41 27.98
674 14.49 24.57
675 10.99 10.53
676 7.53 23.33
677 11.98 29.72
678 15.32 20.33
679 0.21 10.94
680 16.38 28.1
681 17.83 18.83
682 18.22 16.85
683 14.72 11.98
684 14.88 5.47
685 8.94 8.42
686 20.67 13.44
687 22.36 27.7
688 24.68 18.61
689 12.18 15.29
690 5.34 18.7
691 21.55 2.69
692 1.42 23.4
693 12.73 2.53
694 13.47 16.74
695 13.84 23.46
696 11.3 29.85
697 15.7 11.2
698 2.7 9.04
699 25.03 9.94
700 28.89 17.58
701 10.54 2.97
702 30.68 18.56
703 16.69 1.91
704 27.72 3.88
705 2.1 8.39
706 11.09 2.07
707 25.47 23.65
708 26.18 12.51
709 8.77 7.2
710 30.66 8.65
711 18.02 2.14
712 23.86 21.48
713 30.53 13.24
714 2.71 26.56
715 23.67 24.56
716 7.06 11.12
717 29.68 3.21
718 15.64 17.26
719 0.66 25.9
720 13.81 12.37
721 14.44 2.77
722 26.42 24.9
723 16.93 19.43
724 6.15 21.61
725 9.78 5.23
726 7.37 16.33
727 6.82 7.33
728 20.57 10.75
729 6.31 16.87
730 20.95 2.8
731 13.92 9.5
732 23.24 28.01
733 24.79 23.13
734 28.55 7.88
735 30.77 25.46
736 28.23 11.36
737 5.27 24.73
738 13.16 23.65
739 24.78 1.72
740 6.95 19.31
741 4.65 3.57
742 10.9 24.84
743 4.59 21.99
744 7.86 10.99
745 24.32 21.43
746 30.93 28.81
747 5.35 7.24
748 9.89 23.17
749 10.58 30.14
750 24.6 7.44
751 18.81 10.35
752 4.09 1.35
753 25.01 3.6
754 15.84 17.25
755 16.09 18.79
756 1.88 22.8
757 27.16 20.74
758 11.73 12.78
759 23.78 0.76
760 22.19 30.11
761 27.92 17.1
762 3.86 1.64
763 4.34 12.79
764 11.94 13.76
765 0.72 14.92
766 4.79 16.06
767 17.42 30.05
768 13.17 8.88
769 5.66 21.95
770 20.26 29.02
771 0.34 21.75
772 22.01 22.15
773 3.93 27.5
774 7.78 13.26
775 12.37 7.23
776 3.85 9.49
777 11.14 19.81
778 1.61 18.24
779 11.52 26
780 9.92 24.07
781 9.13 12.24
782 21.82 14.71
783 3.12 6.07
784 28.02 3.99
785 2.01 19.3
786 20.57 17.29
787 18.96 2.35
788 9.38 22.1
789 4.36 2.41
790 9.65 17.16
791 6.18 27.25
792 16.06 24.02
793 11.26 27.84
794 22.84 28.19
795 21.26 22.78
796 14.55 1.76
797 26.99 9.92
798 15.99 5.37
799 9.36 9.63
800 28.93 23.54
801 20.35 21.9
802 24.25 18.5
803 9.6 8.31
804 10.72 13.15
805 9.84 24.48
806 20.73 30.89
807 3.44 16.02
808 12.86 16.32
809 24.03 14.7
810 17.01 4.7
811 16.98 24.82
812 3.74 0.56
813 5.93 23.49
814 2.13 30.25
815 22.79 25.81
816 16.71 0.06
817 29.09 12.14
818 30.97 20.49
819 2.64 18.21
820 22.22 21.22
821 0.63 12.48
822 8.02 11.95
823 7.79 4.07
824 18.78 20.88
825 5.1 0.83
826 25.65 15.31
827 15.87 22.08
828 14.58 8.91
829 8.16 1.32
830 27.13 27.23
831 27.29 10.48
832 2.14 23.37
833 12.86 4.9
834 2.64 2.12
835 23.34 15.5
836 7.51 24.86
837 16.33 23.97
838 7.57 15.53
839 15.94 24.13
840 4.48 5.87
841 21.18 21.04
842 12.13 9.65
843 18.56 16.57
844 17.89 6.23
845 2.46 6.24
846 16.72 24.54
847 16.91 9.27
848 14.18 18.87
849 0.51 9.29
850 24.8 27.34
851 21.2 3.37
852 6.86 11.83
853 27.36 6.53
854 30.66 14.43
855 20.3 12.3
856 2.35 4.14
857 13.79 10.48
858 27.05 25
859 10.75 11.87
860 18.12 24.46
861 28.53 13.21
862 22.48 3.84
863 2.23 24.96
864 3.26 16.18
865 12.52 2.74
866 6.11 7.58
867 19.41 2.72
868 19.78 12.98
869 27.41 26.29
870 18.12 19.44
871 3.11 27.24
872 6.72 30.99
873 4.51 27.42
874 18.82 13.3
875 17.28 15.26
876 28.47 5.94
877 20.3 14.81
878 8.78 30.47
879 26.18 22.54
880 25.28 22.56
881 30.14 7.7
882 20.95 10.92
883 23.9 18.55
884 24.36 9.73
885 8.69 30.83
886 27.07 11.48
887 21.99 22.32
888 29.27 13.32
889 6.14 26.5
890 10.76 17.09
891 23.03 23.42
892 7.24 18.75
893 18.23 22.85
894 14.39 -26.54
895 18.1 -13.41
896 0.63 -19.2
897 30.12 -17.24
898 15.31 -1.1
899 21.35 -2.54
900 12.89 -19.19
901 10.2 -30.05
902 0.89 -19.49
903 1.81 -1.19
904 27.7 -30.16
905 16.25 -18.47
906 10.89 -17.98
907 5.74 -18.8
908 10.66 -28.65
909 24.19 -23.97
910 16.9 -25.05
911 23.77 -21.81
912 18.57 -17.53
913 18.64 -2.41
914 4.95 -13.4
915 1.6 -8.99
916 18.56 -28.37
917 16.86 -22.32
918 23.51 -19.46
919 18.62 -29.19
920 16.66 -30.73
921 17.72 -14.4
922 2.2 -7.07
923 4.73 -23.46
924 26.95 -23.38
925 27.96 -8.44
926 30.26 -12.85
927 9.9 -20.73
928 23.15 -28.35
929 10.76 -8.06
930 27.58 -7.62
931 15.51 -22.88
932 14.2 -15.14
933 14.12 -1.37
934 10.08 -17.23
935 16.97 -12.27
936 26.67 -6.26
937 13.34 -3.69
938 6.67 -8.39
939 0.78 -28.59
940 6.03 -2.62
941 25.99 -28.74
942 28.99 -15.81
943 13.17 -4.89
944 12.96 -21.14
945 8.29 -3.45
946 5.85 -9.54
947 4.2 -23.8
948 4.7 -20.05
949 6.28 -28.85
950 10.12 -25.3
951 0.57 -2.77
952 6.46 -16.31
953 4.22 -13.91
954 22.02 -23.65
955 26.27 -5
956 13.26 -28.05
957 23.39 -21.26
958 26.16 -11.26
959 11.92 -16.08
960 19.53 -18.64
961 7.7 -30.73
962 3.06 -25.38
963 24.95 -22.42
964 20.27 -7.76
965 2.06 -10.75
966 13.53 -9.91
967 5.74 -13.15
968 6.58 -19.99
969 12.65 -9.97
970 25.49 -28.6
971 25.66 -18.44
972 8.71 -18.28
973 9.06 -28.57
974 13.65 -14.39
975 12.55 -0.5
976 0.24 -12.7
977 7.08 -20.25
978 22.19 -3.3
979 21.58 -11.55
980 22.3 -21.99
981 11.42 -23.64
982 16.32 -4.83
983 4.35 -17.17
984 6.66 -22.9
985 20.51 -27.52
986 14.96 -11.67
987 29.95 -25.69
988 23.26 -3.19
989 28.1 -8.01
990 19.04 -5.91
991 29.13 -9.65
992 9.42 -19.28
993 2.1 -5.21
994 27.28 -11.14
995 2.13 -23.68
996 26.84 -18.58
997 23.42 -13.55
998 10.24 -12.16
999 4.07 -7.29
1000 3.81 -16.9
1001 8.1 -4.1
1002 29.79 -18.77
1003 1.49 -7.05
1004 25.59 -22.05
1005 7.48 -29.59
1006 18.77 -13.63
1007 12.43 -5.61
1008 21.34 -28.19
1009 8.33 -14.53
1010 17.73 -28.14
1011 15.72 -20.98
1012 3.54 -24.09
1013 5.26 -18.66
1014 25.95 -24.3
1015 20.73 -19.85
1016 23.95 -9.28
1017 7.58 -28.83
1018 15.4 -2.26
1019 24.31 -9.07
1020 18.18 -9.99
1021 3.14 -11.31
1022 27.44 -5.95
1023 13.67 -26.09
1024 20.14 -28.3
1025 25.44 -22
1026 22.51 -6.87
1027 30.97 -20.68
1028 18.87 -26.05
1029 29.87 -15.75
1030 15.12 -24.34
1031 2.63 -19.6
1032 17.43 -8.07
1033 10.33 -10.21
1034 29.8 -1.84
1035 22.35 -14.16
1036 4.99 -16.98
1037 22.94 -5.02
1038 0.11 -11.95
1039 19.77 -5.61
1040 7.13 -30.78
1041 17.17 -24.73
1042 24.93 -29.64
1043 4.21 -27.66
1044 12.41 -12.8
1045 6.15 -3.09
1046 22.69 -7.05
1047 25.64 -8.78
1048 29.51 -19.65
1049 21.49 -15.49
1050 9.17 -28.31
1051 24.81 -23.36
1052 28.38 -14.16
1053 5.63 -16.75
1054 1.88 -8.02
1055 18.32 -4.92
1056 29.65 -19.54
1057 28.7 -4.49
1058 1.16 -23.59
1059 15.91 -12.44
1060 26.05 -24.09
1061 0.15 -22.06
1062 10.36 -17.74
1063 16.91 -25.79
1064 10.29 -19.39
1065 16.7 -17.92
1066 10.29 -19.46
1067 13.15 -21.04
1068 17.31 -18.19
1069 26.21 -29.3
1070 3.23 -19.2
1071 18.26 -13.53
1072 28.55 -12.4
1073 15.51 -26.48
1074 7.92 -29.71
1075 22.8 -0.43
1076 2.01 -2.97
1077 0.24 -2.47
1078 7.79 -12.38
1079 0.77 -17.15
1080 4.08 -28.6
1081 27.58 -28
1082 18.04 -24.89
1083 12.08 -9.73
1084 18.56 -4.35
1085 3.07 -17.82
1086 10.87 -21.79
1087 3.19 -0.85
1088 27.34 -8.42
1089 17.65 -18.71
1090 29.66 -4.26
1091 17.76 -9.46
1092 22.45 -0.67
1093 23.57 -18
1094 14.67 -30.24
1095 27.84 -24.35
1096 0.87 -29.27
1097 23.16 -24.43
1098 13.68 -29.43
1099 13.3 -4.25
1100 22.07 -1.24
1101 2.55 -26.9
1102 27.75 -12.46
1103 20.89 -16.27
1104 14.5 -3.61
1105 18.4 -7.54
1106 27.52 -13.16
1107 24.35 -5.16
1108 23.16 -18.98
1109 28.74 -16.93
1110 20.8 -17.35
1111 15.63 -5.11
1112 9.06 -21.67
1113 30.62 -7.79
1114 22.56 -22.74
1115 3.51 -23.44
1116 19.34 -24.15
1117 5.62 -6.06
1118 1.85 -26.62
1119 30.23 -6.03
1120 13.57 -26.87
1121 9.03 -17.63
1122 22.79 -20.62
1123 19.12 -2.39
1124 29.84 -25.47
1125 22.35 -16.86
1126 1.49 -19.64
1127 20.83 -6.98
1128 25.29 -10.55
1129 2.3 -20.45
1130 12.89 -16.86
1131 10.01 -16.33
1132 1.91 -11.76
1133 7.38 -26.15
1134 1.18 -3.77
1135 30.64 -17.13
1136 14.29 -14.76
1137 14.9 -19.2
1138 1.11 -16.6
1139 21.6 -3.02
1140 30.4 -30.95
1141 19.59 -12.95
1142 30.45 -0.9
1143 21.97 -9.42
1144 9.39 -24.74
1145 21.12 -24.27
1146 20.12 -1.8
1147 13.56 -0.14
1148 5.81 -22.04
1149 25.81 -0.46
1150 17.6 -7
1151 1.28 -4.97
1152 3.69 -11.41
1153 28.01 -16.18
1154 29.72 -4.8
1155 15.27 -18.61
1156 0.56 -8.64
1157 20.06 -3.86
1158 23.8 -0.01
1159 4.28 -11.04
1160 14.83 -12.71
1161 14.52 -25.4
1162 5.06 -3.96
1163 26 -28.08
1164 8.07 -10.88
1165 17.88 -0.33
1166 15.82 -5.19
1167 16.6 -29.68
1168 14.86 -19.52
1169 3.84 -13.61
1170 1.23 -24.1
1171 1.74 -19.12
1172 2.5 -12.31
1173 22.85 -21.81
1174 1.85 -26.31
1175 8.02 -27.13
1176 21.53 -27.2
1177 0.16 -22.54
1178 30.15 -6.12
1179 17 -5.68
1180 6.01 -17.74
1181 22.93 -14.4
1182 13.08 -1.36
1183 20.88 -8.53
1184 1.66 -7.46
1185 0.56 -24.72
1186 23.36 -13.41
1187 25.73 -12.82
1188 14.15 -25.87
1189 21.18 -17.58
1190 13.71 -26.52
1191 22.73 -8.72
1192 10.79 -14.76
1193 20.88 -22.89
1194 28.58 -20.46
1195 7.2 -17.4
1196 0.8 -14.11
1197 25.99 -9.65
1198 28.7 -24.4
1199 11.38 -15.87
1200 20.12 -30.36
1201 12.78 -22.46
1202 4.29 -12.48
1203 17.87 -18.03
1204 4.61 -18.44
1205 13.97 -8.05
1206 27.3 -28.84
1207 23.12 -5.7
1208 8.11 -7.09
1209 7.07 -13.01
1210 9.93 -16.21
1211 9.85 -14.27
1212 23.92 -21.26
1213 25.18 -4.84
1214 0.24 -21.62
1215 0.5 -5.57
1216 28.03 -20.36
1217 12.36 -23.8
1218 10.83 -1.32
1219 30.29 -30.24
1220 17.81 -25.96
1221 23.8 -23.78
1222 9 -14.11
1223 0.72 -15.93
1224 8.46 -17.11
1225 12.85 -18.31
1226 1.58 -28.91
1227 19.17 -22.7
1228 27.54 -5.02
1229 6.16 -13.36
1230 18.93 -27.78
1231 27.66 -17.19
1232 9.99 -26.48
1233 7.33 -9.03
1234 18.79 -20.83
1235 15.79 -6.62
1236 9.92 -16.12
1237 9.76 -19.12
1238 14.57 -18.92
1239 5.03 -10.48
1240 8.32 -23.03
1241 20.94 -28.4
1242 20.1 -9.9
1243 25.45 -19.64
1244 2 -16.65
1245 23.95 -11.13
1246 28.32 -0.45
1247 26.93 -20.62
1248 9.17 -17.84
1249 18.19 -13.78
1250 20.4 -7.48
1251 23.6 -13.5
1252 1.62 -9.84
1253 28.76 -2.36
1254 12.85 -16.19
1255 18.74 -13.32
1256 10.72 -21.17
1257 10.59 -19.21
1258 7.85 -30.83
1259 27 -15.56
1260 26.7 -20.37
1261 0.34 -19.95
1262 20.09 -3.54
1263 21.38 -6.79
1264 20.58 -29.26
1265 16.26 -8.57
1266 22.08 -20.5
1267 30.35 -8.87
1268 11.23 -3.22
1269 19.42 -28.11
1270 20.95 -3.6
1271 4.29 -17.68
1272 5.89 -0.68
1273 11.03 -14.89
1274 9.97 -24.26
1275 13.63 -7.03
1276 6.5 -16.19
1277 19.74 -24.49
1278 0.29 -26.6
1279 4.38 -10.12
1280 29.22 -20.87
1281 20.89 -20.65
1282 29.52 -30.82
1283 3.04 -20.24
1284 27.88 -20.27
1285 23.88 -22.46
1286 19.67 -17.83
1287 18.51 -28.17
1288 22.58 -25.56
1289 29.35 -29.54
1290 16.09 -1.56
1291 17.75 -11.98
1292 16 -22.6
1293 28.72 -17.01
1294 6.66 -16.29
1295 16.68 -12.62
1296 12.79 -4.88
1297 4.7 -6.57
1298 6.34 -21.83
1299 11.11 -7.74
1300 9.73 -3.22
1301 21.05 -3.99
1302 1.16 -29.4
1303 3.48 -19.09
1304 17.63 -3.27
1305 4.83 -1.83
1306 24.34 -13.25
1307 15.37 -2.1
1308 19.12 -9.34
1309 5.15 -13.09
1310 5.23 -25.78
1311 10.18 -1.35
1312 7.92 -18.03
1313 8.86 -25.4
1314 12.66 -14.26
1315 17.48 -30.49
1316 3.48 -1.91
1317 10.83 -18.06
1318 6.15 -15.17
1319 18.44 -14.32
1320 26.67 -3.3
1321 16.55 -2.79
1322 4.89 -30.53
1323 19.39 -11.44
1324 24.53 -3.53
1325 29.31 -24.54
1326 5.41 -9.29
1327 6.84 -19.01
1328 23.93 -13.34
1329 7.12 -26.22
1330 25.72 -5.6
1331 7.51 -4.13
1332 1.71 -8.72
1333 23.89 -28.87
1334 22.71 -7.86
1335 21.68 -21.85
1336 24.64 -18.38
1337 28.44 -7.24
1338 18.68 -29.54
1339 2.07 -16.83
1340 20.9 -22.74
1341 11.55 -10.91
1342 9.44 -26.31
1343 19.17 -18.39
1344 13.61 -2.38
1345 18.5 -5.82
1346 9.95 -8.33
1347 17.06 -26.01
1348 3.4 -22.18
1349 30.04 -20.47
1350 11.33 -26.11
1351 24.02 -20.72
1352 7.48 -4.97
1353 14.03 -21.46
1354 7.29 -5.69
1355 7.95 -16.11
1356 6.54 -7.71
1357 3.03 -19.5
1358 17.41 -26.5
1359 28.88 -1.72
1360 7.54 -0.02
1361 18.88 -16.38
1362 21.92 -28.01
1363 19.19 -4.94
1364 4.93 -25.32
1365 30.96 -28.75
1366 29 -16.26
1367 21.24 -23.98
1368 24.96 -5.48
1369 21.69 -4.27
1370 30.9 -1.25
1371 19.49 -9.16
1372 8.18 -16.96
1373 12.47 -22.52
1374 24.24 -25.59
1375 25.62 -20.87
1376 16.78 -11.31
1377 8.32 -24.02
1378 8.48 -7.7
1379 12.54 -27.52
1380 4.79 -13.41
1381 29.68 -23.02
1382 16 -2.79
1383 8.28 -30.44
1384 14.23 -9.96
1385 21.74 -9.49
1386 18.66 -24.66
1387 10.62 -20.75
1388 12.27 -26.84
1389 21.44 -2.61
1390 23.49 -16.03
1391 27.34 -26.58
1392 19.6 -19.79
1393 27.49 -15.19
1394 22.23 -28.08
1395 21.01 -19.55
1396 11.58 -27.02
1397 29.82 -19.69
1398 29.65 -7.1
1399 27.59 -17.62
1400 27.11 -12.89
1401 6.55 -28.85
1402 18.6 -14.77
1403 21.14 -27.69
1404 9.83 -10.39
1405 5.94 -11.58
1406 17.68 -12.84
1407 1.63 -12.81
1408 28 -16.8
1409 13.88 -8.64
1410 28.19 -19.23
1411 25.77 -3.89
1412 3.11 -19.29
1413 5.92 -24.59
1414 11.21 -1.76
1415 25.17 -2.51
1416 10.88 -17.85
1417 12.14 -11.24
1418 18.46 -29.48
1419 19.39 -2.28
1420 24.38 -28.29
1421 20.65 -25.33
1422 7.14 -11.06
1423 27.86 -22.28
1424 30.92 -14.66
1425 13.41 -21.26
1426 4.68 -7.63
1427 6.45 -8.19
1428 12.3 -18.31
1429 30.59 -12.37
1430 25.4 -3.04
1431 20.89 -24.77
1432 15.53 -15.8
1433 24.8 -2.03
1434 14.84 -2.99
1435 10.8 -13.19
1436 18.04 -8.22
1437 29.81 -0.45
1438 22.73 -4.71
1439 19.37 -26.67
1440 27.46 -2.17
1441 20.33 -12.31
1442 0.02 -1.14
1443 19.45 -26.78
1444 18.67 -22.84
1445 25.88 -19.04
1446 23.33 -13.07
1447 8.39 -26.29
1448 7.85 -7.87
1449 21.38 -2.19
1450 15.38 -22.69
1451 10.43 -11.71
1452 12.16 -2.42
1453 17.65 -9.24
1454 15.44 -14.42
1455 16.59 -6.03
1456 28.86 -11.9
1457 23.56 -5.92
1458 12.22 -8.4
1459 0.24 -12.01
1460 10.57 -30.89
1461 23.48 -26.13
1462 0.94 -13.43
1463 0.82 -0.87
1464 3.06 -8.79
1465 11 -22.2
1466 13.43 -18.44
1467 0.39 -0.96
1468 10.2 -25.6
1469 9.02 -18.04
1470 3.59 -25.64
1471 17.06 -5.13
1472 21.58 -11.97
1473 20.37 -9.62
1474 1.15 -2.8
1475 2.7 -20.62
1476 26.27 -11.73
1477 4.68 -26.18
1478 27.06 -27.21
1479 15.53 -5.5
1480 7.22 -9.64
1481 7.61 -6.05
1482 7.01 -20.66
1483 25.78 -8
1484 5.56 -27.74
1485 1.9 -3.8
1486 19.45 -19.68
1487 0.65 -18.97
1488 28.59 -10.03
1489 12.84 -0.55
1490 21.17 -9.27
1491 0.52 -26.06
1492 0.76 -16.44
1493 23.17 -5.2
1494 10.7 -7.34
1495 16.99 -18.22
1496 3.8 -28.44
1497 28.62 -24.6
1498 12.12 -10.81
1499 18.07 -23.4
1500 6.72 -28.2
1501 16.88 -30.5
1502 18.47 -26.18
1503 15.73 -28.06
1504 28.61 -26.58
1505 4.85 -8.09
1506 3.15 -29.3
1507 25.26 -5.37
1508 21.09 -14.44
1509 21.78 -17.43
1510 15.18 -11.31
1511 8.76 -18.29
1512 11.89 -18.98
1513 9.31 -16.9
1514 9.31 -3.53
1515 0.74 -6.91
1516 6.41 -16.03
1517 21.73 -17.62
1518 25.2 -24.88
1519 30.98 -6.47
1520 25.08 -22.81
1521 0.63 -15.36
1522 0.25 -7.76
1523 22.2 -25.89
1524 22.85 -21.35
1525 1.66 -23.5
1526 10.8 -7.03
1527 26.01 -20.94
1528 6.85 -22.69
1529 5.75 -14.84
1530 21.75 -16.16
1531 11.71 -6.49
1532 3.63 -28.16
1533 1.56 -2.45
1534 19.44 -28.84
1535 0.17 -1.55
1536 16.91 -13.52
1537 21.28 -0.81
1538 26.7 -17.16
1539 18.03 -23
1540 15.51 -29.07
1541 5.1 -19.7
1542 9.64 -26.31
1543 28.52 -10.63
1544 25.48 -16.49
1545 12.17 -3.27
1546 9.76 -26.75
1547 23.92 -23.89
1548 5.86 -23.92
1549 21.76 -25.48
1550 6.55 -4.82
1551 18.34 -1.45
1552 12.78 -2.98
1553 30.67 -19.15
1554 21.67 -19.01
1555 17.08 -17.7
1556 6.4 -6.18
1557 1.49 -22.19
1558 1.82 -26.57
1559 22.58 -9.54
1560 12.81 -6.82
1561 2.58 -3.76
1562 7.17 -2.1
1563 26.02 -26.5
1564 0.5 -23.55
1565 28.37 -27.3
1566 8.27 -7.06
1567 10.04 -26.23
1568 24.9 -21.06
1569 9.07 -9.71
1570 6.94 -15.58
1571 21.76 -26.15
1572 27.86 -23.86
1573 19.43 -2.78
1574 12.32 -9.21
1575 16.03 -21.54
1576 4.82 -4.65
1577 17.27 -29.13
1578 4.15 -22.51
1579 15.06 -22.81
1580 29.63 -4.66
1581 22.24 -12.43
1582 18.18 -6.91
1583 7.49 -11.8
1584 1.04 -12.09
1585 27.67 -16.56
1586 22.23 -7.98
1587 0.84 -18.43
1588 0.73 -19.1
1589 28.31 -30.8
1590 0.86 -23.57
1591 7.75 -23.86
1592 22 -5.68
1593 28.19 -25.02
1594 27.36 -26.15
1595 10.33 -12.25
1596 4.2 -25.99
1597 12.42 -12.09
1598 23.9 -22.38
1599 13.99 -19.91
1600 15.99 -24.94
1601 12.44 -10.66
1602 8.62 -7.23
1603 5.85 -23.8
1604 3.12 -9.35
1605 1.93 -13.68
1606 6.54 -3.98
1607 20.18 -9.68
1608 14.22 -8.06
1609 13.74 -17.37
1610 9.14 -10.58
1611 16.1 -3.59
1612 15.69 -23.86
1613 25.77 -28.52
1614 17.44 -8.59
1615 13.05 -8.76
1616 19.43 -2.43
1617 20.18 -25.49
1618 28.81 -28.05
1619 16.92 -26.03
1620 8.71 -0.94
1621 4.92 -29.37
1622 18.57 -25.78
1623 2.84 -25.11
1624 22 -1.8
1625 22.9 -27.1
1626 30.7 -10.67
1627 3.53 -8
1628 16.05 -15.39
1629 23.98 -29.3
1630 7.07 -13.01
1631 25.96 -16.55
1632 11.04 -6.02
1633 13.59 -15.15
1634 20.7 -19.37
1635 20.31 -30.51
1636 8.41 -29.42
1637 3.72 -4.76
1638 9.39 -26.98
1639 8.3 -17.08
1640 13.19 -0.39
1641 11.06 -0.21
1642 18.73 -12.89
1643 7.8 -25.12
1644 2.94 -3.78
1645 27.31 -11.3
1646 27.85 -10.01
1647 26.55 -22.28
1648 16.95 -18.41
1649 6.78 -9.14
1650 19.18 -6.65
1651 15.59 -27.1
1652 11.38 -27.59
1653 23.57 -29.83
1654 15.92 -20.77
1655 21.16 -0.88
1656 1.09 -29.11
1657 21.52 -11.75
1658 16.39 -30.34
1659 13.65 -29.32
1660 20.14 -19.33
1661 8.87 -9.96
1662 11.76 -16.99
1663 4.4 -4.42
1664 13.57 -8.23
1665 14.89 -21.7
1666 28.32 -1.75
1667 29.34 -10
1668 8.84 -8.7
1669 29.47 -1.43
1670 2.31 -4.28
1671 12.91 -30.16
1672 21.43 -13.92
1673 13.27 -3.43
1674 12.27 -6.82
1675 26.15 -6.44
1676 16.4 -11.93
1677 28.92 -4.02
1678 18.97 -7.69
1679 15.92 -12.84
1680 3.54 -1.54
1681 13.81 -10.33
1682 30.86 -0.87
1683 20.09 -22.67
1684 24.1 -8.7
1685 23.5 -18.57
1686 17.73 -5.94
1687 19.86 -5.41
1688 19.36 -8.16
1689 25.5 -12.65
1690 29.61 -11.15
1691 23.08 -20.65
1692 4.2 -25.54
1693 2.23 -0.52
1694 13.36 -23.17
1695 4.23 -28.67
1696 8.01 -27.42
1697 7.81 -18.04
1698 20.23 -7.87
1699 27.09 -27.91
1700 26 -23.85
1701 29.79 -19.59
1702 4.52 -12.73
1703 0.41 -29.18
1704 21.35 -23.88
1705 14.55 -25.91
1706 26.08 -19.97
1707 14.51 -6.63
1708 7.15 -30.28
1709 1.97 -27.26
1710 24.93 -0.03
1711 27.45 -6.2
1712 3.76 -1.94
1713 20.33 -14.79
1714 11.7 -23.99
1715 16.85 -16.42
1716 15.53 -6.7
1717 29.95 -15.64
1718 24.34 -20.05
1719 23.45 -9.88
1720 4.79 -14.7
1721 3.67 -7
1722 24.15 -10.39
1723 20.2 -28.7
1724 24.96 -0.3
1725 0.33 -22.17
1726 28.38 -18.89
1727 20.84 -7.31
1728 1.62 -1.14
1729 4.66 -10.17
1730 6.12 -13.32
1731 30.54 -21.51
1732 16.67 -1.17
1733 0.75 -9.01
1734 18.89 -10.02
1735 4.24 -24.2
1736 0.21 -3.2
1737 24.11 -7.91
1738 5.61 -3.88
1739 4.19 -13.31
1740 4.49 -30.57
1741 18.46 -15.04
1742 1.87 -12.39
1743 13.53 -18.82
1744 8.52 -3.49
1745 27.33 -28.71
1746 19.22 -25.16
1747 26.33 -6.39
1748 15.4 -15.42
1749 4.96 -27.08
1750 30.81 -13.81
1751 27.53 -9.2
1752 17.11 -10.54
1753 14.42 -20.65
1754 2.96 -2.24
1755 12.33 -18.61
1756 13.18 -17.97
1757 30.36 -10.31
1758 8.66 -25.57
1759 29.07 -23.42
1760 21.13 -17.18
1761 21.86 -4.92
1762 11.32 -19.88
1763 4.3 -17.19
1764 23.8 -6.24
1765 30.58 -19.78
1766 28.98 -23.61
1767 13.67 -27.11
1768 27.28 -25.61
1769 27.85 -28.09
1770 26.23 -9.77
1771 27.74 -19.7
1772 30.01 -8.41
1773 2.98 -27.11
1774 30.05 -7.67
1775 4.37 -11.57
1776 16.5 -20.18
1777 19.58 -26.23
1778 22.95 -7.34
1779 13.58 -3.4
1780 23.18 -26.27
1781 29.4 -23.68
1782 19.8 -21.16
1783 15.77 -12.07
1784 9.16 -26.6
1785 5.37 -23.14
1786 11.84 -4.39
1787 -23.32 -2.12
1788 -8.75 -21.38
1789 -29.05 -26.31
1790 -17.4 -7.8
1791 -27.98 -12.95
1792 -8.18 -13.42
1793 -20.76 -27.09
1794 -30.49 -10.65
1795 -5.92 -13.87
1796 -6.55 -22.68
1797 -12.84 -4.32
1798 -16.39 -5.87
1799 -1.48 -8.14
1800 -10.8 -5.08
1801 -9.47 -6.85
1802 -19.49 -2.17
1803 -23.55 -1.8
1804 -7.63 -28.24
1805 -15.56 -1.12
1806 -14.07 -4.55
1807 -17.98 -23.07
1808 -19.16 -1.78
1809 -12.43 -18.26
1810 -1.13 -18.65
1811 -10.33 -28.88
1812 -12.72 -18.21
1813 -24.08 -2.7
1814 -10.84 -8.64
1815 -13.72 -5.08
1816 -11.94 -1.16
1817 -3.33 -2.71
1818 -15.03 -10.95
1819 -8.2 -6.4
1820 -7.53 -22.66
1821 -6.74 -23.76
1822 -26.35 -1.12
1823 -2.9 -24.72
1824 -11.98 -14.51
1825 -2.17 -25.86
1826 -3.26 -23.64
1827 -10.85 -12.5
1828 -15.2 -15.98
1829 -4.14 -14.45
1830 -19.54 -5.56
1831 -17.25 -17.86
1832 -0.1 -11
1833 -21.95 -20.58
1834 -26.99 -15.13
1835 -6.8 -9.67
1836 -12.96 -14.04
1837 -15.16 -13.54
1838 -17.78 -8.31
1839 -22.83 -28.59
1840 -23.45 -9.28
1841 -1.92 -25
1842 -6.5 -6.23
1843 -22.21 -23.29
1844 -6.75 -1.23
1845 -17.31 -5.88
1846 -3.26 -5.81
1847 -16.81 -3.56
1848 -3.67 -3.36
1849 -18.5 -7.76
1850 -17.44 -10.18
1851 -24.22 -4.82
1852 -28.88 -30.4
1853 -7.71 -18.9
1854 -16.49 -15.66
1855 -4.46 -10.06
1856 -4.06 -19.46
1857 -25.69 -16.91
1858 -9.2 -21.09
1859 -1.84 -27.43
1860 -2.31 -26.47
1861 -1.28 -19.15
1862 -2.24 -5.57
1863 -8.94 -18.09
1864 -5.38 -5.91
1865 -26.61 -6.96
1866 -11.78 -22.82
1867 -1.74 -30.35
1868 -18.25 -9.66
1869 -4.84 -19.97
1870 -30.04 -3.75
1871 -2.73 -9.3
1872 -26.21 -3.1
1873 -3.71 -28.43
1874 -24.86 -14.94
1875 -10.41 -5.55
1876 -24.71 -6.69
1877 -22.78 -22.22
1878 -19.83 -6.47
1879 -22.9 -11.24
1880 -18.2 -25.21
1881 -27.55 -18.51
1882 -17.86 -9.5
1883 -29.68 -29.29
1884 -28.79 -15.63
1885 -29.9 -3.52
1886 -23.35 -27.83
1887 -10.45 -1.64
1888 -30.07 -29.08
1889 -23.54 -24.69
1890 -30.24 -3.45
1891 -20.66 -13.48
1892 -4.7 -23.95
1893 -9.94 -12.44
1894 -3.21 -24.53
1895 -29.27 -1.84
1896 -20.35 -21.41
1897 -10.44 -25.82
1898 -3.64 -17.73
1899 -2.37 -9.12
1900 -23.17 -11.95
1901 -19.3 -1.27
1902 -2.91 -15.52
1903 -24.12 -9.27
1904 -2.96 -12.5
1905 -15.95 -16.67
1906 -9.67 -2.21
1907 -5.68 -16.13
1908 -8.1 -14.37
1909 -18.42 -15.63
1910 -17.47 -11.31
1911 -12.24 -27.21
1912 -22.04 -17.35
1913 -4.08 -22.68
1914 -0.81 -5.2
1915 -17.15 -6.45
1916 -7.73 -23.98
1917 -19.02 -15.97
1918 -25.24 -10.64
1919 -23.15 -22.66
1920 -18.85 -28.21
1921 -30.42 -18.62
1922 -14.28 -28.52
1923 -22.41 -5.1
1924 -0.25 -22.38
1925 -2.69 -20.36
1926 -16.57 -17.73
1927 -4.08 -14.93
1928 -17.14 -18.13
1929 -23.33 -18.68
1930 -25.14 -28.47
1931 -21.45 -20
1932 -4.97 -1.87
1933 -23.03 -19.99
1934 -11.65 -9.74
1935 -6.95 -25.7
1936 -13.33 -10.03
1937 -7.55 -16.89
1938 -21.99 -7.13
1939 -29.51 -29.97
1940 -29.85 -1.77
1941 -30.02 -11.72
1942 -6.17 -15.42
1943 -2.56 -3.1
1944 -21.78 -23.31
1945 -20.78 -5.41
1946 -4.94 -26.44
1947 -28.31 -21.75
1948 -21.26 -20.43
1949 -30.17 -30.87
1950 -25.57 -1.92
1951 -22.47 -6.12
1952 -23.01 -18.42
1953 -25.55 -30.02
1954 -8.51 -24.53
1955 -26.3 -24.06
1956 -4.78 -7.36
1957 -2.31 -4.84
1958 -18.46 -21.48
1959 -13.79 -4.87
1960 -20.8 -9.24
1961 -15.21 -14.1
1962 -4.85 -25.74
1963 -15.18 -12.52
1964 -22.91 -26.12
1965 -7.56 -24.87
1966 -0 -17.49
1967 -4.91 -9.55
1968 -8.57 -2.53
1969 -6.58 -30.47
1970 -3.05 -27.61
1971 -14.49 -12.4
1972 -17.24 -18.36
1973 -8.84 -16.8
1974 -1.19 -4.7
1975 -24.47 -2.15
1976 -16.25 -22
1977 -16.74 -8.68
1978 -0.72 -0.63
1979 -6.27 -11.44
1980 -5.32 -23.64
1981 -20.65 -24.35
1982 -2.9 -15.84
1983 -28.89 -25.56
1984 -25.03 -21.99
1985 -29.12 -4.48
1986 -27.4 -7.61
1987 -25.97 -12.62
1988 -8.94 -13.65
1989 -28.87 -14.33
1990 -16.48 -20.66
1991 -11.66 -1.86
1992 -10.54 -12.26
1993 -12.89 -7.92
1994 -29.89 -21.79
1995 -24.95 -29.68
1996 -23.03 -4.21
1997 -30.57 -14.6
1998 -9.16 -25.93
1999 -16.92 -28.46
2000 -1.94 -13.72
2001 -21.33 -25.57
2002 -7.19 -8.87
2003 -22.52 -26.82
2004 -10.15 -26.65
2005 -16.31 -30.91
2006 -1.78 -6.15
2007 -18.41 -7.49
2008 -25.94 -22.84
2009 -13.63 -10.82
2010 -9.5 -24.83
2011 -29.04 -7.58
2012 -1.7 -12.05
2013 -6.98 -28.61
2014 -5.59 -10.87
2015 -4.11 -3.43
2016 -29 -7.54
2017 -26.93 -4.96
2018 -0.78 -15.71
2019 -21.88 -28.97
2020 -28.88 -21.45
2021 -27.6 -7.2
2022 -25.21 -30.66
2023 -2.03 -25.54
2024 -15.88 -20.15
2025 -13.98 -15.66
2026 -2.77 -25.39
2027 -6.44 -22.54
2028 -30.67 -14.99
2029 -25.86 -23.95
2030 -6.9 -5.27
2031 -23.33 -9.49
2032 -14.45 -4.9
2033 -0.13 -29.78
2034 -27.75 -25.75
2035 -16.2 -22.01
2036 -8.73 -25.63
2037 -4.82 -23.33
2038 -28.39 -13.47
2039 -13.14 -6.85
2040 -2.03 -13.27
2041 -7.66 -6.65
2042 -29.19 -15.32
2043 -30.32 -24.63
2044 -28.1 -8.39
2045 -24.18 -4.7
2046 -14.2 -4
2047 -19.42 -27.03
2048 -25.81 -28.65
2049 -2.93 -19.55
2050 -21.08 -22.56
2051 -27.71 -19.13
2052 -21.98 -9.34
2053 -22.81 -12.05
2054 -29.42 -19.37
2055 -1.65 -4.95
2056 -22.12 -10.98
2057 -26.3 -19.83
2058 -13.46 -30.84
2059 -8.23 -5.14
2060 -9.85 -10.56
2061 -25.08 -11.93
2062 -18.48 -3.57
2063 -11.74 -13.5
2064 -12.57 -23.81
2065 -15.37 -14.67
2066 -2.81 -13.18
2067 -22.52 -22.6
2068 -3.66 -4.31
2069 -23.69 -24.85
2070 -9.32 -12.6
2071 -23.58 -25.34
2072 -14.17 -0.45
2073 -0.29 -18.89
2074 -3.55 -7.16
2075 -28.24 -19.04
2076 -30.97 -23.92
2077 -27.49 -22.33
2078 -4.83 -28.97
2079 -21.78 -8.24
2080 -22.91 -27.93
2081 -10.11 -16.67
2082 -8.27 -5.24
2083 -9.56 -1.63
2084 -6 -22.45
2085 -4.06 -12.77
2086 -17.63 -15.32
2087 -26.29 -7.16
2088 -5.57 -11.32
2089 -18.48 -26.58
2090 -25.14 -9.13
2091 -2.05 -26.25
2092 -17.58 -4.63
2093 -2.6 -29.55
2094 -17.31 -1.93
2095 -9.38 -24.38
2096 -10.05 -19.74
2097 -24.99 -19.49
2098 -0.64 -28.85
2099 -30.82 -14.07
2100 -26.84 -6.64
2101 -1.49 -3.88
2102 -21.57 -13.47
2103 -24.79 -7.3
2104 -13.41 -27.14
2105 -5.27 -22.8
2106 -18.05 -7.55
2107 -12.19 -17.85
2108 -26.92 -15.15
2109 -27.6 -14.79
2110 -18.7 -13.23
2111 -12.49 -5.99
2112 -25.48 -8.27
2113 -6.12 -6.48
2114 -0.07 -5.65
2115 -22.81 -5.95
2116 -20.35 -6.43
2117 -30.42 -24.3
2118 -11.13 -10.92
2119 -7.07 -3.74
2120 -26.54 -24.54
2121 -1.09 -22.86
2122 -9.71 -24.11
2123 -8.26 -23.8
2124 -18.12 -5.63
2125 -29.38 -15.38
2126 -21.37 -5.82
2127 -14.09 -10.88
2128 -27.88 -26.38
2129 -1.03 -30.74
2130 -5.69 -7.48
2131 -13.91 -3.36
2132 -27.67 -5.56
2133 -16.49 -13.34
2134 -17.08 -18.32
2135 -11.86 -3.08
2136 -25.94 -23.14
2137 -16.25 -12.95
2138 -16.28 -15.18
2139 -0.33 -4.03
2140 -29.93 -3.4
2141 -19.74 -9.24
2142 -20.12 -20.31
2143 -26.21 -13.35
2144 -13.09 -27.52
2145 -4 -6.76
2146 -10.12 -29.3
2147 -3.87 -28.44
2148 -21.3 -17.31
2149 -4.63 -20.36
2150 -2.96 -17.9
2151 -10.04 -16.49
2152 -8.97 -28.9
2153 -13.08 -5.81
2154 -20.36 -25.25
2155 -8.17 -23.94
2156 -2.18 -19.29
2157 -19.12 -27.91
2158 -10.26 -1.82
2159 -29.34 -24.85
2160 -0.61 -2.88
2161 -1.18 -12.87
2162 -20.83 -21.26
2163 -7.57 -5.05
2164 -4.93 -11.13
2165 -29.03 -22.73
2166 -18.74 -7.89
2167 -16.32 -18.59
2168 -3.92 -27.71
2169 -1.48 -8.92
2170 -1.86 -3.8
2171 -23.09 -9.65
2172 -17.08 -4.04
2173 -5.86 -21.74
2174 -26.11 -27.35
2175 -9.75 -14.73
2176 -7.12 -26.73
2177 -27.51 -10.93
2178 -15.99 -27.95
2179 -18.6 -14.6
2180 -6.33 -0.44
2181 -8.34 -16.63
2182 -14.74 -25.08
2183 -1.31 -24.66
2184 -2.58 -18.66
2185 -22.46 -13.32
2186 -22.97 -14.97
2187 -29.53 -25.07
2188 -26.33 -19.58
2189 -26.45 -14.92
2190 -29.65 -21.45
2191 -27.7 -5.2
2192 -16.13 -16.29
2193 -13.24 -24.21
2194 -18.33 -11.64
2195 -12.09 -11.36
2196 -27.99 -24.67
2197 -29.27 -30.95
2198 -4.13 -22.25
2199 -20.43 -10.1
2200 -23.42 -17.23
2201 -1.2 -22.41
2202 -16.48 -25.92
2203 -14.5 -30.74
2204 -25.18 -22.34
2205 -23.31 -9.95
2206 -15.15 -23.83
2207 -19.64 -30.53
2208 -3.26 -10.8
2209 -22.45 -12.4
2210 -23.76 -21.59
2211 -25.78 -14.06
2212 -24.53 -0.27
2213 -22.52 -24.05
2214 -3.16 -8.18
2215 -25.41 -11.95
2216 -3.36 -26.58
2217 -1.02 -6.14
2218 -16.4 -30.36
2219 -1.22 -15.52
2220 -25.47 -10.58
2221 -13.93 -24.53
2222 -24.06 -20.14
2223 -30.95 -2.57
2224 -14.97 -27.32
2225 -17.92 -1.92
2226 -26.5 -18.25
2227 -18.52 -12.7
2228 -16.28 -20.03
2229 -28.21 -10.04
2230 -21.99 -29.96
2231 -5.06 -2.14
2232 -18.8 -4.87
2233 -4.23 -6.09
2234 -21.61 -4.2
2235 -25.3 -15.98
2236 -9.51 -26.61
2237 -15.75 -8.23
2238 -21.32 -13.1
2239 -9.42 -26.22
2240 -28.14 -5.29
2241 -23.54 -6.86
2242 -30.09 -23.64
2243 -23.19 -21.58
2244 -0.62 -25.89
2245 -24.85 -30.92
2246 -2.07 -2.13
2247 -7 -9.43
2248 -15.52 -20.87
2249 -4.6 -21.76
2250 -6.74 -16.66
2251 -22.79 -29.9
2252 -7.14 -26.77
2253 -8.87 -7.54
2254 -2.77 -28.46
2255 -13.28 -28.82
2256 -15.2 -10.43
2257 -13.6 -16.34
2258 -6.93 -14.29
2259 -19.7 -5.79
2260 -5.72 -18.07
2261 -20.21 -24.07
2262 -2.51 -18.31
2263 -18.7 -6.73
2264 -8.01 -28.55
2265 -24.73 -23.3
2266 -22.21 -25.27
2267 -0.57 -16.52
2268 -3.59 -8.87
2269 -6.33 -9.44
2270 -17.78 -6.36
2271 -27.31 -30.13
2272 -26 -1.99
2273 -26.8 -9.91
2274 -26.23 -1.93
2275 -30.52 -15.51
2276 -8.58 -11.47
2277 -29.78 -19.73
2278 -5.99 -21.61
2279 -19.17 -17.48
2280 -20.31 -24.52
2281 -18.8 -23.42
2282 -8.95 -11.52
2283 -20.39 -29.89
2284 -8.33 -12.54
2285 -29.42 -6.24
2286 -15.9 -26.12
2287 -28.11 -25.73
2288 -15.17 -10.9
2289 -23.35 -3.43
2290 -18.94 -10.4
2291 -1.39 -22.87
2292 -11.61 -7.05
2293 -28.66 -10.69
2294 -7.69 -28.12
2295 -1.16 -27.35
2296 -19.78 -28
2297 -19.04 -30.48
2298 -29.37 -28.73
2299 -20.79 -18.95
2300 -25.2 -6.71
2301 -12.35 -19.21
2302 -24.46 -20.62
2303 -0.52 -19.98
2304 -23.41 -8.63
2305 -29.55 -23.87
2306 -15.74 -11.36
2307 -28.93 -10.46
2308 -21.15 -6.87
2309 -14.51 -26.59
2310 -22.95 -28.85
2311 -25.85 -15.68
2312 -15.16 -22.25
2313 -30.5 -13.9
2314 -1.85 -13.54
2315 -30.77 -20.29
2316 -8.5 -6.57
2317 -27.19 -12.12
2318 -11.62 -1.96
2319 -21.12 -7.23
2320 -0.1 -4.03
2321 -25.91 -30.19
2322 -9.66 -26.37
2323 -12.76 -23.84
2324 -29.96 -30.81
2325 -28.66 -27.28
2326 -11.96 -1.43
2327 -23.68 -3.04
2328 -16.94 -6.64
2329 -20.18 -23.18
2330 -12.47 -29.31
2331 -15.41 -30.47
2332 -11.59 -0.49
2333 -12.97 -22.12
2334 -29.36 -23.21
2335 -6.77 -3.09
2336 -12.81 -8.98
2337 -14.87 -12.2
2338 -5.05 -22.47
2339 -1.8 -27.64
2340 -23.92 -14.53
2341 -15.96 -9.99
2342 -13.03 -15.4
2343 -22.04 -8.64
2344 -11.34 -9.49
2345 -18.32 -21.75
2346 -21.22 -23.81
2347 -24.3 -2.73
2348 -24.86 -12.34
2349 -15.07 -6.27
2350 -19.89 -2.74
2351 -22.24 -21.84
2352 -3.05 -1.7
2353 -3.69 -6.12
2354 -2.76 -18.62
2355 -2.15 -5.49
2356 -26 -6.2
2357 -21.6 -28.63
2358 -6.27 -8.03
2359 -28.04 -12.64
2360 -3.39 -17.61
2361 -20.94 -15.37
2362 -18.1 -4.14
2363 -16.48 -24.76
2364 -10.55 -22.48
2365 -4.74 -0.55
2366 -22.4 -30.44
2367 -11.66 -26.99
2368 -12.63 -4.97
2369 -3.11 -25.87
2370 -10.89 -25.91
2371 -1.11 -15.78
2372 -13.41 -5.89
2373 -24.45 -22.71
2374 -14.87 -30.2
2375 -27.33 -21.49
2376 -5.86 -28.79
2377 -1.93 -17.27
2378 -11.03 -3.49
2379 -25.97 -18.41
2380 -18.96 -1.1
2381 -0.55 -10.24
2382 -16.75 -20.88
2383 -5.37 -22.73
2384 -17.61 -29.38
2385 -24.29 -8.48
2386 -3.78 -8.02
2387 -13.91 -4.92
2388 -27.63 -17.19
2389 -16.39 -7.36
2390 -28.86 -11.5
2391 -19.81 -12.72
2392 -9.51 -3.72
2393 -7.21 -21.74
2394 -9.15 -0.06
2395 -1.17 -12.71
2396 -22.95 -7.64
2397 -8.04 -12.24
2398 -3.97 -19.22
2399 -17.6 -13.42
2400 -1.42 -1.1
2401 -9.12 -21.41
2402 -26.33 -5.21
2403 -22.4 -2.56
2404 -9.92 -2.48
2405 -24.5 -18.32
2406 -10.56 -18.3
2407 -22.03 -13.32
2408 -14.58 -20.08
2409 -30.66 -8.76
2410 -0.99 -23.74
2411 -10.9 -0.83
2412 -23.59 -3.46
2413 -22.68 -18.94
2414 -11.88 -27.57
2415 -8.19 -19.8
2416 -20.73 -13.31
2417 -29.04 -17.32
2418 -30.4 -26.58
2419 -29.06 -20.44
2420 -18.28 -9.32
2421 -27.63 -22.57
2422 -15.41 -28.85
2423 -28.45 -29.18
2424 -17.46 -29.99
2425 -2.25 -7.63
2426 -8.47 -18.46
2427 -21.92 -23.67
2428 -22.14 -11.58
2429 -8.15 -13.61
2430 -12.93 -3.02
2431 -26.85 -26.87
2432 -23.71 -2.67
2433 -29.25 -24.89
2434 -24.86 -23.11
2435 -1.43 -27.32
2436 -29.41 -12.14
2437 -20.51 -8.58
2438 -17.28 -24.34
2439 -23.33 -28.48
2440 -5.12 -3.75
2441 -22.21 -25.59
2442 -28.78 -24.11
2443 -4.69 -23.65
2444 -16.78 -19.92
2445 -22.95 -23.37
2446 -19.24 -29.72
2447 -1.39 -29.32
2448 -23.22 -11.95
2449 -4.06 -30.64
2450 -6.48 -17.08
2451 -8.74 -5.49
2452 -24.6 -15.41
2453 -8.75 -29.26
2454 -26.74 -10.88
2455 -14.63 -1.09
2456 -6.2 -11.38
2457 -4.49 -16.36
2458 -19.54 -3.98
2459 -3.43 -9.19
2460 -1.56 -5.32
2461 -4.04 -26.38
2462 -24.7 -20.8
2463 -12.27 -5.43
2464 -15.6 -27.44
2465 -24.04 -16.33
2466 -1.34 -22.08
2467 -17.02 -1.79
2468 -10.57 -25.94
2469 -16.35 -25.77
2470 -6.38 -16.83
2471 -28.22 -10.5
2472 -26.87 -12.58
2473 -27.09 -1.71
2474 -21.42 -15.41
2475 -0.25 -30.52
2476 -5.42 -22.98
2477 -23.3 -4.3
2478 -20.25 -9.64
2479 -16.61 -4.57
2480 -20.9 -4.85
2481 -6.46 -9.65
2482 -21.96 -22.25
2483 -27.71 -23.48
2484 -18.25 -1.53
2485 -18.37 -13.06
2486 -23.57 -4.16
2487 -16.74 -15.59
2488 -27.82 -29.96
2489 -24.89 -23.35
2490 -2.39 -18.25
2491 -10.23 -25.14
2492 -29.44 -18.33
2493 -27.98 -13.06
2494 -17.63 -29.22
2495 -3.07 -13.59
2496 -2.76 -18.06
2497 -19.83 -20.05
2498 -12.53 -24.73
2499 -26.26 -16.54
2500 -9.13 -10.31
2501 -24.99 -24.15
2502 -19.26 -1.7
2503 -11.18 -10.73
2504 -13.61 -16.09
2505 -3.34 -5.07
2506 -9.73 -26.52
2507 -13.86 -24.09
2508 -16.67 -8.18
2509 -6.4 -10.84
2510 -3.95 -3.31
2511 -0.89 -19.99
2512 -9.05 -17.23
2513 -10.96 -20.72
2514 -16.78 -1.1
2515 -21.93 -16.75
2516 -9.9 -25.91
2517 -7.13 -15.92
2518 -6.18 -8.69
2519 -24.78 -28.83
2520 -2.9 -30.31
2521 -25.83 -7.64
2522 -11.25 -12.64
2523 -0.34 -8.69
2524 -30.05 -27.93
2525 -10.76 -17.26
2526 -16.77 -13.52
2527 -30.76 -11.65
2528 -11.89 -5.34
2529 -6.45 -21.24
2530 -6.99 -8.19
2531 -13.63 -7.9
2532 -3.35 -27.42
2533 -5.11 -20.76
2534 -18.6 -20.05
2535 -19.36 -9.41
2536 -27.57 -1.02
2537 -24.18 -24.71
2538 -12.93 -7.82
2539 -15.27 -24.52
2540 -21.3 -11.98
2541 -5.03 -26.03
2542 -17.2 -7.08
2543 -12.42 -4.79
2544 -5.55 -8.61
2545 -16.81 -29.39
2546 -16.82 -12.55
2547 -8.97 -30.44
2548 -30.72 -30.69
2549 -19.74 -24.6
2550 -13.53 -28.84
2551 -9.39 -18.62
2552 -12.33 -10.1
2553 -28.44 -2.57
2554 -6.62 -4.78
2555 -27.29 -12.72
2556 -18.27 -27.92
2557 -14.52 -1.32
2558 -16.63 -15
2559 -3.13 -6.47
2560 -4.86 -22.18
2561 -3.73 -30.46
2562 -29.9 -1.2
2563 -0.89 -23.22
2564 -27.34 -9.15
2565 -17.51 -20.63
2566 -18.77 -9.87
2567 -30.49 -26.9
2568 -29.48 -10.63
2569 -15.41 -27.94
2570 -9.66 -5.1
2571 -12.54 -11.7
2572 -13.02 -7.45
2573 -1.97 -27.07
2574 -2.54 -29.65
2575 -0.36 -5.11
2576 -4.57 -17.92
2577 -19.13 -14.61
2578 -6.84 -14
2579 -23.15 -20.02
2580 -20.18 -13.7
2581 -23.58 -20.18
2582 -16.09 -7.95
2583 -18.58 -23.07
2584 -30.53 -25.09
2585 -9.71 -3
2586 -14.7 -19.71
2587 -27.17 -22.25
2588 -28.84 -7.25
2589 -16.42 -29.14
2590 -3.25 -10.9
2591 -28.83 -16.78
2592 -0.4 -7.83
2593 -21.83 -27.48
2594 -27.02 -17.76
2595 -10.98 -24.5
2596 -24.2 -26.72
2597 -3.68 -14.08
2598 -6.16 -9.29
2599 -13.9 -1.78
2600 -15.3 -16.21
2601 -4.93 -23.61
2602 -14.87 -9.53
2603 -16.78 -1.1
2604 -9.76 -23.23
2605 -3.14 -12.72
2606 -29.51 -13.02
2607 -0.37 -11.49
2608 -18.49 -9.43
2609 -6.71 -1.72
2610 -5.74 -14.51
2611 -10.24 -17.69
2612 -0.78 -29.94
2613 -18.76 -24.44
2614 -26.22 -17.46
2615 -2.67 -1.66
2616 -25.28 -10.53
2617 -20.06 -7.6
2618 -19.22 -19.67
2619 -11.9 -16.36
2620 -29.08 -28.99
2621 -21.53 -25.56
2622 -6.05 -7.11
2623 -27.06 -1.42
2624 -3.14 -24.54
2625 -18.58 -13.29
2626 -10.51 -19.4
2627 -18.34 -8.34
2628 -1.78 -11.29
2629 -8.27 -6.1
2630 -7.77 -7.52
2631 -28.57 -21.46
2632 -8.59 -12.57
2633 -1.24 -28.15
2634 -24.03 -7.33
2635 -5.32 -13.14
2636 -7.71 -22.12
2637 -8.75 -6.37
2638 -7.79 -24.28
2639 -28.35 -15.34
2640 -28.63 -21.45
2641 -9.85 -26.45
2642 -3.79 -8.14
2643 -29.95 -7.72
2644 -24.34 -16.09
2645 -3.13 -17.74
2646 -8.21 -11.63
2647 -24.2 -0.71
2648 -8.38 -27.32
2649 -3.65 -25.44
2650 -18.11 -1.42
2651 -3.06 -19.5
2652 -25.87 -5.34
2653 -29.62 -11.81
2654 -27.15 -13.19
2655 -14.16 -6.49
2656 -1.94 -4.31
2657 -12.45 -3.54
2658 -11.26 -16.25
2659 -1.34 -11.41
2660 -29.15 -15.12
2661 -26.76 -15
2662 -26.23 -16.88
2663 -13.2 -19.96
2664 -14.41 -3.61
2665 -15.55 -16.86
2666 -15.88 -12.04
2667 -17.38 -18.61
2668 -9.95 -10.75
2669 -3.46 -16
2670 -22.5 -16.62
2671 -20.93 -17.63
2672 -21.17 -3.96
2673 -20.22 -12.91
2674 -24.32 -11.95
2675 -27.07 -1.08
2676 -16.08 -1.99
2677 -18.88 -22.83
2678 -22.32 -21.83
2679 -25.45 -11.6
2680 -7.98 16.25
2681 -28.29 10
2682 -8.14 23.86
2683 -14.14 14.67
2684 -30.67 18.09
2685 -14.23 17.6
2686 -14.75 1.69
2687 -16.18 4.17
2688 -17.08 15.44
2689 -6.91 5.4
2690 -17 20.92
2691 -2.43 2.99
2692 -5.34 12.61
2693 -3.44 0.83
2694 -12.44 27.66
2695 -23.43 8.41
2696 -28.94 20.42
2697 -23.81 20.72
2698 -4.39 6.08
2699 -3.69 6.95
2700 -4.07 14.59
2701 -16.28 17.92
2702 -1.61 29.35
2703 -13.79 11.98
2704 -27.9 29.21
2705 -19.13 20.71
2706 -3.22 13.91
2707 -6.04 1.09
2708 -1.92 8.56
2709 -15.75 9.48
2710 -28.42 14.36
2711 -14.31 8.18
2712 -28.91 26.36
2713 -11.96 17.64
2714 -24.59 12.82
2715 -27.41 15.65
2716 -13.09 8.18
2717 -6.53 23.22
2718 -4.2 25.23
2719 -23.44 30.85
2720 -20.56 1.11
2721 -25.54 22.1
2722 -23.19 23.78
2723 -11.86 0.58
2724 -20.58 25.11
2725 -19 7.13
2726 -25.84 18
2727 -23.88 12.83
2728 -30.47 3.27
2729 -16.09 4.84
2730 -0.01 3.58
2731 -11.76 23.03
2732 -15.25 23.63
2733 -17.86 28.82
2734 -28.67 29.97
2735 -0.08 20.82
2736 -11.92 28.75
2737 -21.53 5.14
2738 -5.72 4.11
2739 -8.75 12.91
2740 -30.57 26.31
2741 -13.31 7.27
2742 -20.1 25.41
2743 -28.68 16.72
2744 -21.56 19.57
2745 -2.67 24.29
2746 -16.32 1.1
2747 -24.73 14.43
2748 -22.77 11.09
2749 -10.07 22.11
2750 -11.93 20.44
2751 -18.19 20.67
2752 -25.82 23.86
2753 -7.49 19.24
2754 -11.68 0.54
2755 -26.85 26.76
2756 -3.03 11.25
2757 -16.18 19.69
2758 -5.41 23.13
2759 -22.22 13.86
2760 -17.67 6.49
2761 -18.11 24.89
2762 -18.85 3
2763 -14.09 11.84
2764 -13.47 10.62
2765 -10.59 24.16
2766 -24.36 25.41
2767 -28.79 8.3
2768 -7.07 19.18
2769 -19.72 5.28
2770 -1.05 18.75
2771 -9.52 26.1
2772 -25.31 4.08
2773 -6.74 25.7
2774 -19.08 10.24
2775 -16.73 28.96
2776 -22.86 5.75
2777 -19.27 14.37
2778 -26.21 10.71
2779 -21.33 12.89
2780 -16.57 19.21
2781 -13.62 11.44
2782 -19.75 9.93
2783 -29.11 11.41
2784 -27.21 26.82
2785 -25.09 17.84
2786 -23.46 28.26
2787 -11.87 14.13
2788 -8.83 17.77
2789 -28.01 18.61
2790 -16.57 7.43
2791 -13.18 24.26
2792 -7.63 8.43
2793 -19.14 11.98
2794 -24.87 13.37
2795 -1.58 20
2796 -0.44 10.44
2797 -30.9 15.2
2798 -6.13 30.71
2799 -6.05 29.01
2800 -26.37 2.34
2801 -10.13 0.14
2802 -24.79 18.83
2803 -16.12 22
2804 -20.13 2.62
2805 -10.05 13.13
2806 -16.92 5.7
2807 -24.66 2.76
2808 -25.26 4.07
2809 -17.44 23.32
2810 -12.32 19.13
2811 -9.09 19.02
2812 -13.74 23.29
2813 -2.52 8.99
2814 -7.01 30.39
2815 -1.74 8.58
2816 -19.24 12.9
2817 -11.26 22.39
2818 -13.39 13.04
2819 -26.18 27.38
2820 -20.04 13.04
2821 -18.74 15.76
2822 -18.52 5.96
2823 -20.55 22.92
2824 -15.25 12.78
2825 -11.43 7
2826 -5.54 7.09
2827 -9.9 20.52
2828 -9.04 29.81
2829 -29.2 12.43
2830 -0.53 26.57
2831 -8.47 10.46
2832 -1.85 19.77
2833 -12.33 19.73
2834 -26.64 25.76
2835 -7.8 7.52
2836 -23.28 15.68
2837 -1.16 6.07
2838 -28.99 21.32
2839 -13.62 21.71
2840 -8.23 13.24
2841 -30.86 25.05
2842 -25.09 24.3
2843 -23.11 9.76
2844 -1.71 3.13
2845 -29.7 0.83
2846 -11.3 2.24
2847 -1.54 17.7
2848 -6.43 23.67
2849 -18.44 13.87
2850 -0.91 12.59
2851 -28.27 26.24
2852 -11.83 3.71
2853 -4.55 8.95
2854 -10.19 9.83
2855 -2.59 18.17
2856 -12.22 18.42
2857 -11.72 2.45
2858 -22.74 6.32
2859 -19.97 14.35
2860 -15.19 24.45
2861 -26.7 18.68
2862 -5.38 6.01
2863 -29.68 28.24
2864 -21.63 22.33
2865 -3.93 27.64
2866 -2.41 2.07
2867 -5.78 11.72
2868 -0.2 14.24
2869 -24.07 10.34
2870 -8.03 10.39
2871 -8.33 6.19
2872 -8.64 20.26
2873 -6.1 30.58
2874 -13.93 0.38
2875 -24.84 26.07
2876 -24.27 8.64
2877 -25.17 0.06
2878 -7.82 9.17
2879 -11.03 23.86
2880 -0.02 29.45
2881 -11.04 25.48
2882 -16.72 2.43
2883 -27.2 27.35
2884 -17.21 16.92
2885 -6.83 30.79
2886 -5.98 25.24
2887 -25.02 25.69
2888 -25.27 25.15
2889 -25.53 10.64
2890 -5.72 18.72
2891 -6.89 29.89
2892 -9.47 9.51
2893 -18.69 1.06
2894 -4.44 17.29
2895 -26.27 9.24
2896 -3.72 4.47
2897 -17.42 6.31
2898 -2.66 20.44
2899 -6.37 24.14
2900 -23.94 30.39
2901 -24.64 23.72
2902 -18.41 9.44
2903 -3.59 29.18
2904 -8.83 12.68
2905 -10.93 8.65
2906 -18.06 25.07
2907 -3.58 17.82
2908 -18.88 27.54
2909 -13.83 1.79
2910 -11.03 23.33
2911 -7.32 19.62
2912 -25.94 25.27
2913 -14.72 4.26
2914 -28.41 8.12
2915 -7.52 0.61
2916 -24.33 21.35
2917 -30.79 11.68
2918 -9.86 22.27
2919 -14.47 13.91
2920 -22.56 18.69
2921 -23.28 25.4
2922 -12.22 9.62
2923 -16.68 26.87
2924 -8.18 10.63
2925 -13.48 30.52
2926 -19.14 29.74
2927 -24.01 20.8
2928 -25.06 24.6
2929 -12.25 7.73
2930 -18.86 1.99
2931 -23.34 30.29
2932 -10.97 12.2
2933 -3.47 2.66
2934 -27.09 0.35
2935 -29.57 28.46
2936 -22.87 29.17
2937 -7.79 21.85
2938 -28.24 14.61
2939 -4.76 24.48
2940 -3.52 5.43
2941 -4.17 18.24
2942 -18.56 2.18
2943 -26.79 7.7
2944 -15.44 23.15
2945 -25.14 8.04
2946 -7.33 3.3
2947 -26.02 28.01
2948 -10.19 28.82
2949 -29.17 9.01
2950 -6.48 6.28
2951 -4.45 27.74
2952 -29.12 8.87
2953 -23.48 22.76
2954 -26.76 26.36
2955 -11.31 28.25
2956 -26.01 30.28
2957 -1.47 26
2958 -2.71 13.58
2959 -5.73 7.78
2960 -15.82 28.67
2961 -11.49 10.39
2962 -7.4 2.67
2963 -0.49 6.52
2964 -26.05 17.59
2965 -3.39 9.18
2966 -16.45 1.53
2967 -20.92 18.36
2968 -10.13 14.57
2969 -20.45 13.41
2970 -21.18 5.89
2971 -15.7 0.77
2972 -26.77 16.19
2973 -29.77 17.17
2974 -4.47 9
2975 -6.67 15.02
2976 -25.42 20.29
2977 -2.48 18.17
2978 -4.21 12.34
2979 -9.46 2.97
2980 -22.67 30.26
2981 -11.32 12.85
2982 -0.22 8.12
2983 -22.69 1.24
2984 -25.17 10.35
2985 -26.76 12.15
2986 -23.44 15.35
2987 -0.55 11.46
2988 -8.15 29.73
2989 -7.74 9.84
2990 -24.87 12.62
2991 -12.43 14.41
2992 -12.1 29.81
2993 -11.15 14.91
2994 -28.4 16.31
2995 -26.1 20.61
2996 -12.99 20.08
2997 -7.72 6.42
2998 -18.18 13.21
2999 -3.08 30.42
3000 -22.09 12.36
3001 -27.71 9.36
3002 -0.35 25.05
3003 -23.78 7.78
3004 -17.63 8.5
3005 -0.65 0.52
3006 -25.46 22.02
3007 -0.35 23.6
3008 -18.04 6.56
3009 -2.4 22.02
3010 -11.64 25.96
3011 -25.56 28.5
3012 -14.44 4.15
3013 -27.88 2.29
3014 -1.71 1.62
3015 -13.98 10.48
3016 -19.84 3.32
3017 -28.37 21.22
3018 -29 20.19
3019 -8.22 0.67
3020 -11.72 26.15
3021 -17.17 19.39
3022 -11.99 6.18
3023 -23.26 28.04
3024 -19.07 9.55
3025 -4.52 5.18
3026 -2.68 10.23
3027 -14.38 30.08
3028 -1.37 27.64
3029 -29.27 11.26
3030 -21.74 13.6
3031 -27.44 22.77
3032 -12.99 21.1
3033 -10.3 4.33
3034 -5.01 21.52
3035 -16.67 29.04
3036 -17.43 16.73
3037 -2.43 13.37
3038 -10.41 8.94
3039 -29.02 25.69
3040 -10.4 29.48
3041 -19.23 2.54
3042 -12.14 23.6
3043 -20.25 2.61
3044 -13.87 24.04
3045 -6.64 29.04
3046 -20.81 15.13
3047 -5.24 3.09
3048 -17.94 13.33
3049 -14.37 26.06
3050 -24.1 22.95
3051 -8.68 10.56
3052 -3.45 21.05
3053 -9.51 11.11
3054 -16.33 13.87
3055 -22.87 7.53
3056 -20.59 26.73
3057 -19.33 21.63
3058 -24.24 1.74
3059 -25.78 19.1
3060 -17.14 17.64
3061 -1.77 11.94
3062 -25.55 17.48
3063 -10.33 7.01
3064 -12.59 12.5
3065 -4.45 24.7
3066 -14.78 5.69
3067 -6.26 23.66
3068 -14.29 18.24
3069 -11.63 26.3
3070 -2.83 10.14
3071 -5.87 14.02
3072 -4.65 23.43
3073 -4.69 4.73
3074 -23.83 28.9
3075 -15.54 9.99
3076 -21.93 20.5
3077 -6.98 27.83
3078 -14.37 16.49
3079 -8.51 27.83
3080 -1.05 26.96
3081 -12.18 12.96
3082 -16.14 15.83
3083 -3.07 18.44
3084 -13.74 30.44
3085 -9.58 25.22
3086 -8.25 27.1
3087 -30.05 25.98
3088 -10.23 12.9
3089 -21.32 14.26
3090 -24.25 3.06
3091 -23.56 16.38
3092 -13.22 25.7
3093 -21.71 10.06
3094 -6.89 27.59
3095 -3.07 30.22
3096 -22.71 7.94
3097 -3.3 15.25
3098 -13.22 7.85
3099 -17.81 6.37
3100 -0.6 6.48
3101 -13.1 6.92
3102 -1.9 19.37
3103 -11.79 12.15
3104 -5.93 12.13
3105 -25.71 2.12
3106 -29.02 30.18
3107 -24.89 28.8
3108 -18.38 11.24
3109 -18.35 15.6
3110 -25.35 25.28
3111 -12.74 0.95
3112 -16.2 17.06
3113 -4.43 16.04
3114 -1.94 8.94
3115 -25.95 1.77
3116 -8.69 13.06
3117 -11.95 8.05
3118 -30.73 21.11
3119 -12.76 23.74
3120 -5.38 5.66
3121 -4.85 7.47
3122 -15.79 3.41
3123 -25.17 9.26
3124 -4.38 3.18
3125 -7.98 12.53
3126 -24 29.73
3127 -26.31 0.24
3128 -16.29 19.72
3129 -28.67 10.27
3130 -12.04 28.75
3131 -21.33 23.62
3132 -11.19 20.73
3133 -21.36 2.28
3134 -26.02 10.92
3135 -16.59 3.12
3136 -21.11 0.41
3137 -14.34 0.96
3138 -20.74 5.91
3139 -9.09 8.51
3140 -0.56 25.12
3141 -3.38 27.59
3142 -27.83 24.56
3143 -13.29 9.21
3144 -19.48 23.64
3145 -0.91 21.48
3146 -24.62 11.04
3147 -11.29 22.24
3148 -24.52 4.81
3149 -15.74 1.65
3150 -4.77 30.07
3151 -10 11.85
3152 -23.33 5.41
3153 -11.32 24.34
3154 -12.37 13.07
3155 -17.71 30.93
3156 -27.52 12.94
3157 -6.5 21.09
3158 -9.83 3.87
3159 -27.52 30.31
3160 -20.79 8.83
3161 -19.88 28.43
3162 -30.2 14.41
3163 -19.23 0.17
3164 -12.35 23.72
3165 -2.31 14.49
3166 -5.86 17.12
3167 -22.53 22.83
3168 -16.17 29.19
3169 -11.26 13.37
3170 -13.3 28.55
3171 -10.49 28.97
3172 -29.59 20.34
3173 -24.22 27.51
3174 -26.83 8.42
3175 -27.77 0.26
3176 -28.69 16.62
3177 -10.56 16.65
3178 -27.35 27.89
3179 -0.14 29.79
3180 -23.8 8.7
3181 -5.34 12.97
3182 -4.81 29.66
3183 -27.85 7.4
3184 -20.77 20.98
3185 -29.05 8.11
3186 -16.6 13.6
3187 -13.46 19.06
3188 -26.1 25.71
3189 -13.65 6.68
3190 -6.94 21.93
3191 -18.07 10.43
3192 -27.08 15.16
3193 -22.57 28.63
3194 -6.94 23.43
3195 -11.65 22.71
3196 -15.21 30.74
3197 -29.4 17
3198 -24.4 20.02
3199 -20.52 26.25
3200 -13.88 14.17
3201 -7.29 18.58
3202 -17.16 10.01
3203 -4.72 20.76
3204 -27.44 12.26
3205 -13.71 18.38
3206 -8.33 13.91
3207 -8.59 11.31
3208 -19.46 4.41
3209 -7.37 0.16
3210 -2.4 26.41
3211 -5.67 19.02
3212 -5.02 17.61
3213 -6.63 14.6
3214 -20.37 8.94
3215 -23.12 6.67
3216 -25.25 3.26
3217 -23.79 9.93
3218 -30.69 21.94
3219 -3.2 28.51
3220 -26.41 6.66
3221 -0.09 27.44
3222 -7.75 3.74
3223 -18.68 8.68
3224 -19.36 6.73
3225 -12.66 26.05
3226 -24.59 21.76
3227 -18.89 18.34
3228 -1.94 9.14
3229 -18.08 5.04
3230 -11.72 22.31
3231 -5.09 20.72
3232 -30.66 5.97
3233 -7.43 28.88
3234 -5.92 9.87
3235 -16.53 10.64
3236 -17.6 1.33
3237 -15.6 16.62
3238 -4.82 4.87
3239 -11.6 3.28
3240 -8.85 24.19
3241 -25.47 24.27
3242 -11.61 12.96
3243 -22.1 13.37
3244 -18.41 24.07
3245 -25.9 19.71
3246 -19.95 9.65
3247 -26.15 10.52
3248 -18.92 30.13
3249 -9.01 2.58
3250 -23.74 24.84
3251 -5.7 25.54
3252 -21.69 10.34
3253 -15.21 21.3
3254 -24.58 6.03
3255 -30.22 26.82
3256 -20.09 12.95
3257 -25.91 4.22
3258 -17.59 11.22
3259 -14.81 27.54
3260 -16.25 15.52
3261 -25.18 20.23
3262 -30.75 5.2
3263 -4.34 20.33
3264 -22.91 18.68
3265 -12.52 23.87
3266 -28.93 15.66
3267 -5.52 28.74
3268 -19.04 30.14
3269 -5.18 20.74
3270 -27.08 23.14
3271 -5.09 14.92
3272 -19.14 26.69
3273 -6.91 0.01
3274 -27.55 16.25
3275 -11.3 1.24
3276 -21.47 23.32
3277 -8.04 16
3278 -5.33 21.23
3279 -19.43 22.9
3280 -15.77 7.76
3281 -2.94 11.47
3282 -9.22 13.71
3283 -12.85 18.99
3284 -8.73 7.78
3285 -30.93 28.55
3286 -12.48 15.33
3287 -11.02 15.54
3288 -15.55 11.14
3289 -6.92 17.93
3290 -29.69 22.62
3291 -25.46 18.22
3292 -3.22 20.16
3293 -20.91 2.51
3294 -4.93 19.07
3295 -6.35 19.86
3296 -0.34 20.71
3297 -13.94 19.82
3298 -7.81 20.08
3299 -27.86 6.31
3300 -14.39 27.06
3301 -11.39 7.31
3302 -22.86 26.87
3303 -17.53 22.41
3304 -19.86 17.93
3305 -9.56 24.45
3306 -22.19 18.55
3307 -18.23 14.54
3308 -27.57 4.93
3309 -3.52 18.67
3310 -7.53 1.51
3311 -1.74 9.88
3312 -9.22 7.87
3313 -7.47 15.68
3314 -1.51 17.03
3315 -23.61 4.34
3316 -11.65 15.9
3317 -22.29 14.52
3318 -5.93 14.03
3319 -0.97 8.83
3320 -12.8 5.31
3321 -3.38 21.05
3322 -4.59 14.52
3323 -19.45 21.61
3324 -9.28 1.17
3325 -2.68 22.98
3326 -12.38 16.82
3327 -4.21 4.42
3328 -30.62 21.6
3329 -18.15 11.69
3330 -26.55 1.13
3331 -17.04 10.76
3332 -25.28 17.72
3333 -0.76 18.85
3334 -27.68 10.73
3335 -16.04 1.73
3336 -22.78 20.01
3337 -3.53 19.42
3338 -20.55 27.37
3339 -8.06 22.98
3340 -25.48 29.84
3341 -26.18 10.74
3342 -15.16 6.86
3343 -28.46 9.91
3344 -21.6 25.3
3345 -26.44 15.61
3346 -5.89 27.67
3347 -14.4 23
3348 -10.85 10.69
3349 -21.42 25.68
3350 -27.41 18.06
3351 -17.59 16.98
3352 -15.92 29.71
3353 -5.6 21.12
3354 -23.62 16
3355 -25.36 13.67
3356 -24.41 18.11
3357 -24.97 20.54
3358 -9.97 19.1
3359 -13.4 1.96
3360 -28.09 0.58
3361 -7.77 19.36
3362 -21.88 2.99
3363 -24.2 22.17
3364 -16.85 1.74
3365 -30.32 25.15
3366 -21.65 23.78
3367 -22.49 16.91
3368 -17.55 6.58
3369 -2.1 28.1
3370 -10.77 20.69
3371 -7.8 27.46
3372 -27.52 14.7
3373 -2.8 12.3
3374 -24.78 6.49
3375 -17.59 26.73
3376 -15.09 21.87
3377 -4.38 25.37
3378 -27.06 5.98
3379 -18.24 28.59
3380 -22.74 12.92
3381 -16.22 28.08
3382 -24.51 23.91
3383 -10.01 18.24
3384 -15.34 11.06
3385 -0.75 12.11
3386 -8.57 5.63
3387 -30.85 19.08
3388 -0.38 5.09
3389 -11.59 2.66
3390 -8.91 25.16
3391 -26.55 29.18
3392 -3.07 3.52
3393 -20.02 30.94
3394 -8.05 30.14
3395 -22.58 7.26
3396 -14.86 30.79
3397 -3.22 7.8
3398 -26.04 8.37
3399 -19.43 13.24
3400 -25.35 20.9
3401 -6.05 30.71
3402 -18.79 13.45
3403 -18.54 5.91
3404 -19.09 29.69
3405 -23.85 9.65
3406 -18.36 28
3407 -0.52 29.92
3408 -29.86 21.43
3409 -20.57 20.55
3410 -7.33 6.91
3411 -17.22 12.15
3412 -30.48 22.2
3413 -30.57 20.45
3414 -2.69 5.04
3415 -5.47 29.53
3416 -29.24 7.56
3417 -21.01 11.52
3418 -27.95 27.55
3419 -26.24 8.56
3420 -28.73 26.56
3421 -23.56 29.61
3422 -28.53 16.09
3423 -17.05 3.61
3424 -3.68 27.4
3425 -13.83 6.62
3426 -29.3 21.53
3427 -23.25 0.06
3428 -0.03 8.3
3429 -13.34 2.35
3430 -0.88 13.24
3431 -20.8 29.33
3432 -20.38 9.64
3433 -6.19 10.82
3434 -29.9 17.33
3435 -12.9 1.43
3436 -0.04 27.63
3437 -23.25 15.98
3438 -30.11 8.09
3439 -4.49 9.3
3440 -26.44 13.31
3441 -3.85 28.85
3442 -28.91 4.26
3443 -12.56 27.1
3444 -29.45 8.46
3445 -21.7 5.43
3446 -3.76 9.85
3447 -19.49 11.5
3448 -22.32 24.14
3449 -21 25.68
3450 -6.63 0.74
3451 -7.9 13.42
3452 -8.92 17.19
3453 -25.29 0.15
3454 -19.97 8.04
3455 -0.87 9.3
3456 -7.15 25.93
3457 -30.2 4.72
3458 -11.35 5.06
3459 -13.52 22.28
3460 -7.23 20.32
3461 -30.18 4.22
3462 -26.25 11
3463 -14.66 18.67
3464 -23.88 28.09
3465 -28.84 15.18
3466 -8.12 10.03
3467 -27.23 5.74
3468 -16.41 17.05
3469 -4.61 21.52
3470 -30.82 15.9
3471 -21.35 5.48
3472 -20.73 6.98
3473 -22.56 0.07
3474 -22.36 1.08
3475 -21.4 15.61
3476 -30.35 29.59
3477 -20.11 20.58
3478 -18.78 25.6
3479 -22.7 14.3
3480 -29.48 22.18
3481 -1.21 0.06
3482 -16.32 17.13
3483 -3.18 28.44
3484 -29.48 12.25
3485 -7.67 18.31
3486 -3.31 8.83
3487 -26.33 29.02
3488 -29.1 24.04
3489 -25.12 28.41
3490 -13.02 20.46
3491 -29.57 26.05
3492 -26.15 22.9
3493 -17.5 29.21
3494 -12.51 13.93
3495 -5.11 19.72
3496 -30.3 21.51
3497 -7.64 16.85
3498 -24.81 15.62
3499 -7.39 21.34
3500 -8.65 2.82
3501 -11.65 15.06
3502 -13.09 11.97
3503 -15.53 17.5
3504 -14.91 11.19
3505 -11.17 9.66
3506 -15.23 27.94
3507 -30.36 20.26
3508 -18.47 10.38
3509 -24.32 27.38
3510 -16.11 30.98
3511 -21.5 8.95
3512 -5.32 25.93
3513 -21.08 8.66
3514 -30.01 30.14
3515 -12.48 28.47
3516 -12.54 7.66
3517 -30.15 24.13
3518 -10.63 25.63
3519 -16.34 14.69
3520 -3.87 5.06
3521 -2 7.03
3522 -27.29 19.1
3523 -29.48 11.88
3524 -8.27 25.29
3525 -4.79 2.32
3526 -21.8 3.9
3527 -29.83 26.29
3528 -3.96 27.12
3529 -5.78 19.91
3530 -17.39 13.49
3531 -0.67 18.26
3532 -21.91 9.45
3533 -4.08 30.83
3534 -25.04 12.06
3535 -17.13 30.94
3536 -17.49 8.43
3537 -27.53 29.65
3538 -10.54 24.3
3539 -18.59 5.53
3540 -18.38 18.81
3541 -22.71 23.39
3542 -29.2 19.7
3543 -15.82 1.06
3544 -20.98 12.68
3545 -26.17 1.13
3546 -29.91 17.89
3547 -27.34 26.85
3548 -6.2 20.83
3549 -1.89 10.94
3550 -21.4 0.24
3551 -19.19 19.02
3552 -17.68 7.89
3553 -1.19 26.24
3554 -0.77 28.22
3555 -26.55 19.79
3556 -22.7 29.67
3557 -18.37 28.78
3558 -29.84 20.9
3559 -2.59 13.72
3560 -14.85 19.82
3561 -17.23 8.28
3562 -4.13 13.76
3563 -14.11 13.57
3564 -24.51 20.85
3565 -0.61 16.01
3566 -14.55 14.91
3567 -2.32 19.8
3568 -15.04 11.75
3569 -19.49 3.52
3570 -2.83 26.34
3571 -4.53 15.04
3572 -12.82 25.53
3573 35.8588 62.2912
3574 -9.14125 59.1512
3575 -1.14125 34.9712
3576 37.8588 74.9412
3577 24.8588 80.4812
3578 -15.1412 41.0012
3579 -15.1412 94.5912
3580 35.8588 41.4312
3581 30.8588 54.4212
3582 34.8588 36.9012
3583 34.8588 42.8012
3584 27.8588 85.3212
3585 17.8588 90.9612
3586 10.8588 57.1612
3587 18.8588 35.2912
3588 19.8588 64.9712
3589 0.858753 93.6612
3590 -28.1412 80.9612
3591 27.8588 61.7612
3592 26.8588 86.0112
3593 -9.14125 71.2012
3594 -22.1412 45.4812
3595 31.8588 67.8712
3596 6.85875 76.6612
3597 -22.1412 37.9212
3598 -21.1412 106.511
3599 -25.1412 50.7112
3600 6.85875 78.5912
3601 3.85875 51.4612
3602 45.8588 49.1812
3603 7.85875 55.5812
3604 11.8588 88.9512
3605 8.85875 83.9012
3606 21.8588 33.0112
3607 8.85875 85.9112
3608 23.8588 45.0112
3609 -3.14125 55.1412
3610 -8.14125 103.011
3611 31.8588 80.5112
3612 23.8588 75.4012
3613 -28.1412 58.8512
3614 36.8588 35.7712
3615 23.8588 40.9012
3616 32.8588 72.8212
3617 -5.14125 48.2112
3618 -17.1412 60.7312
3619 -3.14125 45.7812
3620 26.8588 70.6612
3621 -5.14125 48.6912
3622 -25.1412 74.4512
3623 32.8588 74.8112
3624 18.8588 49.3412
3625 15.8588 86.0512
3626 -11.1412 59.0712
3627 25.8588 61.1312
3628 -10.1412 75.6212
3629 29.8588 72.0112
3630 40.8588 32.6612
3631 3.85875 46.3812
3632 12.8588 91.3712
3633 4.85875 71.6312
3634 18.8588 65.0212
3635 5.85875 66.8812
3636 20.8588 72.7112
3637 27.8588 58.4612
3638 18.8588 50.8012
3639 9.85875 69.7212
3640 20.8588 43.3312
3641 -17.1412 94.6012
3642 8.85875 86.4512
3643 38.8588 72.9712
3644 19.8588 52.3512
3645 41.8588 32.0912
3646 -30.1412 88.0012
3647 -13.1412 71.1112
3648 -19.1412 62.7012
3649 -5.14125 93.6212
3650 8.85875 55.2512
3651 -22.1412 36.9812
3652 17.8588 72.1812
3653 41.8588 57.2312
3654 -1.14125 70.3412
3655 10.8588 88.7512
3656 11.8588 62.3612
3657 45.8588 38.6512
3658 17.8588 53.1912
3659 35.8588 67.5012
3660 0.858753 48.2412
3661 30.8588 75.6512
3662 -25.1412 87.7012
3663 -30.1412 109.241
3664 22.8588 87.6112
3665 -28.1412 45.2212
3666 -16.1412 62.4812
3667 -7.14125 79.9412
3668 -29.1412 95.2712
3669 -28.1412 84.7912
3670 20.8588 41.7512
3671 6.85875 33.8712
3672 -10.1412 82.4712
3673 -14.1412 50.0212
3674 -14.1412 57.7812
3675 -24.1412 83.3112
3676 30.8588 43.7512
3677 -26.1412 102.361
3678 39.8588 64.8412
3679 -20.1412 57.4712
3680 7.85875 52.1012
3681 27.8588 33.9412
3682 -1.14125 85.9912
3683 6.85875 64.8612
3684 -10.1412 97.6812
3685 37.8588 65.4712
3686 -26.1412 79.7712
3687 -25.1412 69.1312
3688 29.8588 39.4912
3689 -16.1412 71.5412
3690 -4.14125 86.7812
3691 17.8588 93.3912
3692 -18.1412 36.9212
3693 48.8588 41.6012
3694 34.8588 35.9912
3695 17.8588 42.8412
3696 -6.14125 98.3412
3697 48.8588 43.7712
3698 -1.14125 79.2912
3699 -20.1412 33.1912
3700 47.8588 51.9112
3701 12.8588 35.9812
3702 -3.14125 82.1412
3703 -0.141247 81.5512
3704 44.8588 46.3712
3705 -26.1412 62.5312
3706 41.8588 60.5312
3707 1.85875 33.3112
3708 -0.141247 31.3112
3709 -20.1412 65.8412
3710 10.8588 61.5712
3711 10.8588 43.0112
3712 -24.1412 111.081
3713 12.8588 87.8712
3714 45.8588 41.0312
3715 -21.1412 90.9212
3716 26.8588 55.3412
3717 47.8588 42.7312
3718 -6.14125 45.6412
3719 -17.1412 46.2312
3720 45.8588 39.4812
3721 12.8588 84.7912
3722 45.8588 33.3112
3723 46.8588 47.0812
3724 -3.14125 102.111
3725 12.8588 68.0212
3726 38.8588 68.2212
3727 25.8588 76.7412
3728 13.8588 55.9112
3729 5.85875 72.2612
3730 49.8588 38.7812
3731 3.85875 100.991
3732 -9.14125 93.7212
3733 32.8588 70.7112
3734 30.8588 81.6312
3735 38.8588 63.0012
3736 -12.1412 75.3312
3737 15.8588 72.7412
3738 0.858753 61.0312
3739 10.8588 61.8512
3740 20.8588 82.8912
3741 19.8588 72.4512
3742 -20.1412 31.5312
3743 11.8588 60.0012
3744 20.8588 47.9012
3745 -14.1412 111.011
3746 14.8588 58.6012
3747 -2.14125 106.431
3748 -25.1412 35.3512
3749 4.85875 63.3012
3750 -21.1412 84.7112
3751 14.8588 65.7112
3752 30.8588 77.2312
3753 13.8588 51.7812
3754 26.8588 38.4212
3755 45.8588 40.5112
3756 -16.1412 50.1312
3757 44.8588 46.5212
3758 46.8588 32.7712
3759 -26.1412 76.7212
3760 3.85875 89.9412
3761 -13.1412 52.4612
3762 46.8588 36.8512
3763 41.8588 56.9612
3764 28.8588 58.1312
3765 40.8588 46.8112
3766 26.8588 46.1912
3767 -11.1412 32.5012
3768 20.8588 92.1212
3769 23.8588 42.7912
3770 46.8588 41.0212
3771 30.8588 31.4712
3772 -14.1412 106.881
3773 9.85875 95.4312
3774 -20.1412 55.6212
3775 30.8588 60.9012
3776 38.8588 55.4812
3777 18.8588 43.6812
3778 15.8588 31.8712
3779 38.8588 38.1512
3780 41.8588 48.5312
3781 -15.1412 86.4712
3782 -13.1412 86.6312
3783 -21.1412 77.7612
3784 -6.14125 90.8512
3785 -12.1412 102.911
3786 1.85875 59.4712
3787 4.85875 40.1312
3788 23.8588 52.9512
3789 32.8588 47.5812
3790 12.8588 38.8212
3791 1.85875 86.2412
3792 14.8588 51.9912
3793 -12.1412 48.2512
3794 15.8588 93.7112
3795 7.85875 59.9812
3796 38.8588 63.9912
3797 -22.1412 70.5812
3798 -17.1412 83.0112
3799 47.8588 35.9912
3800 -29.1412 60.0012
3801 32.8588 72.8412
3802 -13.1412 89.8612
3803 -22.1412 99.9312
3804 -15.1412 50.1512
3805 28.8588 73.5412
3806 8.85875 47.6312
3807 -17.1412 72.3812
3808 -17.1412 82.3312
3809 -13.1412 40.0712
3810 13.8588 72.6712
3811 -10.1412 105.391
3812 0.858753 54.6112
3813 12.8588 65.9112
3814 20.8588 51.4312
3815 -25.1412 109.591
3816 27.8588 41.9112
3817 -18.1412 31.5312
3818 -20.1412 80.5412
3819 37.8588 72.7312
3820 -14.1412 70.0912
3821 -22.1412 111.251
3822 28.8588 58.1612
3823 32.8588 66.9612
3824 27.8588 70.9012
3825 26.8588 80.1612
3826 27.8588 75.7112
3827 26.8588 70.8512
3828 -3.14125 70.1612
3829 26.8588 76.0512
3830 29.8588 75.2912
3831 24.8588 65.6412
3832 26.8588 74.2112
3833 4.85875 40.0712
3834 -18.1412 64.7512
3835 -12.1412 64.0212
3836 42.8588 43.1812
3837 -23.1412 102.181
3838 20.8588 71.0612
3839 14.8588 66.9412
3840 42.8588 50.2812
3841 20.8588 33.6312
3842 -9.14125 37.2812
3843 30.8588 68.4212
3844 18.8588 57.8712
3845 19.8588 43.1312
3846 -7.14125 84.2512
3847 40.8588 33.4612
3848 -15.1412 40.0612
3849 41.8588 64.3112
3850 21.8588 61.9612
3851 32.8588 66.7512
3852 7.85875 85.2412
3853 -14.1412 99.0712
3854 32.8588 80.1712
3855 9.85875 63.3612
3856 -25.1412 74.7412
3857 -2.14125 63.0812
3858 12.8588 77.6112
3859 48.8588 40.5712
3860 18.8588 48.1212
3861 14.8588 68.7412
3862 47.8588 48.5812
3863 46.8588 48.9412
3864 34.8588 57.8412
3865 17.8588 82.0312
3866 -31.1412 87.2112
3867 -29.1412 61.0512
3868 -8.14125 50.8512
3869 19.8588 74.3712
3870 -26.1412 101.761
3871 35.8588 59.1112
3872 -7.14125 66.3412
3873 9.85875 61.6312
3874 -5.14125 92.8312
3875 -27.1412 106.541
3876 -20.1412 52.4812
3877 41.8588 37.4312
3878 -22.1412 37.5912
3879 -2.14125 33.8112
3880 29.8588 83.2412
3881 1.85875 78.8612
3882 -1.14125 70.7712
3883 -12.1412 39.5312
3884 27.8588 79.1412
3885 29.8588 35.7612
3886 -30.1412 53.7412
3887 45.8588 34.0312
3888 31.8588 39.6812
3889 -15.1412 91.1512
3890 45.8588 51.9612
3891 -26.1412 61.5712
3892 43.8588 60.6012
3893 -11.1412 89.1412
3894 38.8588 49.4712
3895 47.8588 33.7312
3896 15.8588 79.4212
3897 -2.14125 103.791
3898 36.8588 58.6112
3899 17.8588 74.9312
3900 9.85875 87.3412
3901 -2.14125 33.2812
3902 46.8588 31.6612
3903 40.8588 49.7912
3904 30.8588 58.0812
3905 36.8588 69.9512
3906 -0.141247 39.2612
3907 36.8588 36.1212
3908 40.8588 43.6212
3909 -3.14125 63.1612
3910 25.8588 37.8312
3911 -1.14125 93.9512
3912 24.8588 52.5912
3913 -11.1412 85.5612
3914 -1.14125 69.1712
3915 -22.1412 101.581
3916 -10.1412 85.2812
3917 2.85875 61.2212
3918 32.8588 57.2812
3919 47.8588 36.3812
3920 1.85875 84.5812
3921 -10.1412 104.561
3922 28.8588 77.4812
3923 -23.1412 42.3212
3924 -15.1412 83.5612
3925 1.85875 73.3412
3926 31.8588 82.4912
3927 -10.1412 88.7512
3928 12.8588 87.6512
3929 -28.1412 84.3912
3930 3.85875 86.4212
3931 37.8588 63.9612
3932 22.8588 47.9312
3933 44.8588 60.7412
3934 18.8588 63.8212
3935 -29.1412 58.2112
3936 28.8588 54.6012
3937 35.8588 49.8612
3938 4.85875 61.5512
3939 -23.1412 94.8012
3940 1.85875 85.7712
3941 16.8588 48.6012
3942 -5.14125 57.0512
3943 24.8588 57.9312
3944 -0.141247 91.7712
3945 36.8588 67.6412
3946 44.8588 40.3912
3947 10.8588 32.0012
3948 48.8588 34.4112
3949 -26.1412 70.1612
3950 -0.141247 41.4912
3951 17.8588 51.2512
3952 3.85875 102.241
3953 15.8588 48.2712
3954 1.85875 94.3912
3955 12.8588 71.5212
3956 -12.1412 102.841
3957 -28.1412 98.0112
3958 -31.1412 41.5912
3959 4.85875 80.7112
3960 8.85875 61.8812
3961 -14.1412 37.1812
3962 47.8588 37.5712
3963 -30.1412 44.2212
3964 -15.1412 111.041
3965 12.8588 75.8312
3966 -14.1412 70.8612
3967 24.8588 56.2112
3968 20.8588 64.2912
3969 10.8588 100.041
3970 49.8588 32.6612
3971 42.8588 31.9612
3972 -14.1412 32.2712
3973 35.8588 78.0312
3974 26.8588 48.5412
3975 18.8588 91.8512
3976 14.8588 44.2312
3977 19.8588 65.8412
3978 16.8588 73.3212
3979 10.8588 73.4112
3980 30.8588 70.5412
3981 -1.14125 75.4812
3982 -11.1412 102.431
3983 21.8588 79.1312
3984 0.858753 87.7912
3985 49.8588 41.5112
3986 -9.14125 96.3112
3987 -84.1412 55.5912
3988 -102.141 70.0712
3989 -89.1412 40.0712
3990 -94.1412 79.5012
3991 -97.1412 50.1712
3992 -46.1412 52.0612
3993 -106.141 55.1512
3994 -39.1412 62.6512
3995 -79.1412 86.8512
3996 -75.1412 50.9112
3997 -104.141 32.7012
3998 -39.1412 58.6412
3999 -90.1412 39.6812
4000 -90.1412 32.1012
4001 -105.141 40.9912
4002 -83.1412 35.2912
4003 -71.1412 63.1512
4004 -35.1412 40.3412
4005 -41.1412 35.1112
4006 -77.1412 77.7712
4007 -48.1412 97.6712
4008 -64.1412 102.881
4009 -78.1412 42.3112
4010 -79.1412 83.9712
4011 -65.1412 69.3612
4012 -45.1412 66.1112
4013 -107.141 35.8412
4014 -100.141 58.0412
4015 -96.1412 45.2912
4016 -65.1412 59.3512
4017 -81.1412 87.1812
4018 -53.1412 62.0112
4019 -80.1412 49.6312
4020 -60.1412 84.1812
4021 -47.1412 33.7812
4022 -86.1412 37.6512
4023 -88.1412 55.8812
4024 -79.1412 42.3812
4025 -80.1412 41.7012
4026 -71.1412 66.9812
4027 -57.1412 63.8612
4028 -60.1412 50.2612
4029 -110.141 47.9512
4030 -109.141 37.8612
4031 -99.1412 57.5512
4032 -68.1412 52.6612
4033 -68.1412 44.4712
4034 -80.1412 50.6912
4035 -37.1412 92.6112
4036 -96.1412 52.4712
4037 -106.141 44.9212
4038 -91.1412 85.4612
4039 -79.1412 58.7612
4040 -108.141 55.1312
4041 -73.1412 34.3112
4042 -52.1412 67.6612
4043 -40.1412 112.831
4044 -42.1412 52.0212
4045 -101.141 58.3312
4046 -101.141 39.6412
4047 -71.1412 94.1912
4048 -45.1412 83.2412
4049 -38.1412 85.0812
4050 -34.1412 46.8712
4051 -94.1412 54.9012
4052 -73.1412 38.7012
4053 -59.1412 54.5712
4054 -59.1412 41.2412
4055 -78.1412 38.1112
4056 -44.1412 77.4212
4057 -91.1412 50.5912
4058 -111.141 44.7412
4059 -35.1412 70.5912
4060 -111.141 46.3012
4061 -50.1412 67.7512
4062 -81.1412 63.9112
4063 -49.1412 56.8612
4064 -90.1412 77.7112
4065 -79.1412 91.1812
4066 -74.1412 97.2512
4067 -83.1412 33.5512
4068 -36.1412 91.0012
4069 -57.1412 61.7412
4070 -109.141 50.0812
4071 -90.1412 81.7212
4072 -35.1412 59.4212
4073 -78.1412 68.1612
4074 -61.1412 94.8312
4075 -45.1412 54.0212
4076 -76.1412 50.3112
4077 -50.1412 96.6912
4078 -45.1412 90.8212
4079 -110.141 37.4812
4080 -96.1412 35.1212
4081 -91.1412 41.2612
4082 -108.141 39.3712
4083 -63.1412 66.4312
4084 -64.1412 78.0412
4085 -68.1412 59.7212
4086 -83.1412 79.6412
4087 -75.1412 56.7212
4088 -87.1412 56.8512
4089 -92.1412 52.3212
4090 -95.1412 41.2712
4091 -68.1412 41.9112
4092 -61.1412 81.7412
4093 -75.1412 99.9012
4094 -47.1412 89.2512
4095 -73.1412 55.7212
4096 -40.1412 93.6712
4097 -61.1412 37.3312
4098 -87.1412 82.9012
4099 -39.1412 105.031
4100 -72.1412 34.5512
4101 -72.1412 44.6912
4102 -92.1412 66.2912
4103 -103.141 33.8812
4104 -49.1412 79.4112
4105 -73.1412 43.9212
4106 -79.1412 55.1712
4107 -60.1412 68.3612
4108 -89.1412 42.5312
4109 -75.1412 50.1012
4110 -68.1412 62.7512
4111 -107.141 40.7412
4112 -59.1412 57.4312
4113 -84.1412 94.0812
4114 -38.1412 101.451
4115 -42.1412 86.9012
4116 -57.1412 100.971
4117 -95.1412 67.8212
4118 -91.1412 50.6412
4119 -75.1412 66.5112
4120 -60.1412 101.521
4121 -112.141 41.8312
4122 -35.1412 106.891
4123 -108.141 32.2412
4124 -55.1412 86.5512
4125 -85.1412 35.7912
4126 -77.1412 96.2712
4127 -59.1412 87.3412
4128 -107.141 55.7512
4129 -107.141 49.6512
4130 -96.1412 58.6412
4131 -83.1412 47.8312
4132 -94.1412 34.7812
4133 -48.1412 59.9712
4134 -41.1412 48.9712
4135 -73.1412 51.0912
4136 -99.1412 68.5412
4137 -67.1412 77.8212
4138 -104.141 59.7312
4139 -85.1412 82.9512
4140 -101.141 63.5012
4141 -112.141 36.2112
4142 -108.141 36.9112
4143 -60.1412 87.0912
4144 -59.1412 70.0812
4145 -106.141 42.9712
4146 -65.1412 31.9312
4147 -54.1412 91.9112
4148 -112.141 36.0812
4149 -89.1412 48.7512
4150 -53.1412 69.9912
4151 -79.1412 56.7012
4152 -94.1412 45.3812
4153 -31.1412 112.061
4154 -66.1412 45.6812
4155 -104.141 42.4912
4156 -31.1412 31.8612
4157 -93.1412 52.1012
4158 -50.1412 103.361
4159 -102.141 57.0612
4160 -69.1412 52.5612
4161 -94.1412 42.7412
4162 -60.1412 65.4612
4163 -38.1412 47.8212
4164 -78.1412 51.1512
4165 -68.1412 40.7512
4166 -37.1412 52.5112
4167 -112.141 38.7712
4168 -40.1412 56.5512
4169 -76.1412 77.1012
4170 -86.1412 79.9512
4171 -105.141 60.5512
4172 -62.1412 70.4012
4173 -86.1412 39.7312
4174 -99.1412 55.9512
4175 -52.1412 51.3012
4176 -60.1412 102.921
4177 -47.1412 91.6312
4178 -38.1412 45.3112
4179 -36.1412 50.5612
4180 -42.1412 49.1312
4181 -76.1412 65.7112
4182 -83.1412 48.3412
4183 -40.1412 80.1612
4184 -76.1412 61.9412
4185 -59.1412 69.2612
4186 -44.1412 72.9612
4187 -108.141 40.3312
4188 -108.141 45.5712
4189 -49.1412 75.7512
4190 -49.1412 63.4312
4191 -39.1412 90.6512
4192 -74.1412 94.7212
4193 -57.1412 89.3612
4194 -81.1412 93.3612
4195 -57.1412 62.6512
4196 -112.141 33.3312
4197 -111.141 37.7512
4198 -68.1412 78.4712
4199 -64.1412 93.1812
4200 -97.1412 33.2812
4201 -53.1412 35.8912
4202 -33.1412 49.3612
4203 -77.1412 33.2312
4204 -104.141 37.3812
4205 -96.1412 52.0712
4206 -54.1412 43.6712
4207 -89.1412 87.7912
4208 -48.1412 46.1512
4209 -68.1412 44.5712
4210 -70.1412 41.1812
4211 -81.1412 77.1012
4212 -88.1412 50.6912
4213 -40.1412 40.2912
4214 -91.1412 40.8712
4215 -46.1412 58.1612
4216 -56.1412 56.5412
4217 -75.1412 73.4912
4218 -89.1412 35.9012
4219 -62.1412 68.4512
4220 -104.141 64.3412
4221 -91.1412 80.2012
4222 -38.1412 70.8612
4223 -32.1412 94.5412
4224 -74.1412 97.2512
4225 -45.1412 56.6212
4226 -54.1412 105.921
4227 -71.1412 63.5212
4228 -64.1412 104.201
4229 -42.1412 87.8812
4230 -44.1412 76.9112
4231 -89.1412 42.8412
4232 -98.1412 44.2012
4233 -100.141 74.4512
4234 -60.1412 69.1612
4235 -43.1412 47.5012
4236 -65.1412 41.0412
4237 -67.1412 38.1312
4238 -59.1412 48.8012
4239 -99.1412 68.5412
4240 -110.141 44.9012
4241 -105.141 33.5812
4242 -99.1412 58.5112
4243 -51.1412 43.0612
4244 -34.1412 58.5412
4245 -67.1412 58.9212
4246 -94.1412 71.5612
4247 -89.1412 47.4812
4248 -66.1412 96.1912
4249 -42.1412 97.9812
4250 -99.1412 74.4512
4251 -35.1412 53.4812
4252 -46.1412 56.2812
4253 -95.1412 78.0112
4254 -31.1412 107.921
4255 -64.1412 46.7512
4256 -85.1412 64.8212
4257 -50.1412 38.7412
4258 -92.1412 73.5812
4259 -93.1412 37.1812
4260 -107.141 57.8412
4261 -33.1412 86.6712
4262 -64.1412 78.9612
4263 -58.1412 64.8012
4264 -58.1412 47.7012
4265 -83.1412 81.6112
4266 -94.1412 69.8812
4267 -67.1412 39.2612
4268 -51.1412 52.3412
4269 -70.1412 73.8712
4270 -101.141 37.9312
4271 -51.1412 102.181
4272 -52.1412 50.1012
4273 -35.1412 99.2212
4274 -33.1412 102.351
4275 -99.1412 61.9012
4276 -36.1412 78.6012
4277 -88.1412 43.7012
4278 -85.1412 90.3412
4279 -57.1412 104.811
4280 -73.1412 72.9012
4281 -46.1412 85.8112
4282 -85.1412 53.1512
4283 -52.1412 56.0512
4284 -100.141 45.4412
4285 -47.1412 36.8512
4286 -86.1412 76.6812
4287 -52.1412 88.2212
4288 -111.141 44.5712
4289 -109.141 50.0412
4290 -45.1412 43.9412
4291 -31.1412 111.701
4292 -89.1412 51.1312
4293 -91.1412 40.7212
4294 -94.1412 67.5312
4295 -61.1412 59.6112
4296 -34.1412 63.5912
4297 -81.1412 63.8412
4298 -47.1412 73.0712
4299 -86.1412 82.3312
4300 -83.1412 44.4312
4301 -95.1412 69.9912
4302 -58.1412 84.3112
4303 -55.1412 35.0012
4304 -63.1412 85.7612
4305 -59.1412 35.3912
4306 -38.1412 103.611
4307 -100.141 51.3912
4308 -39.1412 72.6312
4309 -47.1412 41.8012
4310 -87.1412 59.7612
4311 -46.1412 40.2212
4312 -44.1412 79.4212
4313 -69.1412 33.1912
4314 -88.1412 86.5712
4315 -67.1412 64.1112
4316 -35.1412 74.8012
4317 -88.1412 52.2112
4318 -58.1412 63.9512
4319 -92.1412 63.0912
4320 -52.1412 40.8812
4321 -57.1412 103.041
4322 -72.1412 94.7112
4323 -45.1412 41.8112
4324 -96.1412 48.6612
4325 -72.1412 48.1312
4326 -111.141 39.1312
4327 -50.1412 99.8712
4328 -74.1412 67.5112
4329 -75.1412 50.6612
4330 -103.141 57.6812
4331 -79.1412 96.1812
4332 -51.1412 89.5112
4333 -59.1412 106.691
4334 -53.1412 45.2312
4335 -57.1412 73.2712
4336 -48.1412 100.411
4337 -105.141 37.7012
4338 -101.141 46.3812
4339 -59.1412 38.5712
4340 -71.1412 85.2312
4341 -46.1412 100.561
4342 -77.1412 53.1612
4343 -84.1412 92.5312
4344 -47.1412 97.0712
4345 -59.1412 50.8612
4346 -48.1412 46.1212
4347 -34.1412 32.3312
4348 -50.1412 68.5912
4349 -35.1412 65.1912
4350 -73.1412 55.4212
4351 -37.1412 64.5612
4352 -34.1412 34.4012
4353 -71.1412 86.0612
4354 -37.1412 90.8812
4355 -80.1412 65.9212
4356 -89.1412 47.4412
4357 -37.1412 69.1012
4358 -52.1412 56.0112
4359 -65.1412 70.3912
4360 -109.141 40.9812
4361 -76.1412 83.4512
4362 -91.1412 79.4412
4363 -81.1412 34.3112
4364 -32.1412 110.421
4365 -73.1412 39.4812
4366 -36.1412 54.5812
4367 -57.1412 75.7812
4368 -80.1412 95.8812
4369 -35.1412 51.3912
4370 -88.1412 79.0612
4371 -55.1412 49.5112
4372 -71.1412 82.9012
4373 -90.1412 58.2112
4374 -43.1412 47.8712
4375 -49.1412 33.1012
4376 -108.141 33.4812
4377 -53.1412 101.531
4378 -65.1412 66.4412
4379 -85.1412 36.5812
4380 -80.1412 47.9612
4381 -33.1412 65.3012
4382 -96.1412 66.6812
4383 -97.1412 67.1612
4384 -45.1412 87.0312
4385 -38.1412 76.9512
4386 -76.1412 77.9712
4387 -55.1412 39.2112
4388 -97.1412 33.1812
4389 -98.1412 32.3812
4390 -48.1412 101.171
4391 -37.1412 48.4912
4392 -102.141 69.1412
4393 -101.141 55.2012
4394 -52.1412 64.4912
4395 -93.1412 80.5612
4396 -90.1412 78.4212
4397 -77.1412 84.6212
4398 -43.1412 56.5612
4399 -105.141 36.8012
4400 -50.1412 110.441
4401 -13.1412 -1.01875
4402 3.85875 -13.0388
4403 40.8588 -0.588753
4404 18.8588 10.7112
4405 -14.1412 17.1012
4406 30.8588 28.9212
4407 -28.1412 -20.2188
4408 20.8588 15.9712
4409 46.8588 21.0912
4410 4.85875 -3.29875
4411 33.8588 -10.5988
4412 10.8588 -38.4288
4413 24.8588 -10.4388
4414 28.8588 26.8912
4415 -31.1412 21.3112
4416 21.8588 -21.0988
4417 36.8588 -14.0588
4418 35.8588 16.8612
4419 -3.14125 -7.06875
4420 1.85875 -19.8088
4421 -6.14125 12.4512
4422 39.8588 2.98125
4423 37.8588 21.2212
4424 -11.1412 8.63125
4425 7.85875 -13.7588
4426 9.85875 28.6512
4427 40.8588 22.9512
4428 22.8588 3.75125
4429 25.8588 -26.4388
4430 -13.1412 -6.91875
4431 4.85875 -23.5688
4432 48.8588 15.6812
4433 49.8588 30.3712
4434 48.8588 20.7712
4435 -8.14125 -17.8288
4436 45.8588 28.9012
4437 16.8588 26.1212
4438 47.8588 19.9012
4439 0.858753 -11.6488
4440 -10.1412 20.1812
4441 45.8588 17.3912
4442 -14.1412 -35.1988
4443 36.8588 18.1112
4444 3.85875 -21.6188
4445 -5.14125 -29.7488
4446 -9.14125 -34.4588
4447 16.8588 -25.4988
4448 -25.1412 -37.4088
4449 -21.1412 27.8212
4450 47.8588 14.2112
4451 7.85875 -21.6388
4452 -30.1412 5.67125
4453 32.8588 -13.4788
4454 11.8588 -22.1688
4455 -14.1412 -19.8888
4456 -24.1412 -41.9688
4457 18.8588 -28.0988
4458 -30.1412 2.90125
4459 -16.1412 -27.5588
4460 -31.1412 -19.3088
4461 -20.1412 28.2812
4462 -4.14125 28.9112
4463 15.8588 14.9912
4464 -5.14125 15.6912
4465 7.85875 8.91125
4466 -21.1412 -19.6588
4467 -10.1412 18.5512
4468 -27.1412 9.76125
4469 -19.1412 -47.8888
4470 -8.14125 -31.0088
4471 2.85875 -8.33875
4472 12.8588 5.78125
4473 26.8588 -20.6088
4474 9.85875 10.5912
4475 -30.1412 -36.5088
4476 7.85875 -3.93875
4477 34.8588 31.0412
4478 41.8588 18.5912
4479 -13.1412 -43.9988
4480 -21.1412 10.8912
4481 13.8588 -32.2788
4482 24.8588 11.7112
4483 1.85875 -15.2388
4484 43.8588 12.8712
4485 -4.14125 -27.8788
4486 45.8588 22.6212
4487 18.8588 -3.58875
4488 32.8588 20.4012
4489 -28.1412 -33.8688
4490 -12.1412 -16.3188
4491 35.8588 25.8012
4492 -14.1412 22.4312
4493 13.8588 -30.7588
4494 -29.1412 -26.0888
4495 -1.14125 -35.1588
4496 8.85875 8.20125
4497 2.85875 22.0812
4498 33.8588 -1.62875
4499 44.8588 10.4412
4500 1.85875 -0.758753
4501 46.8588 10.1412
4502 -29.1412 -45.5988
4503 37.8588 19.3212
4504 42.8588 15.4012
4505 -19.1412 -16.1488
4506 45.8588 10.5912
4507 42.8588 7.86125
4508 16.8588 -1.46875
4509 -5.14125 30.1012
4510 -9.14125 13.3912
4511 34.8588 -2.69875
4512 21.8588 11.5612
4513 49.8588 22.5612
4514 -22.1412 -12.2488
4515 -15.1412 -45.7788
4516 -16.1412 -5.37875
4517 40.8588 7.91125
4518 30.8588 -15.5588
4519 -25.1412 -39.1188
4520 20.8588 17.7212
4521 39.8588 22.4512
4522 -16.1412 30.9112
4523 33.8588 12.3912
4524 -9.14125 3.94125
4525 3.85875 -14.5388
4526 35.8588 12.4912
4527 -4.14125 17.9812
4528 11.8588 26.1812
4529 46.8588 14.5212
4530 -10.1412 -12.3988
4531 -16.1412 -25.0288
4532 -3.14125 30.1112
4533 24.8588 23.3012
4534 35.8588 -4.31875
4535 34.8588 19.9212
4536 -31.1412 -3.02875
4537 -24.1412 -27.2288
4538 9.85875 11.7312
4539 48.8588 17.3712
4540 -30.1412 -5.28875
4541 -3.14125 -13.9388
4542 26.8588 -2.88875
4543 -3.14125 -44.2088
4544 -28.1412 -36.3588
4545 42.8588 16.7612
4546 8.85875 -31.4288
4547 29.8588 21.0412
4548 -17.1412 -23.3388
4549 46.8588 7.28125
4550 -11.1412 -1.41875
4551 10.8588 -19.7288
4552 7.85875 -6.84875
4553 6.85875 -36.0388
4554 10.8588 -36.2688
4555 32.8588 0.0912468
4556 42.8588 6.68125
4557 1.85875 -11.3088
4558 35.8588 -1.74875
4559 40.8588 13.1412
4560 -24.1412 -50.6788
4561 -17.1412 -27.2888
4562 39.8588 1.68125
4563 3.85875 -6.37875
4564 2.85875 -4.36875
4565 -23.1412 2.70125
4566 -16.1412 29.1612
4567 47.8588 15.8112
4568 -10.1412 5.54125
4569 23.8588 27.7212
4570 43.8588 29.6312
4571 -2.14125 -29.2288
4572 15.8588 -0.508753
4573 6.85875 -29.8388
4574 14.8588 -10.0088
4575 -7.14125 27.6812
4576 -18.1412 -30.2688
4577 -8.14125 -17.7488
4578 3.85875 -39.3288
4579 -20.1412 28.2912
4580 -19.1412 23.8312
4581 13.8588 -0.438753
4582 41.8588 11.4912
4583 -28.1412 -50.1588
4584 47.8588 24.6812
4585 46.8588 12.3612
4586 -17.1412 -29.0988
4587 29.8588 -8.32875
4588 -22.1412 -42.8388
4589 -13.1412 14.1912
4590 17.8588 9.66125
4591 1.85875 22.0012
4592 -30.1412 6.79125
4593 35.8588 18.3412
4594 4.85875 -42.3388
4595 -6.14125 16.3012
4596 -14.1412 -38.8488
4597 46.8588 8.02125
4598 0.858753 22.7712
4599 -10.1412 20.7312
4600 28.8588 -2.52875
4601 -8.14125 8.80125
4602 13.8588 -21.1988
4603 25.8588 30.3012
4604 -9.14125 -42.6888
4605 0.858753 10.6512
4606 6.85875 16.4112
4607 22.8588 30.4112
4608 10.8588 -23.5688
4609 46.8588 13.2012
4610 6.85875 -37.0888
4611 13.8588 28.1112
4612 -21.1412 9.41125
4613 32.8588 -10.2388
4614 11.8588 -6.96875
4615 43.8588 -1.84875
4616 -9.14125 11.1612
4617 -16.1412 23.4012
4618 -10.1412 -28.5588
4619 12.8588 20.4512
4620 38.8588 29.7612
4621 3.85875 10.7612
4622 30.8588 -0.728753
4623 37.8588 24.9012
4624 16.8588 18.4512
4625 -10.1412 -36.6788
4626 -26.1412 20.6412
4627 28.8588 23.4712
4628 -4.14125 -25.8788
4629 32.8588 13.2412
4630 15.8588 15.2512
4631 -20.1412 -43.2888
4632 46.8588 25.4012
4633 27.8588 -23.1088
4634 -12.1412 -18.1388
4635 28.8588 28.6312
4636 -13.1412 -43.0288
4637 5.85875 -9.67875
4638 -9.14125 -6.37875
4639 -8.14125 11.4712
4640 -23.1412 0.361247
4641 45.8588 25.4712
4642 -1.14125 8.79125
4643 2.85875 -29.9288
4644 -14.1412 -19.8188
4645 18.8588 -7.39875
4646 46.8588 30.2712
4647 26.8588 15.8812
4648 -23.1412 -11.0488
4649 -22.1412 -10.9688
4650 29.8588 -15.8288
4651 6.85875 -26.5188
4652 -24.1412 15.6312
4653 -31.1412 5.43125
4654 -12.1412 -31.9288
4655 -9.14125 -32.1488
4656 39.8588 13.7412
4657 14.8588 9.45125
4658 43.8588 7.79125
4659 49.8588 20.4512
4660 -12.1412 8.87125
4661 47.8588 11.4512
4662 0.858753 1.89125
4663 -24.1412 -47.1788
4664 -16.1412 -0.838753
4665 39.8588 10.7012
4666 -21.1412 -13.4288
4667 46.8588 27.9912
4668 -9.14125 -30.4888
4669 16.8588 1.98125
4670 -7.14125 15.8512
4671 41.8588 30.5412
4672 -22.1412 -16.7988
4673 7.85875 -28.3388
4674 7.85875 -9.95875
4675 -16.1412 -22.4988
4676 -22.1412 7.21125
4677 42.8588 13.5812
4678 42.8588 4.33125
4679 -27.1412 -34.5288
4680 -9.14125 -23.1788
4681 -27.1412 19.3412
4682 -8.14125 -8.11875
4683 19.8588 -26.3588
4684 49.8588 27.7712
4685 -21.1412 12.0212
4686 -23.1412 6.51125
4687 12.8588 -30.2488
4688 9.85875 -15.9088
4689 -9.14125 -43.7588
4690 10.8588 1.57125
4691 29.8588 16.6112
4692 24.8588 4.73125
4693 -18.1412 -19.5888
4694 24.8588 -7.35875
4695 24.8588 12.5612
4696 -17.1412 12.5812
4697 -1.14125 29.9112
4698 31.8588 20.7712
4699 -24.1412 5.90125
4700 -10.1412 -4.76875
4701 -23.1412 -2.78875
4702 -8.14125 7.54125
4703 19.8588 -1.01875
4704 24.8588 -8.58875
4705 35.8588 1.80125
4706 0.858753 23.0012
4707 37.8588 -5.18875
4708 -12.1412 -33.8688
4709 26.8588 20.8112
4710 -8.14125 24.6412
4711 44.8588 2.29125
4712 -16.1412 21.3212
4713 48.8588 28.2412
4714 -3.14125 -40.7188
4715 28.8588 27.6712
4716 -6.14125 -44.8888
4717 -29.1412 -38.2188
4718 11.8588 21.8912
4719 1.85875 -43.1888
4720 14.8588 -20.9788
4721 1.85875 -35.6688
4722 34.8588 4.55125
4723 -25.1412 -42.7088
4724 -5.14125 -44.0988
4725 -31.1412 -23.4888
4726 -13.1412 -29.9588
4727 -23.1412 -21.6688
4728 -8.14125 -0.938753
4729 -0.141247 -41.0288
4730 -17.1412 -49.7588
4731 -9.14125 9.38125
4732 -30.1412 -31.4188
4733 -25.1412 29.0612
4734 48.8588 28.9712
4735 30.8588 -21.1788
4736 29.8588 29.5312
4737 13.8588 4.07125
4738 8.85875 15.8312
4739 20.8588 -31.1788
4740 5.85875 -31.4888
4741 5.85875 24.8412
4742 19.8588 29.1912
4743 -22.1412 7.44125
4744 22.8588 -28.7288
4745 13.8588 -4.87875
4746 21.8588 -7.88875
4747 -5.14125 -14.0788
4748 -17.1412 26.7112
4749 -13.1412 -1.31875
4750 46.8588 28.9012
4751 26.8588 15.7212
4752 -13.1412 -38.8188
4753 -8.14125 -5.95875
4754 43.8588 10.2012
4755 13.8588 -22.6888
4756 19.8588 -2.27875
4757 -24.1412 -43.6788
4758 16.8588 -7.65875
4759 -16.1412 -11.8388
4760 29.8588 16.2212
4761 -23.1412 -32.3388
4762 18.8588 -3.16875
4763 -23.1412 7.54125
4764 42.8588 17.6112
4765 44.8588 14.7612
4766 -2.14125 27.7812
4767 14.8588 -26.5288
4768 44.8588 8.32125
4769 -5.14125 22.0212
4770 38.8588 17.8912
4771 -10.1412 -38.7088
4772 41.8588 14.0212
4773 29.8588 23.0512
4774 16.8588 -35.0988
4775 31.8588 24.5012
4776 25.8588 23.5412
4777 30.8588 -21.0288
4778 -2.14125 -43.2088
4779 -22.1412 28.4512
4780 -11.1412 -40.2088
4781 -20.1412 -14.0288
4782 25.8588 6.74125
4783 -10.1412 -39.9388
4784 20.8588 28.4712
4785 8.85875 15.1212
4786 8.85875 18.9512
4787 49.8588 27.0312
4788 -20.1412 14.0412
4789 43.8588 13.8712
4790 27.8588 -9.13875
4791 -26.1412 -6.93875
4792 16.8588 -20.4188
4793 29.8588 -23.1688
4794 29.8588 2.60125
4795 -9.14125 -31.1688
4796 43.8588 18.5412
4797 22.8588 -12.4988
4798 -17.1412 -33.2288
4799 -9.14125 -24.6388
4800 10.8588 4.70125
4801 -3.14125 -6.81875
4802 11.8588 -11.5688
4803 2.85875 -0.318753
4804 -22.1412 1.33125
4805 2.85875 -3.05875
4806 -26.1412 -13.5488
4807 -9.14125 -44.8788
4808 -2.14125 -11.9088
4809 23.8588 25.4612
4810 43.8588 11.7612
4811 -18.1412 -12.3788
4812 0.858753 -15.3788
4813 7.85875 19.1212
4814 29.8588 13.2112
4815 -65.1412 -39.3188
4816 -75.1412 17.5012
4817 -57.1412 4.09125
4818 -40.1412 -15.3988
4819 -95.1412 13.9412
4820 -40.1412 8.84125
4821 -36.1412 30.1712
4822 -88.1412 24.9312
4823 -104.141 21.3712
4824 -64.1412 -17.2188
4825 -50.1412 -1.75875
4826 -73.1412 8.65125
4827 -46.1412 26.9012
4828 -52.1412 7.50125
4829 -71.1412 -11.7988
4830 -68.1412 -23.9588
4831 -57.1412 -38.8488
4832 -85.1412 18.7912
4833 -38.1412 -1.46875
4834 -64.1412 28.0512
4835 -31.1412 29.8912
4836 -38.1412 -29.6088
4837 -91.1412 0.241247
4838 -67.1412 11.8912
4839 -104.141 -1.60875
4840 -46.1412 -46.0288
4841 -49.1412 -39.7388
4842 -77.1412 25.5312
4843 -83.1412 29.4312
4844 -42.1412 3.23125
4845 -100.141 30.2812
4846 -34.1412 26.0812
4847 -79.1412 22.8612
4848 -98.1412 -8.28875
4849 -72.1412 -30.6788
4850 -79.1412 15.9112
4851 -96.1412 -15.8088
4852 -81.1412 -16.7088
4853 -70.1412 -28.3288
4854 -47.1412 -49.4288
4855 -111.141 22.3812
4856 -75.1412 -4.77875
4857 -43.1412 -44.2988
4858 -84.1412 -27.6188
4859 -106.141 17.3212
4860 -108.141 24.3412
4861 -64.1412 15.9312
4862 -109.141 23.0712
4863 -92.1412 -13.1688
4864 -89.1412 8.24125
4865 -35.1412 -1.91875
4866 -95.1412 20.8912
4867 -112.141 23.5012
4868 -66.1412 -19.7588
4869 -72.1412 14.4112
4870 -104.141 7.28125
4871 -34.1412 -47.1088
4872 -89.1412 28.4912
4873 -76.1412 -14.6988
4874 -31.1412 19.2612
4875 -49.1412 25.0112
4876 -52.1412 -29.7288
4877 -111.141 16.5512
4878 -85.1412 -5.72875
4879 -34.1412 -41.3388
4880 -111.141 30.5712
4881 -89.1412 16.7012
4882 -31.1412 -21.9288
4883 -47.1412 16.6912
4884 -49.1412 15.9412
4885 -38.1412 -37.8288
4886 -49.1412 -42.5788
4887 -78.1412 -31.7388
4888 -61.1412 -11.8188
4889 -61.1412 -41.1788
4890 -82.1412 -6.28875
4891 -60.1412 19.0812
4892 -51.1412 8.82125
4893 -44.1412 18.3312
4894 -36.1412 5.54125
4895 -58.1412 18.6512
4896 -58.1412 14.7812
4897 -100.141 13.1012
4898 -96.1412 0.121247
4899 -98.1412 15.7312
4900 -95.1412 21.4212
4901 -44.1412 -47.6988
4902 -38.1412 -37.5188
4903 -31.1412 -1.20875
4904 -103.141 9.65125
4905 -102.141 -5.36875
4906 -31.1412 28.5012
4907 -68.1412 28.3612
4908 -79.1412 11.8712
4909 -50.1412 -2.05875
4910 -100.141 24.7312
4911 -92.1412 14.5712
4912 -84.1412 17.9912
4913 -78.1412 -15.0588
4914 -86.1412 28.5212
4915 -71.1412 28.7112
4916 -58.1412 -19.9088
4917 -72.1412 -16.6988
4918 -64.1412 15.6312
4919 -104.141 18.2512
4920 -105.141 24.2412
4921 -100.141 19.1812
4922 -31.1412 -4.35875
4923 -48.1412 -38.9288
4924 -108.141 27.7612
4925 -56.1412 -0.0287532
4926 -34.1412 -35.3388
4927 -31.1412 21.5412
4928 -88.1412 26.2712
4929 -44.1412 8.34125
4930 -112.141 29.6712
4931 -102.141 6.26125
4932 -59.1412 -40.8788
4933 -93.1412 13.3512
4934 -103.141 11.7112
4935 -37.1412 -35.9188
4936 -66.1412 -11.4688
4937 -90.1412 16.2212
4938 -53.1412 29.8012
4939 -38.1412 16.2112
4940 -65.1412 25.3612
4941 -33.1412 -9.41875
4942 -71.1412 16.2612
4943 -45.1412 -38.2788
4944 -84.1412 19.6512
4945 -79.1412 4.37125
4946 -35.1412 -23.3588
4947 -32.1412 22.6212
4948 -99.1412 4.24125
4949 -46.1412 27.5612
4950 -68.1412 -29.8988
4951 -76.1412 13.4312
4952 -50.1412 -0.0987532
4953 -62.1412 -31.6688
4954 -51.1412 13.4812
4955 -94.1412 8.80125
4956 -101.141 0.251247
4957 -43.1412 -6.59875
4958 -103.141 12.5512
4959 -77.1412 -6.90875
4960 -89.1412 -25.7688
4961 -49.1412 12.0512
4962 -84.1412 -15.3788
4963 -48.1412 -11.3088
4964 -37.1412 -11.8288
4965 -51.1412 -38.1288
4966 -88.1412 7.41125
4967 -69.1412 -27.0388
4968 -38.1412 -44.9888
4969 -71.1412 -32.9288
4970 -56.1412 -9.64875
4971 -34.1412 -34.6088
4972 -37.1412 20.3012
4973 -77.1412 4.64125
4974 -78.1412 -30.0388
4975 -75.1412 31.1112
4976 -58.1412 -4.27875
4977 -39.1412 -16.3988
4978 -35.1412 -10.1188
4979 -69.1412 -34.7388
4980 -90.1412 21.0612
4981 -87.1412 7.38125
4982 -74.1412 -32.5188
4983 -63.1412 2.84125
4984 -33.1412 -7.31875
4985 -32.1412 30.0312
4986 -46.1412 22.8412
4987 -78.1412 -35.3188
4988 -55.1412 -15.2688
4989 -53.1412 -8.94875
4990 -56.1412 -5.89875
4991 -48.1412 -22.0688
4992 -80.1412 20.8512
4993 -82.1412 -9.30875
4994 -84.1412 -2.12875
4995 -95.1412 8.84125
4996 -102.141 -2.87875
4997 -101.141 5.46125
4998 -85.1412 -30.3888
4999 -35.1412 5.14125
5000 -44.1412 -21.2488
5001 -39.1412 7.89125
5002 -43.1412 12.1112
5003 -84.1412 -2.25875
5004 -101.141 22.4712
5005 -59.1412 29.5912
5006 -93.1412 -14.5288
5007 -99.1412 -4.08875
5008 -105.141 28.5812
5009 -31.1412 24.1012
5010 -80.1412 2.60125
5011 -111.141 24.4312
5012 -55.1412 -22.7888
5013 -104.141 18.3712
5014 -41.1412 8.20125
5015 -90.1412 1.65125
5016 -36.1412 -4.78875
5017 -85.1412 -17.9288
5018 -73.1412 -14.8288
5019 -87.1412 -2.29875
5020 -54.1412 -20.3588
5021 -77.1412 22.2112
5022 -84.1412 -21.6588
5023 -65.1412 -29.5088
5024 -103.141 -2.69875
5025 -42.1412 -48.5788
5026 -52.1412 -12.4188
5027 -32.1412 21.6712
5028 -32.1412 -44.2388
5029 -77.1412 29.1512
5030 -105.141 29.0812
5031 -67.1412 -22.5588
5032 -40.1412 29.3912
5033 -50.1412 15.1412
5034 -71.1412 14.8512
5035 -33.1412 -13.7888
5036 -112.141 21.6612
5037 -101.141 30.6612
5038 -32.1412 -42.8788
5039 -49.1412 -40.0288
5040 -90.1412 -22.2088
5041 -68.1412 -27.1588
5042 -72.1412 13.2612
5043 -76.1412 -6.77875
5044 -66.1412 8.08125
5045 -86.1412 -17.9688
5046 -65.1412 -4.77875
5047 -60.1412 -22.4888
5048 -54.1412 -42.4888
5049 -48.1412 29.7112
5050 -77.1412 -24.4588
5051 -78.1412 -23.0988
5052 -103.141 15.3912
5053 -51.1412 -3.74875
5054 -91.1412 14.2412
5055 -102.141 18.4512
5056 -99.1412 23.1412
5057 -68.1412 30.4512
5058 -98.1412 -8.13875
5059 -103.141 -3.53875
5060 -43.1412 13.5712
5061 -84.1412 15.1612
5062 -88.1412 -2.50875
5063 -43.1412 -4.05875
5064 -85.1412 4.85125
5065 -95.1412 7.94125
5066 -86.1412 -3.38875
5067 -97.1412 -9.35875
5068 -99.1412 -8.54875
5069 -72.1412 14.5612
5070 -74.1412 -22.8788
5071 -36.1412 3.77125
5072 -90.1412 3.88125
5073 -92.1412 13.7012
5074 -76.1412 15.9312
5075 -101.141 -10.7888
5076 -49.1412 -27.3288
5077 -55.1412 -44.6588
5078 -77.1412 -29.9588
5079 -109.141 26.7412
5080 -100.141 7.98125
5081 -70.1412 14.3312
5082 -44.1412 6.57125
5083 -40.1412 -30.3588
5084 -61.1412 19.8812
5085 -81.1412 -29.7588
5086 -34.1412 -31.7388
5087 -56.1412 -45.6988
5088 -49.1412 4.28125
5089 -61.1412 20.4112
5090 -92.1412 3.70125
5091 -72.1412 19.2412
5092 -92.1412 -11.0088
5093 -111.141 29.5812
5094 -56.1412 -14.0788
5095 -79.1412 -9.01875
5096 -90.1412 -0.468753
5097 -88.1412 20.0212
5098 -62.1412 -43.1788
5099 -105.141 17.6512
5100 -70.1412 -35.6088
5101 -86.1412 -24.2588
5102 -48.1412 -32.0488
5103 -55.1412 24.8512
5104 -38.1412 30.5812
5105 -50.1412 -19.0288
5106 -107.141 13.8812
5107 -104.141 8.71125
5108 -80.1412 -7.66875
5109 -34.1412 7.44125
5110 -98.1412 8.14125
5111 -37.1412 21.6812
5112 -88.1412 14.2612
5113 -68.1412 25.8212
5114 -81.1412 -17.1088
5115 -101.141 4.31125
5116 -105.141 17.4112
5117 -82.1412 20.9912
5118 -75.1412 -7.36875
5119 -78.1412 -35.3588
5120 -82.1412 13.1012
5121 -76.1412 -29.4488
5122 -81.1412 20.3612
5123 -52.1412 -10.6088
5124 -56.1412 22.0812
5125 -42.1412 5.48125
5126 -109.141 23.7912
5127 -88.1412 6.42125
5128 -32.1412 -2.61875
5129 -93.1412 -1.85875
5130 -76.1412 13.7612
5131 -92.1412 25.0812
5132 -45.1412 -12.9688
5133 -80.1412 8.06125
5134 -59.1412 -33.5588
5135 -65.1412 -22.0788
5136 -33.1412 9.85125
5137 -76.1412 28.0612
5138 -66.1412 -9.73875
5139 -102.141 -5.55875
5140 -44.1412 -32.6988
5141 -106.141 23.0912
5142 -53.1412 -21.8788
5143 -96.1412 26.6712
5144 -97.1412 30.8012
5145 -108.141 19.3112
5146 -49.1412 -9.68875
5147 -100.141 15.7412
5148 -41.1412 -4.48875
5149 -44.1412 -19.9388
5150 -84.1412 -7.44875
5151 -73.1412 11.5012
5152 -78.1412 14.5012
5153 -61.1412 -43.3788
5154 -107.141 27.5412
5155 -96.1412 23.6312
5156 -55.1412 -31.9788
5157 -50.1412 -5.53875
5158 -63.1412 -12.2388
5159 -101.141 17.1812
5160 -83.1412 29.9912
5161 -80.1412 -17.3488
5162 -75.1412 -37.5488
5163 -56.1412 29.7012
5164 -105.141 2.24125
5165 -48.1412 -11.5488
5166 -39.1412 27.2712
5167 -54.1412 3.71125
5168 -98.1412 21.5612
5169 -90.1412 26.0612
5170 -107.141 14.4412
5171 -102.141 19.4812
5172 -53.1412 17.9412
5173 -96.1412 -9.85875
5174 -46.1412 10.1112
5175 -103.141 -7.68875
5176 -73.1412 -11.6188
5177 -91.1412 1.45125
5178 -110.141 21.4012
5179 -94.1412 8.33125
5180 -75.1412 3.92125
5181 -69.1412 -32.5188
5182 -91.1412 -24.2188
5183 -58.1412 -36.5088
5184 -67.1412 10.0512
5185 -60.1412 14.9812
5186 -80.1412 -21.2288
5187 -83.1412 -18.0388
5188 -60.1412 -32.0688
5189 -77.1412 -30.0588
5190 -41.1412 27.4712
5191 -63.1412 1.19125
5192 -112.141 23.7412
5193 -91.1412 11.2212
5194 -47.1412 -45.1888
5195 -102.141 1.83125
5196 -75.1412 -27.1288
5197 -64.1412 -27.0388
5198 -42.1412 -21.4888
5199 -102.141 6.05125
5200 -99.1412 28.0512
5201 -112.141 28.5912
5202 -71.1412 11.5412
5203 -60.1412 -9.44875
5204 -40.1412 19.7012
5205 -65.1412 -23.4388
5206 -68.1412 10.2612
5207 -106.141 11.5612
5208 -111.141 29.4112
5209 -65.1412 -2.32875
5210 -47.1412 -1.12875
5211 -109.141 25.5212
5212 -83.1412 -8.64875
5213 -35.1412 -28.5588
5214 -43.1412 -3.01875
5215 -64.1412 -7.51875
5216 -46.1412 -1.42875
5217 -69.1412 -37.1288
5218 -38.1412 18.1512
5219 -77.1412 20.1212
5220 -96.1412 5.48125
5221 -69.1412 -22.9188
5222 -99.1412 13.9712
5223 -89.1412 18.2712
5224 -35.1412 -46.0388
5225 -31.1412 -4.34875
5226 -66.1412 14.5012
5227 -34.1412 -32.8988
5228 -58.1412 -7.81875
5229 -105.141 8.24125
