%%index real_part   imaginary_part
4367 4367 4367
1 6.06 21.86
2 9.65 21.74
3 1.94 14.75
4 5.51 10.05
5 5.03 18.5
6 20.45 13.37
7 9.41 14.94
8 10.45 7.6
9 7.65 16.04
10 1.19 20.93
11 19.02 3.34
12 16.66 13.84
13 3.93 20.84
14 2.55 14.89
15 21.11 9.79
16 5.66 22.69
17 18.44 1.18
18 9.45 8.83
19 18.88 13.9
20 6.4 14.96
21 21.85 17.43
22 6.38 20.37
23 1.98 24.78
24 8.34 16.83
25 5.28 3.15
26 0.01 9.53
27 16.89 17.83
28 12.67 10.2
29 25.09 20.82
30 24.14 15.22
31 5.44 13.73
32 8.43 3.8
33 12.63 17.4
34 5.3 11.4
35 19.88 25.03
36 16.47 5.22
37 25.59 15.73
38 8.03 16.37
39 7.2 21.09
40 17.76 16.37
41 19.43 6
42 23.83 11.3
43 21.5 10.32
44 24.67 4.02
45 12.77 14.11
46 21.36 22.81
47 20.13 11.73
48 3.13 3.79
49 15.19 6.76
50 25.31 1.95
51 0.69 9.07
52 18.32 15.78
53 6.15 19.8
54 14.9 19.87
55 10.25 6.87
56 6.4 0.18
57 11.48 23.2
58 7.52 23.75
59 1.78 0.5
60 14.62 25.71
61 16.04 8.07
62 19.8 9.98
63 7.3 10.17
64 10.45 16.45
65 11.92 16.01
66 18.61 9.77
67 25.55 12.61
68 6.41 10.93
69 4.81 25.23
70 25.62 14.83
71 15.02 8.58
72 5.78 6.02
73 3.78 20.02
74 20.53 6.82
75 6.54 25.08
76 0.67 2.67
77 6.17 22.58
78 0.28 13.99
79 4.44 13.47
80 3.49 10.73
81 20.5 9.88
82 22.49 22.1
83 0.55 13.58
84 6.33 2.9
85 11.26 24.88
86 7.46 5.95
87 11.98 19.8
88 13.82 6.76
89 13.59 9.28
90 1.88 1.87
91 4.54 13.65
92 3.75 2.55
93 16.54 10.72
94 17.71 4.03
95 8.29 14.5
96 24.38 21.2
97 10.82 2.79
98 9.89 20.87
99 17.29 4.9
100 3.78 16.22
101 15.7 2.55
102 22.35 4.77
103 5.05 21.2
104 4.48 3.7
105 5.57 12.16
106 25.81 6.36
107 2.43 3.64
108 14.36 23.09
109 1.12 18.97
110 7.47 6.07
111 20.8 2.93
112 25.25 5.85
113 20.24 25.14
114 4.04 9.14
115 18.89 5.05
116 1.13 1.35
117 25.64 8.59
118 23.31 17
119 20.7 24.21
120 10.38 1.79
121 1.67 19.8
122 23.44 3.71
123 0.8 4.1
124 16.59 5.32
125 11.39 21.45
126 24.38 24.06
127 23.43 25.71
128 18.38 23.63
129 0.3 17.67
130 22.72 22.42
131 17.29 19.19
132 21.3 23.85
133 14.86 10.45
134 8.67 18.61
135 13.92 3.08
136 22.88 12.57
137 16.28 9.11
138 13.21 20.32
139 25.64 17.09
140 6.06 3.8
141 21.38 4.56
142 23.79 4.44
143 2.08 18.81
144 4 16.17
145 6.12 21.9
146 8.61 20.24
147 11.62 16.93
148 1.39 3.91
149 16.04 20
150 23.08 3.58
151 9.67 23.48
152 6.59 13.49
153 1.33 25.95
154 10.56 13.32
155 17.12 20.5
156 18.58 16.62
157 14.59 6.02
158 18.35 16.37
159 0.07 10.19
160 6.09 22.35
161 10.11 6.19
162 23.12 14.7
163 12.13 21.73
164 9.25 18.03
165 15.13 2.17
166 25.65 6.34
167 13.35 24.8
168 18.28 25.76
169 13.08 14.68
170 2.7 2.84
171 12.99 23.72
172 3.74 21.28
173 5.18 1.58
174 5.29 22.09
175 11.96 5.25
176 11.44 11.38
177 19.6 15.59
178 4.85 2.08
179 20.12 5.73
180 1.42 14.1
181 13.96 2.77
182 1.58 20.59
183 20.35 1.31
184 9.52 13.38
185 16.22 7.43
186 5.15 5.74
187 1.03 22.73
188 17.83 2.41
189 18.02 6.21
190 4.98 23.12
191 2.02 3.98
192 13.09 16.42
193 12.02 21.62
194 1.35 17.94
195 6.05 25.66
196 2.44 22.29
197 16.88 13.53
198 14.85 23.54
199 10.92 11.23
200 18.66 17.89
201 23.63 20.66
202 17.4 17.33
203 19.74 18.18
204 17.91 2.75
205 25.88 11.76
206 9.26 22.89
207 13.31 1.9
208 17.05 22.36
209 7.82 25.34
210 25 18.4
211 8.22 7.39
212 20.93 20.96
213 18.5 25.1
214 10.34 3.3
215 14.71 22.94
216 17.61 22.52
217 7.38 12.34
218 4.53 9.01
219 11.76 1.12
220 6.41 15.96
221 12.86 5.16
222 0.59 15.67
223 5.55 0.17
224 19.03 17.64
225 3.56 13.38
226 14.29 11.56
227 6.52 11.78
228 10.89 9.22
229 12.52 18.55
230 15.49 14.75
231 11.27 1.23
232 7.1 7.1
233 9.63 12.17
234 13.3 5.15
235 21.11 14.92
236 13.6 19.71
237 2.9 7.97
238 1.67 14.19
239 5.83 8.46
240 15.36 14.22
241 25.78 9.4
242 21.18 3.65
243 6.4 25.83
244 18.38 25.59
245 14.34 12.44
246 7.2 1.39
247 2.02 19.14
248 5.31 14.3
249 12.97 11.65
250 20.09 12.13
251 5.84 1.6
252 9.58 7.7
253 15.41 2.27
254 10.73 4.77
255 18.99 21.25
256 24.17 19.61
257 23.26 12.3
258 12.13 12.87
259 5.99 23.18
260 9.63 24.03
261 25.42 20.33
262 6.99 16.83
263 5.13 1.44
264 6.62 5.83
265 17.96 11.62
266 13.22 20.23
267 21.45 17.33
268 19.6 16.32
269 21.09 10.87
270 25.64 4.33
271 17.46 7.61
272 19.91 17.33
273 4.2 8.24
274 5.43 6.04
275 23.59 10.19
276 24.05 15.06
277 5.89 16.53
278 17.98 24.56
279 4.39 4.54
280 16.16 18.12
281 5.87 22.36
282 13.69 22.9
283 13.23 1.33
284 5.72 7.29
285 5.14 1.84
286 9.45 24.88
287 16.21 22.6
288 4.84 22.88
289 2.92 13.93
290 17.65 10.27
291 18.85 20.03
292 10.57 9.22
293 7.78 24.74
294 3.28 22.07
295 7.71 12.18
296 8.54 12.96
297 9.87 13.58
298 8.43 15.75
299 23.04 16.62
300 18.46 14.15
301 6.55 21.7
302 18.3 21.44
303 18.32 22.76
304 4.22 16.66
305 20.46 14.77
306 8.8 21.87
307 5.09 13.31
308 5.58 12.89
309 8.96 12.87
310 25.05 2.38
311 15.35 16.67
312 4.26 1.11
313 16.86 18.74
314 2.88 6.21
315 20.37 7.42
316 3.12 14.86
317 10.3 20.44
318 17.21 14.94
319 5.61 22.15
320 4.44 21.43
321 10.82 19.59
322 0.42 6.76
323 19.66 15.91
324 22.3 6
325 8.39 2.62
326 19.3 21.36
327 22.47 17.26
328 3.52 17.08
329 23.29 6.86
330 14.28 6.4
331 21.26 11.18
332 5.63 17.41
333 6.35 25.09
334 21.24 22.84
335 11.79 5.48
336 18.59 19.2
337 25.96 22.61
338 6.04 19.02
339 25.02 19.62
340 22.25 2.34
341 17.22 0.93
342 18.19 15.55
343 0.15 7.22
344 14.08 15.23
345 21.63 23.44
346 8.63 2.36
347 13.29 10.42
348 9.51 14.26
349 4.62 13.17
350 18.65 24.27
351 17.47 9.93
352 0.06 4.77
353 23.79 17.43
354 11.06 6.1
355 1.96 16.33
356 17.27 7.31
357 16.38 19.19
358 0.41 2.98
359 18.22 16.53
360 13.97 8.01
361 3.89 7.37
362 17.79 16.12
363 23.9 17.19
364 4.36 1.3
365 25.57 2.52
366 5.97 16.53
367 21.3 17.04
368 2 6.03
369 5.65 12.61
370 2.95 13.06
371 13.89 7.62
372 0.81 13.74
373 16.72 23.79
374 7.84 20.74
375 2.75 2.46
376 9.84 15.33
377 5.46 6.64
378 17.35 1.63
379 2.94 3.36
380 25.41 21.71
381 5.77 22.03
382 13.08 5.38
383 11.42 20.59
384 0.73 8.6
385 21.66 17.07
386 18.21 3.68
387 17.42 3.07
388 0.86 19.02
389 7.28 1.66
390 4.13 8.7
391 17.55 10.03
392 10.2 13.97
393 15.6 23.01
394 19.9 1.55
395 16.79 12.06
396 8.1 19.31
397 24.69 16.08
398 10.67 21.18
399 23.3 3.63
400 14.23 11.4
401 8.6 12.48
402 15.55 6.44
403 18.99 19.54
404 21.21 9.93
405 12.15 0.27
406 3.83 25.34
407 6.83 3.7
408 0.72 14.03
409 15.58 22.43
410 8.5 20.62
411 7.45 25.89
412 15.97 16.6
413 5.3 25.66
414 3.3 0.65
415 5.57 22.12
416 8.6 17.53
417 17.49 14.18
418 1.24 24.15
419 1.6 10.48
420 10.76 22.45
421 15.31 13.75
422 17.45 14.59
423 22.14 22.14
424 12.1 11.69
425 25.83 11.72
426 11.62 14.12
427 24.24 0.8
428 0.47 21.11
429 21.76 23.06
430 19.18 3.77
431 14.82 20.86
432 2.56 1.78
433 19.45 6.31
434 10.32 3.8
435 0.26 21.05
436 8.8 14.6
437 3.19 9.09
438 5.24 19.77
439 24.99 18.85
440 24.09 10.86
441 24.98 18.34
442 19.15 3.23
443 24.35 23.22
444 13.8 13.14
445 10.43 20.11
446 8.49 6.98
447 2.28 25.25
448 25.08 11.05
449 14.86 21.73
450 16.78 9.4
451 24 8.64
452 17.73 19.1
453 6.39 20.71
454 13.56 16.49
455 20.87 24.9
456 10.77 11.66
457 14.89 19.85
458 10.59 23.44
459 10.58 13.24
460 0.88 24.39
461 24.89 21.01
462 13.78 9.37
463 13.95 1.17
464 16.42 12.86
465 15.79 22.33
466 24.49 0.72
467 13.34 7.31
468 2.03 16.22
469 0.24 19.74
470 12.16 9.11
471 14.29 21.11
472 8.49 22.93
473 20.37 22.71
474 3.47 12.6
475 11 4.95
476 19.48 4.35
477 7.25 3.41
478 24.11 7.26
479 20.13 14.72
480 11.05 14.53
481 8.78 3.44
482 10.75 9.54
483 19.28 22.12
484 15.86 6.3
485 8.94 13.04
486 1.68 21.55
487 18.48 23.23
488 19.94 10.17
489 22.77 6.38
490 4.85 23.42
491 21.29 1.29
492 24.23 24.34
493 5.6 22.06
494 4.3 22.34
495 4.39 19.25
496 16.21 8.87
497 18.41 6.69
498 2.82 0.97
499 0.79 5.22
500 11.78 12.2
501 7.75 9.73
502 6.97 13.46
503 23.63 19.76
504 0.14 20.43
505 11.37 13.93
506 8.74 4.99
507 3.33 0.19
508 15.77 6.97
509 22.83 2.46
510 15.23 20.08
511 2.95 20.75
512 1.44 5.45
513 6.42 14.89
514 13.63 4.26
515 16.47 0.73
516 10.47 25.41
517 12.88 17.74
518 11.5 17.44
519 5.39 4.03
520 11.48 11.64
521 16.64 16.77
522 10.48 20.23
523 20.72 13.49
524 15.95 0.25
525 13.85 17.56
526 12.31 5.19
527 10.64 10.33
528 18.74 13.75
529 18.02 10.58
530 11.31 6.37
531 25.3 2.01
532 19.75 21.78
533 6.74 12.18
534 9.74 5.26
535 10.42 12.14
536 22.43 21.22
537 8.97 1.06
538 14.56 0.43
539 0.68 3.7
540 21.26 4.51
541 3.22 8.06
542 18.39 1.09
543 14.84 13.86
544 17.96 4.65
545 11.02 0.38
546 21.91 3.28
547 18.58 10.32
548 16.03 9.19
549 7.97 18.85
550 4.99 19.29
551 8.03 18.39
552 19.46 20.94
553 21.37 17.01
554 14.23 -1.54
555 25.57 -15.57
556 17.15 -3.01
557 4.1 -2.8
558 10.18 -3.06
559 7.71 -12.46
560 6.37 -2.15
561 24.95 -12.25
562 16.1 -2.28
563 11.47 -11.05
564 3.9 -6.13
565 18.94 -19.44
566 5.36 -2.41
567 23.35 -0.97
568 11.5 -24.82
569 19.88 -12.24
570 21.34 -19.25
571 22.26 -19.45
572 22.25 -6.01
573 9.08 -19.88
574 6.35 -25.96
575 21.63 -16.79
576 3.05 -12.72
577 8.52 -14.1
578 25.15 -19.15
579 18.8 -13.52
580 0.48 -3.06
581 5.47 -5.26
582 25.75 -5.84
583 4.66 -22.35
584 2.11 -4.78
585 24.03 -24.54
586 11.52 -16.97
587 22.99 -13.82
588 7.7 -1.29
589 1.25 -6.07
590 16.38 -7.57
591 13.81 -16.4
592 4.5 -12.95
593 25.62 -22.34
594 9.86 -3.66
595 6.72 -18.42
596 17.2 -10.34
597 16.19 -5.71
598 2.06 -16.96
599 21.74 -14.37
600 6.44 -23.7
601 14.67 -19.77
602 1.11 -11.48
603 12.77 -11.66
604 11.25 -8.82
605 16.39 -7.55
606 23.95 -1.64
607 14.59 -4.21
608 20.07 -2.46
609 25.64 -14.22
610 0.16 -23.45
611 1.31 -25.88
612 5.59 -17.37
613 1.85 -11.02
614 25.4 -1.18
615 24.88 -23.59
616 10.88 -25.36
617 10.84 -7.07
618 18.74 -12
619 14.34 -23.61
620 24.68 -3.99
621 25.15 -24.25
622 2.46 -22.64
623 18.62 -13.75
624 21.49 -16.05
625 13.5 -18.26
626 18.14 -21.65
627 6.54 -14.82
628 25.84 -23.73
629 18.43 -8.39
630 5.98 -18.76
631 11.64 -17.31
632 24.39 -10.39
633 15.91 -22.48
634 13.62 -10.65
635 8.16 -4.25
636 2.5 -12.3
637 2.46 -7.32
638 14.59 -24.49
639 14.54 -21.08
640 13.34 -10.08
641 5.73 -21.57
642 10.39 -5.48
643 22.74 -5.8
644 14.19 -3.75
645 22.52 -15.17
646 0.01 -13.7
647 24.09 -8.16
648 24.17 -17.92
649 2.57 -7.52
650 11.77 -5.31
651 17.61 -4.25
652 5.09 -7.79
653 25.8 -20.08
654 8.68 -13.2
655 23.28 -14.35
656 3.44 -22.03
657 21.03 -22.54
658 2.34 -13.83
659 11.1 -17.77
660 6.95 -10.05
661 23.75 -7.62
662 9.31 -0.48
663 18.4 -15.36
664 22.88 -1
665 6.31 -14.49
666 18.74 -2.17
667 3.49 -23.92
668 11.52 -17.36
669 4.56 -3.29
670 17.64 -20.21
671 9.76 -21.37
672 17.91 -14.6
673 21.95 -4.79
674 16.09 -13.77
675 23.82 -7.06
676 8.2 -16.56
677 17.04 -21.58
678 4.46 -17.51
679 18.51 -9.44
680 23.93 -1.35
681 23.04 -24.82
682 16.27 -10.19
683 21.07 -0.53
684 3.83 -21.31
685 9.04 -25.64
686 14.53 -14.99
687 3.6 -18.8
688 17.12 -6.44
689 13.73 -25.55
690 6.61 -7.21
691 23.77 -11.55
692 0.65 -8.34
693 19.37 -14.81
694 17.77 -5.12
695 25.99 -11.89
696 4.23 -9.22
697 12.93 -16.55
698 17.09 -14.02
699 2.86 -8.01
700 1.17 -14.44
701 3.43 -11.9
702 24.23 -15.7
703 15.66 -0.55
704 19.63 -15.35
705 22.56 -3.39
706 8.46 -19.76
707 2.1 -20.33
708 2.66 -9.12
709 7.76 -21.48
710 0.89 -20.43
711 23.17 -1.27
712 11.34 -5.12
713 12.67 -10.1
714 11.63 -2.43
715 10.39 -15.53
716 1.43 -12.8
717 22.02 -13.83
718 7.9 -25.66
719 8.53 -11.68
720 8.59 -1.53
721 21.3 -5.09
722 18.94 -17.06
723 19.7 -23.4
724 18.88 -15.12
725 3.07 -20.98
726 22.25 -19.77
727 18.42 -0.24
728 3.87 -1.11
729 3.55 -24.61
730 7.66 -15.5
731 2.31 -7.46
732 14.81 -2.61
733 21.8 -24.33
734 3.54 -22.72
735 24.25 -4.33
736 2.95 -12.13
737 3.19 -13.07
738 10.48 -21.89
739 4.54 -22.89
740 11.39 -22.88
741 10.18 -7.61
742 7.86 -1.16
743 2.28 -22.12
744 14.25 -5.25
745 20.75 -25.35
746 6.81 -21.91
747 24.52 -23.06
748 14.92 -21.63
749 18.35 -20.32
750 24.66 -11.98
751 24.11 -10.12
752 23.2 -1.61
753 17.02 -20.83
754 11.24 -1.2
755 17.6 -21.56
756 22.7 -22.64
757 23.8 -21.3
758 17.42 -4.56
759 3.33 -0.08
760 25.43 -25.19
761 21.1 -24.08
762 14.67 -6.25
763 1.88 -19.63
764 13.95 -3.59
765 9.09 -13.75
766 23.87 -6.13
767 7.74 -7.2
768 2.03 -14.59
769 9.31 -18.29
770 13.85 -6.8
771 3.44 -0.92
772 15.74 -10.55
773 8.63 -1.24
774 1.33 -0.69
775 25.88 -11.96
776 10.05 -20.28
777 0.53 -20.99
778 14.62 -18.24
779 15.35 -21.93
780 9.68 -22.09
781 2.23 -24.44
782 5.64 -1.08
783 15.67 -3.49
784 21.78 -1.2
785 8 -24.99
786 19.43 -3.16
787 7.23 -11.44
788 6.2 -9.17
789 9.86 -9.39
790 21.35 -1.05
791 21.34 -9.75
792 24.26 -24.92
793 17.16 -15.39
794 11.33 -6.4
795 2.49 -6.51
796 24.47 -21.01
797 22.09 -24.24
798 21.26 -4.12
799 24.84 -5.29
800 23.8 -17.04
801 13.72 -0.36
802 5.32 -10.75
803 19.92 -20.96
804 23.87 -11.52
805 6.1 -23.31
806 0.58 -19.22
807 11.67 -1.44
808 16.83 -18.36
809 24.76 -22.35
810 22.39 -2.16
811 16.7 -1.25
812 19.02 -20.86
813 18.5 -6.31
814 11.6 -14.28
815 24.84 -10.86
816 11.22 -2.92
817 13.67 -6.09
818 20.57 -10.06
819 21.59 -1.12
820 24.43 -18.44
821 5.18 -1.69
822 22.65 -18.53
823 10.89 -10.37
824 6.73 -13.48
825 9.17 -9.65
826 4.42 -22.64
827 11.02 -25.87
828 25.7 -16.96
829 5.24 -23.05
830 7.91 -11.31
831 7.75 -23.61
832 3.7 -12.66
833 22.72 -21.43
834 22.55 -24.27
835 16.71 -11.83
836 7.04 -14.5
837 0.55 -21.89
838 6.27 -3.69
839 10.7 -11.44
840 14.61 -6.52
841 3.16 -19.87
842 13.26 -12.55
843 3.52 -7.7
844 4.75 -6.48
845 17.79 -8.76
846 25.89 -12.67
847 18.85 -25.55
848 14.5 -3.59
849 1.86 -15.57
850 1.41 -11.05
851 19.07 -12.09
852 7.99 -8.45
853 5.67 -19.62
854 5.06 -7.78
855 14.3 -16.37
856 3.76 -13.19
857 25.74 -10.98
858 12.2 -10.54
859 17.02 -22.78
860 25.07 -16.96
861 23.15 -2.34
862 21.41 -24.96
863 2.56 -16
864 25.09 -9.91
865 14.48 -23.94
866 10.04 -20.02
867 22 -7.55
868 1.17 -11.55
869 12.85 -1.67
870 11.56 -25.75
871 12.94 -20.67
872 5.65 -15.32
873 19.38 -6.2
874 2.99 -11.37
875 2.33 -10.4
876 12.74 -21.58
877 20.54 -19
878 9 -8.15
879 11.58 -23.1
880 14.57 -1.62
881 21.64 -0.06
882 7.61 -24.61
883 3.68 -17.64
884 19.31 -8.78
885 8.53 -16.53
886 11.2 -24.39
887 13.71 -14.99
888 21.2 -10.37
889 21.74 -7.09
890 11.02 -17.71
891 13.29 -17.6
892 10.6 -23.76
893 25.44 -1.35
894 17.98 -13.13
895 14.75 -11.02
896 11.09 -6.55
897 24.68 -10.39
898 2.04 -18.7
899 21.01 -2.36
900 12.41 -14.87
901 13.27 -3.54
902 12.06 -23.61
903 7.98 -20.5
904 21.12 -0.78
905 18.49 -23.24
906 14.84 -6.14
907 3.9 -25.3
908 0.65 -25.45
909 12.58 -22.86
910 7.89 -12.15
911 18.7 -1.33
912 5.24 -12.5
913 5.2 -10.9
914 13.26 -0.8
915 15.68 -0.21
916 23.28 -25.67
917 16.8 -22.47
918 16.97 -9.34
919 3.64 -18.3
920 15.55 -12.09
921 18.23 -22.13
922 14.95 -4.39
923 23.36 -15.66
924 12.52 -9.12
925 21.28 -9.94
926 4.79 -13.93
927 0.43 -7.5
928 18.41 -3.56
929 4.36 -25.16
930 18.89 -25.19
931 18.39 -20.04
932 16.51 -16.17
933 19.03 -9.19
934 1.5 -1.01
935 6.62 -22.67
936 12.32 -10.57
937 14.96 -18.38
938 8.04 -20.79
939 23.44 -5.85
940 9.31 -14.08
941 2.02 -12.24
942 19.74 -14.11
943 17.67 -21.97
944 21.13 -5.67
945 4.87 -15.55
946 9.6 -14.03
947 23.72 -23.26
948 25.97 -19.63
949 14.16 -16.76
950 6.95 -20.99
951 5.56 -20.79
952 13.17 -12.8
953 7.59 -14.05
954 19.9 -14.73
955 22.33 -24.55
956 10.79 -3.21
957 17.32 -17.87
958 13.85 -4.54
959 3.73 -2.51
960 18.07 -8.98
961 16.53 -8.6
962 25.38 -21.19
963 8.34 -14.26
964 24.54 -25.36
965 20.35 -22.51
966 10.82 -25.01
967 11.81 -19.44
968 7.49 -17.51
969 25.76 -12.93
970 11.48 -1.39
971 4.6 -22.09
972 13.97 -22.28
973 20.34 -15.45
974 11.48 -1.82
975 4.32 -24.07
976 0.2 -3.55
977 18.26 -20.86
978 2.64 -25.58
979 18.46 -0.61
980 16.64 -1.18
981 0.19 -6.34
982 25.78 -20.98
983 12.49 -5.53
984 18.46 -7.27
985 8.66 -12.25
986 8.34 -23.46
987 19.74 -13.26
988 22.23 -15.83
989 11.17 -7.6
990 25.2 -7.72
991 4.79 -15.5
992 3.88 -25.4
993 18.5 -23.06
994 17.19 -0.04
995 1.22 -4.49
996 10.83 -1.35
997 22.33 -20.93
998 19.98 -4.13
999 4.92 -8.82
1000 21.07 -12.44
1001 3.43 -13.58
1002 20.36 -22.93
1003 12.77 -23.17
1004 24.3 -10.12
1005 17.84 -23.94
1006 6.96 -23.5
1007 16.42 -22.63
1008 13.21 -4.36
1009 4.4 -2.44
1010 6.93 -23.92
1011 25.27 -25.14
1012 20.08 -11.28
1013 8.93 -21.6
1014 23.94 -7.58
1015 20.03 -13.85
1016 20.95 -12.53
1017 9.47 -16.98
1018 14.15 -8.84
1019 18.96 -15.76
1020 13.7 -5.97
1021 3.47 -10.8
1022 0.95 -14.19
1023 18.55 -13.41
1024 15.86 -14.17
1025 12.09 -22.96
1026 22.1 -16.31
1027 21.12 -4.89
1028 0.49 -9.7
1029 17.29 -4.05
1030 17.91 -24.44
1031 10.97 -4.84
1032 21.82 -6.38
1033 15.22 -13.96
1034 3.72 -3.49
1035 9.47 -8.18
1036 12.5 -10.95
1037 18.66 -6.46
1038 13.4 -13.46
1039 21.15 -11.21
1040 1.69 -3.26
1041 13.09 -0.76
1042 5.65 -17.32
1043 20.54 -8.21
1044 12.27 -6.15
1045 24.11 -11.83
1046 10.19 -23.7
1047 23.6 -2.6
1048 16.57 -25.53
1049 22.55 -12.83
1050 14.53 -13.81
1051 24.76 -25.54
1052 25.52 -1.04
1053 8.02 -17.42
1054 22.16 -12.92
1055 9.7 -3.17
1056 23.45 -17.37
1057 8.69 -22.8
1058 24.53 -3.11
1059 2.78 -3.24
1060 8.59 -4.32
1061 2.02 -0.89
1062 23.01 -12.31
1063 5.36 -25.63
1064 5.98 -13.58
1065 20.92 -1.91
1066 1.45 -20.51
1067 15.07 -13.2
1068 24.15 -0.98
1069 7.42 -23.09
1070 19.78 -20.31
1071 11.68 -17.13
1072 13.93 -17.24
1073 20.35 -13.9
1074 10.66 -5.98
1075 10.31 -16.65
1076 17.54 -19.25
1077 25.08 -12.33
1078 5.48 -14.55
1079 21.66 -4.45
1080 6.36 -4.98
1081 25.5 -16.58
1082 23.3 -1.34
1083 21.84 -8.09
1084 24.71 -21.45
1085 15.76 -3.26
1086 20.39 -18.49
1087 3.25 -20.97
1088 2.39 -1.84
1089 7.83 -17.12
1090 7.77 -13.05
1091 25.82 -18.14
1092 23.99 -18.83
1093 0.91 -24.91
1094 3.36 -23
1095 21.5 -22.57
1096 6.67 -3.24
1097 24.1 -14.52
1098 22.62 -23.49
1099 18.95 -19.94
1100 23.21 -21.33
1101 7.34 -2.23
1102 23.2 -11.12
1103 6.49 -10.6
1104 21.24 -25.59
1105 6.16 -7.84
1106 25.98 -3.02
1107 15.37 -5.99
1108 -4.9 -17.49
1109 -8.01 -16.28
1110 -6.37 -1.78
1111 -5.02 -3.52
1112 -18.04 -6.56
1113 -4.06 -22.65
1114 -16.59 -8.18
1115 -3.51 -23.01
1116 -25.24 -7.32
1117 -11.97 -4.38
1118 -14.98 -15.97
1119 -9.08 -18.46
1120 -0.3 -3.74
1121 -0.28 -15.25
1122 -21.24 -19.8
1123 -4.81 -15.66
1124 -25.46 -19.66
1125 -21.44 -12.83
1126 -9.87 -5.84
1127 -5.92 -19.98
1128 -16.63 -21.43
1129 -3.62 -9.98
1130 -0.51 -0.75
1131 -8.07 -0.65
1132 -5.03 -19.28
1133 -9.25 -20.04
1134 -12.5 -13.53
1135 -17.28 -11.85
1136 -1.1 -6.32
1137 -0.12 -11.08
1138 -0.74 -15.86
1139 -9.52 -24.46
1140 -11.29 -19.73
1141 -25.57 -4.96
1142 -24.95 -14.68
1143 -3.63 -5.49
1144 -9 -9.1
1145 -9.85 -7.25
1146 -1.43 -9.51
1147 -22.31 -11.45
1148 -5.49 -6.46
1149 -13.52 -5.56
1150 -10.94 -11.52
1151 -11.36 -4.8
1152 -9.4 -5.56
1153 -21.43 -11.49
1154 -9.95 -10.15
1155 -23.4 -24.47
1156 -3.44 -14.76
1157 -22.96 -22.97
1158 -21.98 -21.91
1159 -24.53 -0.59
1160 -1.37 -4.98
1161 -8.02 -8.39
1162 -19.84 -2.8
1163 -9.26 -4.33
1164 -3.42 -18.85
1165 -23.89 -22.78
1166 -21.1 -7.88
1167 -13.44 -9.26
1168 -14.27 -4.51
1169 -8.18 -8.87
1170 -0.87 -17.74
1171 -6.5 -5.58
1172 -22.07 -4.31
1173 -19.74 -22.98
1174 -23.57 -18.05
1175 -16.56 -18.27
1176 -20.18 -18.46
1177 -21.26 -18.1
1178 -15.95 -7.54
1179 -0.4 -24.05
1180 -20.83 -19.37
1181 -1.25 -17.81
1182 -1.07 -9.46
1183 -7.49 -8.22
1184 -10.61 -15.34
1185 -7.08 -15.67
1186 -14.77 -11.48
1187 -9.31 -7.1
1188 -4.08 -4.36
1189 -15.93 -3.05
1190 -14.85 -21.18
1191 -13.64 -6.49
1192 -18.11 -2.55
1193 -10.1 -2.43
1194 -0.48 -8.07
1195 -20.96 -4.02
1196 -21.83 -14.83
1197 -24.29 -15.74
1198 -23.96 -16.43
1199 -5.77 -5.78
1200 -14.97 -8.57
1201 -13.58 -6.38
1202 -13.48 -23.26
1203 -1.62 -22.89
1204 -25.95 -11.09
1205 -25.79 -17.56
1206 -17.57 -8.32
1207 -10.87 -13.43
1208 -15.86 -9.69
1209 -11.28 -14.49
1210 -12.03 -9.86
1211 -24.7 -6.24
1212 -21.98 -7.87
1213 -24.3 -22.99
1214 -22.3 -13.46
1215 -15.56 -23.59
1216 -3.97 -4.79
1217 -2.06 -3.14
1218 -0.03 -10.98
1219 -22.07 -23.2
1220 -8.28 -19.5
1221 -1.82 -21.86
1222 -2.81 -25.86
1223 -3.07 -6.22
1224 -20.71 -12.2
1225 -22.06 -14.35
1226 -14.11 -6.75
1227 -8.14 -20.76
1228 -11.28 -3.62
1229 -17.08 -25.96
1230 -17.07 -1.1
1231 -5.89 -6.64
1232 -3.3 -14.57
1233 -25.55 -1.47
1234 -24.68 -3.34
1235 -22.84 -15.14
1236 -4.52 -0.48
1237 -0.34 -18.19
1238 -17.93 -7.33
1239 -13.05 -22.93
1240 -4.8 -6.16
1241 -6.43 -2.64
1242 -16.92 -18.92
1243 -22.54 -14.57
1244 -8.05 -2.2
1245 -22.82 -13.62
1246 -13.79 -18.65
1247 -7.22 -2.72
1248 -23.71 -17.09
1249 -13.95 -6.77
1250 -15.43 -15.91
1251 -16.4 -4.32
1252 -16.03 -19.95
1253 -20.8 -10.26
1254 -7.2 -7.96
1255 -14.12 -7.86
1256 -4.02 -12
1257 -4.92 -14.08
1258 -2.65 -20.94
1259 -16.67 -20.98
1260 -8.61 -4.23
1261 -22.88 -13.49
1262 -9.73 -15.92
1263 -0.53 -23.62
1264 -4.39 -7.45
1265 -23.36 -8.01
1266 -5.85 -13.34
1267 -7.29 -13.76
1268 -24.03 -21.88
1269 -23.36 -2.09
1270 -3.47 -24.75
1271 -10.75 -5
1272 -19.08 -7.49
1273 -21.96 -9.2
1274 -4.18 -15.26
1275 -19.49 -12.63
1276 -19.64 -6.31
1277 -15.75 -9.89
1278 -7.51 -3.38
1279 -4.35 -16.29
1280 -17.82 -5.42
1281 -18.76 -1.71
1282 -15.48 -23.67
1283 -19.55 -19.57
1284 -21.66 -7.03
1285 -5.78 -16.91
1286 -21.91 -18.66
1287 -19.67 -10.05
1288 -12.77 -15
1289 -4.26 -15.63
1290 -21.78 -16.96
1291 -16.79 -17.27
1292 -20.68 -8.95
1293 -12.33 -6.55
1294 -16.36 -2.19
1295 -1.13 -16.68
1296 -11.91 -8.18
1297 -5.85 -13.41
1298 -6.98 -20.91
1299 -1.94 -18.92
1300 -3.35 -22.16
1301 -14.82 -1.24
1302 -4.82 -25.26
1303 -7.78 -8.5
1304 -17.65 -17.59
1305 -2.07 -5.56
1306 -16.35 -6.96
1307 -15.91 -18.87
1308 -25.42 -11.03
1309 -6.74 -21.76
1310 -5.96 -15.78
1311 -23.96 -1.39
1312 -14.8 -17.87
1313 -12.79 -23.33
1314 -16.25 -21.78
1315 -17.95 -8.25
1316 -3.02 -19.6
1317 -12.38 -0.29
1318 -2.31 -7.84
1319 -18.95 -13.69
1320 -19.25 -19.97
1321 -20.45 -21.03
1322 -13.9 -3.13
1323 -7.68 -10.36
1324 -6.12 -13.32
1325 -22.62 -14.43
1326 -9.34 -12.08
1327 -3.95 -20.58
1328 -11.43 -24.15
1329 -19.93 -10.26
1330 -18.52 -1.68
1331 -21.28 -5.4
1332 -5.7 -21.54
1333 -22.9 -1.18
1334 -14.87 -1.53
1335 -15.02 -15.85
1336 -4.4 -1.65
1337 -4.78 -9.47
1338 -19.83 -18.3
1339 -25.14 -12.46
1340 -20.41 -19.47
1341 -25.07 -21.76
1342 -9.86 -3.76
1343 -1.91 -22.55
1344 -6.81 -14.81
1345 -16.49 -15.36
1346 -14.29 -18.85
1347 -7.91 -5.29
1348 -6.48 -13.51
1349 -15.04 -4.81
1350 -14.19 -14.87
1351 -16.52 -4.07
1352 -13.54 -18.59
1353 -4.42 -21.3
1354 -1.29 -0.9
1355 -13.89 -3.56
1356 -18.85 -21.7
1357 -18.98 -12.97
1358 -9.52 -22.23
1359 -11.05 -14.41
1360 -23.3 -9.85
1361 -2.71 -21.06
1362 -0.36 -11.59
1363 -25.1 -10.62
1364 -8.96 -0.36
1365 -15.23 -7.66
1366 -11.73 -23.15
1367 -9.26 -25.28
1368 -20.58 -18.8
1369 -13.22 -13.68
1370 -10.77 -15.39
1371 -4.62 -1.11
1372 -7.6 -3.62
1373 -19.37 -23.6
1374 -5.54 -17.12
1375 -20.5 -4.42
1376 -19.01 -2.84
1377 -14.43 -23.21
1378 -7.83 -19.37
1379 -13.25 -7.05
1380 -8.23 -16.79
1381 -7.46 -22
1382 -21.28 -13.49
1383 -6.29 -16.73
1384 -4.41 -9.39
1385 -24.78 -13.03
1386 -7.66 -15.18
1387 -12.32 -3.4
1388 -20.53 -15.27
1389 -25.91 -25.22
1390 -23.16 -0.07
1391 -22.43 -20.41
1392 -11.14 -16.17
1393 -3.06 -4.38
1394 -4.95 -18.98
1395 -3.29 -16.31
1396 -12.32 -13.18
1397 -0.67 -4.28
1398 -21.01 -1.12
1399 -10.51 -0.48
1400 -13.51 -18.94
1401 -1.65 -2.82
1402 -25.74 -21.18
1403 -3.97 -7.49
1404 -6.71 -13.79
1405 -13.86 -23.4
1406 -11.34 -3.88
1407 -20.05 -3.81
1408 -8.19 -22.48
1409 -8.98 -23.12
1410 -6.95 -13.14
1411 -0.33 -5.8
1412 -10.08 -12.79
1413 -13.92 -1
1414 -1.49 -24.61
1415 -11.07 -17.95
1416 -14.29 -8.52
1417 -23.22 -6.24
1418 -13.74 -14.04
1419 -1.83 -20.71
1420 -18.12 -13.97
1421 -11.37 -9.22
1422 -13.03 -22.98
1423 -19.46 -5.43
1424 -22.07 -21.23
1425 -1.89 -21.97
1426 -1.77 -22.54
1427 -9.34 -2.22
1428 -22.75 -5.37
1429 -3.98 -16.78
1430 -8.73 -17.76
1431 -0.28 -15.05
1432 -14.82 -23.03
1433 -4.59 -23.51
1434 -11.74 -2.56
1435 -10.05 -6.42
1436 -9.16 -3.86
1437 -0.84 -21.43
1438 -0.86 -22.2
1439 -10.95 -13.83
1440 -9.8 -16.45
1441 -12.99 -6.36
1442 -8.59 -5.09
1443 -10.46 -15.85
1444 -6.63 -24.86
1445 -16.62 -14.44
1446 -23.01 -8.89
1447 -25.44 -16.9
1448 -7.93 -11.83
1449 -7.91 -4.03
1450 -3.97 -19.68
1451 -17.06 -17.97
1452 -13.4 -13.14
1453 -2.86 -11.43
1454 -25.26 -7.78
1455 -17.75 -7.33
1456 -13.69 -2.58
1457 -7.67 -4.74
1458 -14.12 -15.8
1459 -14.66 -18.13
1460 -0.09 -20.75
1461 -3.64 -5.28
1462 -15.71 -16.62
1463 -21.98 -3.08
1464 -0.63 -23.64
1465 -10.84 -3.89
1466 -15.38 -4.61
1467 -11.27 -1.91
1468 -6.86 -22.3
1469 -4.08 -14.13
1470 -14.98 -6.12
1471 -2.22 -21.83
1472 -20.1 -2.67
1473 -12 -3.41
1474 -21.54 -8.22
1475 -22.49 -0.66
1476 -25.47 -15.15
1477 -5.77 -19.66
1478 -16.26 -15.18
1479 -6.34 -21.27
1480 -18.69 -16.9
1481 -21.51 -10.71
1482 -6.14 -8.07
1483 -4.38 -6.78
1484 -14.43 -13
1485 -12.64 -1.98
1486 -17.34 -22.93
1487 -19.12 -14.86
1488 -18.27 -4.96
1489 -6.7 -5.12
1490 -25.31 -7.33
1491 -16 -3.19
1492 -22.85 -24.78
1493 -7.48 -21.77
1494 -10.57 -13.12
1495 -4.02 -7.34
1496 -18.05 -3.26
1497 -11.33 -19.05
1498 -19.35 -24.19
1499 -11.19 -9.23
1500 -4.74 -1.3
1501 -24.23 -17.35
1502 -25.73 -22.08
1503 -1.04 -17.35
1504 -22.48 -11.52
1505 -18.85 -7.74
1506 -4.45 -21.79
1507 -14.09 -8.85
1508 -24.15 -1.31
1509 -7.95 -21.57
1510 -2.91 -8.72
1511 -5.5 -5.49
1512 -24.54 -20.97
1513 -12.68 -16.83
1514 -19.59 -11.41
1515 -12.71 -17.4
1516 -8.75 -24.33
1517 -13.93 -10.94
1518 -2.29 -8.49
1519 -20.01 -14.97
1520 -16.23 -24.77
1521 -14.08 -6.39
1522 -15.24 -20.68
1523 -15.51 -2.17
1524 -23.74 -6.91
1525 -9.15 -23.46
1526 -2.95 -20.18
1527 -15.15 -14.65
1528 -25.01 -21.01
1529 -6.42 -21.35
1530 -12.75 -18.6
1531 -10.45 -19.13
1532 -4.07 -21.51
1533 -23.52 -24.38
1534 -6.87 -6.37
1535 -24.66 -17.53
1536 -17.44 -16.62
1537 -11.3 -12.75
1538 -14.92 -0.21
1539 -7.12 -0.82
1540 -17.8 -6.19
1541 -0.37 -16.28
1542 -24.45 -14.28
1543 -9.29 -9.04
1544 -4.39 -23.46
1545 -9.58 -15.72
1546 -2.37 -17.15
1547 -6.18 -20.03
1548 -11.93 -6.45
1549 -6.34 -3.7
1550 -14.75 -12.32
1551 -2.94 -5
1552 -11.27 -6.2
1553 -6.41 -14.25
1554 -8.59 -19.72
1555 -25.91 -13.53
1556 -23.33 -19.91
1557 -8.19 -19.8
1558 -2.84 -15.31
1559 -12.77 -11.01
1560 -0.73 -7.23
1561 -17.9 -15.88
1562 -3.43 -22.62
1563 -22.59 -24.08
1564 -1.78 -8.89
1565 -21.21 -2.93
1566 -1.46 -10.06
1567 -16.26 -24.16
1568 -5.93 -12.73
1569 -6.45 -22.67
1570 -3.72 -8.04
1571 -1.95 -25.88
1572 -19.68 -20.58
1573 -3.41 -10.15
1574 -21.16 -22.52
1575 -23.28 -9.7
1576 -25.58 -15.41
1577 -12.03 -15.18
1578 -6.79 -3.02
1579 -5.43 -8.63
1580 -5.08 -2.09
1581 -12.15 -0.64
1582 -24.8 -6.54
1583 -12.8 -2.41
1584 -18.6 -24.25
1585 -6.29 -12.77
1586 -12.66 -15.85
1587 -10.43 -8.25
1588 -11.92 -6.34
1589 -22.39 -7.36
1590 -17.06 -0.6
1591 -16.01 -19.67
1592 -2.37 -16.65
1593 -13.19 -21.56
1594 -23.71 -9.16
1595 -11.26 -18.62
1596 -19.26 -22.32
1597 -22.38 -23.41
1598 -19.35 -11.59
1599 -9.84 -9.18
1600 -21.96 -5.47
1601 -21.32 -16.14
1602 -24.39 -8.62
1603 -8.48 -25.27
1604 -6.63 -3.83
1605 -4.43 -4.87
1606 -24.54 -23.7
1607 -14.35 -13.96
1608 -3.04 -0.92
1609 -3.6 -21.06
1610 -13.68 -0.76
1611 -16.6 -14.86
1612 -5.8 -0.46
1613 -5.57 -12.98
1614 -22.17 -25.15
1615 -4.62 -15.42
1616 -25.08 -11.65
1617 -13.79 -19.47
1618 -18.74 -16.99
1619 -20.82 -22.27
1620 -1.15 -25.38
1621 -16.6 -25.25
1622 -13.21 -19.21
1623 -13.65 -24.47
1624 -19.53 -16.25
1625 -10.53 -17.26
1626 -25.64 -0.73
1627 -20.71 -1.13
1628 -7.64 -5.44
1629 -24.11 -0.29
1630 -9.23 -3.81
1631 -8.98 -22.26
1632 -15.73 -8.31
1633 -25.3 -22.77
1634 -12.56 -1.99
1635 -1.37 -20.12
1636 -12.89 -7.23
1637 -0.45 -11.49
1638 -9.96 -19.62
1639 -3.39 -7.62
1640 -24.88 -3.49
1641 -23.74 -7.45
1642 -8.58 -18.05
1643 -23.49 -18.46
1644 -12.27 -9.74
1645 -7.07 -15.13
1646 -4.91 -21.5
1647 -3.81 -16.05
1648 -12.82 -20.64
1649 -22.63 -3.11
1650 -16.75 -18.91
1651 -0.14 -17.53
1652 -3.02 -3.64
1653 -16.78 -0.59
1654 -1.74 -6.51
1655 -3.52 -20.17
1656 -1.62 -20.14
1657 -12.19 -1.27
1658 -13.25 -3.73
1659 -13.47 -3.21
1660 -11.86 -25.52
1661 -21.02 -20.55
1662 -10.6 16.77
1663 -11.41 24.83
1664 -21.46 16.95
1665 -3.38 1.56
1666 -12.61 12.21
1667 -9.37 3.52
1668 -23.64 9.16
1669 -15.67 0.15
1670 -20.32 25.38
1671 -19.52 19.19
1672 -13.98 15.47
1673 -19.2 25.24
1674 -2.45 1.23
1675 -20.27 0.19
1676 -20.74 14.31
1677 -5.08 15.29
1678 -7.64 24.87
1679 -9.34 10.01
1680 -5.09 3.1
1681 -15.31 12.72
1682 -16.24 17.71
1683 -0.87 18.2
1684 -18.35 7.4
1685 -6.78 10.06
1686 -22.77 6.2
1687 -21.67 19.83
1688 -19.07 10.76
1689 -5.51 8.39
1690 -8.58 15.04
1691 -22.87 25.79
1692 -8.6 22.85
1693 -21.72 21.47
1694 -5.48 16.25
1695 -19.35 24.58
1696 -4.82 4.09
1697 -21.8 2.19
1698 -20.39 14.58
1699 -21.99 16.19
1700 -19.77 12.75
1701 -12.47 2.77
1702 -16.12 16.55
1703 -20.83 8.14
1704 -16.53 9.19
1705 -17.75 19.86
1706 -19.65 25.11
1707 -15.48 14.62
1708 -10.09 21.78
1709 -12.03 11.2
1710 -3.3 9.09
1711 -6.71 24.9
1712 -1.09 8.12
1713 -16.23 2.51
1714 -12.23 15.01
1715 -21.28 12.22
1716 -8.51 6
1717 -16.07 7.75
1718 -15.89 24.64
1719 -1.35 4.42
1720 -24.29 25.94
1721 -18.57 19.11
1722 -1.25 17.94
1723 -13.72 8.06
1724 -12.78 4.87
1725 -7.48 19.27
1726 -18.18 9.61
1727 -11.25 14.19
1728 -10.23 12.79
1729 -1.8 1.48
1730 -13.7 22.46
1731 -21.98 23.08
1732 -4.83 15.74
1733 -7.9 5.58
1734 -10 14.24
1735 -7.7 9.25
1736 -21.88 8.29
1737 -19.76 19.8
1738 -21.38 16.66
1739 -21.53 1
1740 -20.28 8.16
1741 -11.29 22.53
1742 -10.73 5.98
1743 -18.77 22.55
1744 -24.03 20.96
1745 -10.94 20.58
1746 -11.18 5.26
1747 -14.52 0.44
1748 -6.02 9.54
1749 -17.3 22.42
1750 -25.19 9.55
1751 -17.84 25.01
1752 -12.33 14.6
1753 -5.26 5.12
1754 -6.13 7.71
1755 -15.87 20.31
1756 -16.84 19.93
1757 -25.91 1.17
1758 -17.24 21.09
1759 -9.57 12.2
1760 -0.3 15.27
1761 -14.05 14.03
1762 -14.48 11.49
1763 -14.55 2.57
1764 -24.99 14.02
1765 -23.57 5.85
1766 -24.38 17.71
1767 -6.31 8.94
1768 -14.06 10.71
1769 -18.42 11.57
1770 -25.4 13.71
1771 -1.16 1.82
1772 -22.51 9.76
1773 -4.86 1.07
1774 -6.8 13.75
1775 -22.54 14.43
1776 -21.99 7.1
1777 -12.11 10.6
1778 -6.69 10.47
1779 -18.01 0.66
1780 -6.52 25.21
1781 -16.92 9.11
1782 -11.57 4.9
1783 -9.14 23.23
1784 -8.8 19.15
1785 -6.87 21.08
1786 -22.9 1.72
1787 -11.48 8.03
1788 -2.63 19.41
1789 -0.68 16.34
1790 -24.3 9.43
1791 -10.05 23.23
1792 -1.35 20.29
1793 -24.28 22.17
1794 -22.83 8.04
1795 -0.77 16.29
1796 -18.92 22.87
1797 -21.3 17.69
1798 -14.92 4.49
1799 -23.65 4.44
1800 -25.52 17.24
1801 -18.96 24.04
1802 -25.59 15.95
1803 -2.88 4.45
1804 -14.31 2.22
1805 -5.17 3.57
1806 -20.32 6.13
1807 -19.94 15.23
1808 -4.92 21.67
1809 -23.23 18.22
1810 -2.04 1.75
1811 -24.63 24.01
1812 -15.7 20.96
1813 -18.98 13.45
1814 -17.89 24.15
1815 -15.39 16.63
1816 -8.19 10.93
1817 -0.88 1.88
1818 -25.85 7.78
1819 -3.53 3.77
1820 -0.86 7.68
1821 -13.82 8.7
1822 -17.45 21.18
1823 -10.37 7.76
1824 -25.99 22.37
1825 -17.65 1.12
1826 -18.65 21.55
1827 -10.03 9.8
1828 -23.25 1.88
1829 -0.03 3.01
1830 -13.16 8.66
1831 -19.59 8.94
1832 -4.34 21.35
1833 -3.14 14
1834 -11.29 4.19
1835 -11.88 6.67
1836 -8.89 12.15
1837 -0.85 25.7
1838 -0.98 0.35
1839 -16.24 4.74
1840 -5.86 20.49
1841 -16.04 7.89
1842 -17.69 24.52
1843 -19.92 0.08
1844 -3.09 14.94
1845 -23.6 19.95
1846 -22.41 16.26
1847 -5.13 10.72
1848 -24.72 0.76
1849 -24.47 8.27
1850 -8.46 3.53
1851 -9.2 10.35
1852 -3.57 10.88
1853 -11.23 10.05
1854 -14.79 4.56
1855 -18.57 1.47
1856 -2.89 14.17
1857 -6.21 8.62
1858 -8.7 20.58
1859 -3.05 0.13
1860 -13.6 5.31
1861 -15.09 0.65
1862 -4.89 10.02
1863 -10.78 20.23
1864 -22.02 23.13
1865 -0.66 9.25
1866 -13.13 4.49
1867 -15.37 9.86
1868 -19.91 10.22
1869 -8.3 20.12
1870 -15.11 2.22
1871 -9.92 0.88
1872 -9.5 18
1873 -6.11 16.13
1874 -9.79 11.72
1875 -17.03 9.16
1876 -9.81 23.39
1877 -7.41 25.65
1878 -19.88 8.23
1879 -5.36 11.71
1880 -14.49 15.9
1881 -13.91 6.03
1882 -15.89 1.62
1883 -5.36 3.28
1884 -16.92 3.33
1885 -25.07 13.67
1886 -14.55 6.04
1887 -17.56 8.99
1888 -18.65 24.05
1889 -3.29 23.67
1890 -6.83 2.44
1891 -25.83 20.32
1892 -13.49 10.17
1893 -18.4 0.77
1894 -12.48 7.37
1895 -16.8 23.76
1896 -3.79 0.97
1897 -22.11 4.71
1898 -1.52 13.21
1899 -10.06 1.48
1900 -15.15 11.96
1901 -18 9.13
1902 -11.65 23.22
1903 -21.27 3.09
1904 -0.76 4.3
1905 -0.26 24.56
1906 -12.4 1.12
1907 -4.81 0.09
1908 -0.86 25.9
1909 -0.79 23.21
1910 -14.49 13.35
1911 -7.84 17.59
1912 -15.83 11.81
1913 -25.02 23.48
1914 -18.48 10.87
1915 -22.83 2.6
1916 -5.25 1.15
1917 -24.37 8.36
1918 -11.45 16.9
1919 -14.72 19.64
1920 -11.72 5.73
1921 -0.37 14.98
1922 -8.6 17.64
1923 -11.06 5.18
1924 -2.39 9.46
1925 -16.33 11.86
1926 -22.97 10.41
1927 -22.22 17.7
1928 -15.18 12.8
1929 -17.19 14.76
1930 -17.36 1.18
1931 -2.33 14.03
1932 -22.39 16.13
1933 -7.04 0.7
1934 -20.34 1.36
1935 -7.09 15.28
1936 -4.27 25.58
1937 -17.22 7.47
1938 -6.17 6.39
1939 -15.85 2.29
1940 -7.67 2.09
1941 -12.5 25.71
1942 -17.41 4.64
1943 -10.97 8.72
1944 -17 0.11
1945 -1.29 2.16
1946 -16.19 1.88
1947 -18.01 3.62
1948 -4.32 6.1
1949 -7.46 25.05
1950 -7.86 18.18
1951 -11.28 8.08
1952 -15.55 5.65
1953 -12.04 2.5
1954 -24.31 21.72
1955 -23.81 1.89
1956 -1.6 25.5
1957 -23.67 3.83
1958 -6.07 12.53
1959 -12.64 8.64
1960 -4.32 23.07
1961 -24.95 7.45
1962 -11.07 14.04
1963 -13.66 16.97
1964 -9.54 8.91
1965 -20.61 21.13
1966 -3.21 17.4
1967 -16.57 5.89
1968 -1.92 12.28
1969 -1.52 2.61
1970 -24.03 19.75
1971 -19.26 18.86
1972 -22.69 25.63
1973 -5.69 16.93
1974 -19.09 2.77
1975 -19.36 11.85
1976 -19.31 16.93
1977 -24.49 18.32
1978 -2.81 23.9
1979 -0.34 12.16
1980 -7.29 5.87
1981 -16.8 20.95
1982 -20.37 4.02
1983 -16.3 7.37
1984 -9.99 22.29
1985 -9.56 17.82
1986 -10.68 8.02
1987 -1.17 2.82
1988 -13.27 0.9
1989 -3.67 6.86
1990 -12.24 25.88
1991 -10.34 23.03
1992 -8.87 25.07
1993 -16.49 8.83
1994 -20.99 11.68
1995 -17.56 16.83
1996 -5.31 21.8
1997 -25.82 8.36
1998 -15.73 25.68
1999 -15.49 16.12
2000 -1.47 19.24
2001 -1.26 18.57
2002 -21.4 5.67
2003 -6.57 21.96
2004 -22.34 2.19
2005 -21.6 3.76
2006 -0.8 8.58
2007 -7.65 5.94
2008 -14.77 3.19
2009 -14.88 17.67
2010 -8.5 3.29
2011 -25.09 25.96
2012 -1.84 7.33
2013 -0.53 18.44
2014 -2.08 11.09
2015 -4.34 9.54
2016 -2.12 3.55
2017 -2.75 25.12
2018 -21.08 17.04
2019 -19.23 9.32
2020 -13.09 17.43
2021 -19.53 8.35
2022 -14.29 7.41
2023 -10.6 1.19
2024 -12.38 22.59
2025 -19.4 19
2026 -12.48 20.88
2027 -21.74 12.01
2028 -4.45 7.84
2029 -18.94 22.27
2030 -5.82 6.54
2031 -3.61 16.8
2032 -9.44 7.94
2033 -18.5 6.36
2034 -15.69 4.53
2035 -15.48 11.73
2036 -13.61 22.3
2037 -23.23 9.01
2038 -3.72 21.42
2039 -11.53 1.35
2040 -13.88 16.1
2041 -4.51 4.93
2042 -16.95 0.36
2043 -8.21 0.25
2044 -16.04 21.4
2045 -21.46 20.67
2046 -4.99 15.38
2047 -16.84 25.08
2048 -5.44 14.43
2049 -12.48 9.34
2050 -14.6 14.65
2051 -10.95 1.96
2052 -4.5 2.21
2053 -23.63 1.7
2054 -3.06 1.74
2055 -17.85 9.17
2056 -7.62 16.94
2057 -17.3 15.88
2058 -9.65 24.57
2059 -13.5 19.03
2060 -7.22 19.21
2061 -8.6 8.96
2062 -8.04 5.73
2063 -20.17 25.44
2064 -2.31 7.01
2065 -21.66 0.17
2066 -2.14 16.91
2067 -12.64 0.14
2068 -1.84 0.16
2069 -1.9 3.79
2070 -6.48 24.42
2071 -15.36 13.27
2072 -3.15 14.11
2073 -6.2 0.19
2074 -12.74 6.32
2075 -25.54 19.7
2076 -2.67 19.97
2077 -25.7 1.66
2078 -20.62 4.23
2079 -4.76 13.39
2080 -13.57 22.93
2081 -7.36 19.95
2082 -20.09 9.23
2083 -9.39 20
2084 -23.8 15.45
2085 -13.88 4.81
2086 -11.61 23.8
2087 -11.91 22.76
2088 -22.95 8.28
2089 -14.61 18.12
2090 -5.34 9.7
2091 -23.19 7.67
2092 -9.33 1.53
2093 -25.29 22.89
2094 -3.81 3.95
2095 -0.89 4.05
2096 -24 17.38
2097 -20.13 1.77
2098 -21.78 11.61
2099 -20.59 23.04
2100 -1.85 13.1
2101 -4.42 1.99
2102 -24.75 13.46
2103 -21.75 16.34
2104 -1.98 21.71
2105 -24.93 3.88
2106 -11.55 0.84
2107 -2.38 22.12
2108 -12.53 20.88
2109 -18.35 1.67
2110 -25.24 16.34
2111 -1.24 19.24
2112 -14.54 23.25
2113 -2.38 21.37
2114 -18.41 3.84
2115 -16.94 22.97
2116 -18.48 13.79
2117 -20.77 21.36
2118 -5.22 17.24
2119 -6.47 10.04
2120 -13.92 0.72
2121 -1.57 5.4
2122 -21.04 25.47
2123 -13.87 3.95
2124 -25.14 7.57
2125 -17.44 6.23
2126 -18.99 24.38
2127 -15.15 18.68
2128 -7.58 7.53
2129 -11.37 11.06
2130 -8.03 25.99
2131 -7.3 21.83
2132 -10.72 20.04
2133 -11.28 2.08
2134 -12.12 9.46
2135 -10.19 11.27
2136 -10.19 0.05
2137 -19.04 5.28
2138 -9.23 5.23
2139 -12.8 0.44
2140 -0.19 1.89
2141 -19.79 4.24
2142 -16.45 19.18
2143 -20.24 8.95
2144 -20.01 24.03
2145 -17.54 25.13
2146 -14.49 21.56
2147 -15.6 24.85
2148 -0.93 18.73
2149 -2.19 20.4
2150 -25.19 6.57
2151 -6.62 5.9
2152 -11.18 9.38
2153 -14.61 19.19
2154 -19.63 13.93
2155 -9.34 20.94
2156 -18.7 19.82
2157 -6.52 3.14
2158 -12.09 9.15
2159 -0.7 20.28
2160 -19.42 25.62
2161 -14.7 11.77
2162 -10.62 1.43
2163 -20.16 4.31
2164 -18.23 5.07
2165 -11.64 15.87
2166 -15.3 17.43
2167 -20.33 11.79
2168 -4.98 20
2169 -7.94 8.95
2170 -3.89 18.13
2171 -11.95 10.8
2172 -13.94 16.11
2173 -25.27 11.99
2174 -6.28 19.55
2175 -19.17 19.49
2176 -5.26 19.22
2177 -20.65 7.88
2178 -5.71 9.4
2179 -14.47 8.33
2180 -17.72 17.46
2181 -8.89 19.64
2182 -5.43 7.02
2183 -1.03 22.75
2184 -5.7 3.93
2185 -22.06 2.49
2186 -13.29 3.11
2187 -19.22 1.53
2188 -13.52 20.76
2189 -14.31 12.01
2190 -25.03 13.32
2191 -6.54 7.49
2192 -8.89 4.29
2193 -7.22 20.71
2194 -22.56 8.12
2195 -25.58 15.21
2196 -8.85 14.29
2197 -14.83 2
2198 -24.75 7.8
2199 -5.25 9.38
2200 -11.87 23.97
2201 -1.08 20.83
2202 -22.36 18.69
2203 -13.45 13.82
2204 -19.36 3.41
2205 -16.73 21.28
2206 -22.29 18.39
2207 -16.2 16.8
2208 -11.51 5.18
2209 -13.3 23.42
2210 -12.64 8.08
2211 -22.37 6.41
2212 -8.41 15.01
2213 -16.34 4.72
2214 -14.11 7.16
2215 -5.13 21.59
2216 73.5427 54.2527
2217 53.5427 27.6127
2218 42.5427 59.2627
2219 50.5427 60.5127
2220 30.5427 59.8827
2221 38.5427 43.8027
2222 65.5427 56.5127
2223 40.5427 81.0327
2224 66.5427 54.9127
2225 47.5427 61.7427
2226 70.5427 46.7327
2227 42.5427 54.5327
2228 40.5427 64.8327
2229 79.5427 28.6627
2230 69.5427 36.6627
2231 50.5427 76.2127
2232 56.5427 53.4127
2233 69.5427 39.5827
2234 65.5427 40.2427
2235 64.5427 59.1127
2236 81.5427 28.3427
2237 62.5427 43.1827
2238 77.5427 43.7127
2239 74.5427 35.1027
2240 43.5427 45.8527
2241 27.5427 35.8727
2242 82.5427 30.4427
2243 59.5427 46.5727
2244 61.5427 37.0027
2245 52.5427 55.6827
2246 70.5427 60.7727
2247 56.5427 40.0027
2248 47.5427 49.6327
2249 49.5427 29.7527
2250 27.5427 26.5827
2251 48.5427 68.9027
2252 40.5427 65.7227
2253 37.5427 68.1527
2254 53.5427 44.2027
2255 28.5427 45.9627
2256 74.5427 31.0127
2257 51.5427 72.5327
2258 62.5427 41.6527
2259 61.5427 38.1127
2260 31.5427 72.7527
2261 78.5427 46.7327
2262 40.5427 26.6027
2263 52.5427 61.1227
2264 42.5427 72.7527
2265 81.5427 34.0027
2266 38.5427 70.1727
2267 75.5427 34.1627
2268 79.5427 32.8927
2269 77.5427 30.2327
2270 64.5427 55.9927
2271 70.5427 55.0427
2272 41.5427 43.4427
2273 36.5427 75.3627
2274 71.5427 50.0927
2275 51.5427 51.6427
2276 35.5427 39.6927
2277 27.5427 75.7927
2278 62.5427 57.5327
2279 28.5427 54.4227
2280 61.5427 61.7027
2281 71.5427 34.0427
2282 62.5427 62.7627
2283 60.5427 58.1827
2284 41.5427 35.9327
2285 41.5427 60.6527
2286 67.5427 41.5427
2287 43.5427 50.3527
2288 72.5427 42.6927
2289 36.5427 38.9727
2290 58.5427 58.1327
2291 69.5427 56.0527
2292 57.5427 55.4127
2293 34.5427 50.0227
2294 73.5427 50.1527
2295 48.5427 35.6527
2296 52.5427 55.2927
2297 59.5427 37.1427
2298 32.5427 44.3127
2299 79.5427 33.6127
2300 80.5427 42.6827
2301 77.5427 30.1127
2302 72.5427 42.8527
2303 39.5427 49.1127
2304 81.5427 36.6027
2305 71.5427 28.7527
2306 44.5427 44.0827
2307 41.5427 73.4627
2308 62.5427 50.5527
2309 46.5427 71.8527
2310 75.5427 26.8227
2311 37.5427 53.9727
2312 38.5427 34.6127
2313 65.5427 49.5927
2314 55.5427 60.8627
2315 41.5427 65.5927
2316 65.5427 60.8427
2317 66.5427 45.6627
2318 63.5427 50.5927
2319 49.5427 38.6627
2320 46.5427 64.2427
2321 35.5427 77.8327
2322 29.5427 73.1227
2323 32.5427 28.2327
2324 49.5427 33.6727
2325 66.5427 54.2827
2326 70.5427 33.4927
2327 35.5427 64.0427
2328 56.5427 70.2727
2329 59.5427 52.4527
2330 29.5427 65.2227
2331 56.5427 35.5727
2332 43.5427 72.1627
2333 55.5427 64.1827
2334 52.5427 49.4327
2335 59.5427 43.8627
2336 66.5427 46.1627
2337 28.5427 49.9327
2338 68.5427 54.3727
2339 42.5427 60.8627
2340 36.5427 60.6627
2341 26.5427 74.9627
2342 52.5427 42.7727
2343 79.5427 29.6827
2344 59.5427 49.5427
2345 45.5427 28.0727
2346 80.5427 30.5527
2347 63.5427 66.2427
2348 47.5427 62.8227
2349 38.5427 62.3727
2350 80.5427 42.1827
2351 37.5427 55.3427
2352 31.5427 60.3127
2353 81.5427 39.5327
2354 65.5427 34.8527
2355 58.5427 52.1427
2356 55.5427 34.9127
2357 32.5427 74.5727
2358 26.5427 75.0127
2359 57.5427 54.1527
2360 33.5427 81.7627
2361 55.5427 52.7327
2362 27.5427 79.8127
2363 45.5427 56.4427
2364 37.5427 52.3127
2365 71.5427 55.3027
2366 77.5427 40.9527
2367 30.5427 67.7327
2368 55.5427 49.3327
2369 48.5427 39.3627
2370 42.5427 78.5527
2371 62.5427 42.5927
2372 71.5427 41.0427
2373 45.5427 43.5727
2374 29.5427 40.3127
2375 65.5427 61.0327
2376 28.5427 64.8427
2377 41.5427 26.8027
2378 79.5427 27.1227
2379 43.5427 68.7027
2380 66.5427 30.4927
2381 41.5427 51.8227
2382 62.5427 40.5427
2383 76.5427 53.0927
2384 47.5427 45.7227
2385 78.5427 29.9527
2386 71.5427 36.3827
2387 27.5427 68.6427
2388 42.5427 59.0927
2389 80.5427 30.9027
2390 72.5427 46.8327
2391 73.5427 55.3827
2392 33.5427 63.0727
2393 53.5427 30.7527
2394 82.5427 26.8627
2395 53.5427 47.0527
2396 34.5427 74.8427
2397 59.5427 63.1727
2398 47.5427 63.8627
2399 38.5427 37.1627
2400 42.5427 37.6627
2401 81.5427 32.7627
2402 81.5427 37.5727
2403 55.5427 56.3727
2404 61.5427 57.5227
2405 36.5427 60.4927
2406 48.5427 75.5827
2407 58.5427 48.9427
2408 47.5427 35.4927
2409 33.5427 70.7927
2410 31.5427 80.0527
2411 45.5427 54.6027
2412 62.5427 26.6327
2413 42.5427 40.1927
2414 63.5427 28.4627
2415 27.5427 73.9727
2416 79.5427 26.8927
2417 75.5427 35.0627
2418 40.5427 52.5727
2419 26.5427 51.5527
2420 32.5427 42.6027
2421 43.5427 76.3527
2422 52.5427 56.8227
2423 58.5427 36.7827
2424 36.5427 32.4127
2425 69.5427 44.0827
2426 75.5427 34.8027
2427 54.5427 30.2627
2428 42.5427 42.8827
2429 70.5427 49.3427
2430 75.5427 32.2327
2431 67.5427 56.8827
2432 46.5427 55.4827
2433 40.5427 28.0127
2434 39.5427 36.2827
2435 54.5427 47.5627
2436 67.5427 42.9827
2437 33.5427 61.0127
2438 80.5427 36.6327
2439 60.5427 57.5427
2440 80.5427 42.7427
2441 49.5427 62.4127
2442 68.5427 46.2127
2443 76.5427 26.9227
2444 40.5427 34.0327
2445 72.5427 38.3327
2446 28.5427 73.0127
2447 36.5427 56.8027
2448 48.5427 47.0627
2449 42.5427 41.4827
2450 41.5427 35.2727
2451 39.5427 28.6427
2452 75.5427 46.8627
2453 68.5427 49.0127
2454 45.5427 53.3427
2455 38.5427 79.4827
2456 82.5427 27.0827
2457 64.5427 37.5827
2458 31.5427 31.9927
2459 59.5427 52.2927
2460 39.5427 82.1927
2461 68.5427 48.7027
2462 37.5427 28.7427
2463 38.5427 26.6327
2464 78.5427 40.7427
2465 69.5427 62.0427
2466 58.5427 62.5427
2467 52.5427 32.6927
2468 62.5427 55.7627
2469 55.5427 30.8427
2470 57.5427 29.1627
2471 73.5427 29.6227
2472 78.5427 44.1227
2473 72.5427 31.4427
2474 29.5427 33.6027
2475 78.5427 35.0327
2476 30.5427 33.7527
2477 32.5427 77.4227
2478 74.5427 37.6627
2479 34.5427 60.2027
2480 33.5427 83.0727
2481 39.5427 78.3127
2482 36.5427 64.8327
2483 49.5427 46.4427
2484 77.5427 41.1327
2485 46.5427 48.6127
2486 38.5427 67.9927
2487 72.5427 45.4427
2488 81.5427 35.8527
2489 66.5427 38.1327
2490 58.5427 53.0027
2491 60.5427 42.6727
2492 57.5427 44.8027
2493 37.5427 27.6727
2494 60.5427 67.5827
2495 68.5427 33.7627
2496 71.5427 55.4927
2497 82.5427 33.1727
2498 80.5427 30.0327
2499 47.5427 41.8327
2500 75.5427 48.7927
2501 74.5427 44.3627
2502 53.5427 69.0927
2503 71.5427 49.3327
2504 73.5427 55.0627
2505 68.5427 63.8127
2506 49.5427 40.5327
2507 44.5427 68.2427
2508 61.5427 51.0127
2509 62.5427 31.2227
2510 33.5427 34.1627
2511 71.5427 48.1427
2512 62.5427 56.4927
2513 52.5427 30.4127
2514 51.5427 37.8227
2515 50.5427 56.5827
2516 49.5427 44.1027
2517 80.5427 36.8327
2518 53.5427 70.1227
2519 60.5427 31.5527
2520 56.5427 47.0427
2521 81.5427 27.6827
2522 81.5427 37.2727
2523 76.5427 28.3427
2524 71.5427 59.2227
2525 46.5427 31.7727
2526 36.5427 47.9727
2527 49.5427 69.4627
2528 37.5427 44.1327
2529 48.5427 42.4027
2530 41.5427 73.0127
2531 55.5427 33.4827
2532 78.5427 27.8327
2533 73.5427 41.7227
2534 70.5427 57.8927
2535 81.5427 31.5727
2536 69.5427 37.0627
2537 39.5427 35.9327
2538 55.5427 47.0727
2539 59.5427 27.5227
2540 78.5427 33.2627
2541 71.5427 57.1027
2542 63.5427 32.1127
2543 37.5427 67.1227
2544 62.5427 67.8227
2545 29.5427 60.1127
2546 81.5427 29.9327
2547 74.5427 49.3727
2548 60.5427 54.8427
2549 42.5427 60.6327
2550 47.5427 35.7927
2551 64.5427 29.5627
2552 70.5427 28.3527
2553 50.5427 36.6027
2554 58.5427 65.6727
2555 76.5427 29.6227
2556 71.5427 37.8427
2557 35.5427 49.5927
2558 35.5427 72.6627
2559 60.5427 51.6227
2560 39.5427 40.6527
2561 81.5427 28.7427
2562 55.5427 62.2627
2563 32.5427 55.2627
2564 28.5427 69.1027
2565 69.5427 49.7327
2566 54.5427 69.9927
2567 32.5427 67.1627
2568 76.5427 50.7027
2569 58.5427 59.1427
2570 47.5427 57.7927
2571 38.5427 35.7327
2572 33.5427 39.8627
2573 62.5427 50.0127
2574 27.5427 36.9327
2575 47.5427 39.4327
2576 35.5427 69.2727
2577 68.5427 32.5927
2578 51.5427 71.7027
2579 45.5427 58.5427
2580 31.5427 43.1227
2581 52.5427 38.1227
2582 71.5427 47.4727
2583 75.5427 53.3527
2584 79.5427 41.9627
2585 49.5427 59.9727
2586 34.5427 40.1627
2587 54.5427 61.2927
2588 58.5427 58.9227
2589 50.5427 73.9827
2590 78.5427 33.8327
2591 32.5427 32.8527
2592 50.5427 29.0127
2593 28.5427 83.0627
2594 41.5427 57.6827
2595 79.5427 36.9427
2596 69.5427 59.7727
2597 39.5427 29.8227
2598 72.5427 44.2627
2599 71.5427 37.8427
2600 30.5427 82.1027
2601 29.5427 27.3927
2602 47.5427 46.8927
2603 29.5427 63.7127
2604 39.5427 31.4027
2605 71.5427 36.0827
2606 58.5427 29.5327
2607 39.5427 54.2427
2608 45.5427 31.2927
2609 50.5427 56.6727
2610 78.5427 37.3227
2611 40.5427 60.6827
2612 44.5427 75.1127
2613 55.5427 70.2527
2614 74.5427 56.1127
2615 75.5427 51.0127
2616 29.5427 80.8127
2617 49.5427 30.3727
2618 28.5427 75.9927
2619 79.5427 42.9427
2620 55.5427 37.2027
2621 50.5427 38.5327
2622 37.5427 81.8627
2623 62.5427 53.1727
2624 53.5427 60.5027
2625 50.5427 36.5127
2626 66.5427 40.4127
2627 46.5427 57.8327
2628 50.5427 32.6427
2629 66.5427 54.3127
2630 67.5427 39.5927
2631 52.5427 56.3827
2632 29.5427 26.6227
2633 54.5427 40.0127
2634 36.5427 33.2727
2635 64.5427 45.4327
2636 50.5427 30.3927
2637 45.5427 31.1127
2638 44.5427 32.6427
2639 67.5427 41.3127
2640 44.5427 51.5527
2641 69.5427 49.4027
2642 47.5427 67.4427
2643 60.5427 55.3827
2644 41.5427 36.2127
2645 61.5427 46.2627
2646 34.5427 36.4327
2647 29.5427 54.5927
2648 55.5427 74.3027
2649 60.5427 72.0927
2650 40.5427 36.4927
2651 80.5427 33.4727
2652 78.5427 42.3927
2653 76.5427 48.0427
2654 73.5427 51.7627
2655 60.5427 30.6027
2656 28.5427 62.0827
2657 51.5427 51.7027
2658 69.5427 37.1327
2659 38.5427 81.0327
2660 61.5427 63.2027
2661 60.5427 47.5327
2662 53.5427 28.3127
2663 41.5427 26.6027
2664 54.5427 49.6627
2665 39.5427 35.1327
2666 65.5427 45.1227
2667 82.5427 28.9327
2668 29.5427 43.5627
2669 49.5427 28.4427
2670 53.5427 48.7227
2671 44.5427 48.5527
2672 46.5427 68.4727
2673 78.5427 26.7527
2674 47.5427 38.2427
2675 67.5427 46.3327
2676 72.5427 38.4527
2677 28.5427 81.9927
2678 40.5427 50.9227
2679 57.5427 63.8027
2680 67.5427 65.1827
2681 29.5427 32.6327
2682 56.5427 50.4427
2683 59.5427 56.7127
2684 37.5427 54.9327
2685 28.5427 70.2427
2686 41.5427 53.6327
2687 52.5427 47.8727
2688 48.5427 70.4627
2689 43.5427 33.0927
2690 46.5427 71.7827
2691 28.5427 46.5827
2692 45.5427 46.7127
2693 51.5427 69.9027
2694 64.5427 50.0627
2695 61.5427 52.1227
2696 44.5427 46.0627
2697 47.5427 26.9327
2698 26.5427 60.7127
2699 67.5427 60.9427
2700 38.5427 39.7027
2701 34.5427 66.7127
2702 48.5427 47.3927
2703 47.5427 58.8627
2704 56.5427 42.5927
2705 32.5427 50.9827
2706 66.5427 56.8027
2707 28.5427 57.5127
2708 55.5427 64.0327
2709 38.5427 70.5827
2710 27.5427 47.5327
2711 49.5427 36.7227
2712 71.5427 34.3627
2713 54.5427 29.5327
2714 26.5427 70.7127
2715 41.5427 43.1327
2716 57.5427 48.0727
2717 65.5427 38.1727
2718 26.5427 76.3327
2719 42.5427 50.2127
2720 44.5427 35.4127
2721 66.5427 62.7127
2722 73.5427 43.1827
2723 62.5427 68.6727
2724 71.5427 39.5327
2725 46.5427 70.2127
2726 81.5427 35.3827
2727 67.5427 57.6127
2728 57.5427 32.0027
2729 32.5427 53.2427
2730 26.5427 29.0327
2731 29.5427 28.5627
2732 70.5427 43.1227
2733 69.5427 53.4627
2734 64.5427 31.1927
2735 75.5427 51.7927
2736 68.5427 64.2927
2737 42.5427 33.7527
2738 60.5427 56.1127
2739 53.5427 45.6027
2740 29.5427 27.5827
2741 69.5427 54.6527
2742 60.5427 58.6527
2743 45.5427 47.6127
2744 82.5427 30.8227
2745 58.5427 33.7927
2746 31.5427 76.6427
2747 56.5427 69.8527
2748 79.5427 36.5127
2749 37.5427 81.1127
2750 78.5427 43.4127
2751 59.5427 37.7227
2752 37.5427 47.3127
2753 54.5427 60.6027
2754 5.54273 37.8027
2755 -15.4573 32.4827
2756 21.5427 54.9227
2757 25.5427 77.2527
2758 -5.45727 39.8227
2759 -12.4573 65.1627
2760 5.54273 39.1327
2761 -20.4573 32.4027
2762 17.5427 35.2127
2763 -24.4573 45.4427
2764 14.5427 44.4727
2765 11.5427 62.8427
2766 -14.4573 47.8827
2767 23.5427 58.0127
2768 10.5427 33.9427
2769 10.5427 59.5127
2770 21.5427 56.2027
2771 5.54273 62.0327
2772 20.5427 77.0827
2773 -14.4573 53.6327
2774 9.54273 76.5727
2775 -17.4573 56.4527
2776 -27.4573 31.1327
2777 -13.4573 66.9127
2778 -3.45727 71.0227
2779 24.5427 50.4927
2780 12.5427 58.8527
2781 1.54273 43.2827
2782 -14.4573 47.2827
2783 -0.45727 55.8327
2784 -8.45727 62.2827
2785 13.5427 78.8727
2786 22.5427 70.7727
2787 0.54273 52.5427
2788 -4.45727 26.6127
2789 3.54273 31.6527
2790 -23.4573 35.3527
2791 -19.4573 38.3227
2792 -18.4573 27.8727
2793 -1.45727 46.2527
2794 -11.4573 32.5227
2795 -9.45727 51.7627
2796 3.54273 48.4727
2797 0.54273 61.5027
2798 -21.4573 26.7527
2799 3.54273 77.4027
2800 11.5427 74.1027
2801 -0.45727 48.4627
2802 -2.45727 32.5927
2803 21.5427 34.1427
2804 19.5427 73.5627
2805 15.5427 69.3027
2806 -28.4573 39.8127
2807 20.5427 70.3027
2808 22.5427 69.7927
2809 -10.4573 31.9527
2810 -12.4573 39.2027
2811 -26.4573 41.0727
2812 6.54273 30.7027
2813 -1.45727 49.3327
2814 -24.4573 36.8127
2815 -28.4573 28.3927
2816 20.5427 60.4227
2817 -18.4573 49.2127
2818 -10.4573 58.7727
2819 12.5427 43.6427
2820 -26.4573 40.5327
2821 23.5427 68.6727
2822 -14.4573 34.9827
2823 -28.4573 38.9227
2824 8.54273 27.9427
2825 -19.4573 58.9927
2826 -25.4573 39.0127
2827 4.54273 28.2027
2828 -14.4573 50.5427
2829 -16.4573 43.5427
2830 21.5427 77.6827
2831 22.5427 71.6827
2832 1.54273 33.2227
2833 20.5427 50.5427
2834 -6.45727 67.6327
2835 17.5427 81.7427
2836 21.5427 61.0327
2837 2.54273 61.9327
2838 13.5427 74.2827
2839 16.5427 67.6927
2840 9.54273 66.6327
2841 18.5427 64.2827
2842 8.54273 58.6427
2843 -16.4573 46.7327
2844 -13.4573 45.9627
2845 -26.4573 26.9527
2846 -19.4573 57.1527
2847 10.5427 69.1727
2848 2.54273 40.4327
2849 -10.4573 55.2627
2850 24.5427 81.3127
2851 -19.4573 56.6527
2852 -23.4573 28.3227
2853 12.5427 65.7827
2854 -25.4573 45.3327
2855 -28.4573 33.2627
2856 -29.4573 26.5727
2857 2.54273 27.9827
2858 -25.4573 40.4427
2859 -8.45727 70.8227
2860 11.5427 46.9327
2861 -13.4573 36.9527
2862 19.5427 77.8327
2863 -9.45727 56.3627
2864 4.54273 76.7727
2865 -21.4573 33.7527
2866 -26.4573 30.5327
2867 -21.4573 33.8527
2868 16.5427 36.8827
2869 13.5427 58.8927
2870 21.5427 49.0427
2871 -6.45727 30.0827
2872 -22.4573 26.5927
2873 -27.4573 35.2427
2874 -15.4573 32.7227
2875 -12.4573 61.3427
2876 -12.4573 56.2627
2877 4.54273 53.1227
2878 4.54273 68.3527
2879 -11.4573 39.2627
2880 18.5427 80.0027
2881 -17.4573 31.6227
2882 -15.4573 52.3227
2883 16.5427 43.3427
2884 -5.45727 69.5227
2885 10.5427 80.8527
2886 17.5427 74.2827
2887 10.5427 62.5927
2888 18.5427 76.4227
2889 21.5427 56.8427
2890 5.54273 61.3227
2891 0.54273 74.1827
2892 16.5427 53.4127
2893 -23.4573 29.5827
2894 2.54273 52.6827
2895 -25.4573 43.7827
2896 -9.45727 50.7627
2897 -26.4573 30.6527
2898 17.5427 41.3027
2899 -21.4573 55.7227
2900 -19.4573 46.1227
2901 -10.4573 27.8127
2902 -4.45727 55.4027
2903 10.5427 27.6927
2904 -15.4573 39.6727
2905 19.5427 65.3627
2906 2.54273 31.1427
2907 17.5427 71.4827
2908 -14.4573 60.7527
2909 -16.4573 37.2227
2910 17.5427 59.3227
2911 26.5427 79.0227
2912 -26.4573 30.3127
2913 26.5427 29.6027
2914 7.54273 42.5627
2915 21.5427 40.8727
2916 -3.45727 29.7927
2917 20.5427 58.5027
2918 -2.45727 26.9927
2919 24.5427 44.9227
2920 24.5427 51.1527
2921 -9.45727 63.0827
2922 -17.4573 60.2527
2923 5.54273 55.7427
2924 2.54273 54.0427
2925 14.5427 30.3327
2926 22.5427 40.3527
2927 13.5427 63.3527
2928 1.54273 66.4527
2929 -10.4573 29.7027
2930 5.54273 31.1727
2931 -25.4573 39.1227
2932 8.54273 70.1627
2933 11.5427 34.5827
2934 -29.4573 28.2427
2935 5.54273 30.2427
2936 -0.45727 43.2127
2937 -18.4573 36.5827
2938 20.5427 44.3027
2939 8.54273 66.3627
2940 -5.45727 63.1927
2941 -27.4573 30.1227
2942 8.54273 70.4727
2943 -1.45727 42.6327
2944 -13.4573 30.3327
2945 -20.4573 30.8927
2946 0.54273 58.3327
2947 -3.45727 39.4127
2948 -9.45727 53.0627
2949 16.5427 39.0627
2950 4.54273 47.9227
2951 -26.4573 45.6027
2952 -22.4573 36.0427
2953 -12.4573 28.0127
2954 17.5427 75.9427
2955 23.5427 51.6227
2956 21.5427 57.4827
2957 -26.4573 39.5827
2958 -0.45727 61.1327
2959 -0.45727 61.3127
2960 -21.4573 40.9627
2961 -19.4573 55.9127
2962 -8.45727 37.6327
2963 -10.4573 49.2027
2964 -13.4573 31.2227
2965 -23.4573 39.4327
2966 4.54273 64.9927
2967 13.5427 72.6927
2968 20.5427 80.6427
2969 -17.4573 57.8027
2970 -0.45727 40.9727
2971 10.5427 46.6227
2972 3.54273 78.0827
2973 10.5427 53.3227
2974 -25.4573 29.8327
2975 -8.45727 69.5727
2976 7.54273 77.7327
2977 -9.45727 37.5127
2978 -7.45727 31.7227
2979 14.5427 53.4827
2980 20.5427 31.8827
2981 4.54273 71.9927
2982 -0.45727 37.8527
2983 -7.45727 36.8227
2984 -20.4573 43.2927
2985 19.5427 57.5027
2986 -1.45727 51.4727
2987 16.5427 69.6227
2988 16.5427 66.7427
2989 7.54273 47.1427
2990 -1.45727 69.4727
2991 18.5427 61.7827
2992 14.5427 46.1527
2993 22.5427 34.9927
2994 7.54273 42.9127
2995 19.5427 65.7127
2996 -27.4573 32.7727
2997 -18.4573 52.5727
2998 17.5427 37.8127
2999 26.5427 33.5327
3000 -18.4573 49.4427
3001 -6.45727 69.2627
3002 20.5427 52.0527
3003 24.5427 27.8527
3004 -1.45727 72.7327
3005 -11.4573 55.7827
3006 -24.4573 29.6527
3007 20.5427 48.8327
3008 18.5427 26.8027
3009 -26.4573 27.0527
3010 -16.4573 31.2027
3011 -1.45727 76.4127
3012 -23.4573 34.8927
3013 2.54273 67.4927
3014 -12.4573 34.8027
3015 -6.45727 58.7027
3016 18.5427 76.9627
3017 -8.45727 71.5327
3018 -1.45727 40.2827
3019 -4.45727 69.2327
3020 9.54273 38.8027
3021 11.5427 47.6427
3022 -7.45727 40.5227
3023 -7.45727 68.1627
3024 19.5427 81.7227
3025 -18.4573 49.9427
3026 17.5427 73.4027
3027 17.5427 26.7927
3028 -6.45727 31.7627
3029 -9.45727 30.9027
3030 8.54273 67.2127
3031 -7.45727 65.1827
3032 12.5427 77.0027
3033 -13.4573 38.6027
3034 -22.4573 54.0027
3035 25.5427 58.7127
3036 23.5427 31.2727
3037 -10.4573 55.1527
3038 13.5427 33.2627
3039 -28.4573 39.0227
3040 7.54273 63.9527
3041 -3.45727 41.2927
3042 7.54273 34.7427
3043 -20.4573 44.5527
3044 -5.45727 68.2727
3045 24.5427 65.9627
3046 -4.45727 70.4927
3047 -8.45727 67.0727
3048 -21.4573 54.7627
3049 -19.4573 30.6727
3050 1.54273 56.9327
3051 2.54273 56.9827
3052 2.54273 48.6427
3053 -13.4573 27.9327
3054 -23.4573 46.3527
3055 9.54273 39.2727
3056 25.5427 48.8327
3057 25.5427 52.5527
3058 22.5427 47.5427
3059 19.5427 62.9827
3060 -23.4573 50.9927
3061 21.5427 54.7127
3062 -18.4573 41.9927
3063 -1.45727 35.8727
3064 -8.45727 65.4027
3065 16.5427 44.4127
3066 -14.4573 27.3427
3067 -20.4573 34.9527
3068 -3.45727 51.4227
3069 22.5427 46.3127
3070 23.5427 37.7427
3071 -25.4573 46.4927
3072 24.5427 66.5627
3073 26.5427 49.5727
3074 22.5427 75.0627
3075 7.54273 44.3427
3076 -5.45727 31.3927
3077 -27.4573 32.9527
3078 -13.4573 46.2627
3079 -20.4573 38.0327
3080 8.54273 30.3027
3081 -10.4573 44.4127
3082 17.5427 71.7327
3083 0.54273 49.0527
3084 -22.4573 48.6727
3085 -11.4573 52.8727
3086 -16.4573 26.8527
3087 -5.45727 68.4127
3088 21.5427 78.3227
3089 14.5427 52.4327
3090 12.5427 75.4327
3091 -11.4573 47.8527
3092 -3.45727 72.7327
3093 -14.4573 63.1127
3094 6.54273 45.0427
3095 19.5427 77.0827
3096 -20.4573 43.4927
3097 26.5427 64.8827
3098 20.5427 63.2827
3099 12.5427 62.8027
3100 -5.45727 63.6927
3101 0.54273 26.7927
3102 -17.4573 52.9527
3103 18.5427 44.8627
3104 18.5427 69.0827
3105 -6.45727 40.0727
3106 -15.4573 27.4527
3107 -0.45727 38.2327
3108 17.5427 48.1427
3109 22.5427 32.1227
3110 -15.4573 58.3927
3111 -16.4573 55.4227
3112 -5.45727 57.1327
3113 20.5427 72.5227
3114 -1.45727 75.6227
3115 -26.4573 38.7927
3116 -4.45727 50.4327
3117 3.54273 37.2827
3118 -12.4573 31.1627
3119 -16.4573 29.0727
3120 0.54273 27.8227
3121 14.5427 75.1727
3122 -24.4573 50.9627
3123 -15.4573 58.8727
3124 17.5427 70.1727
3125 18.5427 59.7027
3126 8.54273 44.6327
3127 25.5427 41.8627
3128 -10.4573 44.8027
3129 -20.4573 56.0727
3130 -17.4573 56.1327
3131 14.5427 70.6827
3132 2.54273 33.3427
3133 14.5427 49.3627
3134 -14.4573 36.4927
3135 -26.4573 43.1627
3136 -8.45727 42.4727
3137 -10.4573 58.0027
3138 4.54273 56.1627
3139 -21.4573 40.9527
3140 -2.45727 64.2927
3141 -14.4573 36.8327
3142 -23.4573 50.6727
3143 -29.4573 32.5827
3144 1.54273 72.4927
3145 12.5427 38.3327
3146 -22.4573 41.9427
3147 21.5427 42.0927
3148 -10.4573 65.8827
3149 -12.4573 59.6927
3150 -6.45727 57.3127
3151 -5.45727 54.1027
3152 7.54273 26.6127
3153 -29.4573 28.1227
3154 -24.4573 45.9127
3155 -5.45727 40.0027
3156 4.54273 59.1527
3157 -2.45727 27.5527
3158 -7.45727 52.4227
3159 5.54273 58.2127
3160 -23.4573 39.7027
3161 -3.45727 57.4527
3162 -9.45727 49.9727
3163 -6.45727 40.8327
3164 14.5427 51.9427
3165 -11.4573 46.6427
3166 0.54273 41.2927
3167 11.5427 72.4327
3168 26.5427 50.7827
3169 -18.4573 48.5827
3170 -10.4573 39.5727
3171 -23.4573 43.8127
3172 14.5427 65.8427
3173 -22.4573 47.9427
3174 -15.4573 39.4027
3175 19.5427 35.6027
3176 19.5427 61.1127
3177 -25.4573 37.1727
3178 -4.45727 36.0227
3179 7.54273 40.3627
3180 7.54273 46.9527
3181 -21.4573 29.6027
3182 22.5427 58.6927
3183 -22.4573 39.5727
3184 -26.4573 29.5327
3185 -5.45727 70.0727
3186 -6.45727 41.1527
3187 16.5427 63.2127
3188 3.54273 77.6727
3189 -23.4573 37.6827
3190 -5.45727 40.7227
3191 7.54273 79.1227
3192 -26.4573 45.2427
3193 -16.4573 34.3427
3194 7.54273 51.7127
3195 -4.45727 65.1227
3196 -11.4573 33.6427
3197 24.5427 57.3327
3198 22.5427 32.1827
3199 4.54273 65.7127
3200 -21.4573 46.9527
3201 1.54273 70.7227
3202 -28.4573 29.0927
3203 -2.45727 58.0027
3204 -28.4573 29.9927
3205 21.5427 61.7727
3206 -12.4573 48.8727
3207 -18.4573 44.4927
3208 11.5427 57.0827
3209 3.54273 77.2727
3210 14.5427 35.9527
3211 -20.4573 47.3727
3212 -24.4573 32.0227
3213 16.5427 74.3127
3214 23.5427 35.9927
3215 -5.45727 54.3427
3216 21.5427 40.2227
3217 -24.4573 39.9527
3218 -25.4573 46.9027
3219 26.5427 46.0127
3220 4.54273 63.5427
3221 -29.4573 31.0227
3222 -19.4573 43.0627
3223 -29.4573 28.4227
3224 -8.45727 55.2427
3225 13.5427 61.3327
3226 -24.4573 38.9927
3227 11.5427 45.6927
3228 14.5427 52.3027
3229 6.54273 34.6427
3230 9.54273 28.4427
3231 25.5427 70.6627
3232 15.5427 45.9527
3233 -15.4573 53.4027
3234 -24.4573 32.9927
3235 10.5427 77.1627
3236 19.5427 70.5827
3237 5.54273 69.3727
3238 23.5427 32.6027
3239 -6.45727 55.7027
3240 -7.45727 26.8727
3241 23.5427 35.9427
3242 17.5427 57.1527
3243 -22.4573 31.7827
3244 24.5427 42.0527
3245 -1.45727 67.1727
3246 19.5427 26.8327
3247 24.5427 66.0627
3248 -14.4573 62.8627
3249 -15.4573 35.0627
3250 -3.45727 70.7727
3251 -25.4573 27.8227
3252 -6.45727 49.3227
3253 18.5427 50.4327
3254 -0.45727 55.3727
3255 -22.4573 27.1927
3256 -20.4573 39.0627
3257 -22.4573 29.5327
3258 -2.45727 65.1927
3259 -26.4573 29.0827
3260 13.5427 69.1627
3261 16.5427 29.6427
3262 13.5427 33.5027
3263 -28.4573 40.2027
3264 10.5427 61.5827
3265 18.5427 59.6527
3266 25.5427 64.9227
3267 25.5427 37.1427
3268 -24.4573 51.0427
3269 -18.4573 58.5827
3270 -24.4573 36.6027
3271 -15.4573 35.0927
3272 -21.4573 48.3427
3273 11.5427 54.2927
3274 -23.4573 27.8427
3275 16.5427 48.2027
3276 14.5427 60.0527
3277 -0.45727 44.8927
3278 -22.4573 42.9727
3279 12.5427 29.3427
3280 -14.4573 26.7927
3281 -2.45727 50.8627
3282 -14.4573 47.3627
3283 -24.4573 45.8527
3284 -13.4573 33.9927
3285 -4.45727 69.7327
3286 -8.45727 62.1127
3287 17.5427 45.6727
3288 1.54273 49.3427
3289 21.5427 76.8927
3290 -25.4573 44.7527
3291 -14.4573 41.0827
3292 78.5427 6.72273
3293 34.5427 -28.2173
3294 38.5427 -5.89727
3295 54.5427 5.76273
3296 70.5427 20.0227
3297 39.5427 13.7027
3298 57.5427 12.4827
3299 64.5427 9.35273
3300 31.5427 -20.4773
3301 65.5427 25.0027
3302 30.5427 12.3827
3303 51.5427 3.05273
3304 42.5427 15.9527
3305 49.5427 22.9527
3306 30.5427 11.6427
3307 77.5427 2.45273
3308 61.5427 -17.0173
3309 46.5427 19.0427
3310 66.5427 12.0927
3311 60.5427 24.3327
3312 34.5427 -0.87727
3313 56.5427 -18.2973
3314 55.5427 5.82273
3315 71.5427 15.0327
3316 81.5427 15.5627
3317 75.5427 4.68273
3318 61.5427 9.78273
3319 33.5427 9.91273
3320 32.5427 -4.69727
3321 80.5427 9.82273
3322 39.5427 20.6527
3323 69.5427 -10.3673
3324 35.5427 -21.6373
3325 40.5427 20.5727
3326 55.5427 15.8027
3327 77.5427 3.41273
3328 40.5427 -19.2073
3329 38.5427 -29.1073
3330 36.5427 13.5027
3331 79.5427 13.8127
3332 29.5427 3.28273
3333 69.5427 14.8527
3334 48.5427 13.0627
3335 34.5427 -6.39727
3336 81.5427 16.9527
3337 41.5427 25.6327
3338 38.5427 -0.92727
3339 62.5427 17.5727
3340 49.5427 -24.2073
3341 30.5427 16.7427
3342 43.5427 -1.61727
3343 34.5427 -9.11727
3344 80.5427 23.6027
3345 61.5427 2.64273
3346 79.5427 22.0327
3347 74.5427 2.49273
3348 62.5427 19.7827
3349 80.5427 14.1827
3350 28.5427 -10.5673
3351 32.5427 -16.9373
3352 53.5427 5.58273
3353 70.5427 11.7927
3354 64.5427 -14.6673
3355 62.5427 13.4227
3356 59.5427 -18.1673
3357 57.5427 19.0827
3358 40.5427 16.1627
3359 67.5427 14.2327
3360 61.5427 15.0727
3361 77.5427 8.19273
3362 36.5427 -5.82727
3363 73.5427 -2.77727
3364 77.5427 25.3527
3365 49.5427 -3.34727
3366 35.5427 16.0427
3367 55.5427 8.49273
3368 35.5427 20.2527
3369 78.5427 4.13273
3370 82.5427 22.5027
3371 52.5427 -15.4573
3372 73.5427 21.5627
3373 26.5427 -27.0873
3374 42.5427 5.91273
3375 59.5427 19.8227
3376 46.5427 1.87273
3377 27.5427 15.4127
3378 30.5427 2.53273
3379 62.5427 -0.15727
3380 36.5427 -12.1173
3381 53.5427 8.51273
3382 33.5427 -25.4773
3383 58.5427 -19.6073
3384 73.5427 4.14273
3385 65.5427 19.2027
3386 59.5427 15.4027
3387 38.5427 11.8227
3388 35.5427 5.69273
3389 30.5427 -16.4573
3390 40.5427 -7.78727
3391 62.5427 -4.07727
3392 65.5427 -11.7873
3393 50.5427 9.97273
3394 29.5427 -2.71727
3395 27.5427 19.0027
3396 63.5427 15.1027
3397 75.5427 12.9327
3398 28.5427 -8.62727
3399 62.5427 16.2527
3400 68.5427 12.6827
3401 56.5427 -1.99727
3402 52.5427 4.52273
3403 44.5427 -6.10727
3404 81.5427 12.8927
3405 46.5427 -15.8473
3406 44.5427 -16.3573
3407 32.5427 -8.95727
3408 53.5427 18.2427
3409 29.5427 -0.54727
3410 75.5427 19.1427
3411 29.5427 17.5427
3412 33.5427 25.2927
3413 75.5427 17.7227
3414 78.5427 12.1527
3415 59.5427 16.0227
3416 72.5427 2.27273
3417 41.5427 15.7727
3418 34.5427 10.6627
3419 52.5427 4.33273
3420 40.5427 -6.05727
3421 77.5427 17.5127
3422 47.5427 -21.0873
3423 34.5427 -8.71727
3424 72.5427 25.4027
3425 64.5427 -13.9873
3426 32.5427 -11.4873
3427 68.5427 2.12273
3428 38.5427 -16.6073
3429 80.5427 12.7827
3430 31.5427 18.6727
3431 29.5427 -3.76727
3432 38.5427 -25.8473
3433 68.5427 -9.94727
3434 69.5427 -7.96727
3435 68.5427 -6.30727
3436 43.5427 -12.2873
3437 34.5427 -23.5973
3438 37.5427 -1.39727
3439 32.5427 -29.8873
3440 44.5427 12.2327
3441 80.5427 16.8827
3442 71.5427 -3.47727
3443 38.5427 -15.1373
3444 59.5427 -19.2973
3445 65.5427 2.30273
3446 41.5427 -9.69727
3447 34.5427 -3.36727
3448 78.5427 12.9027
3449 32.5427 21.5927
3450 47.5427 -24.5973
3451 82.5427 24.2327
3452 29.5427 -15.1373
3453 78.5427 9.58273
3454 82.5427 25.6527
3455 57.5427 5.27273
3456 47.5427 0.14273
3457 43.5427 0.46273
3458 69.5427 13.4827
3459 67.5427 2.94273
3460 81.5427 23.3427
3461 44.5427 19.8727
3462 50.5427 -18.3673
3463 66.5427 -12.0573
3464 78.5427 25.5227
3465 44.5427 7.78273
3466 38.5427 2.67273
3467 39.5427 11.4027
3468 66.5427 -13.5073
3469 72.5427 0.32273
3470 27.5427 -5.00727
3471 42.5427 -3.12727
3472 49.5427 -15.4173
3473 32.5427 3.64273
3474 47.5427 6.99273
3475 56.5427 7.57273
3476 55.5427 13.6827
3477 58.5427 -6.17727
3478 75.5427 11.8027
3479 75.5427 3.69273
3480 62.5427 16.6327
3481 45.5427 -14.9073
3482 69.5427 14.8127
3483 65.5427 -6.82727
3484 43.5427 23.8027
3485 51.5427 -21.6973
3486 33.5427 25.4027
3487 26.5427 18.2527
3488 75.5427 13.8327
3489 26.5427 -18.6173
3490 39.5427 14.3327
3491 59.5427 6.00273
3492 79.5427 11.2427
3493 56.5427 16.6627
3494 41.5427 -4.59727
3495 34.5427 -16.3073
3496 33.5427 17.1527
3497 44.5427 -0.32727
3498 61.5427 16.1227
3499 46.5427 17.1227
3500 71.5427 9.65273
3501 56.5427 17.0427
3502 30.5427 16.3927
3503 69.5427 24.8927
3504 37.5427 -21.4773
3505 51.5427 -14.1073
3506 58.5427 9.07273
3507 68.5427 12.2027
3508 68.5427 24.5227
3509 74.5427 4.67273
3510 39.5427 -9.45727
3511 36.5427 -3.19727
3512 69.5427 6.51273
3513 40.5427 22.9827
3514 72.5427 0.15273
3515 59.5427 12.8927
3516 80.5427 16.3227
3517 72.5427 20.2327
3518 37.5427 7.56273
3519 39.5427 -1.20727
3520 44.5427 -27.2673
3521 32.5427 -15.7273
3522 82.5427 24.3727
3523 63.5427 -6.56727
3524 64.5427 8.66273
3525 67.5427 -9.81727
3526 29.5427 17.3227
3527 41.5427 23.2227
3528 81.5427 18.2927
3529 53.5427 -22.1973
3530 64.5427 12.1027
3531 64.5427 4.62273
3532 67.5427 12.9527
3533 78.5427 19.9927
3534 45.5427 -3.68727
3535 59.5427 -11.5573
3536 72.5427 6.79273
3537 73.5427 19.6927
3538 31.5427 1.03273
3539 55.5427 9.42273
3540 73.5427 -1.91727
3541 64.5427 1.22273
3542 82.5427 19.4327
3543 82.5427 24.5627
3544 26.5427 -21.0273
3545 27.5427 18.0227
3546 30.5427 -4.62727
3547 58.5427 26.3527
3548 51.5427 6.35273
3549 82.5427 26.1627
3550 77.5427 11.9727
3551 67.5427 23.5527
3552 73.5427 18.6327
3553 55.5427 2.29273
3554 75.5427 15.2127
3555 82.5427 20.6827
3556 32.5427 26.1727
3557 76.5427 19.0227
3558 35.5427 -1.31727
3559 29.5427 -3.34727
3560 61.5427 13.2627
3561 49.5427 -17.9473
3562 44.5427 -9.83727
3563 54.5427 5.29273
3564 68.5427 24.5927
3565 73.5427 8.50273
3566 61.5427 -18.1473
3567 62.5427 -4.82727
3568 79.5427 24.1427
3569 64.5427 20.4827
3570 28.5427 -2.48727
3571 70.5427 13.9827
3572 59.5427 4.40273
3573 40.5427 -4.38727
3574 72.5427 20.4227
3575 53.5427 -22.9473
3576 79.5427 8.29273
3577 32.5427 4.17273
3578 33.5427 16.3527
3579 42.5427 -13.1873
3580 63.5427 19.7227
3581 30.5427 -21.6473
3582 54.5427 -21.7873
3583 58.5427 -1.60727
3584 50.5427 -7.67727
3585 55.5427 -9.43727
3586 51.5427 -19.6373
3587 77.5427 3.88273
3588 39.5427 -1.61727
3589 45.5427 17.1627
3590 26.5427 -10.3973
3591 68.5427 -0.17727
3592 81.5427 26.1727
3593 52.5427 -20.3273
3594 27.5427 -20.2073
3595 72.5427 0.30273
3596 66.5427 1.12273
3597 54.5427 -4.58727
3598 35.5427 -28.4973
3599 62.5427 9.53273
3600 59.5427 -0.48727
3601 61.5427 22.0227
3602 66.5427 16.9527
3603 46.5427 19.4427
3604 79.5427 20.2127
3605 40.5427 -19.0473
3606 71.5427 10.6727
3607 50.5427 3.03273
3608 33.5427 15.6227
3609 50.5427 20.6827
3610 36.5427 -5.48727
3611 31.5427 -7.74727
3612 65.5427 23.4527
3613 47.5427 -14.1873
3614 38.5427 -13.6973
3615 26.5427 -18.3773
3616 66.5427 17.7527
3617 33.5427 0.50273
3618 49.5427 5.36273
3619 78.5427 7.37273
3620 67.5427 -4.60727
3621 73.5427 23.2327
3622 67.5427 10.4727
3623 74.5427 9.70273
3624 49.5427 -17.1873
3625 41.5427 19.3627
3626 30.5427 -10.2973
3627 28.5427 24.8027
3628 54.5427 8.11273
3629 36.5427 21.9527
3630 40.5427 -8.67727
3631 72.5427 3.56273
3632 30.5427 11.0327
3633 78.5427 10.6327
3634 81.5427 14.3327
3635 63.5427 4.82273
3636 58.5427 21.1827
3637 70.5427 23.1027
3638 26.5427 -21.8473
3639 65.5427 20.0827
3640 67.5427 -11.9573
3641 58.5427 -13.3873
3642 75.5427 11.8927
3643 34.5427 -2.72727
3644 74.5427 7.40273
3645 46.5427 13.7527
3646 71.5427 8.13273
3647 44.5427 0.12273
3648 47.5427 16.7127
3649 37.5427 0.41273
3650 46.5427 22.0827
3651 76.5427 15.6027
3652 61.5427 -10.8773
3653 69.5427 -1.27727
3654 73.5427 17.3627
3655 60.5427 22.5727
3656 80.5427 24.6027
3657 62.5427 -15.4773
3658 44.5427 -9.02727
3659 51.5427 0.83273
3660 48.5427 16.3427
3661 40.5427 10.4127
3662 40.5427 -24.7673
3663 60.5427 -14.0373
3664 30.5427 -10.3873
3665 72.5427 17.8327
3666 79.5427 9.93273
3667 36.5427 -25.7273
3668 61.5427 0.47273
3669 51.5427 10.6627
3670 79.5427 24.1627
3671 26.5427 -0.90727
3672 53.5427 18.7827
3673 40.5427 -14.9273
3674 66.5427 20.7327
3675 39.5427 13.4427
3676 71.5427 10.3427
3677 57.5427 20.8827
3678 60.5427 7.72273
3679 39.5427 17.3627
3680 39.5427 -5.45727
3681 80.5427 15.3427
3682 68.5427 20.9527
3683 82.5427 21.8527
3684 46.5427 9.46273
3685 31.5427 13.1027
3686 69.5427 22.1127
3687 27.5427 -6.80727
3688 27.5427 12.1327
3689 60.5427 -3.55727
3690 82.5427 25.5327
3691 47.5427 -25.7273
3692 60.5427 10.0727
3693 31.5427 18.2927
3694 45.5427 4.32273
3695 51.5427 5.93273
3696 64.5427 15.6927
3697 26.5427 10.1927
3698 73.5427 10.7427
3699 45.5427 17.9227
3700 66.5427 19.4027
3701 28.5427 -2.37727
3702 31.5427 10.5427
3703 40.5427 22.7327
3704 62.5427 -9.55727
3705 48.5427 24.3927
3706 81.5427 22.3927
3707 64.5427 4.16273
3708 80.5427 14.6727
3709 44.5427 -6.41727
3710 63.5427 -3.04727
3711 34.5427 -6.28727
3712 52.5427 -1.36727
3713 59.5427 16.1427
3714 66.5427 21.2727
3715 68.5427 18.9027
3716 78.5427 4.89273
3717 34.5427 -1.96727
3718 50.5427 11.1827
3719 49.5427 6.44273
3720 56.5427 -6.73727
3721 80.5427 15.9227
3722 74.5427 21.8327
3723 61.5427 -9.55727
3724 79.5427 22.3827
3725 48.5427 -7.65727
3726 42.5427 15.8727
3727 69.5427 1.83273
3728 40.5427 -15.2373
3729 59.5427 20.2027
3730 32.5427 -5.14727
3731 63.5427 6.55273
3732 64.5427 -1.52727
3733 44.5427 8.51273
3734 70.5427 16.1527
3735 50.5427 -21.8673
3736 32.5427 16.6427
3737 63.5427 9.40273
3738 41.5427 25.9827
3739 69.5427 -0.17727
3740 70.5427 15.7227
3741 63.5427 10.0327
3742 81.5427 12.5527
3743 46.5427 -15.0573
3744 44.5427 3.17273
3745 68.5427 15.6627
3746 73.5427 18.0927
3747 67.5427 -11.8673
3748 29.5427 11.1227
3749 76.5427 8.07273
3750 46.5427 19.4427
3751 65.5427 20.0227
3752 40.5427 3.58273
3753 49.5427 -2.11727
3754 77.5427 11.1127
3755 58.5427 -3.26727
3756 76.5427 12.2027
3757 43.5427 -16.2473
3758 78.5427 20.4727
3759 62.5427 -16.6173
3760 35.5427 10.6827
3761 79.5427 19.0227
3762 45.5427 5.59273
3763 69.5427 -6.80727
3764 82.5427 22.1227
3765 54.5427 23.3227
3766 55.5427 -20.7273
3767 30.5427 -7.51727
3768 72.5427 12.0927
3769 73.5427 23.7427
3770 39.5427 -3.60727
3771 80.5427 11.3727
3772 77.5427 12.5927
3773 56.5427 12.6727
3774 36.5427 14.1727
3775 44.5427 14.5527
3776 31.5427 14.4327
3777 60.5427 26.4727
3778 37.5427 8.57273
3779 32.5427 7.06273
3780 42.5427 -19.2673
3781 72.5427 15.1027
3782 47.5427 -19.9473
3783 32.5427 25.7127
3784 79.5427 15.2727
3785 52.5427 14.6827
3786 62.5427 10.7627
3787 74.5427 18.5927
3788 79.5427 16.5327
3789 46.5427 -22.7273
3790 72.5427 -4.35727
3791 27.5427 24.8927
3792 38.5427 -6.75727
3793 61.5427 24.9327
3794 57.5427 -12.1673
3795 75.5427 14.3527
3796 78.5427 4.70273
3797 37.5427 22.4227
3798 74.5427 23.3627
3799 27.5427 -21.7773
3800 57.5427 -11.5673
3801 55.5427 -22.3673
3802 51.5427 14.7927
3803 66.5427 -1.59727
3804 26.5427 4.85273
3805 45.5427 10.3627
3806 27.5427 2.81273
3807 82.5427 23.4027
3808 56.5427 17.9427
3809 37.5427 -5.28727
3810 78.5427 19.6627
3811 38.5427 14.1927
3812 27.5427 -18.1473
3813 48.5427 1.91273
3814 26.5427 17.6027
3815 37.5427 5.18273
3816 52.5427 10.3627
3817 67.5427 -8.92727
3818 29.5427 -17.5973
3819 74.5427 10.8127
3820 70.5427 11.4627
3821 50.5427 -22.9273
3822 31.5427 17.7527
3823 59.5427 18.7027
3824 44.5427 -26.8573
3825 82.5427 17.8027
3826 49.5427 3.81273
3827 29.5427 11.4827
3828 77.5427 22.4627
3829 58.5427 -8.79727
3830 3.54273 6.38273
3831 0.54273 -14.5373
3832 -16.4573 12.0427
3833 23.5427 20.2227
3834 -24.4573 6.84273
3835 1.54273 -6.97727
3836 -9.45727 13.0527
3837 24.5427 13.4327
3838 10.5427 5.41273
3839 -8.45727 -13.1673
3840 -28.4573 13.8727
3841 20.5427 21.2027
3842 5.54273 13.4827
3843 22.5427 -28.3273
3844 17.5427 -13.5873
3845 0.54273 18.8527
3846 -28.4573 21.5727
3847 26.5427 23.8527
3848 -10.4573 -9.82727
3849 -19.4573 17.9027
3850 -2.45727 9.95273
3851 -19.4573 24.1727
3852 3.54273 1.87273
3853 2.54273 16.6527
3854 24.5427 -8.41727
3855 -22.4573 5.68273
3856 -2.45727 5.96273
3857 -27.4573 20.4727
3858 -13.4573 17.8927
3859 1.54273 16.2327
3860 13.5427 -11.1873
3861 26.5427 -26.5773
3862 5.54273 9.72273
3863 15.5427 23.8527
3864 -9.45727 -11.3273
3865 2.54273 -11.2473
3866 -20.4573 11.5327
3867 -22.4573 10.4727
3868 -10.4573 -7.62727
3869 -1.45727 -1.46727
3870 15.5427 -19.5573
3871 11.5427 -16.2573
3872 -23.4573 25.4227
3873 -6.45727 21.2127
3874 -4.45727 -4.31727
3875 25.5427 -28.0473
3876 -0.45727 1.85273
3877 11.5427 -20.2673
3878 -7.45727 9.45273
3879 1.54273 -10.1673
3880 24.5427 -25.8173
3881 -12.4573 -10.4073
3882 4.54273 -3.63727
3883 -27.4573 25.4327
3884 -12.4573 20.0327
3885 26.5427 -22.9773
3886 22.5427 -21.4973
3887 -6.45727 -10.2773
3888 -18.4573 2.82273
3889 20.5427 -4.42727
3890 24.5427 -8.29727
3891 4.54273 0.84273
3892 1.54273 2.70273
3893 -26.4573 13.9727
3894 -28.4573 26.0027
3895 -5.45727 -13.3973
3896 -3.45727 11.2427
3897 1.54273 9.69273
3898 5.54273 -14.8973
3899 13.5427 -28.3373
3900 19.5427 15.4227
3901 13.5427 20.9327
3902 -18.4573 -1.70727
3903 -15.4573 1.70273
3904 -20.4573 26.4427
3905 15.5427 15.9427
3906 11.5427 24.6027
3907 -12.4573 -7.98727
3908 -19.4573 18.6927
3909 9.54273 -26.6973
3910 10.5427 -25.8473
3911 22.5427 -17.8073
3912 -12.4573 -11.0573
3913 26.5427 8.84273
3914 -0.45727 0.86273
3915 -12.4573 15.5027
3916 25.5427 26.0227
3917 4.54273 -12.9473
3918 10.5427 21.9427
3919 -28.4573 14.7527
3920 12.5427 -16.6473
3921 10.5427 -0.66727
3922 7.54273 22.2927
3923 -17.4573 1.11273
3924 18.5427 3.69273
3925 14.5427 -10.9973
3926 12.5427 22.6327
3927 -2.45727 19.5727
3928 6.54273 0.41273
3929 10.5427 13.4627
3930 9.54273 17.2327
3931 -15.4573 -0.59727
3932 17.5427 18.7327
3933 -14.4573 1.90273
3934 -3.45727 16.5427
3935 -21.4573 12.3927
3936 2.54273 -8.83727
3937 -6.45727 -13.8173
3938 -10.4573 -9.08727
3939 -25.4573 25.2827
3940 26.5427 -28.9773
3941 -2.45727 23.7827
3942 -28.4573 12.8027
3943 -0.45727 -9.91727
3944 -20.4573 6.56273
3945 -14.4573 23.3327
3946 26.5427 -26.1573
3947 8.54273 2.38273
3948 -22.4573 9.52273
3949 -23.4573 0.58273
3950 10.5427 -11.7373
3951 0.54273 10.8027
3952 2.54273 8.01273
3953 -0.45727 21.7227
3954 -27.4573 10.1227
3955 0.54273 21.3727
3956 22.5427 -24.8973
3957 -1.45727 25.6527
3958 10.5427 15.8327
3959 -26.4573 23.9627
3960 26.5427 -10.8773
3961 20.5427 -8.95727
3962 3.54273 25.3627
3963 -14.4573 0.86273
3964 25.5427 -10.4473
3965 -11.4573 13.8027
3966 -25.4573 23.7327
3967 9.54273 -2.90727
3968 -14.4573 21.9127
3969 11.5427 21.0427
3970 -15.4573 9.63273
3971 -25.4573 9.02273
3972 11.5427 -15.1073
3973 2.54273 -24.9973
3974 4.54273 -23.7473
3975 13.5427 9.96273
3976 9.54273 26.0727
3977 -28.4573 17.6527
3978 24.5427 24.2727
3979 12.5427 25.1727
3980 -23.4573 7.80273
3981 -10.4573 -6.50727
3982 -7.45727 -17.0973
3983 -28.4573 24.6527
3984 9.54273 24.7227
3985 10.5427 4.69273
3986 -3.45727 8.43273
3987 1.54273 -12.0673
3988 -8.45727 -2.27727
3989 -9.45727 -1.10727
3990 -18.4573 0.22273
3991 11.5427 -23.8173
3992 -1.45727 11.1927
3993 6.54273 -20.4273
3994 -1.45727 -8.79727
3995 17.5427 -21.3373
3996 21.5427 18.5127
3997 -14.4573 5.38273
3998 8.54273 10.0627
3999 9.54273 -10.4473
4000 13.5427 -18.9573
4001 -28.4573 26.4727
4002 23.5427 -22.7073
4003 -5.45727 -9.35727
4004 -4.45727 0.65273
4005 11.5427 14.8327
4006 -8.45727 25.7227
4007 -29.4573 21.4927
4008 8.54273 -24.2973
4009 14.5427 22.7427
4010 -2.45727 -13.8773
4011 -0.45727 -4.25727
4012 -15.4573 -5.11727
4013 -21.4573 -0.61727
4014 15.5427 -19.9973
4015 -28.4573 17.0627
4016 10.5427 -13.9673
4017 16.5427 -4.63727
4018 -8.45727 -7.21727
4019 -7.45727 -2.81727
4020 -1.45727 12.3927
4021 22.5427 12.6327
4022 -27.4573 24.8727
4023 -18.4573 5.40273
4024 -28.4573 18.0327
4025 21.5427 -21.1973
4026 -26.4573 8.87273
4027 -9.45727 -7.35727
4028 22.5427 -23.4873
4029 9.54273 -7.96727
4030 15.5427 11.8027
4031 -28.4573 19.4027
4032 -17.4573 11.4827
4033 3.54273 10.4827
4034 -15.4573 -3.85727
4035 -21.4573 7.02273
4036 2.54273 -16.9973
4037 -25.4573 13.5027
4038 10.5427 11.1427
4039 -9.45727 6.26273
4040 26.5427 -3.10727
4041 9.54273 -15.8273
4042 -23.4573 11.9727
4043 16.5427 20.3727
4044 -13.4573 10.6827
4045 -17.4573 9.84273
4046 8.54273 26.3527
4047 -28.4573 20.6327
4048 1.54273 -11.6173
4049 -16.4573 14.9427
4050 -10.4573 -12.8973
4051 -13.4573 14.3927
4052 20.5427 25.4627
4053 1.54273 0.31273
4054 -8.45727 -1.34727
4055 15.5427 -4.85727
4056 -10.4573 22.4827
4057 -22.4573 13.6427
4058 -14.4573 -5.01727
4059 24.5427 5.78273
4060 21.5427 0.27273
4061 -24.4573 13.9827
4062 4.54273 -10.2773
4063 23.5427 -12.6973
4064 13.5427 25.5827
4065 9.54273 20.9627
4066 -29.4573 26.5327
4067 13.5427 25.6427
4068 15.5427 1.10273
4069 -16.4573 5.44273
4070 8.54273 15.8527
4071 26.5427 -4.37727
4072 -15.4573 23.2327
4073 22.5427 -19.8873
4074 -0.45727 19.1227
4075 -24.4573 11.7127
4076 -17.4573 14.3627
4077 -19.4573 10.3427
4078 -27.4573 11.6427
4079 10.5427 -23.4873
4080 13.5427 -23.7873
4081 -9.45727 11.7527
4082 17.5427 8.19273
4083 -23.4573 14.0627
4084 20.5427 -29.8473
4085 -15.4573 -4.63727
4086 -24.4573 23.9327
4087 -27.4573 21.1927
4088 -24.4573 23.6127
4089 20.5427 10.2127
4090 -13.4573 17.0327
4091 -1.45727 -10.5573
4092 6.54273 13.4727
4093 -9.45727 -6.71727
4094 1.54273 6.27273
4095 23.5427 7.19273
4096 -19.4573 12.6227
4097 0.54273 14.5627
4098 -20.4573 1.66273
4099 -8.45727 -15.5673
4100 -5.45727 17.9627
4101 -9.45727 22.6727
4102 5.54273 -7.37727
4103 -10.4573 10.9027
4104 -24.4573 13.4927
4105 15.5427 18.2927
4106 8.54273 -11.5873
4107 6.54273 11.2427
4108 11.5427 -5.63727
4109 -20.4573 11.8527
4110 14.5427 11.1627
4111 -11.4573 -8.54727
4112 -21.4573 16.8327
4113 11.5427 -23.0773
4114 24.5427 14.4827
4115 -24.4573 6.68273
4116 -18.4573 14.4727
4117 -8.45727 24.1827
4118 -13.4573 18.5427
4119 26.5427 -29.8173
4120 8.54273 -11.9573
4121 -17.4573 26.4027
4122 16.5427 -8.94727
4123 -24.4573 17.6627
4124 -12.4573 -0.97727
4125 1.54273 7.90273
4126 -24.4573 12.4027
4127 -0.45727 2.29273
4128 21.5427 -20.7873
4129 -13.4573 -2.42727
4130 -0.45727 -16.1073
4131 25.5427 -12.5373
4132 -14.4573 5.41273
4133 25.5427 22.3127
4134 15.5427 4.58273
4135 -6.45727 -2.64727
4136 22.5427 -17.7073
4137 0.54273 9.92273
4138 23.5427 -1.74727
4139 26.5427 -1.39727
4140 -9.45727 15.9527
4141 14.5427 -6.21727
4142 3.54273 -23.2973
4143 -5.45727 -8.09727
4144 10.5427 -3.38727
4145 -24.4573 12.4127
4146 17.5427 -8.46727
4147 -8.45727 22.2027
4148 19.5427 0.37273
4149 -6.45727 21.2627
4150 -1.45727 18.3327
4151 19.5427 -21.0973
4152 21.5427 22.2227
4153 -21.4573 24.8127
4154 -1.45727 11.2627
4155 0.54273 5.07273
4156 19.5427 -8.76727
4157 -27.4573 26.3727
4158 -25.4573 18.2527
4159 9.54273 -18.8273
4160 22.5427 -11.9273
4161 -4.45727 1.69273
4162 -28.4573 21.8327
4163 3.54273 -15.6073
4164 6.54273 -21.2673
4165 -13.4573 9.49273
4166 1.54273 1.59273
4167 2.54273 6.01273
4168 -13.4573 -0.92727
4169 -28.4573 16.6127
4170 -27.4573 20.0427
4171 -8.45727 3.87273
4172 -10.4573 21.8627
4173 16.5427 -8.42727
4174 5.54273 -8.63727
4175 6.54273 -24.6973
4176 11.5427 21.1827
4177 -12.4573 11.3727
4178 7.54273 -17.7973
4179 -8.45727 -4.44727
4180 6.54273 14.7327
4181 -19.4573 1.32273
4182 2.54273 20.2827
4183 -25.4573 21.9427
4184 -18.4573 -2.02727
4185 -24.4573 9.53273
4186 -23.4573 1.56273
4187 19.5427 -23.3473
4188 21.5427 10.9827
4189 4.54273 10.8627
4190 22.5427 11.3027
4191 15.5427 -28.4073
4192 -25.4573 5.00273
4193 -22.4573 22.3127
4194 -3.45727 -2.43727
4195 -1.45727 6.98273
4196 22.5427 21.2327
4197 11.5427 -27.5673
4198 -5.45727 -10.0273
4199 15.5427 -3.27727
4200 -8.45727 -9.75727
4201 -11.4573 1.80273
4202 -23.4573 8.99273
4203 8.54273 -25.9273
4204 4.54273 0.00273022
4205 25.5427 26.1227
4206 -15.4573 25.4727
4207 5.54273 -14.8873
4208 4.54273 9.51273
4209 -16.4573 -7.47727
4210 11.5427 2.61273
4211 5.54273 25.1827
4212 -21.4573 22.6627
4213 4.54273 -0.30727
4214 5.54273 -15.1673
4215 7.54273 25.4227
4216 13.5427 20.5127
4217 23.5427 4.24273
4218 21.5427 0.52273
4219 -11.4573 4.27273
4220 -10.4573 -6.89727
4221 -1.45727 15.6627
4222 16.5427 22.9527
4223 -7.45727 13.3727
4224 -10.4573 25.5227
4225 23.5427 -7.60727
4226 16.5427 -19.7573
4227 -3.45727 13.3027
4228 -9.45727 -3.96727
4229 -14.4573 2.38273
4230 22.5427 13.2427
4231 -21.4573 -1.21727
4232 -8.45727 10.8727
4233 26.5427 -5.93727
4234 -21.4573 2.67273
4235 -15.4573 16.7627
4236 -9.45727 -14.4273
4237 17.5427 -22.3173
4238 -11.4573 19.0427
4239 -11.4573 7.83273
4240 -28.4573 13.3027
4241 -3.45727 13.0227
4242 -13.4573 19.6427
4243 16.5427 -14.7073
4244 -5.45727 -10.8473
4245 -25.4573 14.3927
4246 -18.4573 8.80273
4247 -18.4573 19.4827
4248 -27.4573 14.5327
4249 3.54273 -0.60727
4250 -15.4573 -8.27727
4251 -6.45727 -13.6873
4252 -27.4573 22.9027
4253 -0.45727 -13.3373
4254 21.5427 -27.1173
4255 -3.45727 5.36273
4256 18.5427 23.0927
4257 -1.45727 -5.93727
4258 -12.4573 15.5427
4259 -0.45727 15.7427
4260 19.5427 18.3427
4261 0.54273 19.4227
4262 2.54273 20.6327
4263 8.54273 -22.3773
4264 -8.45727 6.29273
4265 -16.4573 -5.30727
4266 1.54273 8.50273
4267 25.5427 0.67273
4268 5.54273 -12.6873
4269 9.54273 6.20273
4270 -25.4573 8.68273
4271 21.5427 -23.8073
4272 0.54273 9.26273
4273 16.5427 0.83273
4274 -3.45727 12.9327
4275 -12.4573 -7.16727
4276 8.54273 5.54273
4277 -5.45727 0.74273
4278 -27.4573 23.0127
4279 -13.4573 1.18273
4280 16.5427 5.23273
4281 14.5427 -24.8473
4282 -18.4573 1.19273
4283 -5.45727 21.9827
4284 26.5427 14.4827
4285 -0.45727 25.5127
4286 11.5427 8.07273
4287 -3.45727 21.7827
4288 2.54273 8.81273
4289 17.5427 23.4727
4290 -26.4573 16.0227
4291 -23.4573 0.86273
4292 -4.45727 13.8927
4293 -5.45727 8.59273
4294 -24.4573 4.34273
4295 6.54273 18.0427
4296 26.5427 15.9627
4297 -3.45727 24.6327
4298 22.5427 25.3527
4299 -4.45727 4.99273
4300 12.5427 -17.3473
4301 -4.45727 -6.63727
4302 -23.4573 16.0627
4303 -3.45727 -1.61727
4304 23.5427 -2.91727
4305 -4.45727 25.9827
4306 -19.4573 5.48273
4307 -19.4573 0.00273022
4308 17.5427 -17.7073
4309 -22.4573 16.1127
4310 -26.4573 24.2027
4311 -28.4573 17.5327
4312 23.5427 -27.3173
4313 25.5427 11.6527
4314 -6.45727 24.1527
4315 -0.45727 19.7127
4316 -23.4573 19.4827
4317 -26.4573 21.3227
4318 21.5427 -24.4473
4319 7.54273 -12.7273
4320 17.5427 -25.5973
4321 -13.4573 -9.93727
4322 -7.45727 3.41273
4323 -8.45727 -4.90727
4324 17.5427 8.01273
4325 21.5427 15.6627
4326 -28.4573 20.2127
4327 24.5427 11.7127
4328 -4.45727 5.72273
4329 2.54273 24.7827
4330 -25.4573 6.34273
4331 -3.45727 5.47273
4332 -25.4573 26.4227
4333 20.5427 -23.7773
4334 -26.4573 15.3527
4335 -13.4573 15.4427
4336 -8.45727 1.07273
4337 -24.4573 13.4727
4338 -0.45727 14.4127
4339 12.5427 23.5127
4340 11.5427 -27.8973
4341 -15.4573 11.9727
4342 -11.4573 17.7327
4343 -3.45727 13.0627
4344 19.5427 -11.6173
4345 16.5427 19.1227
4346 19.5427 6.18273
4347 4.54273 4.40273
4348 16.5427 3.76273
4349 8.54273 -19.5773
4350 14.5427 -11.0373
4351 24.5427 -8.28727
4352 10.5427 24.6927
4353 -7.45727 19.8427
4354 -15.4573 18.0827
4355 2.54273 -16.1473
4356 -15.4573 -1.09727
4357 -3.45727 13.3527
4358 13.5427 -18.6873
4359 16.5427 17.8827
4360 9.54273 19.5827
4361 -27.4573 16.7427
4362 5.54273 17.9727
4363 -16.4573 5.70273
4364 20.5427 -28.3873
4365 -2.45727 -18.8173
4366 -28.4573 17.7927
4367 -14.4573 -9.05727
