%%index real_part   imaginary_part
4862 4862 4862
1 32.17 0.86
2 13.15 5.94
3 9.62 17.11
4 33.79 3.37
5 29.5 1.64
6 25.5 25.53
7 23.4 4.15
8 12.13 18.04
9 28.46 28.8
10 33.53 12.06
11 19.42 10.58
12 1.31 22.7
13 18.53 1.66
14 29.21 18.52
15 3.66 2.43
16 3.29 6.99
17 12.94 1.83
18 18.94 21.96
19 25.33 28.08
20 29.73 18.74
21 10.27 26.35
22 30.5 21.23
23 10.79 5.19
24 33.99 8.63
25 26.21 5.25
26 15.83 5.04
27 27.75 11.63
28 13.29 17.14
29 7.18 12.28
30 14.71 14.02
31 21.02 10.85
32 12.68 23.52
33 11.48 5.48
34 33.56 3.15
35 27.41 8.33
36 0.68 29.29
37 16.52 9.2
38 14.39 2.7
39 16.85 27.31
40 4.08 19.9
41 24.94 9.06
42 26.21 19.91
43 8.57 18.69
44 2.49 5.5
45 19.53 15.76
46 32.13 17.2
47 12.24 12.07
48 17.55 16.33
49 19.48 29.24
50 9.09 22.63
51 23.45 12.89
52 22.09 15.29
53 17.99 11.49
54 10.33 2.48
55 27.9 6.36
56 20.94 14.41
57 5.85 18.85
58 9.06 13.15
59 24.18 19.94
60 7.22 11.56
61 0.28 9.71
62 27.3 5.35
63 21.69 12.53
64 7.77 16.37
65 5 12.69
66 31.11 22.39
67 3.68 28.45
68 5.95 19.2
69 27.21 21.68
70 33.56 16.28
71 2.21 21.11
72 11.48 20.51
73 33.66 8.06
74 33.53 20.55
75 32.11 23.84
76 5.07 6.75
77 17.63 32.39
78 16.44 32.37
79 14.74 10.84
80 23.53 29.74
81 18.13 25.27
82 19.72 20.64
83 11.37 21.81
84 15.01 31.19
85 18.99 10.1
86 31.21 14.58
87 6.61 26.73
88 6.31 14.22
89 0.77 6.27
90 1.64 5.84
91 12.6 4.4
92 8.31 6.71
93 10.61 1.75
94 12.59 30.28
95 26.02 30.87
96 22.14 7.64
97 28.29 15.67
98 9 13.39
99 16.1 11.18
100 21.28 29.54
101 10.12 1.1
102 33.35 24.01
103 4.23 22.25
104 28.52 5.66
105 11.51 10.52
106 20.44 1.68
107 8.4 29.63
108 31.38 0.28
109 30.56 24.53
110 21.4 9.97
111 23.13 28.1
112 9.77 9.55
113 22.94 17.42
114 0.12 18.77
115 14.31 10.56
116 11.66 21.4
117 16.94 29.95
118 23.72 11.01
119 22.2 26.69
120 3.22 18.25
121 19.93 33.71
122 29.34 29.18
123 29.46 33.85
124 29.9 32.24
125 13.73 26.02
126 20.12 17.31
127 32.38 2.86
128 25.81 1.41
129 25.71 21.32
130 31.88 25.93
131 18.86 11.54
132 13.02 15.07
133 31.6 1.8
134 28.49 2.74
135 26.51 19.8
136 25.03 3.23
137 3.94 17.97
138 17.82 20.37
139 24.13 33.4
140 30.95 13.73
141 2.56 3.86
142 6.73 22.59
143 24.01 0.94
144 27.78 32.54
145 24.47 21.24
146 32.78 31.18
147 17.77 9.33
148 16.65 17.32
149 20.07 20.9
150 6.7 16.67
151 25.42 12.58
152 30.55 3.26
153 23.63 29.36
154 28.77 19.9
155 5.15 13.77
156 23.15 25.72
157 14.31 13.23
158 14.17 29.88
159 28.42 9.84
160 2.6 7.95
161 10.65 24.42
162 33.75 1.39
163 18.71 28.43
164 15.33 21.93
165 4.6 10.3
166 22.89 27.55
167 30.81 30.02
168 25.39 24.96
169 16.38 25.97
170 11.26 25.68
171 17.4 21.53
172 0.76 0.41
173 30.3 3.23
174 18.6 20.45
175 33.92 30.24
176 20.66 21.2
177 28.11 10.58
178 10.53 25.94
179 13.87 18.35
180 28.65 25.86
181 24.93 23.99
182 20.01 17.54
183 14.03 21.75
184 19.24 16.92
185 8.6 30.41
186 23.47 30.5
187 2.43 31.52
188 6.28 29.75
189 16.21 32.73
190 0.5 24.88
191 17.6 21.65
192 32.23 21.16
193 13.1 11.72
194 30.07 8.76
195 6.14 32.49
196 22.48 30.24
197 19.31 2.6
198 24.35 8.5
199 30.94 33.34
200 1.27 15.11
201 17.13 11.07
202 8.59 24.74
203 20.5 19.56
204 23.82 14.87
205 11.27 8.23
206 29.88 24.32
207 11.48 0.4
208 12.12 33.64
209 13.92 30.11
210 28.6 13.71
211 9.95 20.07
212 22.67 17.09
213 31.11 29.26
214 0.12 18.54
215 5.17 28.05
216 5.12 1.4
217 31.66 22.3
218 7.86 19.24
219 0.11 18.16
220 31.91 31.68
221 22 16.91
222 17.31 27.8
223 32.96 5.01
224 1.12 0.95
225 20.18 12.88
226 4.47 29.72
227 12.81 1.65
228 30.92 27.14
229 17.2 9.92
230 9.5 2.56
231 9.48 27.89
232 16.19 20.14
233 5.38 7.15
234 30.83 29.58
235 27.26 11.02
236 27.93 28.75
237 28.07 20.79
238 25.8 16.76
239 17.71 27.03
240 5.91 32.44
241 28.16 3.89
242 5.54 10.39
243 9.05 12.5
244 27.94 7.98
245 16.07 31.78
246 31.19 3.44
247 29.11 25.55
248 32.7 13.39
249 8.97 0.49
250 11.51 1.06
251 29.81 7.75
252 28.54 10.96
253 27.72 29.4
254 27.95 25.86
255 24.3 16.95
256 20.84 5.38
257 21.29 18.47
258 2.49 31.91
259 11.41 1.87
260 33.65 30.43
261 5.4 27.48
262 24.56 2.36
263 15.75 0.51
264 6.52 28.78
265 29.84 30.24
266 4 18.04
267 0.52 31.17
268 26.57 4.06
269 29.93 28.25
270 11.2 20.52
271 25.91 20.23
272 10.22 3.57
273 1.48 18.72
274 20.59 18.23
275 14.67 18.41
276 17.42 20.24
277 22.61 25.59
278 31.62 7.98
279 8.28 9.88
280 6.13 4.14
281 27.7 4.13
282 1.3 15.65
283 19.71 28.23
284 22.48 33.4
285 19.92 21.16
286 12.92 5.2
287 8.77 17.35
288 2.08 23.14
289 12.9 15.77
290 5.71 22.67
291 14.44 27.57
292 24.68 23.13
293 2.63 8.57
294 23.97 22.3
295 31.96 10.91
296 20.56 1.62
297 17.27 25.67
298 25.42 21.87
299 26.79 8.51
300 29.67 19.42
301 24.62 12.71
302 1.59 8.59
303 3.26 4.92
304 20.69 9.19
305 3.38 16.16
306 15.25 26.4
307 21.05 23.34
308 3.43 11.45
309 33.75 23.68
310 6.12 27.41
311 0.55 3.23
312 0.42 26.68
313 20.07 23.35
314 31.86 25.84
315 11.26 12.86
316 31.1 33.05
317 13.17 7.41
318 12.33 4.21
319 18.92 21.95
320 9.63 33.02
321 30.95 22.3
322 17.17 30.4
323 7.85 18
324 13.21 20.6
325 19.53 13.12
326 16.35 19.33
327 17.53 25.61
328 14.96 16.78
329 14.14 3.61
330 21.99 18.34
331 22.91 30.93
332 4.34 19.09
333 23.3 2.08
334 29.55 22.19
335 26.73 13.74
336 2.05 5.18
337 1.58 23.68
338 13.21 24.74
339 16.86 14.95
340 28.07 26.42
341 11.75 7.92
342 33.53 10.43
343 32.73 29.28
344 4.41 14.49
345 4.35 18.39
346 15.32 26.41
347 11.5 27.26
348 0.87 25.18
349 13.37 6.33
350 20.07 30.42
351 7.13 11.63
352 1.31 27.64
353 23.9 14.23
354 29.19 14.52
355 12.46 6.77
356 14.69 23.26
357 5.21 24.21
358 25.02 14.22
359 0.23 9.46
360 27.86 29.43
361 21.84 4.58
362 3.36 14.7
363 5.89 4.87
364 16.72 4.23
365 6.18 24.78
366 2.41 8.31
367 7.48 18.83
368 4.58 9.25
369 29.29 31.38
370 4.15 33.77
371 28.56 7.76
372 3.49 24.36
373 10.1 5.29
374 14.76 28.51
375 29.47 10.33
376 20.43 14.14
377 28.84 22.83
378 33.22 29.32
379 33.55 6.25
380 31.04 15.94
381 24.26 11.25
382 1.6 33.45
383 14.22 3.26
384 0.64 6.19
385 11.48 9.52
386 17.28 10.32
387 0.68 11.56
388 16.86 26.29
389 20.81 10.79
390 26.64 3.14
391 22.8 21.8
392 10.63 18.6
393 13.92 17.64
394 23.9 9.86
395 31.32 18.99
396 1.77 26.46
397 25.91 27.1
398 30.36 3.37
399 15.08 11.66
400 21.18 31.01
401 12.85 26.57
402 9.65 9.98
403 2.27 13.53
404 29.84 26.51
405 1.17 23.08
406 16.4 28.01
407 12.61 23.97
408 13.14 32.56
409 8.42 26.53
410 17.04 8.56
411 1.02 11.26
412 4.37 18.81
413 22.19 32.45
414 10.11 0.73
415 3.26 8.79
416 1.36 31.29
417 7.27 16.11
418 1.17 11.02
419 9.05 9.55
420 4.15 31.01
421 25.02 15.75
422 11.24 20.56
423 19.12 9.15
424 7.2 24.38
425 4.46 33.06
426 15.84 24.25
427 14.58 5.48
428 3.94 20.21
429 26.47 8.29
430 17.09 19.57
431 16.87 29.73
432 17.37 23.97
433 6.51 29.66
434 10.73 18.54
435 21.07 21.09
436 2.84 20.41
437 6.97 12.1
438 26.77 19.6
439 9.99 31.61
440 2.19 33.98
441 29.75 19.97
442 25.46 18.03
443 9.77 10.33
444 18.63 0.92
445 20.49 2.24
446 3.49 7.24
447 31.21 8.88
448 4.55 20.86
449 5.4 3.73
450 24.82 15.28
451 1.69 26.48
452 10.1 33.18
453 18.78 14.18
454 17.31 2.87
455 8.37 0.29
456 20.27 25.02
457 14.58 9.64
458 25.5 11.73
459 18.17 24.35
460 26.59 10.13
461 22.89 4.66
462 13.55 30.08
463 22.47 20.1
464 29.35 23.62
465 4.9 27.87
466 25.87 20.17
467 24.87 12.12
468 31.82 1.97
469 10.37 9.66
470 9.95 20.66
471 17.2 24.26
472 33.91 1.74
473 18.99 31.78
474 27.65 25.41
475 7.06 3.16
476 7.83 20.24
477 21.85 29.95
478 16.05 26.9
479 16.52 10.32
480 9.71 16.93
481 3.1 26.94
482 10.58 1.59
483 9.08 33.5
484 9.16 8.41
485 0.59 19.45
486 9.72 24.63
487 26.38 17.79
488 21.1 9.63
489 6.56 16.89
490 20.06 14.75
491 6.52 13.62
492 9.57 33.41
493 26.31 33.89
494 15.73 31.14
495 19.59 8.83
496 1.77 25.44
497 32.55 28.22
498 27.72 17.88
499 26.29 7.64
500 27.09 2.88
501 33.03 32.4
502 21.71 8.33
503 23.48 25.41
504 13.83 8.81
505 29.09 30.04
506 15.18 33.89
507 4.82 1.61
508 1.5 30.27
509 32.94 31.13
510 11.48 22.75
511 14.19 18.53
512 12.75 18.77
513 2.65 12.75
514 25.91 6.47
515 14.87 0.46
516 32.86 24.52
517 32.86 13.91
518 10.84 26.1
519 6.43 22.34
520 23.91 24.67
521 30.08 1.52
522 8.65 10.61
523 6.89 0.9
524 32.03 10.15
525 32.9 5.83
526 29.88 15.03
527 33.81 18.62
528 2.89 8.64
529 15.11 2.46
530 2.93 28.8
531 19.32 1.51
532 15.42 7.31
533 33.41 23.7
534 17.57 26.26
535 16.94 5.85
536 7.37 7.48
537 18.09 18.54
538 19.45 16.03
539 31.7 30.5
540 2.33 17.48
541 4.04 2.13
542 26.27 32.22
543 12.38 3.85
544 6.31 0.68
545 29.48 33.01
546 0.52 14.76
547 22.08 20.32
548 10.03 15.94
549 13.73 27.01
550 32.86 27.6
551 6.6 2.19
552 20.73 11.76
553 33.31 30.21
554 26.72 6.18
555 29.19 2.53
556 10.18 0.57
557 4.31 33.23
558 3.08 7.97
559 8.65 16.69
560 15.71 14.91
561 29.68 4.13
562 29.98 21.75
563 3.7 23.28
564 21.81 6.01
565 33.61 22.95
566 25.14 26.2
567 3.96 11.73
568 7.94 11.87
569 18.06 8.79
570 16.84 0.66
571 1.24 18.77
572 18 32.55
573 6.52 5.55
574 27.77 26.6
575 7.51 20.7
576 30.35 15
577 2.75 8.71
578 3.51 26.33
579 3.86 11.97
580 0.92 25.33
581 17.53 8.99
582 20.72 26.06
583 3.94 27.01
584 7.32 28.67
585 0.85 27.52
586 12.29 29.68
587 28.23 2.09
588 13.17 1.81
589 28.41 6.28
590 32.5 12.46
591 27.46 1.92
592 16.16 28.85
593 26.71 30.21
594 8.19 19.67
595 16.52 30.57
596 5.57 14.63
597 6.7 0.05
598 32.58 26.29
599 26.48 16.16
600 15.2 5.9
601 1.59 27.34
602 0.95 27.49
603 29.3 1.34
604 13.14 19.64
605 32.1 29.23
606 2.67 11.64
607 6.5 25.56
608 27.3 18.83
609 10.03 33.21
610 29.78 7.01
611 21.64 26.55
612 32.13 6.87
613 33.17 33.86
614 16.02 30.71
615 8.14 25.65
616 24.51 31.22
617 30.23 15.25
618 16.59 25.47
619 11.11 31.05
620 31.8 29.74
621 7.38 14.74
622 6.3 0.48
623 24.83 19.4
624 24.13 33.6
625 6.61 0.86
626 32.94 19.92
627 26.79 33.78
628 33.64 2.59
629 4.82 31.48
630 28.66 21.19
631 23.93 12.96
632 28.21 19.17
633 16.16 25.69
634 28.26 16.33
635 12.07 32.8
636 13.54 26.07
637 26.55 24.97
638 10.38 19.84
639 24.97 17.38
640 23.77 0.51
641 25.95 3.1
642 8.4 28.23
643 2.34 24.27
644 21.75 8.05
645 29.24 7.16
646 25.65 21.93
647 7.11 24.69
648 16.38 19.86
649 2.19 28.79
650 27.59 10.65
651 2.72 19.78
652 10.76 7.13
653 32.5 0.79
654 23.69 26.66
655 27.17 28.99
656 3.61 18.98
657 18.73 24.65
658 14.92 12.02
659 20.07 21.07
660 28.24 8.19
661 30.13 20.83
662 17.04 25.41
663 11.27 8.76
664 3.55 33.43
665 15.6 18.99
666 4.77 31.15
667 9.8 23.84
668 24.63 21.05
669 13.71 8.3
670 8.81 14.32
671 4.83 12.41
672 3.06 12.43
673 24.45 23.56
674 10.64 23.5
675 31.69 16.04
676 2.87 10.4
677 1.81 27.82
678 2.58 19.91
679 24.86 18.6
680 9.11 11.66
681 8.81 6.46
682 30.3 19.41
683 11.98 24.13
684 3.96 26.45
685 12.3 25.7
686 9.63 12.77
687 25.2 17.13
688 12.21 18.21
689 7.71 21.17
690 3.21 22.85
691 4.77 5.4
692 4.75 11.6
693 3.04 12.1
694 2.23 12.85
695 24.51 27.9
696 5.89 11.34
697 2.27 4.84
698 28.98 7.71
699 5.69 14.26
700 11.48 32.94
701 17.23 17.99
702 6.64 21.11
703 5.32 13.96
704 1.13 18.85
705 13.23 18.55
706 23.95 4.35
707 21.47 23.52
708 1.63 0.22
709 13.08 24.51
710 23.94 3.86
711 20.72 9.11
712 13.96 1.35
713 14.58 28.52
714 8.78 14.46
715 18.92 20.27
716 4.26 20.26
717 7.37 2.15
718 16.11 16.42
719 1.28 18.21
720 2.76 22.77
721 27.12 20.03
722 9.55 32.23
723 3.98 14.59
724 10.63 11.18
725 20.56 17.06
726 31.69 0.57
727 1.92 12.81
728 7.33 17.17
729 3.15 16.5
730 8.3 21.63
731 7.89 22.07
732 29.75 18.08
733 0.51 20.78
734 10.51 11.86
735 6.15 7.31
736 27.34 13.27
737 17.02 4.79
738 24.91 2.89
739 19.6 21
740 9.58 1.54
741 7.63 6.16
742 24.49 7.28
743 29.97 9.55
744 31.57 31.82
745 19.45 33.13
746 21.2 11.39
747 29.48 32.86
748 19.64 16.95
749 0.34 29.99
750 3.3 30.15
751 14.94 12.01
752 16.81 2.16
753 5.05 31.97
754 18.97 7.72
755 9.26 24.65
756 2.34 0.08
757 7.36 16.89
758 31.96 26.83
759 30.18 8.85
760 7.98 1.05
761 12.45 21.15
762 20.02 0.71
763 23.18 7.93
764 9.44 11.18
765 12.86 29.04
766 7.06 18.26
767 20.42 27.8
768 31.29 23.87
769 31.59 30.99
770 21.65 21.79
771 21.87 12.37
772 0.78 29.51
773 22.34 0.75
774 9.6 32.74
775 5.31 18.52
776 5.68 23.11
777 23.82 23.28
778 2.73 31.22
779 8.4 13
780 8.05 12.17
781 1.95 21.26
782 20.59 15.11
783 4.98 22.37
784 24.89 17.88
785 5.67 8.09
786 20.46 12.54
787 8.05 33.06
788 5.33 21.24
789 25.5 1.91
790 25.96 14.94
791 4.05 2.33
792 25.62 3.16
793 0.38 27.87
794 12.39 28.35
795 12.05 14.3
796 1.57 20.44
797 1.55 14
798 7.9 22.16
799 11.56 12.05
800 25.66 32.79
801 16.85 22.76
802 21.82 17.64
803 4.88 30.42
804 3.85 27.16
805 13.62 1.9
806 9.76 29.81
807 32.97 23.19
808 22.58 1.38
809 1.25 4.87
810 19.18 0.97
811 21.42 13.3
812 32.83 26.27
813 19.95 28.49
814 12.07 6.73
815 11.04 31.51
816 20.27 3.73
817 21.38 27.89
818 29.83 13.62
819 12.3 31.78
820 5.21 33.68
821 29.5 31.44
822 20.63 -14.97
823 21.87 -33.99
824 4.87 -9.21
825 10.18 -23.12
826 7.95 -29.57
827 21.84 -3.12
828 31.62 -6.78
829 19.03 -7.79
830 10.82 -15.21
831 24.46 -1.59
832 1 -2.62
833 21.76 -11.84
834 15.15 -30.83
835 2.03 -0.06
836 3.02 -20.36
837 6.85 -31.53
838 3.05 -23.65
839 4.38 -28.72
840 23.36 -13.44
841 9.01 -20.08
842 23.21 -31.31
843 9.61 -2.37
844 10.16 -26.35
845 13.08 -28.64
846 1.75 -26.5
847 29.12 -3.54
848 15.39 -2.75
849 5.1 -16.88
850 22.46 -2.06
851 22.42 -7.14
852 10.19 -25.48
853 20.65 -0.79
854 29.51 -13.24
855 32.2 -25.03
856 16.64 -18.87
857 21.71 -7.21
858 15.1 -5.85
859 3.72 -31.32
860 31.49 -30.78
861 23.29 -16.8
862 20.34 -33.24
863 2 -18.41
864 1.3 -7.25
865 9.31 -7.1
866 14.24 -23.76
867 20.77 -3.25
868 9.56 -29.96
869 9.2 -7.42
870 3.98 -5.07
871 29.47 -7.41
872 20.14 -20.62
873 31.99 -17.18
874 20.02 -1.25
875 32.03 -7.23
876 29.55 -17.51
877 22.28 -21.32
878 11.26 -21.41
879 28.67 -24.28
880 2.9 -12.56
881 7.84 -9.5
882 18.28 -22.67
883 18.63 -0.13
884 7.56 -27.84
885 32.92 -33.35
886 6.76 -17.06
887 9.2 -33.91
888 22.61 -32.43
889 33.68 -12.71
890 19.94 -8.63
891 31.67 -3.23
892 24.56 -21.01
893 8.42 -19.95
894 15.75 -1.82
895 19.9 -3.09
896 18.12 -18.65
897 12.84 -33.26
898 33.4 -2.4
899 30.24 -31.47
900 2.35 -12.48
901 29.54 -0.68
902 0.59 -9.11
903 7.54 -10.26
904 22.97 -28.72
905 8.88 -12.74
906 15.98 -14.43
907 1.44 -12.07
908 32.02 -12.06
909 19.4 -9.86
910 18.48 -19.29
911 9.46 -5.3
912 10.08 -2.6
913 5 -22.31
914 25.3 -9.48
915 21.96 -1.24
916 7.45 -27.65
917 8.29 -23.02
918 33.28 -8.04
919 8.29 -21.35
920 0.1 -27.77
921 8.2 -17.17
922 29.24 -21.6
923 33.66 -9.64
924 25.03 -32.78
925 18.07 -24.58
926 1.4 -15.03
927 17.63 -27.53
928 21.36 -11.48
929 20.97 -28.15
930 0.91 -12.67
931 6.32 -14.45
932 9 -8.36
933 21.93 -20.13
934 7.49 -8.28
935 2.06 -1.74
936 18.91 -7.59
937 0.71 -15.78
938 30.95 -19.67
939 23.97 -5.89
940 30.47 -21.98
941 8.53 -8.04
942 7.09 -31.87
943 9.35 -26.16
944 25.83 -28.46
945 12.65 -1.84
946 16.3 -26.74
947 6.63 -24.49
948 10.63 -25.3
949 5.1 -28.56
950 1.82 -18.12
951 31.23 -12.68
952 28.47 -26.25
953 11.92 -31.94
954 3.83 -25.42
955 18.92 -7.41
956 20.97 -5.82
957 3.69 -27.45
958 25.13 -28.06
959 28.04 -18.56
960 20.41 -16.96
961 15.22 -6.69
962 31.19 -8.23
963 5.05 -21.85
964 21.93 -13.34
965 31.46 -10.15
966 28.36 -23.75
967 21.52 -28.69
968 32.15 -22.83
969 19.77 -33.44
970 12.37 -7.5
971 13.32 -10.21
972 9.18 -33.34
973 32.93 -22.53
974 7.09 -5.83
975 28.31 -26.97
976 5.19 -27.5
977 1.73 -9.53
978 2.91 -7.9
979 21.24 -12.3
980 27.98 -30.36
981 25.64 -24.22
982 24.43 -22.34
983 16.69 -13.16
984 18.13 -22.58
985 30.08 -2.46
986 18.19 -30.5
987 29.85 -14.92
988 3.45 -32.89
989 4.72 -28.78
990 27.27 -10.54
991 9.57 -33.03
992 14.08 -32.46
993 11.88 -16.82
994 29.13 -22.51
995 18.88 -33.12
996 23.34 -23.11
997 11.45 -16.04
998 29.2 -13.77
999 7.87 -28.14
1000 2.12 -13.33
1001 15.36 -9.47
1002 24.39 -25.83
1003 24.72 -16.73
1004 11.51 -33.36
1005 9.91 -0.96
1006 5.51 -10.3
1007 14.29 -25
1008 7.82 -19.59
1009 8.11 -26.17
1010 25.3 -8.47
1011 31.58 -26.99
1012 14.55 -20.16
1013 33.94 -14.55
1014 14.21 -9.75
1015 28.61 -7.81
1016 22.81 -16.33
1017 13.68 -15.49
1018 32.22 -13.2
1019 12.57 -9.92
1020 10.88 -15.25
1021 25.55 -28
1022 24.52 -16.39
1023 1.99 -5.84
1024 32.02 -32.34
1025 6.82 -15.62
1026 14.13 -28.84
1027 15 -9.92
1028 24.48 -28.68
1029 4.43 -20.46
1030 33.8 -10.21
1031 32.07 -4.56
1032 20.05 -22.61
1033 1.81 -11.75
1034 21.68 -18.27
1035 5.04 -19.9
1036 19.42 -32.56
1037 20.48 -30.6
1038 7.96 -9.94
1039 13.81 -22.47
1040 9.61 -11.5
1041 6.34 -26.15
1042 2.07 -23.74
1043 18.42 -21.35
1044 7.81 -32.07
1045 8.29 -28.37
1046 4.46 -7.61
1047 30.22 -6.36
1048 23.63 -24.51
1049 14.31 -3.56
1050 28.98 -11.31
1051 15.4 -19.35
1052 21.47 -19.93
1053 1.39 -1.88
1054 29.87 -0.96
1055 12.46 -15.2
1056 7.35 -5.48
1057 0.74 -18.81
1058 11.68 -14.95
1059 18.54 -19.16
1060 19.05 -25.01
1061 32.63 -26.83
1062 4.71 -23.51
1063 14.03 -0.37
1064 9.45 -28.35
1065 11.18 -33.86
1066 24.73 -9.96
1067 29.89 -26.58
1068 33.98 -12.21
1069 18.69 -31.28
1070 18.01 -29.85
1071 6.85 -31.15
1072 15.96 -30.88
1073 11.83 -7.59
1074 32.27 -27.64
1075 18.66 -1.9
1076 28.73 -17.33
1077 6.84 -22.81
1078 28.7 -4.97
1079 33.32 -26.39
1080 26.25 -4.16
1081 19.64 -10.5
1082 8.61 -22.51
1083 6.24 -15.53
1084 18.33 -8.59
1085 9.97 -24.93
1086 22.08 -2.34
1087 4.75 -16.82
1088 29.94 -9.57
1089 3.21 -22.1
1090 24 -28.21
1091 11.54 -27.39
1092 21.72 -24.26
1093 29.23 -18.39
1094 16.3 -21.95
1095 26.11 -0.07
1096 16.09 -14.08
1097 2.59 -17.27
1098 32.8 -30.22
1099 4.82 -8.83
1100 33.76 -22.65
1101 30.52 -20.31
1102 3.13 -27.36
1103 2.93 -1.27
1104 23.37 -33.07
1105 32.81 -11.67
1106 10.58 -18.9
1107 9.16 -10.35
1108 0.26 -32.31
1109 20.26 -9.91
1110 9.98 -16.57
1111 30.65 -17.89
1112 1.16 -31.59
1113 27.82 -4.76
1114 19.11 -5.48
1115 28.13 -32.64
1116 18.95 -24.39
1117 17.75 -30.17
1118 31.44 -27.6
1119 32.2 -20.69
1120 3.88 -26.34
1121 11.24 -31.01
1122 7.36 -14.46
1123 18.29 -25.92
1124 1.83 -13.15
1125 29.72 -10.07
1126 27.96 -11.81
1127 9.4 -31.89
1128 2.65 -0.64
1129 11.64 -3.22
1130 7.38 -27.28
1131 17.67 -11.3
1132 7.47 -31.85
1133 30.98 -1.42
1134 27.63 -4.92
1135 31.26 -29.18
1136 26.19 -31.51
1137 11.98 -14.02
1138 5.94 -5.07
1139 18.22 -1.79
1140 11.87 -7.77
1141 25.1 -19.46
1142 22.87 -5.83
1143 12 -6.02
1144 14.77 -31.04
1145 24.32 -23.64
1146 0.94 -27.67
1147 25.53 -7.99
1148 9.42 -8.42
1149 18.86 -22.51
1150 23.21 -8.57
1151 6.09 -21.64
1152 1.66 -20.92
1153 25.99 -23.59
1154 25.38 -13.12
1155 20.89 -15.74
1156 6.72 -3.25
1157 14.61 -17.51
1158 23.53 -29.6
1159 32.16 -26.61
1160 21.77 -4.3
1161 31.98 -22.49
1162 30.48 -22.72
1163 2.66 -29.03
1164 23.06 -11.42
1165 20 -27.04
1166 14.68 -12.27
1167 33.19 -26.09
1168 21.2 -16.34
1169 29.46 -30.7
1170 12.44 -12.58
1171 15.84 -21.87
1172 5.38 -24.69
1173 25.81 -30.45
1174 28.58 -0.43
1175 10.26 -23.97
1176 12.46 -16.35
1177 10.59 -13.76
1178 8.79 -14.47
1179 25.89 -18.77
1180 11.81 -3.37
1181 15.64 -17.41
1182 9.5 -26.49
1183 14.35 -14.83
1184 11.53 -2.22
1185 14.81 -15.33
1186 3.2 -29.5
1187 25.71 -2.17
1188 4.14 -14.1
1189 20.06 -17.52
1190 7.49 -32.72
1191 20.59 -30.32
1192 15.6 -19.96
1193 5.95 -2.71
1194 27 -29.91
1195 33.28 -31.84
1196 15.26 -4.82
1197 2.83 -14.92
1198 1.27 -30.28
1199 32.51 -17.19
1200 4.04 -18.32
1201 13.82 -18.84
1202 21.01 -12.77
1203 26.87 -5.53
1204 28.57 -25.15
1205 29.39 -18.45
1206 20.29 -2.07
1207 27.55 -21.5
1208 29.73 -1.89
1209 31.8 -33.5
1210 2.86 -22.74
1211 27.56 -31.08
1212 17.52 -18.12
1213 19.93 -1.91
1214 19.1 -18.79
1215 8.64 -23.96
1216 8.8 -23.15
1217 1.92 -22.46
1218 33.52 -29.81
1219 26.48 -0.31
1220 24.29 -33.61
1221 1.68 -27.39
1222 14.89 -10.58
1223 12.48 -29.23
1224 0.25 -16.15
1225 4.89 -15.8
1226 18.41 -3.12
1227 26.76 -32.45
1228 5.88 -1.93
1229 26.25 -18.21
1230 8.17 -24.99
1231 19.66 -0.89
1232 28.87 -16.97
1233 18.3 -27.1
1234 32.93 -33.91
1235 33.53 -16.3
1236 9.69 -23.22
1237 33.81 -6.73
1238 1.97 -30.11
1239 12.26 -17.81
1240 33.61 -7.74
1241 16.38 -22.67
1242 26.64 -18.02
1243 25.48 -9.15
1244 27.36 -32.52
1245 29.03 -17.73
1246 24.14 -7.06
1247 24.03 -14.69
1248 13.31 -19.01
1249 24.45 -13.86
1250 1.68 -17.77
1251 6.99 -23.98
1252 30.71 -11.38
1253 13.01 -12.32
1254 30.13 -4.2
1255 11.95 -30.79
1256 24.98 -1.27
1257 19.29 -28.33
1258 9 -17.62
1259 16.14 -10.77
1260 0.02 -7.89
1261 14.95 -11.18
1262 31.39 -24.16
1263 14.7 -10.5
1264 24.36 -10.71
1265 28.48 -5.15
1266 29.13 -26.05
1267 8.95 -6.99
1268 24.84 -31.36
1269 1.57 -27.48
1270 29.79 -20.97
1271 27.76 -19.04
1272 18.89 -20.77
1273 4.39 -18.58
1274 0.87 -33.42
1275 7.31 -26.05
1276 3.23 -0.9
1277 30.58 -22.26
1278 32.76 -0.63
1279 16.86 -11.28
1280 16.43 -28.65
1281 26.22 -16.86
1282 23.85 -17.08
1283 14.45 -6.69
1284 5.69 -14.69
1285 7.19 -21.54
1286 6.58 -1.48
1287 27.77 -6.47
1288 25.05 -25.47
1289 24.89 -3.68
1290 29.73 -25.93
1291 32.35 -3.72
1292 31.5 -32.97
1293 5.12 -28.93
1294 6.22 -30.27
1295 30.44 -27.5
1296 10.36 -28.17
1297 11.26 -28.18
1298 6.39 -5.73
1299 20.43 -31.23
1300 18.77 -12.08
1301 19.08 -33.14
1302 5.61 -30.87
1303 27.86 -12.85
1304 16.53 -30.67
1305 28.12 -24.28
1306 28 -12.26
1307 16.75 -26.47
1308 26.92 -25.51
1309 27.3 -27.39
1310 20.89 -33.14
1311 32.84 -29.26
1312 23.44 -31.25
1313 2.99 -15.62
1314 12.85 -29.83
1315 7.91 -28.94
1316 28.08 -3.14
1317 0.01 -32.51
1318 11.36 -5.21
1319 7.4 -27.87
1320 18.15 -33.41
1321 11.67 -7.04
1322 33.51 -12.16
1323 9.19 -33.95
1324 27.34 -26.44
1325 31.1 -2.49
1326 31.75 -14.24
1327 11.49 -1.46
1328 17.08 -26.71
1329 22.54 -20
1330 14.94 -1.45
1331 4.59 -1.97
1332 0.48 -14.54
1333 25.28 -4.6
1334 4 -17.36
1335 16.77 -32.68
1336 5.73 -22.15
1337 5.83 -33.96
1338 33.91 -10.76
1339 8.72 -15.02
1340 17.51 -32.78
1341 13.02 -5.83
1342 7.29 -20.78
1343 13.49 -30.03
1344 16.04 -29.9
1345 31.35 -7.55
1346 9.52 -2.5
1347 17.05 -7.47
1348 12.07 -15.52
1349 4.4 -13.85
1350 12.53 -21.59
1351 9.75 -21.17
1352 26.66 -23.78
1353 6.07 -21.1
1354 2.13 -32.09
1355 30.87 -14.79
1356 26.14 -25.16
1357 11.95 -15.41
1358 11.45 -4.96
1359 0.86 -30.96
1360 4.52 -33.01
1361 1.51 -3.73
1362 11.2 -19.56
1363 6.61 -24.08
1364 3.93 -28.8
1365 16.39 -11.01
1366 32.19 -21.99
1367 17.29 -31.66
1368 18.77 -24.85
1369 22.94 -23.36
1370 9.68 -20.9
1371 17.58 -25.34
1372 6.75 -1.82
1373 6.78 -29.53
1374 26.5 -18.2
1375 22.73 -13.16
1376 16.9 -2.54
1377 22.1 -24.25
1378 19.85 -33.62
1379 28.42 -28.71
1380 5.73 -29.31
1381 17.3 -10.82
1382 14 -9.44
1383 5.81 -6.11
1384 29.48 -32.77
1385 25.19 -0.27
1386 25.61 -5.16
1387 12.5 -8.78
1388 9.83 -3.89
1389 27.61 -19.29
1390 3.97 -2.33
1391 10.39 -16.35
1392 12.12 -20.87
1393 26.02 -32.5
1394 32.73 -31.97
1395 32.8 -20.44
1396 2.78 -9.98
1397 24.94 -16.1
1398 22.22 -16.79
1399 21.08 -30.75
1400 2.55 -23.22
1401 33.9 -12.28
1402 21.06 -33.68
1403 3.57 -12.4
1404 3.21 -30.89
1405 4.75 -31.19
1406 13.54 -7.19
1407 33.58 -20.66
1408 24.68 -31.18
1409 29.15 -25.6
1410 17.57 -23.42
1411 4.92 -27.96
1412 15.58 -20.35
1413 8.66 -29.87
1414 32.14 -9.32
1415 4.06 -29.75
1416 13.55 -0.69
1417 0.38 -3.96
1418 16.37 -6.13
1419 8.54 -3.95
1420 6.66 -19.58
1421 32.29 -13.29
1422 5.48 -25.72
1423 22.9 -31.88
1424 29 -30.16
1425 25.1 -23.58
1426 23.06 -12.57
1427 4.45 -30.03
1428 25.9 -4.64
1429 19.49 -18.63
1430 14.38 -24.04
1431 30.26 -23.55
1432 33.04 -33.45
1433 5.58 -30.64
1434 6.11 -20.93
1435 12.03 -14.13
1436 32.94 -18.3
1437 10.02 -10.33
1438 13.73 -4.42
1439 6.11 -32.93
1440 22.51 -8.73
1441 26.83 -31.21
1442 27.24 -11.57
1443 21.73 -2.8
1444 21.43 -24.66
1445 20.23 -12.74
1446 7.82 -7.34
1447 6.79 -16.49
1448 18.65 -6.86
1449 27.79 -17.9
1450 32.03 -30.28
1451 14.58 -5.82
1452 21.67 -2.49
1453 12.44 -24.61
1454 29.06 -1.4
1455 15.66 -18.55
1456 15.76 -23.09
1457 0.66 -14.01
1458 16.81 -14.53
1459 5.19 -27.91
1460 6.66 -4.24
1461 11.58 -30.94
1462 13.43 -14.48
1463 21.34 -23.9
1464 7.8 -3.6
1465 33.89 -20.65
1466 31.99 -11.35
1467 13.84 -19.99
1468 10.6 -19.67
1469 21.07 -31.8
1470 16.35 -11.18
1471 0.27 -8.25
1472 22.26 -3.64
1473 23.69 -6.45
1474 0.37 -10.59
1475 20.36 -28.88
1476 31.35 -12.55
1477 27.03 -31.94
1478 27.36 -10.78
1479 14.39 -19.89
1480 12.06 -1.16
1481 12.51 -19.8
1482 5.79 -10.05
1483 29.72 -31.88
1484 29.68 -21.92
1485 33.1 -22.32
1486 30.57 -17.56
1487 26.72 -4.9
1488 11.35 -24.36
1489 6.47 -16.41
1490 16.81 -11.72
1491 29.79 -26.83
1492 30.3 -14.16
1493 24.95 -22.82
1494 14.23 -23.66
1495 24.83 -10.86
1496 2.18 -26.29
1497 2.35 -8.86
1498 6.74 -7.97
1499 29.89 -3.59
1500 25.91 -7.95
1501 25.51 -0.52
1502 5.42 -28.01
1503 23.89 -23.75
1504 6.16 -16.77
1505 0.02 -30.36
1506 23.2 -22.97
1507 3.14 -29.81
1508 24.16 -25.02
1509 14.68 -33.61
1510 15.99 -9.91
1511 2.21 -11.03
1512 19.9 -18.17
1513 26.14 -10.08
1514 13.67 -32.16
1515 6.11 -27.56
1516 28.08 -11.11
1517 5.12 -3.14
1518 26.89 -33.5
1519 21.79 -29.01
1520 30.89 -33.05
1521 27.55 -21.81
1522 23.15 -25.61
1523 16.63 -2.21
1524 7.34 -13.31
1525 23.22 -31.32
1526 8.35 -23.33
1527 13.02 -30.95
1528 7.03 -33.77
1529 31.94 -10.68
1530 4.24 -26.23
1531 3.34 -4.05
1532 12.72 -3.84
1533 8.86 -8.46
1534 8.99 -5.61
1535 10.19 -30.66
1536 23.99 -11.4
1537 3.02 -3.74
1538 11.47 -13.14
1539 31.97 -25.17
1540 22.49 -18.81
1541 13.66 -26.72
1542 23.67 -2.37
1543 2.14 -26.68
1544 8.88 -2.23
1545 28.46 -5.6
1546 15.18 -18.65
1547 22.49 -3.32
1548 17.3 -27.9
1549 5.03 -31.36
1550 33.54 -31.81
1551 9.21 -15.22
1552 24.48 -23.53
1553 8.2 -12.23
1554 8.93 -1.95
1555 26.28 -6.17
1556 32.89 -31.42
1557 5.31 -11.46
1558 4.14 -28.09
1559 1.84 -12.98
1560 18.58 -18.55
1561 3.2 -1.82
1562 5.14 -33.76
1563 27.66 -31.21
1564 0.09 -27.96
1565 25.77 -32.7
1566 19.44 -33.63
1567 28.69 -0.98
1568 18.74 -15.45
1569 22.92 -2.89
1570 14.58 -27.67
1571 30.61 -15.21
1572 26.67 -19
1573 13.09 -7.45
1574 20.43 -2.34
1575 26.41 -20.45
1576 22.27 -5.01
1577 10.3 -29.61
1578 32.34 -27.41
1579 21.37 -9.48
1580 13.7 -32.44
1581 3.59 -18.66
1582 19.64 -33.15
1583 14.6 -32.28
1584 6.69 -9.9
1585 3.57 -9.04
1586 24.25 -26.8
1587 11.8 -5.71
1588 13.16 -22.45
1589 30.31 -30.41
1590 16.86 -33.59
1591 10.12 -22.72
1592 18.33 -5.13
1593 4.06 -25.94
1594 1.43 -22.19
1595 20.63 -30.95
1596 15.61 -15.13
1597 19.8 -24.23
1598 28.03 -1.25
1599 16.68 -5.92
1600 14.97 -6.25
1601 33.05 -25.77
1602 31.48 -10.74
1603 33.19 -10.85
1604 7.26 -16.16
1605 21.27 -29.5
1606 18.22 -29.64
1607 0.77 -2.92
1608 28.86 -8.07
1609 30.27 -4.83
1610 1.78 -30.29
1611 16.95 -22.42
1612 18.17 -17.39
1613 24.16 -8.27
1614 14.2 -17.73
1615 23.98 -6.84
1616 32.62 -29.17
1617 5.91 -23.03
1618 5.4 -1.62
1619 17.79 -10.63
1620 6.13 -18.18
1621 13.82 -5.06
1622 7.98 -29.88
1623 9.47 -14.59
1624 24.94 -2.85
1625 4.66 -11.26
1626 5.21 -26.72
1627 15.63 -27.13
1628 1.41 -23.38
1629 7.11 -11.31
1630 18.16 -21.13
1631 16.3 -2.61
1632 31.16 -22.3
1633 23.92 -27.73
1634 4.36 -2.56
1635 26.26 -7.71
1636 18.3 -16.02
1637 17.42 -6.08
1638 26.19 -26.28
1639 0.65 -32.41
1640 15.2 -17.13
1641 15.37 -10.84
1642 9.49 -20.41
1643 -15.31 -2.52
1644 -13.84 -10.9
1645 -3.55 -27.95
1646 -30.56 -3.52
1647 -25.82 -19.85
1648 -19.11 -27.73
1649 -1.81 -21.26
1650 -0.5 -28.99
1651 -16.53 -33.6
1652 -5.68 -24.32
1653 -16.6 -5.47
1654 -9.41 -3.4
1655 -26.05 -22.78
1656 -5.14 -24.61
1657 -16.54 -12.95
1658 -15.47 -14.63
1659 -31.06 -3.37
1660 -31.32 -0.83
1661 -9.87 -0.61
1662 -25.99 -33.41
1663 -32.66 -7.21
1664 -28.48 -11.1
1665 -11.61 -5.99
1666 -5.59 -0.5
1667 -24.82 -33.67
1668 -5.14 -16.8
1669 -20.2 -12.94
1670 -1.72 -14.55
1671 -10.68 -12.25
1672 -30.72 -12.38
1673 -27.02 -32.74
1674 -2.12 -17.72
1675 -18.55 -24.08
1676 -30.21 -4.96
1677 -4.37 -33.95
1678 -7.16 -22.2
1679 -4.82 -3.03
1680 -14.55 -7.16
1681 -7.66 -16.44
1682 -16.11 -20.14
1683 -2.94 -32.48
1684 -11.43 -26.77
1685 -12.85 -23.14
1686 -6.92 -18.67
1687 -2.58 -23.53
1688 -27.8 -3.64
1689 -26.88 -29.6
1690 -25.2 -1.44
1691 -6.4 -16.96
1692 -16.91 -21.41
1693 -15.14 -16.3
1694 -19.33 -24.07
1695 -31.24 -19.96
1696 -7.92 -5.4
1697 -25.55 -10.42
1698 -8.91 -29.55
1699 -22.33 -28.49
1700 -23.16 -25.86
1701 -16.05 -1.18
1702 -30.23 -1.6
1703 -5.24 -18.63
1704 -14.23 -29.55
1705 -30.99 -3.65
1706 -20.61 -10.95
1707 -3.89 -3.4
1708 -19.7 -3.52
1709 -33.11 -19.03
1710 -10.51 -10.55
1711 -15.96 -1.87
1712 -12.3 -18.44
1713 -13.99 -7.51
1714 -7.52 -21.21
1715 -18.59 -7.84
1716 -9.02 -30.68
1717 -32.28 -0.64
1718 -19.28 -10.78
1719 -6.33 -9.05
1720 -12.7 -5.03
1721 -21.51 -3.33
1722 -12.25 -4.83
1723 -8.35 -25.4
1724 -15.95 -31.95
1725 -14.02 -12.98
1726 -14.86 -31.98
1727 -16.42 -29.98
1728 -9.01 -27.16
1729 -14.37 -1.94
1730 -9.78 -16.54
1731 -18.74 -4.48
1732 -5.12 -24.33
1733 -6.63 -22.55
1734 -31.6 -29.92
1735 -6.48 -12.96
1736 -21.81 -15.82
1737 -20.65 -33.51
1738 -30.43 -0.06
1739 -3.53 -0.52
1740 -13.5 -17.9
1741 -15.88 -17.56
1742 -19.06 -33.88
1743 -27.04 -32.31
1744 -0.25 -28.08
1745 -16.14 -12.93
1746 -17.41 -15.55
1747 -5.88 -6.4
1748 -28.95 -28.06
1749 -29.5 -12.51
1750 -31 -32.07
1751 -13.89 -7.5
1752 -7.01 -24.33
1753 -24.4 -6.06
1754 -12.1 -3.44
1755 -21.34 -33.45
1756 -22.53 -31.13
1757 -31.01 -3.23
1758 -7.06 -7.6
1759 -7.2 -29.58
1760 -8.51 -12.83
1761 -28.38 -23.34
1762 -29.74 -25.93
1763 -25.51 -5.79
1764 -23.82 -30.22
1765 -28.29 -21.01
1766 -28.52 -20.82
1767 -11.16 -13.71
1768 -25.29 -7.05
1769 -16.02 -7.08
1770 -12.05 -3.4
1771 -6.05 -3.36
1772 -12.11 -0.59
1773 -8.19 -8.58
1774 -4.16 -19.17
1775 -3.52 -20.91
1776 -15.77 -12.68
1777 -10.13 -31.91
1778 -9.22 -17.03
1779 -13.25 -7.16
1780 -28.17 -33.04
1781 -19.87 -7.55
1782 -21.26 -28.21
1783 -6.79 -2.55
1784 -15.15 -12.55
1785 -21.47 -22.81
1786 -26.17 -27.2
1787 -27.79 -33.04
1788 -7.63 -9.81
1789 -0.5 -7.5
1790 -28.41 -17.31
1791 -29.99 -4.03
1792 -1.94 -10.18
1793 -27.22 -11.64
1794 -18.8 -16.68
1795 -15.72 -11.99
1796 -19.54 -18.5
1797 -18.23 -1.59
1798 -9.66 -12.32
1799 -30.4 -25.02
1800 -13.83 -24.81
1801 -18.02 -23.39
1802 -22.44 -11.53
1803 -21.34 -11.81
1804 -19.32 -1.59
1805 -18.9 -27.36
1806 -31.39 -19.25
1807 -0.96 -20.42
1808 -3.58 -4.85
1809 -21.53 -28.18
1810 -6.17 -22.39
1811 -12.41 -3.26
1812 -10.37 -31.24
1813 -9.56 -2.16
1814 -32.71 -20.04
1815 -16.37 -5.96
1816 -29.36 -12.54
1817 -29.59 -0.39
1818 -17.73 -23.32
1819 -24.91 -22.45
1820 -15.82 -8.57
1821 -27.82 -9.81
1822 -1.75 -18.73
1823 -23.59 -28.78
1824 -28.48 -5.34
1825 -33.25 -11.12
1826 -14.38 -6.18
1827 -3.42 -17.18
1828 -19.34 -30.28
1829 -21.84 -18.5
1830 -29.99 -18.05
1831 -2.12 -4.21
1832 -10.13 -30.87
1833 -20.19 -3.23
1834 -31.21 -27.86
1835 -7.95 -16.62
1836 -26.43 -13.03
1837 -31.76 -1.77
1838 -2.08 -33.71
1839 -5.05 -26.87
1840 -4 -2.08
1841 -13.78 -4.3
1842 -27 -23.9
1843 -20.18 -22.72
1844 -7.23 -12.34
1845 -1.92 -8.02
1846 -17.76 -8.74
1847 -5.61 -9.56
1848 -12.79 -27.89
1849 -21.75 -25.8
1850 -8.42 -10
1851 -28.55 -29.7
1852 -2.99 -6.37
1853 -6.08 -31.84
1854 -24.71 -10.59
1855 -18.2 -16.65
1856 -26.47 -28.71
1857 -18.62 -31.98
1858 -20.71 -19.47
1859 -3.34 -10.32
1860 -23.87 -33.46
1861 -8.2 -5.26
1862 -14.82 -7.63
1863 -1.52 -13.81
1864 -11.13 -33.13
1865 -9.14 -28.79
1866 -30.01 -25.07
1867 -2.96 -9.21
1868 -7.05 -4.52
1869 -15.12 -14.57
1870 -31.22 -31.77
1871 -26.48 -4.84
1872 -2.82 -29.22
1873 -14.69 -16.62
1874 -32.47 -29.05
1875 -28.51 -23.55
1876 -0.33 -22.34
1877 -1.49 -8.23
1878 -27.56 -20.67
1879 -19.81 -8.53
1880 -3.32 -4.69
1881 -1.28 -0.47
1882 -9.68 -33.33
1883 -9.37 -4.25
1884 -18.82 -16.74
1885 -20.03 -24.49
1886 -0.85 -21.56
1887 -16.78 -18.03
1888 -0.66 -9.2
1889 -4.25 -3
1890 -26.55 -4.65
1891 -26.99 -4.29
1892 -12.52 -26.89
1893 -13.56 -0
1894 -8.53 -11.61
1895 -16.3 -4.89
1896 -5.36 -17.37
1897 -22.22 -17.59
1898 -21.84 -20.57
1899 -8.83 -31.59
1900 -27.61 -12.18
1901 -33.74 -28.86
1902 -12.89 -28.46
1903 -3.66 -16.53
1904 -19.53 -19.07
1905 -23.72 -13.44
1906 -17.73 -17.6
1907 -10.49 -22.23
1908 -22.23 -1.77
1909 -13.38 -29.58
1910 -0.47 -2.28
1911 -19.65 -1.21
1912 -24.32 -11.36
1913 -31.93 -7.87
1914 -5.47 -12.16
1915 -29.86 -6.76
1916 -7.14 -33.08
1917 -27.54 -29.6
1918 -17.65 -20.03
1919 -10.63 -2.73
1920 -16.17 -3.18
1921 -20.79 -0.35
1922 -22.59 -5.42
1923 -7.19 -2.8
1924 -32.38 -16.34
1925 -18.63 -26.1
1926 -27.31 -4.38
1927 -15.74 -4.28
1928 -17.68 -17.63
1929 -1.31 -13.67
1930 -25.95 -23.15
1931 -27.75 -31.17
1932 -32.29 -33.09
1933 -24.64 -26.81
1934 -29.54 -15.95
1935 -24.65 -1.27
1936 -1.63 -17.23
1937 -22.65 -16.96
1938 -19.77 -29.74
1939 -17.6 -29.85
1940 -27.47 -23.67
1941 -28.05 -2.23
1942 -12.04 -20.78
1943 -9.93 -15.31
1944 -28.98 -1.24
1945 -24.39 -16.76
1946 -13.93 -26.45
1947 -31.06 -23.66
1948 -16.47 -17.74
1949 -33.69 -21.71
1950 -28.5 -17.54
1951 -0.77 -24.35
1952 -12.83 -30.13
1953 -31.39 -23.43
1954 -24.8 -32.6
1955 -27.8 -15
1956 -22.75 -18.27
1957 -10.57 -27.37
1958 -8.69 -6.31
1959 -13.07 -26.02
1960 -8.78 -3.67
1961 -1.65 -8.98
1962 -32.64 -22.71
1963 -11.97 -32.71
1964 -20.42 -20.64
1965 -4.18 -11.67
1966 -7.54 -14.93
1967 -16.58 -10.47
1968 -5.42 -20.37
1969 -24.5 -19.5
1970 -6.02 -1.74
1971 -25.53 -23.82
1972 -17.19 -0.29
1973 -12.13 -7.62
1974 -33.64 -25.88
1975 -1.08 -25.2
1976 -0.19 -8.42
1977 -2.65 -2.73
1978 -1.44 -32.83
1979 -24.99 -14.63
1980 -31.82 -27.39
1981 -13.84 -29.17
1982 -11.17 -10.88
1983 -2.77 -1.94
1984 -26.96 -16.59
1985 -23.86 -27.27
1986 -22.61 -32.98
1987 -4.8 -15.39
1988 -23.02 -5.81
1989 -31.69 -16.93
1990 -8.13 -22.66
1991 -2.61 -32.77
1992 -7.02 -13.84
1993 -18.2 -5.26
1994 -19.89 -13.99
1995 -7.38 -9.19
1996 -4.37 -17.71
1997 -28.59 -26.74
1998 -0.2 -21.06
1999 -9.17 -31.37
2000 -30.16 -27.17
2001 -31.67 -33.03
2002 -19.95 -18.78
2003 -24.59 -2.47
2004 -24.92 -14.49
2005 -3.15 -27.8
2006 -32.1 -4.58
2007 -18.42 -5.76
2008 -16.55 -5.12
2009 -19.11 -2.62
2010 -11.82 -2.44
2011 -25.68 -32.01
2012 -30.27 -21.71
2013 -14.29 -20.27
2014 -23.16 -30.48
2015 -29.17 -23.46
2016 -28.02 -24.85
2017 -9.63 -26.84
2018 -0.84 -13.97
2019 -28.46 -5.74
2020 -33.54 -25.76
2021 -30.34 -3.13
2022 -14.42 -31.64
2023 -8.29 -20.29
2024 -22.91 -30.97
2025 -4.93 -32.92
2026 -30.94 -6.25
2027 -33.48 -30.61
2028 -22.41 -27.21
2029 -29.21 -13.77
2030 -8.76 -17.09
2031 -7.94 -24.38
2032 -22.75 -2.78
2033 -22.27 -17.57
2034 -28.83 -23.59
2035 -15.35 -22.25
2036 -25.38 -33.9
2037 -3.06 -17.22
2038 -3.51 -11.32
2039 -8.29 -11.35
2040 -10.28 -31.94
2041 -9.72 -13.23
2042 -15.36 -12.74
2043 -11.47 -14.72
2044 -0.02 -3.77
2045 -26.39 -12.21
2046 -2.59 -8.78
2047 -17.08 -0.33
2048 -23.43 -30.86
2049 -20.45 -5.35
2050 -27.6 -18.26
2051 -18.16 -7.33
2052 -30.07 -24.5
2053 -1.83 -26.75
2054 -4.1 -5.1
2055 -8.56 -15.64
2056 -0.39 -19.9
2057 -4.16 -18.28
2058 -4.53 -15.76
2059 -25.05 -15.64
2060 -27.85 -4.55
2061 -18.85 -17.44
2062 -23.3 -1.96
2063 -32.83 -7.45
2064 -12.8 -12.73
2065 -30.99 -24.8
2066 -3.65 -11.92
2067 -7.94 -20.68
2068 -18.95 -33.72
2069 -10.34 -15.29
2070 -30.94 -28.57
2071 -14.48 -18.91
2072 -8.71 -31.33
2073 -18.61 -18.64
2074 -5.8 -13.24
2075 -23.31 -15.19
2076 -4.15 -33.65
2077 -7.14 -13.68
2078 -21.13 -27.45
2079 -6.18 -5.97
2080 -2.29 -5.45
2081 -22.89 -8.7
2082 -0.9 -5.95
2083 -11.19 -30.84
2084 -12.13 -19.85
2085 -14.42 -21.54
2086 -6.45 -14.59
2087 -11.93 -0.42
2088 -24.59 -20.68
2089 -33.93 -2.06
2090 -22.77 -30.39
2091 -30.05 -28.76
2092 -8.45 -26.93
2093 -20.38 -8.71
2094 -14.68 -29.58
2095 -1.04 -32.09
2096 -12.31 -22.49
2097 -28.44 -23.93
2098 -26.29 -13.21
2099 -4.58 -11.16
2100 -32.7 -4.43
2101 -19.02 -24.52
2102 -24.95 -10.67
2103 -31.35 -2.47
2104 -10.06 -15.54
2105 -11.93 -2.8
2106 -31.57 -32.83
2107 -25.76 -13.5
2108 -27.73 -11.54
2109 -7.12 -17.67
2110 -21.28 -8.41
2111 -30.91 -13.68
2112 -9.14 -33.59
2113 -12.8 -30.87
2114 -8.03 -1.43
2115 -11.38 -22.9
2116 -13.42 -12.25
2117 -28.44 -1.93
2118 -4.4 -9.89
2119 -30.95 -25.8
2120 -0.12 -14.46
2121 -18.82 -14.41
2122 -33.43 -3.21
2123 -14.75 -10.58
2124 -33.77 -27.17
2125 -1.58 -27.4
2126 -12.6 -21.05
2127 -20.64 -4.01
2128 -6.41 -21.74
2129 -28.7 -4.96
2130 -33.38 -19.96
2131 -32.22 -6.08
2132 -8.01 -12.81
2133 -28.22 -26.66
2134 -23.98 -17.94
2135 -3.92 -25.18
2136 -5.59 -29.63
2137 -32.84 -22.74
2138 -4.85 -5.02
2139 -32.19 -19.12
2140 -12.52 -4.62
2141 -31.2 -5.3
2142 -14.83 -30.64
2143 -18.39 -23.36
2144 -28.33 -26.76
2145 -12.73 -13.09
2146 -24.69 -27.71
2147 -12.04 -16.47
2148 -14.65 -32.71
2149 -16.65 -11.79
2150 -2.97 -10.16
2151 -5.79 -26.09
2152 -14.84 -8.56
2153 -19.1 -4.63
2154 -23.75 -19.69
2155 -29.83 -22.82
2156 -28.12 -7.79
2157 -4.44 -32.55
2158 -21.92 -14.47
2159 -7.24 -28.35
2160 -12.96 -16.25
2161 -15.48 -19.97
2162 -7.96 -3.65
2163 -7.88 -33.05
2164 -10.84 -22.61
2165 -32.77 -30.05
2166 -22.15 -19.33
2167 -33.41 -4.56
2168 -9.2 -8.51
2169 -33.72 -18.51
2170 -7.33 -4.47
2171 -17.79 -29.55
2172 -33.63 -6.97
2173 -21.45 -22.23
2174 -22.1 -21.55
2175 -9.32 -28.69
2176 -20.18 -6.58
2177 -10.23 -30.32
2178 -29.37 -28.14
2179 -16.75 -23.64
2180 -25.21 -11.73
2181 -31.06 -21.05
2182 -25.61 -13.36
2183 -27.39 -30.47
2184 -20.51 -6.33
2185 -16.33 -27.11
2186 -28.19 -33.36
2187 -6.34 -0.12
2188 -27.87 -27.82
2189 -15.37 -33.31
2190 -28 -15.97
2191 -22.55 -30.21
2192 -26.53 -19.7
2193 -13.84 -4.3
2194 -33.46 -27.43
2195 -5.16 -2.11
2196 -23.16 -24.68
2197 -9.56 -7.75
2198 -9.74 -20.3
2199 -32.15 -2.96
2200 -1.59 -1.77
2201 -1.14 -14.48
2202 -20.12 -29.78
2203 -29.12 -13
2204 -12.31 -13.99
2205 -1.48 -10.49
2206 -12.22 -11.83
2207 -31.53 -29.55
2208 -5.38 -4.76
2209 -32.19 -16.89
2210 -24.52 -4.84
2211 -1.04 -8.87
2212 -16.62 -19.21
2213 -5.51 -16.13
2214 -19.09 -31.89
2215 -33.66 -9.18
2216 -23.67 -26.2
2217 -21.99 -6.32
2218 -19.32 -15.31
2219 -29.31 -22.63
2220 -4.65 -31.63
2221 -9.46 -2.31
2222 -31.87 -16.87
2223 -21.63 -12.51
2224 -29.4 -8.77
2225 -19.13 -19.82
2226 -0.22 -19.93
2227 -5.14 -20.18
2228 -2.31 -22.36
2229 -20.25 -16.17
2230 -25.35 -26.92
2231 -19.12 -25.44
2232 -31.76 -20.54
2233 -1.86 -12.63
2234 -6.79 -17.09
2235 -14.72 -2.69
2236 -5 -11.44
2237 -28.31 -29.71
2238 -8.22 -8.39
2239 -17.16 -15.95
2240 -7.29 -9.15
2241 -29.08 -7.82
2242 -33.52 -7.51
2243 -29.88 -5.74
2244 -21.91 -1.83
2245 -0.27 -21.65
2246 -13.09 -13.26
2247 -5.33 -24.91
2248 -9.07 -16.38
2249 -33.47 -7.19
2250 -9.88 -15.86
2251 -27.3 -19.71
2252 -15.42 -20.4
2253 -0.32 -27.13
2254 -9.08 -29.17
2255 -4.32 -23
2256 -30.82 -21.9
2257 -0.93 -33.4
2258 -5.14 -30.34
2259 -3.69 -2.33
2260 -23.99 -32.57
2261 -17.35 -3.96
2262 -0.4 -8.6
2263 -24.98 -22.68
2264 -1.39 -9.47
2265 -30.85 -29.97
2266 -15.69 -16.79
2267 -3.2 -29.67
2268 -22.8 -2.63
2269 -31.8 -3.52
2270 -26.52 -31.89
2271 -25.31 -2.12
2272 -7.04 -28.87
2273 -25.21 -26.24
2274 -0.1 -17.7
2275 -16.27 -28.91
2276 -4.39 -24.09
2277 -4.21 -33.63
2278 -27.83 -4.79
2279 -19.78 -0.72
2280 -2.21 -29.23
2281 -12.02 -16.63
2282 -12.3 -17.9
2283 -26.06 -20.74
2284 -29.78 -1.11
2285 -4.52 -23.86
2286 -25.99 -27.83
2287 -22.7 -1.35
2288 -27.59 -4.55
2289 -22.26 -13.91
2290 -14.34 -33.21
2291 -28.82 -4.53
2292 -9.68 -24.26
2293 -29.05 -33.04
2294 -5.28 -3.52
2295 -32.75 -20.36
2296 -8.51 -7.49
2297 -30.92 -16.29
2298 -3.04 -26.34
2299 -32.97 -22.98
2300 -12.84 -4.34
2301 -32.17 -3.49
2302 -10.36 -10.35
2303 -14.91 -20.87
2304 -6.31 -9.47
2305 -8.69 -3.17
2306 -13.22 -26.17
2307 -16.43 -3.51
2308 -2.55 -22.91
2309 -26.43 -17.01
2310 -3.37 -13.35
2311 -20.85 -25.18
2312 -12.99 -11.88
2313 -4.22 -23.29
2314 -12.27 -21.55
2315 -25.9 -8.71
2316 -12.2 -30.63
2317 -12.51 -29.59
2318 -16.47 -28.08
2319 -3.56 -27.42
2320 -2.11 -28.3
2321 -20.47 -12.25
2322 -15.76 -15.33
2323 -4.24 -8.43
2324 -25.44 -23.84
2325 -3.19 -2.19
2326 -32.89 -28.81
2327 -12.21 -29.56
2328 -18.85 -11.89
2329 -33.44 -21.96
2330 -30.67 -2.64
2331 -4.8 -30.86
2332 -26.46 -14.4
2333 -8.48 -17.31
2334 -16.25 -14.45
2335 -8.75 -12.04
2336 -29.81 -18.36
2337 -5.21 -0.74
2338 -9.17 -11.58
2339 -1.42 -14.98
2340 -17.17 -6.13
2341 -6.46 -4.61
2342 -5.7 -16.07
2343 -33.48 -18.68
2344 -12.16 -30.07
2345 -32.72 -4.44
2346 -6.83 -14.35
2347 -0.27 -3.52
2348 -26.35 -33.29
2349 -19.26 -14.28
2350 -31.84 -8.6
2351 -32.48 -28.01
2352 -0.27 -27.66
2353 -5.24 -9.21
2354 -24.19 -14.97
2355 -21.1 -6.66
2356 -16.79 -12.89
2357 -0.48 -27.57
2358 -17.77 -22.49
2359 -18.57 -5.48
2360 -9.92 -1.45
2361 -15.8 -22.81
2362 -31.85 -16.75
2363 -21.56 -21.6
2364 -1.88 -24.2
2365 -4.32 -6.82
2366 -6.35 -33.72
2367 -27.38 -2.8
2368 -12.01 -12.15
2369 -27.12 -32.62
2370 -10.8 -7.73
2371 -26.14 -14.22
2372 -13.31 -33.12
2373 -21.61 -32.14
2374 -3.62 -31.08
2375 -32.53 -11.7
2376 -6.03 -19.06
2377 -1.82 -19.86
2378 -12.98 -3.88
2379 -33.6 -28.9
2380 -1.73 -14.86
2381 -20.1 -3.92
2382 -12.24 -13.6
2383 -25.75 -13.49
2384 -17.63 -29.78
2385 -9.03 -24.39
2386 -10.14 -33.96
2387 -33.08 -1.17
2388 -33.31 -23.45
2389 -26.06 -26.21
2390 -3.92 -2.93
2391 -21.99 -30.11
2392 -21.49 -15.47
2393 -24.88 -29.33
2394 -29.76 -0.47
2395 -15.33 -24.48
2396 -33.93 -3.01
2397 -16.61 -6.96
2398 -20.45 -12.17
2399 -7.95 -13.89
2400 -4.28 -9.6
2401 -9.56 -16.98
2402 -23.67 -14.42
2403 -9.4 -8.64
2404 -6.38 -22.98
2405 -31.43 -1.46
2406 -31.57 -10.3
2407 -31.29 -24.95
2408 -25.8 -19.07
2409 -19.54 -22.17
2410 -12.66 -21.56
2411 -24.57 -6.4
2412 -18.88 -12.59
2413 -30.28 -12.71
2414 -26.6 -10.85
2415 -20.45 -9.76
2416 -32.26 -2.4
2417 -16.83 -1.54
2418 -15.7 -21.94
2419 -16.44 -31.75
2420 -33.21 -22.08
2421 -3.9 -13.88
2422 -10.35 -2.3
2423 -21.37 -1.2
2424 -23.37 -2.15
2425 -23.72 -12.44
2426 -24.36 -7.55
2427 -20.14 -19.81
2428 -32.52 -9.24
2429 -20.09 -21.95
2430 -31.71 -25.12
2431 -27.53 -12.06
2432 -13.6 -29.97
2433 -17.91 -15.88
2434 -13.63 -29.31
2435 -22.91 -0.36
2436 -19.76 -18.36
2437 -20.66 -26.82
2438 -33.54 -30.11
2439 -3.78 -8.04
2440 -26 -22.91
2441 -30.47 -27.5
2442 -13.32 -21.88
2443 -31.12 -22.13
2444 -10.08 -17.36
2445 -8.49 -22.73
2446 -0.79 -13.31
2447 -9.29 -7.54
2448 -28.94 -19.92
2449 -20.75 -32.72
2450 -4.6 -8.57
2451 -32.45 -9.66
2452 -8 -29.88
2453 -31.51 -19.11
2454 -32.67 -7.54
2455 -30.46 -1.3
2456 -0.32 -24.67
2457 -12.55 -32.45
2458 -26.1 -19.16
2459 -2.53 -15.19
2460 -9.44 -7.71
2461 -21.02 -11.02
2462 -24.08 -10.24
2463 -1.68 -1.83
2464 -0.56 19.02
2465 -33.11 22.43
2466 -32.09 10.68
2467 -6.57 31.56
2468 -16.67 11.62
2469 -19.16 4.08
2470 -5.38 15.35
2471 -11.54 21.14
2472 -25.11 5.71
2473 -24.87 29.62
2474 -10.81 17.22
2475 -24.93 32.92
2476 -9.94 20.26
2477 -2.02 11.95
2478 -13.79 5.54
2479 -24.56 3.7
2480 -26.13 19.87
2481 -30.55 23.67
2482 -26.75 29.74
2483 -12.88 8.64
2484 -12.73 9.43
2485 -30.3 3.57
2486 -24.71 23.63
2487 -0.86 7.84
2488 -3.46 21.35
2489 -4.57 31.26
2490 -30.18 19.8
2491 -11.58 1.02
2492 -18.49 11.65
2493 -17.19 19.12
2494 -22.82 3.8
2495 -23.67 7.76
2496 -2.95 20.47
2497 -21.73 25.75
2498 -0.39 29.71
2499 -10.66 6.14
2500 -9.71 13.12
2501 -8.28 6.96
2502 -20.32 0.42
2503 -27.29 9.14
2504 -11.92 29.31
2505 -20.63 31.86
2506 -4.4 8.11
2507 -19.76 3.73
2508 -22.85 22.9
2509 -26.7 8.47
2510 -16.23 17.19
2511 -9.18 16.38
2512 -8.13 24.71
2513 -25.94 2.43
2514 -8.57 14.04
2515 -27.17 2.6
2516 -15.08 18.28
2517 -24.23 6.97
2518 -21.63 6.92
2519 -2.23 17.52
2520 -20.91 33.56
2521 -7.67 28.38
2522 -32.11 25.31
2523 -14.21 32.95
2524 -7.42 20.96
2525 -9.67 6.92
2526 -28.82 29.18
2527 -25.41 18.85
2528 -21.29 8.47
2529 -22.51 17.35
2530 -25.47 1.38
2531 -19.67 21.2
2532 -28.17 6.55
2533 -13.47 9.9
2534 -27.42 15.81
2535 -15.37 21.23
2536 -15.61 14.33
2537 -5.65 28.56
2538 -33.03 19.25
2539 -11.73 25.38
2540 -32.3 11.97
2541 -12.67 21.41
2542 -11.78 27.12
2543 -1.59 4.08
2544 -26.95 33.07
2545 -0.46 24.11
2546 -11.31 18.42
2547 -24.97 25.65
2548 -1.55 11.01
2549 -26.82 9.97
2550 -2.72 0.49
2551 -20.35 13.71
2552 -8.27 23.85
2553 -9.1 31.52
2554 -22.9 12.82
2555 -24.79 20.84
2556 -13.77 21.21
2557 -19.85 8.99
2558 -13.07 25.55
2559 -30.15 26.97
2560 -22.6 6.03
2561 -29.97 2.13
2562 -27.78 5.43
2563 -16.44 20.95
2564 -2.44 0.85
2565 -6.86 9.26
2566 -22.97 10.68
2567 -0.53 27.21
2568 -24.73 2.76
2569 -21.1 15.16
2570 -7.52 13.64
2571 -6.37 11.9
2572 -20.89 21.29
2573 -18.36 31.74
2574 -24.71 5.48
2575 -17.03 14.51
2576 -16.64 13.31
2577 -18.75 13.01
2578 -5.48 15.94
2579 -22.31 6.71
2580 -15.98 7.92
2581 -24.12 29.18
2582 -22.39 10.47
2583 -18.76 24.65
2584 -11.33 18.65
2585 -3.81 5.86
2586 -23.28 18.85
2587 -6.14 15.7
2588 -13.44 15.69
2589 -21.18 24.51
2590 -10.54 9.68
2591 -28.51 4.21
2592 -22.74 32.71
2593 -14.65 13.26
2594 -19.98 28.22
2595 -7.66 8.49
2596 -3.67 7.48
2597 -23.47 31.78
2598 -27.96 31.58
2599 -21.75 8.23
2600 -19.62 5.29
2601 -24.15 25.56
2602 -12.78 8.9
2603 -30.12 1.81
2604 -31.84 26.23
2605 -7.43 17.3
2606 -27.03 8.39
2607 -7.1 1.94
2608 -15.21 15.78
2609 -15.52 27.27
2610 -1.76 6.71
2611 -19.71 23.19
2612 -20.97 10.95
2613 -8.54 9.18
2614 -22.94 20.45
2615 -25.75 30.29
2616 -27.38 14.08
2617 -28.5 15.9
2618 -17.71 6.16
2619 -3.91 24.62
2620 -13.44 15.56
2621 -29.47 11.34
2622 -13.29 6.48
2623 -27.78 2.57
2624 -1.36 0.02
2625 -12.25 9.3
2626 -4.01 3.13
2627 -14.08 31.96
2628 -12.66 30.51
2629 -16.96 28.14
2630 -29.96 7.12
2631 -21.2 8.71
2632 -30.13 28.86
2633 -6.54 15.71
2634 -6.33 19.37
2635 -6.45 15.98
2636 -27.32 25.3
2637 -31.78 1.92
2638 -10.01 12.13
2639 -17.67 31.08
2640 -11.9 11.37
2641 -20.02 1.44
2642 -4.92 15.92
2643 -17.95 0.11
2644 -33.77 17.59
2645 -24.71 0.91
2646 -15.15 1.25
2647 -30.11 17.44
2648 -4.67 11.28
2649 -30.65 2.66
2650 -18.64 16.52
2651 -7.82 3.1
2652 -5.02 17.48
2653 -1.14 11.12
2654 -8.2 20.55
2655 -31.93 18.81
2656 -25.78 25.63
2657 -7.55 17.95
2658 -23.58 30.7
2659 -14.29 31.02
2660 -31.93 23.36
2661 -30.13 10.53
2662 -33.49 13.08
2663 -24.37 26.25
2664 -0.43 4.16
2665 -20.68 26.54
2666 -29.65 24.59
2667 -8.07 28.51
2668 -5.63 6.19
2669 -26.75 14.73
2670 -5.07 19.36
2671 -10.99 30.2
2672 -14.15 30.85
2673 -27.55 24.06
2674 -21.08 9.26
2675 -4.14 13.37
2676 -29.42 19.01
2677 -3.62 0.27
2678 -26.52 28.91
2679 -4.59 33.51
2680 -26.05 32.47
2681 -23.06 25.27
2682 -25.3 27.22
2683 -4.94 31.14
2684 -11.87 2.46
2685 -21.82 3.21
2686 -33.41 22.46
2687 -19.31 32.81
2688 -28.39 19.08
2689 -33.86 12.87
2690 -31.76 15.47
2691 -6 4
2692 -4.28 27.18
2693 -27.61 15.14
2694 -14.65 2.32
2695 -6.32 32.2
2696 -28.99 12.23
2697 -5.45 29.38
2698 -32.04 20.3
2699 -22.76 15.91
2700 -19.12 15.44
2701 -3.9 16.1
2702 -20.43 24.05
2703 -14.66 23.22
2704 -7.61 14.82
2705 -1.81 14.52
2706 -18.53 5.37
2707 -32.55 13.33
2708 -28.48 28.33
2709 -2.17 26.16
2710 -29.88 14.65
2711 -26.88 8.49
2712 -3.88 24.87
2713 -16.69 3.86
2714 -19.77 1.92
2715 -17.36 5.45
2716 -27.07 10.42
2717 -0.47 26.79
2718 -16.01 13.5
2719 -28.32 20.65
2720 -1.18 23.62
2721 -0.51 1.65
2722 -14.99 19.71
2723 -19.56 33.06
2724 -30.74 14.99
2725 -29.64 21.73
2726 -30.23 32.14
2727 -23.01 28.05
2728 -3.43 0.11
2729 -7.55 5.71
2730 -16.68 28.72
2731 -5.14 30.44
2732 -23.23 9.76
2733 -23.26 11.14
2734 -31.79 10.76
2735 -5.9 23.11
2736 -24.76 32.97
2737 -24.2 6.41
2738 -10.99 11.27
2739 -26.26 9.76
2740 -3.02 13.25
2741 -11.39 27.43
2742 -27 33.25
2743 -4.88 5.92
2744 -17.15 30.43
2745 -25.15 17.95
2746 -19.91 33.84
2747 -15.12 1.82
2748 -12.96 9.14
2749 -25.42 9.9
2750 -33.01 16.27
2751 -20.77 2.84
2752 -9.25 29.3
2753 -6.57 16.49
2754 -31.78 25.76
2755 -5.01 4.36
2756 -3.31 0.8
2757 -5.57 21.92
2758 -27.85 30.31
2759 -26.74 15.97
2760 -33.92 11
2761 -16.36 23.41
2762 -25.23 19.84
2763 -0.5 31.48
2764 -7.39 9.71
2765 -25.99 31.45
2766 -0.29 11.92
2767 -12.74 18.28
2768 -0.77 15.07
2769 -6.83 24.84
2770 -29.2 32.55
2771 -4.87 17.37
2772 -5.29 32.51
2773 -28.82 10.44
2774 -31.93 4.66
2775 -21.19 27.08
2776 -16.49 31.86
2777 -23.22 3.55
2778 -6.56 7.73
2779 -17.44 29.24
2780 -26.69 19.47
2781 -31.39 14.95
2782 -33.23 32.51
2783 -13.58 15.66
2784 -6.5 0.01
2785 -4.08 25.93
2786 -9.3 1.7
2787 -5.73 8.96
2788 -24.92 20.12
2789 -30.3 6.07
2790 -33.15 22.86
2791 -26.24 17.49
2792 -26.57 15.64
2793 -28.89 20.98
2794 -16.22 33.13
2795 -24.12 17.86
2796 -32.81 14.44
2797 -12.95 27.03
2798 -8.69 32.05
2799 -3.58 32.05
2800 -23.98 15.19
2801 -22.41 13.18
2802 -27.66 4.81
2803 -30.45 28.14
2804 -0.21 24.11
2805 -18.49 26.75
2806 -10.25 4.88
2807 -26.05 10.73
2808 -3.23 8.34
2809 -12.99 20.94
2810 -4.8 19.45
2811 -5.41 3.11
2812 -30.14 9.14
2813 -7.19 23.88
2814 -27.45 10.36
2815 -25.55 16.29
2816 -0.99 17.44
2817 -27.77 13.97
2818 -8.11 28.66
2819 -18.77 24.22
2820 -16.97 13.85
2821 -18.73 3.26
2822 -19.51 32.74
2823 -7.08 10.78
2824 -3.25 22.74
2825 -13.71 25.59
2826 -28.7 13.57
2827 -22.71 24.65
2828 -14.53 30.37
2829 -6.73 1.42
2830 -23.23 7.99
2831 -30.95 32.28
2832 -17.77 24.23
2833 -18.89 30.24
2834 -20.46 31.41
2835 -11.26 9.18
2836 -17.96 3.43
2837 -7.7 1.51
2838 -17.82 3.47
2839 -31.73 14.78
2840 -6.38 21.07
2841 -0.64 16.96
2842 -7.61 6.6
2843 -2.97 28.88
2844 -30.3 27.67
2845 -7.18 15.22
2846 -19.03 19.54
2847 -9.77 4.13
2848 -0.37 2.8
2849 -0.21 0.18
2850 -14.88 26.35
2851 -29.78 16.99
2852 -18.51 32.84
2853 -7.83 9
2854 -23.79 2.33
2855 -28.92 5.56
2856 -22.52 1.69
2857 -13.81 1.08
2858 -29.96 1.66
2859 -29.33 22.31
2860 -3.53 26.27
2861 -17.33 2.51
2862 -12.16 22.56
2863 -30.89 32.62
2864 -32.8 18.05
2865 -10.4 31.1
2866 -19.62 13.68
2867 -18.04 11.7
2868 -20.71 4.13
2869 -11.98 25.87
2870 -2.95 16.02
2871 -23.23 6.9
2872 -13.5 30.99
2873 -32.65 3.04
2874 -30.87 9.47
2875 -7.26 27.98
2876 -2.01 0.41
2877 -28.49 30.11
2878 -28.73 19.69
2879 -3.74 30.9
2880 -33.53 27.53
2881 -12.73 19.66
2882 -2.89 19.15
2883 -23.28 30.77
2884 -28.16 29.12
2885 -11.14 6.78
2886 -19.2 31.11
2887 -28.1 5.89
2888 -14.45 32.7
2889 -8.17 32.28
2890 -26.26 11.33
2891 -17.26 20.95
2892 -17.06 33.8
2893 -19.49 11.75
2894 -8.66 11.79
2895 -10.84 28.76
2896 -14.42 8.19
2897 -27.34 29.09
2898 -31.38 22.83
2899 -17.95 22.14
2900 -0.44 25.54
2901 -28.17 0.61
2902 -12.02 19.64
2903 -18.34 27.8
2904 -26.08 26.48
2905 -3.81 32.04
2906 -24.51 18.34
2907 -23.66 21.07
2908 -4.34 7.58
2909 -24.89 9.16
2910 -9.44 18.52
2911 -26.71 7.26
2912 -2.35 29.38
2913 -18.22 25.57
2914 -19.23 5.26
2915 -2.32 7.69
2916 -8.31 19.67
2917 -10.83 30.5
2918 -24.3 25.85
2919 -18.33 0.7
2920 -32.74 16.38
2921 -6.24 22.14
2922 -14.73 28.77
2923 -7.87 1.43
2924 -16.11 19.08
2925 -3.6 32.77
2926 -11.55 25.55
2927 -20.93 1.84
2928 -32.93 19.42
2929 -24.68 10.67
2930 -18.37 18.17
2931 -9.36 27.01
2932 -29.03 32.2
2933 -24.05 25.72
2934 -26.42 24.85
2935 -12.75 13.91
2936 -7.57 30.68
2937 -25.45 24.51
2938 -25.94 22.31
2939 -12.91 33.33
2940 -3.62 8.05
2941 -5.12 22.03
2942 -29.39 15.17
2943 -0.59 26.06
2944 -8.25 28.33
2945 -18.02 30.8
2946 -23.81 32.14
2947 -1.86 32.9
2948 -24.62 24.36
2949 -15.21 31.44
2950 -11.35 17.04
2951 -13.72 27.96
2952 -18.47 18.92
2953 -12.75 10.7
2954 -10.03 15.94
2955 -23.99 31.18
2956 -19.22 19.17
2957 -0.34 0.64
2958 -32.22 20.13
2959 -19.98 6.45
2960 -3.25 6.47
2961 -10.14 9.52
2962 -8.43 32.58
2963 -22.94 12
2964 -9.44 4.57
2965 -27.14 9.67
2966 -9.15 26.31
2967 -11.24 6.86
2968 -23.08 33.15
2969 -15.09 29.51
2970 -26.7 4.63
2971 -23.8 10.6
2972 -11.24 17.44
2973 -3.57 29.66
2974 -7.64 9.46
2975 -21.46 29.08
2976 -4.6 10.89
2977 -15 31.6
2978 -9.6 18.55
2979 -23.13 9.46
2980 -19.14 24.57
2981 -16.88 16.27
2982 -28.65 28.29
2983 -32.96 33.64
2984 -29.16 17.74
2985 -22.37 14.05
2986 -30.18 27.38
2987 -10.82 17.7
2988 -18.88 12.94
2989 -27.93 19.91
2990 -20.51 26.52
2991 -3.42 15.39
2992 -18.51 25.12
2993 -9.67 18.42
2994 -33.4 33.63
2995 -29.72 32.8
2996 -20.59 18.54
2997 -18.36 12.61
2998 -17.77 15.25
2999 -4.51 17.32
3000 -2.9 18.45
3001 -11.83 32.4
3002 -16.1 4.6
3003 -17.54 28.17
3004 -19.61 0.99
3005 -27.51 16.99
3006 -3.9 6.12
3007 -2.76 2.45
3008 -26.39 22.41
3009 -27.57 12.44
3010 -16.76 25.8
3011 -15.86 23.29
3012 -7.42 3.36
3013 -24.13 0.22
3014 -23.07 25.2
3015 -15.17 28.64
3016 -27.04 31.49
3017 -2.09 27.01
3018 -26.7 14.67
3019 -15.66 25.15
3020 -13.67 17.83
3021 -23.96 14.69
3022 -22.67 17.57
3023 -11.51 32.24
3024 -10.68 20.58
3025 -17.9 5.08
3026 -33.89 27.45
3027 -2.33 33.77
3028 -5.51 7.32
3029 -4.04 26.46
3030 -21.1 28.58
3031 -31.59 19.21
3032 -17.74 19.66
3033 -0.33 5.2
3034 -1.88 15.97
3035 -33.8 21.51
3036 -7.73 15.55
3037 -4.64 29.28
3038 -27.53 30.4
3039 -22.5 16.15
3040 -26.75 9.73
3041 -8.7 6.41
3042 -6.18 26.65
3043 -5.49 11.03
3044 -3.49 11.69
3045 -11.8 9.53
3046 -0.26 30.11
3047 -21.3 14.91
3048 -20.12 18.01
3049 -33.98 21.63
3050 -14.67 27.52
3051 -9.07 5.3
3052 -0.59 22.4
3053 -24.32 13.71
3054 -1.39 33.64
3055 -9.37 12.82
3056 -24.75 28.14
3057 -26.31 18.08
3058 -29.11 30.93
3059 -14.15 31.8
3060 -7.33 4.13
3061 -5.76 31.47
3062 -12.38 13.12
3063 -31.13 27.06
3064 -20.22 4.02
3065 -31.54 2.63
3066 -13.45 0.89
3067 -28.81 6.61
3068 -25.85 14.04
3069 -19.2 24.65
3070 -8.99 27.24
3071 -26.9 28.58
3072 -12.66 33.75
3073 -2.2 19.22
3074 -17.02 13.29
3075 -22.94 16.35
3076 -19.34 29.88
3077 -9 28.71
3078 -27.29 31.73
3079 -7.27 11.65
3080 -19.8 19.03
3081 -25.44 4.82
3082 -16.95 33.25
3083 -18.82 20.25
3084 -16.42 14.32
3085 -13.08 4.02
3086 -4.12 25.42
3087 -25.17 5.99
3088 -30.73 16.78
3089 -1.6 27.37
3090 -15.25 19.27
3091 -15.15 24.54
3092 -24.77 0.59
3093 -3.84 29.67
3094 -12.84 23.59
3095 -8.62 16.64
3096 -21.46 4.16
3097 -8.94 0.07
3098 -25.84 9.93
3099 -29.78 33.28
3100 -3.3 8.27
3101 -5.21 8.86
3102 -20.37 12.95
3103 -1.25 30.38
3104 -29.27 17.1
3105 -7.9 2.85
3106 -32.92 10.52
3107 -16.64 28.57
3108 -29.77 29.21
3109 -18.8 26
3110 -8.64 8.61
3111 -18.3 32.95
3112 -4.54 1.62
3113 -11.56 27.24
3114 -26.52 30.38
3115 -10.17 12.86
3116 -21.72 1.34
3117 -19.81 15.38
3118 -17.28 13.62
3119 -2.24 21.07
3120 -23.92 18.08
3121 -28.6 10.14
3122 -4.72 28.36
3123 -23.58 16.76
3124 -8.77 0.49
3125 -14.62 8.38
3126 -7.33 22.93
3127 -24.56 32.92
3128 -31.68 17.39
3129 -19.3 7.64
3130 -20.5 29.72
3131 -2.59 29.47
3132 -16.38 13.74
3133 -27.36 22.4
3134 -9.47 5.18
3135 -23.26 29.61
3136 -11.27 4.92
3137 -33.28 23.39
3138 -11.67 15.99
3139 -16.48 22.86
3140 -31.25 20.44
3141 -14.9 31.11
3142 -1.55 10.1
3143 -27.5 5.46
3144 -18.62 33.24
3145 -0.48 12.8
3146 -13.79 5.12
3147 -24.38 3.07
3148 -25.48 1.69
3149 -12.4 17.75
3150 -18.88 0.95
3151 -5.87 1.66
3152 -30.57 1.67
3153 -17.67 10.68
3154 -33.54 8.25
3155 -0.21 5.67
3156 -2.78 2.31
3157 -17.94 15.11
3158 -26.09 9.86
3159 -14.62 11.44
3160 -29.76 10.71
3161 -21.35 15.1
3162 -18.18 15.07
3163 -16.77 11.74
3164 -1.01 9.66
3165 -16.13 0.69
3166 -2.35 19.89
3167 -27.08 27.53
3168 -4.21 32.93
3169 -7.18 10.75
3170 -16.43 9.27
3171 -11.59 12.91
3172 -28.03 24.73
3173 -0.59 29.53
3174 -12.49 20.12
3175 -2.36 20.73
3176 -1.84 13.77
3177 -28.84 23.71
3178 -1.45 20.02
3179 -1.2 17.13
3180 -17.82 2.46
3181 -27.87 22.85
3182 -16.38 25.7
3183 -30.15 20.96
3184 -31.71 26.11
3185 -1.39 8.85
3186 -21.76 19.66
3187 -15.92 18.5
3188 -19.55 15.79
3189 -7.44 16.51
3190 -8.77 32.04
3191 -17.33 9.8
3192 -5.03 10.61
3193 -30.63 12.17
3194 -0.83 6.49
3195 -8.95 3.35
3196 -26.2 24.17
3197 -15.87 8.35
3198 -29.31 14.11
3199 -11.74 12.02
3200 -20.87 32.54
3201 -23.73 18.65
3202 -3.15 14.16
3203 -1.47 5.65
3204 -27.68 22.7
3205 -26.26 8.91
3206 -24.23 2.45
3207 -13.06 9.59
3208 -27.29 29.27
3209 -7.28 15.21
3210 -18.56 33.64
3211 -23.81 16.23
3212 -30.1 16.29
3213 -1.92 11.21
3214 -28.75 25.41
3215 -29.48 13.66
3216 -3.84 15.63
3217 -1.31 19.21
3218 -24.86 12.51
3219 -6.74 2.78
3220 -17.22 18.54
3221 -21 33
3222 -14.12 12.97
3223 -13.76 0.06
3224 -20.8 7.41
3225 -12.57 21.04
3226 -8.8 10.88
3227 -27.17 2.38
3228 -13.59 4.9
3229 -1.84 29.09
3230 -14.28 8.35
3231 -29.5 31.32
3232 -22.05 23.64
3233 -2.15 30.81
3234 -5.11 12.91
3235 -2.97 8.89
3236 -13.42 22.33
3237 -1.31 23.97
3238 -29.56 27.54
3239 -6.47 15.07
3240 -2.12 21.88
3241 -32.76 19.04
3242 -26.94 10.92
3243 -21.34 25.94
3244 -26.55 12.06
3245 -20.41 23.18
3246 -26.02 12.35
3247 -1.99 21.43
3248 -23.76 14.07
3249 -32.5 9.67
3250 -18.56 28.87
3251 -17.21 1.48
3252 -30.97 31.98
3253 -31.04 24.04
3254 -5.11 32.05
3255 -19.93 9.03
3256 -33.59 12.75
3257 -29.19 18.7
3258 -16.16 26.54
3259 -4.6 16.54
3260 -11.24 8.71
3261 -26.59 30.53
3262 -23.48 3.27
3263 -17.34 0.1
3264 -9.77 13.24
3265 -8.11 21.37
3266 -22.85 28.34
3267 -31.84 30.84
3268 -20.88 19.82
3269 -17.88 0.41
3270 -9.44 26
3271 -4.75 9.33
3272 -28.03 14.56
3273 -12.62 5.47
3274 -22.01 10.19
3275 -24.43 22.74
3276 -19.27 4.77
3277 -8.04 22.54
3278 -22.64 14.27
3279 -27.51 30.91
3280 -18.28 32.42
3281 -26.76 1.62
3282 -32.47 7.13
3283 -32.47 30.12
3284 -30.53 24.87
3285 -16.87 21.87
3286 69.6 52.18
3287 38.6 63.22
3288 54.6 38.56
3289 49.6 45.54
3290 45.6 52.52
3291 47.6 36.05
3292 43.6 46.6
3293 43.6 70
3294 57.6 38.11
3295 34.6 52.77
3296 73.6 41.45
3297 58.6 65.04
3298 66.6 51.64
3299 43.6 60.32
3300 65.6 56.11
3301 47.6 57.18
3302 63.6 60.29
3303 66.6 41.41
3304 51.6 42.99
3305 41.6 53.68
3306 46.6 45.12
3307 47.6 71.93
3308 38.6 68.75
3309 67.6 51.67
3310 52.6 40.05
3311 39.6 43.58
3312 44.6 45.01
3313 56.6 35.74
3314 39.6 44.03
3315 40.6 62.49
3316 49.6 67.91
3317 41.6 72.16
3318 55.6 56.32
3319 72.6 38.3
3320 65.6 47.77
3321 53.6 39.03
3322 44.6 64.44
3323 50.6 66.34
3324 65.6 56.61
3325 68.6 46.3
3326 60.6 54.19
3327 62.6 58.88
3328 46.6 47.22
3329 57.6 47.58
3330 51.6 54.89
3331 73.6 40.12
3332 67.6 45.46
3333 63.6 38.74
3334 64.6 53.59
3335 70.6 40.82
3336 50.6 58.75
3337 51.6 43.46
3338 66.6 36.06
3339 67.6 52.63
3340 61.6 56.07
3341 59.6 53.06
3342 52.6 47.53
3343 60.6 47.7
3344 41.6 60.29
3345 34.6 47.25
3346 65.6 52.59
3347 43.6 37.24
3348 72.6 44.9
3349 64.6 57.08
3350 43.6 48.26
3351 44.6 66.58
3352 68.6 42.48
3353 38.6 58.46
3354 48.6 68.09
3355 35.6 48.93
3356 50.6 35.27
3357 65.6 60.14
3358 66.6 43.18
3359 59.6 63.32
3360 53.6 56.37
3361 43.6 64.42
3362 51.6 45.7
3363 60.6 51.75
3364 35.6 69.88
3365 37.6 67.82
3366 69.6 39.46
3367 54.6 52.89
3368 60.6 52.17
3369 41.6 51.72
3370 40.6 38.2
3371 51.6 37.63
3372 53.6 49.41
3373 43.6 63.52
3374 45.6 49.86
3375 70.6 39.3
3376 38.6 40.65
3377 67.6 41.41
3378 49.6 67.11
3379 62.6 37.68
3380 54.6 60.23
3381 45.6 70.87
3382 63.6 42.11
3383 70.6 35.87
3384 42.6 41.35
3385 73.6 36.75
3386 69.6 45.97
3387 64.6 52.75
3388 52.6 67.39
3389 53.6 39.21
3390 52.6 68.35
3391 45.6 45.22
3392 46.6 39.96
3393 69.6 51.59
3394 34.6 52.03
3395 62.6 48.8
3396 72.6 34.99
3397 53.6 45.68
3398 56.6 61.15
3399 69.6 54.11
3400 36.6 40.87
3401 72.6 44.77
3402 70.6 50.48
3403 38.6 49.46
3404 53.6 62.03
3405 61.6 36.89
3406 64.6 52.38
3407 45.6 55.14
3408 61.6 42.98
3409 48.6 43.67
3410 47.6 46.22
3411 73.6 36.52
3412 67.6 52.38
3413 34.6 61.55
3414 59.6 52.47
3415 72.6 41.27
3416 40.6 59.76
3417 50.6 59.42
3418 50.6 49.81
3419 42.6 70.88
3420 70.6 45.75
3421 51.6 47.99
3422 60.6 41.61
3423 47.6 68.73
3424 53.6 62.07
3425 66.6 39.33
3426 55.6 59.63
3427 39.6 70.26
3428 35.6 71.77
3429 56.6 52.78
3430 58.6 34.72
3431 39.6 37.31
3432 43.6 68.33
3433 59.6 49.97
3434 68.6 45.34
3435 39.6 35.23
3436 63.6 36.83
3437 36.6 39.95
3438 70.6 47.55
3439 54.6 42.75
3440 69.6 43.84
3441 42.6 43.16
3442 61.6 63.13
3443 57.6 44.2
3444 36.6 64.97
3445 72.6 43.87
3446 43.6 68.75
3447 44.6 37.9
3448 43.6 65.67
3449 54.6 55.95
3450 55.6 55.45
3451 52.6 55.83
3452 34.6 59.12
3453 44.6 63.96
3454 62.6 54.23
3455 38.6 52.03
3456 61.6 43.52
3457 65.6 48.75
3458 52.6 59.86
3459 69.6 44.8
3460 37.6 36.14
3461 73.6 43.25
3462 55.6 56.61
3463 41.6 59.7
3464 63.6 57.27
3465 52.6 35.02
3466 39.6 56.56
3467 39.6 53.77
3468 43.6 52.36
3469 60.6 64.09
3470 73.6 39.7
3471 38.6 60.86
3472 68.6 56.55
3473 67.6 48.12
3474 36.6 59.29
3475 59.6 54.97
3476 49.6 56.36
3477 68.6 44.08
3478 44.6 44.62
3479 53.6 52.99
3480 55.6 56.69
3481 35.6 38.38
3482 59.6 54.59
3483 50.6 53.66
3484 41.6 64.62
3485 49.6 69.78
3486 58.6 55.59
3487 50.6 53.78
3488 41.6 61.5
3489 57.6 65.81
3490 65.6 46.6
3491 72.6 43.98
3492 50.6 42.73
3493 60.6 61.66
3494 61.6 48.57
3495 51.6 65
3496 60.6 61.91
3497 53.6 42.24
3498 36.6 49.75
3499 64.6 51.69
3500 63.6 57.38
3501 41.6 69.93
3502 43.6 52.83
3503 57.6 40.88
3504 67.6 53.86
3505 43.6 56.36
3506 72.6 39.68
3507 48.6 71.15
3508 67.6 40.13
3509 67.6 51.52
3510 64.6 36.23
3511 46.6 66.69
3512 40.6 56.11
3513 47.6 53.88
3514 52.6 60.55
3515 51.6 50.47
3516 67.6 55.76
3517 46.6 58.15
3518 73.6 41.36
3519 37.6 45.65
3520 68.6 41.93
3521 67.6 39.93
3522 47.6 37.08
3523 34.6 39.78
3524 35.6 49.65
3525 44.6 42.63
3526 62.6 53.54
3527 58.6 57.26
3528 40.6 46.97
3529 68.6 39.24
3530 67.6 49.43
3531 58.6 57.18
3532 53.6 63.36
3533 47.6 59.51
3534 66.6 51.09
3535 62.6 55.67
3536 56.6 58.41
3537 46.6 36.35
3538 63.6 43.92
3539 59.6 48.42
3540 63.6 49.67
3541 72.6 45.7
3542 35.6 43.62
3543 70.6 43.07
3544 46.6 71.83
3545 58.6 57.85
3546 60.6 47.28
3547 49.6 36.18
3548 70.6 51.61
3549 43.6 69.09
3550 64.6 35.57
3551 42.6 57.44
3552 52.6 57.12
3553 65.6 42.2
3554 50.6 55.16
3555 48.6 41.85
3556 37.6 73.92
3557 49.6 40.24
3558 61.6 38.24
3559 38.6 71.39
3560 61.6 52.4
3561 70.6 49.53
3562 62.6 41.51
3563 45.6 45.56
3564 58.6 41.12
3565 39.6 45.54
3566 35.6 36.65
3567 52.6 52.4
3568 51.6 48.49
3569 46.6 35.05
3570 51.6 49.46
3571 65.6 49.2
3572 73.6 38.18
3573 59.6 55.18
3574 36.6 64.01
3575 51.6 64.69
3576 35.6 51.53
3577 37.6 54.81
3578 50.6 56.66
3579 71.6 43.41
3580 45.6 48.75
3581 41.6 72.72
3582 66.6 51.66
3583 58.6 57.42
3584 61.6 50.96
3585 61.6 47.05
3586 49.6 43.58
3587 59.6 61.06
3588 51.6 67.42
3589 58.6 36.39
3590 49.6 53.01
3591 43.6 66.56
3592 48.6 45.04
3593 71.6 36.82
3594 36.6 36.47
3595 57.6 57.25
3596 56.6 66.91
3597 44.6 46.34
3598 43.6 69.34
3599 50.6 68.48
3600 57.6 54.44
3601 67.6 55.98
3602 48.6 61.51
3603 70.6 40.03
3604 39.6 54
3605 37.6 73.61
3606 55.6 45.24
3607 71.6 43.27
3608 34.6 35.27
3609 43.6 54.74
3610 40.6 68.05
3611 34.6 63.2
3612 42.6 52.22
3613 68.6 50.77
3614 62.6 44.03
3615 39.6 45.11
3616 73.6 42.51
3617 35.6 46.25
3618 68.6 47.37
3619 63.6 36.19
3620 51.6 43.44
3621 54.6 45.1
3622 62.6 37.7
3623 51.6 45.2
3624 63.6 37.19
3625 48.6 42.95
3626 38.6 68.66
3627 49.6 41.92
3628 42.6 51.41
3629 55.6 67.17
3630 70.6 39.18
3631 34.6 73.67
3632 35.6 50.14
3633 67.6 45.95
3634 57.6 58.42
3635 69.6 50.13
3636 40.6 42.67
3637 49.6 55.26
3638 43.6 58.33
3639 40.6 58.58
3640 38.6 37.12
3641 59.6 51.48
3642 45.6 45.92
3643 46.6 57.91
3644 60.6 54.33
3645 42.6 65.54
3646 45.6 53.61
3647 36.6 71.93
3648 61.6 58.87
3649 34.6 41.02
3650 35.6 45.75
3651 69.6 45.87
3652 69.6 51.11
3653 59.6 45.04
3654 70.6 50.83
3655 69.6 54.2
3656 69.6 45.92
3657 42.6 36.98
3658 71.6 42.32
3659 44.6 37.95
3660 39.6 45.18
3661 63.6 57.88
3662 45.6 61.91
3663 47.6 63.3
3664 44.6 63.94
3665 67.6 37.31
3666 35.6 55.68
3667 52.6 50.88
3668 65.6 42.55
3669 59.6 49.99
3670 52.6 42.8
3671 53.6 63.06
3672 58.6 53.59
3673 38.6 68.33
3674 65.6 39.14
3675 62.6 42.28
3676 59.6 49.98
3677 71.6 46.88
3678 35.6 64.22
3679 53.6 61.92
3680 18.6 38.72
3681 11.6 56.1
3682 2.59996 44.14
3683 -3.40004 38.96
3684 5.59996 51.63
3685 -0.400037 51.8
3686 -0.400037 53.87
3687 -3.40004 40.4
3688 8.59996 49.62
3689 9.59996 63.1
3690 25.6 49.74
3691 -3.40004 43.86
3692 2.59996 39.27
3693 20.6 60.85
3694 4.59996 34.65
3695 -2.40004 49.38
3696 5.59996 37.21
3697 26.6 53.54
3698 27.6 46.19
3699 4.59996 42.28
3700 12.6 59.17
3701 6.59996 49.98
3702 10.6 47.66
3703 4.59996 38.23
3704 13.6 38.35
3705 21.6 58.82
3706 13.6 56.43
3707 26.6 35.53
3708 11.6 43.62
3709 -4.40004 42.93
3710 34.6 34.88
3711 31.6 52.89
3712 33.6 53.04
3713 31.6 48.68
3714 31.6 35.65
3715 -2.40004 36.77
3716 31.6 51.25
3717 -0.400037 40.07
3718 30.6 74.37
3719 4.59996 46.97
3720 9.59996 59.35
3721 -4.40004 35.06
3722 -4.40004 41.67
3723 22.6 53.22
3724 13.6 50.23
3725 7.59996 60.81
3726 3.59996 47.22
3727 23.6 53.93
3728 8.59996 46.86
3729 33.6 57.21
3730 2.59996 41.3
3731 -4.40004 37.55
3732 18.6 60.46
3733 12.6 64.72
3734 -1.40004 38.65
3735 5.59996 46.81
3736 34.6 73.68
3737 15.6 66.51
3738 7.59996 43.71
3739 21.6 65.88
3740 0.599963 54.12
3741 4.59996 34.78
3742 19.6 64.13
3743 23.6 55.33
3744 -4.40004 38.04
3745 19.6 59.23
3746 -0.400037 48.74
3747 16.6 34.63
3748 34.6 72.13
3749 19.6 51.76
3750 4.59996 52.76
3751 25.6 50.5
3752 18.6 54.69
3753 20.6 71.03
3754 22.6 40.99
3755 23.6 50.07
3756 22.6 43.33
3757 9.59996 39.19
3758 8.59996 52.28
3759 22.6 49.18
3760 2.59996 35.27
3761 33.6 38.87
3762 1.59996 48.92
3763 12.6 36.46
3764 -2.40004 50.09
3765 20.6 54.07
3766 9.59996 64.04
3767 25.6 57.01
3768 29.6 62.83
3769 -1.40004 46.37
3770 31.6 54.68
3771 18.6 62.67
3772 33.6 42.53
3773 8.59996 51.2
3774 13.6 59.58
3775 4.59996 54.34
3776 16.6 50.51
3777 1.59996 54.11
3778 -0.400037 37.96
3779 -2.40004 49.72
3780 29.6 47.52
3781 23.6 56.63
3782 6.59996 55.61
3783 18.6 67.53
3784 30.6 63.93
3785 32.6 52.99
3786 21.6 41.59
3787 28.6 48.34
3788 22.6 43.72
3789 8.59996 49.66
3790 3.59996 43.16
3791 2.59996 37.89
3792 34.6 52.45
3793 22.6 65.35
3794 1.59996 45.3
3795 14.6 61.71
3796 20.6 52.11
3797 28.6 52.62
3798 22.6 61.22
3799 7.59996 35.89
3800 7.59996 62.81
3801 26.6 57
3802 34.6 50.27
3803 27.6 72.25
3804 -4.40004 40.13
3805 3.59996 52.02
3806 24.6 66.63
3807 11.6 54.22
3808 34.6 64.16
3809 5.59996 35.26
3810 -3.40004 35.89
3811 25.6 58.52
3812 1.59996 54.55
3813 28.6 54.97
3814 5.59996 50.05
3815 28.6 49.17
3816 28.6 39.47
3817 17.6 69.99
3818 28.6 71.24
3819 -1.40004 36.97
3820 24.6 59.87
3821 14.6 68.92
3822 32.6 66.15
3823 20.6 53.34
3824 3.59996 43.43
3825 14.6 38.01
3826 29.6 68.81
3827 9.59996 54.1
3828 -1.40004 38.91
3829 7.59996 38.86
3830 26.6 59.66
3831 -0.400037 41.07
3832 9.59996 49.92
3833 -3.40004 43.11
3834 5.59996 50.54
3835 6.59996 42.79
3836 21.6 39.8
3837 23.6 72.67
3838 -1.40004 39.57
3839 33.6 47.99
3840 22.6 63.34
3841 33.6 55.57
3842 -0.400037 39.26
3843 -4.40004 38.72
3844 24.6 71.47
3845 24.6 59.38
3846 21.6 49.85
3847 17.6 63.5
3848 25.6 47.75
3849 21.6 42.18
3850 33.6 57.41
3851 5.59996 35.94
3852 0.599963 46.92
3853 13.6 46.9
3854 25.6 72.35
3855 25.6 73.22
3856 5.59996 43.1
3857 3.59996 54.04
3858 -2.40004 37.71
3859 26.6 63.79
3860 16.6 49.1
3861 17.6 50.03
3862 27.6 72.87
3863 29.6 41.49
3864 0.599963 40.38
3865 -4.40004 35.16
3866 15.6 34.89
3867 24.6 37.73
3868 13.6 50.44
3869 -0.400037 36.03
3870 -4.40004 37.25
3871 29.6 55.2
3872 27.6 69.28
3873 -1.40004 42.96
3874 15.6 49.77
3875 -0.400037 38.89
3876 27.6 72.65
3877 30.6 49.07
3878 2.59996 50.69
3879 18.6 62.86
3880 7.59996 61.95
3881 20.6 42.59
3882 -1.40004 42.37
3883 30.6 61.9
3884 33.6 63.72
3885 1.59996 35.32
3886 -2.40004 42.9
3887 22.6 66.56
3888 16.6 39
3889 1.59996 34.9
3890 -2.40004 44
3891 23.6 39.37
3892 9.59996 37.96
3893 30.6 70.37
3894 17.6 69.72
3895 -1.40004 48.97
3896 15.6 39.5
3897 6.59996 51.76
3898 7.59996 55.64
3899 8.59996 38.4
3900 18.6 67.31
3901 22.6 53.05
3902 33.6 49.96
3903 32.6 67.11
3904 25.6 50.87
3905 33.6 57.46
3906 27.6 59.05
3907 31.6 55.73
3908 13.6 61.99
3909 32.6 64.9
3910 23.6 66.1
3911 15.6 49.63
3912 33.6 54.67
3913 -4.40004 39.2
3914 2.59996 40.77
3915 1.59996 56.88
3916 14.6 45.57
3917 20.6 58.01
3918 20.6 56.28
3919 10.6 59.23
3920 -0.400037 52.38
3921 13.6 67.22
3922 11.6 45.77
3923 7.59996 58.16
3924 18.6 37.3
3925 8.59996 58.2
3926 14.6 45.66
3927 31.6 40.73
3928 29.6 56.94
3929 8.59996 54.37
3930 31.6 42.79
3931 -3.40004 41.03
3932 18.6 60.44
3933 -1.40004 41.62
3934 22.6 59.4
3935 -2.40004 42.59
3936 -3.40004 45.79
3937 33.6 63.93
3938 -1.40004 50.49
3939 25.6 53.04
3940 23.6 57.36
3941 18.6 54.43
3942 0.599963 40.31
3943 -2.40004 40.11
3944 29.6 54.35
3945 13.6 57.2
3946 0.599963 53.99
3947 19.6 40.7
3948 19.6 69.51
3949 9.59996 40.39
3950 10.6 46.42
3951 16.6 39.94
3952 1.59996 46.51
3953 6.59996 46.01
3954 2.59996 40.17
3955 16.6 67.03
3956 9.59996 42.54
3957 15.6 52.31
3958 28.6 68.36
3959 31.6 35.83
3960 3.59996 43.64
3961 30.6 39.57
3962 -0.400037 49.99
3963 15.6 64.3
3964 11.6 43.84
3965 5.59996 52.19
3966 15.6 51.39
3967 21.6 70.24
3968 32.6 35.73
3969 8.59996 47.15
3970 11.6 64.56
3971 4.59996 45.2
3972 4.59996 37.89
3973 22.6 49.68
3974 17.6 63.67
3975 2.59996 34.68
3976 3.59996 47.28
3977 17.6 41.18
3978 -4.40004 34.77
3979 6.59996 48.02
3980 1.59996 55.89
3981 21.6 59.12
3982 34.6 50.07
3983 17.6 56.42
3984 22.6 35.35
3985 -2.40004 36.47
3986 3.59996 52.48
3987 6.59996 50.73
3988 5.59996 40.92
3989 32.6 57.87
3990 -4.40004 41.14
3991 27.6 47.62
3992 12.6 46.05
3993 34.6 53.93
3994 20.6 38
3995 -1.40004 34.67
3996 5.59996 57.89
3997 22.6 47.89
3998 6.59996 54.41
3999 11.6 49.53
4000 18.6 64.61
4001 14.6 51.39
4002 33.6 45.4
4003 22.6 65.7
4004 2.59996 42.26
4005 5.59996 59.63
4006 34.6 69.37
4007 29.6 57.54
4008 20.6 43.77
4009 6.59996 54.48
4010 17.6 51.16
4011 7.59996 49.86
4012 17.6 58.19
4013 7.59996 55.78
4014 14.6 44.31
4015 3.59996 38.08
4016 10.6 53.03
4017 7.59996 46.77
4018 30.6 71.32
4019 -4.40004 41.96
4020 -3.40004 41.29
4021 22.6 43.71
4022 16.6 51.57
4023 -2.40004 38.84
4024 27.6 49.97
4025 22.6 39.84
4026 1.59996 35.71
4027 11.6 63.91
4028 3.59996 50.7
4029 25.6 64.71
4030 21.6 45.72
4031 2.59996 35.69
4032 -0.400037 45.99
4033 28.6 61.39
4034 31.6 36.66
4035 6.59996 39.14
4036 7.59996 52.2
4037 17.6 42.85
4038 25.6 43.34
4039 5.59996 50.36
4040 2.59996 51.73
4041 33.6 61.17
4042 10.6 61.16
4043 6.59996 63.55
4044 8.59996 53.49
4045 15.6 64.12
4046 21.6 68.31
4047 13.6 50.69
4048 12.6 58
4049 34.6 74.38
4050 8.59996 56.68
4051 22.6 48.33
4052 14.6 38.09
4053 24.6 44.42
4054 -0.400037 44.59
4055 -3.40004 40.47
4056 2.59996 35.71
4057 29.6 65.48
4058 -4.40004 40.45
4059 10.6 50.46
4060 27.6 40.55
4061 24.6 55.4
4062 -3.40004 34.63
4063 5.59996 58.4
4064 31.6 46.9
4065 4.59996 45.01
4066 24.6 53.02
4067 8.59996 52.71
4068 11.6 40.76
4069 21.6 34.79
4070 7.59996 36.63
4071 -3.40004 42.91
4072 7.59996 56.15
4073 14.6 34.98
4074 55.6 28.04
4075 38.6 16.4
4076 65.6 16.94
4077 34.6 14.39
4078 56.6 33.18
4079 35.6 13.95
4080 46.6 10.96
4081 73.6 29.46
4082 52.6 12.35
4083 39.6 18.58
4084 48.6 14.9
4085 47.6 14.99
4086 40.6 27.77
4087 39.6 25.15
4088 73.6 31.95
4089 37.6 17.28
4090 55.6 22
4091 66.6 23.36
4092 72.6 30.08
4093 59.6 5.59996
4094 48.6 21.62
4095 72.6 23.42
4096 36.6 26.31
4097 67.6 22.39
4098 48.6 33.5
4099 49.6 21.6
4100 67.6 30.6
4101 48.6 1.48996
4102 57.6 25.01
4103 42.6 22.86
4104 38.6 24.17
4105 60.6 25.63
4106 69.6 30.02
4107 55.6 31.74
4108 37.6 27.42
4109 40.6 8.50996
4110 50.6 24.04
4111 62.6 28.81
4112 59.6 24.47
4113 66.6 14.68
4114 69.6 27.81
4115 46.6 24
4116 45.6 16.02
4117 45.6 17.46
4118 71.6 23.29
4119 35.6 32.67
4120 41.6 27.13
4121 44.6 -2.22004
4122 72.6 21.97
4123 62.6 12.39
4124 55.6 27.53
4125 36.6 30.62
4126 57.6 14.5
4127 43.6 -2.41004
4128 69.6 18.27
4129 67.6 30.09
4130 58.6 14.23
4131 45.6 5.64996
4132 50.6 4.24996
4133 63.6 28.95
4134 60.6 20.58
4135 73.6 25.67
4136 44.6 15.59
4137 62.6 18
4138 59.6 24.12
4139 67.6 28.62
4140 69.6 25.45
4141 62.6 25.89
4142 52.6 6.30996
4143 38.6 2.06996
4144 56.6 1.42996
4145 38.6 15.34
4146 60.6 20.92
4147 35.6 18.58
4148 57.6 17.77
4149 34.6 8.90996
4150 39.6 1.80996
4151 69.6 27.73
4152 66.6 27.17
4153 73.6 32.63
4154 57.6 30.28
4155 42.6 4.08996
4156 54.6 18.64
4157 48.6 3.81996
4158 60.6 4.61996
4159 45.6 9.19996
4160 41.6 27.72
4161 73.6 30.87
4162 50.6 18.68
4163 62.6 10.01
4164 49.6 13.12
4165 34.6 30.47
4166 53.6 7.12996
4167 46.6 1.48996
4168 36.6 24.56
4169 55.6 25.74
4170 62.6 29.51
4171 71.6 27.72
4172 59.6 8.48996
4173 40.6 3.76996
4174 55.6 15.1
4175 70.6 24.32
4176 44.6 29.65
4177 47.6 13.14
4178 61.6 13.79
4179 51.6 32.45
4180 55.6 33.71
4181 34.6 6.99996
4182 71.6 29.76
4183 46.6 27.81
4184 42.6 24.27
4185 59.6 5.82996
4186 48.6 26.06
4187 39.6 33.09
4188 59.6 29.76
4189 69.6 23.82
4190 40.6 29.49
4191 60.6 10.84
4192 52.6 23.48
4193 36.6 24.15
4194 67.6 20.29
4195 66.6 17.33
4196 54.6 10.68
4197 41.6 20.03
4198 71.6 34.49
4199 51.6 25.95
4200 38.6 23.06
4201 68.6 15.7
4202 43.6 25
4203 36.6 24.34
4204 70.6 33.83
4205 59.6 13.78
4206 54.6 8.96996
4207 52.6 11.1
4208 69.6 17.28
4209 69.6 20.39
4210 57.6 19
4211 62.6 32.77
4212 38.6 10.73
4213 47.6 13.79
4214 73.6 30.3
4215 73.6 25.65
4216 58.6 29.15
4217 40.6 7.14996
4218 59.6 21.32
4219 46.6 10.07
4220 71.6 31.83
4221 49.6 7.62996
4222 66.6 33.15
4223 41.6 33.92
4224 71.6 26.66
4225 35.6 29.2
4226 40.6 32.71
4227 50.6 31.49
4228 50.6 9.90996
4229 38.6 21.33
4230 45.6 3.16996
4231 37.6 26.73
4232 55.6 3.50996
4233 47.6 20.14
4234 51.6 6.02996
4235 46.6 27.14
4236 40.6 2.72996
4237 57.6 6.81996
4238 39.6 31.18
4239 52.6 2.97996
4240 42.6 15.21
4241 49.6 31.65
4242 42.6 0.769963
4243 52.6 8.02996
4244 46.6 4.57996
4245 58.6 28.05
4246 52.6 0.00996319
4247 68.6 30.21
4248 62.6 26.33
4249 71.6 19.03
4250 50.6 15.71
4251 37.6 2.37996
4252 63.6 27.62
4253 55.6 18.46
4254 66.6 20.61
4255 70.6 25.79
4256 53.6 29.77
4257 42.6 0.409963
4258 60.6 4.73996
4259 62.6 14.9
4260 42.6 -1.05004
4261 39.6 7.21996
4262 58.6 17.4
4263 51.6 9.66996
4264 73.6 28.45
4265 36.6 3.23996
4266 58.6 24.54
4267 72.6 28.75
4268 50.6 3.48996
4269 73.6 34.11
4270 45.6 -0.680037
4271 36.6 15.58
4272 65.6 20.98
4273 35.6 6.81996
4274 62.6 32.58
4275 42.6 28.72
4276 61.6 23.34
4277 41.6 19.69
4278 40.6 25.56
4279 58.6 4.62996
4280 65.6 18.73
4281 39.6 -2.68004
4282 59.6 18.16
4283 47.6 16.59
4284 49.6 14.47
4285 36.6 16.42
4286 35.6 3.75996
4287 34.6 17.08
4288 40.6 20.66
4289 36.6 7.13996
4290 50.6 12.29
4291 41.6 11.45
4292 51.6 14.94
4293 40.6 34.05
4294 56.6 25.17
4295 38.6 9.65996
4296 36.6 7.69996
4297 56.6 6.32996
4298 48.6 16.25
4299 54.6 33.19
4300 34.6 27.25
4301 66.6 24.67
4302 45.6 25.76
4303 60.6 4.41996
4304 52.6 30.8
4305 70.6 26.34
4306 65.6 25.05
4307 55.6 21.4
4308 35.6 19.6
4309 41.6 -4.84004
4310 37.6 -0.720037
4311 72.6 23.35
4312 56.6 20.48
4313 58.6 13.52
4314 41.6 8.23996
4315 35.6 8.59996
4316 45.6 21.47
4317 67.6 13.17
4318 52.6 3.68996
4319 67.6 24.32
4320 66.6 24.79
4321 41.6 23.25
4322 51.6 -0.400037
4323 42.6 32.02
4324 34.6 25.73
4325 36.6 6.64996
4326 53.6 8.19996
4327 34.6 4.66996
4328 46.6 7.83996
4329 47.6 20.08
4330 47.6 12.05
4331 38.6 -5.24004
4332 34.6 4.62996
4333 41.6 28.9
4334 43.6 19.68
4335 65.6 13.47
4336 48.6 -2.50004
4337 34.6 9.48996
4338 44.6 27.52
4339 43.6 1.96996
4340 50.6 10.88
4341 64.6 7.92996
4342 38.6 22.29
4343 47.6 10.91
4344 41.6 15.94
4345 47.6 20.88
4346 67.6 22.83
4347 71.6 22.66
4348 48.6 18.24
4349 70.6 22.45
4350 63.6 34.41
4351 42.6 9.04996
4352 43.6 0.309963
4353 60.6 14.68
4354 43.6 6.72996
4355 41.6 17.23
4356 65.6 17.43
4357 39.6 19.84
4358 54.6 5.41996
4359 71.6 26
4360 38.6 0.899963
4361 66.6 15.5
4362 61.6 20.71
4363 50.6 11.87
4364 52.6 6.87996
4365 43.6 33.53
4366 66.6 16.91
4367 68.6 33.87
4368 44.6 30.8
4369 39.6 -2.80004
4370 73.6 29.88
4371 71.6 28.29
4372 36.6 12.26
4373 61.6 13.18
4374 46.6 13.56
4375 36.6 21.71
4376 68.6 26.25
4377 73.6 29.87
4378 50.6 25.05
4379 40.6 -4.94004
4380 53.6 9.24996
4381 67.6 17.37
4382 51.6 31.33
4383 71.6 29.53
4384 73.6 33.98
4385 73.6 29.81
4386 41.6 18.31
4387 64.6 25.31
4388 57.6 20.91
4389 65.6 19.92
4390 67.6 25.34
4391 63.6 27.61
4392 55.6 31
4393 58.6 10.23
4394 61.6 11.9
4395 66.6 26.14
4396 72.6 24.03
4397 44.6 20.45
4398 39.6 13.41
4399 68.6 24.16
4400 67.6 15.86
4401 69.6 19.88
4402 57.6 23.75
4403 35.6 33.42
4404 68.6 18.35
4405 60.6 5.80996
4406 45.6 27.13
4407 64.6 24.96
4408 61.6 18.06
4409 47.6 6.85996
4410 71.6 24.63
4411 55.6 22.25
4412 49.6 11.17
4413 36.6 23.68
4414 48.6 26.32
4415 42.6 12.13
4416 48.6 4.95996
4417 34.6 31.03
4418 63.6 9.86996
4419 62.6 15.04
4420 44.6 10.94
4421 61.6 16.07
4422 48.6 30.42
4423 71.6 27.39
4424 58.6 33.37
4425 50.6 20.59
4426 34.6 11.91
4427 42.6 8.84996
4428 38.6 30.18
4429 53.6 25.3
4430 65.6 27.52
4431 51.6 29.35
4432 66.6 34.11
4433 69.6 28.87
4434 69.6 31.97
4435 55.6 4.34996
4436 55.6 32.91
4437 53.6 14.65
4438 53.6 12.12
4439 63.6 32.97
4440 45.6 3.42996
4441 59.6 28.16
4442 60.6 17.55
4443 45.6 6.57996
4444 62.6 7.68996
4445 66.6 30.89
4446 53.6 10.99
4447 50.6 2.36996
4448 37.6 29.77
4449 50.6 14.22
4450 52.6 23.82
4451 37.6 -4.20004
4452 73.6 25.66
4453 69.6 29.22
4454 49.6 29.64
4455 55.6 11.94
4456 47.6 25.42
4457 56.6 33.09
4458 58.6 8.25996
4459 39.6 -1.12004
4460 59.6 30.23
4461 57.6 24.84
4462 65.6 28.69
4463 73.6 30.46
4464 69.6 16.13
4465 58.6 24.87
4466 71.6 24.41
4467 39.6 21.84
4468 0.599963 16.27
4469 20.6 0.509963
4470 25.6 24.92
4471 7.59996 7.16996
4472 8.59996 33.7
4473 28.6 22.5
4474 -1.40004 28.08
4475 20.6 10.07
4476 33.6 4.30996
4477 25.6 29.68
4478 21.6 7.79996
4479 16.6 8.11996
4480 27.6 8.97996
4481 21.6 10.55
4482 12.6 10.81
4483 33.6 30.12
4484 22.6 3.11996
4485 25.6 2.18996
4486 -1.40004 28.24
4487 -1.40004 21.58
4488 -3.40004 25.77
4489 9.59996 31.54
4490 19.6 -0.910037
4491 -4.40004 27.84
4492 13.6 3.19996
4493 33.6 15.54
4494 34.6 11.29
4495 0.599963 30.6
4496 28.6 25.81
4497 -2.40004 26.32
4498 24.6 1.69996
4499 6.59996 31.38
4500 -3.40004 29.23
4501 -1.40004 19.06
4502 9.59996 7.55996
4503 25.6 6.03996
4504 15.6 22.34
4505 32.6 5.85996
4506 17.6 8.85996
4507 31.6 5.49996
4508 0.599963 31.84
4509 18.6 20.73
4510 27.6 33.38
4511 7.59996 34.07
4512 0.599963 33.16
4513 1.59996 16.96
4514 20.6 0.469963
4515 15.6 1.34996
4516 24.6 30.53
4517 3.59996 34.32
4518 3.59996 30.68
4519 -1.40004 28.09
4520 16.6 20.62
4521 -2.40004 27.12
4522 10.6 8.27996
4523 16.6 5.20996
4524 6.59996 18.85
4525 28.6 23.92
4526 5.59996 23.95
4527 33.6 19.57
4528 33.6 3.52996
4529 6.59996 18.13
4530 34.6 18.53
4531 30.6 9.36996
4532 28.6 3.03996
4533 3.59996 23.83
4534 6.59996 23.73
4535 34.6 11.41
4536 17.6 6.01996
4537 7.59996 12.98
4538 12.6 11.35
4539 21.6 12.09
4540 2.59996 28.81
4541 -4.40004 28.58
4542 -1.40004 26.68
4543 -2.40004 23.51
4544 15.6 26.35
4545 -1.40004 34.4
4546 10.6 33.79
4547 19.6 29.1
4548 5.59996 32.14
4549 14.6 4.70996
4550 9.59996 32.48
4551 26.6 19.86
4552 24.6 29.85
4553 -1.40004 29.47
4554 1.59996 12.71
4555 -1.40004 28.03
4556 14.6 26.73
4557 -4.40004 30.92
4558 15.6 17.91
4559 -2.40004 25.81
4560 28.6 2.73996
4561 23.6 2.76996
4562 15.6 33.14
4563 29.6 15
4564 10.6 33.95
4565 25.6 26.79
4566 -3.40004 31.02
4567 -0.400037 22.6
4568 29.6 4.67996
4569 9.59996 30.22
4570 1.59996 28.27
4571 18.6 20.54
4572 34.6 4.52996
4573 20.6 9.59996
4574 6.59996 16.08
4575 23.6 7.84996
4576 4.59996 8.25996
4577 16.6 28.51
4578 2.59996 23.17
4579 33.6 7.31996
4580 33.6 -3.10004
4581 25.6 25.69
4582 14.6 19.96
4583 11.6 1.93996
4584 6.59996 26.51
4585 18.6 21.66
4586 12.6 17.56
4587 14.6 2.44996
4588 10.6 33.86
4589 -0.400037 25.68
4590 -3.40004 23.62
4591 -4.40004 27.92
4592 22.6 2.82996
4593 5.59996 33.44
4594 1.59996 34.1
4595 30.6 34.26
4596 1.59996 27.07
4597 17.6 3.06996
4598 25.6 7.39996
4599 -4.40004 31.3
4600 25.6 32.32
4601 30.6 8.35996
4602 2.59996 16.36
4603 -4.40004 31.12
4604 16.6 11.54
4605 21.6 31.31
4606 10.6 24.48
4607 5.59996 16.72
4608 4.59996 10.81
4609 10.6 34.45
4610 33.6 15.6
4611 25.6 13.06
4612 9.59996 32.34
4613 34.6 -4.14004
4614 8.59996 31.81
4615 18.6 10.32
4616 -4.40004 32.8
4617 30.6 15.16
4618 30.6 2.64996
4619 2.59996 34.05
4620 21.6 1.74996
4621 10.6 15.51
4622 24.6 -3.73004
4623 17.6 -0.320037
4624 10.6 31.07
4625 27.6 25.62
4626 29.6 24.52
4627 30.6 21.5
4628 0.599963 26.96
4629 18.6 22.28
4630 -1.40004 16.67
4631 2.59996 17.05
4632 21.6 3.91996
4633 15.6 27.3
4634 11.6 32.16
4635 9.59996 13.44
4636 33.6 28.91
4637 9.59996 5.28996
4638 20.6 9.85996
4639 31.6 7.40996
4640 15.6 1.77996
4641 17.6 12.76
4642 24.6 1.38996
4643 20.6 23.84
4644 16.6 24.29
4645 25.6 -1.74004
4646 10.6 17.87
4647 25.6 7.10996
4648 12.6 31.19
4649 -4.40004 27.55
4650 17.6 6.95996
4651 0.599963 16.9
4652 9.59996 27.61
4653 12.6 8.19996
4654 28.6 0.829963
4655 3.59996 15.55
4656 14.6 5.79996
4657 24.6 3.09996
4658 21.6 0.759963
4659 7.59996 8.68996
4660 27.6 22.72
4661 29.6 8.68996
4662 21.6 -1.07004
4663 21.6 5.04996
4664 6.59996 32.88
4665 1.59996 30.63
4666 5.59996 6.72996
4667 27.6 8.85996
4668 -3.40004 26.39
4669 28.6 8.95996
4670 -4.40004 29.31
4671 4.59996 8.48996
4672 5.59996 33.48
4673 1.59996 24.97
4674 18.6 -1.32004
4675 0.599963 21.96
4676 2.59996 18.28
4677 27.6 24.14
4678 -4.40004 26.08
4679 33.6 30.01
4680 9.59996 15.46
4681 18.6 1.45996
4682 21.6 24.85
4683 14.6 11.16
4684 -2.40004 32.01
4685 26.6 23.12
4686 26.6 4.29996
4687 -4.40004 31.62
4688 12.6 2.35996
4689 1.59996 23.69
4690 -2.40004 34.41
4691 27.6 17.11
4692 23.6 16.94
4693 7.59996 24.1
4694 15.6 33.11
4695 13.6 3.63996
4696 19.6 1.90996
4697 32.6 0.389963
4698 29.6 31.58
4699 9.59996 32.18
4700 33.6 34.35
4701 4.59996 8.57996
4702 18.6 27.59
4703 34.6 29.1
4704 29.6 17.47
4705 21.6 -3.34004
4706 30.6 15.6
4707 18.6 30.24
4708 15.6 32.17
4709 16.6 26.22
4710 2.59996 12.6
4711 8.59996 8.99996
4712 5.59996 9.11996
4713 13.6 5.93996
4714 24.6 15.62
4715 6.59996 5.95996
4716 11.6 7.09996
4717 28.6 20.29
4718 3.59996 27.42
4719 12.6 34.31
4720 11.6 33.33
4721 11.6 33.93
4722 26.6 19.41
4723 31.6 11.61
4724 31.6 27.66
4725 17.6 9.52996
4726 20.6 27.37
4727 15.6 15.45
4728 11.6 19.6
4729 20.6 8.34996
4730 -3.40004 32.18
4731 13.6 32.86
4732 29.6 5.52996
4733 29.6 29.12
4734 17.6 20.21
4735 17.6 7.99996
4736 27.6 23.07
4737 14.6 4.12996
4738 10.6 33.25
4739 8.59996 9.20996
4740 5.59996 10.25
4741 27.6 33.85
4742 4.59996 33.94
4743 3.59996 33.27
4744 15.6 27.35
4745 -3.40004 27.91
4746 -4.40004 28.6
4747 11.6 18.44
4748 -4.40004 31.59
4749 9.59996 19.23
4750 34.6 -1.34004
4751 25.6 11.01
4752 7.59996 10.31
4753 28.6 -3.12004
4754 29.6 27.56
4755 3.59996 22.66
4756 15.6 13.5
4757 12.6 28.59
4758 25.6 -3.53004
4759 20.6 11.6
4760 24.6 31.15
4761 5.59996 12.99
4762 17.6 0.469963
4763 -3.40004 30.04
4764 8.59996 25.65
4765 9.59996 25.54
4766 25.6 26.13
4767 8.59996 33.71
4768 26.6 12.36
4769 33.6 34.15
4770 25.6 1.35996
4771 2.59996 34.4
4772 27.6 30.46
4773 12.6 16.44
4774 7.59996 29.52
4775 -1.40004 25.91
4776 9.59996 5.22996
4777 12.6 10.58
4778 12.6 34.48
4779 23.6 0.919963
4780 7.59996 31.04
4781 -0.400037 17.11
4782 19.6 7.66996
4783 16.6 0.759963
4784 5.59996 23.61
4785 5.59996 29.1
4786 -0.400037 34.39
4787 31.6 15.46
4788 -0.400037 21.15
4789 32.6 4.45996
4790 29.6 21.1
4791 -0.400037 15.49
4792 26.6 14.42
4793 9.59996 14.7
4794 12.6 9.83996
4795 3.59996 19.7
4796 9.59996 11.22
4797 -4.40004 32.2
4798 11.6 24.83
4799 10.6 24.08
4800 6.59996 30.54
4801 31.6 -3.95004
4802 7.59996 33.34
4803 24.6 -3.55004
4804 11.6 11.08
4805 5.59996 16.8
4806 -0.400037 34.43
4807 31.6 26.17
4808 7.59996 31.51
4809 9.59996 18.91
4810 9.59996 14.12
4811 15.6 10.9
4812 8.59996 19.1
4813 31.6 28.91
4814 15.6 25.21
4815 20.6 17.01
4816 9.59996 26.83
4817 19.6 11.35
4818 19.6 1.22996
4819 14.6 28.3
4820 13.6 8.38996
4821 24.6 1.63996
4822 24.6 8.05996
4823 23.6 18.83
4824 -0.400037 34.31
4825 27.6 19.6
4826 -2.40004 32.02
4827 11.6 17.96
4828 13.6 4.21996
4829 9.59996 32.2
4830 -2.40004 29.01
4831 34.6 -1.15004
4832 26.6 22.93
4833 14.6 4.64996
4834 10.6 10.68
4835 29.6 24.15
4836 9.59996 23.24
4837 20.6 9.03996
4838 12.6 0.749963
4839 9.59996 28.03
4840 20.6 2.75996
4841 5.59996 21.68
4842 31.6 31.76
4843 6.59996 12.04
4844 12.6 7.66996
4845 18.6 4.07996
4846 29.6 14.12
4847 7.59996 20.15
4848 19.6 21.81
4849 13.6 7.88996
4850 3.59996 19.94
4851 -2.40004 21.72
4852 0.599963 20.49
4853 -1.40004 33.64
4854 6.59996 6.77996
4855 9.59996 26.97
4856 28.6 -3.55004
4857 27.6 2.98996
4858 23.6 4.44996
4859 17.6 9.85996
4860 34.6 -0.540037
4861 28.6 11.43
4862 0.599963 31.55
