%%index real_part   imaginary_part
2247 2247 2247
1 0.55 5.43
2 5.02 10.2
3 4.04 8.07
4 8.69 7.08
5 1.66 5.12
6 2.14 2.24
7 8.5 7.52
8 7.34 8.99
9 3.88 1.16
10 4.22 0.06
11 9.75 3.74
12 2.16 9.32
13 7.8 3.84
14 0.93 11.72
15 0.8 9.46
16 6.41 11.1
17 0.82 1.35
18 0.94 11.43
19 10.04 4.86
20 1.5 1.15
21 6.91 11.7
22 10.75 3.65
23 0.64 3.41
24 8.09 9.61
25 1.19 8.04
26 11.79 3.83
27 1.15 10.94
28 6.31 5.47
29 5.2 0.47
30 1.45 7.24
31 9.86 9.52
32 10.87 11.39
33 10.82 10.68
34 7.06 3.33
35 8 0.38
36 3.61 8.57
37 3.74 2.91
38 9.85 5.88
39 3.49 7.9
40 3.94 5.94
41 9.78 4.69
42 7.15 3.73
43 0.73 2.45
44 6.45 1.46
45 0.23 9.45
46 6.97 11.42
47 10.81 10.09
48 0.3 5.84
49 0.69 1.16
50 5.06 10.88
51 10.97 8.69
52 11.6 8.67
53 6.07 2.71
54 10.61 0.97
55 6.92 1.09
56 9.3 6.08
57 1.33 8.22
58 2.19 4.45
59 9.44 2.06
60 11.51 8.64
61 8.07 1.19
62 11.28 6.48
63 3.84 10.4
64 11.56 3.1
65 1.99 4.53
66 4.74 4.63
67 4.82 4.48
68 7.2 7.87
69 8.84 10.9
70 11.99 9.33
71 6.93 7.28
72 3.5 9.29
73 5.26 8.27
74 10.33 5.7
75 5.86 6.22
76 7.41 1.37
77 7.85 5.45
78 3.86 10.22
79 1.32 11.7
80 7.75 3.42
81 11.57 6.83
82 11.32 0.5
83 8.37 4.4
84 3.3 10.04
85 10.89 5.21
86 4.02 6.81
87 7.62 9.35
88 5.62 7.52
89 4.74 4.4
90 10.63 7.47
91 8.84 2.13
92 7.58 9.56
93 7.78 4.7
94 7.92 11.44
95 6.39 9.11
96 7.46 3.67
97 7.69 5.96
98 1.88 10.3
99 11.86 7.58
100 4.32 8.7
101 7.03 10.76
102 8.11 8.34
103 3.86 2.65
104 10.58 5.25
105 0.72 0.13
106 2.26 9.21
107 6.77 9.57
108 5.79 9.84
109 0.81 6.08
110 6.71 5.23
111 0.42 10.72
112 8.2 2.17
113 4 8.12
114 3.7 10.09
115 6.79 3.86
116 2.62 8.02
117 4.36 5.35
118 8 2.25
119 11.02 11.75
120 3.4 6.58
121 7.31 11.75
122 0.84 -5.66
123 7.02 -5.61
124 11.69 -6.63
125 11.86 -11.35
126 10.07 -6.4
127 0.09 -3.8
128 11.92 -6.28
129 7.89 -4.09
130 7.96 -7.15
131 6.69 -6.2
132 11.55 -2.1
133 7.88 -2.58
134 5.85 -11.08
135 9.18 -6.9
136 6.65 -9.25
137 6.43 -4.5
138 1.63 -11.01
139 9.16 -1.45
140 0.81 -1.32
141 11.24 -0.54
142 4.35 -2.4
143 0.2 -2.85
144 6.95 -4.27
145 2.94 -11.61
146 5.82 -6.43
147 8.53 -9.64
148 0.22 -8.89
149 7.97 -4.41
150 2.84 -9.59
151 6.84 -5.16
152 1.18 -1.01
153 0.03 -1.27
154 6.24 -2.81
155 7.65 -9.19
156 9.74 -7.05
157 0.98 -10.41
158 1.26 -2.09
159 9.88 -1.18
160 0.8 -8.21
161 2.64 -0.83
162 1.99 -10.14
163 7.03 -2.7
164 10.63 -5.73
165 3.32 -6.53
166 3.21 -1.47
167 2.49 -10.16
168 2.95 -4.39
169 10.72 -6.04
170 3.23 -9.19
171 7.77 -6.37
172 4.78 -0.97
173 6.58 -8.75
174 1.45 -6.04
175 5.78 -4.47
176 8.82 -5.77
177 3.91 -11.94
178 2.64 -10.81
179 4.54 -2.47
180 9 -4.8
181 9.79 -7.86
182 6.02 -0.21
183 8.12 -3.8
184 9.84 -0.49
185 9.68 -6.84
186 1.21 -4.6
187 9.09 -5.45
188 5.72 -9.51
189 7.07 -3.68
190 11.67 -10.7
191 4.47 -0.85
192 0.8 -8.49
193 7.3 -11.91
194 2.38 -6.96
195 3.28 -11.84
196 7.7 -2.9
197 6.63 -1.08
198 8.4 -5.24
199 5.73 -6.27
200 1.11 -6.25
201 2.37 -6.93
202 3.91 -5.84
203 3.35 -11.46
204 6.66 -9.63
205 8.33 -1.94
206 2.8 -6.33
207 2.82 -4.33
208 4.24 -7.12
209 5.6 -1.64
210 1.48 -10.14
211 4.56 -8.89
212 1.49 -0.7
213 5.94 -11.19
214 8.98 -1.41
215 11.18 -3.19
216 10.13 -10.09
217 7.45 -1.55
218 1.02 -2.04
219 3.19 -2.32
220 4.26 -11.2
221 5.54 -11.53
222 3.86 -7.06
223 5.7 -11.88
224 1.53 -11.62
225 9.76 -11.31
226 11.72 -6.53
227 7.24 -2.32
228 5.03 -4.73
229 6.14 -1.18
230 7.9 -2.01
231 3.62 -5.33
232 10.4 -6.03
233 11.59 -11.07
234 1.39 -2.94
235 2.15 -2.78
236 5.83 -9.17
237 7.76 -11.21
238 11.09 -1.21
239 0.83 -1.46
240 4.29 -4.14
241 10.68 -2.11
242 4.43 -7.53
243 -0.26 -5.92
244 -7.1 -0.98
245 -2.99 -9.93
246 -3.26 -6.52
247 -0.55 -10.13
248 -9.2 -1.66
249 -4.61 -0.14
250 -6.45 -2.11
251 -2.81 -10.28
252 -9.49 -0.28
253 -5.02 -10.57
254 -0.03 -8.58
255 -0.73 -5.85
256 -7.97 -7.85
257 -3.38 -11.41
258 -5.33 -3.92
259 -4.91 -3.65
260 -1.58 -3.95
261 -10.48 -11.42
262 -9.56 -8.36
263 -1.54 -2.55
264 -6.22 -10.28
265 -0.4 -9.67
266 -7.95 -4.19
267 -7.99 -3.21
268 -5.3 -5.44
269 -2.03 -1.01
270 -10.39 -5.33
271 -1.18 -6.28
272 -9.21 -9.88
273 -1.8 -8.09
274 -11.74 -6.06
275 -1.53 -10.23
276 -9.66 -4.84
277 -4.72 -3.53
278 -6.09 -10.74
279 -9.02 -6.26
280 -3.94 -3.83
281 -8.02 -0.94
282 -7.67 -3.41
283 -8.86 -4.01
284 -5.03 -0.97
285 -9.83 -2.41
286 -0.21 -3.42
287 -1.3 -2.53
288 -10.62 -9.42
289 -3.48 -6.62
290 -8.38 -1.88
291 -10.24 -8.53
292 -0.07 -9.56
293 -8.3 -2.96
294 -0.75 -6.16
295 -1.51 -8.84
296 -9.79 -8.21
297 -11.62 -9.53
298 -1.54 -8.98
299 -9.96 -8.48
300 -2.41 -10.09
301 -5.03 -11.31
302 -1.84 -2.62
303 -0.04 -9.85
304 -4.48 -3.99
305 -5.87 -7.04
306 -3.58 -4.38
307 -1.94 -4.12
308 -7.08 -7.17
309 -1.33 -10.24
310 -7.08 -11.35
311 -7.56 -6.36
312 -3.89 -8.39
313 -5.38 -7.19
314 -7.19 -8.95
315 -7.05 -6.86
316 -6.17 -9.61
317 -0.23 -3.6
318 -1.46 -11.53
319 -3.52 -3.8
320 -2.36 -9.46
321 -1.84 -0.92
322 -5.04 -5.94
323 -1.11 -3.78
324 -5.54 -3.64
325 -3 -5.96
326 -0.32 -0.62
327 -0.54 -10.56
328 -5.75 -7.73
329 -4.69 -5.92
330 -4.3 -0.95
331 -2.08 -3.26
332 -6.86 -10.47
333 -10 -2.31
334 -9.63 -11.84
335 -9.3 -5.05
336 -5.97 -0
337 -9.46 -11.14
338 -2.92 -2.53
339 -6.17 -10.58
340 -8.06 -8.46
341 -0.61 -0.69
342 -11.26 -11.91
343 -7.64 -1.15
344 -10.59 -8.53
345 -1 -3.85
346 -10.63 -2.89
347 -4.88 -3.08
348 -8.92 -9.02
349 -8.86 -6.4
350 -11.45 -6.55
351 -10.07 -6.17
352 -8.83 -8.94
353 -11.47 -7.54
354 -9.64 -11.76
355 -11.74 -9.17
356 -9.86 -5.7
357 -9.13 -3.87
358 -8.54 -0.64
359 -0.7 -8.3
360 -0.15 -7.13
361 -1.54 -1.7
362 -8.31 -2.31
363 -11.33 -9.94
364 -4.35 8.75
365 -6.82 11.71
366 -5.88 7.32
367 -4.27 4.9
368 -0.44 2.72
369 -6 7.26
370 -4.43 10.08
371 -7.3 9.26
372 -1.14 2.3
373 -6.46 4.44
374 -0.74 9.68
375 -8.34 7.16
376 -0.39 4.41
377 -6.72 1.4
378 -11.35 8.7
379 -8.97 9.57
380 -9.29 3.7
381 -2.54 3.79
382 -0.21 6.69
383 -0.93 10.33
384 -5.6 0.65
385 -2.25 6.93
386 -4.2 10.03
387 -3.85 9.56
388 -5.52 8.86
389 -6.54 10.32
390 -5.48 6.26
391 -2.19 6.4
392 -7.81 5.87
393 -6.09 0.44
394 -10.01 7.16
395 -2.38 6.58
396 -10.38 10.82
397 -9.04 4.92
398 -3.26 10.59
399 -2.77 9.97
400 -8.43 8.86
401 -10.41 5.02
402 -6.1 4.15
403 -1.01 2.27
404 -4.11 11.62
405 -9.4 11.07
406 -5.48 1.11
407 -10.51 11.6
408 -0.04 1.29
409 -11.97 8.12
410 -2.71 1.57
411 -0.4 2.35
412 -7.27 4.61
413 -3.2 9.44
414 -10.93 2.05
415 -10.91 9.49
416 -6.04 7.36
417 -11.51 0.85
418 -6.64 0.14
419 -11.77 0.52
420 -3.12 10.75
421 -3.38 0.69
422 -0.29 8.6
423 -1.41 1.89
424 -1.54 0.33
425 -1.91 1.38
426 -7.25 4.25
427 -8.86 5.83
428 -6.79 2.52
429 -8.1 3.58
430 -4.6 5.72
431 -1.09 7.01
432 -11.38 10.64
433 -10.78 4.12
434 -8.17 6.02
435 -4.77 2.07
436 -2.77 11.29
437 -11.41 11.68
438 -5.09 3.06
439 -6.92 0.82
440 -5.72 6.63
441 -10.88 0.35
442 -9.7 4.49
443 -7.01 11.26
444 -2.85 4.49
445 -1.73 6.63
446 -1.65 7.45
447 -9.61 6.34
448 -10.47 1.03
449 -10.58 8.39
450 -1.99 6.64
451 -5.93 3.35
452 -6.55 8.28
453 -2.86 8.86
454 -9.68 11.65
455 -6.28 9.78
456 -1.65 6.92
457 -11.41 5.17
458 -7.95 11.35
459 -7.36 9.94
460 -4.58 2.32
461 -9.77 9.1
462 -3.44 9.75
463 -2.3 7.38
464 -7.3 5.43
465 -0.07 0.88
466 -7.76 0.81
467 -9.09 9.52
468 -6.38 2.31
469 -1.96 11.95
470 -1.26 7.58
471 -6.02 11.77
472 -8.46 6.43
473 -9.31 5.43
474 -6.9 4.41
475 -6.74 4.67
476 -5.29 3
477 -0.75 8.03
478 -6.94 8.74
479 -2.17 6.57
480 -10.98 2.24
481 -6.57 5.77
482 -3.29 6.74
483 -0.57 3.66
484 -7.13 1.2
485 43.7614 16.5914
486 29.7614 38.6314
487 44.7614 44.0414
488 38.7614 22.4614
489 36.7614 22.6114
490 25.7614 26.4614
491 26.7614 46.7614
492 44.7614 30.1714
493 52.7614 31.3114
494 16.7614 32.4614
495 42.7614 29.6314
496 25.7614 28.5514
497 24.7614 14.2114
498 56.7614 13.1714
499 56.7614 24.1814
500 55.7614 30.7814
501 46.7614 26.8014
502 28.7614 43.8214
503 27.7614 20.3514
504 43.7614 42.7914
505 27.7614 32.0114
506 28.7614 15.8714
507 49.7614 27.4714
508 17.7614 34.4714
509 25.7614 16.4314
510 17.7614 15.0714
511 29.7614 49.4414
512 42.7614 27.5114
513 43.7614 26.7514
514 26.7614 36.0014
515 21.7614 40.1614
516 28.7614 21.4714
517 15.7614 35.4314
518 28.7614 17.0514
519 44.7614 26.3414
520 28.7614 28.9814
521 36.7614 51.8714
522 26.7614 27.3714
523 50.7614 39.1814
524 15.7614 42.8914
525 46.7614 35.5014
526 39.7614 45.9214
527 18.7614 52.3514
528 25.7614 27.3614
529 51.7614 19.8814
530 36.7614 14.7914
531 51.7614 31.3814
532 36.7614 14.2414
533 21.7614 27.8014
534 52.7614 16.8314
535 58.7614 19.4314
536 12.7614 44.7414
537 58.7614 13.9614
538 55.7614 18.8814
539 50.7614 26.2114
540 33.7614 40.4814
541 24.7614 48.5014
542 43.7614 21.9414
543 25.7614 29.5914
544 26.7614 49.1914
545 16.7614 48.3914
546 23.7614 45.7514
547 49.7614 22.4914
548 56.7614 18.3514
549 47.7614 36.0614
550 32.7614 31.6714
551 16.7614 23.7714
552 28.7614 53.0314
553 25.7614 14.7814
554 31.7614 36.5914
555 54.7614 16.4514
556 21.7614 41.9814
557 55.7614 23.2314
558 43.7614 43.0414
559 55.7614 13.9614
560 57.7614 13.0214
561 27.7614 17.9714
562 35.7614 23.8914
563 15.7614 59.0214
564 17.7614 58.9914
565 48.7614 32.2014
566 43.7614 31.3314
567 36.7614 15.3314
568 34.7614 21.9414
569 55.7614 28.0314
570 58.7614 13.8614
571 47.7614 43.3714
572 36.7614 32.6714
573 19.7614 57.4914
574 36.7614 30.6714
575 44.7614 24.7014
576 42.7614 46.5714
577 23.7614 25.2414
578 44.7614 27.3814
579 43.7614 34.9514
580 23.7614 18.1014
581 32.7614 17.2914
582 51.7614 14.8814
583 12.7614 38.0714
584 51.7614 26.4914
585 46.7614 20.1214
586 25.7614 28.8314
587 39.7614 46.4314
588 24.7614 22.8514
589 16.7614 58.9814
590 29.7614 44.1414
591 50.7614 13.4714
592 49.7614 40.6014
593 44.7614 32.4214
594 34.7614 14.7314
595 51.7614 28.6114
596 53.7614 20.2914
597 45.7614 33.0214
598 48.7614 26.7614
599 38.7614 34.2414
600 46.7614 19.4314
601 38.7614 13.8414
602 53.7614 23.0914
603 54.7614 31.0114
604 57.7614 16.4414
605 14.7614 24.1914
606 48.7614 30.9114
607 53.7614 35.5414
608 13.7614 39.1314
609 19.7614 56.2314
610 12.7614 50.6214
611 47.7614 36.9314
612 51.7614 34.9814
613 18.7614 44.3214
614 24.7614 12.8014
615 53.7614 33.7114
616 16.7614 41.1614
617 16.7614 32.7414
618 43.7614 16.0614
619 48.7614 27.4414
620 37.7614 27.5014
621 36.7614 51.3414
622 49.7614 30.5814
623 57.7614 17.1814
624 15.7614 39.6114
625 52.7614 12.8214
626 44.7614 13.4914
627 15.7614 58.3814
628 19.7614 22.9914
629 48.7614 26.4514
630 12.7614 45.0314
631 35.7614 30.2714
632 42.7614 14.4714
633 46.7614 34.2114
634 38.7614 19.5314
635 36.7614 34.8014
636 53.7614 15.5614
637 56.7614 17.7014
638 37.7614 27.7914
639 39.7614 50.1014
640 19.7614 47.5314
641 50.7614 38.8714
642 44.7614 23.4314
643 33.7614 51.7314
644 21.7614 37.2314
645 28.7614 51.4614
646 58.7614 16.1014
647 31.7614 53.2214
648 57.7614 15.5114
649 36.7614 28.8614
650 21.7614 25.3614
651 46.7614 24.3314
652 19.7614 49.0514
653 51.7614 23.7914
654 44.7614 16.1514
655 53.7614 27.4814
656 56.7614 23.0514
657 22.7614 22.9414
658 22.7614 56.8814
659 12.7614 49.1514
660 12.7614 25.6114
661 47.7614 13.6214
662 46.7614 17.1014
663 20.7614 45.0414
664 31.7614 55.5514
665 26.7614 39.3914
666 50.7614 16.8114
667 22.7614 38.5614
668 24.7614 50.9914
669 23.7614 19.9514
670 38.7614 48.4814
671 28.7614 27.5414
672 54.7614 30.5514
673 43.7614 35.7714
674 28.7614 41.9114
675 16.7614 54.2814
676 38.7614 50.2914
677 53.7614 19.9914
678 38.7614 41.0314
679 36.7614 53.7414
680 52.7614 20.2114
681 17.7614 22.7414
682 31.7614 31.6114
683 22.7614 41.1414
684 34.7614 29.8914
685 45.7614 26.9814
686 17.7614 40.7714
687 15.7614 26.1814
688 46.7614 23.2414
689 43.7614 26.4914
690 56.7614 25.1214
691 57.7614 13.4314
692 40.7614 46.4314
693 27.7614 24.0514
694 33.7614 41.7314
695 22.7614 20.2914
696 47.7614 39.6814
697 17.7614 58.2114
698 21.7614 23.5714
699 55.7614 20.1314
700 53.7614 28.6914
701 49.7614 15.5914
702 49.7614 35.8714
703 16.7614 28.5114
704 44.7614 45.9614
705 39.7614 40.0214
706 15.7614 40.5314
707 43.7614 37.2614
708 56.7614 17.1514
709 56.7614 28.6714
710 34.7614 23.3514
711 29.7614 35.0714
712 14.7614 48.2314
713 35.7614 19.0914
714 28.7614 31.4014
715 39.7614 39.0214
716 20.7614 18.5814
717 26.7614 20.2714
718 28.7614 20.1414
719 35.7614 46.3314
720 19.7614 29.0314
721 22.7614 32.4314
722 46.7614 19.0914
723 33.7614 24.7814
724 58.7614 18.2514
725 45.7614 23.8914
726 44.7614 32.1814
727 50.7614 28.9114
728 17.7614 27.0014
729 16.7614 32.9814
730 25.7614 17.4714
731 49.7614 39.2114
732 41.7614 26.8614
733 32.7614 17.2614
734 35.7614 40.5214
735 38.7614 43.3514
736 42.7614 18.7114
737 58.7614 13.3614
738 49.7614 32.7214
739 18.7614 26.2814
740 56.7614 19.3614
741 28.7614 44.3314
742 35.7614 26.8914
743 55.7614 29.2314
744 34.7614 24.4914
745 46.7614 13.0214
746 49.7614 31.9814
747 48.7614 17.7714
748 21.7614 47.4914
749 56.7614 20.0814
750 22.7614 57.3914
751 12.7614 46.3214
752 51.7614 15.9914
753 49.7614 26.6614
754 57.7614 23.5914
755 57.7614 24.4514
756 53.7614 18.8814
757 16.7614 19.7714
758 34.7614 33.7914
759 16.7614 41.4014
760 18.7614 19.9814
761 23.7614 18.4914
762 33.7614 29.9414
763 54.7614 16.0414
764 26.7614 46.0714
765 33.7614 26.6814
766 53.7614 35.3314
767 35.7614 28.3314
768 58.7614 18.9414
769 54.7614 19.2714
770 26.7614 32.7014
771 31.7614 17.2514
772 46.7614 20.2714
773 43.7614 31.1314
774 15.7614 46.2714
775 23.7614 51.5914
776 44.7614 19.7114
777 23.7614 39.9414
778 40.7614 25.1214
779 28.7614 45.3314
780 36.7614 40.3614
781 37.7614 49.4114
782 28.7614 15.2714
783 43.7614 28.7314
784 31.7614 14.5014
785 50.7614 39.5014
786 58.7614 14.4914
787 12.7614 21.5514
788 26.7614 20.5014
789 33.7614 39.5814
790 58.7614 16.9714
791 44.7614 30.7514
792 46.7614 30.5114
793 29.7614 53.1114
794 40.7614 37.9314
795 48.7614 39.5814
796 14.7614 31.7014
797 35.7614 38.2214
798 53.7614 28.9814
799 24.7614 41.9414
800 47.7614 38.7114
801 17.7614 43.4414
802 52.7614 33.4414
803 38.7614 35.7214
804 28.7614 32.9214
805 42.7614 19.9614
806 24.7614 38.2114
807 38.7614 49.8314
808 49.7614 34.6914
809 31.7614 55.1114
810 20.7614 20.6214
811 35.7614 26.1514
812 40.7614 40.9214
813 45.7614 16.5814
814 45.7614 23.5614
815 27.7614 13.6214
816 19.7614 20.7414
817 26.7614 21.7214
818 16.7614 34.3114
819 25.7614 45.3714
820 31.7614 30.0014
821 28.7614 40.8914
822 28.7614 21.3214
823 26.7614 15.6914
824 56.7614 24.4214
825 15.7614 43.3614
826 12.7614 56.7314
827 33.7614 42.1414
828 16.7614 55.1314
829 20.7614 22.8014
830 44.7614 44.4914
831 29.7614 25.2214
832 13.7614 42.2114
833 56.7614 16.1414
834 15.7614 28.6314
835 39.7614 31.5214
836 23.7614 39.6014
837 24.7614 23.0814
838 55.7614 28.9014
839 24.7614 53.6614
840 51.7614 14.3314
841 37.7614 13.0914
842 32.7614 42.3114
843 58.7614 17.4814
844 44.7614 16.2014
845 33.7614 23.9014
846 48.7614 33.9414
847 26.7614 19.6514
848 40.7614 46.3114
849 56.7614 24.4414
850 39.7614 20.5414
851 45.7614 32.3014
852 37.7614 41.1414
853 57.7614 23.3014
854 38.7614 18.9214
855 53.7614 26.0814
856 38.7614 42.7614
857 49.7614 18.5614
858 56.7614 22.1714
859 16.7614 17.7514
860 14.7614 16.5614
861 38.7614 13.7914
862 33.7614 26.0214
863 42.7614 20.9014
864 22.7614 27.9514
865 46.7614 15.0014
866 21.7614 58.5514
867 21.7614 57.3914
868 31.7614 55.4414
869 25.7614 55.4514
870 30.7614 24.9014
871 55.7614 24.3414
872 43.7614 18.4814
873 36.7614 30.4514
874 39.7614 24.7014
875 49.7614 32.2714
876 23.7614 55.6314
877 34.7614 18.4814
878 26.7614 21.7414
879 47.7614 29.2314
880 49.7614 22.9814
881 54.7614 30.9414
882 33.7614 36.2914
883 24.7614 53.4714
884 49.7614 25.7414
885 56.7614 20.8214
886 24.7614 39.7414
887 45.7614 39.5514
888 17.7614 25.3414
889 16.7614 36.1214
890 55.7614 30.9814
891 54.7614 22.0214
892 27.7614 23.2114
893 51.7614 25.5014
894 39.7614 33.1314
895 24.7614 14.8814
896 19.7614 19.2014
897 28.7614 49.8914
898 28.7614 35.3914
899 19.7614 38.4714
900 23.7614 39.0414
901 54.7614 20.5414
902 36.7614 14.2114
903 37.7614 49.2514
904 55.7614 15.3514
905 32.7614 46.3114
906 40.7614 32.5214
907 37.7614 43.1814
908 23.7614 20.0714
909 21.7614 17.9214
910 15.7614 14.1814
911 46.7614 39.0814
912 46.7614 25.8614
913 56.7614 20.1214
914 27.7614 43.0914
915 28.7614 17.1514
916 47.7614 28.1214
917 20.7614 36.1714
918 35.7614 41.0314
919 37.7614 16.1214
920 32.7614 43.5614
921 49.7614 29.4714
922 52.7614 15.5214
923 14.7614 28.5814
924 23.7614 48.1014
925 11.7614 30.0814
926 -26.2386 33.5514
927 -17.2386 20.9014
928 -31.2386 16.3814
929 -22.2386 20.9114
930 -24.2386 22.8514
931 -6.2386 14.8614
932 -7.2386 22.5114
933 -29.2386 14.0614
934 -27.2386 16.2114
935 -28.2386 13.6914
936 -11.2386 46.3714
937 -28.2386 21.1414
938 8.7614 43.0614
939 -15.2386 41.7714
940 -0.238601 45.4614
941 -22.2386 39.6814
942 -10.2386 53.7414
943 -24.2386 14.6714
944 8.7614 19.8514
945 -26.2386 21.8514
946 -22.2386 13.9214
947 -32.2386 21.9214
948 -4.2386 28.9814
949 2.7614 37.7414
950 -5.2386 52.4114
951 9.7614 44.2114
952 -7.2386 37.8514
953 -6.2386 53.4414
954 -32.2386 13.3114
955 -32.2386 20.3214
956 -21.2386 27.3114
957 -9.2386 16.5514
958 -18.2386 40.8314
959 -3.2386 22.9414
960 -30.2386 23.5614
961 4.7614 47.6414
962 -32.2386 19.7414
963 -31.2386 27.1514
964 8.7614 17.7914
965 -18.2386 38.6814
966 -4.2386 52.5814
967 -11.2386 44.7614
968 -23.2386 39.0014
969 -27.2386 23.5814
970 -30.2386 20.1814
971 -17.2386 47.8414
972 7.7614 58.6714
973 -33.2386 20.3014
974 -10.2386 45.8514
975 -17.2386 26.9114
976 10.7614 49.8014
977 4.7614 26.6514
978 -11.2386 45.3614
979 -8.2386 27.0314
980 -5.2386 13.9514
981 3.7614 57.6014
982 -10.2386 18.3614
983 -17.2386 31.7214
984 -16.2386 40.8114
985 8.7614 18.9114
986 -29.2386 31.9714
987 -1.2386 32.7214
988 -33.2386 17.3914
989 -7.2386 38.8614
990 4.7614 56.0314
991 -8.2386 32.4214
992 -8.2386 51.0914
993 -3.2386 50.1514
994 -1.2386 37.1314
995 7.7614 24.3714
996 -13.2386 31.6614
997 12.7614 58.3714
998 -14.2386 13.1014
999 -27.2386 34.6314
1000 -21.2386 23.6314
1001 -27.2386 27.6614
1002 -24.2386 18.5414
1003 -21.2386 17.9614
1004 -13.2386 43.6414
1005 -25.2386 13.4314
1006 -24.2386 16.3714
1007 10.7614 14.2814
1008 -7.2386 21.1714
1009 3.7614 36.6814
1010 -0.238601 31.3714
1011 12.7614 21.1414
1012 -21.2386 14.7814
1013 -28.2386 14.8214
1014 -18.2386 13.3214
1015 -12.2386 49.5514
1016 -24.2386 18.7514
1017 7.7614 55.8014
1018 7.7614 53.8314
1019 -30.2386 31.4814
1020 -13.2386 45.3614
1021 -31.2386 17.9214
1022 -12.2386 33.0414
1023 6.7614 32.9514
1024 -31.2386 17.8714
1025 0.761399 34.2814
1026 -21.2386 30.4414
1027 -16.2386 41.5214
1028 -0.238601 19.6614
1029 -3.2386 44.3514
1030 -24.2386 26.0314
1031 -8.2386 32.7114
1032 -25.2386 30.8414
1033 -20.2386 29.3214
1034 -32.2386 25.0414
1035 -19.2386 43.4014
1036 -29.2386 24.9914
1037 -32.2386 15.8914
1038 -21.2386 41.7614
1039 -6.2386 13.5014
1040 -11.2386 15.2414
1041 -33.2386 17.1114
1042 -10.2386 40.4514
1043 0.761399 33.6414
1044 -18.2386 39.2114
1045 -25.2386 31.8714
1046 11.7614 40.1414
1047 6.7614 46.7914
1048 -5.2386 52.8514
1049 -7.2386 42.4314
1050 -9.2386 13.2014
1051 -32.2386 20.5414
1052 -27.2386 35.3914
1053 -4.2386 23.4714
1054 -18.2386 32.0514
1055 -29.2386 20.0214
1056 -12.2386 35.5214
1057 -32.2386 19.7014
1058 -15.2386 22.0114
1059 -3.2386 49.3314
1060 -31.2386 18.1014
1061 -25.2386 23.7514
1062 -33.2386 14.0214
1063 -10.2386 32.5114
1064 -3.2386 49.4114
1065 -25.2386 31.0214
1066 5.7614 27.0114
1067 -21.2386 13.5714
1068 -3.2386 42.2814
1069 -20.2386 41.3114
1070 -32.2386 19.7814
1071 4.7614 15.3514
1072 4.7614 34.7114
1073 8.7614 30.5114
1074 10.7614 49.1614
1075 5.7614 52.7014
1076 4.7614 23.8114
1077 9.7614 25.7814
1078 11.7614 40.7514
1079 -17.2386 47.4814
1080 10.7614 48.4814
1081 -21.2386 35.5414
1082 -3.2386 32.3414
1083 -23.2386 17.1414
1084 -18.2386 18.4014
1085 0.761399 18.6814
1086 -23.2386 17.5514
1087 -19.2386 27.2414
1088 -19.2386 30.8514
1089 -20.2386 46.2214
1090 -24.2386 13.3614
1091 -0.238601 45.5514
1092 -31.2386 17.6614
1093 2.7614 16.2614
1094 11.7614 29.8714
1095 -2.2386 55.8714
1096 -7.2386 46.4814
1097 -25.2386 16.1014
1098 10.7614 13.7714
1099 12.7614 23.6914
1100 -22.2386 22.4614
1101 -29.2386 23.1114
1102 -25.2386 29.6514
1103 -8.2386 54.0014
1104 -30.2386 17.3414
1105 -24.2386 29.2714
1106 6.7614 30.4414
1107 -23.2386 29.1314
1108 9.7614 18.4014
1109 -14.2386 48.2814
1110 -6.2386 48.3714
1111 -20.2386 32.8714
1112 -10.2386 25.8114
1113 -20.2386 28.9114
1114 1.7614 51.4614
1115 -4.2386 17.5114
1116 8.7614 35.2314
1117 -15.2386 15.6614
1118 -31.2386 18.2114
1119 -32.2386 25.1514
1120 -1.2386 57.1814
1121 6.7614 32.0214
1122 -30.2386 20.0114
1123 -15.2386 49.9614
1124 -9.2386 29.7814
1125 8.7614 52.4414
1126 4.7614 48.6414
1127 -26.2386 31.2414
1128 -7.2386 21.5314
1129 -28.2386 19.2714
1130 -4.2386 30.0114
1131 -22.2386 24.6414
1132 -15.2386 38.6414
1133 -30.2386 24.8814
1134 -31.2386 18.7314
1135 -6.2386 19.6914
1136 4.7614 14.2214
1137 -3.2386 42.7714
1138 11.7614 46.1114
1139 3.7614 42.8814
1140 1.7614 42.7514
1141 -30.2386 23.2914
1142 4.7614 28.8814
1143 3.7614 37.5714
1144 -6.2386 20.4514
1145 -5.2386 22.1314
1146 -27.2386 30.3914
1147 -24.2386 23.4614
1148 10.7614 13.3614
1149 12.7614 26.6514
1150 -20.2386 36.6214
1151 -30.2386 24.7714
1152 -16.2386 39.8114
1153 8.7614 48.3114
1154 -23.2386 18.0414
1155 -19.2386 30.5814
1156 -18.2386 15.2814
1157 12.7614 24.9114
1158 11.7614 47.1614
1159 11.7614 30.8214
1160 -0.238601 17.0814
1161 -23.2386 28.3214
1162 7.7614 41.0114
1163 5.7614 57.7514
1164 -31.2386 26.9014
1165 -26.2386 31.2314
1166 -18.2386 39.5014
1167 7.7614 37.1314
1168 12.7614 41.7814
1169 10.7614 15.4814
1170 -15.2386 23.9214
1171 -4.2386 33.3414
1172 -9.2386 14.6914
1173 -18.2386 17.1214
1174 7.7614 14.4914
1175 -10.2386 33.2314
1176 7.7614 59.6714
1177 -17.2386 13.2914
1178 -9.2386 47.1114
1179 -10.2386 45.8214
1180 -10.2386 21.6814
1181 8.7614 33.7714
1182 9.7614 57.2914
1183 -13.2386 15.7414
1184 -10.2386 50.5914
1185 -33.2386 16.1414
1186 -30.2386 26.0414
1187 -9.2386 26.9514
1188 0.761399 47.5014
1189 -33.2386 17.3414
1190 -26.2386 26.2614
1191 -2.2386 41.8214
1192 -5.2386 41.3814
1193 0.761399 57.3814
1194 -1.2386 41.4014
1195 -1.2386 34.7414
1196 3.7614 27.4914
1197 10.7614 34.5114
1198 -19.2386 35.1814
1199 -9.2386 22.0914
1200 -3.2386 48.2314
1201 -31.2386 24.5214
1202 -3.2386 28.4914
1203 -22.2386 16.7614
1204 -12.2386 44.3014
1205 -11.2386 43.2314
1206 -28.2386 19.4414
1207 -32.2386 18.2614
1208 -29.2386 31.9314
1209 6.7614 25.0714
1210 7.7614 31.0814
1211 -12.2386 46.6514
1212 -30.2386 13.0914
1213 6.7614 16.5914
1214 -2.2386 53.6914
1215 -29.2386 28.8014
1216 -15.2386 44.1714
1217 -9.2386 43.9514
1218 -24.2386 40.5514
1219 8.7614 56.4114
1220 10.7614 32.5814
1221 -25.2386 33.1814
1222 -13.2386 14.4614
1223 3.7614 36.6114
1224 7.7614 26.3314
1225 2.7614 38.9614
1226 -7.2386 33.2614
1227 -17.2386 35.2314
1228 -9.2386 22.0614
1229 9.7614 48.3814
1230 -10.2386 19.2814
1231 -8.2386 26.9214
1232 -29.2386 22.7414
1233 5.7614 39.8714
1234 -19.2386 25.8314
1235 -13.2386 44.9014
1236 -32.2386 22.1714
1237 -18.2386 32.1614
1238 -25.2386 24.7814
1239 -13.2386 29.2714
1240 -0.238601 53.6914
1241 0.761399 13.7714
1242 -17.2386 30.1414
1243 -16.2386 17.0614
1244 -23.2386 37.1214
1245 -8.2386 51.2014
1246 -22.2386 28.3414
1247 -9.2386 41.0914
1248 -4.2386 24.7314
1249 -2.2386 23.1314
1250 -6.2386 50.4814
1251 -24.2386 25.2214
1252 -30.2386 28.3714
1253 11.7614 45.0614
1254 -6.2386 19.9114
1255 3.7614 31.5014
1256 -8.2386 22.3314
1257 -32.2386 20.8014
1258 -8.2386 39.0514
1259 -2.2386 45.9214
1260 -4.2386 42.5514
1261 10.7614 52.2914
1262 -24.2386 15.4914
1263 -1.2386 46.7414
1264 1.7614 14.1014
1265 -23.2386 28.5514
1266 -15.2386 18.6714
1267 5.7614 33.0014
1268 7.7614 43.3914
1269 -24.2386 28.4314
1270 -1.2386 15.6414
1271 -2.2386 39.1414
1272 12.7614 19.9414
1273 -32.2386 21.2114
1274 -32.2386 24.0514
1275 0.761399 13.9214
1276 3.7614 57.0114
1277 -12.2386 22.7314
1278 -31.2386 26.3514
1279 -20.2386 29.4914
1280 12.7614 58.1114
1281 -31.2386 19.2714
1282 -15.2386 31.5314
1283 -24.2386 31.0714
1284 0.761399 48.5814
1285 -3.2386 38.4614
1286 6.7614 35.1614
1287 -7.2386 42.9614
1288 -10.2386 38.2714
1289 4.7614 42.3714
1290 -24.2386 30.0614
1291 -28.2386 21.1614
1292 -0.238601 55.7414
1293 -12.2386 17.8214
1294 1.7614 19.1314
1295 9.7614 57.7814
1296 -21.2386 29.6014
1297 -11.2386 16.2714
1298 7.7614 41.1014
1299 4.7614 19.3014
1300 -7.2386 49.0814
1301 10.7614 18.6714
1302 -22.2386 24.6214
1303 -21.2386 38.1114
1304 -6.2386 31.5614
1305 -25.2386 36.9814
1306 -28.2386 13.5014
1307 -22.2386 27.9314
1308 7.7614 57.8014
1309 10.7614 22.5814
1310 8.7614 35.8414
1311 -20.2386 19.4214
1312 7.7614 51.1914
1313 0.761399 56.8214
1314 9.7614 20.2714
1315 0.761399 33.7314
1316 9.7614 36.6614
1317 -16.2386 36.3314
1318 -28.2386 20.2714
1319 -15.2386 46.4114
1320 -3.2386 20.1714
1321 -15.2386 19.6914
1322 -18.2386 39.7814
1323 -10.2386 15.1714
1324 -22.2386 23.1514
1325 2.7614 41.2414
1326 3.7614 32.3614
1327 2.7614 27.6714
1328 1.7614 30.6014
1329 3.7614 33.0814
1330 11.7614 53.3914
1331 -30.2386 27.9614
1332 -1.2386 31.9414
1333 -8.2386 49.5714
1334 12.7614 29.4914
1335 -13.2386 32.2914
1336 -14.2386 26.6214
1337 6.7614 41.0714
1338 -17.2386 36.8614
1339 7.7614 16.7014
1340 0.761399 45.2314
1341 -24.2386 18.2414
1342 -25.2386 33.3814
1343 -6.2386 36.8714
1344 -14.2386 30.1714
1345 -30.2386 30.5814
1346 -15.2386 37.0214
1347 1.7614 24.3714
1348 -9.2386 23.5914
1349 4.7614 44.9414
1350 -1.2386 31.6514
1351 -5.2386 52.4814
1352 11.7614 13.4714
1353 -18.2386 24.9114
1354 1.7614 44.0714
1355 -15.2386 35.5814
1356 -17.2386 15.8414
1357 10.7614 57.6214
1358 -10.2386 24.4914
1359 9.7614 30.4514
1360 -16.2386 43.2214
1361 -24.2386 19.9914
1362 -30.2386 15.3414
1363 -19.2386 46.9614
1364 -0.238601 54.0314
1365 -7.2386 29.2614
1366 19.7614 -22.8686
1367 12.7614 2.8114
1368 53.7614 0.951399
1369 30.7614 -3.4286
1370 37.7614 10.5214
1371 19.7614 9.8514
1372 56.7614 -2.5886
1373 21.7614 6.2114
1374 21.7614 -20.5486
1375 42.7614 3.4914
1376 28.7614 -21.0286
1377 14.7614 -1.2486
1378 39.7614 -15.5986
1379 27.7614 -3.0686
1380 18.7614 -22.3686
1381 33.7614 -7.0786
1382 17.7614 -32.8386
1383 13.7614 -8.3786
1384 23.7614 5.8214
1385 42.7614 9.7014
1386 58.7614 9.3814
1387 16.7614 -13.7786
1388 37.7614 -26.5386
1389 34.7614 1.3914
1390 43.7614 -20.0886
1391 17.7614 -32.1486
1392 22.7614 -2.9186
1393 56.7614 -2.2986
1394 32.7614 -10.4286
1395 43.7614 5.0514
1396 12.7614 -19.9886
1397 57.7614 10.6414
1398 45.7614 1.3714
1399 21.7614 -7.5186
1400 58.7614 10.1314
1401 51.7614 10.2114
1402 20.7614 -24.5886
1403 58.7614 10.4614
1404 27.7614 -14.9486
1405 37.7614 -10.5186
1406 44.7614 -0.558601
1407 16.7614 -29.4886
1408 28.7614 -13.3986
1409 24.7614 -27.7986
1410 25.7614 8.0314
1411 12.7614 -6.4286
1412 40.7614 -14.1086
1413 35.7614 -9.5886
1414 36.7614 12.6714
1415 29.7614 -18.8686
1416 15.7614 -8.7386
1417 12.7614 -24.0086
1418 23.7614 -4.5586
1419 35.7614 5.7214
1420 13.7614 -14.9886
1421 42.7614 -18.8686
1422 23.7614 -18.7886
1423 20.7614 5.6414
1424 48.7614 12.5114
1425 13.7614 5.6914
1426 54.7614 12.7614
1427 33.7614 -25.2286
1428 12.7614 -24.3386
1429 29.7614 -5.8986
1430 21.7614 -19.7386
1431 39.7614 -17.1986
1432 40.7614 -18.7586
1433 15.7614 -15.1486
1434 39.7614 -2.5686
1435 35.7614 -2.6286
1436 19.7614 -15.0286
1437 53.7614 3.5614
1438 52.7614 6.2814
1439 38.7614 -17.2986
1440 39.7614 0.241399
1441 23.7614 -28.9886
1442 41.7614 -11.6886
1443 37.7614 -0.168601
1444 20.7614 -31.8486
1445 23.7614 5.9714
1446 47.7614 -11.1686
1447 21.7614 -10.3986
1448 31.7614 -3.7786
1449 46.7614 -16.0586
1450 29.7614 -14.7786
1451 45.7614 -4.2386
1452 54.7614 -5.0486
1453 56.7614 0.561399
1454 46.7614 9.7214
1455 56.7614 12.2214
1456 41.7614 -20.6786
1457 27.7614 -30.8486
1458 57.7614 9.6814
1459 36.7614 5.2714
1460 49.7614 11.5814
1461 15.7614 -6.0786
1462 39.7614 2.1614
1463 12.7614 -21.3286
1464 41.7614 8.6414
1465 42.7614 -14.2986
1466 15.7614 1.0614
1467 37.7614 -3.7586
1468 13.7614 -30.0186
1469 51.7614 12.4414
1470 15.7614 10.2514
1471 40.7614 -10.1386
1472 15.7614 -30.9086
1473 40.7614 0.391399
1474 28.7614 -19.3386
1475 47.7614 6.2814
1476 53.7614 6.0614
1477 49.7614 -9.1586
1478 21.7614 -9.0986
1479 17.7614 -33.2086
1480 41.7614 6.7914
1481 29.7614 5.5914
1482 21.7614 -3.8486
1483 22.7614 -24.9386
1484 55.7614 10.8214
1485 36.7614 -5.4486
1486 56.7614 12.3614
1487 49.7614 -10.6486
1488 19.7614 -10.9186
1489 41.7614 -17.1086
1490 35.7614 -21.4386
1491 21.7614 7.6914
1492 51.7614 12.5514
1493 57.7614 9.0314
1494 53.7614 9.7214
1495 31.7614 9.6714
1496 30.7614 1.9814
1497 47.7614 2.0314
1498 23.7614 4.7514
1499 29.7614 10.4514
1500 17.7614 -2.2186
1501 45.7614 -11.6486
1502 17.7614 4.0714
1503 42.7614 -1.7486
1504 53.7614 -2.3986
1505 26.7614 -22.3886
1506 46.7614 11.9814
1507 26.7614 1.9814
1508 39.7614 -12.0086
1509 19.7614 -20.8186
1510 54.7614 6.9714
1511 36.7614 2.8814
1512 32.7614 4.7714
1513 57.7614 1.7514
1514 48.7614 0.671399
1515 30.7614 -20.1886
1516 48.7614 -8.1386
1517 35.7614 5.2514
1518 18.7614 -0.458601
1519 44.7614 5.2814
1520 56.7614 9.3214
1521 55.7614 9.5014
1522 14.7614 5.3414
1523 49.7614 1.0214
1524 40.7614 -8.8486
1525 21.7614 -21.7686
1526 40.7614 -10.2886
1527 32.7614 3.2714
1528 57.7614 8.6914
1529 24.7614 -19.7986
1530 46.7614 0.881399
1531 45.7614 -10.9986
1532 46.7614 -0.158601
1533 55.7614 10.8714
1534 28.7614 -13.5686
1535 31.7614 -0.768601
1536 19.7614 -8.7986
1537 15.7614 7.7114
1538 43.7614 -19.5986
1539 55.7614 10.0614
1540 54.7614 -3.8786
1541 32.7614 -28.1286
1542 29.7614 -27.9286
1543 16.7614 -29.0086
1544 25.7614 -19.6986
1545 19.7614 -31.6786
1546 37.7614 -3.6086
1547 41.7614 -5.8786
1548 16.7614 -6.7586
1549 22.7614 -15.1886
1550 19.7614 -12.6986
1551 51.7614 -2.9186
1552 14.7614 -28.5586
1553 40.7614 -3.7686
1554 27.7614 -18.2786
1555 43.7614 3.0614
1556 47.7614 -6.7386
1557 25.7614 -4.6586
1558 57.7614 4.2214
1559 12.7614 -1.7086
1560 50.7614 -0.288601
1561 29.7614 -30.5786
1562 39.7614 2.1114
1563 45.7614 5.5314
1564 15.7614 -32.7886
1565 22.7614 -6.7886
1566 16.7614 7.5714
1567 15.7614 8.2014
1568 57.7614 8.2814
1569 58.7614 4.0414
1570 26.7614 -3.0786
1571 37.7614 -16.9786
1572 25.7614 -11.2886
1573 19.7614 -15.8186
1574 26.7614 -10.1186
1575 40.7614 9.1614
1576 32.7614 8.2714
1577 13.7614 -9.1186
1578 14.7614 -1.2086
1579 49.7614 -14.5986
1580 22.7614 -26.5486
1581 28.7614 5.7014
1582 40.7614 3.0914
1583 38.7614 -12.2986
1584 21.7614 -20.9886
1585 32.7614 5.0814
1586 25.7614 -9.9586
1587 16.7614 -31.2186
1588 53.7614 -9.3486
1589 30.7614 -22.6086
1590 36.7614 -15.3686
1591 52.7614 2.3114
1592 15.7614 -10.2086
1593 36.7614 -13.5286
1594 19.7614 5.7814
1595 23.7614 6.2514
1596 31.7614 -26.3286
1597 23.7614 11.9314
1598 44.7614 2.5214
1599 18.7614 -18.6686
1600 54.7614 -5.4286
1601 56.7614 7.6514
1602 20.7614 -29.3386
1603 26.7614 -21.4486
1604 30.7614 -23.4086
1605 49.7614 -3.4886
1606 23.7614 -28.3586
1607 31.7614 -17.1786
1608 41.7614 -17.3186
1609 57.7614 1.6814
1610 27.7614 -23.1686
1611 19.7614 -34.1086
1612 55.7614 6.5514
1613 26.7614 -4.5386
1614 26.7614 10.1214
1615 13.7614 -8.7386
1616 17.7614 7.3514
1617 55.7614 5.4914
1618 43.7614 9.0114
1619 54.7614 -4.0086
1620 34.7614 9.1314
1621 57.7614 6.0114
1622 33.7614 -14.4886
1623 17.7614 -5.6086
1624 31.7614 -21.2086
1625 32.7614 4.8414
1626 31.7614 -7.3186
1627 13.7614 9.3214
1628 16.7614 -32.2986
1629 34.7614 -16.5186
1630 53.7614 -5.2686
1631 18.7614 9.6914
1632 18.7614 -1.1486
1633 29.7614 -24.2486
1634 30.7614 5.3714
1635 30.7614 -7.3486
1636 16.7614 -0.568601
1637 44.7614 -0.528601
1638 26.7614 -12.8386
1639 46.7614 -8.1886
1640 12.7614 -17.3886
1641 12.7614 -13.7486
1642 26.7614 11.5314
1643 25.7614 -14.7786
1644 34.7614 -20.9686
1645 27.7614 -1.2386
1646 28.7614 -27.8786
1647 32.7614 0.991399
1648 19.7614 -17.6986
1649 29.7614 -12.4986
1650 42.7614 -15.8486
1651 37.7614 -8.6286
1652 44.7614 -7.9886
1653 29.7614 11.6814
1654 44.7614 4.8914
1655 49.7614 -14.1986
1656 24.7614 -26.1886
1657 16.7614 -15.0186
1658 31.7614 11.8214
1659 14.7614 -14.2286
1660 43.7614 -9.4186
1661 28.7614 -16.2386
1662 55.7614 -0.348601
1663 40.7614 10.3414
1664 39.7614 -25.3186
1665 47.7614 -12.1786
1666 26.7614 9.6714
1667 14.7614 -7.9086
1668 19.7614 -17.7786
1669 15.7614 -21.4786
1670 16.7614 -28.0586
1671 37.7614 4.8114
1672 22.7614 10.5614
1673 13.7614 -12.2286
1674 17.7614 1.6614
1675 41.7614 -0.098601
1676 12.7614 -33.7486
1677 55.7614 3.6114
1678 46.7614 -8.3886
1679 17.7614 -21.9586
1680 14.7614 -28.5286
1681 42.7614 2.8014
1682 44.7614 -20.7586
1683 53.7614 -3.9886
1684 23.7614 -20.6586
1685 45.7614 -14.2286
1686 50.7614 -12.9486
1687 27.7614 -29.2986
1688 58.7614 7.0414
1689 48.7614 1.6614
1690 37.7614 -19.2886
1691 33.7614 -1.8786
1692 28.7614 -22.5786
1693 38.7614 -16.9386
1694 32.7614 -9.1286
1695 35.7614 -18.5286
1696 37.7614 -16.8486
1697 56.7614 5.6714
1698 36.7614 -7.1686
1699 42.7614 -16.4686
1700 27.7614 -11.5886
1701 20.7614 -13.8786
1702 44.7614 -13.4386
1703 25.7614 7.2614
1704 57.7614 7.9914
1705 54.7614 -1.5186
1706 32.7614 5.6814
1707 18.7614 0.861399
1708 50.7614 -13.4686
1709 35.7614 7.8114
1710 55.7614 -2.3086
1711 51.7614 2.9314
1712 24.7614 -6.7786
1713 50.7614 9.9114
1714 41.7614 4.4814
1715 41.7614 -18.0986
1716 54.7614 1.9414
1717 21.7614 9.0714
1718 30.7614 -25.4586
1719 29.7614 -22.7086
1720 15.7614 -23.5486
1721 56.7614 -0.088601
1722 19.7614 -20.4286
1723 29.7614 2.4314
1724 53.7614 -2.6286
1725 48.7614 -14.7886
1726 57.7614 11.1914
1727 29.7614 12.6214
1728 30.7614 5.4214
1729 37.7614 -22.3386
1730 46.7614 6.1714
1731 15.7614 -19.4886
1732 14.7614 -9.2386
1733 48.7614 8.8014
1734 51.7614 10.5814
1735 54.7614 7.5114
1736 31.7614 -15.9486
1737 56.7614 -0.128601
1738 39.7614 1.3914
1739 16.7614 6.9114
1740 24.7614 -17.7986
1741 50.7614 1.5314
1742 12.7614 0.931399
1743 12.7614 5.9914
1744 55.7614 -4.6486
1745 36.7614 -1.5586
1746 50.7614 8.8814
1747 51.7614 -9.1786
1748 56.7614 4.7114
1749 32.7614 11.6214
1750 46.7614 7.9114
1751 22.7614 -20.4886
1752 51.7614 8.7514
1753 50.7614 -14.7486
1754 38.7614 -1.6586
1755 53.7614 0.091399
1756 26.7614 -4.0486
1757 20.7614 -6.9086
1758 32.7614 -23.5486
1759 50.7614 -9.5886
1760 25.7614 -7.5986
1761 16.7614 11.5114
1762 13.7614 -18.0086
1763 16.7614 -23.8886
1764 41.7614 3.1514
1765 26.7614 -12.3386
1766 56.7614 0.051399
1767 40.7614 -9.7886
1768 49.7614 -4.7786
1769 22.7614 -21.8686
1770 52.7614 4.8214
1771 52.7614 6.7814
1772 54.7614 3.5214
1773 39.7614 -11.1686
1774 47.7614 10.1414
1775 27.7614 -0.558601
1776 25.7614 5.7714
1777 24.7614 10.4914
1778 33.7614 -24.5186
1779 52.7614 -7.3486
1780 57.7614 3.0114
1781 37.7614 3.4114
1782 28.7614 -7.3286
1783 44.7614 -18.9486
1784 17.7614 -6.7186
1785 41.7614 5.6414
1786 17.7614 -23.4386
1787 49.7614 10.5714
1788 14.7614 -21.0386
1789 53.7614 11.2514
1790 53.7614 -5.6786
1791 30.7614 -12.6886
1792 45.7614 -12.1586
1793 13.7614 -24.4386
1794 16.7614 -6.9186
1795 49.7614 2.6714
1796 40.7614 10.1914
1797 57.7614 11.3414
1798 13.7614 -22.1086
1799 42.7614 -7.5786
1800 22.7614 -16.2686
1801 49.7614 5.4514
1802 51.7614 -7.8386
1803 53.7614 10.5714
1804 36.7614 12.1014
1805 23.7614 -19.5986
1806 14.7614 -3.2986
1807 8.7614 -31.7686
1808 -5.2386 -11.8186
1809 -9.2386 -23.4286
1810 -13.2386 10.1414
1811 8.7614 11.0214
1812 -19.2386 -11.0186
1813 2.7614 -18.6586
1814 -3.2386 -20.0986
1815 -33.2386 5.7114
1816 1.7614 -21.9786
1817 -28.2386 0.111399
1818 -29.2386 -4.1386
1819 9.7614 1.9714
1820 -15.2386 -0.318601
1821 -3.2386 -4.8986
1822 11.7614 -26.2486
1823 -32.2386 5.1114
1824 -19.2386 -20.2186
1825 -8.2386 6.8714
1826 -24.2386 12.5814
1827 -32.2386 0.931399
1828 -19.2386 -1.5686
1829 -22.2386 2.6314
1830 -14.2386 -6.2486
1831 -15.2386 -24.8486
1832 10.7614 -33.3086
1833 -13.2386 -12.3786
1834 -3.2386 -2.8786
1835 -30.2386 -0.778601
1836 11.7614 0.151399
1837 5.7614 -28.6186
1838 -5.2386 8.3114
1839 11.7614 0.511399
1840 8.7614 3.3514
1841 -1.2386 -26.3086
1842 7.7614 -4.5386
1843 -3.2386 -5.3086
1844 -33.2386 10.0814
1845 -4.2386 10.4114
1846 -31.2386 1.3714
1847 -10.2386 -5.7286
1848 12.7614 -14.9886
1849 -11.2386 -26.6886
1850 2.7614 -5.8386
1851 -26.2386 12.6114
1852 -4.2386 -28.4786
1853 -27.2386 -8.6286
1854 -17.2386 -18.8586
1855 -4.2386 -17.3986
1856 12.7614 11.9714
1857 -15.2386 4.1014
1858 10.7614 -27.8986
1859 12.7614 8.5114
1860 4.7614 8.8314
1861 -21.2386 -0.308601
1862 -29.2386 12.6814
1863 -18.2386 -3.5586
1864 -26.2386 -12.4686
1865 -24.2386 -0.028601
1866 -0.238601 -12.0386
1867 -6.2386 -6.8486
1868 4.7614 -16.2886
1869 -11.2386 -27.0186
1870 1.7614 -15.8886
1871 -13.2386 9.0214
1872 7.7614 -20.9386
1873 -8.2386 -3.8186
1874 -23.2386 -15.8886
1875 -23.2386 4.5414
1876 -4.2386 -27.7086
1877 -16.2386 7.3314
1878 0.761399 -30.6186
1879 -20.2386 0.811399
1880 6.7614 -33.3186
1881 0.761399 7.2614
1882 1.7614 -31.9786
1883 5.7614 -14.2186
1884 11.7614 -5.8786
1885 -23.2386 -11.2186
1886 -13.2386 -9.9886
1887 -15.2386 -9.0186
1888 -15.2386 -8.8786
1889 -5.2386 11.4214
1890 -15.2386 1.5314
1891 -28.2386 -10.1086
1892 3.7614 -31.1486
1893 -24.2386 10.9814
1894 -7.2386 -19.8586
1895 -18.2386 -9.1886
1896 7.7614 -2.2386
1897 -11.2386 -23.8786
1898 6.7614 9.1514
1899 -27.2386 3.7114
1900 -29.2386 -6.6586
1901 -11.2386 -20.3086
1902 -11.2386 1.0114
1903 1.7614 7.1214
1904 -20.2386 -19.4986
1905 11.7614 -25.9186
1906 -29.2386 1.6514
1907 -26.2386 -5.9586
1908 -10.2386 -27.6686
1909 -18.2386 -4.5986
1910 2.7614 -0.518601
1911 10.7614 2.4814
1912 -25.2386 10.9514
1913 -2.2386 10.2114
1914 -4.2386 0.181399
1915 2.7614 -30.9486
1916 -25.2386 5.6014
1917 -0.238601 -18.4286
1918 -27.2386 6.5514
1919 -33.2386 8.9314
1920 1.7614 -32.6086
1921 -33.2386 12.2714
1922 11.7614 4.1314
1923 -3.2386 -2.2686
1924 -12.2386 -6.4786
1925 -13.2386 -14.8786
1926 -3.2386 -23.4686
1927 -22.2386 0.431399
1928 -27.2386 -6.1286
1929 -19.2386 -15.7386
1930 0.761399 -17.7586
1931 11.7614 -31.2386
1932 3.7614 -12.7986
1933 -10.2386 -21.3586
1934 -30.2386 1.1814
1935 -22.2386 -9.4886
1936 -15.2386 -1.7386
1937 -27.2386 8.3114
1938 7.7614 -24.7186
1939 1.7614 0.041399
1940 -23.2386 2.3614
1941 9.7614 3.9914
1942 -33.2386 12.4314
1943 -5.2386 -22.9486
1944 -9.2386 8.7414
1945 -15.2386 -21.9686
1946 -12.2386 -8.6986
1947 -30.2386 -5.0286
1948 10.7614 -14.6886
1949 -29.2386 -4.0386
1950 12.7614 -25.1386
1951 -19.2386 -21.7586
1952 -31.2386 -1.0786
1953 -23.2386 12.1714
1954 -27.2386 7.2714
1955 -24.2386 5.7114
1956 -4.2386 -2.4386
1957 -27.2386 -0.798601
1958 0.761399 -0.208601
1959 -0.238601 -21.0286
1960 -28.2386 5.7614
1961 12.7614 -24.3486
1962 -16.2386 -9.0186
1963 1.7614 5.2614
1964 -8.2386 -16.5786
1965 4.7614 6.4414
1966 -24.2386 -14.1586
1967 10.7614 -9.9286
1968 -12.2386 10.9114
1969 -28.2386 -3.3186
1970 -30.2386 3.6414
1971 -14.2386 -11.5186
1972 7.7614 1.7514
1973 3.7614 9.3914
1974 2.7614 7.6414
1975 -17.2386 -7.2586
1976 -9.2386 1.5614
1977 -15.2386 -11.3486
1978 6.7614 -0.798601
1979 -1.2386 10.0114
1980 12.7614 -15.1986
1981 -14.2386 5.1014
1982 -30.2386 -2.6686
1983 -17.2386 10.6014
1984 -12.2386 -1.3986
1985 -5.2386 -18.8986
1986 -1.2386 5.3414
1987 -22.2386 4.6414
1988 -31.2386 5.4514
1989 -28.2386 -4.6986
1990 -13.2386 -16.9286
1991 -25.2386 -6.8286
1992 -21.2386 11.6214
1993 6.7614 -7.1686
1994 -26.2386 11.9214
1995 -12.2386 -23.8786
1996 -9.2386 -14.0286
1997 -21.2386 -11.9586
1998 -0.238601 5.5814
1999 -31.2386 2.2214
2000 12.7614 8.1114
2001 0.761399 -15.3886
2002 -6.2386 -27.9086
2003 -26.2386 -7.2686
2004 -17.2386 5.4714
2005 -17.2386 -5.6886
2006 1.7614 -23.7286
2007 2.7614 -6.6486
2008 -33.2386 10.4914
2009 -4.2386 -9.6086
2010 -29.2386 -0.298601
2011 3.7614 7.8014
2012 -13.2386 3.9214
2013 -28.2386 6.1714
2014 -32.2386 6.6714
2015 3.7614 -13.1286
2016 -20.2386 3.3914
2017 -5.2386 -20.0586
2018 -14.2386 -10.0886
2019 -15.2386 -2.2986
2020 -30.2386 5.9014
2021 -32.2386 0.111399
2022 1.7614 -6.3186
2023 -18.2386 0.251399
2024 -17.2386 -8.1586
2025 -15.2386 -24.7486
2026 -14.2386 -4.1786
2027 11.7614 9.4114
2028 -27.2386 5.5514
2029 -11.2386 -14.5586
2030 0.761399 -9.3486
2031 -3.2386 -7.8086
2032 -21.2386 7.4514
2033 -18.2386 -6.2886
2034 -31.2386 5.4814
2035 -17.2386 -16.0586
2036 10.7614 -17.3886
2037 6.7614 -16.7686
2038 -29.2386 0.701399
2039 -16.2386 9.6514
2040 -10.2386 -2.2086
2041 3.7614 -0.248601
2042 -15.2386 -15.8586
2043 2.7614 -5.4486
2044 7.7614 0.411399
2045 -25.2386 8.1014
2046 12.7614 3.9714
2047 -30.2386 11.2814
2048 -7.2386 -4.4186
2049 6.7614 9.9814
2050 -31.2386 4.5914
2051 -3.2386 8.6014
2052 -10.2386 -21.8486
2053 -4.2386 7.2014
2054 -4.2386 -9.4986
2055 -10.2386 -9.9386
2056 -24.2386 8.9414
2057 -10.2386 4.1014
2058 -9.2386 -20.8486
2059 -31.2386 8.9614
2060 -12.2386 5.8414
2061 8.7614 -31.6686
2062 -9.2386 -19.4886
2063 -25.2386 -9.5786
2064 1.7614 -2.2086
2065 -5.2386 -28.1686
2066 -26.2386 -11.4986
2067 -20.2386 -0.708601
2068 -1.2386 0.461399
2069 -0.238601 -11.2986
2070 -16.2386 1.0114
2071 -17.2386 -9.5486
2072 -14.2386 -22.2486
2073 -3.2386 4.2214
2074 -31.2386 -0.118601
2075 -23.2386 3.1814
2076 -15.2386 4.4414
2077 -14.2386 -25.8086
2078 -32.2386 8.7914
2079 9.7614 -27.2786
2080 -8.2386 -23.7986
2081 -30.2386 0.151399
2082 -0.238601 -20.8186
2083 4.7614 -8.4486
2084 -24.2386 8.6014
2085 -30.2386 -6.2086
2086 -3.2386 -28.8086
2087 -5.2386 -19.7286
2088 1.7614 -17.0586
2089 -12.2386 0.041399
2090 -14.2386 1.8714
2091 -22.2386 4.2114
2092 0.761399 -8.5986
2093 -3.2386 -12.0586
2094 -26.2386 -6.2786
2095 -6.2386 11.4414
2096 -7.2386 -16.5886
2097 -19.2386 -7.1886
2098 -10.2386 -14.7786
2099 -32.2386 4.9014
2100 -7.2386 8.2814
2101 -0.238601 -0.858601
2102 -33.2386 10.0914
2103 0.761399 -24.9086
2104 -11.2386 -1.4286
2105 -10.2386 -27.9586
2106 2.7614 -26.9786
2107 -5.2386 -9.5786
2108 -19.2386 -4.6386
2109 0.761399 6.2814
2110 -21.2386 -9.7886
2111 -4.2386 -3.3186
2112 -13.2386 -5.9786
2113 -33.2386 9.8814
2114 -9.2386 -7.4786
2115 -8.2386 4.2514
2116 -31.2386 0.631399
2117 1.7614 -25.0586
2118 -11.2386 -19.5286
2119 0.761399 -14.5386
2120 -32.2386 1.3514
2121 1.7614 -27.3386
2122 6.7614 4.9414
2123 -22.2386 -13.5286
2124 -31.2386 -0.368601
2125 -3.2386 -21.9386
2126 1.7614 -20.3486
2127 -4.2386 -24.3586
2128 -1.2386 -30.5786
2129 -10.2386 -23.8986
2130 -7.2386 -22.0286
2131 -25.2386 -5.0586
2132 1.7614 -8.0586
2133 -27.2386 8.0314
2134 2.7614 6.5814
2135 -3.2386 -2.8886
2136 -8.2386 0.661399
2137 -3.2386 -27.0186
2138 -23.2386 9.0514
2139 -5.2386 -8.4186
2140 -18.2386 -17.6086
2141 -4.2386 -10.8186
2142 8.7614 5.5714
2143 -24.2386 -14.6186
2144 2.7614 0.541399
2145 -1.2386 -27.8686
2146 -24.2386 -3.9686
2147 7.7614 -11.6986
2148 -25.2386 -0.378601
2149 -3.2386 -29.9486
2150 -18.2386 -12.0286
2151 3.7614 -19.1886
2152 -5.2386 -16.8686
2153 1.7614 -23.0986
2154 -22.2386 -11.0786
2155 -28.2386 5.5214
2156 11.7614 -17.6886
2157 -27.2386 -9.9786
2158 8.7614 -27.2786
2159 9.7614 -10.4086
2160 11.7614 -22.9186
2161 10.7614 3.4414
2162 -14.2386 -8.5386
2163 -7.2386 -0.728601
2164 -20.2386 -10.7686
2165 -33.2386 10.4414
2166 -14.2386 -5.3286
2167 11.7614 -29.9886
2168 -0.238601 -21.2786
2169 -18.2386 12.1714
2170 -33.2386 10.5814
2171 -33.2386 5.1414
2172 -3.2386 10.0714
2173 -19.2386 -9.0386
2174 6.7614 -24.2486
2175 -27.2386 -2.2786
2176 -19.2386 -18.0586
2177 -13.2386 5.6514
2178 -16.2386 -3.9386
2179 2.7614 -23.3586
2180 -6.2386 -4.0886
2181 -24.2386 -7.8386
2182 -32.2386 8.5314
2183 10.7614 -25.4186
2184 4.7614 -16.2486
2185 -26.2386 5.0814
2186 0.761399 2.1114
2187 -0.238601 -22.5886
2188 -23.2386 12.0514
2189 -20.2386 4.6414
2190 -21.2386 0.581399
2191 -16.2386 8.3314
2192 -8.2386 -17.3186
2193 2.7614 -13.4086
2194 0.761399 -17.9486
2195 -11.2386 -5.2986
2196 -23.2386 0.501399
2197 -23.2386 -3.7786
2198 1.7614 1.2214
2199 -11.2386 -21.5286
2200 -13.2386 -16.7786
2201 -20.2386 -7.4986
2202 -21.2386 -12.0286
2203 8.7614 -28.8286
2204 -32.2386 7.9414
2205 -31.2386 5.5214
2206 -3.2386 -7.1586
2207 -17.2386 -4.7586
2208 -27.2386 4.9914
2209 -12.2386 -25.0686
2210 -6.2386 4.2514
2211 -30.2386 4.6814
2212 -10.2386 7.2114
2213 -8.2386 -3.0186
2214 -11.2386 3.8914
2215 -20.2386 -7.3986
2216 -28.2386 -3.7986
2217 12.7614 -20.8886
2218 -32.2386 3.6714
2219 -17.2386 -4.6286
2220 -7.2386 -2.7586
2221 -20.2386 -12.6686
2222 -0.238601 2.4214
2223 2.7614 -12.7186
2224 -1.2386 -10.9286
2225 -25.2386 2.6414
2226 -5.2386 -18.4386
2227 -8.2386 10.7514
2228 -7.2386 -22.5886
2229 5.7614 -16.6086
2230 12.7614 -31.1486
2231 -19.2386 -3.9086
2232 -5.2386 -24.2486
2233 10.7614 3.4114
2234 -28.2386 0.151399
2235 -4.2386 -30.2486
2236 -5.2386 -18.1286
2237 4.7614 -29.8486
2238 -32.2386 8.3314
2239 -25.2386 4.3714
2240 5.7614 -32.6486
2241 -13.2386 -13.0786
2242 -30.2386 -1.9886
2243 -32.2386 1.3414
2244 11.7614 -0.928601
2245 -31.2386 -3.0786
2246 -13.2386 11.3914
2247 -9.2386 -16.3086
