%%index real_part   imaginary_part
4678 4678 4678
1 39.04 40.65
2 40.74 36.77
3 26.27 30.19
4 25.18 37.25
5 29.44 11.17
6 34.66 15.49
7 9.16 5.87
8 1.13 34.47
9 39.94 17.18
10 16.09 10.04
11 13.25 2.47
12 37.46 22.3
13 35.67 7.81
14 45.25 30.99
15 9.04 22.5
16 43.67 4.66
17 41.43 28.6
18 11.79 37.41
19 8.18 1.23
20 39.92 17.5
21 32.99 18.14
22 4.53 8.11
23 42.58 42.15
24 39.86 5.66
25 15.7 16.04
26 18.52 8.95
27 31.26 28.96
28 17.29 8.98
29 20.49 0.45
30 22.95 43.07
31 0.73 10.06
32 38.66 0.14
33 37.55 22.68
34 4.43 3.46
35 1.48 26.25
36 44.39 44.36
37 5.47 34.47
38 10.14 1.92
39 7.58 28.57
40 44.62 3
41 39.48 3.8
42 32.76 43.66
43 5.64 23.74
44 24.19 30.58
45 7.17 6.66
46 16.72 27.66
47 27.8 7.9
48 11.1 8.38
49 39.36 45.87
50 25.12 15.54
51 12.9 40.84
52 8.83 22.51
53 24.43 45.89
54 7.98 18.98
55 21.98 12.53
56 16.33 33.12
57 29.78 14.46
58 18.72 29.62
59 40.72 15.95
60 22.61 23.43
61 31.61 0.89
62 8.79 19.85
63 28.23 39.93
64 38.8 19.89
65 15.95 1.12
66 41.96 44.44
67 0.47 9.37
68 8.26 31.32
69 3.3 5.42
70 45.47 43.77
71 29.89 5.8
72 0.79 14.81
73 24.95 40.2
74 9.15 0.03
75 23.47 18.67
76 19.56 31.76
77 32.13 35.6
78 28.54 8.87
79 9.28 40.88
80 42 0.86
81 25.83 25.24
82 34.61 17.49
83 1.81 26.3
84 12.25 23.4
85 0.69 5.11
86 38.43 10.72
87 6.05 30.58
88 23.78 39.22
89 39.26 31
90 2.67 13.45
91 45.21 43.25
92 12.37 2.75
93 11.62 10.86
94 4.75 40.91
95 22.3 1.43
96 26.67 46.75
97 17.24 1.13
98 7.95 41.8
99 45.72 46.57
100 4.68 0.72
101 38.97 46.41
102 30 23.64
103 15.86 45.02
104 29.03 34.3
105 0.76 35.64
106 12.41 12.22
107 42.5 26.49
108 37.36 24.79
109 46.22 34.64
110 36.07 42.11
111 22.38 2.04
112 30.69 43.26
113 38.07 39.63
114 39.2 38.65
115 19.89 36.79
116 36.21 24.41
117 1.05 11.86
118 9.89 46.73
119 34.03 44.43
120 13.6 19.44
121 12.18 15.31
122 41.81 26.01
123 31.32 7.68
124 42.33 12.69
125 35.32 30.55
126 32.59 11.92
127 8.19 10.7
128 30.85 16.29
129 35.46 46.26
130 16.57 3.58
131 8.51 35.87
132 0.74 5.78
133 33.03 9.56
134 34.51 38.15
135 10.59 0.59
136 15.9 1.11
137 7.65 22.77
138 10.98 38.23
139 3.92 38.97
140 3.04 33.83
141 45.75 39.24
142 30.47 16.16
143 12.97 34.46
144 33.72 14.32
145 17.9 28.95
146 17.82 30.82
147 17.12 26.41
148 16.49 18.56
149 9.71 3.16
150 3.75 31.53
151 13.16 0.82
152 4.12 0.17
153 38.41 20.81
154 40.31 42.62
155 29.45 22.85
156 15.1 43.35
157 40.03 8.72
158 43.19 26.09
159 40.41 6
160 34.95 10.43
161 41.25 38.84
162 45.77 33.3
163 32.38 11.38
164 42.06 42.79
165 27.32 22.62
166 23.44 45.81
167 45.98 40.48
168 41.82 8.08
169 3.7 17.91
170 40.77 35.13
171 12 33.15
172 41.88 36.39
173 15.48 5.04
174 38.56 38.07
175 29.02 36.41
176 28.25 7.04
177 40.34 23.28
178 15.18 27.03
179 22.82 25.72
180 1.34 10.24
181 36.57 30.66
182 4.66 24.79
183 32.87 16.07
184 33.99 46.48
185 15.13 17.1
186 3.25 27.76
187 17.15 27.14
188 12.7 25.65
189 44.24 13.15
190 2.56 4.26
191 11.3 26.27
192 30.07 11.34
193 38.37 4.64
194 30.37 45.25
195 8.49 41.71
196 5.89 12.23
197 17.54 45.06
198 41.65 10.55
199 10.04 30.94
200 1.04 28.64
201 9.4 5.69
202 32.83 31.81
203 10.47 7.07
204 20.22 45.53
205 2.8 35.23
206 14.5 3.31
207 14.65 14.1
208 46.27 44.57
209 23.34 33.54
210 28.25 10.16
211 22.39 31.83
212 10.41 14.66
213 25.21 20.46
214 4.4 5.07
215 14.23 15.77
216 1.99 5.44
217 37.25 4.16
218 11.23 34.82
219 13.88 28.24
220 16.48 11.98
221 15.29 16.68
222 11.3 11.5
223 36.6 29.94
224 16.48 38.09
225 1.25 12.94
226 25.3 25.25
227 39.91 4.17
228 24.63 35.71
229 21.3 45.64
230 41.94 9.55
231 14.99 35.54
232 39.7 43.93
233 12.27 32.76
234 41.53 31.45
235 43.43 26.15
236 23.35 38.53
237 3.03 39.24
238 22.18 15.18
239 6.27 20.15
240 33.1 38.66
241 44.43 35.05
242 39.22 11.4
243 27.63 17.86
244 16.51 44.37
245 6.92 29.46
246 18 38.97
247 16.42 2.43
248 15.71 38.22
249 3.19 28.69
250 7.85 37.76
251 29.29 27.15
252 19.39 11.72
253 26.9 12.85
254 33 41.58
255 13.76 33.18
256 1.75 19.1
257 11.02 11.2
258 29.06 21.49
259 18.86 38.66
260 21.12 26.09
261 45.58 6.3
262 36.25 19.64
263 38.38 15
264 43.7 32.48
265 23.25 22.09
266 2.24 32.07
267 43.79 5.54
268 45.91 21.64
269 43.74 4.22
270 17.92 31.92
271 31.54 10.5
272 2.22 19.67
273 41.16 42.57
274 14.75 11.81
275 37.9 40.54
276 46.84 16.39
277 16.55 36.49
278 32.01 16.61
279 2.09 7.93
280 10.54 9.23
281 41.3 25.34
282 11.41 12.79
283 34.43 18.62
284 3.36 10.32
285 22.76 11.69
286 22.19 21.28
287 40.95 7.31
288 30.4 24.42
289 36.23 35.11
290 28.65 25.67
291 42.06 7.65
292 24.66 9.01
293 25.62 11.61
294 0.06 9.68
295 18.91 27.71
296 33.58 10.6
297 3.91 40.74
298 39.88 25.51
299 16.35 18.86
300 30.55 43.24
301 45.04 39.12
302 26.95 5.75
303 10.69 38.99
304 7.62 10.35
305 16.54 27.44
306 15.61 36.27
307 25.8 11.6
308 3.73 40.28
309 30.48 4.42
310 12.65 3.79
311 41.91 2.39
312 23.65 26.75
313 5.26 45.83
314 45.21 44.05
315 40.29 21.62
316 41.26 28.77
317 15.04 38.33
318 10.84 21.21
319 12.08 6.25
320 33.69 18.46
321 35.25 28.62
322 40.22 2.3
323 23.1 14.05
324 18.47 43.95
325 28.26 6.58
326 36.5 11.65
327 38.4 3.69
328 30.04 13.15
329 10.21 43.67
330 45.81 28.26
331 10.03 31.02
332 2.88 40.07
333 14.28 25.07
334 11.84 41.24
335 12.71 6.88
336 35.5 45.53
337 28.35 0.96
338 15.02 9.24
339 33.71 31.98
340 38.56 14.01
341 6.18 14.97
342 46.18 8.58
343 21.74 44.59
344 21.78 29.23
345 10.49 12.47
346 24.01 1.11
347 41.18 1.04
348 6.63 7.41
349 1.66 35.98
350 42.86 18.47
351 44.52 14.37
352 42.85 31.36
353 21.12 6.39
354 38.37 38.39
355 32.93 7.83
356 3.32 10.46
357 19.04 39.11
358 17.22 2.5
359 12.25 21.3
360 33.77 39
361 40.11 3.26
362 4.3 38.31
363 45.72 14.81
364 3.79 38.45
365 37.44 0.38
366 42.27 27.17
367 11.53 34.96
368 41.36 38.13
369 10.04 32.65
370 21 13.25
371 23.71 42.97
372 15.61 24.32
373 7.35 42.76
374 44.58 32.83
375 5.36 19.6
376 22.87 31.36
377 22.67 25.99
378 40.81 7.69
379 46.15 21.39
380 2.3 25.12
381 5.3 36.59
382 5.08 44.57
383 16.22 44.35
384 10.53 26.96
385 40.21 26.27
386 22.24 31.53
387 36.38 44.45
388 40.21 18.37
389 4.21 43.73
390 16.33 18.31
391 2.67 37.09
392 16.08 19.72
393 27.42 5.86
394 7.78 37.41
395 43.06 7.09
396 24.2 10.08
397 35.17 28.88
398 26.23 29.28
399 36.76 4.4
400 30.67 17.28
401 29.34 29.98
402 27.43 33.43
403 4.81 18.72
404 42.97 1.16
405 19.47 36.54
406 26.63 39.82
407 12.55 2.67
408 36.05 23.23
409 41.17 20.49
410 27.58 43.83
411 34.43 37.23
412 19.11 32.3
413 42.11 3.13
414 7.53 25.86
415 43.15 31.87
416 14.85 18.72
417 5.15 25.49
418 24.73 22.8
419 4.48 37.48
420 7.54 20.7
421 41.04 23.96
422 7.15 14.69
423 37.93 6.59
424 27.08 43.2
425 20.56 32.1
426 2.85 35.18
427 20.49 35.51
428 38.64 21.96
429 0.82 15.6
430 0.47 46.17
431 45.41 43.97
432 2.98 42.85
433 18.65 31.09
434 21.57 8.23
435 9.45 23.14
436 27.62 9.64
437 24.33 3.5
438 10.09 34.77
439 11.49 42.78
440 8.4 17.7
441 5.88 32.05
442 20.57 11.25
443 33.21 6.89
444 22.49 12.21
445 38.91 34.04
446 11.53 3.49
447 46.34 37.32
448 21.41 42.04
449 3.27 45.51
450 2.17 23.51
451 13.67 40.25
452 43.75 10.31
453 45.08 38
454 14.31 34.36
455 32.58 37.1
456 22.15 22.71
457 33.97 18.99
458 25.88 23.24
459 15.98 20.18
460 34.74 1.38
461 4.87 7.89
462 25.73 26.8
463 21.84 31.73
464 30.24 27.67
465 31.7 5.63
466 45.88 32.42
467 42.73 45.37
468 16.89 23.15
469 38.04 21.34
470 11.44 31.2
471 6.92 4.14
472 23.13 14.11
473 17.88 40.89
474 41.59 2.02
475 3.4 33.86
476 22.27 29.34
477 36.66 35.79
478 20.52 28.52
479 9.19 11.5
480 17.13 3.76
481 16.7 21.41
482 0.3 43.54
483 0.21 39.96
484 14.3 17.2
485 28.92 18.77
486 22.92 6.26
487 0.89 16.36
488 37.77 46.05
489 1.07 18.77
490 33.15 12.89
491 42.23 31.99
492 1.3 8.42
493 17.47 12.41
494 23.91 21.82
495 6.11 26.66
496 28.6 21.56
497 45.62 3.33
498 43.29 28.9
499 26.62 45.84
500 45.13 38.11
501 24.89 36.07
502 5.43 21.05
503 20.11 25.79
504 25.08 43.21
505 9.1 1.7
506 33.7 38.76
507 27.7 31.85
508 44.26 15.52
509 37.35 45.17
510 5.36 1.69
511 3.77 23.98
512 7.83 33.96
513 43.38 2.4
514 28.76 4.13
515 22.76 23.01
516 39.6 26.89
517 0.95 0.66
518 6.97 45.03
519 21.76 1.58
520 3.28 12.57
521 4.33 11.38
522 23.75 17.5
523 33.03 12.56
524 10.73 1.53
525 3.22 3.9
526 8.4 16.09
527 30.57 34.52
528 36.92 16.23
529 0.88 7.48
530 30.49 18.68
531 45.57 23.65
532 4.83 3.61
533 1.64 27.04
534 28.62 39.32
535 4.89 3.93
536 15.31 31.91
537 29.93 36.75
538 29.83 19.59
539 21.12 15.96
540 0.38 40.56
541 37.18 4.87
542 39.39 8.78
543 5.54 1.27
544 8.75 29.31
545 28.51 6.42
546 10.59 19.76
547 23.37 7.6
548 34.65 42.94
549 35.26 25.02
550 28.95 16.27
551 28.7 20.68
552 37.95 24.78
553 44.37 11.64
554 8.12 20.78
555 14.34 46.02
556 3.89 36.03
557 44.81 32.04
558 33.32 23.8
559 33.63 30.87
560 37.3 42.07
561 42.36 15.14
562 22.74 28.41
563 24.36 18.73
564 43.75 37.91
565 7.19 40.14
566 13.82 6.22
567 11.53 16.41
568 8.57 4.77
569 25.55 36.42
570 35.44 16.7
571 5.73 20.42
572 32.98 39.33
573 43.65 31.06
574 14.94 19.3
575 41.9 30.28
576 25.94 32.76
577 41.69 37.26
578 8.99 1.69
579 39.6 19.05
580 39.72 33.27
581 20.01 27.31
582 43.73 6.54
583 38.84 12.06
584 1.49 5.3
585 2.52 17.39
586 18.33 36.93
587 9.79 35.77
588 0.36 4.32
589 4.14 6.44
590 36.73 15.3
591 28.58 26.56
592 16.82 15.67
593 44.88 3.79
594 3.37 6.34
595 20.13 18.01
596 25.84 43.09
597 2.63 20.66
598 32.73 22.57
599 8.4 41.47
600 39.39 34.22
601 24.15 10.92
602 27.22 38.24
603 23.08 14.46
604 20.91 27.58
605 23.4 7.75
606 34.31 38.16
607 34.35 32.5
608 36.29 31.66
609 38 12.76
610 30.77 39.66
611 35.75 38.65
612 12.31 9.61
613 12.71 18.91
614 40.9 45.04
615 32.26 1.63
616 40.07 13.81
617 5.06 36.94
618 4.4 20.29
619 0.87 8.66
620 16.41 5.83
621 43.99 4.79
622 37.29 3.73
623 35.39 11.87
624 24.63 26.59
625 19.25 6.91
626 45.56 35.92
627 26.05 35.53
628 34.96 38.39
629 36.44 19.28
630 20.91 28.86
631 42.68 2.22
632 39.16 41.51
633 14.8 28.26
634 36.92 24.09
635 29.92 43.2
636 0.99 6.34
637 37.59 7.44
638 46.83 38.29
639 45.4 6.5
640 40.93 4.98
641 40.9 45.17
642 14.22 20.01
643 11.4 0.47
644 0.28 2.18
645 31.05 0.84
646 30.59 21.19
647 43.22 7.25
648 35.51 3.27
649 27.36 11.03
650 34.75 5.95
651 39.81 37.81
652 45.25 16.26
653 35.07 30.4
654 17.42 25.6
655 30.58 33.47
656 31.65 11.35
657 31.36 24.48
658 5.47 45.87
659 28.58 42.77
660 24.13 5.75
661 7.47 12.63
662 19.88 35.24
663 38.52 3.69
664 42.24 35.91
665 41.86 18.88
666 37.21 29.99
667 26.78 34.68
668 45.6 15.98
669 41.58 14.85
670 28.85 16.03
671 27.38 25.16
672 30.16 41.02
673 20.41 39.27
674 15.56 35.64
675 21.91 1.99
676 14.62 20.21
677 8.46 29.38
678 13.6 15.02
679 31.45 46.98
680 46.38 8.84
681 19.36 26.32
682 41.52 36.6
683 5.58 46.14
684 41.51 40.12
685 36.67 0.17
686 25.33 23.36
687 17.38 17.06
688 36.85 8.5
689 24.66 37.8
690 39.79 5.41
691 25.62 46.57
692 9.48 34.94
693 30.48 34.08
694 34.06 23.08
695 12.44 14.94
696 21.78 13.97
697 3.57 12.32
698 38.98 43.82
699 36.94 9.15
700 36.84 33.5
701 9.86 26.62
702 24.2 15.18
703 4.2 7.77
704 45.57 14.05
705 46.98 9.38
706 36.47 18.88
707 6.82 25.6
708 40.21 26.47
709 2.55 17.83
710 32.77 7.79
711 21.76 42.52
712 7.84 35.07
713 31.89 25.33
714 15.01 27.35
715 13.85 2.35
716 9.49 4.85
717 0.55 4.23
718 12 14.21
719 8.78 32.27
720 41.65 10.57
721 29.46 8.76
722 14.89 31.13
723 10.6 16.8
724 34.63 8.1
725 15.89 40.68
726 16.72 0.92
727 35.99 18.18
728 24.03 5.08
729 32.43 1.4
730 3.76 39.04
731 24.42 26.8
732 31.04 13.25
733 27.47 24.97
734 10.25 43.04
735 34.14 36.25
736 25.54 32.42
737 44.07 44.12
738 13.92 40.43
739 1.53 35.2
740 9.4 29.08
741 30 44.94
742 43.64 26.12
743 11.72 46.52
744 0.92 20.68
745 12.72 44.16
746 23.96 32.2
747 45.46 17.66
748 42.64 8
749 31.57 6.45
750 23.22 33.41
751 18.83 18.71
752 43.35 1.76
753 42.19 15.91
754 4.11 37.79
755 19.87 24.24
756 2.71 13.51
757 20.15 30.4
758 10.44 46.35
759 20.03 31.87
760 9.55 11.36
761 43.57 13.28
762 30.94 33.52
763 22.04 22.55
764 29 7.1
765 40.51 6.61
766 5.84 32.74
767 34.51 12.35
768 8.78 2.19
769 39.99 10.22
770 34.47 40.41
771 34.44 40.38
772 4.3 37.18
773 36.53 7.59
774 19.98 14.74
775 26.11 37.09
776 3.37 29.54
777 43.58 3.2
778 6.27 14.83
779 21.94 18.62
780 5.76 35.27
781 1.53 15.45
782 8.32 39.12
783 21.84 36.04
784 46.27 44.62
785 38.03 14.83
786 35.73 14.26
787 31.96 5.99
788 41.1 40.04
789 7.78 2.01
790 39.1 14.09
791 24.15 14.41
792 45.13 22.99
793 37.83 20.73
794 19.87 4.4
795 20.19 12.77
796 8.74 6.15
797 45.28 21.73
798 38.29 44.59
799 42.21 20.12
800 15.47 37.56
801 32.34 13.77
802 19.76 4.2
803 24.76 17.3
804 19.32 13.87
805 8.48 32.55
806 27.48 38.94
807 14.94 13.15
808 33.88 25.62
809 30.02 33.29
810 26.58 34.27
811 40.43 30.74
812 5.47 35.32
813 13.43 19.23
814 39.35 43.76
815 14.85 8.65
816 22.42 7.82
817 39.54 0.19
818 17.5 22.7
819 17.09 17.31
820 30.38 17.34
821 9.28 6.09
822 19.24 10.86
823 36.48 4.74
824 38.03 6.12
825 20.92 0.03
826 30.77 17.61
827 33.46 14.35
828 33.58 36.24
829 13.52 46.89
830 36.06 6.45
831 41.79 28.37
832 9.09 39
833 14.71 34.33
834 32.16 7.11
835 24.45 12.32
836 18.42 15.54
837 26.41 -14.25
838 46.52 -37.66
839 24.31 -15.89
840 43.44 -37.55
841 35.69 -45.23
842 12.58 -27.21
843 43.97 -2.67
844 30.08 -26.68
845 33.13 -10.5
846 38.87 -19.15
847 38.67 -27.92
848 42.77 -28.48
849 35.59 -6.38
850 46.23 -27.94
851 43.48 -40.56
852 7.82 -17.65
853 8.31 -22.89
854 19.31 -7.34
855 25.41 -32.62
856 30.85 -15.75
857 42.97 -41.62
858 24.81 -23.95
859 3.63 -39.94
860 30.96 -7.9
861 7.57 -17.28
862 25.72 -3.36
863 31.84 -46.24
864 33.15 -21.5
865 2.44 -20.44
866 14 -32.38
867 3.03 -45.92
868 21.82 -2.34
869 37.2 -38.86
870 5.01 -41.13
871 37.4 -15.62
872 37.76 -35.86
873 40.34 -13.89
874 6.84 -15.58
875 4 -24.49
876 41.78 -18.32
877 21.68 -39.09
878 18.85 -1.02
879 22.52 -6.53
880 7.49 -5
881 17.9 -24.96
882 23.89 -21.49
883 23.84 -1.45
884 20.84 -26.23
885 0.88 -14.04
886 10.18 -25.85
887 42.23 -38.28
888 5.18 -28.47
889 44.05 -35.57
890 40.59 -39.54
891 10.86 -28.57
892 1.18 -15.89
893 16.91 -13.07
894 19.6 -20.03
895 5.56 -39.44
896 17.4 -27.09
897 29.1 -3.98
898 5.44 -41.29
899 1.04 -33.46
900 28.03 -26.28
901 32.65 -1.92
902 40.21 -38.21
903 0.2 -27.88
904 43.98 -25.91
905 45.97 -44.25
906 6.34 -37.57
907 6.46 -9.83
908 3.42 -7.52
909 8.08 -23.37
910 15.81 -23.02
911 30.63 -13.64
912 17.62 -13.74
913 35.55 -12.74
914 26.72 -3.58
915 10.38 -36.6
916 38.52 -7.75
917 26.49 -43.03
918 4.44 -12.25
919 38.16 -26.69
920 4.47 -1.42
921 38.99 -37.13
922 27.49 -10.81
923 45.86 -45.45
924 2.34 -30.91
925 34.46 -6.94
926 1.1 -45.68
927 12.42 -18.09
928 11.35 -18.72
929 2.83 -28.49
930 18.09 -18.6
931 26.35 -13.21
932 36.77 -37.14
933 2.39 -5.84
934 13.06 -41.21
935 42.63 -21.08
936 38.73 -17.53
937 8.86 -34.62
938 13.59 -46.74
939 11.18 -7.72
940 42.18 -43.45
941 42.13 -45.64
942 44.25 -43.28
943 42.53 -35.07
944 16.57 -36.13
945 7.73 -45.36
946 11.57 -15.18
947 5.32 -34.08
948 20.45 -1.34
949 42.55 -35.24
950 9.32 -33.51
951 4.04 -18.7
952 33.84 -28.57
953 28.32 -40.42
954 1.15 -0.43
955 24.41 -39.5
956 18.66 -23.85
957 20.14 -0.06
958 35.14 -15.91
959 32.56 -15.67
960 14.03 -32.23
961 0.41 -40.29
962 7.9 -6.12
963 34.99 -33.26
964 21.5 -8.87
965 42.38 -30.54
966 2.25 -11.34
967 39.91 -26.94
968 20.36 -16.61
969 17.05 -21.23
970 13.73 -2.03
971 25.89 -21.98
972 22.04 -32.39
973 28.83 -26.55
974 22.74 -37.7
975 3.45 -14.39
976 35.21 -17.29
977 23.41 -31.39
978 17.65 -23.63
979 32.5 -11.4
980 22.47 -39.15
981 31.01 -8.4
982 15.86 -5.24
983 21.85 -23.92
984 45.16 -16.74
985 46.3 -19.42
986 41.4 -39.41
987 5.33 -5.71
988 32.26 -43.97
989 15.19 -34.16
990 29.07 -8
991 5.81 -18.65
992 3.04 -44.8
993 1.95 -29.22
994 21.15 -20.69
995 40.36 -34.45
996 23.37 -24.14
997 29.38 -4.89
998 28.81 -19.75
999 36.5 -31.75
1000 31.7 -26.97
1001 46.91 -35.8
1002 41.51 -6.62
1003 3.59 -5.24
1004 19.92 -7.29
1005 42.81 -18.79
1006 17.96 -29.51
1007 27.32 -1.62
1008 11.36 -21
1009 22.21 -29.27
1010 44.25 -13.03
1011 37.17 -43.09
1012 0.98 -1.14
1013 20.9 -0.07
1014 31.83 -29.79
1015 37.29 -37.92
1016 7.24 -44.05
1017 3.67 -37.2
1018 42.44 -1.75
1019 36.56 -7.27
1020 6.58 -42.88
1021 25.39 -32.37
1022 14.51 -24.54
1023 26.06 -33.23
1024 43.03 -25.87
1025 38.91 -28.79
1026 5.4 -40.28
1027 21.94 -9.6
1028 9.68 -6.38
1029 16.69 -42.84
1030 14.28 -22.03
1031 19.08 -34.5
1032 5.22 -21.52
1033 3.79 -22.75
1034 10.54 -28.18
1035 24.06 -40.35
1036 6.24 -44.64
1037 2.7 -2.46
1038 35.69 -20.75
1039 27.15 -9.28
1040 38.07 -31.72
1041 5.52 -46.58
1042 9.18 -43.47
1043 30.37 -27.47
1044 3.83 -18.86
1045 21.41 -27.59
1046 15.09 -45.64
1047 20.16 -21.01
1048 24.29 -20.32
1049 1.5 -23.96
1050 44.83 -34.83
1051 13 -6.09
1052 8.55 -4.08
1053 5.35 -15.7
1054 24.99 -24.76
1055 37.01 -32.5
1056 32.08 -43.58
1057 40.06 -42.53
1058 3.52 -21.79
1059 21.17 -3.95
1060 31.54 -34.88
1061 33.52 -42.59
1062 16.6 -27.16
1063 0.48 -34.2
1064 11.16 -40.89
1065 9.25 -29.5
1066 35.59 -9
1067 40.6 -22.25
1068 18.47 -24.66
1069 2.43 -26.47
1070 39.5 -43.46
1071 40.05 -39.44
1072 15.49 -5.1
1073 26.89 -13.63
1074 17.58 -46.54
1075 14.94 -1.07
1076 43.66 -29.65
1077 9.81 -1.46
1078 16.18 -40.78
1079 15.2 -37.81
1080 20.31 -27.35
1081 16.87 -24.45
1082 27.22 -36.43
1083 14.09 -37.99
1084 17.46 -45.69
1085 22.68 -44.04
1086 17 -9.96
1087 15.07 -43.25
1088 9.88 -32.5
1089 12.56 -22.48
1090 23.55 -7.98
1091 37.63 -27.5
1092 9.48 -0.73
1093 22.04 -0.44
1094 38.25 -25.66
1095 33.53 -37.24
1096 42.21 -39.09
1097 28.52 -3.4
1098 21.91 -2.95
1099 1.64 -23.13
1100 20.18 -39.38
1101 29.86 -24.32
1102 20.57 -37.18
1103 3.2 -25.45
1104 0.94 -10.97
1105 18.96 -43.28
1106 23.78 -5.01
1107 33.27 -9.59
1108 10.04 -13.78
1109 19.97 -35.83
1110 6.59 -1.29
1111 20.9 -6.5
1112 37.43 -1.8
1113 4.75 -2.42
1114 25.56 -12.34
1115 32.24 -33.91
1116 38.76 -26.26
1117 43.96 -15.11
1118 21.08 -12.33
1119 3.83 -0.17
1120 43.45 -2.54
1121 35.08 -22.79
1122 32.38 -0.76
1123 42.06 -21.35
1124 37.7 -22.94
1125 4.76 -15.03
1126 21.54 -44.29
1127 46.09 -25.66
1128 8.61 -39.49
1129 4.83 -31.36
1130 45.79 -14.69
1131 40.95 -17.6
1132 32.71 -37.55
1133 30.41 -37.91
1134 18.6 -34.31
1135 36.86 -34.24
1136 10.03 -42.58
1137 23.86 -24.94
1138 26.81 -22.93
1139 45.88 -18.92
1140 14.48 -45.03
1141 42.32 -31.16
1142 9.82 -36.02
1143 9.03 -21.93
1144 33.81 -18.43
1145 13.64 -13.86
1146 31.46 -32.6
1147 23.16 -7.59
1148 26.03 -44.69
1149 12.53 -6.57
1150 40.81 -44.63
1151 20.73 -2.39
1152 7.85 -31.36
1153 7.29 -44.59
1154 44.04 -15.18
1155 13.21 -33.69
1156 17.85 -11.52
1157 28.06 -36.05
1158 10.98 -8.2
1159 7.15 -37.09
1160 31.47 -44.79
1161 30.39 -20.8
1162 8.91 -43.46
1163 21.67 -6.55
1164 40.64 -34.94
1165 13.1 -34.2
1166 17.11 -34.45
1167 46.33 -33.83
1168 11.95 -5.48
1169 1.18 -6.63
1170 20.84 -36.51
1171 28.55 -14.39
1172 30.96 -19.22
1173 7.94 -9.61
1174 27.22 -41.94
1175 39.73 -15.09
1176 16.41 -39.21
1177 16.19 -3.65
1178 10.2 -25.33
1179 40.79 -18.39
1180 5.59 -3.85
1181 18.82 -6.89
1182 21.25 -3.23
1183 8.71 -18.16
1184 5.31 -13.72
1185 30.75 -37.42
1186 32.33 -26.15
1187 25.89 -12.3
1188 2.43 -16.3
1189 11.24 -33.83
1190 29.45 -29.65
1191 2.38 -31.5
1192 35.15 -45.86
1193 4.71 -18.58
1194 36.97 -25.87
1195 10.24 -26.03
1196 32.92 -23.08
1197 6.83 -29.07
1198 27.75 -34.69
1199 28.93 -43.07
1200 33.49 -33.06
1201 39.73 -12.68
1202 24.98 -18.82
1203 35.12 -46.15
1204 32.98 -27.41
1205 37.58 -26.89
1206 11.39 -15.43
1207 41.82 -20.49
1208 19.59 -46.54
1209 25.41 -27.05
1210 6.08 -37.08
1211 13.16 -35.66
1212 45.25 -19.53
1213 34.74 -0.52
1214 43.59 -26
1215 39.58 -16.68
1216 29.36 -30.08
1217 29.42 -12.83
1218 11.98 -34.87
1219 42.8 -17.55
1220 44.44 -44.97
1221 40.92 -33.39
1222 34.4 -8.83
1223 35.89 -16.26
1224 23.84 -6.99
1225 44.07 -41.82
1226 30.48 -10.44
1227 10.49 -37.75
1228 38.27 -9.25
1229 15.77 -45.24
1230 42.44 -34.86
1231 45.46 -8.35
1232 21.19 -24.8
1233 40.19 -27.89
1234 45.44 -13.69
1235 11.66 -36
1236 2.91 -23.4
1237 12.75 -33.11
1238 29.89 -37.31
1239 24.82 -1.64
1240 43.46 -6.73
1241 44.7 -21.89
1242 40.16 -7.47
1243 16.72 -8.19
1244 33.95 -31.44
1245 46.82 -13.02
1246 21.37 -29.39
1247 34.72 -45.29
1248 6.7 -23.08
1249 36.78 -27.91
1250 44.43 -5.14
1251 9.06 -28.96
1252 42.59 -0.34
1253 18.17 -21.81
1254 3.97 -25.49
1255 12.74 -23.51
1256 45.4 -27.95
1257 35.42 -10.44
1258 46.16 -19.09
1259 3.53 -32.67
1260 45.69 -33.11
1261 15.51 -3.35
1262 29.16 -0.58
1263 4.19 -30.75
1264 11.66 -35.86
1265 21.52 -40.97
1266 3.45 -36.62
1267 17.48 -30.58
1268 32.91 -46.05
1269 24.54 -16.18
1270 39.69 -17.4
1271 45.36 -17.8
1272 8.77 -18.62
1273 37.71 -33.78
1274 46.97 -7.93
1275 21.56 -21.76
1276 5.63 -26.18
1277 26.77 -17.59
1278 1.34 -34.8
1279 4.18 -30.96
1280 5.45 -40.53
1281 30.15 -25.71
1282 36.81 -8.9
1283 35.47 -28.15
1284 44.33 -3.25
1285 20.65 -40.53
1286 11.34 -37.03
1287 36.17 -19.01
1288 33.32 -20.11
1289 8.56 -26.88
1290 1.64 -33.29
1291 40 -10.64
1292 28.24 -7.27
1293 22.59 -0.29
1294 31.25 -10.1
1295 31.15 -26.78
1296 33.01 -17.22
1297 6.64 -41.82
1298 22.98 -3.34
1299 34.11 -42.12
1300 35.65 -20.31
1301 37.86 -7.77
1302 7.3 -46.99
1303 0.62 -27.03
1304 6.91 -21.14
1305 34.96 -36.7
1306 27.87 -36.07
1307 23.87 -27.96
1308 28.25 -9.11
1309 46.73 -46.46
1310 6.76 -40.02
1311 10.24 -30.89
1312 25.71 -20.29
1313 23.64 -16.88
1314 12 -29.21
1315 2.53 -38.27
1316 46.04 -28.18
1317 8.69 -40.39
1318 0.95 -33.87
1319 8.01 -9.32
1320 26.54 -35.38
1321 24.46 -42.97
1322 4.45 -7.41
1323 44.04 -28.85
1324 28.31 -32.7
1325 25.72 -43.78
1326 8.19 -15.6
1327 35.89 -16.48
1328 33.37 -14.42
1329 43.64 -40.05
1330 31.33 -25.89
1331 7.07 -46.17
1332 20.08 -10.89
1333 44.76 -15.77
1334 5.61 -1.55
1335 36.94 -33.3
1336 29.27 -12.67
1337 20.09 -41.92
1338 23.77 -14.25
1339 46.95 -44.65
1340 21.95 -32.6
1341 1.2 -25.68
1342 42.16 -30.14
1343 25.09 -37.1
1344 30.15 -9.05
1345 15.47 -21.73
1346 1.42 -14.48
1347 5.9 -22.54
1348 18.83 -2.02
1349 3.58 -3.66
1350 17.48 -24.44
1351 37.12 -21.04
1352 15.96 -27.28
1353 41.53 -37.73
1354 35.38 -39.73
1355 5.85 -41.48
1356 0.68 -37.86
1357 1.52 -7.06
1358 24.68 -23.37
1359 32.42 -26.61
1360 1.34 -7.83
1361 2.84 -0.89
1362 3.96 -30.28
1363 32.31 -8.74
1364 39.92 -22.79
1365 27.76 -16.41
1366 37.45 -10.41
1367 37.69 -45.4
1368 36.13 -6.41
1369 26.66 -32.22
1370 7.22 -5.03
1371 42.89 -32.51
1372 20.09 -7.91
1373 31.28 -24.94
1374 4.55 -44.77
1375 33.13 -44.22
1376 25.64 -33.42
1377 16.7 -35.97
1378 25.23 -10.12
1379 13.43 -2.01
1380 18.42 -45.67
1381 36.6 -41.19
1382 39.59 -8.87
1383 42.8 -7.81
1384 40.03 -9.24
1385 14.28 -2.98
1386 35.5 -27.78
1387 35.69 -37.69
1388 15.63 -8.59
1389 33.89 -0.49
1390 25.23 -0.71
1391 34.13 -20.02
1392 36.51 -31.39
1393 41.51 -3.83
1394 33.37 -42.26
1395 40.93 -7.95
1396 2.14 -4.79
1397 41.19 -11.06
1398 18.87 -22.26
1399 31.5 -17.51
1400 20.5 -39.43
1401 20.21 -26.3
1402 17 -36.52
1403 25.63 -8.9
1404 36.91 -13.15
1405 13.86 -12.52
1406 32.54 -15.14
1407 27.06 -0.99
1408 32.35 -22.05
1409 17.31 -21.57
1410 10.04 -18.72
1411 4.03 -38.77
1412 2.83 -12.19
1413 14.97 -45.22
1414 43.26 -2.22
1415 41.65 -46.47
1416 25.78 -16.76
1417 6.28 -14.86
1418 4.28 -23.3
1419 36.45 -31.91
1420 24.96 -41.19
1421 36.86 -30.84
1422 31.83 -38.02
1423 13.08 -16.92
1424 19.01 -17.18
1425 16.42 -10.91
1426 30.2 -29.06
1427 21.77 -20.46
1428 46.2 -13.55
1429 15.78 -36.74
1430 16.73 -42.46
1431 12.22 -37.95
1432 5.82 -42.51
1433 46.33 -46.02
1434 11.46 -37.62
1435 31.82 -35.79
1436 0.15 -36.42
1437 27.44 -2.2
1438 46.64 -31.98
1439 29.69 -21.04
1440 12.48 -18.65
1441 28.23 -46.11
1442 0.09 -23.2
1443 36.76 -3
1444 20.26 -46.3
1445 41.76 -33.06
1446 24.01 -37
1447 13.03 -6.99
1448 33.53 -10.35
1449 0.98 -39.89
1450 9.2 -44.99
1451 14.93 -13.32
1452 15.52 -9.35
1453 21.85 -22.9
1454 43.94 -42.68
1455 41.85 -32.06
1456 31.18 -36.94
1457 13.15 -23.09
1458 6.61 -11.79
1459 11.09 -30.43
1460 16.49 -7.4
1461 24.92 -5.86
1462 40.37 -21.02
1463 31.38 -37.95
1464 30.84 -26.9
1465 5.42 -32.36
1466 26.2 -40.04
1467 29.91 -20.35
1468 43.25 -41.72
1469 17.92 -4.77
1470 36.83 -20.72
1471 10.66 -12.77
1472 16.38 -1.53
1473 13.33 -4.33
1474 34.76 -3.52
1475 10.92 -24.42
1476 10.8 -31.77
1477 5.8 -35.84
1478 7.31 -31.69
1479 39.12 -17.7
1480 30.58 -18.68
1481 39.24 -44.54
1482 45.41 -9.78
1483 32.02 -22.16
1484 7.45 -22.19
1485 42.91 -2.94
1486 43.23 -44.28
1487 45.82 -34.09
1488 38.43 -40.14
1489 43.66 -39.67
1490 44.61 -6.71
1491 38.49 -7.58
1492 23.94 -35.94
1493 20.63 -24.81
1494 42.51 -11.77
1495 30.45 -12.75
1496 37.81 -6.61
1497 16.39 -3.22
1498 5.9 -16.75
1499 38.94 -1.41
1500 31.87 -13.35
1501 10.63 -15.37
1502 29.98 -28.1
1503 21.24 -36.97
1504 10.16 -1.93
1505 8.65 -45.42
1506 33.52 -7.78
1507 43.72 -27.66
1508 5.47 -10.46
1509 22.24 -44.87
1510 38.15 -28.5
1511 35.11 -33.21
1512 36.43 -9.48
1513 26.23 -32.02
1514 13.95 -22.85
1515 36.2 -45.69
1516 14.06 -45.82
1517 7.44 -27.36
1518 17.33 -24.57
1519 26.5 -9.21
1520 7.63 -8.02
1521 15.8 -35.15
1522 43.33 -41.16
1523 32.14 -40.04
1524 18.43 -29.32
1525 10.82 -7.38
1526 21.12 -9.58
1527 19.07 -26.45
1528 38.99 -38.07
1529 13.93 -25.82
1530 24.52 -5.94
1531 4.76 -3.13
1532 30.49 -19.1
1533 43.67 -39.73
1534 1.94 -28.35
1535 36.37 -3.7
1536 38.85 -9.57
1537 31.25 -32.69
1538 6.25 -15.71
1539 45.03 -16.4
1540 4.3 -24.68
1541 14.79 -8.86
1542 15.83 -25.42
1543 44.02 -33.86
1544 12.68 -7.83
1545 13.77 -38.47
1546 41.6 -17.72
1547 36.83 -46.06
1548 38.79 -5.62
1549 14.49 -14.02
1550 17.72 -40.73
1551 30.82 -31.38
1552 17.07 -37.1
1553 5.81 -15.08
1554 31.48 -3.84
1555 28.52 -3.84
1556 40.22 -16.3
1557 22.25 -43.31
1558 10.69 -36.58
1559 24.93 -19.27
1560 10.74 -3.9
1561 21.62 -38.7
1562 18.28 -32.86
1563 19 -38.97
1564 33.52 -10.07
1565 31.32 -14.01
1566 45.39 -4.24
1567 41.34 -42.67
1568 38.27 -42.98
1569 46.82 -27.67
1570 12.04 -3.27
1571 19.57 -8.87
1572 5.18 -5.26
1573 22.36 -41.82
1574 14.09 -43.4
1575 0.3 -0.29
1576 19.52 -5.35
1577 38.22 -2.44
1578 21.94 -37.8
1579 28.4 -37.74
1580 4.76 -8.46
1581 12.7 -40.24
1582 35.91 -3.15
1583 26.66 -34.57
1584 15.24 -27.18
1585 10.97 -26.48
1586 15.87 -7.8
1587 40.59 -30.55
1588 25.37 -1.58
1589 44.98 -15.95
1590 16.25 -19.99
1591 25.34 -25.8
1592 8.76 -16.29
1593 7.09 -44.08
1594 34.83 -30.7
1595 19.68 -16.01
1596 36.78 -20.11
1597 23.26 -12.91
1598 0.48 -25.69
1599 33.4 -30.44
1600 37.45 -43.24
1601 4.05 -44.37
1602 8.44 -6.32
1603 7.9 -25.16
1604 41.11 -33.82
1605 34.33 -33.4
1606 12.2 -37.88
1607 7.17 -12.67
1608 37.28 -20.97
1609 32.19 -41.79
1610 38.32 -5.63
1611 25.74 -32.4
1612 45.31 -28.1
1613 34.32 -29.52
1614 12.97 -26.31
1615 3.07 -1.24
1616 26.13 -3.42
1617 9.74 -34.64
1618 12.8 -34.58
1619 1.92 -45.17
1620 31.57 -6.92
1621 25.32 -36.25
1622 29.44 -43.78
1623 45.27 -13.02
1624 7.81 -19.72
1625 5.87 -10.98
1626 43.38 -26.65
1627 7.76 -31.61
1628 14.14 -22.21
1629 1.52 -42.08
1630 23.84 -7.63
1631 11.05 -32.12
1632 19.76 -2.97
1633 18.07 -1.31
1634 46.48 -32.57
1635 20.01 -19.99
1636 36.76 -11.58
1637 8.36 -45.33
1638 11.35 -19.21
1639 19.45 -34.15
1640 25.65 -46.68
1641 26.34 -25.33
1642 37.46 -2.56
1643 24.77 -14.62
1644 37.22 -32.12
1645 39.75 -6.82
1646 38.94 -14.06
1647 44.55 -3.8
1648 32.64 -39.22
1649 5.31 -15.63
1650 16.14 -12.64
1651 24.22 -25.32
1652 4.18 -5.91
1653 5.64 -13.1
1654 0.25 -43.05
1655 23.26 -5.61
1656 30.94 -6.43
1657 8.99 -30.12
1658 44.74 -1.93
1659 34.05 -33.76
1660 40.58 -15.48
1661 29.54 -26.81
1662 11.13 -13.04
1663 5.27 -27.09
1664 23.24 -24.29
1665 36.94 -10.58
1666 16.43 -39.39
1667 45.3 -14.16
1668 27.27 -1.13
1669 44.18 -31.46
1670 37.07 -8.04
1671 14.47 -0.96
1672 31.08 -1.54
1673 -3.47 -23.46
1674 -37.75 -9.34
1675 -24.82 -18.04
1676 -44.85 -11.85
1677 -24.9 -34.88
1678 -42.5 -36.51
1679 -13.8 -10.69
1680 -1.79 -18.74
1681 -38.65 -31.26
1682 -45.43 -18.22
1683 -46.87 -36.95
1684 -1.93 -6.22
1685 -14.26 -24.58
1686 -25.54 -39.01
1687 -40.55 -9.26
1688 -32.72 -37.15
1689 -46.49 -44.02
1690 -42.58 -3.99
1691 -15.85 -24.32
1692 -12.2 -40.44
1693 -10.47 -40.75
1694 -31.96 -7.7
1695 -6.97 -4.79
1696 -36.06 -33.75
1697 -32.5 -45.62
1698 -16.1 -34.49
1699 -21.23 -32.37
1700 -9.95 -18.03
1701 -10.04 -16.01
1702 -25.27 -16.02
1703 -6.17 -3.59
1704 -28.13 -38.52
1705 -42.51 -5.66
1706 -10.5 -23.72
1707 -44.68 -11.36
1708 -32.63 -22.71
1709 -10.93 -35.67
1710 -40.46 -17.59
1711 -4.35 -17.9
1712 -44.05 -29.52
1713 -44.53 -36.85
1714 -2.74 -13.15
1715 -31.18 -18.76
1716 -34.78 -40.22
1717 -9.24 -21.75
1718 -5.86 -40.57
1719 -32.09 -15.41
1720 -21.07 -34
1721 -38.24 -8.13
1722 -19.49 -12.1
1723 -15.33 -16.44
1724 -32.63 -32.65
1725 -3.24 -26.26
1726 -24.69 -26.09
1727 -36.14 -35.11
1728 -5.48 -21.74
1729 -15.41 -33.67
1730 -32.96 -8.23
1731 -1.45 -46.59
1732 -21.34 -1.26
1733 -41.83 -10.69
1734 -6.62 -27.21
1735 -41.73 -26.93
1736 -35.06 -8.21
1737 -20.31 -13.49
1738 -10.45 -35.07
1739 -20.72 -35.64
1740 -42.43 -43.08
1741 -2.69 -4.49
1742 -39.6 -0.64
1743 -2.9 -38.83
1744 -6.03 -45.09
1745 -33.84 -18.31
1746 -45.42 -38.99
1747 -40.25 -15.81
1748 -26.5 -0.29
1749 -8.02 -35.08
1750 -42.53 -13.64
1751 -21.85 -30.27
1752 -24.28 -11.11
1753 -26.71 -42.17
1754 -11.33 -15.25
1755 -11.33 -27.95
1756 -32.44 -34.28
1757 -34.92 -41.54
1758 -33.38 -25.05
1759 -3.66 -18.34
1760 -36.65 -39.41
1761 -11.92 -18.02
1762 -33.83 -15.6
1763 -43.41 -32.69
1764 -20.77 -40.85
1765 -7.49 -4.43
1766 -15.22 -43.83
1767 -35.46 -29.34
1768 -5.03 -39.5
1769 -7.75 -15.17
1770 -23.65 -43.89
1771 -31.17 -46.6
1772 -41.14 -9.09
1773 -14.66 -46.62
1774 -17.96 -8.04
1775 -27.97 -45.84
1776 -16.86 -35.14
1777 -31.26 -39.89
1778 -25.58 -3.69
1779 -44.54 -27.67
1780 -12.62 -26.88
1781 -4.23 -32.55
1782 -42.42 -8.36
1783 -28.38 -39.69
1784 -35.39 -27.97
1785 -24.86 -36.13
1786 -16.25 -12.04
1787 -21.13 -36.56
1788 -16.7 -37.91
1789 -45.96 -16.32
1790 -15.16 -15.18
1791 -30.84 -26.93
1792 -19.83 -32.03
1793 -35.72 -42.62
1794 -23.29 -25.93
1795 -5.81 -13.79
1796 -46.34 -16.43
1797 -5.31 -10.04
1798 -30.26 -41.76
1799 -22.74 -33.69
1800 -3.34 -18.65
1801 -30.69 -28.12
1802 -45.2 -19.59
1803 -10.51 -32.34
1804 -29.18 -14.9
1805 -10.61 -36.99
1806 -16.92 -44.35
1807 -9.9 -41.45
1808 -37.08 -17.27
1809 -43.21 -26.14
1810 -39.93 -40.89
1811 -37.85 -29.54
1812 -39.59 -19.8
1813 -42.08 -43.16
1814 -29.86 -22.85
1815 -22.02 -45.34
1816 -26.47 -13.72
1817 -33.32 -33.23
1818 -46.09 -5.19
1819 -20.1 -24.35
1820 -41.86 -28.28
1821 -25.63 -11.23
1822 -5.68 -39.3
1823 -9.58 -35.53
1824 -42.19 -23.28
1825 -44.7 -33.31
1826 -15.85 -35.13
1827 -35.45 -16.07
1828 -12.23 -35.96
1829 -39.33 -30.53
1830 -28.88 -22.61
1831 -16.86 -14.35
1832 -0.58 -35.87
1833 -41.06 -3.18
1834 -8.05 -46.68
1835 -27.96 -41.68
1836 -5.91 -30.43
1837 -22.73 -34.11
1838 -3.16 -39.12
1839 -42.92 -32.31
1840 -46.14 -45.35
1841 -14 -40.62
1842 -9.69 -15
1843 -31.48 -2.45
1844 -32.99 -2.45
1845 -5.58 -23.82
1846 -18.69 -42.39
1847 -31.26 -22.44
1848 -6.14 -19.28
1849 -46.48 -5.84
1850 -0.53 -41.71
1851 -25.14 -7.96
1852 -22.59 -33.96
1853 -26.08 -0.88
1854 -13.71 -6.27
1855 -4.62 -22.01
1856 -43.15 -12.86
1857 -8.38 -46.15
1858 -1.6 -33.37
1859 -16.34 -20.38
1860 -44.2 -15.11
1861 -38.02 -2.44
1862 -24.89 -15.9
1863 -15.7 -2.8
1864 -8.65 -11.55
1865 -6.27 -42.7
1866 -3.66 -36.7
1867 -23.66 -11.93
1868 -40.33 -26.25
1869 -32.52 -30.27
1870 -32.8 -34.57
1871 -27.95 -17.66
1872 -16.81 -9.47
1873 -42.84 -16.85
1874 -37.23 -45.94
1875 -41.57 -39.7
1876 -42.15 -34.44
1877 -30.86 -32.6
1878 -35.4 -0.56
1879 -12.11 -27.08
1880 -22.78 -24.57
1881 -41.79 -45.9
1882 -10.84 -26.44
1883 -33.21 -18.46
1884 -29.25 -31.69
1885 -19.26 -46.25
1886 -44.43 -42.57
1887 -5.04 -0.21
1888 -44.58 -41.77
1889 -40.71 -28.41
1890 -21.11 -34.82
1891 -2.78 -35.28
1892 -1.4 -16.26
1893 -16.82 -33.64
1894 -13.72 -17.33
1895 -41.9 -9.46
1896 -8.36 -17.02
1897 -43.46 -36.7
1898 -35.68 -46.72
1899 -11.94 -10.19
1900 -36.96 -45.45
1901 -41.02 -31.2
1902 -11.94 -34.39
1903 -29.16 -46.06
1904 -27.47 -9.52
1905 -24.86 -3.39
1906 -19.2 -29.11
1907 -25.89 -27.64
1908 -14.28 -20.6
1909 -37.93 -23.24
1910 -32.7 -8.52
1911 -25.54 -13.36
1912 -3.06 -21.58
1913 -1.83 -2.52
1914 -12.71 -19.26
1915 -17.71 -13.77
1916 -25.49 -30.19
1917 -17.59 -11.73
1918 -10.79 -17.95
1919 -27.48 -27.27
1920 -30.67 -18.79
1921 -28.42 -5.34
1922 -32.99 -2.87
1923 -3.99 -7.31
1924 -30.55 -27.79
1925 -16.84 -41.93
1926 -35.81 -43.77
1927 -18.36 -22.9
1928 -25.43 -38.87
1929 -38.65 -20.19
1930 -33.96 -18.66
1931 -1.86 -9.36
1932 -21.09 -39.97
1933 -10.93 -46.97
1934 -27.24 -12.4
1935 -11.71 -18.93
1936 -24.27 -38.43
1937 -41.3 -40.13
1938 -27.97 -37.78
1939 -46.1 -45.3
1940 -20.75 -11.52
1941 -8.3 -43.46
1942 -19.36 -9.56
1943 -28.95 -7.18
1944 -27.37 -25.31
1945 -43.98 -20.6
1946 -10.48 -41.85
1947 -15.34 -26.36
1948 -26.33 -12.09
1949 -5.01 -26.27
1950 -45.2 -34.09
1951 -25.53 -16.73
1952 -37.38 -3
1953 -21.3 -0.35
1954 -26.17 -18.35
1955 -10.4 -20.4
1956 -44.38 -46.92
1957 -37 -46.22
1958 -6.4 -16.75
1959 -42.06 -46.47
1960 -0.59 -14.29
1961 -36.66 -19.56
1962 -26.44 -11.07
1963 -3.68 -5
1964 -11.8 -33.29
1965 -20.39 -8.7
1966 -5.95 -10
1967 -40.52 -26.44
1968 -26.79 -43.33
1969 -42.21 -14.83
1970 -15.75 -5.97
1971 -33.41 -33.13
1972 -32.35 -13.14
1973 -10.41 -23.42
1974 -3.41 -19.27
1975 -14.08 -5.47
1976 -5.56 -4.01
1977 -42.6 -3.74
1978 -36.26 -12.52
1979 -45.82 -46.29
1980 -7.99 -1.06
1981 -38.59 -19.21
1982 -45.65 -41.46
1983 -37.79 -32.11
1984 -46.94 -5.96
1985 -11.93 -13.52
1986 -46.65 -15.7
1987 -28.84 -45.35
1988 -2.29 -12.52
1989 -12.31 -39.25
1990 -25.24 -5.7
1991 -37.23 -26.39
1992 -30.13 -11.32
1993 -23.85 -32.84
1994 -32.13 -46.92
1995 -0.98 -22.67
1996 -22.4 -20.64
1997 -15.1 -39.57
1998 -24.69 -1.57
1999 -7.53 -33.41
2000 -27.46 -5.15
2001 -20.85 -46.99
2002 -45.34 -7.63
2003 -0.68 -30.21
2004 -2.98 -0.63
2005 -33.85 -12.99
2006 -39.39 -8.75
2007 -0.59 -24.09
2008 -9.93 -22.52
2009 -22.44 -24.44
2010 -27.63 -22.58
2011 -23.74 -3.95
2012 -24.04 -30.55
2013 -12.64 -19.36
2014 -5.77 -29.25
2015 -34.41 -20.18
2016 -20.17 -13.75
2017 -21.39 -35.78
2018 -46.52 -46.03
2019 -27.18 -22.07
2020 -35.06 -30.02
2021 -38.77 -14.03
2022 -38.12 -27.45
2023 -30.5 -19.89
2024 -44.33 -28.57
2025 -4.15 -33.46
2026 -37.41 -5.49
2027 -16.56 -8.41
2028 -27.77 -14.46
2029 -43.71 -29.21
2030 -2.39 -14.07
2031 -27.82 -11.64
2032 -0.43 -3.08
2033 -2.11 -2.21
2034 -4.8 -46.95
2035 -29.97 -9.81
2036 -23.84 -20.39
2037 -0.84 -2.27
2038 -22.16 -14.97
2039 -24.06 -11.86
2040 -45.33 -0.01
2041 -33.02 -8.74
2042 -17.15 -16.26
2043 -11.24 -2.59
2044 -31.8 -44.93
2045 -39.52 -35.48
2046 -0.12 -14.71
2047 -17.79 -20.34
2048 -3.08 -0.55
2049 -28.02 -0.42
2050 -37.75 -35.4
2051 -8.79 -38.52
2052 -40.79 -14.59
2053 -10.08 -9.64
2054 -2.02 -43.47
2055 -24 -34.15
2056 -42.89 -0.35
2057 -44.14 -10.03
2058 -12.62 -40.56
2059 -19.01 -8.38
2060 -43.86 -24.94
2061 -39.65 -11.53
2062 -31.88 -24.51
2063 -25.06 -37.96
2064 -18.9 -15.48
2065 -3.88 -33.61
2066 -25.13 -9.65
2067 -24.24 -12.68
2068 -2.84 -46.44
2069 -23.43 -14.85
2070 -29.52 -4.86
2071 -32.74 -0.43
2072 -10.46 -25.41
2073 -46.49 -10.4
2074 -18.78 -3.6
2075 -28.54 -18.51
2076 -30.04 -43.17
2077 -20.68 -21.19
2078 -39.67 -42.44
2079 -10.92 -26.26
2080 -12.87 -11.57
2081 -1.74 -42.33
2082 -8.01 -18.52
2083 -45.48 -6.51
2084 -21.36 -38.37
2085 -43.23 -21.91
2086 -22.35 -3.88
2087 -9.81 -9.49
2088 -19.89 -13.33
2089 -16.94 -9.3
2090 -8.33 -19.2
2091 -15.37 -45.48
2092 -0.2 -18.9
2093 -14.34 -36.05
2094 -42.83 -20.39
2095 -12.49 -5.79
2096 -1.12 -8.71
2097 -7.75 -14.23
2098 -1.26 -36.65
2099 -28.02 -6.24
2100 -8.67 -3.14
2101 -7.02 -4.77
2102 -41.79 -31.02
2103 -44.36 -44.35
2104 -34.18 -14.68
2105 -14.4 -41.82
2106 -40.3 -23.03
2107 -41.93 -29.77
2108 -46.34 -21.02
2109 -21.94 -9.28
2110 -42.59 -42.18
2111 -31.41 -34.43
2112 -29.18 -43.71
2113 -13.88 -19.68
2114 -25.92 -30.45
2115 -33.59 -41.9
2116 -27.19 -34.6
2117 -46.14 -21.14
2118 -46.01 -21.98
2119 -17.19 -24.02
2120 -18.84 -33.19
2121 -36.75 -31.59
2122 -41.89 -39.67
2123 -41.21 -31.68
2124 -40.96 -21.75
2125 -44.45 -16.15
2126 -3.58 -17.07
2127 -13.78 -9.38
2128 -29.07 -32.77
2129 -43.74 -8.18
2130 -3.08 -35.51
2131 -23.11 -30.33
2132 -31.99 -10.8
2133 -32.78 -2.78
2134 -26.8 -31.01
2135 -44.72 -30.49
2136 -42.61 -45.65
2137 -18.84 -34.47
2138 -19.16 -18.02
2139 -39.77 -13.05
2140 -29.21 -40.64
2141 -10.72 -17.75
2142 -27.13 -32.79
2143 -46.08 -5.02
2144 -40.73 -36.72
2145 -25.24 -23.34
2146 -34.2 -43.81
2147 -35.13 -28.87
2148 -31.65 -19.19
2149 -30.72 -1.44
2150 -31.93 -11.46
2151 -37.63 -28.45
2152 -43.44 -27.54
2153 -45.56 -9.47
2154 -22.52 -43.12
2155 -36.77 -18.86
2156 -36.61 -4.73
2157 -18.05 -28.01
2158 -13.55 -44.26
2159 -33.99 -44.65
2160 -21 -7.28
2161 -31.62 -39.75
2162 -21.62 -8.2
2163 -7.91 -19.75
2164 -21.19 -6.28
2165 -45.26 -38.64
2166 -0.61 -33.65
2167 -41.71 -35.89
2168 -25.88 -44.05
2169 -40.18 -40.28
2170 -39.66 -1.4
2171 -33.66 -10.47
2172 -38.48 -9.79
2173 -7.05 -32.23
2174 -10.4 -32.55
2175 -20.36 -21.56
2176 -41.83 -11.92
2177 -0.64 -4.98
2178 -5.25 -16.46
2179 -3.26 -8.56
2180 -27.72 -6.97
2181 -40.62 -1.52
2182 -17.93 -28.33
2183 -25.38 -35.33
2184 -9.13 -43.81
2185 -25.73 -18.56
2186 -29.03 -1.79
2187 -39.1 -39.91
2188 -5.66 -1.03
2189 -14.11 -46.16
2190 -1.24 -43.59
2191 -8.51 -34.47
2192 -39.45 -43.08
2193 -40.06 -9.16
2194 -45.24 -25.22
2195 -32.19 -43.32
2196 -25.36 -25.96
2197 -7.29 -6.33
2198 -22.19 -43.29
2199 -20.62 -13.19
2200 -12.28 -11.84
2201 -13.64 -26.87
2202 -0.31 -21.83
2203 -22.87 -33.26
2204 -32.42 -5.97
2205 -2.56 -17.5
2206 -4.97 -14.19
2207 -37.79 -38.6
2208 -28.28 -24.94
2209 -30.68 -30.85
2210 -7.69 -7.04
2211 -33 -15.88
2212 -2.73 -33.05
2213 -9.86 -20.81
2214 -14.52 -24.92
2215 -36.77 -11
2216 -37.87 -26.8
2217 -1.64 -30.93
2218 -17.19 -38.18
2219 -24.68 -5.03
2220 -22.53 -30.14
2221 -24.85 -7.76
2222 -26.88 -8.02
2223 -32.96 -15.64
2224 -27.01 -8.16
2225 -15.2 -16.64
2226 -13.04 -15.22
2227 -28.79 -28.72
2228 -30.05 -43.3
2229 -21.22 -38.65
2230 -30.17 -44.58
2231 -24.38 -38.51
2232 -2.96 -21.04
2233 -39.75 -26.02
2234 -11.57 -0.68
2235 -30.82 -44.95
2236 -33.23 -34.1
2237 -42.12 -36.19
2238 -32.35 -13.12
2239 -21.28 -8.6
2240 -5.77 -39.88
2241 -8.1 -17.01
2242 -26.25 -46.33
2243 -42.63 -17.41
2244 -36.58 -9.31
2245 -34.41 -44.38
2246 -35.89 -19.75
2247 -21.31 -11.79
2248 -18.34 -19.38
2249 -20.06 -41.58
2250 -39.53 -29.91
2251 -44.54 -31.4
2252 -20.59 -25.77
2253 -38.89 -39.66
2254 -28.79 -5.94
2255 -26.34 -40.69
2256 -10.7 -15.08
2257 -14.41 -34.44
2258 -4.85 -36.96
2259 -26.79 -37.57
2260 -34.95 -41.43
2261 -14.18 -14.2
2262 -6.51 -4.36
2263 -23.74 -16.01
2264 -10.6 -24.85
2265 -35.29 -24.32
2266 -8.72 -30.65
2267 -9.42 -32.83
2268 -6.01 -9.83
2269 -43.29 -28.83
2270 -22.53 -15.32
2271 -30.4 -22.63
2272 -10.07 -13.75
2273 -31.23 -25.34
2274 -15.91 -42.44
2275 -17.39 -11.02
2276 -25.22 -3.86
2277 -35.74 -12.09
2278 -28.11 -31.74
2279 -37.11 -40.01
2280 -17.33 -38.71
2281 -2.88 -25.4
2282 -38.75 -6.58
2283 -16.41 -12.31
2284 -21.66 -44.77
2285 -13.09 -12.71
2286 -35.34 -24.71
2287 -38.47 -24.02
2288 -2.36 -25.94
2289 -1.9 -22.7
2290 -33.73 -18.27
2291 -2.65 -19.3
2292 -31.39 -39.47
2293 -24.21 -38.39
2294 -31.4 -12.5
2295 -31.73 -41.85
2296 -20.25 -29.26
2297 -35.84 -34.62
2298 -27.45 -12.01
2299 -37.3 -5.25
2300 -45.48 -2.11
2301 -7.35 -30.91
2302 -7.93 -33.83
2303 -40.29 -45.82
2304 -2.04 -37.81
2305 -36.6 -42.19
2306 -14.49 -35.77
2307 -8.77 -39.25
2308 -11.17 -26.41
2309 -19.43 -13.5
2310 -8.35 -23.09
2311 -5.35 -31.69
2312 -19.31 -28.61
2313 -21.14 -21.71
2314 -7.49 -27.28
2315 -9.91 -38.96
2316 -22.87 -5.97
2317 -20.32 -17.26
2318 -43.6 -11.33
2319 -29.66 -13.61
2320 -36.33 -45.65
2321 -14.94 -19.27
2322 -39.04 -3.82
2323 -10.75 -23.71
2324 -37.22 -30.73
2325 -34.35 -30.19
2326 -14.88 -45.57
2327 -7.7 -20.22
2328 -41.94 -14.71
2329 -22.51 -28.84
2330 -1.32 -2.43
2331 -8.4 -32.42
2332 -30.21 -24.2
2333 -16.05 -28.73
2334 -22.86 -26.81
2335 -25.46 -26.23
2336 -45.5 -12.19
2337 -43.54 -40.41
2338 -44.64 -18.07
2339 -29.32 -34.81
2340 -18 -34.86
2341 -13.96 -16.67
2342 -36.9 -13.4
2343 -28.11 -21.66
2344 -31.03 -12.36
2345 -14.79 -3.62
2346 -16.57 -32.35
2347 -37.07 -3.71
2348 -12.96 -27.3
2349 -7.11 -33.64
2350 -12.88 -35.83
2351 -28.54 -13.1
2352 -34.03 -38.9
2353 -9.97 -5.6
2354 -40.42 -31.67
2355 -0.06 -39.3
2356 -36.49 -38.94
2357 -5.35 -14.02
2358 -16.2 -26.39
2359 -38.75 -33.46
2360 -17.61 -27.75
2361 -40.63 -34.06
2362 -37.78 -14.7
2363 -42 -11.22
2364 -44.87 -3.74
2365 -20.09 -29.63
2366 -42.73 -38.27
2367 -30.17 -29.16
2368 -15.28 -10.28
2369 -41.96 -20.67
2370 -40.49 -36.22
2371 -28.17 -22.54
2372 -17.08 -29.98
2373 -36.9 -33.52
2374 -0.5 -33.28
2375 -41.56 -9.17
2376 -43.24 -45.63
2377 -13.33 -35.19
2378 -46.41 -14.54
2379 -45.8 -8.33
2380 -37.97 -24.8
2381 -16.07 -46.42
2382 -28.58 -14.22
2383 -24.51 -26.77
2384 -0.44 -24.38
2385 -13.61 -46.99
2386 -22.53 -21.45
2387 -31.95 -41.78
2388 -8.82 -20.13
2389 -6.41 -21.85
2390 -11.55 -36.84
2391 -35.48 -28.49
2392 -16.68 -7.79
2393 -2.85 -29.33
2394 -18.19 -16.1
2395 -40.9 -1.65
2396 -1.07 -36.68
2397 -3.9 -37.5
2398 -17.27 -10.17
2399 -34.56 -8.93
2400 -8.92 -45.23
2401 -19.68 -28.69
2402 -23.47 -11.97
2403 -32.1 -4.63
2404 -7.01 -12.81
2405 -2.65 -19.04
2406 -0.53 -46.08
2407 -34.39 -18.65
2408 -0.99 -17.22
2409 -13.84 -37.24
2410 -38.89 -19.18
2411 -36.38 -35.26
2412 -25.76 -20.49
2413 -30.66 -40.28
2414 -29.74 -43.03
2415 -41.26 -45.74
2416 -27.43 -38.66
2417 -31.16 -41.46
2418 -26.62 -31.42
2419 -44.23 -16.26
2420 -35.3 -14.15
2421 -13.23 -27.41
2422 -26.58 -16.36
2423 -33.58 -0.62
2424 -37.86 -27.57
2425 -27.27 -27.94
2426 -16.2 -10.27
2427 -30.76 -16.65
2428 -37.46 -41.97
2429 -18.52 -41.95
2430 -21.21 -20.2
2431 -39.38 -12.79
2432 -34.77 -1.65
2433 -13.59 -23.54
2434 -39.81 -14.39
2435 -28.54 -38.35
2436 -18.76 -8.63
2437 -24.99 -41.77
2438 -22.91 -45.34
2439 -6.44 -39.09
2440 -20.03 -41.29
2441 -4.57 -14.23
2442 -30.89 -36.24
2443 -11.73 -15.85
2444 -38.32 -1.87
2445 -2.59 -30.25
2446 -23.56 -12.54
2447 -14.19 -41.97
2448 -18.52 -11.34
2449 -25.73 -27.78
2450 -46.65 -38.85
2451 -28 -34.8
2452 -29.57 -18.41
2453 -44.28 -33.52
2454 -6.13 -33.01
2455 -27.3 -31.24
2456 -45.47 -26.17
2457 -42.93 -12.39
2458 -28.25 -9.88
2459 -11.75 -35.18
2460 -18.43 -19.57
2461 -32.11 -14.34
2462 -36.84 -42
2463 -6.34 -26.82
2464 -35.13 -35.88
2465 -8.25 -12.59
2466 -0.39 -34.78
2467 -33.72 -36.25
2468 -3.29 -10.49
2469 -43.5 -11.52
2470 -42.76 -9.43
2471 -16.12 -4.32
2472 -16.72 -21.75
2473 -31.64 -39.57
2474 -27.75 -44.97
2475 -45.06 -23.91
2476 -18.78 -46.18
2477 -21.7 -10.7
2478 -18.04 -8.62
2479 -44.5 -8.56
2480 -21.16 -6.17
2481 -21.48 -5.75
2482 -22.52 -2.07
2483 -12.56 -35.72
2484 -0.24 -25.82
2485 -15.77 -9.06
2486 -13.39 -23.52
2487 -45.27 -31.89
2488 -24.46 -10.63
2489 -8.6 -10.43
2490 -14.87 -32.73
2491 -12.43 -34.18
2492 -44.88 -33.65
2493 -22.79 -34.14
2494 -23.22 -43.45
2495 -2.62 -0.81
2496 -6.56 -44.38
2497 -46.46 -4.62
2498 -40.34 -9.6
2499 -15.94 -39.54
2500 -29.13 -21.1
2501 -44.62 -31.71
2502 -16.6 -23.04
2503 -33.67 -23.42
2504 -14.37 -21.58
2505 -7.31 -22.79
2506 -9.97 -29.24
2507 -43.41 -19.75
2508 -34.41 -35.38
2509 -31.83 -19.2
2510 -20.01 10.63
2511 -35.54 14.97
2512 -0.12 7.09
2513 -44.22 15.52
2514 -8.06 40.46
2515 -14.57 13.16
2516 -44.88 37.19
2517 -13.23 39.71
2518 -43.65 14.48
2519 -16.59 46.9
2520 -22.69 11.03
2521 -20.79 23.9
2522 -24.17 13.19
2523 -29.09 17.21
2524 -16.93 11.58
2525 -22.22 41.44
2526 -9.41 17.47
2527 -24.56 10.76
2528 -26.28 9.53
2529 -30.52 2.3
2530 -15.47 34.34
2531 -5.06 25.61
2532 -45.84 13.35
2533 -8.35 18.29
2534 -45.72 42.5
2535 -34.05 24.94
2536 -29.37 1.93
2537 -42.64 35.36
2538 -5.57 6.54
2539 -18.13 24.73
2540 -19.17 3.03
2541 -20.5 20.87
2542 -31.63 9.11
2543 -46.16 25.58
2544 -27.89 38.43
2545 -6.29 10.2
2546 -35.81 43.36
2547 -37.23 11.35
2548 -10.17 15.18
2549 -10.68 45.58
2550 -4.05 36.41
2551 -38.34 25.25
2552 -13.61 13.94
2553 -20.48 33.99
2554 -39.24 46.71
2555 -2.74 19.13
2556 -40 38.94
2557 -28.57 3.76
2558 -9.86 24.63
2559 -43.58 8.25
2560 -18.46 37.75
2561 -14.63 2.88
2562 -41.75 34.79
2563 -2.97 32.38
2564 -30.97 4.92
2565 -41.33 41.17
2566 -19.42 15.54
2567 -29.48 13.2
2568 -27.71 33.04
2569 -32.75 2.96
2570 -2.62 19.95
2571 -39.41 16.01
2572 -19.77 42.62
2573 -0.78 20.98
2574 -29.24 10.15
2575 -0.91 44.36
2576 -0.24 28.22
2577 -43.53 43.06
2578 -28.45 42
2579 -27.44 46.51
2580 -21.2 39.94
2581 -8.48 2.3
2582 -15.5 40.63
2583 -7.19 18.48
2584 -1.96 23.73
2585 -24.2 20.46
2586 -36.47 4.58
2587 -0.21 16.62
2588 -18.12 36.76
2589 -46.91 0.99
2590 -25.87 27.88
2591 -9.1 28.34
2592 -4.93 26.12
2593 -1.64 5.64
2594 -32.67 33.38
2595 -6.84 9.6
2596 -11.9 6.87
2597 -28.02 42.84
2598 -14.32 7.92
2599 -31.65 15.73
2600 -36.19 16.28
2601 -1.39 36.38
2602 -6 6.18
2603 -23.46 1.6
2604 -30.11 4.64
2605 -32.53 3.9
2606 -12.76 8.98
2607 -15.62 22.15
2608 -8.31 17.69
2609 -31.59 44.78
2610 -7.39 21.5
2611 -8.9 38.43
2612 -34.27 46.81
2613 -7.74 36.92
2614 -5.66 29.11
2615 -25.92 19.91
2616 -9.29 22.37
2617 -28.56 27.31
2618 -9.43 42.81
2619 -0.46 32.54
2620 -36.44 20.06
2621 -9.56 32.99
2622 -35.66 2.21
2623 -19.9 25.19
2624 -3.49 24.5
2625 -46 32.02
2626 -23.45 10.88
2627 -10.7 7.9
2628 -25.35 38.25
2629 -0.88 45.96
2630 -18.87 11.53
2631 -33.9 26.8
2632 -34.63 28.17
2633 -23.98 42.98
2634 -28.53 44.06
2635 -44.64 24.44
2636 -37.95 45.49
2637 -28.22 7.21
2638 -12.92 7.14
2639 -31.64 28.65
2640 -13.67 16.41
2641 -7.82 30.64
2642 -19.07 17.64
2643 -36.41 46.04
2644 -45 44.42
2645 -36.47 37.3
2646 -44.62 16.87
2647 -25.56 23.37
2648 -46.88 32.26
2649 -9.84 2.55
2650 -7.51 8.93
2651 -7.42 7.49
2652 -14.7 25.99
2653 -13.65 35.65
2654 -44.82 8.14
2655 -24.55 45.29
2656 -9.45 11.49
2657 -29.13 32.37
2658 -31.41 9.04
2659 -6.46 18.55
2660 -36.37 9.93
2661 -26.81 42.93
2662 -46.83 33.99
2663 -19.25 5.37
2664 -35.44 27.23
2665 -36.16 9.62
2666 -17.11 23.48
2667 -29.99 24.1
2668 -40.27 12.33
2669 -20.47 43.64
2670 -22.45 38.09
2671 -2.58 45.02
2672 -10.92 12.42
2673 -21.47 12.24
2674 -11.31 22.85
2675 -32.79 8.45
2676 -31.91 0.68
2677 -15.19 40.12
2678 -26.01 31.74
2679 -11.97 14.97
2680 -24.59 41.98
2681 -18.46 28.65
2682 -5.75 41.7
2683 -7.03 28.97
2684 -25.61 46.03
2685 -37.12 27.5
2686 -6.04 28.58
2687 -41 20.23
2688 -12.99 44.48
2689 -20.34 15.47
2690 -4.45 24.3
2691 -5.5 33.65
2692 -26.77 36.36
2693 -1.62 20.69
2694 -35.66 33.3
2695 -28.28 41.11
2696 -22.76 13.25
2697 -35.47 27.26
2698 -9.23 9.03
2699 -8.06 23.02
2700 -31.04 15.36
2701 -43.94 25.71
2702 -26.46 17.61
2703 -15.09 37.95
2704 -33.94 39.45
2705 -44.27 15.95
2706 -2.6 38.39
2707 -8.27 2.77
2708 -3.98 9.89
2709 -43.2 9.89
2710 -4 20.17
2711 -33.42 5
2712 -32.27 7.28
2713 -16.32 2.42
2714 -25.44 41.5
2715 -37.39 4.9
2716 -30.61 37.01
2717 -7.62 34.33
2718 -5.8 10.07
2719 -30.04 22.71
2720 -38.67 20.27
2721 -11.66 27.31
2722 -10.6 21.79
2723 -31.69 19.94
2724 -10.35 14.59
2725 -34.76 8.41
2726 -13.41 41.88
2727 -2.16 1.7
2728 -4.12 26.2
2729 -1.23 18.48
2730 -23.39 10.09
2731 -0.1 38.62
2732 -25.95 34.52
2733 -25.12 7.72
2734 -30.43 12.28
2735 -32.55 8.16
2736 -16 2.62
2737 -24.42 24.73
2738 -25.19 26.6
2739 -21.71 36.63
2740 -45.04 35.55
2741 -30.43 9.47
2742 -11.18 38.97
2743 -18.18 13.11
2744 -31.6 42.82
2745 -33.43 19.41
2746 -38.55 35.51
2747 -3.55 33.53
2748 -21.77 17.5
2749 -10.3 28.67
2750 -17.36 32.73
2751 -35.35 42.85
2752 -20.59 13.88
2753 -40.48 40.29
2754 -29.92 45.78
2755 -14.85 15.2
2756 -5.19 8.48
2757 -27.98 45.28
2758 -11.4 43.89
2759 -39.72 46.16
2760 -46.09 23.52
2761 -39.55 6.67
2762 -40.21 37.64
2763 -35.66 43.1
2764 -5.3 42.5
2765 -28.23 26.49
2766 -22.34 22.66
2767 -17.06 44.11
2768 -37.4 23.45
2769 -2.76 38.06
2770 -33.78 0.85
2771 -36.85 17.61
2772 -43.42 38.98
2773 -35.87 17.83
2774 -44.51 35.34
2775 -11.86 9.11
2776 -15.79 24.12
2777 -42.28 4.41
2778 -28.03 36.52
2779 -32.02 11.47
2780 -37.96 33.33
2781 -36.51 40.78
2782 -37.89 13.3
2783 -17.28 6.57
2784 -44.64 8.81
2785 -9.66 20.04
2786 -37.65 31.42
2787 -23.4 27.04
2788 -44.87 34.07
2789 -22.41 39.8
2790 -29.43 22.91
2791 -0.03 14.79
2792 -46.72 25.74
2793 -15.26 42.32
2794 -6.79 27.76
2795 -41.61 27.81
2796 -21.59 44.75
2797 -38.57 31.13
2798 -18.22 40
2799 -1.81 8.85
2800 -28.89 15.86
2801 -27.81 39
2802 -19.04 0.07
2803 -14.66 4.21
2804 -24.53 44.43
2805 -20.34 17.6
2806 -32.39 6.97
2807 -32.71 20.38
2808 -15.7 12.64
2809 -20.92 28.5
2810 -9.31 3.01
2811 -28.28 15.53
2812 -27.18 11.42
2813 -4.42 19.85
2814 -9.23 45.41
2815 -14.27 33.75
2816 -25.75 18.64
2817 -18.71 42.08
2818 -26.82 44.79
2819 -22.75 33.38
2820 -31.5 31.87
2821 -19.36 43.09
2822 -16.47 16.89
2823 -10.05 5.08
2824 -14.1 12.69
2825 -43.22 30.97
2826 -46.51 3.93
2827 -15.35 24.5
2828 -44.36 7.21
2829 -5.62 0.29
2830 -34.04 34.11
2831 -5.75 0.42
2832 -23.02 40.32
2833 -18.63 24.47
2834 -38.37 30.36
2835 -15.24 41.38
2836 -37.48 22.87
2837 -20.28 34.6
2838 -20.2 34.47
2839 -27.69 30.34
2840 -41.83 34.3
2841 -18.75 23.91
2842 -28.94 21.86
2843 -29.08 14.62
2844 -14.91 26.3
2845 -13.41 34.7
2846 -35.12 29.48
2847 -3.32 46.68
2848 -24.15 38.67
2849 -22.03 21.95
2850 -16.34 43.04
2851 -46.43 37.27
2852 -24.88 34.34
2853 -2.33 19.72
2854 -30.58 25.6
2855 -40.43 10.54
2856 -34.46 5.93
2857 -27.8 12.18
2858 -26.81 43.92
2859 -23.22 9.88
2860 -25.1 22.24
2861 -32.24 17.15
2862 -16.83 13.23
2863 -4.9 35.56
2864 -38.04 21.51
2865 -45.07 26.93
2866 -44.73 34.9
2867 -2.76 44.51
2868 -44.75 3.13
2869 -28.73 5.09
2870 -15.64 8.85
2871 -14.78 2.68
2872 -14.87 30.62
2873 -27.54 42.58
2874 -32.98 22.2
2875 -24.96 31.28
2876 -28.95 11.09
2877 -4.84 37.73
2878 -6.81 26.3
2879 -28.33 9.74
2880 -17.19 44.85
2881 -32.75 26.41
2882 -4.44 42.44
2883 -45.57 35.51
2884 -21.13 2.19
2885 -11.04 7.83
2886 -10.51 17.29
2887 -28.43 6.34
2888 -29.45 5.9
2889 -28.1 8.97
2890 -20.77 15.43
2891 -26.52 33.59
2892 -24.32 30.24
2893 -9.54 31.36
2894 -21.62 31.13
2895 -9.51 18.4
2896 -44.81 19.34
2897 -14.78 42.26
2898 -11.3 2.25
2899 -31.96 40.88
2900 -1.71 12.95
2901 -30.24 23.52
2902 -29.86 39.74
2903 -45.65 11.67
2904 -1.16 12.31
2905 -27.75 7.27
2906 -40.86 21.93
2907 -32.69 34.79
2908 -19.16 45.7
2909 -10.36 22.75
2910 -41.15 21.3
2911 -40.64 19.87
2912 -42.65 19.48
2913 -2.25 35.95
2914 -29.83 6.95
2915 -19.9 34.21
2916 -38.25 12.06
2917 -4.8 30.66
2918 -42.33 21.12
2919 -33.43 30.97
2920 -38.25 24.01
2921 -26.46 41.7
2922 -29.5 12.63
2923 -11.34 12.15
2924 -34.91 29.18
2925 -3.48 2.22
2926 -22.09 9.58
2927 -29.07 24.65
2928 -13.6 45.26
2929 -5.22 11.84
2930 -46.06 23.95
2931 -36.01 5.64
2932 -36.31 17.83
2933 -38.95 21.33
2934 -5.31 12.16
2935 -36.18 5.91
2936 -28.13 24.08
2937 -36.71 15.64
2938 -8.32 10.63
2939 -20.33 28.57
2940 -30.79 43.23
2941 -5.81 23.82
2942 -1.47 33.4
2943 -31.67 15.4
2944 -27.25 42.59
2945 -19.54 36.89
2946 -23.05 6.83
2947 -24.66 36.07
2948 -37.92 39.88
2949 -32.57 44.14
2950 -3.05 43.23
2951 -20.31 2.27
2952 -17.91 31.18
2953 -22.34 37.55
2954 -19.12 6.75
2955 -2.98 23.19
2956 -0.01 2.92
2957 -36.32 36.32
2958 -4.72 29
2959 -5.11 20.99
2960 -38.4 31.97
2961 -19.32 5.17
2962 -41.24 41.98
2963 -34.86 43.99
2964 -41.13 12.69
2965 -36.44 0.95
2966 -3.22 24.7
2967 -8.88 9.76
2968 -0.31 1.66
2969 -8.41 11.74
2970 -34.94 46.95
2971 -2.87 11.4
2972 -28.24 15.47
2973 -25 19.72
2974 -21.23 32.96
2975 -45.46 10.63
2976 -15.81 12.64
2977 -7.62 17.78
2978 -14.77 37.57
2979 -3.26 23
2980 -23.96 36.42
2981 -14.12 39.71
2982 -29.99 7.7
2983 -9.36 23.01
2984 -15.27 10.82
2985 -10.77 17.78
2986 -9.7 30.73
2987 -26.73 41.17
2988 -13.89 37.94
2989 -23.9 4.73
2990 -42.88 35.12
2991 -28.28 22.36
2992 -20.67 11.69
2993 -29.79 16.42
2994 -19.95 35.44
2995 -24.87 33.05
2996 -6.28 24.43
2997 -32.13 38.99
2998 -42.52 16.79
2999 -27.61 41.5
3000 -39.8 38.32
3001 -22.05 18.91
3002 -13.08 2.5
3003 -40.44 29.3
3004 -14.55 7.49
3005 -23.13 44.86
3006 -0.75 10.44
3007 -22.13 4.42
3008 -1.36 21.42
3009 -37.38 4.92
3010 -18.5 21.31
3011 -45.74 42.77
3012 -15.29 5.3
3013 -22.1 11.4
3014 -33.42 10.81
3015 -29.65 30.23
3016 -2.14 26.22
3017 -28.72 32.23
3018 -14.53 42.74
3019 -30.75 2.68
3020 -28.06 29.09
3021 -39.53 6.89
3022 -38.83 28.81
3023 -30.75 42.18
3024 -27.63 40.19
3025 -42.03 21.14
3026 -16.91 26.65
3027 -31.95 21.29
3028 -32.69 32.2
3029 -23.54 34.57
3030 -17.81 19.11
3031 -25.85 33.71
3032 -18.94 0.47
3033 -23.74 7.57
3034 -37.77 33.48
3035 -43.09 7.49
3036 -41.9 18.84
3037 -28.17 35.62
3038 -11.32 33.73
3039 -7.45 11.93
3040 -33.07 38.95
3041 -18.6 30
3042 -4.29 30.5
3043 -43.23 31.08
3044 -18.65 17.51
3045 -17.14 0.29
3046 -34 16.98
3047 -44.98 43
3048 -31.09 33.47
3049 -19.95 2.24
3050 -9.73 21.87
3051 -21.23 43.56
3052 -32.18 4.64
3053 -18.89 2.4
3054 -41.85 43.5
3055 -15.98 26.34
3056 -36.86 8.44
3057 -38.95 15.1
3058 -46.18 41.16
3059 -39.19 15.7
3060 -15.99 45.36
3061 -42.86 9.33
3062 -5.33 30.51
3063 -16.98 21.36
3064 -23.6 36.43
3065 -38.82 17.45
3066 -14.01 33.34
3067 -18.5 40.57
3068 -42.97 26.71
3069 -3.74 17.91
3070 -24.78 18.35
3071 -26.79 19.72
3072 -34.82 14.64
3073 -8.8 18.74
3074 -14.96 14.53
3075 -12.89 0.99
3076 -37.85 11.47
3077 -41.99 8.75
3078 -30.12 43.18
3079 -13.13 39.49
3080 -9.95 34.24
3081 -1.1 4.95
3082 -26.04 4.48
3083 -31.2 19.6
3084 -37.52 2.54
3085 -20.89 34.94
3086 -35.18 15.3
3087 -10.46 0.68
3088 -46.95 3.52
3089 -18.05 19.27
3090 -0.78 14.91
3091 -26.39 30.94
3092 -20.22 38.63
3093 -15.34 1.9
3094 -21.91 30.86
3095 -18.1 28.47
3096 -13.95 31.86
3097 -16.87 19.21
3098 -19.33 39.99
3099 -42.53 1.07
3100 -16.53 37.37
3101 -5.67 16.42
3102 -44.63 4.71
3103 -8.23 16.14
3104 -15.93 44.58
3105 -12.49 26.29
3106 -37.75 44.23
3107 -16.39 19.4
3108 -1.82 10.97
3109 -22.35 12.25
3110 -40.72 23.74
3111 -36.12 20.98
3112 -40.19 35.19
3113 -8.71 5.99
3114 -7.06 12.52
3115 -30.42 31.76
3116 -1.19 4.11
3117 -36.34 36.09
3118 -32.75 45.82
3119 -23.92 44.58
3120 -4.39 29.2
3121 -6.96 36.41
3122 -36.34 22.66
3123 -14.16 3.87
3124 -16.12 38.16
3125 -42.42 36.51
3126 -10.49 37.36
3127 -25.56 31.55
3128 -37.54 31.2
3129 -24.25 34.27
3130 -19.03 25.13
3131 -9.76 7.67
3132 -24.28 0.74
3133 -27.08 46.11
3134 -43.69 37.56
3135 -0.28 4
3136 -20.94 28.6
3137 -4.26 7.24
3138 -11.11 37.8
3139 -9.48 18.42
3140 -35.46 7.75
3141 -45.12 4.91
3142 -16.98 26.47
3143 -10.68 23.68
3144 -38.47 35.04
3145 -40.69 34.93
3146 -23.12 10.5
3147 -38.77 3.46
3148 -2.57 0.4
3149 -37.96 18.85
3150 -3.38 26.78
3151 -8.38 38.25
3152 -26.01 24.32
3153 -42.64 40.16
3154 -39.11 17.65
3155 -25.4 5.12
3156 -37.55 27.57
3157 -34.56 4.04
3158 -27.72 7.53
3159 -42.58 45.24
3160 -13.69 19.19
3161 -10.22 36.27
3162 -20.25 17.33
3163 -17.74 1.99
3164 -1.36 22.82
3165 -2.6 36.22
3166 -7.99 32.26
3167 -37.1 38.5
3168 -31.67 34.01
3169 -32.18 32.74
3170 -37.87 4.3
3171 -12.39 38.1
3172 -42.15 28.42
3173 -16.48 46.95
3174 -25.72 3.39
3175 -22.59 12.06
3176 -28.85 39.41
3177 -9.75 13.33
3178 -42.84 2.11
3179 -5.45 8.01
3180 -24.75 24.72
3181 -9.99 8.06
3182 -46.56 32.75
3183 -0.28 0.09
3184 -32.84 11.75
3185 -16.05 32.46
3186 -4.08 4.23
3187 -13.17 28.44
3188 -28.4 46.23
3189 -2.63 29.65
3190 -41.71 34.64
3191 -27.05 5.74
3192 -46.59 4.09
3193 -33.72 17.32
3194 -5.85 22.95
3195 -0.67 39.17
3196 -27.75 30.61
3197 -16.36 10.66
3198 -38.28 7.84
3199 -19.59 44.16
3200 -10.14 4.64
3201 -8.87 16.17
3202 -25.13 14.22
3203 -13.46 22.04
3204 -4.7 34.05
3205 -21.69 43.61
3206 -29.87 26.93
3207 -11.54 29.27
3208 -46.59 29.46
3209 -5.41 45.26
3210 -17.96 32.97
3211 -16.58 33.6
3212 -24.79 45.71
3213 -6.55 13.46
3214 -10.62 16.07
3215 -20.71 6.67
3216 -22.84 1.28
3217 -15.5 10.1
3218 -12.66 28.49
3219 -15.55 9.48
3220 -6.09 44.88
3221 -5.34 37.24
3222 -19.51 16.48
3223 -45.94 16.88
3224 -42.67 46.63
3225 -32.6 31.87
3226 -18.48 13.63
3227 -39.86 29.7
3228 -43.16 43.27
3229 -12.34 26.94
3230 -14.13 34.3
3231 -35.58 13.57
3232 -4.19 36.97
3233 -18.46 31.6
3234 -41.09 16.85
3235 -14.74 14.53
3236 -4.78 27.7
3237 -44.19 20.08
3238 -17.48 24.29
3239 -23.92 23.65
3240 -8.53 13.15
3241 -7.3 37.04
3242 -19.74 27.01
3243 -23.28 27.69
3244 -35.15 43.42
3245 -30.72 16.14
3246 -10.23 2.28
3247 -19.77 46.82
3248 -31.43 41.94
3249 -11.79 18.75
3250 -33.29 6.04
3251 -33.74 7.05
3252 -7.65 38.07
3253 -42.88 11.45
3254 -35.11 5.66
3255 -46.33 0.33
3256 -37.37 43.64
3257 -23.65 34.16
3258 -14.85 10.12
3259 -34.06 27.45
3260 -24.11 3
3261 -32.8 45.31
3262 -45.13 14.86
3263 -9.8 5.57
3264 -24.32 10.08
3265 -16.12 2.11
3266 -36.69 10.61
3267 -1.68 30.39
3268 -41.84 24.86
3269 -30.52 25.09
3270 -25.42 29.95
3271 -26.59 29.86
3272 -44.54 15.79
3273 -6.43 30.76
3274 -38.73 12.39
3275 -42.91 40.5
3276 -38.81 43.36
3277 -11.22 28.71
3278 -34.28 17.46
3279 -27.55 1.54
3280 -3.66 39.12
3281 -2.74 24.19
3282 -7.58 20.87
3283 -45.73 31.94
3284 -10.03 2.43
3285 -12.9 29.26
3286 -39.64 15.97
3287 -31.77 20.02
3288 -31.3 37.18
3289 -30.09 38.2
3290 -12.22 23.04
3291 -46.92 6.52
3292 -15.75 4.03
3293 -21.5 38.67
3294 -40.21 30.55
3295 -22.67 29.57
3296 -6.76 24.39
3297 -45.26 5.93
3298 -18.4 41.87
3299 -44.3 44
3300 -6.78 8.95
3301 -24.93 37.72
3302 -10.74 26.94
3303 -44.64 9.7
3304 -28.42 42.05
3305 -45.61 8.25
3306 -42.29 40.65
3307 -25.2 26.05
3308 -17.72 11.04
3309 -22.11 27.22
3310 -9.79 10.94
3311 -15.85 25.3
3312 -31.24 44.08
3313 -38.95 14.12
3314 -38.64 2.64
3315 -11.59 16.77
3316 -7.49 25.94
3317 -33.4 36.52
3318 -26.74 45.76
3319 -21.33 11.56
3320 -19.81 8.17
3321 -29.34 19.94
3322 -26.51 42.62
3323 -34.18 7.54
3324 -34.77 44.24
3325 -35.7 9.29
3326 -34.59 25.08
3327 -22.16 4.55
3328 -46.19 46.35
3329 -1.99 14.11
3330 -30.88 18.35
3331 -24.81 41.11
3332 -11.15 18.9
3333 -17.66 11.21
3334 -22.77 18.42
3335 -26.59 38.99
3336 -39.45 23.1
3337 -46.24 36.45
3338 -43.99 18.96
3339 -43.72 33.42
3340 -42.71 12.28
3341 -17.89 32.42
3342 -17.5 10.83
3343 -10.18 40.05
3344 -34.69 16.69
3345 -15.57 39.7
3346 -33.81 46.09
3347 -35.8725 -28.7525
3348 -36.8725 -29.9725
3349 -36.8725 -40.7125
3350 -40.8725 -33.3525
3351 -26.8725 -47.4125
3352 -25.8725 -43.7725
3353 -43.8725 -26.1625
3354 -35.8725 -27.0925
3355 -43.8725 -38.1025
3356 -22.8725 -45.6225
3357 -28.8725 -41.1425
3358 -33.8725 -29.9125
3359 -29.8725 -41.7325
3360 -34.8725 -47.8425
3361 -36.8725 -27.4325
3362 -38.8725 -32.4025
3363 -43.8725 -28.6725
3364 -33.8725 -31.9025
3365 -46.8725 -22.9625
3366 -32.8725 -46.8525
3367 -29.8725 -31.5725
3368 -39.8725 -43.9925
3369 -22.8725 -46.4025
3370 -39.8725 -37.9225
3371 -35.8725 -46.0125
3372 -26.8725 -47.3625
3373 -38.8725 -26.7025
3374 -22.8725 -44.8225
3375 -46.8725 -23.8225
3376 -45.8725 -30.0525
3377 -26.8725 -47.2425
3378 -32.8725 -40.3025
3379 -37.8725 -34.1625
3380 -31.8725 -41.1425
3381 -46.8725 -47.2725
3382 -36.8725 -28.8225
3383 -25.8725 -46.4725
3384 -30.8725 -41.9225
3385 -28.8725 -39.2425
3386 -45.8725 -39.7625
3387 -40.8725 -24.2425
3388 -35.8725 -38.7525
3389 -39.8725 -39.7425
3390 -28.8725 -37.2025
3391 -47.8725 -40.0925
3392 -46.8725 -28.1625
3393 -36.8725 -44.5225
3394 -25.8725 -43.6225
3395 -25.8725 -38.4825
3396 -37.8725 -42.6625
3397 -24.8725 -41.6125
3398 -31.8725 -37.9425
3399 -29.8725 -38.6425
3400 -29.8725 -31.8225
3401 -38.8725 -39.0925
3402 -29.8725 -38.9925
3403 -27.8725 -40.5725
3404 -36.8725 -47.0925
3405 -30.8725 -35.1725
3406 -29.8725 -46.2125
3407 -43.8725 -33.3625
3408 -34.8725 -42.4525
3409 -33.8725 -31.1725
3410 -34.8725 -30.9425
3411 -46.8725 -36.1725
3412 -37.8725 -32.2725
3413 -25.8725 -40.4225
3414 -26.8725 -40.7325
3415 -35.8725 -32.4625
3416 -44.8725 -45.3225
3417 -38.8725 -33.0025
3418 -33.8725 -41.7025
3419 -44.8725 -35.9025
3420 -37.8725 -29.2325
3421 -38.8725 -46.4125
3422 -35.8725 -44.1925
3423 -22.8725 -47.6725
3424 -41.8725 -42.5125
3425 -33.8725 -26.5825
3426 -46.8725 -25.8825
3427 -26.8725 -40.4025
3428 -32.8725 -47.4025
3429 -31.8725 -37.7525
3430 -38.8725 -38.2625
3431 -22.8725 -45.5525
3432 -47.8725 -43.1125
3433 -36.8725 -46.2325
3434 -33.8725 -25.9925
3435 -28.8725 -36.4525
3436 -38.8725 -29.5425
3437 -41.8725 -44.5225
3438 -30.8725 -39.5025
3439 -22.8725 -42.2425
3440 -24.8725 -39.4225
3441 -25.8725 -34.3325
3442 -43.8725 -47.4325
3443 -33.8725 -42.3225
3444 -34.8725 -28.4125
3445 -42.8725 -45.8225
3446 -38.8725 -32.6325
3447 -34.8725 -30.5925
3448 -34.8725 -42.2625
3449 -45.8725 -36.4025
3450 -32.8725 -47.2925
3451 -42.8725 -27.3325
3452 -22.8725 -41.0625
3453 -47.8725 -34.4325
3454 -29.8725 -33.9025
3455 -28.8725 -31.9125
3456 -32.8725 -30.8425
3457 -31.8725 -30.9625
3458 -38.8725 -25.3125
3459 -32.8725 -46.4425
3460 -36.8725 -25.1725
3461 -25.8725 -34.7325
3462 -46.8725 -39.9825
3463 -41.8725 -26.3925
3464 -37.8725 -47.4825
3465 -26.8725 -47.3525
3466 -40.8725 -36.9925
3467 -45.8725 -45.4725
3468 -36.8725 -29.8725
3469 -47.8725 -25.4825
3470 -43.8725 -40.9225
3471 -26.8725 -34.4225
3472 -39.8725 -45.9725
3473 -31.8725 -42.8925
3474 -31.8725 -41.0025
3475 -32.8725 -46.8625
3476 -45.8725 -46.4625
3477 -23.8725 -46.8225
3478 -27.8725 -45.2525
3479 -24.8725 -42.5425
3480 -32.8725 -43.3525
3481 -38.8725 -25.8525
3482 -29.8725 -45.4425
3483 -43.8725 -26.7825
3484 -29.8725 -32.5725
3485 -39.8725 -23.9325
3486 -24.8725 -36.9925
3487 -28.8725 -44.6325
3488 -29.8725 -33.6025
3489 -47.8725 -36.5925
3490 -30.8725 -41.7225
3491 -35.8725 -45.1025
3492 -45.8725 -44.3725
3493 -47.8725 -43.4925
3494 -29.8725 -47.0025
3495 -42.8725 -32.1725
3496 -32.8725 -30.7925
3497 -41.8725 -35.5625
3498 -45.8725 -26.6825
3499 -33.8725 -46.3925
3500 -30.8725 -39.9525
3501 -27.8725 -38.6025
3502 -45.8725 -43.0625
3503 -22.8725 -47.7325
3504 -25.8725 -39.1025
3505 -40.8725 -41.6025
3506 -31.8725 -40.6225
3507 -37.8725 -38.3525
3508 -40.8725 -46.0125
3509 -31.8725 -37.4825
3510 -38.8725 -39.2125
3511 -38.8725 -42.7125
3512 -35.8725 -37.5325
3513 -38.8725 -28.5725
3514 -40.8725 -42.9625
3515 -35.8725 -35.8125
3516 -23.8725 -40.6725
3517 -30.8725 -47.1925
3518 -26.8725 -45.9925
3519 -22.8725 -46.7325
3520 -28.8725 -34.0925
3521 -38.8725 -34.2625
3522 -46.8725 -47.4125
3523 -44.8725 -36.0925
3524 -41.8725 -24.7925
3525 -38.8725 -26.7725
3526 -29.8725 -43.5625
3527 -29.8725 -34.8325
3528 -32.8725 -30.0925
3529 -24.8725 -43.6525
3530 -44.8725 -33.7425
3531 -25.8725 -34.8225
3532 -29.8725 -45.7325
3533 -43.8725 -47.4825
3534 -37.8725 -39.2625
3535 -40.8725 -40.1525
3536 -38.8725 -35.9225
3537 -34.8725 -37.4525
3538 -36.8725 -36.3625
3539 -27.8725 -39.1025
3540 -34.8725 -36.9425
3541 -38.8725 -39.5025
3542 -47.8725 -24.6925
3543 -34.8725 -29.4625
3544 -39.8725 -43.1125
3545 -34.8725 -34.7025
3546 -25.8725 -45.9125
3547 -30.8725 -32.0725
3548 -45.8725 -26.8625
3549 -44.8725 -34.2325
3550 -47.8725 -31.6225
3551 -29.8725 -30.8225
3552 -41.8725 -30.6525
3553 -24.8725 -43.7425
3554 -22.8725 -43.1625
3555 -35.8725 -32.0325
3556 -25.8725 -38.5725
3557 -24.8725 -36.4625
3558 -45.8725 -46.7325
3559 -31.8725 -35.3925
3560 -24.8725 -46.3725
3561 -22.8725 -44.5025
3562 -29.8725 -43.4725
3563 -36.8725 -39.2725
3564 -34.8725 -28.9925
3565 -37.8725 -32.8025
3566 -44.8725 -25.2225
3567 -23.8725 -40.0225
3568 -36.8725 -29.2425
3569 -45.8725 -34.2325
3570 -33.8725 -32.9425
3571 -47.8725 -44.3625
3572 -34.8725 -36.1425
3573 -33.8725 -28.1225
3574 -36.8725 -33.0925
3575 -46.8725 -41.5325
3576 -37.8725 -38.4725
3577 -42.8725 -41.0925
3578 -28.8725 -42.9925
3579 -47.8725 -43.1325
3580 -38.8725 -24.2025
3581 -25.8725 -41.4525
3582 -33.8725 -36.8925
3583 -25.8725 -47.1625
3584 -27.8725 -31.5725
3585 -36.8725 -25.3925
3586 -32.8725 -33.5225
3587 -22.8725 -42.8925
3588 -33.8725 -41.9225
3589 -28.8725 -43.8825
3590 -27.8725 -42.8725
3591 -37.8725 -25.8125
3592 -22.8725 -44.3025
3593 -38.8725 -37.6525
3594 -37.8725 -36.6025
3595 -47.8725 -32.6025
3596 -25.8725 -37.5325
3597 -42.8725 -43.0925
3598 -26.8725 -42.3825
3599 -36.8725 -40.9225
3600 -43.8725 -30.9925
3601 -46.8725 -38.8425
3602 -36.8725 -29.4025
3603 -23.8725 -45.5225
3604 -31.8725 -27.5625
3605 -46.8725 -25.6725
3606 -31.8725 -35.6625
3607 -30.8725 -33.1425
3608 -43.8725 -43.7125
3609 -38.8725 -34.1125
3610 -36.8725 -38.9225
3611 -40.8725 -42.4525
3612 -39.8725 -32.1425
3613 -27.8725 -31.7225
3614 -31.8725 -45.1325
3615 -25.8725 -43.3325
3616 -43.8725 -32.3025
3617 -31.8725 -33.4925
3618 -47.8725 -22.2325
3619 -28.8725 -32.3625
3620 -38.8725 -25.2725
3621 -46.8725 -40.6025
3622 -38.8725 -42.8525
3623 -31.8725 -27.2725
3624 -27.8725 -35.8825
3625 -45.8725 -26.2125
3626 -36.8725 -23.9525
3627 -29.8725 -45.5825
3628 -22.8725 -43.5525
3629 -47.8725 -35.4825
3630 -27.8725 -33.2925
3631 -31.8725 -27.1425
3632 -26.8725 -34.3125
3633 -28.8725 -30.6325
3634 -23.8725 -43.5125
3635 -32.8725 -36.2025
3636 -34.8725 -25.8925
3637 -36.8725 -46.5725
3638 -34.8725 -27.8825
3639 -35.8725 -25.1625
3640 -44.8725 -44.0825
3641 -28.8725 -31.8925
3642 -46.8725 -31.3825
3643 -36.8725 -33.9925
3644 -47.8725 -31.6425
3645 -26.8725 -37.9525
3646 -38.8725 -29.6225
3647 -26.8725 -45.3925
3648 -28.8725 -35.5925
3649 -43.8725 -45.3425
3650 -40.8725 -25.8825
3651 -44.8725 -42.2125
3652 -33.8725 -31.1925
3653 -31.8725 -40.3625
3654 -32.8725 -46.4825
3655 -35.8725 -32.1725
3656 -27.8725 -46.7525
3657 -39.8725 -37.9425
3658 -28.8725 -45.8825
3659 -22.8725 -44.4025
3660 -39.8725 -39.7525
3661 -33.8725 -45.8025
3662 -39.8725 -43.3025
3663 -47.8725 -43.1625
3664 -45.8725 -22.0725
3665 -24.8725 -38.8425
3666 -45.8725 -42.4125
3667 -44.8725 -44.5725
3668 -31.8725 -38.7025
3669 -26.8725 -38.0225
3670 -47.8725 -42.3225
3671 -45.8725 -39.0925
3672 -32.8725 -37.1125
3673 -30.8725 -38.0625
3674 -39.8725 -41.8325
3675 -45.8725 -45.3725
3676 -30.8725 -37.6725
3677 -37.8725 -35.8025
3678 -43.8725 -27.2125
3679 -43.8725 -26.2325
3680 -67.8725 -46.3225
3681 -64.8725 -40.0925
3682 -50.8725 -42.9925
3683 -63.8725 -38.6825
3684 -64.8725 -37.9425
3685 -48.8725 -22.2125
3686 -70.8725 -45.2625
3687 -59.8725 -47.7125
3688 -64.8725 -29.1925
3689 -70.8725 -38.2225
3690 -47.8725 -27.5725
3691 -63.8725 -33.9425
3692 -67.8725 -47.6125
3693 -65.8725 -38.5925
3694 -63.8725 -36.0425
3695 -53.8725 -39.4525
3696 -47.8725 -37.2425
3697 -56.8725 -32.4325
3698 -66.8725 -45.5425
3699 -72.8725 -44.2625
3700 -60.8725 -42.6725
3701 -50.8725 -30.5925
3702 -52.8725 -39.6425
3703 -71.8725 -40.6425
3704 -70.8725 -45.4125
3705 -69.8725 -36.7125
3706 -47.8725 -43.3125
3707 -64.8725 -35.0925
3708 -65.8725 -39.7325
3709 -70.8725 -39.0925
3710 -56.8725 -27.8425
3711 -66.8725 -39.4825
3712 -50.8725 -43.4125
3713 -62.8725 -44.6525
3714 -50.8725 -25.3625
3715 -56.8725 -47.2925
3716 -62.8725 -26.7325
3717 -51.8725 -45.3025
3718 -53.8725 -47.0425
3719 -67.8725 -41.5825
3720 -50.8725 -27.6725
3721 -50.8725 -34.3025
3722 -56.8725 -27.7625
3723 -48.8725 -31.7225
3724 -54.8725 -35.9325
3725 -59.8725 -41.1325
3726 -51.8725 -32.2025
3727 -48.8725 -38.1825
3728 -60.8725 -42.8625
3729 -52.8725 -33.9125
3730 -53.8725 -44.0825
3731 -58.8725 -46.1225
3732 -50.8725 -27.9425
3733 -67.8725 -43.0425
3734 -71.8725 -44.2325
3735 -64.8725 -28.7825
3736 -56.8725 -46.2525
3737 -55.8725 -33.2125
3738 -66.8725 -37.3325
3739 -70.8725 -47.3725
3740 -57.8725 -27.6025
3741 -65.8725 -35.8925
3742 -67.8725 -33.9325
3743 -70.8725 -40.7625
3744 -60.8725 -42.2425
3745 -47.8725 -40.4025
3746 -67.8725 -41.7225
3747 -65.8725 -31.4825
3748 -53.8725 -42.8025
3749 -58.8725 -24.9825
3750 -50.8725 -25.4725
3751 -55.8725 -24.7925
3752 -47.8725 -41.7025
3753 -57.8725 -47.0725
3754 -52.8725 -34.7925
3755 -67.8725 -38.1625
3756 -68.8725 -32.2825
3757 -55.8725 -45.0125
3758 -58.8725 -34.4625
3759 -72.8725 -42.8725
3760 -57.8725 -28.3025
3761 -66.8725 -38.8525
3762 -61.8725 -43.6625
3763 -55.8725 -34.0225
3764 -47.8725 -35.1825
3765 -49.8725 -28.8325
3766 -72.8725 -44.6325
3767 -69.8725 -44.2425
3768 -54.8725 -44.9625
3769 -66.8725 -42.7125
3770 -64.8725 -34.6125
3771 -53.8725 -34.4925
3772 -52.8725 -35.7725
3773 -53.8725 -28.9725
3774 -68.8725 -38.1325
3775 -65.8725 -45.2725
3776 -54.8725 -37.9825
3777 -61.8725 -26.3125
3778 -47.8725 -31.7925
3779 -68.8725 -37.4425
3780 -64.8725 -34.2025
3781 -56.8725 -29.0125
3782 -60.8725 -32.2425
3783 -63.8725 -42.5025
3784 -59.8725 -32.9425
3785 -56.8725 -37.8225
3786 -72.8725 -44.4625
3787 -65.8725 -31.3125
3788 -52.8725 -22.1525
3789 -71.8725 -47.2825
3790 -53.8725 -42.5125
3791 -58.8725 -24.0525
3792 -52.8725 -32.0225
3793 -63.8725 -34.4725
3794 -69.8725 -35.0425
3795 -54.8725 -25.1625
3796 -59.8725 -28.0525
3797 -53.8725 -42.9425
3798 -70.8725 -46.2725
3799 -69.8725 -35.3525
3800 -54.8725 -45.5125
3801 -62.8725 -29.6225
3802 -70.8725 -45.3025
3803 -62.8725 -42.0225
3804 -57.8725 -32.0725
3805 -55.8725 -43.5525
3806 -53.8725 -35.7225
3807 -55.8725 -32.4125
3808 -65.8725 -41.3125
3809 -65.8725 -43.4125
3810 -60.8725 -31.6625
3811 -51.8725 -24.4625
3812 -66.8725 -31.5925
3813 -50.8725 -25.3525
3814 -55.8725 -43.1825
3815 -49.8725 -33.4225
3816 -54.8725 -46.6925
3817 -71.8725 -44.0025
3818 -50.8725 -30.3125
3819 -59.8725 -34.7825
3820 -49.8725 -28.6725
3821 -55.8725 -24.3125
3822 -62.8725 -41.7925
3823 -71.8725 -45.0025
3824 -66.8725 -41.4725
3825 -47.8725 -22.3125
3826 -66.8725 -41.8325
3827 -59.8725 -25.6725
3828 -65.8725 -29.5025
3829 -54.8725 -27.6325
3830 -61.8725 -42.5425
3831 -64.8725 -44.7125
3832 -52.8725 -40.4325
3833 -52.8725 -30.0825
3834 -51.8725 -38.0825
3835 -47.8725 -39.9925
3836 -60.8725 -37.0525
3837 -67.8725 -36.0125
3838 -50.8725 -26.3625
3839 -60.8725 -36.7925
3840 -58.8725 -29.2825
3841 -55.8725 -30.3025
3842 -68.8725 -42.2125
3843 -68.8725 -35.8825
3844 -56.8725 -39.3325
3845 -64.8725 -40.2525
3846 -61.8725 -37.9025
3847 -71.8725 -39.9625
3848 -48.8725 -27.0225
3849 -53.8725 -44.4225
3850 -69.8725 -40.7625
3851 -62.8725 -28.7225
3852 -66.8725 -39.5825
3853 -62.8725 -33.0325
3854 -51.8725 -22.6125
3855 -69.8725 -43.1125
3856 -67.8725 -39.2625
3857 -70.8725 -43.8625
3858 -72.8725 -46.7325
3859 -56.8725 -35.0425
3860 -70.8725 -37.5925
3861 -60.8725 -26.2625
3862 -56.8725 -24.6025
3863 -55.8725 -30.1725
3864 -65.8725 -47.6425
3865 -66.8725 -44.5925
3866 -71.8725 -38.3925
3867 -48.8725 -45.0825
3868 -67.8725 -34.9125
3869 -63.8725 -42.2525
3870 -71.8725 -42.2725
3871 -63.8725 -43.7525
3872 -66.8725 -41.1225
3873 -59.8725 -35.8625
3874 -53.8725 -29.2025
3875 -53.8725 -26.2425
3876 -70.8725 -47.0625
3877 -65.8725 -37.6225
3878 -53.8725 -41.1125
3879 -68.8725 -37.6725
3880 -64.8725 -38.7625
3881 -63.8725 -47.5025
3882 -72.8725 -41.4425
3883 -58.8725 -44.4625
3884 -58.8725 -24.5425
3885 -67.8725 -40.2225
3886 -64.8725 -29.8925
3887 -51.8725 -40.2025
3888 -47.8725 -34.4325
3889 -55.8725 -34.7125
3890 -62.8725 -33.3525
3891 -60.8725 -28.7725
3892 -56.8725 -38.8425
3893 -68.8725 -36.4225
3894 -54.8725 -24.5625
3895 -64.8725 -28.0425
3896 -53.8725 -25.7025
3897 -65.8725 -34.3425
3898 -47.8725 -44.9825
3899 -48.8725 -36.8425
3900 -55.8725 -41.3225
3901 -69.8725 -39.1925
3902 -56.8725 -24.8925
3903 -60.8725 -28.6025
3904 -67.8725 -35.8425
3905 -66.8725 -36.3025
3906 -58.8725 -29.1325
3907 -69.8725 -47.4325
3908 -58.8725 -26.3225
3909 -60.8725 -39.7825
3910 -57.8725 -31.2925
3911 -67.8725 -42.0725
3912 -60.8725 -35.7125
3913 -47.8725 -22.0025
3914 -65.8725 -41.0225
3915 -47.8725 -26.5525
3916 -47.8725 -37.2525
3917 -47.8725 -45.4225
3918 -70.8725 -36.0025
3919 -70.8725 -38.3225
3920 -59.8725 -47.6725
3921 -50.8725 -40.8625
3922 -70.8725 -36.0225
3923 -68.8725 -35.6325
3924 -67.8725 -35.0125
3925 -52.8725 -42.0825
3926 -63.8725 -43.0625
3927 -48.8725 -24.1625
3928 -61.8725 -30.9025
3929 -67.8725 -42.3125
3930 -51.8725 -26.3525
3931 -53.8725 -43.1325
3932 -64.8725 -31.4625
3933 -65.8725 -29.5925
3934 -47.8725 -33.4225
3935 -56.8725 -35.6425
3936 -54.8725 -26.3525
3937 -61.8725 -31.2325
3938 -62.8725 -36.6525
3939 -66.8725 -40.0925
3940 -69.8725 -44.6125
3941 -66.8725 -39.3025
3942 -47.8725 -34.6725
3943 -67.8725 -38.2925
3944 -69.8725 -42.4825
3945 -71.8725 -47.3525
3946 -58.8725 -34.8125
3947 -58.8725 -27.2925
3948 -62.8725 -35.8825
3949 -67.8725 -36.0725
3950 -67.8725 -33.6125
3951 -54.8725 -27.7425
3952 -67.8725 -44.5625
3953 -57.8725 -47.7125
3954 -54.8725 -23.1625
3955 -69.8725 -46.2125
3956 -48.8725 -37.3225
3957 -66.8725 -47.3025
3958 -56.8725 -32.8425
3959 -68.8725 -40.4225
3960 -51.8725 -37.5425
3961 -59.8725 -42.0125
3962 -47.8725 -39.5825
3963 -67.8725 -37.4825
3964 -49.8725 -23.0025
3965 -56.8725 -47.1125
3966 -70.8725 -37.1325
3967 -72.8725 -44.9625
3968 -61.8725 -30.6425
3969 -48.8725 -30.2425
3970 -61.8725 -34.8225
3971 -72.8725 -41.4325
3972 -61.8725 -42.8325
3973 -68.8725 -38.9925
3974 -59.8725 -25.1825
3975 -56.8725 -46.8525
3976 -57.8725 -46.5225
3977 -55.8725 -43.9325
3978 -67.8725 -38.9825
3979 -51.8725 -34.9125
3980 -69.8725 -45.3425
3981 -67.8725 -40.9825
3982 -53.8725 -35.6925
3983 -59.8725 -44.4925
3984 -54.8725 -36.9525
3985 -64.8725 -37.9925
3986 -62.8725 -43.0425
3987 -63.8725 -36.2925
3988 -60.8725 -26.0225
3989 -53.8725 -21.8825
3990 -51.8725 -30.0425
3991 -65.8725 -30.7825
3992 -60.8725 -30.4125
3993 -52.8725 -40.0025
3994 -56.8725 -42.9825
3995 -53.8725 -39.2425
3996 -72.8725 -45.2725
3997 -47.8725 -29.6025
3998 -71.8725 -38.9825
3999 -48.8725 -30.6325
4000 -52.8725 -47.6925
4001 -53.8725 -26.0925
4002 -58.8725 -27.4325
4003 -47.8725 -36.4225
4004 -56.8725 -28.0125
4005 -49.8725 -42.5125
4006 -69.8725 -47.8525
4007 -56.8725 -24.4625
4008 -72.8725 -47.3525
4009 -65.8725 -45.9925
4010 -47.8725 -36.7125
4011 -63.8725 -37.9825
4012 -48.8725 -30.7925
4013 -41.8725 -56.9825
4014 -38.8725 -57.2025
4015 -38.8725 -68.1725
4016 -44.8725 -62.8625
4017 -36.8725 -54.9625
4018 -34.8725 -63.3625
4019 -29.8725 -63.1225
4020 -27.8725 -60.8925
4021 -30.8725 -47.9725
4022 -28.8725 -53.4925
4023 -44.8725 -57.4125
4024 -31.8725 -59.7025
4025 -45.8725 -65.4725
4026 -25.8725 -51.3325
4027 -30.8725 -53.6825
4028 -32.8725 -59.0425
4029 -23.8725 -51.4325
4030 -39.8725 -54.6725
4031 -32.8725 -66.9325
4032 -46.8725 -60.8725
4033 -42.8725 -56.6225
4034 -34.8725 -50.5625
4035 -29.8725 -66.7625
4036 -28.8725 -63.5225
4037 -46.8725 -64.6325
4038 -36.8725 -60.4125
4039 -41.8725 -51.8025
4040 -45.8725 -71.6425
4041 -25.8725 -60.2925
4042 -40.8725 -56.4225
4043 -24.8725 -50.2125
4044 -32.8725 -64.5425
4045 -22.8725 -52.6225
4046 -40.8725 -69.6925
4047 -34.8725 -70.6625
4048 -31.8725 -57.8325
4049 -47.8725 -56.2225
4050 -30.8725 -59.9325
4051 -34.8725 -68.2825
4052 -44.8725 -71.1525
4053 -46.8725 -63.8925
4054 -26.8725 -54.9125
4055 -28.8725 -57.1225
4056 -24.8725 -50.8825
4057 -24.8725 -48.9525
4058 -38.8725 -70.8125
4059 -42.8725 -50.2125
4060 -30.8725 -54.2525
4061 -22.8725 -51.0025
4062 -29.8725 -56.3025
4063 -37.8725 -61.9325
4064 -38.8725 -68.8525
4065 -34.8725 -59.4825
4066 -43.8725 -65.5725
4067 -31.8725 -50.1825
4068 -30.8725 -58.5825
4069 -22.8725 -49.7325
4070 -44.8725 -63.6725
4071 -34.8725 -68.4725
4072 -35.8725 -50.6925
4073 -40.8725 -56.7825
4074 -41.8725 -49.0325
4075 -26.8725 -51.2825
4076 -29.8725 -60.7325
4077 -23.8725 -56.6525
4078 -36.8725 -67.3725
4079 -25.8725 -59.6025
4080 -27.8725 -52.6425
4081 -47.8725 -49.9525
4082 -33.8725 -50.2325
4083 -38.8725 -67.3425
4084 -38.8725 -57.5925
4085 -26.8725 -55.2625
4086 -44.8725 -71.3525
4087 -32.8725 -52.7425
4088 -27.8725 -54.5925
4089 -33.8725 -48.9725
4090 -37.8725 -69.9425
4091 -24.8725 -54.3325
4092 -40.8725 -58.9725
4093 -31.8725 -63.6225
4094 -39.8725 -54.4725
4095 -29.8725 -51.0025
4096 -47.8725 -58.2125
4097 -42.8725 -66.7325
4098 -37.8725 -57.0025
4099 -26.8725 -62.6825
4100 -22.8725 -53.5725
4101 -37.8725 -63.2925
4102 -47.8725 -72.5925
4103 -26.8725 -48.3925
4104 -47.8725 -67.4625
4105 -27.8725 -52.7225
4106 -27.8725 -48.5225
4107 -30.8725 -52.9925
4108 -30.8725 -47.9525
4109 -22.8725 -51.7525
4110 -23.8725 -49.7425
4111 -42.8725 -69.4525
4112 -34.8725 -66.1325
4113 -33.8725 -62.3025
4114 -46.8725 -59.6825
4115 -25.8725 -59.6825
4116 -46.8725 -58.3625
4117 -40.8725 -69.0825
4118 -36.8725 -53.4025
4119 -26.8725 -48.5225
4120 -33.8725 -67.7425
4121 -47.8725 -53.7025
4122 -36.8725 -56.2125
4123 -32.8725 -59.6725
4124 -43.8725 -59.2125
4125 -41.8725 -57.0125
4126 -36.8725 -63.6025
4127 -42.8725 -66.3325
4128 -23.8725 -50.5625
4129 -22.8725 -53.8225
4130 -40.8725 -70.0425
4131 -43.8725 -52.8925
4132 -41.8725 -64.3925
4133 -35.8725 -60.2625
4134 -28.8725 -56.8825
4135 -40.8725 -64.0825
4136 -46.8725 -61.4625
4137 -27.8725 -51.2925
4138 -46.8725 -52.3825
4139 -29.8725 -59.2625
4140 -46.8725 -59.8225
4141 -35.8725 -67.9725
4142 -35.8725 -51.6625
4143 -33.8725 -54.5925
4144 -35.8725 -69.3625
4145 -33.8725 -51.8625
4146 -34.8725 -62.8325
4147 -43.8725 -64.7225
4148 -39.8725 -66.6925
4149 -32.8725 -61.4425
4150 -46.8725 -63.6925
4151 -38.8725 -50.5925
4152 -42.8725 -62.7425
4153 -31.8725 -49.2625
4154 -30.8725 -64.2825
4155 -33.8725 -48.1525
4156 -37.8725 -49.2325
4157 -40.8725 -63.9525
4158 -30.8725 -53.8625
4159 -40.8725 -55.0325
4160 -36.8725 -59.4025
4161 -46.8725 -65.5525
4162 -30.8725 -53.0825
4163 -26.8725 -56.8925
4164 -24.8725 -49.1725
4165 -46.8725 -51.2625
4166 -39.8725 -55.7725
4167 -42.8725 -65.4525
4168 -29.8725 -61.1725
4169 -24.8725 -53.5625
4170 -40.8725 -63.1425
4171 -44.8725 -65.9825
4172 -33.8725 -50.7925
4173 -34.8725 -57.7025
4174 -39.8725 -62.3925
4175 -34.8725 -67.8025
4176 -28.8725 -61.5425
4177 -24.8725 -52.9425
4178 -25.8725 -48.5325
4179 -36.8725 -67.8325
4180 -42.8725 -56.0725
4181 -24.8725 -48.4825
4182 -46.8725 -72.8525
4183 -42.8725 -72.7625
4184 -47.8725 -51.5525
4185 -43.8725 -66.4225
4186 -29.8725 -55.4625
4187 -45.8725 -56.5125
4188 -27.8725 -57.7725
4189 -34.8725 -56.8325
4190 -33.8725 -53.3425
4191 -46.8725 -64.8725
4192 -29.8725 -55.4125
4193 -24.8725 -58.9325
4194 -29.8725 -62.5525
4195 -35.8725 -53.0825
4196 -23.8725 -49.2825
4197 -30.8725 -61.3825
4198 -33.8725 -55.4125
4199 -27.8725 -53.5925
4200 -46.8725 -61.8925
4201 -45.8725 -55.1025
4202 -39.8725 -51.8525
4203 -46.8725 -71.0525
4204 -25.8725 -58.2125
4205 -37.8725 -69.1825
4206 -30.8725 -52.9425
4207 -24.8725 -49.8625
4208 -36.8725 -67.2925
4209 -47.8725 -49.7225
4210 -43.8725 -54.5125
4211 -44.8725 -47.8925
4212 -47.8725 -60.2925
4213 -45.8725 -49.8525
4214 -29.8725 -54.8525
4215 -41.8725 -68.1025
4216 -24.8725 -51.3725
4217 -31.8725 -59.5425
4218 -32.8725 -61.2025
4219 -36.8725 -65.7625
4220 -39.8725 -49.3825
4221 -23.8725 -48.4025
4222 -39.8725 -51.4225
4223 -36.8725 -71.1025
4224 -32.8725 -60.0225
4225 -23.8725 -51.9825
4226 -46.8725 -71.5425
4227 -23.8725 -54.7225
4228 -24.8725 -51.0725
4229 -30.8725 -58.4925
4230 -47.8725 -68.9325
4231 -32.8725 -50.5825
4232 -39.8725 -70.7125
4233 -41.8725 -50.4425
4234 -22.8725 -50.6225
4235 -36.8725 -59.7625
4236 -31.8725 -67.5825
4237 -38.8725 -68.7525
4238 -40.8725 -56.3925
4239 -30.8725 -56.1525
4240 -38.8725 -65.5925
4241 -27.8725 -55.3325
4242 -28.8725 -58.4125
4243 -33.8725 -63.9225
4244 -25.8725 -53.5425
4245 -36.8725 -67.3125
4246 -42.8725 -48.9125
4247 -23.8725 -52.6925
4248 -39.8725 -71.9325
4249 -32.8725 -58.4925
4250 -47.8725 -58.2925
4251 -30.8725 -66.9925
4252 -35.8725 -70.8525
4253 -32.8725 -53.3225
4254 -23.8725 -55.5125
4255 -28.8725 -61.0425
4256 -23.8725 -54.0025
4257 -27.8725 -48.6725
4258 -40.8725 -69.8725
4259 -34.8725 -51.3225
4260 -34.8725 -56.9125
4261 -45.8725 -53.8025
4262 -45.8725 -69.9725
4263 -34.8725 -62.4025
4264 -41.8725 -65.0525
4265 -24.8725 -55.8925
4266 -42.8725 -55.0525
4267 -22.8725 -52.1425
4268 -28.8725 -51.5525
4269 -33.8725 -52.5425
4270 -23.8725 -57.3225
4271 -46.8725 -54.0825
4272 -24.8725 -50.4025
4273 -28.8725 -48.6925
4274 -44.8725 -62.7725
4275 -37.8725 -55.5925
4276 -39.8725 -57.0925
4277 -32.8725 -66.9325
4278 -31.8725 -53.3125
4279 -22.8725 -54.3925
4280 -40.8725 -51.6125
4281 -42.8725 -71.1525
4282 -34.8725 -63.6125
4283 -40.8725 -62.4925
4284 -27.8725 -61.6625
4285 -46.8725 -63.6525
4286 -41.8725 -52.0525
4287 -30.8725 -54.2625
4288 -22.8725 -54.4325
4289 -35.8725 -64.1525
4290 -27.8725 -52.8925
4291 -22.8725 -52.7925
4292 -35.8725 -57.5725
4293 -30.8725 -48.9525
4294 -28.8725 -59.9725
4295 -47.8725 -49.6925
4296 -30.8725 -63.0625
4297 -33.8725 -61.6925
4298 -36.8725 -50.0425
4299 -33.8725 -60.7825
4300 -27.8725 -58.1225
4301 -45.8725 -60.1125
4302 -27.8725 -52.6025
4303 -39.8725 -69.5825
4304 -39.8725 -67.7325
4305 -45.8725 -61.1525
4306 -29.8725 -61.9225
4307 -40.8725 -69.9925
4308 -30.8725 -57.5925
4309 -39.8725 -69.8125
4310 -29.8725 -50.7125
4311 -37.8725 -58.0625
4312 -31.8725 -55.2525
4313 -30.8725 -65.8825
4314 -24.8725 -49.8425
4315 -38.8725 -65.9025
4316 -24.8725 -57.0225
4317 -25.8725 -49.1025
4318 -41.8725 -57.7925
4319 -31.8725 -68.6125
4320 -23.8725 -49.8525
4321 -28.8725 -60.0525
4322 -26.8725 -55.6325
4323 -23.8725 -49.2225
4324 -45.8725 -60.4125
4325 -46.8725 -50.6925
4326 -31.8725 -66.9725
4327 -39.8725 -56.3325
4328 -33.8725 -55.9425
4329 -37.8725 -66.4325
4330 -42.8725 -54.3225
4331 -40.8725 -70.1925
4332 -39.8725 -52.7425
4333 -22.8725 -48.9125
4334 -38.8725 -61.4025
4335 -40.8725 -55.4825
4336 -37.8725 -51.6925
4337 -46.8725 -55.4625
4338 -43.8725 -51.0025
4339 -25.8725 -54.4525
4340 -40.8725 -69.1525
4341 -43.8725 -69.9725
4342 -35.8725 -60.3325
4343 -39.8725 -59.7325
4344 -33.8725 -59.9525
4345 -33.8725 -48.5025
4346 -62.8725 -49.4125
4347 -72.8725 -51.0425
4348 -48.8725 -61.8925
4349 -61.8725 -48.1225
4350 -62.8725 -68.4025
4351 -69.8725 -53.9825
4352 -70.8725 -57.0525
4353 -54.8725 -65.3225
4354 -48.8725 -71.5625
4355 -56.8725 -64.3825
4356 -50.8725 -69.8625
4357 -58.8725 -59.7425
4358 -49.8725 -67.5625
4359 -65.8725 -61.3925
4360 -61.8725 -63.5525
4361 -58.8725 -69.2225
4362 -53.8725 -67.4925
4363 -50.8725 -56.5525
4364 -59.8725 -49.1425
4365 -70.8725 -51.1025
4366 -61.8725 -68.1825
4367 -48.8725 -68.5425
4368 -68.8725 -54.4525
4369 -63.8725 -61.6825
4370 -60.8725 -58.5825
4371 -57.8725 -66.1625
4372 -63.8725 -58.3225
4373 -53.8725 -73.5525
4374 -63.8725 -58.8125
4375 -59.8725 -54.3525
4376 -54.8725 -64.7425
4377 -57.8725 -58.7625
4378 -58.8725 -61.7625
4379 -72.8725 -50.0425
4380 -53.8725 -68.3725
4381 -72.8725 -47.8725
4382 -65.8725 -58.1525
4383 -58.8725 -59.7025
4384 -57.8725 -49.7025
4385 -61.8725 -63.0425
4386 -51.8725 -67.8725
4387 -65.8725 -57.1525
4388 -68.8725 -54.5425
4389 -64.8725 -57.5125
4390 -48.8725 -71.5625
4391 -65.8725 -58.6325
4392 -50.8725 -59.3525
4393 -47.8725 -59.9725
4394 -66.8725 -54.1025
4395 -59.8725 -60.4425
4396 -69.8725 -53.0825
4397 -68.8725 -58.9525
4398 -62.8725 -68.1525
4399 -52.8725 -63.7425
4400 -56.8725 -56.9525
4401 -47.8725 -55.5625
4402 -65.8725 -58.4225
4403 -59.8725 -68.9325
4404 -69.8725 -57.3425
4405 -49.8725 -63.7025
4406 -55.8725 -48.7325
4407 -55.8725 -63.6425
4408 -50.8725 -72.1325
4409 -49.8725 -68.6325
4410 -54.8725 -71.5525
4411 -69.8725 -56.6225
4412 -52.8725 -67.3025
4413 -68.8725 -52.7725
4414 -49.8725 -54.1425
4415 -70.8725 -59.2225
4416 -72.8725 -52.7225
4417 -52.8725 -55.3425
4418 -67.8725 -54.4225
4419 -56.8725 -53.4925
4420 -69.8725 -58.1425
4421 -61.8725 -68.5725
4422 -57.8725 -61.9325
4423 -67.8725 -57.4025
4424 -51.8725 -51.7525
4425 -56.8725 -64.2025
4426 -63.8725 -68.0225
4427 -66.8725 -59.3625
4428 -50.8725 -68.3125
4429 -62.8725 -56.2225
4430 -68.8725 -62.0725
4431 -69.8725 -57.9725
4432 -60.8725 -65.6625
4433 -61.8725 -49.3325
4434 -67.8725 -52.5025
4435 -71.8725 -57.2725
4436 -58.8725 -58.4125
4437 -48.8725 -70.9625
4438 -57.8725 -70.5025
4439 -57.8725 -68.3125
4440 -68.8725 -61.8225
4441 -51.8725 -73.4625
4442 -50.8725 -65.2625
4443 -55.8725 -69.6125
4444 -62.8725 -54.3825
4445 -62.8725 -59.4625
4446 -60.8725 -48.7025
4447 -52.8725 -67.6325
4448 -64.8725 -66.6625
4449 -55.8725 -55.4025
4450 -68.8725 -53.1825
4451 -53.8725 -69.2525
4452 -66.8725 -50.9625
4453 -50.8725 -65.8525
4454 -53.8725 -54.5225
4455 -67.8725 -60.6225
4456 -57.8725 -50.1125
4457 -61.8725 -50.1025
4458 -70.8725 -53.8125
4459 -70.8725 -58.3825
4460 -70.8725 -57.4525
4461 -47.8725 -56.5525
4462 -49.8725 -54.7025
4463 -57.8725 -70.4425
4464 -50.8725 -73.5425
4465 -53.8725 -69.9725
4466 -47.8725 -52.4325
4467 -53.8725 -58.2225
4468 -72.8725 -50.8625
4469 -48.8725 -56.7625
4470 -47.8725 -63.1925
4471 -55.8725 -53.6325
4472 -71.8725 -53.3725
4473 -49.8725 -61.6325
4474 -69.8725 -50.8425
4475 -58.8725 -66.8025
4476 -61.8725 -63.2825
4477 -50.8725 -69.3725
4478 -67.8725 -51.4525
4479 -60.8725 -70.2625
4480 -56.8725 -72.0825
4481 -72.8725 -51.6225
4482 -59.8725 -50.3625
4483 -55.8725 -71.3425
4484 -65.8725 -47.8725
4485 -66.8725 -56.5125
4486 -57.8725 -47.9225
4487 -54.8725 -50.7925
4488 -51.8725 -56.2825
4489 -55.8725 -64.9125
4490 -57.8725 -62.3425
4491 -69.8725 -58.8525
4492 -55.8725 -65.5025
4493 -65.8725 -50.0025
4494 -64.8725 -57.4625
4495 -49.8725 -59.8525
4496 -52.8725 -60.8925
4497 -62.8725 -65.5025
4498 -58.8725 -54.7525
4499 -51.8725 -60.3925
4500 -59.8725 -69.3825
4501 -47.8725 -61.1125
4502 -48.8725 -54.9625
4503 -55.8725 -71.5225
4504 -65.8725 -63.7225
4505 -54.8725 -69.3225
4506 -61.8725 -53.1025
4507 -52.8725 -54.6025
4508 -56.8725 -67.3125
4509 -49.8725 -56.9925
4510 -54.8725 -56.7725
4511 -52.8725 -67.2325
4512 -55.8725 -69.2325
4513 -52.8725 -55.3525
4514 -67.8725 -62.0125
4515 -47.8725 -70.0325
4516 -56.8725 -70.0725
4517 -51.8725 -71.1325
4518 -57.8725 -48.9625
4519 -66.8725 -57.2325
4520 -53.8725 -51.5225
4521 -56.8725 -62.6525
4522 -55.8725 -62.1225
4523 -66.8725 -54.6625
4524 -64.8725 -67.2825
4525 -67.8725 -52.6325
4526 -49.8725 -68.4225
4527 -62.8725 -48.6725
4528 -70.8725 -50.0325
4529 -55.8725 -52.0725
4530 -53.8725 -67.1925
4531 -47.8725 -69.8725
4532 -58.8725 -49.6825
4533 -49.8725 -65.2625
4534 -69.8725 -51.5725
4535 -48.8725 -56.2325
4536 -72.8725 -51.4425
4537 -47.8725 -53.1425
4538 -49.8725 -67.5725
4539 -72.8725 -52.4225
4540 -64.8725 -61.3825
4541 -66.8725 -55.3425
4542 -69.8725 -59.8325
4543 -53.8725 -62.3625
4544 -52.8725 -59.4725
4545 -60.8725 -68.3425
4546 -72.8725 -53.9725
4547 -48.8725 -51.3725
4548 -70.8725 -53.1325
4549 -56.8725 -68.2025
4550 -49.8725 -55.5125
4551 -72.8725 -54.2225
4552 -70.8725 -58.7425
4553 -57.8725 -52.9425
4554 -68.8725 -60.0825
4555 -67.8725 -50.6025
4556 -53.8725 -49.8525
4557 -55.8725 -69.1725
4558 -71.8725 -55.3925
4559 -71.8725 -49.4625
4560 -54.8725 -54.8825
4561 -64.8725 -63.4525
4562 -48.8725 -57.9325
4563 -67.8725 -47.9325
4564 -47.8725 -65.8425
4565 -66.8725 -63.6725
4566 -62.8725 -53.9925
4567 -52.8725 -67.2625
4568 -67.8725 -51.1725
4569 -61.8725 -58.4825
4570 -50.8725 -68.0025
4571 -51.8725 -64.6325
4572 -48.8725 -59.9825
4573 -65.8725 -55.4425
4574 -52.8725 -66.7725
4575 -54.8725 -53.1525
4576 -51.8725 -62.1525
4577 -69.8725 -59.9425
4578 -65.8725 -62.3325
4579 -55.8725 -59.5825
4580 -68.8725 -57.4425
4581 -70.8725 -54.9625
4582 -69.8725 -50.5825
4583 -49.8725 -69.6125
4584 -70.8725 -50.3325
4585 -52.8725 -54.9125
4586 -50.8725 -70.6125
4587 -63.8725 -68.0925
4588 -48.8725 -62.7825
4589 -55.8725 -47.8725
4590 -48.8725 -69.8825
4591 -70.8725 -49.1225
4592 -62.8725 -65.5425
4593 -64.8725 -51.5425
4594 -61.8725 -48.3825
4595 -51.8725 -53.9625
4596 -49.8725 -71.8125
4597 -71.8725 -50.6925
4598 -54.8725 -51.0525
4599 -61.8725 -66.0525
4600 -68.8725 -50.3125
4601 -55.8725 -68.6325
4602 -55.8725 -62.9425
4603 -56.8725 -60.4225
4604 -59.8725 -54.1825
4605 -66.8725 -61.7025
4606 -57.8725 -49.2325
4607 -72.8725 -53.0025
4608 -63.8725 -62.3325
4609 -57.8725 -64.5725
4610 -64.8725 -56.1025
4611 -64.8725 -66.9625
4612 -64.8725 -66.8925
4613 -67.8725 -49.2125
4614 -67.8725 -63.8725
4615 -55.8725 -54.2425
4616 -53.8725 -57.1325
4617 -65.8725 -65.5325
4618 -66.8725 -58.5225
4619 -48.8725 -49.2225
4620 -67.8725 -62.1625
4621 -68.8725 -56.1925
4622 -64.8725 -51.1925
4623 -52.8725 -58.6025
4624 -59.8725 -50.6825
4625 -60.8725 -50.6625
4626 -53.8725 -73.1425
4627 -47.8725 -60.6025
4628 -72.8725 -51.7125
4629 -48.8725 -49.8825
4630 -52.8725 -68.5025
4631 -60.8725 -68.2025
4632 -49.8725 -47.9225
4633 -51.8725 -56.1425
4634 -55.8725 -66.6025
4635 -48.8725 -59.0925
4636 -51.8725 -70.2125
4637 -57.8725 -52.5925
4638 -67.8725 -53.4225
4639 -52.8725 -57.8325
4640 -55.8725 -52.3225
4641 -60.8725 -50.8025
4642 -47.8725 -61.5425
4643 -63.8725 -51.9225
4644 -57.8725 -66.1325
4645 -69.8725 -56.2825
4646 -48.8725 -58.3625
4647 -51.8725 -68.1825
4648 -63.8725 -48.6525
4649 -48.8725 -62.1525
4650 -63.8725 -64.1325
4651 -51.8725 -64.4525
4652 -51.8725 -59.4725
4653 -65.8725 -52.6525
4654 -54.8725 -48.6725
4655 -55.8725 -70.9125
4656 -66.8725 -53.4025
4657 -56.8725 -51.3625
4658 -59.8725 -60.0225
4659 -69.8725 -54.1125
4660 -68.8725 -58.9925
4661 -64.8725 -67.7025
4662 -51.8725 -73.3125
4663 -49.8725 -61.0725
4664 -53.8725 -73.6425
4665 -68.8725 -63.6525
4666 -56.8725 -61.9025
4667 -66.8725 -55.5425
4668 -65.8725 -59.5825
4669 -60.8725 -69.7025
4670 -58.8725 -70.1025
4671 -66.8725 -56.6725
4672 -65.8725 -62.2325
4673 -48.8725 -52.3625
4674 -55.8725 -51.2225
4675 -54.8725 -72.8425
4676 -67.8725 -53.3025
4677 -49.8725 -65.0125
4678 -68.8725 -56.8625
