%%index real_part   imaginary_part
1339 1339 1339
1 9.34 1.93
2 11.91 6.97
3 4.64 3.71
4 19.11 22.79
5 12.15 11.3
6 3.35 8.39
7 17.35 2.73
8 21.4 2.29
9 21 11.47
10 2.91 16.82
11 13.06 16.76
12 13.98 22.73
13 15.87 5.95
14 1.83 7.25
15 14.32 18.34
16 7.79 18.46
17 12.95 11.18
18 14.89 19.7
19 7.02 17.59
20 16.41 21.52
21 6.91 6.69
22 19.95 19.77
23 9.58 1.26
24 0.26 5.87
25 10.22 18.1
26 11.86 3.17
27 2.9 0.28
28 6.24 2.84
29 20.61 6.29
30 12.15 18.59
31 14.05 11.93
32 10.63 19.94
33 4.17 4.01
34 9.12 13.04
35 11.56 11.19
36 5.4 2.54
37 9.83 5.99
38 7.25 2.35
39 8.23 19.41
40 2.03 7.51
41 21.2 18.45
42 6.25 13.89
43 4.25 11.63
44 5.44 12.49
45 8.09 1.86
46 1.31 17.6
47 2.06 9.66
48 13.67 11.94
49 1.98 6.23
50 4.94 22.8
51 12.86 1.06
52 7.05 10.35
53 0.22 22.69
54 6.62 1.82
55 19.86 18.97
56 1.94 8.65
57 10.06 18.06
58 17.21 8.2
59 20.69 14.31
60 3.69 22.66
61 4.78 16.3
62 2.97 5
63 4.46 6.84
64 13.08 4.16
65 3.96 16.96
66 18.02 18.02
67 15.89 16.82
68 4.03 12.59
69 14.41 3.64
70 22.61 21.17
71 6.82 11.27
72 16.86 1.56
73 20.28 16.88
74 18.71 11.07
75 21.25 5.49
76 21.8 22.4
77 4.4 3.03
78 20.4 12.29
79 16.45 19.38
80 13.34 10.48
81 16.02 7.94
82 12.28 18.88
83 8.47 19.44
84 0.08 16.32
85 14.49 22.89
86 11.16 22.69
87 11.77 8.84
88 13.24 15.54
89 3.62 9.05
90 14.55 19.48
91 18.88 1.87
92 15.43 0.87
93 0.68 10.81
94 7.19 12.83
95 10.83 17.13
96 2.07 8.06
97 3.94 3.85
98 0.29 14.36
99 18.2 12.42
100 12.31 0.37
101 10.59 20.21
102 16.57 10.99
103 3.54 22.36
104 18.94 6.82
105 3.3 17.68
106 7.07 21.01
107 9.4 9.7
108 8.03 22.5
109 12.33 10.08
110 4.21 2.75
111 10.81 0.16
112 14.54 16.81
113 18.69 14.75
114 4.17 2.35
115 13.25 13.89
116 11.1 4
117 2.52 0.84
118 10.72 4.68
119 22.02 16.58
120 11.26 17.18
121 15.19 12.84
122 10.06 18.33
123 5.36 12.11
124 22.19 18.1
125 20.85 5.21
126 5.38 13.93
127 7.74 8.66
128 10.93 7.44
129 9.79 3.43
130 4.84 2.63
131 17.15 0.04
132 11.4 3.46
133 8.14 19.67
134 0.77 22.13
135 16.31 17.68
136 7.52 12.03
137 17.89 19.03
138 8.14 17.59
139 0.21 10.77
140 15.98 17.86
141 8.79 21.06
142 17.24 8.88
143 16.32 4.05
144 18 15.69
145 18.32 13.64
146 1.2 22.84
147 3.3 12.48
148 19.67 12.61
149 22.26 21.97
150 16.65 20.45
151 20 3.09
152 22.12 11.7
153 16.81 2.41
154 13.18 17.79
155 12.65 17.02
156 2.6 6.17
157 2.57 8.96
158 0.53 7.36
159 0.05 6.42
160 20.06 6.05
161 5.89 18.38
162 18.38 8.78
163 21.39 19.71
164 6.2 15.05
165 12.5 8.17
166 11.27 10.38
167 9.6 20.03
168 22.44 20.91
169 15.7 3.41
170 7.95 0.15
171 16.84 15.87
172 12.35 10.55
173 5.43 19.41
174 2.83 12.88
175 18.93 5.48
176 11.38 10.41
177 19.2 12.34
178 19.58 6.76
179 21.82 5.11
180 13.29 13.3
181 0.68 21.84
182 6.39 12.08
183 9.99 20.8
184 1.21 5.84
185 5.99 2.7
186 6.09 19.68
187 7.23 22.83
188 6.76 18.45
189 18.85 12.66
190 5.67 9.6
191 7.53 2.31
192 14.65 17.05
193 0.82 14.25
194 19.37 21.75
195 12.06 10.16
196 19.52 20.18
197 9.26 0.26
198 21.07 2.92
199 19.28 19.25
200 9.47 9.8
201 6.49 12.79
202 0.14 15.57
203 21.54 1.24
204 1.43 6.9
205 4.02 17.39
206 19.7 7.1
207 1.15 11.56
208 13.33 21.88
209 20.63 12.49
210 22.65 9.7
211 17.4 20.21
212 20.48 6.7
213 9.62 14.18
214 20.96 6.07
215 15.87 5.9
216 18.69 7.43
217 10.52 22.36
218 0.61 18.83
219 13.25 9.06
220 13.98 2.04
221 19.66 17.28
222 16.36 10.68
223 20.08 20.81
224 20.83 6.69
225 3.92 17.72
226 2.45 20.48
227 4.18 8.84
228 0.03 10.45
229 16.52 1.32
230 17.74 20.99
231 15.94 9.4
232 19.28 0.95
233 7.3 3.47
234 0.05 7.41
235 19.97 20.56
236 14.84 14.03
237 12.24 16.63
238 1.97 18.72
239 2.41 9.32
240 14.56 22.8
241 20.28 6.33
242 15.18 17.02
243 4.47 11.99
244 13.31 2.73
245 0.72 8.52
246 5.44 18.58
247 19.53 4.18
248 18.17 1.72
249 19.66 3.84
250 1.4 18.23
251 19.78 16.63
252 10.27 3.76
253 22.48 9.02
254 18.35 22.76
255 22.56 1.89
256 18.75 9.91
257 14.45 7.36
258 6.87 21.45
259 1.18 18.93
260 4.45 7.71
261 3.29 12.42
262 16.6 9.89
263 22.13 22.82
264 3.66 22.3
265 17.53 18.79
266 22.95 5.06
267 19.34 14.31
268 10.86 10.22
269 20.5 18.82
270 8.24 6.21
271 3.64 20.06
272 4.42 14.51
273 12.96 18.1
274 1.55 21.82
275 6.53 1.66
276 1.6 -16.52
277 3.41 -9.82
278 9.64 -5.72
279 5.02 -13.06
280 8.86 -0.83
281 16.41 -22.55
282 1.39 -8.81
283 6.55 -12.76
284 19.1 -12.25
285 5.98 -4.05
286 11.63 -4.34
287 6.37 -20.14
288 15.24 -3.57
289 2.39 -6.85
290 8.51 -16.79
291 20.83 -8.92
292 6.26 -10.11
293 3.36 -1.24
294 1.83 -15.91
295 16.74 -8.38
296 18.46 -21.21
297 17.54 -10.15
298 22.91 -19.85
299 19.62 -1.09
300 15.66 -6.54
301 21.4 -13.12
302 10.26 -14.81
303 18.38 -4.78
304 11.63 -13.03
305 17.34 -8.3
306 4.74 -7.67
307 5.3 -15.18
308 3.94 -11.01
309 3.92 -8.66
310 17.05 -5.77
311 3.98 -8.18
312 5.85 -0.03
313 7.4 -21.52
314 10.13 -16.29
315 22.83 -14.54
316 4.66 -13.31
317 5.12 -21.23
318 3.01 -14.92
319 4.95 -11.03
320 6.85 -2.17
321 9.84 -9.82
322 2 -11.59
323 22.6 -2.66
324 11.33 -5.94
325 11.72 -14.04
326 22.22 -15.9
327 15.93 -3.22
328 12.27 -15.6
329 8.89 -0.33
330 2.39 -9.92
331 0.24 -8.72
332 6.95 -7.05
333 9.49 -15.88
334 14.43 -20.49
335 22.66 -1.97
336 11.79 -21.28
337 20.4 -20.02
338 22.68 -13.79
339 19.73 -20
340 21.57 -21.53
341 14.43 -18.97
342 9.72 -8.31
343 0.91 -17.88
344 5.73 -21.99
345 8.91 -9.8
346 18.52 -8.12
347 15.17 -19.67
348 0.08 -13
349 10.49 -12.19
350 14.16 -2.03
351 0.32 -10.15
352 17.69 -2.95
353 4.26 -8.24
354 15.76 -17.37
355 15.91 -11.51
356 7.49 -14.33
357 22.65 -17.86
358 12.75 -4.73
359 14.24 -11.08
360 20.89 -6
361 1.65 -10.67
362 7.35 -3.93
363 16.93 -16.82
364 16.53 -17.95
365 19.98 -4.42
366 2.09 -7.69
367 21.16 -7.82
368 16.06 -19.78
369 1.68 -2.42
370 13.94 -8.83
371 0.16 -17.59
372 22.97 -8.95
373 13.68 -10.33
374 21.42 -0.24
375 6.25 -15.44
376 3.11 -19.31
377 0.24 -7.9
378 12.24 -20.98
379 15.93 -4.7
380 9.12 -16.3
381 0.99 -0.44
382 8.26 -21.74
383 18.52 -22.16
384 12.1 -1.33
385 20.68 -7.72
386 12.83 -3.04
387 22.51 -8.36
388 18.7 -12.81
389 13.05 -0.71
390 16.15 -4.64
391 11.47 -6.82
392 2.24 -19.27
393 17.25 -22.23
394 3.93 -2.01
395 18.31 -20.71
396 21.15 -13.06
397 22.32 -19.3
398 5.98 -6.41
399 18.26 -5.36
400 13.09 -18.09
401 8.65 -15.94
402 1.31 -2.92
403 15.73 -8.17
404 19.4 -7.53
405 12.17 -16.31
406 10.65 -12.56
407 19.35 -0.64
408 22.87 -12.9
409 2.43 -1.12
410 21.83 -3.81
411 4.39 -20.74
412 4.56 -7.5
413 1.44 -3.71
414 19.59 -21.07
415 16.16 -19.7
416 0.17 -9.68
417 12.61 -12.33
418 8.02 -12
419 7.05 -15.86
420 19.69 -4.43
421 4.51 -19.22
422 7.38 -7.35
423 7.77 -0.86
424 1.98 -17.77
425 9.1 -10.2
426 7.94 -11.34
427 18.84 -13.49
428 4.72 -0.02
429 21.09 -20.28
430 4.51 -1.32
431 21.52 -1.77
432 14.11 -4.68
433 4.2 -21.65
434 14.52 -9.65
435 1.6 -11.25
436 17.99 -21.73
437 6.08 -6.11
438 6.97 -2.37
439 7.66 -1.37
440 11.57 -19.48
441 7.82 -16.77
442 17.78 -7.03
443 17.58 -3.66
444 0.95 -22.51
445 11.35 -15.67
446 17.45 -15.98
447 20.66 -20.39
448 19.05 -19.08
449 5.73 -12.38
450 11.15 -21.09
451 19.82 -7.34
452 0.97 -6.14
453 19.03 -2.91
454 4.28 -7.95
455 14.95 -3.69
456 20.46 -3.38
457 20.93 -22.77
458 3.43 -15.25
459 2.28 -15.51
460 8.19 -14.9
461 7.88 -1.15
462 9.06 -13.16
463 9.24 -16.06
464 5.44 -5.11
465 3.2 -2.49
466 20.35 -16.59
467 10.25 -0.03
468 13.46 -21.33
469 16.8 -6.28
470 20.5 -5.26
471 8.64 -8.75
472 8.52 -5.48
473 20.73 -17.1
474 9.61 -22.47
475 1.9 -10.53
476 22.2 -5.32
477 18.48 -20.3
478 13.37 -8.27
479 13.38 -15.24
480 17.74 -6.33
481 10.45 -4.11
482 4.14 -2.61
483 11.46 -20.7
484 14.51 -17.6
485 22.86 -5.26
486 1.53 -12.01
487 17.49 -19.03
488 13.13 -20.57
489 7.57 -2.75
490 0.8 -10.26
491 15.59 -9.47
492 6.77 -0.01
493 18.8 -21.59
494 13.84 -7.66
495 14 -19.7
496 0.81 -19.1
497 21.71 -1.45
498 9.67 -4.95
499 10.07 -20.7
500 13.48 -1.18
501 0.71 -20.46
502 4.01 -15.02
503 0.11 -5.73
504 8.48 -17.14
505 4.4 -7.68
506 4.67 -9.28
507 19.81 -7.51
508 6.11 -21.97
509 6.63 -15.61
510 12.32 -19.95
511 3.57 -8.15
512 20.12 -0.65
513 5.61 -12.8
514 10.5 -17.32
515 18.5 -3.2
516 11.18 -0.99
517 3.53 -6.74
518 12.47 -15.19
519 19.85 -3.64
520 21.85 -8.47
521 17.75 -11.78
522 19.29 -14.04
523 13.01 -2.09
524 17.7 -12.92
525 20.39 -7.17
526 15.32 -17.54
527 18.2 -0.96
528 13.77 -22.97
529 17.29 -11.33
530 2.05 -1.27
531 12.78 -0.31
532 7.05 -13.24
533 15.95 -16.31
534 7.48 -7.04
535 15.51 -12.81
536 1.59 -16.85
537 7.89 -20.79
538 22.88 -8.4
539 21.33 -8.43
540 15.6 -5.1
541 22.65 -18.72
542 19.69 -18.44
543 5.93 -5.37
544 16.7 -20.98
545 9.77 -0.22
546 11.06 -6.27
547 19.51 -22.56
548 15.87 -18.11
549 12.68 -12.47
550 12.8 -10.87
551 -4.72 -5.19
552 -2.98 -14.39
553 -10.31 -0.14
554 -8.57 -13.38
555 -18.49 -8.64
556 -14.89 -11.69
557 -17.65 -5.66
558 -11.03 -22.1
559 -20.08 -0.59
560 -11.33 -15.25
561 -21.52 -6.85
562 -6.41 -22.39
563 -5.03 -5.56
564 -5.55 -9.81
565 -20.68 -17.71
566 -10.42 -18.35
567 -20.26 -12.93
568 -13.07 -0.93
569 -14.31 -18.09
570 -3.74 -9.16
571 -20.85 -9.8
572 -15.46 -6.15
573 -5.25 -3.02
574 -14.13 -14.01
575 -16.78 -2.33
576 -19.7 -2.47
577 -12.38 -15.31
578 -8.39 -3.12
579 -0.45 -4.93
580 -10.16 -13.94
581 -19.81 -8.65
582 -21.58 -20.59
583 -21.52 -4.59
584 -22.68 -22.17
585 -8.33 -12.83
586 -10.16 -13.94
587 -20.09 -16.7
588 -19.73 -13.14
589 -14.68 -2.34
590 -15.19 -10.86
591 -0.85 -8.46
592 -0.77 -11.9
593 -15.02 -0.76
594 -16.21 -19.68
595 -21.14 -2.99
596 -11.64 -3.38
597 -0.97 -17.95
598 -10.06 -20.75
599 -19.92 -10.01
600 -10.36 -9.75
601 -11.21 -15.78
602 -9.48 -20.52
603 -21.19 -8.31
604 -10.65 -16.73
605 -4.6 -12.87
606 -21.33 -2.85
607 -14.75 -15.97
608 -4.25 -9.63
609 -6.31 -17.29
610 -7.8 -20.47
611 -0.85 -14.98
612 -9.93 -19.44
613 -17.19 -12.34
614 -22.35 -7.52
615 -17.27 -1.64
616 -17.42 -20.23
617 -5.28 -5.48
618 -1.31 -14.42
619 -8.16 -3.47
620 -3.86 -22.49
621 -2.34 -0.28
622 -16.25 -12.71
623 -22.34 -4.61
624 -9.42 -8.03
625 -5.5 -16.18
626 -8.16 -17.22
627 -1.18 -16.87
628 -6.21 -5.61
629 -13.13 -5.9
630 -7.54 -16.08
631 -0.83 -17.92
632 -10.93 -12.48
633 -3.9 -6.11
634 -20.1 -12.24
635 -22.25 -12.06
636 -22.86 -0.96
637 -13.68 -12.11
638 -16.72 -3.64
639 -11.67 -0.54
640 -4.24 -13.66
641 -18.4 -4.69
642 -21.56 -22.92
643 -16.06 -19.59
644 -2.49 -15.29
645 -18.89 -6.19
646 -11.64 -20.55
647 -20.55 -19.72
648 -2.84 -10.09
649 -9.85 -1.45
650 -1.04 -10.46
651 -11.43 -9.11
652 -21.22 -0.9
653 -4.54 -12.63
654 -0.69 -2.47
655 -16.13 -3.73
656 -8.42 -15.46
657 -15.38 -11.54
658 -18.65 -6.98
659 -9.79 -18.96
660 -12.68 -21.14
661 -6.21 -5.68
662 -2.41 -1.32
663 -11.41 -3.76
664 -15.73 -15.77
665 -3.23 -21.26
666 -17.89 -16.77
667 -5.2 -2.18
668 -2.33 -16.12
669 -18.59 -20.26
670 -11.52 -3.03
671 -6.01 -22.24
672 -21.3 -19.94
673 -14.45 -8.91
674 -4.88 -16.95
675 -15.09 -1.24
676 -6.93 -17.56
677 -18.88 -8.82
678 -12.58 -19.86
679 -12.63 -17.81
680 -3.59 -5.32
681 -9.61 -3.38
682 -5.57 -21.49
683 -2.13 -2.33
684 -10.12 -7.9
685 -21.45 -8.24
686 -7.48 -21.64
687 -18.58 -4.46
688 -13.38 -5.79
689 -10.26 -10.03
690 -21.8 -18.26
691 -12.82 -12.88
692 -21.7 -5.73
693 -2.59 -19.22
694 -1.55 -11.29
695 -16.61 -2.74
696 -6.12 -5.14
697 -14.15 -13.74
698 -16.08 -22.21
699 -7.12 -16.28
700 -12.04 -3.2
701 -1.84 -16.09
702 -20.56 -19.53
703 -12.84 -20.42
704 -17.98 -10.94
705 -16.72 -0.1
706 -12.98 -16.78
707 -10.03 -17.06
708 -0.8 -11.69
709 -10.5 -0.14
710 -13.4 -2.35
711 -18.01 -14.63
712 -5.37 -19.52
713 -6.26 -9.17
714 -12.97 -21.45
715 -12.17 -0.9
716 -16.99 -2.02
717 -9.07 -14.01
718 -21.96 -14.55
719 -13.01 -21.91
720 -9.53 -4.46
721 -21.24 -17.25
722 -11.31 -10.04
723 -21.73 -18.79
724 -18.93 -22.63
725 -1.98 -19.75
726 -11.38 -9.33
727 -16.37 -20
728 -6.17 -16.75
729 -2.73 -22.63
730 -0.53 -6.66
731 -8.68 -14.9
732 -16.44 -5.05
733 -19.6 -17.75
734 -4.18 -15.4
735 -19.86 -20.14
736 -1.91 -13.72
737 -0.76 -5.62
738 -1.41 -0.75
739 -0.38 -10.01
740 -17.28 -7.86
741 -17.19 -2.37
742 -22.37 -5.66
743 -9.93 -10.56
744 -20.72 -16.06
745 -22.72 -0.18
746 -15.09 -8.77
747 -13.82 -18.93
748 -1.2 -19.05
749 -11.45 -20.95
750 -5.61 -5.39
751 -6.63 -18.83
752 -11.97 -7.52
753 -8.27 -17.91
754 -4.92 -13.38
755 -21.24 -8.66
756 -21.55 -22.2
757 -15.38 -2.95
758 -1.03 -20.92
759 -1.5 -12.83
760 -13.02 -21.75
761 -7.53 -11.74
762 -7.67 -15.63
763 -11.68 -8.87
764 -6.82 -8.88
765 -1.79 -10.65
766 -17 -12.43
767 -7.48 -18.94
768 -13.85 -5.97
769 -6.87 -15.75
770 -11.93 -6.29
771 -16.01 -5.11
772 -18.58 -10.48
773 -18.92 -8.39
774 -21.22 -19.61
775 -18.37 -20.42
776 -9.17 -21.76
777 -14.39 -13.42
778 -22.29 -4.36
779 -0.76 -3.07
780 -13.72 -16.64
781 -16.59 -2.55
782 -21.49 -7.72
783 -1.21 -1.07
784 -4.35 -22.86
785 -6.15 -8.08
786 -0.71 -16.28
787 -3.77 -22.16
788 -18.07 -19.29
789 -15.91 -22.69
790 -7.64 -16.3
791 -15.06 -21.8
792 -22.74 -16.81
793 -21.17 -16.98
794 -20.05 -9.55
795 -3.19 -9.46
796 -12.01 -21.3
797 -16.54 -19.79
798 -8.38 -21.03
799 -20.89 -5.28
800 -13.36 -12.73
801 -16.54 -4.05
802 -13.73 -14.08
803 -20.89 -7.83
804 -18.04 -8.81
805 -12.63 -1.32
806 -0.12 -2.68
807 -7.01 -15.21
808 -9.19 -10.38
809 -19.94 -15.71
810 -2.17 -16.77
811 -2.59 -10.65
812 -17.96 -14.18
813 -22.73 -6.65
814 -11.93 -3.35
815 -3.6 -20.63
816 -12.2 -2.3
817 -3.9 -20.14
818 -15.49 -2.93
819 -22.26 -1.79
820 -13.64 -10.54
821 -13.22 -11.89
822 -4.11 -1.28
823 -11.67 -20.24
824 -0.47 -13.3
825 -17.59 -8.61
826 -19.26 -2.64
827 -4.34 20.18
828 -3.84 1.75
829 -5.1 4.08
830 -12.23 15.77
831 -5.59 19.22
832 -3.89 11.95
833 -14.88 9.49
834 -21.81 19.38
835 -6.92 14.15
836 -13.56 12.45
837 -13.73 7.67
838 -15.43 17.67
839 -18.5 2.4
840 -21.53 15.9
841 -18.54 13.09
842 -20.8 5.32
843 -7.07 22.88
844 -14.48 1.64
845 -17.41 22.69
846 -18.91 3.71
847 -15.66 10.53
848 -20.02 10.32
849 -6.71 18.07
850 -19.74 18.83
851 -18.8 1.15
852 -8.82 10.3
853 -4.98 20.06
854 -22.46 1.25
855 -17.15 11
856 -1.09 8.52
857 -1.36 0.21
858 -0.1 21.89
859 -11.05 18.95
860 -6.16 2.1
861 -5.82 15.99
862 -3.52 12.59
863 -22.92 9
864 -4.07 0.54
865 -6.9 6.63
866 -7.78 0.81
867 -11.12 13.22
868 -10.28 4.13
869 -5.38 3.62
870 -14.62 20.27
871 -5.79 10.06
872 -10.27 3.23
873 -12.65 17.67
874 -13.62 20.89
875 -0 0.7
876 -16.69 19.78
877 -9.37 16.34
878 -2.34 20.21
879 -8.28 19.81
880 -3.44 16.94
881 -5.27 2.7
882 -15.92 21.75
883 -2.88 3.91
884 -7.53 3.21
885 -11 18.78
886 -5.84 9.67
887 -0.43 4.31
888 -21.98 3.64
889 -12.05 13.08
890 -1.3 0.12
891 -19.9 12.05
892 -15.91 5.52
893 -2.73 16.79
894 -13.61 5.78
895 -22.72 21.53
896 -11.75 4.57
897 -13.84 4.99
898 -8.91 4.68
899 -18.41 16.72
900 -12.51 3.96
901 -1.16 16.93
902 -21.24 5.87
903 -9.51 1.59
904 -2.19 20.22
905 -20.34 9.09
906 -8.66 3.49
907 -9.01 4.76
908 -9.07 1.58
909 -7.36 22.27
910 -8.32 10.2
911 -14.78 17.6
912 -10.11 20.08
913 -12.28 5.62
914 -9.87 6.54
915 -21.03 18.21
916 -12.14 9.9
917 -15.77 22.19
918 -11.3 10.38
919 -18.12 12.81
920 -21.9 13.49
921 -4.5 15.46
922 -7.74 7.56
923 -19.66 1.04
924 -10.83 4.33
925 -14.54 14.54
926 -9.14 19.15
927 -16.23 16.84
928 -9.98 6.78
929 -0.84 16.03
930 -11.24 19.85
931 -6.75 21.87
932 -8.58 0.38
933 -21.28 10.05
934 -10.38 19.88
935 -20.89 16.4
936 -19.38 19.8
937 -4.36 12.92
938 -13.96 4.12
939 -18.98 11.55
940 -3.09 1.79
941 -8.46 10.52
942 -4.36 22.76
943 -6.54 1.7
944 -17.73 1.86
945 -21.72 17.9
946 -16.78 16.5
947 -4.4 15.99
948 -13.56 2.36
949 -9.77 2.69
950 -19.09 0.94
951 -20.74 18.18
952 -8.1 3
953 -17.64 12.63
954 -1.18 9.58
955 -21.89 13.62
956 -1.14 14.79
957 -14.55 7.36
958 -19.58 16.02
959 -5.41 8.61
960 -3.52 1.83
961 -18.33 4.13
962 -7.64 7.82
963 -10.18 22.74
964 -12.95 8.73
965 -9.67 7.47
966 -2.66 19.56
967 -22.56 17.94
968 -18.09 21.28
969 -18.39 17.21
970 -7.83 19.27
971 -21.58 17.28
972 -12.16 19.5
973 -0.04 13.14
974 -21.75 8.74
975 -21.1 5.45
976 -9.58 12.79
977 -20.61 16.43
978 -3.69 4.75
979 -13.48 18.32
980 -2.79 16.64
981 -0.73 10.67
982 -16.13 15.97
983 -1.78 0.29
984 -17.5 11.22
985 -18.01 20.17
986 -1.97 2.34
987 -21.84 16.6
988 -17.26 14.14
989 -10.4 21.88
990 -4.34 16.01
991 -16.33 8.5
992 -12.46 1.44
993 -16.71 1.46
994 -19.78 3.67
995 -7.84 17.71
996 -5.39 10.1
997 -13.59 8.57
998 -8.86 21.52
999 -20.27 15.37
1000 -0.06 3.37
1001 -16.23 15.28
1002 -8.88 12.56
1003 -14.22 2.59
1004 -11.99 3.14
1005 -6.68 1.62
1006 -20.65 3.85
1007 -15.82 10.53
1008 -11.99 10.11
1009 -13.78 9.53
1010 -4.25 8.78
1011 -6.4 9.14
1012 -17.71 20.16
1013 -6.2 19.99
1014 -22.89 3.58
1015 -17.47 3.47
1016 -18.76 22.95
1017 -12.51 21.22
1018 -0.81 15.16
1019 -5.83 3.73
1020 -15.88 0.32
1021 -4.18 0.03
1022 -10.56 13.53
1023 -11.16 7.52
1024 -17.05 10.07
1025 -6.37 12.46
1026 -21.61 8.82
1027 -16.5 12.77
1028 -9.77 16.32
1029 -19.9 22.71
1030 -3.18 20.18
1031 -20.13 1.89
1032 -0.11 21.94
1033 -1.63 20.17
1034 -11.42 11.44
1035 -11.77 17.98
1036 -18.01 4.3
1037 -5.35 15.95
1038 -10.99 16.09
1039 -13.68 16.51
1040 -5.98 5.04
1041 -1.39 20.06
1042 -20.35 4.59
1043 -8.43 17.89
1044 -17.6 7.12
1045 -4.3 15.86
1046 -17.75 8.31
1047 -17.77 11.96
1048 -19.65 17.87
1049 -6.31 19.4
1050 -1.9 8.07
1051 -22.9 5.6
1052 -9.07 19.91
1053 -0.52 5.25
1054 -9.29 20.06
1055 -12.63 14.21
1056 -21.79 15.27
1057 -7.38 14.02
1058 -19.43 19.14
1059 -13.79 15.81
1060 -8.67 1.56
1061 -9.87 5.61
1062 -17.57 3.43
1063 -8.82 4.64
1064 -11.57 1.74
1065 -9.82 2.65
1066 -8.26 13.47
1067 -20.91 9.72
1068 -2.49 17.33
1069 -14.4 21.43
1070 -0.16 11.78
1071 -14.57 4.03
1072 -5.57 9.47
1073 -5.62 21.95
1074 -14.77 12.52
1075 -14.08 19.41
1076 -2.02 0.44
1077 -14.39 0.95
1078 -16.12 7.12
1079 -19.38 10.73
1080 -0.91 4.69
1081 -5.68 6.2
1082 -3.44 9.17
1083 -14.02 3.59
1084 -12.55 16.46
1085 -5.24 15.94
1086 -7.49 0.23
1087 -9.71 19.82
1088 -6.29 0.58
1089 -13.11 15.33
1090 -22.26 21.06
1091 -9.03 4.19
1092 -15.67 11.8
1093 -6.44 10.94
1094 -21.68 8.79
1095 -1 2.83
1096 -19.55 22.59
1097 -19.28 6.68
1098 -20.8 0
1099 -16.46 20.82
1100 -1.29 10.35
1101 -10.58 9.22
1102 -16.56 8.78
1103 27.6394 -12.9794
1104 24.6394 -16.7194
1105 23.6394 -11.4494
1106 34.6394 -23.3894
1107 27.6394 -13.2194
1108 26.6394 -19.4694
1109 31.6394 -14.5994
1110 31.6394 -15.9094
1111 33.6394 -23.2594
1112 25.6394 -22.5194
1113 31.6394 -14.2894
1114 32.6394 -22.5894
1115 24.6394 -17.3194
1116 31.6394 -17.6894
1117 33.6394 -21.6694
1118 25.6394 -10.8894
1119 28.6394 -21.2794
1120 29.6394 -20.0794
1121 25.6394 -13.9694
1122 28.6394 -16.6994
1123 31.6394 -18.6194
1124 31.6394 -13.8894
1125 26.6394 -12.8294
1126 24.6394 -15.4494
1127 29.6394 -19.1094
1128 33.6394 -21.7494
1129 24.6394 -10.7094
1130 33.6394 -17.0694
1131 24.6394 -16.5494
1132 25.6394 -12.9794
1133 27.6394 -16.2394
1134 26.6394 -20.4194
1135 34.6394 -19.5094
1136 30.6394 -22.8094
1137 27.6394 -16.0094
1138 34.6394 -23.1894
1139 32.6394 -15.2294
1140 29.6394 -15.8794
1141 23.6394 -16.9194
1142 24.6394 -16.6694
1143 35.6394 -22.3394
1144 32.6394 -23.4694
1145 27.6394 -22.3194
1146 30.6394 -14.6294
1147 27.6394 -17.8194
1148 33.6394 -23.1194
1149 27.6394 -16.5094
1150 33.6394 -19.1394
1151 34.6394 -22.5994
1152 30.6394 -15.5394
1153 28.6394 -13.0094
1154 28.6394 -23.2794
1155 26.6394 -23.3694
1156 24.6394 -19.8194
1157 32.6394 -18.5194
1158 23.6394 -12.8794
1159 26.6394 -16.4694
1160 24.6394 -11.4594
1161 31.6394 -13.9194
1162 19.6394 -17.6894
1163 14.6394 -19.7294
1164 23.6394 -22.8294
1165 18.6394 -22.3894
1166 16.6394 -13.8194
1167 20.6394 -14.4694
1168 14.6394 -23.6394
1169 23.6394 -11.6494
1170 12.6394 -22.2294
1171 18.6394 -23.6294
1172 12.6394 -22.8694
1173 17.6394 -23.0894
1174 23.6394 -11.0694
1175 11.6394 -22.6194
1176 16.6394 -21.3794
1177 11.6394 -22.6494
1178 12.6394 -22.3094
1179 18.6394 -15.9194
1180 22.6394 -14.6994
1181 13.6394 -20.6694
1182 21.6394 -16.8594
1183 22.6394 -18.4394
1184 11.6394 -21.6394
1185 20.6394 -22.9694
1186 15.6394 -14.1494
1187 22.6394 -17.9894
1188 12.6394 -17.8194
1189 14.6394 -14.8094
1190 18.6394 -17.6594
1191 20.6394 -19.4494
1192 17.6394 -18.5194
1193 22.6394 -15.6594
1194 20.6394 -19.5594
1195 18.6394 -13.5294
1196 18.6394 -19.4394
1197 20.6394 -20.8194
1198 16.6394 -18.8894
1199 14.6394 -15.8294
1200 14.6394 -14.9094
1201 14.6394 -18.4694
1202 12.6394 -23.4794
1203 23.6394 -16.6394
1204 16.6394 -23.5694
1205 12.6394 -23.2194
1206 17.6394 -17.4394
1207 22.6394 -15.8194
1208 13.6394 -17.3294
1209 16.6394 -20.3494
1210 13.6394 -20.6194
1211 15.6394 -19.6694
1212 19.6394 -17.6294
1213 23.6394 -16.8694
1214 18.6394 -17.8294
1215 13.6394 -18.5994
1216 11.6394 -21.5794
1217 14.6394 -21.3594
1218 20.6394 -19.5694
1219 13.6394 -17.9094
1220 15.6394 -15.4894
1221 35.6394 -25.3594
1222 24.6394 -28.4494
1223 30.6394 -23.8394
1224 28.6394 -24.4994
1225 24.6394 -24.7194
1226 26.6394 -33.5794
1227 32.6394 -27.3094
1228 33.6394 -27.4894
1229 33.6394 -30.3994
1230 31.6394 -23.6594
1231 32.6394 -29.4094
1232 25.6394 -29.1694
1233 30.6394 -32.9894
1234 28.6394 -29.0194
1235 30.6394 -30.9094
1236 27.6394 -33.9194
1237 31.6394 -29.0594
1238 32.6394 -27.2194
1239 30.6394 -28.9094
1240 29.6394 -25.3194
1241 30.6394 -32.5394
1242 32.6394 -28.5694
1243 30.6394 -32.2594
1244 25.6394 -26.1794
1245 34.6394 -24.6594
1246 26.6394 -35.3394
1247 31.6394 -30.3294
1248 26.6394 -24.0094
1249 24.6394 -26.9994
1250 34.6394 -27.2794
1251 23.6394 -24.4594
1252 27.6394 -33.7894
1253 23.6394 -28.7094
1254 23.6394 -35.5394
1255 26.6394 -24.8694
1256 28.6394 -34.8894
1257 27.6394 -24.8994
1258 26.6394 -27.8594
1259 32.6394 -26.6594
1260 30.6394 -25.4294
1261 31.6394 -24.0094
1262 31.6394 -33.5094
1263 29.6394 -27.8894
1264 33.6394 -24.2594
1265 33.6394 -30.1694
1266 27.6394 -35.3994
1267 26.6394 -34.8694
1268 31.6394 -31.2694
1269 33.6394 -28.3394
1270 35.6394 -26.3194
1271 26.6394 -23.7994
1272 25.6394 -33.2194
1273 32.6394 -24.2894
1274 34.6394 -26.4694
1275 26.6394 -31.7294
1276 30.6394 -24.3894
1277 29.6394 -23.7894
1278 26.6394 -28.6794
1279 26.6394 -30.0294
1280 13.6394 -23.6894
1281 11.6394 -24.0794
1282 21.6394 -33.9494
1283 22.6394 -33.8994
1284 16.6394 -33.1394
1285 14.6394 -25.6394
1286 20.6394 -34.0494
1287 23.6394 -25.7694
1288 13.6394 -28.7494
1289 22.6394 -32.9494
1290 16.6394 -31.1294
1291 20.6394 -30.7194
1292 21.6394 -34.5394
1293 20.6394 -28.0194
1294 11.6394 -25.3194
1295 13.6394 -28.7594
1296 12.6394 -23.8594
1297 21.6394 -28.1894
1298 20.6394 -28.4094
1299 11.6394 -25.6394
1300 18.6394 -34.9294
1301 15.6394 -25.0994
1302 12.6394 -24.8494
1303 21.6394 -36.3294
1304 13.6394 -26.0494
1305 17.6394 -23.8994
1306 16.6394 -32.6094
1307 16.6394 -30.2994
1308 13.6394 -30.2494
1309 17.6394 -24.9794
1310 15.6394 -32.9894
1311 11.6394 -24.6694
1312 20.6394 -24.1994
1313 16.6394 -32.2694
1314 15.6394 -29.5594
1315 15.6394 -24.7594
1316 17.6394 -29.7994
1317 12.6394 -26.5594
1318 22.6394 -35.8594
1319 21.6394 -32.3294
1320 17.6394 -30.8194
1321 19.6394 -32.2194
1322 14.6394 -25.4894
1323 20.6394 -34.6794
1324 23.6394 -32.9794
1325 17.6394 -30.3994
1326 20.6394 -31.5294
1327 21.6394 -35.4194
1328 15.6394 -29.5394
1329 19.6394 -32.4594
1330 15.6394 -24.6994
1331 19.6394 -26.1894
1332 19.6394 -33.6994
1333 13.6394 -23.7594
1334 19.6394 -30.7694
1335 17.6394 -32.1194
1336 13.6394 -28.9694
1337 21.6394 -24.6294
1338 23.6394 -34.4794
1339 22.6394 -24.2894
