%%index real_part   imaginary_part
5003 5003 5003
1 9.31 7.16
2 9.62 16.22
3 7.81 18.75
4 29.98 14.17
5 6.29 18.46
6 35.1 27.03
7 27.59 34.57
8 28 4.36
9 18.01 34.12
10 3.55 15.3
11 23.11 27.35
12 5.21 25.29
13 5.41 28.05
14 17.86 25.33
15 9.44 29.8
16 0.48 2.31
17 18.53 19.27
18 1.02 10.1
19 24.28 26.86
20 8.32 31.53
21 21.56 31.09
22 29.18 6.94
23 11.31 12.67
24 9.79 20.18
25 35.48 29.32
26 20.2 13.86
27 2.15 22.11
28 13.17 25.93
29 14.26 8.09
30 1.41 31.03
31 33.86 24.23
32 6.5 1.89
33 11.99 15.91
34 6.29 8.05
35 2.58 36.79
36 31.4 15.13
37 22.08 24.66
38 0.33 23.58
39 6.77 33.91
40 26.75 10.12
41 23.98 5.25
42 27.37 10.47
43 36.4 26.65
44 35.26 4.06
45 35.61 13.67
46 0.9 36.67
47 1.56 32.48
48 11.91 7.4
49 15.97 14.08
50 13.87 18.21
51 33.86 18.55
52 6.21 8.28
53 31.86 18.94
54 16.37 6.54
55 17.18 1.63
56 7.41 6.65
57 17.12 4.68
58 31.86 35.3
59 2.36 17.05
60 30.72 30.12
61 29.8 0.97
62 33.97 32.14
63 3.06 31.36
64 8.44 9.41
65 27.62 19.04
66 0.59 22.84
67 31.12 24.48
68 6.95 7.33
69 13.87 26.5
70 28.66 23.84
71 30.49 31.58
72 36.26 36.07
73 34.89 11.14
74 28.71 31.12
75 24.25 0.25
76 1.74 22.95
77 18.09 17.57
78 11.93 36.24
79 8.65 21.67
80 3.71 20.9
81 6.74 36.79
82 24.27 4.83
83 12.16 1.38
84 28.4 31.74
85 19.11 26.55
86 21.13 20.06
87 19.65 13.12
88 24.26 20.4
89 15.04 17.54
90 18.31 16.49
91 2.44 2.81
92 20.38 20.58
93 19.82 20.53
94 5.21 32.84
95 17.26 28.47
96 28.78 9.44
97 14.79 24
98 25.9 16.05
99 11.32 26.95
100 16.51 17.3
101 0.89 30.43
102 7.07 1.16
103 22.08 21.06
104 1.61 31.86
105 11.35 0.13
106 3.46 20.44
107 4.02 13.8
108 34.85 24.37
109 20.21 24.36
110 15.83 3.58
111 13.03 0.47
112 24.99 7.61
113 24.19 27.82
114 18.3 14.41
115 31.71 36.03
116 29.98 35.33
117 36.49 33.12
118 17.19 0.05
119 31.91 21.58
120 22.23 19.32
121 2.76 6.27
122 20.07 25.69
123 13.06 7.31
124 31.67 18.44
125 22.03 33.79
126 34.26 11.03
127 19.16 35.58
128 26.4 22.77
129 0.18 6.87
130 5.9 8.22
131 6.55 32.42
132 28.54 36.4
133 36.46 6.05
134 28.15 9.25
135 28.57 31.89
136 1.16 13.38
137 2.59 31.86
138 2.17 21.75
139 3.2 16.18
140 12.97 34.36
141 8.39 25.75
142 24.33 10.76
143 33.53 27.56
144 34.43 14.25
145 22.48 33.72
146 29.66 3.86
147 3.26 29.55
148 35.6 21.2
149 30.98 3.24
150 35.14 27.27
151 3.65 23.07
152 17.93 36.3
153 21.58 6.77
154 22.95 20.62
155 17.99 25.3
156 14.05 36.44
157 10.2 26.38
158 17.46 1.9
159 16.15 7.26
160 4.5 14.9
161 19.28 2.15
162 31.71 34.16
163 18.88 22.54
164 25.79 30.83
165 21.11 12.86
166 35.94 23.93
167 23.75 25.28
168 32.05 17.39
169 1.02 8.85
170 34.15 18.52
171 17.97 19.53
172 8.91 11.72
173 14.14 28.69
174 36.47 26.9
175 4.8 30.3
176 32.97 3.97
177 1.65 24.08
178 10.14 27.68
179 22.04 20.54
180 33.92 36.45
181 23.38 6.15
182 31.43 33.38
183 13.78 10.66
184 19.51 27.01
185 9.05 14.8
186 34.33 17.19
187 29.43 27.54
188 19.76 6.76
189 33.66 6.58
190 0.4 19.23
191 23.73 1.98
192 26.58 33.37
193 24.58 25.9
194 9.44 36.73
195 36.7 9.62
196 16.29 6.89
197 3.27 23.61
198 34.27 11.24
199 1.77 17.05
200 32.37 17.3
201 35.01 10.83
202 1.37 30.22
203 36.99 27.97
204 34.55 21.13
205 3.89 34.17
206 36.16 35.47
207 32.36 28.14
208 17.04 26.26
209 26.51 19.94
210 30.08 27.01
211 33.9 26.22
212 12.83 9.37
213 21.14 0.69
214 17.75 10.62
215 27.92 22.91
216 33.74 13.64
217 6.87 26.46
218 17.43 35.64
219 20.29 7.38
220 5.07 14.98
221 13.97 24.18
222 15.32 4.75
223 31.02 9.33
224 29.28 32.89
225 22.9 20.53
226 10.27 22.88
227 32.78 19.8
228 20.49 23.1
229 33.72 16.92
230 2.83 1.76
231 15.41 25.17
232 14.63 0.1
233 36.26 22.8
234 30.7 32.06
235 10.56 19.55
236 7.26 35.77
237 3.53 24.53
238 33.86 23.1
239 18.99 34.55
240 18.6 26.14
241 12.03 4.89
242 25.21 28.88
243 15.5 8.33
244 25.25 8.71
245 10.99 12.23
246 0.4 28.6
247 28.7 26.92
248 12.72 15.03
249 10.61 27.96
250 11.04 6.94
251 5.72 21.17
252 8.7 18.3
253 4.92 9.25
254 7.32 5.56
255 32.23 23.92
256 29.33 26.44
257 18.84 7.78
258 16.11 17.55
259 26.78 34.35
260 10.1 4.36
261 33.48 0.77
262 28.22 10.5
263 26.05 25.19
264 16.67 4.46
265 11.41 36.66
266 21.35 27.71
267 9.01 17.13
268 26.9 30.05
269 36.13 13.94
270 1.38 34.74
271 24.18 31.88
272 2.66 30.71
273 11.78 6.03
274 3.9 19.29
275 24.17 1.56
276 2.86 14
277 24.5 20.66
278 8.85 31.08
279 35.54 14.07
280 14.25 26.04
281 16.76 9.95
282 27.6 35.6
283 29.17 26.29
284 3.75 18.02
285 15.76 28.82
286 23.71 5.13
287 36.37 3.47
288 9.5 26.89
289 9.19 11.15
290 13.24 13.4
291 27.4 33.36
292 17.02 16.1
293 10.18 15.42
294 30.01 26.39
295 15.44 9.24
296 19.72 7.26
297 6.38 32.2
298 22.01 10.84
299 28.87 36.07
300 27.89 25.77
301 31.42 8.15
302 11.62 15.12
303 5.02 31.31
304 5.99 21.12
305 35.04 14.21
306 10.57 19.23
307 35.33 25.96
308 4.38 27.6
309 17.51 9.03
310 18.79 34.91
311 5.17 32.95
312 28.67 2.03
313 12.88 12.07
314 11.14 13.69
315 2.98 5.27
316 13.42 2.56
317 17.68 34.92
318 29.24 25.05
319 9.69 22.7
320 36.91 35.23
321 17.46 7.74
322 34.22 11.01
323 2.13 16.31
324 25.86 1.61
325 0.04 19.64
326 16.12 7.65
327 9.69 5.22
328 17.81 7.79
329 22 23.09
330 28.36 28.96
331 32.04 24.98
332 22.91 4.78
333 29.83 12.72
334 35.43 15.67
335 14.42 2.53
336 10.79 35.86
337 10.39 32.4
338 11.71 8.01
339 10.14 12.52
340 32.17 1.09
341 9.26 10.19
342 15.93 11.29
343 19.6 19.47
344 5.56 33.74
345 26.22 4.61
346 30.11 33.92
347 2.23 21.26
348 33.99 16.02
349 32.21 32.06
350 35.11 32.94
351 32.32 9.63
352 5.03 8.9
353 17.44 5.72
354 18.24 17.26
355 18.35 27.58
356 0.77 13.93
357 25.74 27.62
358 10.09 17.22
359 13.97 8.35
360 13.48 16.18
361 13.1 3.19
362 24.46 6.59
363 23.14 15.85
364 11.44 21.97
365 17.91 18.35
366 27.99 9.55
367 18.98 13.23
368 19.47 33.54
369 13.81 36.94
370 27.52 0.72
371 15.17 32.68
372 23.3 28.82
373 9.04 3.92
374 12.79 33.92
375 13.1 23.53
376 26.73 26.27
377 33.38 26.72
378 5.58 14.71
379 36.68 19.52
380 0.88 17.02
381 27.09 18.11
382 31.34 29.39
383 26.45 9.59
384 9.53 13.82
385 15.06 3.26
386 35.95 0.58
387 29.92 30.23
388 34.67 22.77
389 20.21 2.48
390 26.02 10.46
391 0.25 33.31
392 23.56 16.27
393 30.98 33.64
394 16.16 29.14
395 9.68 30.66
396 11.77 17.56
397 10.47 0.29
398 10.41 6.63
399 20.97 36.93
400 3.71 20.46
401 21.04 36.55
402 29.79 3.18
403 25.96 14.48
404 16.97 27.98
405 1.45 9.69
406 6.01 5.99
407 22.26 1.7
408 35.86 29.57
409 22.23 16.76
410 10.42 15.55
411 33.11 32.43
412 32.72 22.71
413 29.86 7.11
414 7.04 6.65
415 27.12 13.84
416 13.39 10.75
417 14.46 11.16
418 26.17 6.7
419 34.69 3.94
420 13.63 6.14
421 12.13 36.66
422 1.88 19.64
423 12.73 34.91
424 14.67 0.75
425 16.3 35.48
426 30.91 25.61
427 11.84 12.93
428 20.04 27.16
429 33.81 4.7
430 19.06 27.08
431 1.36 23.93
432 35.62 32.98
433 2.68 15.82
434 20.28 24.79
435 31.45 0.89
436 0.55 33.91
437 17.08 7.1
438 5.53 2.96
439 3.71 29.81
440 28.82 20.2
441 9.33 20.53
442 33.46 23.25
443 13.93 21.17
444 26.39 17.03
445 7.63 10.75
446 35.2 8.46
447 4.44 8.99
448 25.33 34.34
449 22.65 7.64
450 8.54 8.61
451 6.05 17.1
452 24.72 9.61
453 13.09 23.13
454 16.46 30.25
455 13.45 17.32
456 0.85 8.28
457 32.06 23.3
458 7.99 34.84
459 14.87 8.99
460 19.74 34.39
461 6.37 22.5
462 32.02 18.47
463 16.33 10.81
464 18.97 20.87
465 30.01 1.99
466 19.61 28.03
467 0.65 36.06
468 22.19 7.34
469 0.59 14.26
470 31.59 2.17
471 10.46 14.57
472 1.39 32.44
473 30.28 5.52
474 14.51 9.39
475 6.78 8.67
476 31.7 34.78
477 16.77 13.15
478 24.48 26.72
479 11.11 33.1
480 35.09 6.45
481 34.49 4.12
482 3.7 18.23
483 25.57 35.66
484 12.92 26.41
485 28.59 26.68
486 4.77 7.51
487 3.48 2.57
488 8.61 6.17
489 15.56 34.28
490 5.96 23.12
491 21.42 22.86
492 36.53 1.18
493 27.9 1.19
494 34.3 24.01
495 30.98 2.53
496 6.66 32.91
497 14.14 28.47
498 27.65 10.88
499 0.3 3.23
500 30.44 4.1
501 12.13 29.41
502 31.98 35.21
503 4.38 15.61
504 13.42 3.59
505 27.23 20.46
506 6.32 19.9
507 21.08 11.66
508 13.37 6.37
509 30.38 12.5
510 15.03 11.19
511 7.63 24.89
512 16.88 22.21
513 33.1 22.29
514 26.05 7.54
515 12.16 33.92
516 26.33 19.49
517 18.22 24.29
518 3.43 21.31
519 25.42 22.61
520 6.59 16.85
521 36.75 15.65
522 27.83 13.44
523 19.81 21.35
524 33.85 4.73
525 15.92 13.72
526 1.61 12.4
527 34.62 24.07
528 9.37 18.49
529 26.55 30.72
530 27.64 35.42
531 17.91 1.71
532 26.01 17.49
533 1.8 36.65
534 22.26 29.96
535 9.81 27.74
536 6.39 29.38
537 5.82 10.08
538 31.95 34.75
539 2.48 26.15
540 2.87 28.8
541 4.2 18.92
542 6 5
543 24.02 1.82
544 33.06 15.37
545 14.31 14.09
546 15.81 24.22
547 4.71 32.22
548 31.87 5.34
549 35.3 7.03
550 34.77 17.66
551 10.56 8.63
552 18.71 4.69
553 2.44 16.9
554 6.05 13.66
555 5.98 4.92
556 23.84 9.45
557 14.97 10.7
558 13.05 29.84
559 8.73 1.99
560 16.61 9.11
561 33.86 23.04
562 18.78 32.42
563 1.28 2.09
564 9.13 14.18
565 31.84 36.58
566 8.21 7.42
567 12.11 5.92
568 22.82 27.44
569 4.62 14.55
570 19.47 29.39
571 2.36 10.6
572 21.82 6.84
573 36.68 17.34
574 19.85 34.87
575 7.51 8.42
576 31.46 36.46
577 32.4 4.37
578 6.46 13.77
579 27.95 33.68
580 33.78 16.11
581 23.54 23.31
582 29.23 5.51
583 32.95 35.65
584 13.21 15.57
585 7.96 1.09
586 11.69 33.2
587 3.04 10.33
588 28.19 33.52
589 31.91 3.25
590 12.19 11.56
591 11.03 2.42
592 6.79 7.17
593 20.94 6.95
594 3.64 13.78
595 29.89 11.89
596 35.2 0.94
597 6.46 16.43
598 15.61 27.43
599 6.52 2.41
600 4.03 28.82
601 25.54 14.49
602 25.34 15.72
603 12.76 29.11
604 32.36 16.53
605 28.09 8.2
606 10.62 8.07
607 15.24 2.64
608 9.6 17.94
609 31.72 36.19
610 11.6 13.76
611 14.7 25.13
612 4.57 9.81
613 0.76 21.16
614 24.1 20.18
615 12.52 7.29
616 22.3 28.13
617 7.37 1.06
618 30.17 10.64
619 27.69 20.66
620 28.86 26.05
621 34.12 19.3
622 21.95 3
623 20.94 12.89
624 12.6 32.07
625 9.35 16.18
626 4.32 24.2
627 34.53 24.05
628 8.74 8.89
629 29.59 35.3
630 6.11 33.36
631 25.01 5.63
632 6.69 28.41
633 2.57 32.9
634 16.56 0.39
635 26.96 30.26
636 12.56 8.94
637 12.47 24.61
638 0.5 35.03
639 30.1 33.41
640 12.6 13.1
641 0.82 2.45
642 27.03 17.44
643 26.85 35.36
644 34.18 36.29
645 32.65 19.44
646 25.07 3.29
647 32.22 20.66
648 17.08 32.28
649 33.19 34.79
650 28.57 34.17
651 6.11 23.68
652 11.29 4.65
653 2.69 18.58
654 15.52 12.31
655 25.41 33.31
656 36.29 28.64
657 9.08 26.75
658 25.11 26.84
659 26.13 35.93
660 18.89 22.81
661 26.1 22.3
662 6.48 7.48
663 3.28 21.84
664 20.15 23.56
665 20.73 36.48
666 23.68 11.72
667 16.9 27.37
668 9.47 34.97
669 10.28 19.59
670 16.42 24.99
671 17.15 36.21
672 26.48 16.23
673 6.07 26.23
674 25.68 14.6
675 0.41 32.72
676 18.02 8.09
677 15.57 27.04
678 12.4 24.5
679 11.59 19.38
680 19.38 32.56
681 7.8 32.32
682 22.69 6.06
683 4.03 24.7
684 7.81 32.17
685 20.68 14.83
686 14.56 24.76
687 3.99 0.84
688 27.59 4.04
689 19.16 10.59
690 6.31 16.28
691 24.37 20.1
692 10.66 24.86
693 12.36 3.47
694 22.85 23.06
695 19.14 24.47
696 19.8 5.23
697 11.29 27.47
698 15.17 6.01
699 1.7 15.84
700 31.19 23.51
701 11.79 22.39
702 23.75 9.27
703 13.83 15.78
704 26.89 14.34
705 31.14 33.52
706 16.62 33.73
707 21.59 18.52
708 22.51 27.8
709 14.38 34.47
710 21.95 8.88
711 14.11 33.53
712 24 5.27
713 11.28 25.92
714 5.28 2.69
715 26.72 12.99
716 35.9 36.99
717 9.26 1.51
718 17.82 22.65
719 0.51 23.09
720 20.13 8.23
721 4.96 31.66
722 13.7 36.75
723 28.07 26.55
724 24.55 36.21
725 8.09 5.46
726 2.51 9.5
727 14.77 22.72
728 12.16 27.03
729 29.72 26.57
730 3.08 17.44
731 17.95 19.97
732 22 2.5
733 25.15 27.21
734 13.82 3.34
735 11.58 25.67
736 20.85 33.96
737 34.23 16.54
738 6.62 34.55
739 33.76 25.31
740 31.29 31.17
741 4.19 5.37
742 28.09 33.8
743 23.83 19.48
744 9.57 3.77
745 21.73 17.07
746 0.56 12.66
747 15.16 2.68
748 29.89 22.57
749 25.91 3.84
750 30.03 7.23
751 4.71 1.01
752 17.56 13.88
753 11.43 1.95
754 27.78 24.7
755 18.87 8.71
756 14.08 22.59
757 19.39 23.58
758 6.06 5.69
759 9.46 6.74
760 24.33 16.15
761 28.81 31.19
762 34.39 24.9
763 10.99 7.5
764 11.34 27.28
765 35.03 0.42
766 1.44 4.89
767 18.77 2.75
768 5.22 19.52
769 7.22 30.72
770 2.43 33
771 19.11 26.61
772 13.71 17.03
773 22.72 1.5
774 8.76 20.29
775 36.44 32.7
776 26.89 33.09
777 21.51 28.26
778 35.76 24.28
779 15.08 32.5
780 32.93 10.62
781 15.51 13.63
782 16.38 34.89
783 17.41 34.8
784 28.52 22.12
785 18.64 25.15
786 14.76 31.47
787 11.5 0.75
788 2.77 28.47
789 11.76 34.22
790 30.44 11.53
791 8.15 11.2
792 2.98 20.85
793 8.65 29.66
794 25.17 2.26
795 12.88 23.73
796 0.88 21.62
797 20.03 28.91
798 27.23 17.27
799 2.39 0.96
800 26.11 18.75
801 13.74 21.56
802 22.31 4.39
803 33.38 25.24
804 22.98 25.09
805 36.62 8.66
806 20.38 16.42
807 0.27 7.77
808 0.44 23.37
809 26.15 8.92
810 33.17 26.13
811 11.27 2.56
812 31.47 34.06
813 14.85 31.82
814 32.78 21.71
815 3.98 17.76
816 2.32 21.89
817 26.28 17.73
818 6.49 24.64
819 12.73 23.18
820 31.84 29.48
821 8.9 12.87
822 20.65 15.22
823 2.11 9.7
824 18.62 21.61
825 11.26 28.27
826 30.83 14.8
827 12.38 23.05
828 17.87 25.82
829 11.05 27.23
830 7.99 13.65
831 36.06 15.56
832 33.29 10.84
833 35.48 25.86
834 12.04 2.78
835 32.78 11.21
836 24.6 7.4
837 22.62 5.21
838 14.91 8.25
839 30.38 25.26
840 17.05 34.05
841 12.37 4.64
842 28.21 11.4
843 0.22 24.75
844 15.5 9.08
845 23.25 11.8
846 27.36 24.02
847 34.86 22.31
848 11.69 24.17
849 27.47 33.34
850 8.07 23.73
851 31.13 23.26
852 28.99 32.67
853 4.45 17.28
854 5.54 6.9
855 4.47 34.83
856 3 22.59
857 33.99 16.85
858 5.12 31.21
859 3.82 34.73
860 10.05 20.63
861 7.65 27.07
862 12.91 0.41
863 25.1 5.51
864 2.37 24.6
865 11.86 15.58
866 2.36 10.96
867 6.63 5.99
868 23.79 31.35
869 1.77 11.6
870 9.44 29.33
871 15.44 6.24
872 23.09 12.96
873 7.69 12.95
874 11.21 28.22
875 12.37 12.03
876 2.63 21.26
877 22.2 20.02
878 26.05 15.54
879 3.66 10.3
880 26.4 28.42
881 2.9 15.52
882 22.04 28.76
883 23.11 9.53
884 21.14 8.83
885 1.69 24.88
886 31.13 31.1
887 7.58 17.65
888 31.13 17.74
889 8.96 15.79
890 27.83 5.34
891 27.12 21.85
892 4.87 30.46
893 9.52 12.84
894 23.67 31.44
895 23.38 13.18
896 29.23 13.07
897 4.84 26.28
898 35.82 14.79
899 23.62 28.47
900 16.36 20.48
901 15.1 25.83
902 7.01 11.01
903 28.75 23.2
904 1.99 1.14
905 7 1.24
906 23.09 29.82
907 23.8 34.64
908 10.49 28.49
909 22.93 33.32
910 10.03 34.16
911 10.75 9.84
912 36.12 2.26
913 17.05 15.59
914 7.07 35.46
915 19.46 4.19
916 30.55 23.95
917 35.48 34.56
918 21.28 0.56
919 1.7 27.75
920 28.99 23.28
921 16.62 9.22
922 6.86 15.61
923 7.62 3.43
924 36.75 17.87
925 15.55 31.07
926 3.91 9.78
927 12.56 26.31
928 5.42 3.04
929 1.5 29.61
930 34.33 13.01
931 36.96 20.97
932 19.05 27.88
933 28.44 35.44
934 26.72 3.34
935 27.14 30.66
936 2.88 19.23
937 34.84 6.76
938 10.71 9.74
939 27.62 5.98
940 0.06 10.99
941 21.29 6.69
942 33 4.49
943 7.53 33.86
944 26.99 1.43
945 14.44 9.56
946 31.05 24.32
947 15.72 14.93
948 13.89 13.62
949 17.48 7.16
950 0.82 3.61
951 22.85 7.62
952 14.91 3.7
953 13.97 21.21
954 27.2 26.14
955 0.13 5.11
956 11.8 27.78
957 32.27 21.95
958 18.81 8.33
959 9.76 3.33
960 12.89 9.32
961 34.17 24.72
962 2.65 7.46
963 21.08 12.89
964 20.06 17.07
965 20.68 1.57
966 9.71 21.4
967 25.63 7.05
968 28.27 25.14
969 14.29 2.6
970 8.23 18.99
971 9.77 14.94
972 36.89 20.03
973 28.36 5.04
974 8.89 19.22
975 28.55 1.64
976 26.37 21.78
977 29.76 26.24
978 2.13 29.54
979 9.61 13.85
980 15.94 22.71
981 7.64 30.82
982 0.87 25.65
983 13.8 33.27
984 36.39 29.14
985 11.13 28.61
986 6.55 7.62
987 28.17 21.42
988 26.99 6.97
989 26.19 19.54
990 21.7 35.88
991 21.19 18.26
992 7.5 11.59
993 4.14 13.95
994 27.8 10.16
995 33.39 14.27
996 8.09 6.74
997 32.92 4.03
998 0.3 9.49
999 2.15 10.24
1000 2.37 0.21
1001 7.83 13.29
1002 34.71 8.92
1003 16.41 36.01
1004 19.07 24.7
1005 24.11 5.61
1006 24.39 3.77
1007 15.37 8.3
1008 22.25 32.42
1009 5.58 20.03
1010 34.82 13.06
1011 20.32 2.49
1012 6.53 6.44
1013 15.93 16.76
1014 27 7.35
1015 7.57 18.08
1016 31.89 29.37
1017 1.82 15.92
1018 14.93 30.13
1019 18.35 18.75
1020 24.36 34
1021 1.3 5.46
1022 13.76 12.28
1023 7.7 17.19
1024 0.74 36.02
1025 12.6 13.8
1026 16.29 35.56
1027 5 33.44
1028 13.21 23.34
1029 31.22 -21.45
1030 3.06 -3.73
1031 33.63 -1.79
1032 17.71 -34.95
1033 28.08 -35.97
1034 17.72 -33.17
1035 30.69 -9.96
1036 15.42 -5.61
1037 17.89 -32.51
1038 12.7 -29.71
1039 29.25 -26.11
1040 2.91 -13.44
1041 12.53 -5.37
1042 1.81 -19.72
1043 6.07 -18.05
1044 2.51 -15.54
1045 19.28 -0.29
1046 2.6 -6.09
1047 4.04 -16.43
1048 15.4 -20.83
1049 17.52 -32.65
1050 6.13 -33.12
1051 2.25 -11.22
1052 6.73 -21.55
1053 14.78 -20.14
1054 9.25 -19.96
1055 33.92 -7.03
1056 12.4 -12.68
1057 32.41 -9.45
1058 28.03 -14.74
1059 30.28 -2
1060 2.81 -30.54
1061 0.15 -13.08
1062 29.51 -5.93
1063 26.76 -4.19
1064 0.36 -7.91
1065 4.56 -7.29
1066 19.03 -6.49
1067 28.57 -6.81
1068 27.48 -26.28
1069 9.24 -6.35
1070 13.91 -0.25
1071 12.94 -6.17
1072 16.14 -26.83
1073 4.57 -8.87
1074 10.87 -7.17
1075 1.23 -35.38
1076 11.46 -13.68
1077 19.61 -1.38
1078 5.58 -3.98
1079 12.41 -9.89
1080 17.7 -6.46
1081 12.96 -17.49
1082 24.83 -36.73
1083 26.02 -5.05
1084 11.4 -15.31
1085 16.08 -35.78
1086 4.95 -25.83
1087 15.67 -29.54
1088 1.41 -21.1
1089 28.27 -20.76
1090 19.66 -12.28
1091 26.48 -30.03
1092 31.41 -31.13
1093 35.63 -9.61
1094 19.51 -0.51
1095 6.98 -11.56
1096 29.06 -0.73
1097 0.99 -20.46
1098 25.51 -16.89
1099 32.72 -27.53
1100 26.31 -0.43
1101 26.27 -12.32
1102 4.87 -31.79
1103 16.41 -5.46
1104 26.74 -6.28
1105 19.09 -8.2
1106 1.23 -9.93
1107 4.06 -8.57
1108 18.19 -32.65
1109 33.16 -3.21
1110 14.77 -1.22
1111 2.47 -3.66
1112 24.12 -7.35
1113 24.76 -3.46
1114 31.51 -13.15
1115 13.59 -20.48
1116 32.81 -21.35
1117 16.14 -3.38
1118 9.36 -0.68
1119 7.48 -32.55
1120 3.75 -36.62
1121 9.55 -26.57
1122 35.15 -5.51
1123 1.16 -14.13
1124 17.34 -16.86
1125 18.6 -34.84
1126 2.03 -32.64
1127 2.99 -21.59
1128 25.58 -26.67
1129 2.83 -28.28
1130 11.76 -20.09
1131 4.96 -16.94
1132 20.32 -8.09
1133 9.29 -21.1
1134 17.17 -30.2
1135 29.82 -17.3
1136 6.87 -21.45
1137 26.96 -2.38
1138 16.51 -5.54
1139 22.92 -28.64
1140 27 -34.38
1141 30.02 -5.04
1142 26.64 -29.03
1143 19.23 -33.53
1144 24.81 -15.22
1145 35.83 -22.06
1146 2.52 -0.1
1147 8.71 -3.8
1148 25.42 -23.36
1149 16.56 -18.53
1150 35.83 -5.6
1151 27.57 -9.38
1152 12.28 -6.22
1153 11.77 -18.05
1154 9.69 -29.32
1155 26.7 -35.21
1156 3.26 -0.21
1157 29.77 -20.24
1158 16.77 -29.9
1159 8.64 -12
1160 34.58 -5.11
1161 5.73 -7.47
1162 11.79 -0.1
1163 23.46 -14.96
1164 33.49 -0.22
1165 6.34 -3.54
1166 13.44 -32.84
1167 2.59 -33.91
1168 14.96 -25.73
1169 18.57 -14.88
1170 13.09 -25.17
1171 25.38 -8.27
1172 28.51 -16.35
1173 9.77 -18.67
1174 30.67 -8.8
1175 13.91 -18.93
1176 26.93 -28.25
1177 28.87 -20.16
1178 35.13 -1.72
1179 1.94 -15.85
1180 19.39 -32.14
1181 28.51 -8.28
1182 5.71 -33.36
1183 22.61 -31.1
1184 8.98 -21.19
1185 9.36 -4.18
1186 12.45 -22.59
1187 2.47 -35.27
1188 16.94 -3.96
1189 13.28 -12.76
1190 31.7 -10.62
1191 2.39 -27.2
1192 10.88 -21.63
1193 23.87 -31.79
1194 10.64 -9.53
1195 5.2 -25.82
1196 34.62 -30.56
1197 26.92 -33.71
1198 28.33 -3.86
1199 25.05 -12.53
1200 16.71 -0.83
1201 23.42 -34.42
1202 33.21 -29.16
1203 33.64 -25.89
1204 1.66 -13.15
1205 24.29 -9.92
1206 0.64 -33.88
1207 18.51 -27.21
1208 22 -12.05
1209 21.58 -5.38
1210 31.72 -32.64
1211 26.2 -26.78
1212 24.01 -29.87
1213 34.25 -16.64
1214 29.17 -15.34
1215 16.17 -22.3
1216 20.24 -8.88
1217 1.56 -3.12
1218 29.53 -16.45
1219 29.61 -35.72
1220 8.65 -31.19
1221 28.07 -17.42
1222 7.63 -9.81
1223 21.86 -10.1
1224 16.01 -29.63
1225 25.8 -6.97
1226 33.75 -11.25
1227 4.64 -15.52
1228 32.17 -20.77
1229 36.63 -1.89
1230 24.2 -24.86
1231 34.27 -16.33
1232 19.45 -7.96
1233 24.42 -35.83
1234 35.08 -11.98
1235 6.7 -17.55
1236 35.49 -6.73
1237 17.06 -35.29
1238 8.92 -6.13
1239 36.28 -1.93
1240 8.9 -24.93
1241 36.18 -25.6
1242 4.13 -6.17
1243 27.46 -4.35
1244 6.24 -36.82
1245 24.68 -27.1
1246 6.95 -30.96
1247 1.93 -21.95
1248 21.31 -26.4
1249 1.9 -26.87
1250 7.94 -19.39
1251 26.64 -8.6
1252 7.42 -6.43
1253 12.56 -6.7
1254 9.15 -16.34
1255 4.27 -12.37
1256 0.97 -18.57
1257 25.27 -3.97
1258 8.32 -5.62
1259 5.44 -15.73
1260 6.35 -15.09
1261 9.05 -30.13
1262 15.6 -13.3
1263 3.22 -11.5
1264 1.37 -36.91
1265 19.82 -5.13
1266 14.25 -9.31
1267 16.27 -9.46
1268 16.69 -21.67
1269 1.01 -28.83
1270 4.72 -25.84
1271 7.94 -5.8
1272 10.3 -5.7
1273 11.84 -33.21
1274 11.94 -19.14
1275 34.75 -17.29
1276 10.94 -18.3
1277 32.12 -6.81
1278 18.83 -26.54
1279 26.98 -35.35
1280 3.48 -20.21
1281 30.04 -9.8
1282 19.79 -18.25
1283 3.45 -9.31
1284 1.67 -36.48
1285 25.84 -4.98
1286 10.79 -6.91
1287 13.13 -33.78
1288 30.51 -21.61
1289 4.27 -24.98
1290 5.27 -5.46
1291 24.28 -2.03
1292 9.36 -16.21
1293 6.27 -19.92
1294 18.27 -28.19
1295 11.92 -33.77
1296 7.1 -22.27
1297 3.53 -4.97
1298 14.8 -26.89
1299 26.89 -7.5
1300 12.48 -16.99
1301 23.91 -15.73
1302 13.04 -23.79
1303 8.4 -0.56
1304 25.54 -6.55
1305 12.53 -13.2
1306 15.23 -30.81
1307 10.54 -36.81
1308 19.74 -24.59
1309 15.78 -17.34
1310 14.11 -1.53
1311 23.81 -27.71
1312 33.2 -21.21
1313 11.62 -27.86
1314 35.36 -11.52
1315 29.04 -1.51
1316 17.77 -11.36
1317 35.16 -16.47
1318 17.03 -30.81
1319 0.36 -7.08
1320 20.28 -5.58
1321 36.91 -12.9
1322 13.23 -35.51
1323 23.62 -10.98
1324 28.32 -33.49
1325 35.55 -2.41
1326 30.64 -5.95
1327 27.69 -22.88
1328 13.74 -27.36
1329 2.4 -2.83
1330 4.35 -12.62
1331 23.98 -31.44
1332 10.91 -22.64
1333 16.45 -22.66
1334 29.75 -28.47
1335 34.05 -17.33
1336 30.75 -13.55
1337 12.07 -34.48
1338 8.46 -7.51
1339 4.52 -36.21
1340 1.62 -0.3
1341 6.26 -3.07
1342 25.95 -32.78
1343 23.66 -34.47
1344 0.3 -3.21
1345 16.35 -26.07
1346 21.03 -5.17
1347 27.81 -3.34
1348 26.52 -32.47
1349 23.94 -7.26
1350 25.12 -19.27
1351 32.83 -21.51
1352 19.51 -18.87
1353 26.38 -8.42
1354 7.63 -27.98
1355 28.8 -30.91
1356 34.5 -9.78
1357 6.08 -35.58
1358 33.05 -23.46
1359 26.67 -30.27
1360 19.34 -33.88
1361 2.05 -6.55
1362 9.89 -3.89
1363 36.36 -29.87
1364 0.65 -36.93
1365 19.73 -23.82
1366 8.85 -26.29
1367 8.69 -15.56
1368 24.5 -28.37
1369 19.87 -35.07
1370 29.5 -32.65
1371 5.95 -11.67
1372 10.78 -27.53
1373 13.99 -12.56
1374 5.83 -6.83
1375 4.23 -4.18
1376 10.73 -25.69
1377 29.58 -6.29
1378 36.68 -21.14
1379 21.6 -29.47
1380 16.29 -0.85
1381 27.67 -4.33
1382 20.41 -25.15
1383 17.04 -36.36
1384 34.95 -7.91
1385 4.08 -36.91
1386 12.1 -27.98
1387 18.51 -10.04
1388 22.6 -22.88
1389 30.24 -33.02
1390 0.72 -28.95
1391 17.64 -34.99
1392 4.28 -11.98
1393 33.64 -10.22
1394 2.69 -4.48
1395 5.86 -18.24
1396 22.57 -19.51
1397 8.18 -33.53
1398 32.89 -5.98
1399 14.41 -25.22
1400 25.65 -30.84
1401 21.82 -18.5
1402 29.06 -1.27
1403 24.68 -3.85
1404 36.87 -15.18
1405 7.13 -17.92
1406 15.91 -0.6
1407 13.1 -24.77
1408 35.51 -20.72
1409 25.72 -9.74
1410 27.99 -1.73
1411 21.24 -31.58
1412 28.63 -13.56
1413 20.07 -29.42
1414 18.16 -25.04
1415 18.89 -34.48
1416 16.5 -7.33
1417 8.6 -4.23
1418 8.61 -8.56
1419 24.26 -33.28
1420 14.72 -8.48
1421 9.6 -31.91
1422 20.2 -31.16
1423 15.4 -22.7
1424 32.45 -18.72
1425 20.45 -4.12
1426 36.23 -23.96
1427 0.52 -5.21
1428 34.63 -27.86
1429 16.43 -20.59
1430 18.6 -16.31
1431 23.64 -35.32
1432 3.07 -35.1
1433 7.19 -32.24
1434 29.05 -11.68
1435 20.69 -31.45
1436 26.89 -6.77
1437 1.45 -30.81
1438 16.52 -10.09
1439 28.81 -16.85
1440 20.98 -12.49
1441 36.45 -12.78
1442 17.99 -20.73
1443 12.11 -0.49
1444 21.61 -16.14
1445 32.45 -28.54
1446 27.38 -3.21
1447 1.31 -19.09
1448 14.86 -30.98
1449 5.66 -8.5
1450 3.48 -6.91
1451 14.2 -26.87
1452 20.69 -30.37
1453 3.46 -15.66
1454 32.51 -0.73
1455 13.74 -32.8
1456 8.58 -17.01
1457 0.74 -13.71
1458 14.2 -27.1
1459 6.76 -13.38
1460 4.92 -35.81
1461 2.02 -2.22
1462 21.83 -32.83
1463 26.81 -3.86
1464 12.36 -36.69
1465 7.12 -32.99
1466 22.87 -15.84
1467 9.21 -21.33
1468 36.99 -7.08
1469 8.33 -12.68
1470 9 -32.5
1471 13.04 -22.07
1472 35.78 -18.1
1473 8.2 -13.78
1474 27.68 -13.5
1475 12.84 -15.49
1476 17.71 -32.61
1477 28.44 -14.86
1478 19.24 -3.06
1479 2.76 -18.77
1480 14.76 -31.61
1481 10.97 -9.88
1482 31.21 -1.15
1483 8.23 -20.19
1484 33.39 -31.2
1485 27.23 -16.56
1486 2.15 -5.39
1487 24.01 -3.27
1488 17.57 -1.45
1489 14.96 -32.74
1490 11.23 -8.26
1491 4.39 -27.8
1492 6.18 -28.94
1493 32 -33.35
1494 15.12 -25.43
1495 20.56 -35.28
1496 8.69 -29.88
1497 31.04 -31.53
1498 15.24 -2.9
1499 34.63 -2.79
1500 19.88 -11.63
1501 17.54 -25.38
1502 28.65 -22.55
1503 24.01 -4.56
1504 0.3 -9.74
1505 18 -2.49
1506 30.81 -12.05
1507 3.99 -22.91
1508 19.26 -0.51
1509 25.94 -36.51
1510 35.32 -34.9
1511 27.79 -10.02
1512 4.56 -7.01
1513 10.43 -22.35
1514 25.66 -19.8
1515 31.96 -8.58
1516 33.96 -8.54
1517 31.1 -12.5
1518 17.58 -26.13
1519 35.88 -18.63
1520 21.12 -18.4
1521 30.45 -17.4
1522 3.32 -14.93
1523 15.44 -34.96
1524 35 -23.1
1525 21.01 -4.91
1526 15.45 -33.32
1527 3.85 -12.32
1528 34.67 -20.01
1529 3.34 -14.28
1530 23.39 -23.85
1531 32.92 -35.3
1532 11.32 -20.35
1533 10.01 -27.02
1534 9.17 -28.91
1535 10.31 -8.89
1536 26.81 -30.29
1537 8.74 -4.29
1538 2.25 -30.13
1539 16.24 -24.7
1540 30.13 -0.25
1541 33.57 -0.25
1542 12.57 -8.59
1543 28.6 -0.94
1544 15.23 -10.76
1545 34.61 -32.46
1546 31.28 -1.62
1547 22.49 -30.53
1548 21.07 -5.61
1549 35.04 -32.5
1550 4.91 -30.76
1551 24.05 -8.87
1552 13.16 -31.73
1553 24.86 -33.31
1554 21.02 -15.42
1555 15.67 -4.62
1556 5.39 -14.67
1557 23.26 -12.77
1558 13.71 -17.96
1559 29.24 -15.39
1560 10.85 -29.46
1561 31.6 -27.38
1562 21.43 -5.14
1563 11.27 -17.62
1564 13.12 -5.51
1565 36.27 -9.31
1566 18.18 -18.56
1567 13.29 -23.85
1568 20.68 -31.87
1569 10.29 -1.67
1570 6.3 -5.22
1571 19.9 -26.48
1572 2.77 -12.21
1573 30.18 -6.16
1574 22.07 -16.49
1575 9.47 -22.94
1576 13.32 -32.93
1577 1.59 -4.08
1578 21.7 -34.76
1579 3.79 -12.86
1580 22.69 -35.34
1581 16.9 -3.58
1582 27.95 -4.39
1583 36.26 -30.19
1584 32.39 -11.64
1585 17.38 -10.07
1586 0.08 -2.21
1587 14.42 -0.28
1588 6.97 -2.85
1589 19.34 -8.12
1590 31.07 -29.04
1591 25.49 -29.34
1592 33.42 -7.91
1593 5.67 -27.6
1594 3.98 -18.64
1595 16.98 -9.98
1596 14.09 -26.67
1597 31.59 -33.89
1598 27.6 -5.04
1599 17.2 -31.37
1600 4.45 -23.51
1601 25.72 -34.59
1602 35.39 -4.53
1603 7.9 -3.15
1604 11.27 -5.88
1605 35.45 -27.77
1606 20.11 -5.86
1607 13.78 -23.94
1608 15.07 -16.53
1609 35.17 -19.97
1610 29.96 -19.05
1611 9.25 -15.67
1612 13.08 -7.05
1613 12.61 -3.84
1614 35.21 -4.21
1615 27.72 -29.82
1616 27.93 -3.18
1617 8.23 -16.97
1618 20.12 -26.32
1619 32.73 -16.14
1620 6.91 -31.91
1621 1.3 -31.18
1622 18.12 -27.02
1623 7.07 -15.08
1624 35.57 -33.19
1625 15.77 -5.76
1626 21.95 -29.05
1627 36.62 -25.02
1628 29.38 -35.04
1629 2.25 -12.24
1630 5.58 -28.11
1631 31.82 -30.49
1632 10.46 -33.51
1633 23.35 -3.05
1634 19.71 -31.1
1635 26.54 -19.08
1636 13.26 -26.62
1637 17.16 -28.36
1638 6.96 -31.91
1639 28.62 -24.75
1640 30.51 -5.53
1641 34.59 -7.39
1642 32.93 -15.47
1643 14.03 -34.21
1644 9.97 -25.31
1645 16.95 -16.8
1646 10.29 -15.55
1647 12.58 -11.77
1648 14.82 -21.28
1649 15.9 -35.94
1650 18.54 -35.06
1651 25.2 -5.96
1652 34.32 -31.81
1653 27.24 -5.37
1654 30.12 -4.28
1655 10.34 -18.86
1656 26.78 -24.16
1657 3.15 -7.93
1658 5.66 -23.23
1659 11.55 -17.18
1660 33.98 -15.64
1661 31.71 -29.02
1662 3.79 -7.79
1663 29.07 -7.3
1664 6.76 -19.13
1665 17.19 -8.5
1666 14.46 -25.3
1667 20.63 -5.4
1668 11.29 -12.31
1669 17.11 -10.87
1670 30.26 -4.93
1671 29.09 -27.45
1672 35.9 -20.56
1673 6.79 -32.24
1674 12.94 -4.57
1675 20.73 -18.86
1676 10.88 -9.92
1677 17.72 -15.96
1678 23.26 -15.19
1679 34.33 -10.31
1680 19.33 -30.54
1681 18.85 -15.04
1682 20.96 -34.32
1683 9.63 -3
1684 14.4 -32.77
1685 0.71 -26.74
1686 17.2 -8.18
1687 28.74 -30.32
1688 26.09 -16.1
1689 21.19 -35.53
1690 17.4 -2.55
1691 12.48 -5.44
1692 21.41 -28.8
1693 7 -30.72
1694 4.55 -7.67
1695 1.22 -4.85
1696 20.41 -23.89
1697 21.21 -20.59
1698 24.11 -4.9
1699 0.67 -31.36
1700 21.62 -1.51
1701 10.21 -1.9
1702 32.75 -2.34
1703 18.45 -1.95
1704 1.01 -21.84
1705 24.91 -3.16
1706 8.61 -18.93
1707 10.73 -0.39
1708 31.63 -30.02
1709 1.21 -17.73
1710 23.1 -36.19
1711 23.6 -2.95
1712 24.06 -6.52
1713 11.42 -8.33
1714 2.69 -11.18
1715 13.21 -12.61
1716 14.52 -24.31
1717 27.18 -23.43
1718 25.9 -10.27
1719 32.63 -8.63
1720 12.31 -26.91
1721 8.84 -20.54
1722 21.46 -20.92
1723 14.46 -19.58
1724 0.83 -16.09
1725 15.8 -15.68
1726 18.63 -24.46
1727 30.98 -2.4
1728 11.25 -5.7
1729 17.4 -5.92
1730 18.53 -13.94
1731 1.78 -30.61
1732 17.56 -33.05
1733 6.84 -28.96
1734 1.11 -6.47
1735 33.9 -2.99
1736 23.54 -13.94
1737 34.87 -6.27
1738 26.37 -8.52
1739 24.61 -12.85
1740 28.53 -27.2
1741 15.18 -3.94
1742 6.86 -10.69
1743 16.91 -9.16
1744 15.6 -18.12
1745 32.06 -34.31
1746 28.44 -34.14
1747 30.71 -34.36
1748 26.84 -9.01
1749 16 -0.56
1750 3.55 -28.47
1751 5.42 -12.9
1752 19.17 -27.61
1753 36.13 -3.29
1754 16.66 -8.54
1755 36.27 -24.27
1756 28.73 -8.2
1757 19.41 -14.45
1758 24.14 -35.59
1759 16.71 -36.32
1760 33.63 -2.74
1761 0.4 -12.3
1762 9.66 -25.07
1763 34.6 -31.12
1764 32.2 -0.03
1765 28.5 -13.6
1766 27.03 -35.75
1767 26.89 -33.92
1768 0.73 -9.2
1769 18.27 -26.54
1770 14.33 -17.4
1771 26.12 -18.06
1772 33.03 -6.06
1773 4.66 -8.53
1774 7.85 -20.17
1775 23.44 -21.37
1776 33.67 -4.48
1777 30.07 -23.84
1778 17.96 -6.86
1779 6.89 -27.68
1780 4.28 -13.16
1781 12.44 -35.39
1782 32.32 -31.31
1783 4.04 -2.85
1784 29.91 -33.57
1785 13.97 -22.83
1786 3.89 -7.25
1787 13.31 -3.09
1788 11.62 -0.44
1789 20.62 -18.49
1790 3.39 -19.47
1791 24.47 -7.58
1792 31.42 -0.06
1793 7.44 -17.55
1794 8.75 -12.91
1795 26.59 -14.33
1796 13.25 -13.03
1797 7.87 -2.55
1798 5.4 -9.09
1799 5.66 -12.43
1800 35.78 -35.32
1801 6.09 -19.64
1802 23.25 -2.67
1803 3.63 -19.92
1804 1.94 -34.88
1805 17.87 -24.25
1806 31.83 -5.33
1807 5.91 -5.87
1808 23.94 -26.78
1809 2.69 -13.36
1810 28.21 -32.69
1811 9.24 -29.8
1812 32.36 -4.46
1813 13.55 -17.11
1814 30.06 -0.76
1815 36.6 -19.22
1816 2.38 -28.84
1817 32.03 -6.21
1818 26.14 -25.63
1819 24.03 -35.67
1820 23.44 -28.08
1821 33.93 -4.91
1822 11.3 -18.8
1823 8.58 -2.84
1824 16.2 -35.24
1825 30.93 -11.79
1826 4.59 -7.94
1827 12.4 -3.17
1828 20.81 -36.95
1829 1.24 -26.48
1830 9.22 -14.39
1831 6.24 -1.36
1832 8.1 -11.6
1833 0.23 -1.79
1834 0.46 -34.24
1835 25.84 -24.27
1836 29.7 -24.43
1837 6.23 -22.77
1838 26.13 -4
1839 2.24 -15.33
1840 27.12 -5.86
1841 13.8 -33.17
1842 36.86 -32.23
1843 32.19 -26.72
1844 16.2 -21.19
1845 35.59 -33.95
1846 35.83 -25.42
1847 0.54 -5.35
1848 7.14 -6.93
1849 4.17 -0.78
1850 25.57 -8.13
1851 32.56 -30.53
1852 16.82 -18.27
1853 22.27 -2.31
1854 17.64 -5.96
1855 12.34 -25.03
1856 21.2 -7.76
1857 3.51 -26.14
1858 16.38 -21.58
1859 5.78 -35.7
1860 33.17 -33.11
1861 21.53 -4.89
1862 10.24 -32.01
1863 1.94 -22.08
1864 23.38 -17.9
1865 26.03 -6.64
1866 0.69 -11.95
1867 30.22 -22.11
1868 24.42 -17.52
1869 24 -16.01
1870 4.04 -5.58
1871 13.86 -36.86
1872 26 -25.76
1873 10.34 -17.38
1874 16.08 -5.9
1875 2.01 -16.64
1876 22.05 -12.78
1877 7.79 -23.55
1878 9.15 -32.81
1879 13.72 -9.73
1880 16.89 -33.05
1881 8 -3.27
1882 25.91 -17.59
1883 35.63 -1.74
1884 18.27 -13.33
1885 18.92 -23.15
1886 23.01 -22.31
1887 11.07 -32.78
1888 13.16 -12.53
1889 18.43 -21.93
1890 2.1 -29.77
1891 5.55 -20.45
1892 7.52 -24.67
1893 20.49 -13.86
1894 23.59 -17.19
1895 13.24 -34.21
1896 1 -4.01
1897 21.6 -21.76
1898 23.5 -26.91
1899 3.25 -20.23
1900 6.38 -4.77
1901 27.6 -22.69
1902 18.99 -29.39
1903 5.44 -2.19
1904 24.64 -32.68
1905 25.97 -23.87
1906 7.32 -26.74
1907 14.94 -32.04
1908 8.9 -15.36
1909 32.55 -35.43
1910 32.64 -33.01
1911 0.02 -8.79
1912 31.07 -33.64
1913 23.56 -21.62
1914 5.37 -18.09
1915 22.86 -27.33
1916 13.54 -12.27
1917 5.18 -13.98
1918 16.17 -33.05
1919 28.73 -10.62
1920 34.5 -3.82
1921 31.08 -18.22
1922 13.26 -5.34
1923 20.71 -9.02
1924 7.45 -22.16
1925 18.18 -16.78
1926 26.1 -3.61
1927 0.78 -18.2
1928 3.35 -20.17
1929 1.27 -24.86
1930 15.71 -9.24
1931 21.52 -24.65
1932 1.64 -29.25
1933 25.82 -26.7
1934 0.33 -18.33
1935 22.15 -18.08
1936 36.3 -35.35
1937 4.21 -16.76
1938 26.3 -12.57
1939 35.25 -24.92
1940 4.71 -34.28
1941 1.41 -16.43
1942 35.16 -30.81
1943 14.5 -2.19
1944 27.57 -1.51
1945 11.27 -15.77
1946 3.43 -6.28
1947 36.05 -32.79
1948 22.5 -5.59
1949 23.92 -24.88
1950 5.96 -23.35
1951 22.22 -9.08
1952 26.36 -5.26
1953 18.35 -26.43
1954 14.88 -15.66
1955 13.46 -16.61
1956 33.04 -20.11
1957 14.44 -14.88
1958 17.07 -31.72
1959 33.75 -28.94
1960 7.72 -8.17
1961 14.45 -8.03
1962 3.82 -11.67
1963 17.26 -13.51
1964 1.91 -26.84
1965 13.71 -4.18
1966 13.78 -7.87
1967 13.65 -35.93
1968 25.89 -3.66
1969 19.33 -32.01
1970 11.62 -3.77
1971 23.88 -33.31
1972 11.19 -8.18
1973 3.43 -1.84
1974 30.78 -28.79
1975 36.96 -0.18
1976 8.21 -2.02
1977 13.69 -14.93
1978 28.44 -12.56
1979 2.4 -31.47
1980 36.18 -30.87
1981 1.74 -16.12
1982 15.57 -12.96
1983 16.63 -15.92
1984 10.93 -4.46
1985 8.75 -36.48
1986 33.31 -23.07
1987 31.77 -33.15
1988 34.99 -7.51
1989 36.82 -35.2
1990 35.39 -28.78
1991 31.32 -36.78
1992 15.23 -7.12
1993 19.68 -8.54
1994 3.01 -6.68
1995 1.07 -22.61
1996 2.25 -2.19
1997 15.68 -3.34
1998 19.26 -17.82
1999 22.81 -32.83
2000 32.83 -30.71
2001 17.3 -31.56
2002 27.72 -29.14
2003 0.17 -12.07
2004 10.8 -26.23
2005 18.01 -36.99
2006 0.29 -9.71
2007 16.83 -12.34
2008 20.88 -15.53
2009 22.73 -0.04
2010 22.65 -24.41
2011 27.13 -23.8
2012 27.14 -24.9
2013 6.24 -5.81
2014 2.16 -9.4
2015 3.63 -29.05
2016 24.14 -34.99
2017 27.65 -20.93
2018 33.01 -15.38
2019 4.61 -27.83
2020 27.82 -6.81
2021 16.52 -23.15
2022 36.01 -28.12
2023 6.65 -33.87
2024 33.91 -19.89
2025 7.82 -29.9
2026 16.7 -19.56
2027 7.98 -34.95
2028 4.28 -6.85
2029 16.77 -14.23
2030 6.8 -6.44
2031 4.95 -20.41
2032 4.34 -31.46
2033 10.36 -32.61
2034 23.96 -0.87
2035 8.2 -14.98
2036 1.65 -14.78
2037 6.42 -24.72
2038 22.12 -0.66
2039 21.07 -13.59
2040 6.49 -19.03
2041 2.12 -28.89
2042 27.37 -23.2
2043 30.57 -10.62
2044 25.37 -31.65
2045 1.62 -10.86
2046 31.27 -32.18
2047 27.16 -6.57
2048 2.7 -36.14
2049 0.01 -0.53
2050 16.03 -26.66
2051 4.97 -8.74
2052 33.98 -17.68
2053 18.34 -11.39
2054 25.51 -19.1
2055 1.66 -2.41
2056 31.82 -32
2057 18.72 -3.78
2058 -14.4 -22.19
2059 -16.85 -12.81
2060 -23.68 -2.78
2061 -35.48 -18.47
2062 -25.56 -18.47
2063 -18.13 -26.16
2064 -26.69 -28.27
2065 -18.45 -18.67
2066 -27.41 -6.24
2067 -23.92 -23.42
2068 -35.34 -24.39
2069 -6.5 -5.78
2070 -8.19 -23.85
2071 -18.85 -8.16
2072 -12.46 -3.54
2073 -25.73 -1.1
2074 -13.91 -27.38
2075 -30.68 -6.1
2076 -25.09 -0.59
2077 -19.59 -29.68
2078 -18.85 -13.66
2079 -5.45 -0.72
2080 -19.39 -9.06
2081 -15.31 -24.42
2082 -10.85 -9.8
2083 -34.72 -2.23
2084 -8.54 -9.19
2085 -33.04 -4.22
2086 -12.9 -17.25
2087 -20.79 -15.41
2088 -16.51 -25.88
2089 -16.26 -9.53
2090 -15.63 -30.43
2091 -31.54 -9.95
2092 -2.63 -4.25
2093 -17.91 -14.13
2094 -15.38 -22
2095 -31.07 -23.88
2096 -11.3 -34.77
2097 -8.1 -9.9
2098 -12.65 -22.67
2099 -31.86 -5.82
2100 -10.56 -21.19
2101 -1.45 -28.42
2102 -7.36 -23.98
2103 -12.86 -22.24
2104 -32.29 -24.39
2105 -18.34 -29.64
2106 -2.59 -11.45
2107 -15.7 -12.89
2108 -27.54 -5.75
2109 -28.27 -34.13
2110 -21.01 -5.92
2111 -4.22 -22.34
2112 -32.76 -32.83
2113 -18.51 -12.84
2114 -18.66 -8.42
2115 -29.61 -13.89
2116 -5.84 -29.74
2117 -17.24 -31.58
2118 -16.83 -13.2
2119 -0.59 -30.1
2120 -22.74 -12.64
2121 -24.09 -18.94
2122 -32.35 -25.86
2123 -32.13 -2.79
2124 -0.44 -23.41
2125 -29.86 -23.4
2126 -9.27 -21.97
2127 -17.81 -34.08
2128 -9.92 -5.03
2129 -13.97 -36.32
2130 -13.73 -29.1
2131 -22.36 -7.11
2132 -1.69 -19.57
2133 -32.77 -2.6
2134 -33.22 -19.04
2135 -31.69 -33.89
2136 -16.35 -19.48
2137 -8.34 -19.3
2138 -22.62 -12.22
2139 -35.63 -3.99
2140 -27.92 -23.06
2141 -8.04 -28.49
2142 -26.09 -0.19
2143 -5.74 -25.85
2144 -25.69 -36.53
2145 -28.63 -20.24
2146 -27.35 -2.42
2147 -22 -14.51
2148 -17.11 -29.56
2149 -11.61 -18.29
2150 -15.7 -13.33
2151 -32.82 -6.3
2152 -25.6 -32.05
2153 -7.79 -4.68
2154 -9.2 -11.74
2155 -34.81 -6.95
2156 -35.44 -0.12
2157 -0.83 -5.85
2158 -32.22 -24.54
2159 -24.59 -7.09
2160 -27.33 -20.91
2161 -23.85 -16.23
2162 -30.74 -18.2
2163 -10.77 -8.85
2164 -27.15 -11.38
2165 -25.23 -22.38
2166 -29.2 -6.37
2167 -1.95 -21.57
2168 -26.78 -18.32
2169 -30.07 -9.74
2170 -16.69 -35.98
2171 -36.62 -28.4
2172 -34.77 -15.66
2173 -3.72 -0.45
2174 -8.06 -29.99
2175 -14.42 -28.31
2176 -7.54 -35.92
2177 -17.12 -1.27
2178 -10.13 -1.81
2179 -13.71 -28.41
2180 -14.31 -0.8
2181 -7.17 -1.94
2182 -23.52 -7.03
2183 -25.88 -9.12
2184 -19.39 -13.3
2185 -12.28 -19.47
2186 -10.87 -36.08
2187 -15.26 -11.9
2188 -12.87 -8.64
2189 -1.63 -18.98
2190 -10.3 -21.45
2191 -20.37 -16.05
2192 -17.84 -18.36
2193 -20.69 -1.02
2194 -29.43 -27.97
2195 -29.29 -34.4
2196 -36.35 -6.75
2197 -14.3 -36.99
2198 -9.63 -23.39
2199 -36.69 -3.18
2200 -22.65 -29.02
2201 -28.63 -12.49
2202 -24.91 -34.04
2203 -5.68 -6.89
2204 -26.4 -0.78
2205 -22.23 -7.83
2206 -24.4 -0.22
2207 -18.58 -6.13
2208 -7.15 -5.25
2209 -33.74 -2.8
2210 -0.2 -36.58
2211 -6.85 -26.04
2212 -26.03 -0.07
2213 -23.46 -21.68
2214 -24.86 -36.18
2215 -28.21 -23.15
2216 -35.64 -11.04
2217 -8.08 -20.36
2218 -27.77 -23.55
2219 -24.85 -13.77
2220 -21.6 -17.17
2221 -17.39 -10.61
2222 -16.74 -9.53
2223 -14.78 -36.5
2224 -2.3 -24.41
2225 -23.99 -12.04
2226 -1.08 -3.02
2227 -3.1 -31.37
2228 -16.05 -27.63
2229 -26.82 -26.56
2230 -13.24 -4.43
2231 -15.47 -18.55
2232 -2.43 -12.4
2233 -36.48 -23.56
2234 -0.33 -30.2
2235 -10.9 -24.85
2236 -35.46 -22.45
2237 -32.5 -28.81
2238 -28.83 -15.72
2239 -3.13 -10.8
2240 -22.85 -31.13
2241 -34.68 -27.65
2242 -22.54 -23.93
2243 -15.09 -0.78
2244 -27.86 -1.59
2245 -6.54 -5.43
2246 -23.98 -4.62
2247 -17.03 -22.02
2248 -8.58 -26.41
2249 -20.13 -17.03
2250 -4.88 -9.43
2251 -32.4 -31.03
2252 -23.37 -3.87
2253 -19.59 -27.91
2254 -1.71 -15.2
2255 -9.86 -23.25
2256 -13.9 -24.56
2257 -12.02 -7.54
2258 -8.84 -36.44
2259 -1.55 -27.63
2260 -33.06 -0.22
2261 -4.85 -8.61
2262 -30.63 -20.56
2263 -9.97 -22.4
2264 -2.95 -2.73
2265 -12.16 -30.62
2266 -25.18 -7.83
2267 -12.22 -8.09
2268 -36.52 -11.55
2269 -27.27 -32.34
2270 -18.59 -1.75
2271 -26.84 -0.13
2272 -8.19 -33.01
2273 -32.97 -1.86
2274 -29.49 -17.55
2275 -17.78 -35.04
2276 -6.65 -26.07
2277 -9.63 -23.15
2278 -8.55 -0.29
2279 -3.54 -20.12
2280 -13.74 -11.5
2281 -19.85 -16.23
2282 -24.32 -2.44
2283 -13.99 -32.6
2284 -27.94 -23.84
2285 -26.11 -4.79
2286 -5.44 -10.05
2287 -6.06 -15.95
2288 -17.81 -13.64
2289 -31.19 -2.55
2290 -0.59 -10.82
2291 -0.41 -11.97
2292 -35.64 -7.76
2293 -8.57 -10.04
2294 -30.16 -7.19
2295 -19.21 -12.12
2296 -28.35 -7.43
2297 -9.87 -2.59
2298 -35.19 -15.67
2299 -3.03 -24.39
2300 -29.7 -26.65
2301 -36.7 -29.14
2302 -8.1 -35.14
2303 -11.78 -6.28
2304 -8.83 -26.43
2305 -0.78 -6.5
2306 -18.99 -9.94
2307 -17.7 -1.19
2308 -11.76 -17.64
2309 -25.35 -26.28
2310 -1.4 -5.44
2311 -13.39 -8.09
2312 -10.68 -29.75
2313 -8.94 -23.27
2314 -11.18 -9.39
2315 -36.04 -12.49
2316 -5.15 -4.4
2317 -2.54 -35.74
2318 -5.02 -13.77
2319 -3.21 -14.85
2320 -21.35 -14.37
2321 -24.31 -4.51
2322 -6.22 -3.86
2323 -21.5 -5.01
2324 -31.81 -17.98
2325 -23.43 -10.38
2326 -18.47 -33.73
2327 -27 -36.82
2328 -23.61 -29.67
2329 -2.58 -35.94
2330 -11.95 -35.31
2331 -2.71 -1.62
2332 -0.88 -17.11
2333 -30.88 -5.78
2334 -20.63 -6.42
2335 -20.79 -34.61
2336 -2.12 -5.5
2337 -9.36 -8.62
2338 -14.15 -8.35
2339 -26.85 -31.39
2340 -5.29 -8.97
2341 -5.7 -13.28
2342 -13.63 -23.76
2343 -16.95 -32.71
2344 -32.17 -0.76
2345 -36.6 -19.53
2346 -21.67 -7.13
2347 -24.76 -2.83
2348 -8.61 -22.55
2349 -28.97 -18.64
2350 -16.78 -29.24
2351 -34.74 -13.28
2352 -21.9 -18.9
2353 -27.77 -7.63
2354 -2.54 -36.05
2355 -8.54 -17.63
2356 -31.43 -7.83
2357 -32.11 -14.25
2358 -10.48 -8.06
2359 -9.35 -12.06
2360 -32.11 -5.65
2361 -13.3 -8.95
2362 -11.78 -16.78
2363 -2.85 -1.58
2364 -20.23 -20.4
2365 -13.16 -32.34
2366 -8.62 -0.53
2367 -19.43 -11.43
2368 -19.58 -31.04
2369 -30.61 -10.73
2370 -28.36 -22.12
2371 -29.95 -2.16
2372 -16.93 -22.79
2373 -31.38 -25.06
2374 -0.64 -27.41
2375 -33.58 -4.25
2376 -13.72 -32.75
2377 -13.05 -10.41
2378 -11.99 -25.5
2379 -9.42 -15.9
2380 -11.76 -32.74
2381 -33.27 -23.11
2382 -34.54 -20.38
2383 -14.94 -16.23
2384 -26.96 -17.12
2385 -2.76 -8.55
2386 -11.23 -18.84
2387 -5.15 -33.23
2388 -21.81 -28.16
2389 -19.09 -0.05
2390 -4.3 -22.45
2391 -18.72 -15.68
2392 -26.61 -18.02
2393 -7.05 -32.29
2394 -11.71 -1.6
2395 -34.35 -16.99
2396 -3.1 -23.47
2397 -7.37 -30.62
2398 -10.37 -1.16
2399 -18.8 -22.31
2400 -31.38 -0.85
2401 -19.69 -21.56
2402 -17.79 -5.62
2403 -33.78 -24.85
2404 -25.42 -2.6
2405 -25.57 -15.88
2406 -32.08 -29.73
2407 -11.27 -7.81
2408 -3.1 -21.69
2409 -23.29 -18.32
2410 -35.32 -14.81
2411 -1.8 -21.16
2412 -15.31 -1.94
2413 -3.11 -9.17
2414 -32 -25.68
2415 -26.54 -21.91
2416 -7 -26.39
2417 -32.53 -9.75
2418 -35.12 -24.79
2419 -27.92 -29.31
2420 -8.71 -23.55
2421 -16.8 -17.01
2422 -24.83 -4.31
2423 -26.52 -28.07
2424 -9.92 -28.45
2425 -6.79 -13.34
2426 -34.5 -8.76
2427 -11.22 -8.59
2428 -18.29 -13.33
2429 -2.54 -14.33
2430 -36.25 -13.29
2431 -2.68 -29.08
2432 -2.35 -6.25
2433 -31.56 -35.73
2434 -28.57 -0.48
2435 -24.03 -23
2436 -3.02 -0.28
2437 -5.12 -4.35
2438 -32.94 -27.85
2439 -19.82 -31.64
2440 -7.98 -5.86
2441 -15.14 -26.61
2442 -35.21 -6.01
2443 -19.34 -26.37
2444 -4.22 -16.5
2445 -30.31 -21.88
2446 -14.48 -3.99
2447 -10.24 -33.52
2448 -32.25 -17.36
2449 -17.84 -5.33
2450 -28.33 -23.82
2451 -24.63 -5.39
2452 -9.74 -31.87
2453 -23.24 -29.75
2454 -24.91 -5.68
2455 -12.07 -6.07
2456 -32.68 -33.42
2457 -2.43 -27.73
2458 -17.1 -31.41
2459 -11.43 -22.29
2460 -7.7 -21.33
2461 -25.32 -4.75
2462 -1.27 -22.7
2463 -3.06 -36.09
2464 -4.94 -33.52
2465 -20.35 -21.42
2466 -26.81 -33.79
2467 -28.67 -7.98
2468 -1.25 -0.07
2469 -6.28 -15.43
2470 -21.5 -26.16
2471 -22.58 -18.87
2472 -9.6 -17.19
2473 -12.12 -25.53
2474 -11.35 -27.23
2475 -12.08 -23.56
2476 -28.31 -19.05
2477 -5.27 -0.92
2478 -0.53 -29.58
2479 -26.1 -8.86
2480 -30.28 -5.47
2481 -2.79 -9.45
2482 -17.95 -20.62
2483 -21.21 -31.98
2484 -10.41 -19.2
2485 -8.37 -27.49
2486 -9.36 -32.44
2487 -13.15 -31.47
2488 -20.01 -19.49
2489 -9.72 -25.27
2490 -11.83 -31.88
2491 -14.45 -22.32
2492 -23.24 -3.14
2493 -33.24 -19.72
2494 -28.58 -23.78
2495 -29.77 -22.87
2496 -32.84 -22.39
2497 -6.01 -33.08
2498 -28.06 -13.8
2499 -33 -27.22
2500 -18.24 -2
2501 -34.44 -4.89
2502 -36.37 -27.6
2503 -10.61 -10.59
2504 -35.86 -19.9
2505 -14.78 -20.33
2506 -5.65 -11.22
2507 -14.36 -29.23
2508 -12.47 -29.42
2509 -16.2 -11.13
2510 -34 -4.06
2511 -26.97 -9.49
2512 -5.58 -29.84
2513 -6.64 -32.98
2514 -23.72 -33.64
2515 -36.16 -3.17
2516 -8.06 -4.96
2517 -33.09 -33.6
2518 -7.19 -7.95
2519 -28.37 -6.7
2520 -27.56 -6.06
2521 -17.8 -6.15
2522 -35.9 -33.73
2523 -26.15 -32.16
2524 -6.81 -11.38
2525 -15.96 -5.87
2526 -15.37 -3.81
2527 -33.66 -5.93
2528 -2.43 -21.47
2529 -18.11 -3.82
2530 -7.51 -26.15
2531 -31.64 -17.8
2532 -14.4 -15.58
2533 -24.05 -27.73
2534 -34.95 -21.6
2535 -28.18 -15.43
2536 -22.1 -25.51
2537 -22.77 -8.98
2538 -4.66 -21.53
2539 -32.91 -12.44
2540 -18.32 -11.48
2541 -15.81 -12.39
2542 -18.32 -34.21
2543 -18.68 -12.99
2544 -17.34 -21.27
2545 -10.42 -0.31
2546 -18.11 -24.85
2547 -3.95 -5.58
2548 -33.31 -32.52
2549 -17.64 -28.01
2550 -6.96 -31.79
2551 -20.82 -9.34
2552 -18.84 -29.58
2553 -14.11 -6.59
2554 -19.04 -23.5
2555 -35.5 -10.02
2556 -22.93 -0.88
2557 -35.61 -14.84
2558 -27.83 -4.25
2559 -26.04 -17.29
2560 -18.12 -8.17
2561 -33.03 -36.99
2562 -5.57 -36.76
2563 -32.8 -36.98
2564 -28.51 -2.41
2565 -34.2 -13.96
2566 -23.3 -35.99
2567 -28.58 -18.02
2568 -25.14 -5.14
2569 -29.16 -5.69
2570 -16.24 -7.7
2571 -9.1 -28.19
2572 -6.03 -2.17
2573 -6.95 -7.71
2574 -25.52 -33.86
2575 -5.56 -32.99
2576 -32.98 -7.16
2577 -6.92 -2.11
2578 -2.09 -1.56
2579 -4.49 -2.72
2580 -17.2 -31.13
2581 -30.12 -1.69
2582 -20.23 -3.5
2583 -9.16 -21.7
2584 -27.92 -8.89
2585 -16.59 -1.85
2586 -30.04 -7.16
2587 -9.33 -25.69
2588 -33.92 -36.07
2589 -33.45 -16.28
2590 -12.8 -22.44
2591 -29.61 -2.53
2592 -4.64 -8.78
2593 -10.86 -0.05
2594 -3.3 -7.26
2595 -1.39 -15.35
2596 -17.56 -20.5
2597 -24.53 -32.03
2598 -17.26 -1.32
2599 -10.73 -33.69
2600 -35.54 -8.18
2601 -15.34 -27.33
2602 -16.54 -28.58
2603 -28.17 -25.19
2604 -5 -13.99
2605 -36.43 -25.15
2606 -27.68 -17.8
2607 -26.58 -29.56
2608 -29.62 -32.33
2609 -2.59 -0.97
2610 -16.84 -33.44
2611 -16.94 -4.5
2612 -0.05 -34.93
2613 -36.77 -4.47
2614 -1.17 -17.31
2615 -25.49 -10.5
2616 -1.35 -0.23
2617 -29.34 -4.35
2618 -30.07 -18.42
2619 -32.41 -21.03
2620 -9.18 -35.07
2621 -16.39 -31.84
2622 -24.93 -0.39
2623 -32.72 -6.49
2624 -7.46 -18.07
2625 -14.51 -35.83
2626 -3.85 -24.83
2627 -22.76 -31.45
2628 -36.45 -3.9
2629 -21.74 -22.53
2630 -33.55 -1.14
2631 -1.37 -10.23
2632 -15.11 -34.91
2633 -16.33 -31.23
2634 -15.27 -8.7
2635 -7.29 -11.74
2636 -7.1 -24.45
2637 -24.84 -23.68
2638 -30.17 -32.55
2639 -13.62 -21.08
2640 -20.43 -0.64
2641 -25.47 -28.13
2642 -23.11 -24.8
2643 -28.71 -11.75
2644 -34.8 -22.56
2645 -23.7 -13.45
2646 -24.2 -31.35
2647 -29.78 -25.59
2648 -19.83 -2.83
2649 -11.53 -9.11
2650 -21.37 -35.1
2651 -23.07 -19.34
2652 -6.02 -29
2653 -24.55 -11.44
2654 -33.04 -36.2
2655 -0.36 -1.18
2656 -29.83 -16.48
2657 -4.28 -26.35
2658 -1.1 -16.46
2659 -2.54 -33.51
2660 -10.48 -36.42
2661 -31.29 -26.76
2662 -15.36 -34.69
2663 -1.04 -24.08
2664 -33.71 -35.71
2665 -34.33 -13.1
2666 -32.44 -18.09
2667 -10.09 -20.4
2668 -32.36 -1.47
2669 -1.19 -35.16
2670 -36.86 -28.41
2671 -8.41 -1.55
2672 -27.9 -29.7
2673 -9.68 -13.21
2674 -9.73 -29.52
2675 -28.94 -12.23
2676 -2.51 -20.73
2677 -18.94 -23.23
2678 -10.83 -17.87
2679 -17.1 -19.99
2680 -33.61 -7.55
2681 -26.16 -14.43
2682 -35.36 -29.05
2683 -31.04 -36.77
2684 -34.93 -30.72
2685 -22.65 -32.23
2686 -33.78 -34.8
2687 -28.02 -31.06
2688 -7.28 -25.2
2689 -17.72 -1.22
2690 -13.45 -17.53
2691 -1.78 -10.18
2692 -33.94 -15.97
2693 -34.36 -20.73
2694 -4.24 -7.77
2695 -15.84 -14.47
2696 -29.42 -0.85
2697 -30.42 -5
2698 -4.77 -27.78
2699 -21.51 -24.47
2700 -20.22 -3.23
2701 -1.55 -7.16
2702 -1.75 -17.53
2703 -5.73 -29.57
2704 -30.79 -9.55
2705 -27.08 -23.98
2706 -34.16 -7.77
2707 -24.26 -28.86
2708 -13.11 -31.1
2709 -2.4 -22.14
2710 -0.13 -17.35
2711 -18.2 -18.24
2712 -23.25 -29.56
2713 -20.34 -11.63
2714 -36.62 -28.54
2715 -32.29 -5.37
2716 -13.06 -20.36
2717 -0.89 -33.84
2718 -26.93 -14.81
2719 -24.36 -7.15
2720 -31.65 -21.25
2721 -29.54 -14.96
2722 -7.34 -28.81
2723 -23.44 -16.8
2724 -2.46 -20.46
2725 -1.33 -26.36
2726 -7.6 -2.6
2727 -32.68 -19.54
2728 -31.69 -31.37
2729 -23.44 -16.54
2730 -21.92 -31.31
2731 -15.19 -18.73
2732 -16.1 -35.5
2733 -13.31 -16.09
2734 -23.76 -6.03
2735 -27.28 -1.19
2736 -16.67 -18.41
2737 -10.74 -19.82
2738 -0.14 -24.01
2739 -7.99 -34.7
2740 -24.06 -2.61
2741 -5.73 -9.33
2742 -29.39 -31.67
2743 -26.56 -1.41
2744 -17.95 -24.08
2745 -18.91 -13
2746 -32.26 -3.39
2747 -2.41 -34.1
2748 -13.71 -11.36
2749 -17.39 -16.24
2750 -17.43 -0.47
2751 -19.4 -8.2
2752 -28.02 -34.1
2753 -21.64 -30.15
2754 -27.85 -28.17
2755 -31.3 -30.15
2756 -2.48 -15.44
2757 -10.63 -0.03
2758 -1.96 -31.87
2759 -19.47 -0.19
2760 -13.72 -20.43
2761 -24.35 -1.38
2762 -35.49 -8.98
2763 -20.86 -26.76
2764 -6.01 -12.72
2765 -13.2 -1.25
2766 -9.45 -23.44
2767 -21.07 -32.6
2768 -26.27 -1
2769 -29.69 -6.23
2770 -36.38 -17.65
2771 -33.09 -24.51
2772 -25.06 -2.39
2773 -34.26 -6.72
2774 -7.43 -27.02
2775 -10.45 -17.26
2776 -18.64 -21.15
2777 -30.65 -34.8
2778 -25.09 -17.65
2779 -30.38 -14.51
2780 -15.77 -31.1
2781 -18.06 -7.1
2782 -3.22 -25.74
2783 -27.26 -2.65
2784 -8.88 -30.02
2785 -10.67 -19.95
2786 -7.98 -8.79
2787 -11.18 -7.28
2788 -14.52 -33.04
2789 -23.06 -8.96
2790 -26.22 -21.95
2791 -6.11 -34.04
2792 -32.36 -8.39
2793 -26.04 -36.76
2794 -14.8 -20.45
2795 -14.55 -19.94
2796 -27.04 -31.09
2797 -19.83 -33.14
2798 -35.79 -30.79
2799 -23.81 -10.62
2800 -31.09 -7.68
2801 -16.99 -34.48
2802 -5.28 -2.08
2803 -35.12 -28.17
2804 -0.13 -19.8
2805 -4.75 -21.71
2806 -19.27 -26.88
2807 -35.27 -11.38
2808 -11.67 -14.63
2809 -35.61 -24.83
2810 -7.78 -26.47
2811 -20.56 -13.68
2812 -9.82 -35.34
2813 -29.13 -3.91
2814 -14.53 -8.62
2815 -16.82 -16.46
2816 -13.94 -8.63
2817 -10.71 -33.81
2818 -24.98 -19.74
2819 -2.54 -9.35
2820 -31.06 -25.63
2821 -16.03 -7.3
2822 -19.2 -13.33
2823 -28.49 -14.3
2824 -2.14 -30.87
2825 -20.34 -27.1
2826 -3.78 -10.44
2827 -8.78 -4.42
2828 -8.34 -13.61
2829 -22.75 -1.44
2830 -17.9 -22.87
2831 -32.02 -2.57
2832 -36.9 -32.37
2833 -15.11 -6.25
2834 -15.61 -24.88
2835 -14.03 -17.66
2836 -25.48 -10.19
2837 -24.05 -30.59
2838 -7.89 -7.68
2839 -1.56 -16.06
2840 -6.68 -10.55
2841 -20.99 -22.42
2842 -26.85 -10.46
2843 -24.59 -29.78
2844 -31.22 -35.19
2845 -21.58 -10.34
2846 -13.43 -12.12
2847 -7.49 -17.13
2848 -23.38 -13.33
2849 -1.73 -23.13
2850 -3.79 -2.51
2851 -13.23 -16.29
2852 -9.88 -29.27
2853 -36.95 -0.8
2854 -16.86 -17.77
2855 -28.85 -2.03
2856 -24.46 -23.54
2857 -34.52 -12.84
2858 -5.62 -14.31
2859 -13.02 -22.64
2860 -32.98 -0.36
2861 -12.49 -35.12
2862 -15.25 -9.94
2863 -23.27 -20.5
2864 -6.63 -2.16
2865 -5.19 -25.53
2866 -4.82 -10.94
2867 -3.73 -18.42
2868 -19.74 -14.7
2869 -32.99 -3.69
2870 -5.72 -0.12
2871 -24.18 -24.84
2872 -0.69 -30.7
2873 -8.01 -21.71
2874 -7.87 -6.83
2875 -7.2 -21.55
2876 -20.2 -4.37
2877 -14.31 -20.21
2878 -4.23 -35.97
2879 -1.13 -1.11
2880 -26.64 -11.39
2881 -22.85 -6.85
2882 -25.79 -31.98
2883 -10.2 -26.59
2884 -30.8 -8.54
2885 -8.66 -6.71
2886 -31.56 -36.52
2887 -30.75 -33.37
2888 -18.6 -32.77
2889 -3.12 -1.76
2890 -23.84 -26.47
2891 -30.84 -10.84
2892 -31.57 -7.04
2893 -6.01 -8.16
2894 -9.79 -35.81
2895 -10.72 -7.67
2896 -14.52 -36.43
2897 -31.93 -33.57
2898 -23.68 -3.31
2899 -11.85 -5.13
2900 -11.84 -17.48
2901 -17.53 -21.04
2902 -17.41 -6.92
2903 -3.21 -11.28
2904 -13.56 -36.53
2905 -26 -6.34
2906 -17.18 -0.4
2907 -7.96 -19.84
2908 -28.52 -12.28
2909 -11.61 -14.5
2910 -22.17 -1.31
2911 -1.26 -22.33
2912 -19.42 -0.21
2913 -3.52 -33.19
2914 -1.32 -6.11
2915 -24.11 -15.9
2916 -0.46 -13.69
2917 -20.61 -4.64
2918 -15.92 -18.39
2919 -17.92 -23.83
2920 -30.69 -30.01
2921 -30.41 -6.92
2922 -26.76 -11.39
2923 -23.67 -1.9
2924 -16.4 -18.81
2925 -20.12 -35.28
2926 -21.13 -2.09
2927 -2.3 -21.39
2928 -18.1 -3.56
2929 -10.19 -6.34
2930 -22.24 -19.95
2931 -33.64 -34.82
2932 -2.47 -23.22
2933 -4.61 -17.77
2934 -5.12 -18.91
2935 -11.92 -22.53
2936 -29.97 -35.81
2937 -10.73 -5.86
2938 -8.28 -20.26
2939 -2.07 -34.4
2940 -32.69 -24.68
2941 -27.29 -22.19
2942 -7.1 -16.82
2943 -20.9 -30.11
2944 -36.45 -25.73
2945 -8.68 -31.61
2946 -29.44 -22.22
2947 -8.44 -5.84
2948 -23.61 -32.43
2949 -14.34 -13.06
2950 -36.11 -29.26
2951 -28.59 -26.79
2952 -33.17 -29.09
2953 -12.35 -2.32
2954 -36.73 -4.45
2955 -29.65 -14.94
2956 -0.13 -32.94
2957 -13.28 -19.94
2958 -13.05 -7.76
2959 -33.49 -34.19
2960 -29.32 -13.02
2961 -35.24 -5.69
2962 -11.53 -22.28
2963 -17.71 -6.69
2964 -20.27 -35.66
2965 -27.92 -32.58
2966 -22.37 -19.9
2967 -11.99 -20.04
2968 -22.36 -18.54
2969 -23.51 -24.86
2970 -2.8 -22.61
2971 -18.55 -16.16
2972 -36.62 -3.46
2973 -11.22 -32.36
2974 -30.07 -12.67
2975 -26.21 -8.23
2976 -13.92 -22.39
2977 -7.68 -24.46
2978 -31.67 -25.45
2979 -24.63 -25.39
2980 -21.49 -14.94
2981 -35.36 -15.56
2982 -35.6 -6.86
2983 -25.92 -10.36
2984 -35.74 -21.48
2985 -7.1 -12.43
2986 -29.11 -1.55
2987 -5.01 -26.17
2988 -21.53 -28.73
2989 -4.92 -16.75
2990 -25.5 -14.6
2991 -0 -31.14
2992 -19.12 -2.94
2993 -28.91 -8.2
2994 -34.11 -13.79
2995 -29.25 -16.54
2996 -32.62 -18.61
2997 -25.47 -27.61
2998 -1.49 -31.22
2999 -16.23 -14.92
3000 -27.87 -0.24
3001 -2.31 -23.33
3002 -13.02 -20.51
3003 -12.24 -7.32
3004 -24.59 -34.56
3005 -12.16 -17.69
3006 -11.83 -13.61
3007 -16.55 -12.68
3008 -21.4 -31.47
3009 -8.26 -8.46
3010 -25 -18.52
3011 -0.13 -1.03
3012 -29.16 -20.63
3013 -15.37 -26.12
3014 -4.04 -30.66
3015 -31.42 -31.6
3016 -18.45 -32.44
3017 -15.95 -33.73
3018 -4.57 -31.48
3019 -29.56 -28.71
3020 -9.4 -29.16
3021 -6.29 -5.24
3022 -18.45 -21.75
3023 -16.22 -22.84
3024 -31.3 -2.85
3025 -21.37 -25
3026 -26.03 -19.82
3027 -3.45 -21.5
3028 -10.63 -18.72
3029 -12.38 -19.35
3030 -14.47 -15.19
3031 -11.15 -6.8
3032 -3.53 -32.93
3033 -27.93 -27.62
3034 -19.34 -8.1
3035 -0.78 -20.49
3036 -26.25 -29.26
3037 -14.02 -7.07
3038 -30.43 -7.7
3039 -10.56 -30.76
3040 -18.77 -25.25
3041 -8.07 -31.93
3042 -16.96 -8.32
3043 -27.04 -12.05
3044 -31.4 -28.11
3045 -6.3 -2.94
3046 -10.26 -8.87
3047 -5.32 -17.98
3048 -8.6 -13.79
3049 -22.41 -33.25
3050 -17.26 -27.94
3051 -20.21 -23.71
3052 -31.3 -6.52
3053 -14.22 -34.75
3054 -28.51 -25.25
3055 -13.5 -24.78
3056 -20.24 -10.8
3057 -19.65 -21.58
3058 -33.63 -0.2
3059 -28.31 -9.69
3060 -13.16 -28.55
3061 -0.94 -35.13
3062 -16.11 -23.42
3063 -0.74 -6.27
3064 -2.52 -25.24
3065 -16.18 -23.67
3066 -10.91 -20.31
3067 -26.83 -36.91
3068 -34.66 -5.21
3069 -30.47 -4.57
3070 -29.88 -26.7
3071 -0.5 -6.97
3072 -29.07 -13.12
3073 -13.84 -20.15
3074 -30.37 -26.22
3075 -17.77 -5.67
3076 -4.32 -7.05
3077 -30.47 -18.72
3078 -25.51 -20.96
3079 -9.2 -31.73
3080 -18.41 -28.55
3081 -11.86 -25.38
3082 -25.82 -29.32
3083 -35.05 -2.21
3084 -6.79 -24
3085 -13.7 -29.04
3086 -36.54 -36.67
3087 -13.31 14.73
3088 -35.4 28.61
3089 -18.36 27.15
3090 -33.34 29.29
3091 -36.34 36.65
3092 -18.37 0.66
3093 -21.62 30.34
3094 -25.07 7.4
3095 -35.96 30.82
3096 -19.73 7
3097 -36.32 10.82
3098 -13.56 9.07
3099 -33.07 34.9
3100 -26.94 20.35
3101 -20.54 10.3
3102 -25.03 26.48
3103 -18.62 33.85
3104 -24.52 23.95
3105 -16.25 36.98
3106 -36.63 21.38
3107 -22.04 16.11
3108 -9.45 18.53
3109 -25.93 7.19
3110 -1.53 35.05
3111 -5.05 24.89
3112 -36.24 21.78
3113 -30.85 4.9
3114 -2.8 12.8
3115 -33.15 27.45
3116 -0.75 29.74
3117 -19.75 17.21
3118 -14.58 26.3
3119 -13.25 1.37
3120 -1.35 2.62
3121 -24 30.02
3122 -9.14 1.5
3123 -20.03 9.56
3124 -16.75 18.59
3125 -16.64 9.49
3126 -34.38 18.81
3127 -3.59 22.22
3128 -27.12 33.62
3129 -9.94 34.97
3130 -25.42 29.92
3131 -23.18 6.61
3132 -23.82 26.69
3133 -15.99 5.93
3134 -7.82 1.4
3135 -4.02 29.76
3136 -22.79 9.17
3137 -11.2 28.54
3138 -1.11 32.45
3139 -14.04 31.23
3140 -3.72 17.86
3141 -36.67 31.21
3142 -16.43 1.63
3143 -35.77 3.79
3144 -1.76 7.07
3145 -0.51 8.72
3146 -15.33 27.7
3147 -17.39 23.69
3148 -30.15 2.16
3149 -4.08 33.9
3150 -26.66 0.97
3151 -10.67 8.63
3152 -0.17 12.97
3153 -8.42 21.87
3154 -16.62 1.28
3155 -19.67 22.99
3156 -17.72 20.87
3157 -22.5 19.86
3158 -23.65 34.67
3159 -4.74 21.79
3160 -30.51 25.41
3161 -16.11 5.25
3162 -28.94 9.37
3163 -12.05 34.02
3164 -30.92 22.61
3165 -23.59 16.13
3166 -25.28 21.11
3167 -34.08 34.26
3168 -19.65 25.46
3169 -27.26 6.03
3170 -29.02 36.27
3171 -20.14 9.93
3172 -29.8 10.26
3173 -7.93 6.16
3174 -28.48 16.97
3175 -5.91 12.67
3176 -17.92 21.99
3177 -31.36 22.02
3178 -19.57 10.38
3179 -33 6.93
3180 -23.07 14.01
3181 -35.12 20.11
3182 -17.37 11.35
3183 -0.33 32.73
3184 -2.28 0.02
3185 -36.81 27.6
3186 -1.05 31.3
3187 -4.56 19.96
3188 -26.64 31.37
3189 -11.35 13.01
3190 -25.68 18.12
3191 -3.64 17.26
3192 -2.8 7.12
3193 -18.02 35.52
3194 -5.46 22.37
3195 -36.39 14.54
3196 -34.65 29.05
3197 -3.4 35.03
3198 -31.28 15.02
3199 -15.56 4.26
3200 -31.86 33.56
3201 -28.38 15.38
3202 -35.86 33.43
3203 -27.81 33.46
3204 -9.47 26.02
3205 -7.15 2.16
3206 -19.42 35.15
3207 -5.79 11.31
3208 -9.83 22.22
3209 -8.12 23.82
3210 -1.88 15.81
3211 -7.86 8.03
3212 -6.06 36.54
3213 -15.08 11.79
3214 -16.05 0.87
3215 -34.43 31.17
3216 -9.55 11.43
3217 -8.38 25.82
3218 -22.28 8.93
3219 -34.95 36.19
3220 -1.35 31.76
3221 -30.43 5.62
3222 -16.93 21.29
3223 -7.04 36.23
3224 -23.57 27.29
3225 -6.62 15.68
3226 -23.71 25.45
3227 -25.51 14.49
3228 -26.8 30.29
3229 -31.16 3.6
3230 -34.77 6.37
3231 -18.32 28.6
3232 -17.94 7.84
3233 -16.77 26.7
3234 -25.9 3.22
3235 -35.5 15.24
3236 -20.87 27.77
3237 -12.07 28.94
3238 -28.69 1.32
3239 -29.13 19.63
3240 -35.31 15.78
3241 -4.75 35.76
3242 -13.77 22.02
3243 -15.83 30.27
3244 -34.39 4.09
3245 -10.46 10
3246 -2.12 32.16
3247 -3.52 28.78
3248 -19 20.58
3249 -23.8 20.29
3250 -35.53 7.9
3251 -35.68 22.83
3252 -15.29 19.92
3253 -21.25 11.27
3254 -31.42 7.5
3255 -23.28 13.9
3256 -12.66 29.73
3257 -15.27 28.55
3258 -21.82 26.95
3259 -31.04 31.1
3260 -4.62 19.21
3261 -14.89 5.02
3262 -33.8 7.26
3263 -27.84 18.41
3264 -2.22 16.33
3265 -24.23 15.17
3266 -1 1.28
3267 -21.2 23.43
3268 -35.22 16.81
3269 -24.31 5.97
3270 -19.88 29.64
3271 -22.37 11.11
3272 -2.66 33.06
3273 -23.02 0.64
3274 -32.27 24.49
3275 -7.22 17.58
3276 -22.61 36.89
3277 -7.16 22.12
3278 -4.05 19.93
3279 -36.26 35.52
3280 -13.69 6.28
3281 -7.56 24.02
3282 -10.45 15.21
3283 -32.02 29.28
3284 -35.26 9.2
3285 -1.84 19.33
3286 -30.44 18.14
3287 -14.72 24.74
3288 -25.9 33.11
3289 -21.12 0.74
3290 -18.85 21.17
3291 -21.59 28.34
3292 -13.98 4.46
3293 -24.91 29.27
3294 -27.79 18.56
3295 -24.84 24.18
3296 -11.2 5.01
3297 -20.22 32.92
3298 -25.72 22.17
3299 -31.37 15.25
3300 -35.1 23.98
3301 -5.64 33.74
3302 -21.48 28.55
3303 -25.18 20.37
3304 -21.63 10.38
3305 -32.08 9.82
3306 -1.68 3.48
3307 -8.46 16.67
3308 -8.94 16.19
3309 -34.75 33.38
3310 -21.08 0.25
3311 -5.26 23.11
3312 -19.55 32.8
3313 -17.97 25.49
3314 -4.26 8.27
3315 -32.78 12.87
3316 -9.61 2.36
3317 -31.43 1.42
3318 -22.31 31.09
3319 -4.99 20.13
3320 -29.95 6.95
3321 -10.95 0.07
3322 -16.74 32.16
3323 -11.35 19.42
3324 -15.8 26.2
3325 -26.46 9.1
3326 -32.21 0.4
3327 -33.2 32.24
3328 -20.73 15.28
3329 -23.55 14.17
3330 -27.56 25.51
3331 -27.88 19.33
3332 -21.28 0.17
3333 -31.78 22.83
3334 -5.97 6.59
3335 -13.54 0.3
3336 -0.37 36.44
3337 -31.6 24.5
3338 -6.92 17.64
3339 -6.84 6.47
3340 -15.57 23.24
3341 -23.64 33.82
3342 -29.07 11.3
3343 -26.58 20.36
3344 -35.05 13.32
3345 -1.84 13.66
3346 -32.99 25.62
3347 -26.31 30.24
3348 -16.07 17.27
3349 -23.87 21.62
3350 -21.92 22.56
3351 -22.01 0.93
3352 -25.95 22.29
3353 -3.45 17.13
3354 -23.61 32.87
3355 -19.63 10.82
3356 -7.64 2.7
3357 -14.53 6.79
3358 -27.15 0.23
3359 -13.56 4.63
3360 -18.29 25.21
3361 -14.35 15.4
3362 -9.16 14.81
3363 -32.6 3.66
3364 -25.28 25.23
3365 -11.32 19.99
3366 -20.93 10.2
3367 -33.02 33.33
3368 -13.98 9.88
3369 -6.28 36.99
3370 -10.81 1.11
3371 -4.34 26.43
3372 -33.75 18.46
3373 -19.21 18.87
3374 -24.02 23.9
3375 -12.63 32.77
3376 -11.69 5.32
3377 -20.65 27.5
3378 -31.17 20.85
3379 -9.61 16.25
3380 -36.25 19.97
3381 -30.7 20.93
3382 -17.78 20.7
3383 -31.1 27.24
3384 -27.23 32.28
3385 -33.92 0.38
3386 -27.34 1.05
3387 -20.03 1.26
3388 -20.65 24.09
3389 -11.51 2.24
3390 -35.54 7.67
3391 -13.51 24.67
3392 -15.17 10.75
3393 -32.13 34.16
3394 -13.42 9.86
3395 -29.84 4.74
3396 -26.19 13.19
3397 -33.89 24.06
3398 -14.3 7.49
3399 -2.77 27.99
3400 -28.9 4.53
3401 -6.1 36.69
3402 -1.47 19.24
3403 -6.85 26.13
3404 -28.9 22.12
3405 -29.8 18.36
3406 -6.03 27.44
3407 -1.71 6.83
3408 -4 21.73
3409 -31.59 33.84
3410 -2.1 17.94
3411 -31.13 24.95
3412 -12.01 28.29
3413 -35.78 28.54
3414 -19.53 26.31
3415 -30.85 2.08
3416 -1.77 11.95
3417 -31.71 0.47
3418 -26.61 3.25
3419 -25.89 1.56
3420 -19.93 19.03
3421 -9.47 19.21
3422 -26.05 26.48
3423 -11.73 11.7
3424 -8.55 30.05
3425 -11.51 6.33
3426 -31.28 10.65
3427 -1.95 5.64
3428 -34.18 6.3
3429 -33.13 1.25
3430 -3.33 17.23
3431 -29.19 27.5
3432 -27.98 5.63
3433 -8.88 23.9
3434 -25.99 17.59
3435 -0.14 35.29
3436 -17.51 9.44
3437 -35.92 10.13
3438 -21.83 6.56
3439 -0.13 10.66
3440 -17.51 30.38
3441 -4.04 11.64
3442 -17.8 12.31
3443 -19.13 6.51
3444 -8.28 15.5
3445 -32.73 15.27
3446 -5.77 11.62
3447 -17.77 25.44
3448 -12.87 34.27
3449 -15.38 27.17
3450 -25.46 1.86
3451 -11.3 15.52
3452 -25.65 5.97
3453 -12.53 10.74
3454 -21.92 10.49
3455 -4.39 13.18
3456 -24.82 2.95
3457 -15.27 8.95
3458 -15.98 5.62
3459 -21.64 34.4
3460 -13.19 24.27
3461 -36.41 17.38
3462 -6.34 19.49
3463 -16.76 17.18
3464 -7.35 19.73
3465 -21.59 32.15
3466 -10.67 32.81
3467 -1.79 33.41
3468 -7.68 36.85
3469 -10.34 14.84
3470 -28.03 29.6
3471 -33.08 15.25
3472 -24.21 16.37
3473 -22.52 11.35
3474 -9.27 3.19
3475 -27.46 7.16
3476 -25.06 22.47
3477 -5.48 27.39
3478 -7.57 31.41
3479 -14.14 22.24
3480 -17.91 14.92
3481 -11.26 36.26
3482 -33.19 29.11
3483 -28.96 13.57
3484 -28.93 3.87
3485 -34 2.82
3486 -18.07 19.96
3487 -36.86 30.6
3488 -4.95 5.28
3489 -9 22.38
3490 -30.06 14.74
3491 -0.73 36.46
3492 -26.86 18.13
3493 -13.06 6.21
3494 -28.98 34.95
3495 -13.4 27.72
3496 -27.5 9.89
3497 -2.52 25.18
3498 -1.75 23.7
3499 -28.09 31.48
3500 -34.82 30.68
3501 -14.17 25.61
3502 -19.21 16.42
3503 -22.22 14.03
3504 -36.93 24.68
3505 -2.43 31.22
3506 -31.21 29.99
3507 -11.64 3.16
3508 -9.9 21.59
3509 -20.06 25.22
3510 -15.95 1.88
3511 -12.29 33.46
3512 -21.64 6.45
3513 -30.67 14.82
3514 -9.82 23.91
3515 -17.6 22.29
3516 -10.9 8.17
3517 -24.59 32.29
3518 -9.32 30.64
3519 -18.32 10.33
3520 -4.56 9.77
3521 -3.28 21.27
3522 -24.96 36.29
3523 -21.4 15.45
3524 -3.67 35.38
3525 -0.26 4.46
3526 -0.93 19.62
3527 -26.6 13.07
3528 -27.89 23.09
3529 -10.01 20.79
3530 -6.08 1.24
3531 -9.41 28.13
3532 -23.42 17.51
3533 -11.15 34.52
3534 -7.85 33.26
3535 -6.55 29.99
3536 -14.79 12.93
3537 -12.74 9.83
3538 -25.28 3.27
3539 -1.65 34.14
3540 -1.61 29.48
3541 -12.62 1.91
3542 -15.5 3.06
3543 -26.15 2.22
3544 -23.02 6.92
3545 -8.16 36.68
3546 -27.81 29.62
3547 -10.13 18.09
3548 -16.13 14.23
3549 -11.01 21.8
3550 -15.32 24.5
3551 -0.44 17.56
3552 -27.4 30.11
3553 -33.38 13.7
3554 -10.85 16.2
3555 -9.2 35.03
3556 -0.46 12.98
3557 -16.04 21.83
3558 -24.05 15.96
3559 -22.88 5.71
3560 -5.4 10.59
3561 -3.22 31.56
3562 -13.17 33.73
3563 -10.97 13.87
3564 -35.68 29.3
3565 -16.81 22.5
3566 -3.07 14
3567 -7.63 17.77
3568 -31.47 30.99
3569 -10.71 4.01
3570 -2.56 5.84
3571 -18.82 19.92
3572 -4.75 3.02
3573 -19.5 34.86
3574 -4.1 29.32
3575 -2.92 5.39
3576 -0.47 9.5
3577 -6.23 6.66
3578 -20.53 13.65
3579 -5.95 17.72
3580 -3.23 19.21
3581 -33.73 23.28
3582 -4.05 6.82
3583 -0.81 4.36
3584 -8.89 36.05
3585 -5.41 11.52
3586 -31.44 11.45
3587 -14.47 24.24
3588 -22.62 36.19
3589 -29.04 33.98
3590 -2.89 26.72
3591 -36.74 31.96
3592 -1.62 3.36
3593 -17.01 6.5
3594 -24.22 22.67
3595 -5.41 23.49
3596 -9.77 27.97
3597 -34.79 2.14
3598 -7.03 14.35
3599 -13.4 35.6
3600 -10.65 15.92
3601 -27.38 18.81
3602 -6.57 5.61
3603 -5.33 4.85
3604 -2.35 29.72
3605 -19.44 34.37
3606 -29.33 5.24
3607 -9.13 19.71
3608 -26.21 31.47
3609 -17.14 26.14
3610 -12.63 13.95
3611 -4.93 22.55
3612 -25.22 22.93
3613 -0.28 2.72
3614 -1.85 32.25
3615 -11.17 14.2
3616 -33.53 13.02
3617 -18.63 2.07
3618 -7.45 3.11
3619 -32.83 23.96
3620 -21.33 9.8
3621 -15.57 15.79
3622 -36.02 14.18
3623 -8.65 24.7
3624 -14.36 25.23
3625 -2.19 26.32
3626 -12.39 27.52
3627 -13.45 7.64
3628 -10.88 0.61
3629 -32.86 13.73
3630 -28.45 13.25
3631 -26.27 7.56
3632 -10.15 24.98
3633 -28.61 7.91
3634 -32.39 17.6
3635 -27.93 24.96
3636 -3.76 17.25
3637 -31.43 6.5
3638 -31.72 3.3
3639 -28.54 3.61
3640 -30.45 9.08
3641 -36.6 31.25
3642 -1.89 5.84
3643 -6.46 13.57
3644 -27.82 13.29
3645 -26.55 2.84
3646 -10.92 19.27
3647 -7.26 15.82
3648 -24.25 21.08
3649 -1.68 35.87
3650 -23.84 20.17
3651 -0.42 30.13
3652 -36.63 28.12
3653 -31.94 32.37
3654 -36.5 31.35
3655 -3.96 24
3656 -18.25 29.95
3657 -35.8 3.56
3658 -17.66 20.66
3659 -34.48 5.78
3660 -9.14 8.48
3661 -28.28 24.03
3662 -3.37 20.07
3663 -4.67 35.54
3664 -34.93 28.15
3665 -11.32 6.87
3666 -0.01 22.29
3667 -13.93 12.26
3668 -8.15 0.16
3669 -31.52 9.4
3670 -33.4 7.66
3671 -1.13 35.48
3672 -2.56 15.18
3673 -36.36 0.45
3674 -6.23 20.74
3675 -29.23 33.84
3676 -21.39 15.9
3677 -36.49 20.51
3678 -19.57 24.77
3679 -15.92 4.16
3680 -11.55 18.02
3681 -3.84 27.24
3682 -3.02 12.08
3683 -12.25 18.29
3684 -27.69 11.17
3685 -18.83 6.77
3686 -5.77 24.1
3687 -2.8 19.97
3688 -20.94 8.85
3689 -29.6 2.16
3690 -36.53 27.7
3691 -6.6 22.35
3692 -6.38 20.92
3693 -8.69 6.09
3694 -10.77 26.47
3695 -8.01 24.61
3696 -15.37 22.32
3697 -34.41 11.85
3698 -30.67 18.39
3699 -29.57 10.18
3700 -17.47 21.36
3701 -8.98 11.92
3702 -32.41 23.24
3703 -32.61 12.3
3704 -14.47 16.36
3705 -7.06 25.73
3706 -11.08 14
3707 -34.92 13.66
3708 -20.27 17.98
3709 -7.45 7.14
3710 -31.75 31.04
3711 -16.88 15.47
3712 -27.84 10.65
3713 -29.56 14.81
3714 -25.51 21.51
3715 -6.4 22.65
3716 -34.58 5.98
3717 -29.74 15.9
3718 -28.21 29.99
3719 -9.87 25.36
3720 -14.09 6.2
3721 -20.2 16.93
3722 -31.11 25.7
3723 -6.68 18.64
3724 -25.78 14.9
3725 -9.46 14.66
3726 -30.65 21.06
3727 -32.23 26.87
3728 -4.68 21.49
3729 -6.53 24.79
3730 -10.45 30.2
3731 -36.7 12.93
3732 -28.83 8.55
3733 -1.54 29.45
3734 -17.81 20.56
3735 -26.76 11.94
3736 -29.39 32.42
3737 -21.64 10.48
3738 -29.65 23.51
3739 -1.93 28.33
3740 -6.51 18.95
3741 -3.53 11.4
3742 -1.27 0.16
3743 -21.65 35.76
3744 -24.08 6.47
3745 -0.19 28.18
3746 -4.63 34.53
3747 -6.6 36.9
3748 -29.35 33.99
3749 -17.55 8.14
3750 -20.6 10.68
3751 -6.1 7.84
3752 -18.32 13
3753 -0.03 27.75
3754 -19.6 10.97
3755 -30.45 1.96
3756 -13.36 26.63
3757 -26.79 33.98
3758 -33.27 15.15
3759 -21.63 11.96
3760 -3.67 20.35
3761 -18.4 22.34
3762 -22.24 8.3
3763 -5.81 25
3764 -33.66 15.11
3765 -25.79 23.37
3766 -31.21 17.27
3767 -30.79 32.42
3768 -23.69 13.05
3769 -24.55 30.82
3770 -32.78 6.81
3771 -33.44 18
3772 -15.5 9.67
3773 -24.82 23.75
3774 -36.23 11.77
3775 -32.64 9.97
3776 -32.32 2.9
3777 -11.73 14.04
3778 -2.04 18.08
3779 -33.2 17.54
3780 -4.43 36.23
3781 -16.5 22.51
3782 -18.45 36.16
3783 -12.74 10.29
3784 -4.63 5.14
3785 -12.47 0.29
3786 -18.81 0.41
3787 -10.6 8.91
3788 -33.18 34.83
3789 -9.61 35.43
3790 -8.92 32.42
3791 -35.84 5.25
3792 -19.82 4.24
3793 -22.85 10.57
3794 -28.64 22.38
3795 -21.61 19.57
3796 -5.08 33.59
3797 -32.76 1.63
3798 -12.44 24.06
3799 -29.72 8.5
3800 -9.31 17.07
3801 -18.01 5.2
3802 -14.63 28.64
3803 -26.47 28.61
3804 -27.56 10.82
3805 -6.76 36.08
3806 -4.86 36.49
3807 -4.25 5.6
3808 -16.7 24.68
3809 -10.06 27.1
3810 -9.67 8.86
3811 -5.45 32.2
3812 -33.83 15.28
3813 -2.34 1.21
3814 -10.23 9.28
3815 -26.35 32.06
3816 -0.78 19.54
3817 -11.7 7.36
3818 -36.5 15.42
3819 -26.76 1.18
3820 -0.78 27.06
3821 -26.55 34.04
3822 -3.16 6.16
3823 -30.84 30.81
3824 -20.91 19.86
3825 -28.72 4.43
3826 -0.15 31.11
3827 -9.39 34.7
3828 -35.91 33.98
3829 -6.78 12.25
3830 -7.83 9.67
3831 -29.73 33.66
3832 -4.54 9.14
3833 -25.08 4.44
3834 -5.62 4.04
3835 -31.11 14.84
3836 -12.4 6.92
3837 -13.09 20.66
3838 -14.47 15.56
3839 -35.43 7.45
3840 -12.4 35.91
3841 -30.54 27.67
3842 -25.37 12.55
3843 -10.06 3.45
3844 -15.7 24.81
3845 -35 16.84
3846 -13.5 24.05
3847 -33.19 27.73
3848 -32.69 18.05
3849 -22.61 21.27
3850 -36.63 1.83
3851 -8.76 16.72
3852 -0.39 12.03
3853 -27.6 21.85
3854 -29.3 15.38
3855 -14.81 26.55
3856 -17.74 4.71
3857 -17.78 8.35
3858 -11.8 6.12
3859 -31.45 27.84
3860 -7.69 28.02
3861 -15.08 29.45
3862 -20.7 21.71
3863 -3.28 11.79
3864 -33.59 16.4
3865 -18.23 25.9
3866 -5.62 33.22
3867 -8.78 26.99
3868 -11.84 6.53
3869 -22.44 36.38
3870 -26.45 4.67
3871 -9.9 0.25
3872 -9.13 7.19
3873 -13.83 27.68
3874 -18.53 20.93
3875 -11.96 8.28
3876 -1.25 26.74
3877 -11.97 27.56
3878 -2.87 21.96
3879 -1.36 15.26
3880 -4.16 36.46
3881 -32.69 20.11
3882 -10.11 10.3
3883 -17.36 4.47
3884 -4.37 22.47
3885 -27.66 2.8
3886 -3.05 31.34
3887 -1.53 0.56
3888 -28.77 12.18
3889 -33.64 15.89
3890 -24.69 10.82
3891 -1.08 9.12
3892 -0.2 25.95
3893 -11.43 13.05
3894 -28.31 3.07
3895 -2.54 13.31
3896 -33.42 32.99
3897 -6.82 35.75
3898 -3.74 7.05
3899 -30.05 24.18
3900 -26.98 8.11
3901 -2.97 20.71
3902 -21.8 30.55
3903 -6.26 4.5
3904 -20.39 13.57
3905 -24.91 2.9
3906 -12.54 8.09
3907 -34.56 25.99
3908 -2.04 12.74
3909 -15.81 8.99
3910 -22.3 30.88
3911 -26.87 18.35
3912 -17.1 19.24
3913 -26.3 34.21
3914 -21.39 20.84
3915 -29.47 19.35
3916 -3.58 11.89
3917 -5.45 32.44
3918 -0.47 25.38
3919 -2.47 11.71
3920 -15.13 21.38
3921 -29.99 27.38
3922 -16.89 27.67
3923 -3.93 27.55
3924 -0.06 18.94
3925 -12.82 19.74
3926 -1.62 22.88
3927 -5.13 3.21
3928 -0.95 19.24
3929 -3.61 31.95
3930 -14.82 22.34
3931 -34.24 33.08
3932 -29.05 18.4
3933 -6.79 3.21
3934 -14.92 30.04
3935 -14.42 9.78
3936 -0.17 30.57
3937 -21.24 7.94
3938 -35.49 17.06
3939 -36.52 25.17
3940 -8.43 36.08
3941 -22.48 12.86
3942 -16.6 10.05
3943 -29.82 27.61
3944 -23.08 17.55
3945 -3.41 33.43
3946 -30.03 0.9
3947 -19.83 1.17
3948 -4.38 22.6
3949 -15.64 27.14
3950 -36.92 19.3
3951 -13.39 30.59
3952 -1.53 0.61
3953 -18.2 34.63
3954 -23.32 0.54
3955 -36.62 17.72
3956 -31.11 32.28
3957 -5.85 22.11
3958 -13.24 10.71
3959 -28.78 35.67
3960 -32.1 36.85
3961 -1.27 32.19
3962 -33.37 25.66
3963 -11.26 21.1
3964 -11.24 1.27
3965 -20.58 26.91
3966 -20.5 11.17
3967 -12.3 33.97
3968 -32.13 22.55
3969 -23.09 30.5
3970 -11.75 18.97
3971 -14.77 23.24
3972 -8.87 5.86
3973 -17.09 20.63
3974 -19.3 22.63
3975 -22.48 8.87
3976 -4.58 14.93
3977 -3.59 23.76
3978 -8.38 1.47
3979 -2.75 15.37
3980 -5.8 19.63
3981 -31.32 23.85
3982 -21.34 26.82
3983 -12.37 6.62
3984 -0.65 16.99
3985 -36.49 35.47
3986 -22.23 12.4
3987 -18.78 14.26
3988 -34.89 31.1
3989 -16.73 35.87
3990 -8.26 17.2
3991 -32.65 2.22
3992 -26.5 13.36
3993 -14.84 36.76
3994 -15.13 34.88
3995 -18.03 18.11
3996 -4.96 20.94
3997 -10.76 12.87
3998 -20.02 26.82
3999 -6.82 23.14
4000 -22.13 20.67
4001 -33.59 6.31
4002 -20.57 7.36
4003 -1.98 15.37
4004 -14.76 18.47
4005 -36.19 18.71
4006 -21.45 23.02
4007 -36.9 32.36
4008 -32.12 11.47
4009 -9.36 14.74
4010 -33.37 10.25
4011 -31.71 27.91
4012 -3.79 1.33
4013 -28.16 6
4014 -29.66 23.81
4015 -8 34.98
4016 -4.81 15.31
4017 -23.19 4.59
4018 -19.96 25.38
4019 -7.37 25.17
4020 -7.4 35.24
4021 -21.78 6.56
4022 -1.92 28.86
4023 -3.85 21.68
4024 -36.95 34.56
4025 -8.34 13.21
4026 -4.65 33.32
4027 -35.18 3.05
4028 -9.57 8.44
4029 -32.77 26.34
4030 -24.84 2.23
4031 -17.54 3.77
4032 -8.36 30.17
4033 -18.55 3.73
4034 -29.42 28.84
4035 -27.08 26.45
4036 -33.53 36.83
4037 -29.21 12.38
4038 -34.06 35.46
4039 -33.54 33.06
4040 -9.8 34.53
4041 -30.86 4.88
4042 -8.46 14.45
4043 -23.41 29.04
4044 -18.9 18.03
4045 -20.79 19.18
4046 -23.47 7.26
4047 -0.43 1.33
4048 -5.59 32.35
4049 -24.19 19.5
4050 -8.95 35.01
4051 -34.84 14.79
4052 -27.17 5.49
4053 -4.47 27.57
4054 -23.64 24.75
4055 -22.29 1.01
4056 -6.42 33.44
4057 -11.41 16.15
4058 -8.71 14.88
4059 -33.43 35.34
4060 -17.52 27.61
4061 -34.87 17.22
4062 -19.08 4.51
4063 -36.86 35.82
4064 -18.32 24.67
4065 -23.2 24.57
4066 -2.36 27.28
4067 -32.77 21.05
4068 -12.14 30.05
4069 -17.8 0.24
4070 -1.77 35.78
4071 -32.74 3.61
4072 -20.28 8.19
4073 -23.07 7.67
4074 -6.01 28.99
4075 -20.12 20.03
4076 -0.25 23.53
4077 -28.56 18.51
4078 -17.33 19.33
4079 -7.52 28.42
4080 -15.99 35.66
4081 -25.94 30.73
4082 -15.3 18.87
4083 -11.92 22.23
4084 -22.99 27.44
4085 -26.23 30.25
4086 -34.38 24.76
4087 -32.96 22.49
4088 -30.17 17.67
4089 -9.66 19.55
4090 -2.58 36.18
4091 -23.24 30.31
4092 -11.82 2.84
4093 -22.69 14.8
4094 -6.75 29.16
4095 -28.34 30.22
4096 -23.95 23.26
4097 -5.14 17.8
4098 -3.03 2.25
4099 -29.69 17.58
4100 -11.35 26.02
4101 -13.78 19.44
4102 -4.94 8.74
4103 -26.41 10.26
4104 -29.82 35.63
4105 -34.81 36.59
4106 -29.9 32.4
4107 -35.24 21.05
4108 -36.38 4.73
4109 -34.41 21.46
4110 -14.68 6.13
4111 -29.39 26.27
4112 -7.07 1.63
4113 -4.4 35.05
4114 -15.64 10.62
4115 -0.16 34.09
4116 -15.9052 55.6352
4117 -17.9052 44.6352
4118 -7.90517 44.5352
4119 -34.9052 53.6452
4120 -29.9052 40.8552
4121 -13.9052 41.4452
4122 -17.9052 53.7952
4123 -37.9052 44.0852
4124 -19.9052 61.4752
4125 -19.9052 44.9952
4126 -25.9052 59.4352
4127 -25.9052 54.4452
4128 -36.9052 41.2052
4129 -11.9052 40.4452
4130 -15.9052 44.5952
4131 -9.90517 42.3552
4132 -34.9052 63.0252
4133 -15.9052 42.9952
4134 -22.9052 38.6352
4135 -30.9052 68.1452
4136 -37.9052 57.4252
4137 -15.9052 58.3452
4138 -20.9052 52.6052
4139 -7.90517 46.1852
4140 -18.9052 59.4252
4141 -36.9052 67.6552
4142 -12.9052 55.4852
4143 -32.9052 48.4052
4144 -13.9052 38.8952
4145 -12.9052 44.2952
4146 -32.9052 51.5552
4147 -9.90517 40.5452
4148 -31.9052 57.9252
4149 -28.9052 60.9552
4150 -26.9052 57.5152
4151 -24.9052 43.8952
4152 -20.9052 43.4952
4153 -37.9052 52.0052
4154 -12.9052 43.0052
4155 -31.9052 38.9852
4156 -22.9052 64.7052
4157 -25.9052 53.1052
4158 -15.9052 55.0752
4159 -34.9052 50.2052
4160 -20.9052 56.1852
4161 -8.90517 45.2852
4162 -20.9052 41.4352
4163 -7.90517 42.1352
4164 -26.9052 62.6952
4165 -24.9052 47.2452
4166 -13.9052 57.5252
4167 -35.9052 66.4752
4168 -7.90517 39.2052
4169 -25.9052 44.9352
4170 -37.9052 48.0052
4171 -33.9052 44.4552
4172 -11.9052 37.9052
4173 -13.9052 44.7052
4174 -36.9052 40.4152
4175 -6.90517 39.2852
4176 -14.9052 45.7052
4177 -29.9052 48.1452
4178 -15.9052 51.2452
4179 -37.9052 63.8352
4180 -23.9052 47.7152
4181 -13.9052 51.9652
4182 -30.9052 50.5652
4183 -21.9052 63.0752
4184 -9.90517 44.2652
4185 -8.90517 45.7852
4186 -23.9052 52.7552
4187 -25.9052 50.7952
4188 -20.9052 52.6252
4189 -12.9052 56.9652
4190 -6.90517 42.7052
4191 -32.9052 54.4452
4192 -16.9052 54.6752
4193 -7.90517 46.4152
4194 -17.9052 60.7252
4195 -25.9052 67.6852
4196 -26.9052 50.6652
4197 -29.9052 52.4952
4198 -7.90517 41.4252
4199 -13.9052 56.3252
4200 -17.9052 38.3952
4201 -14.9052 44.8152
4202 -15.9052 42.6552
4203 -25.9052 42.1352
4204 -30.9052 40.9152
4205 -11.9052 38.1252
4206 -7.90517 44.2152
4207 -9.90517 50.3752
4208 -25.9052 50.4852
4209 -7.90517 44.6252
4210 -12.9052 57.8452
4211 -35.9052 65.4652
4212 -22.9052 51.2952
4213 -14.9052 47.0752
4214 -34.9052 46.3852
4215 -29.9052 45.2652
4216 -32.9052 47.8152
4217 -10.9052 42.2652
4218 -35.9052 61.9752
4219 -34.9052 44.0752
4220 -25.9052 40.8352
4221 -22.9052 49.8452
4222 -9.90517 48.6152
4223 -8.90517 50.2752
4224 -32.9052 46.8152
4225 -28.9052 65.6452
4226 -31.9052 47.5452
4227 -34.9052 60.5152
4228 -14.9052 58.4052
4229 -35.9052 44.8852
4230 -27.9052 44.3252
4231 -19.9052 59.9052
4232 -28.9052 41.5152
4233 -25.9052 37.9352
4234 -17.9052 52.3752
4235 -17.9052 54.7152
4236 -24.9052 43.0552
4237 -26.9052 61.5952
4238 -23.9052 54.5952
4239 -19.9052 54.5852
4240 -33.9052 48.1052
4241 -19.9052 44.4052
4242 -29.9052 61.1552
4243 -6.90517 43.8152
4244 -21.9052 59.8452
4245 -12.9052 57.6852
4246 -25.9052 40.6652
4247 -27.9052 57.6452
4248 -12.9052 39.5652
4249 -36.9052 50.5252
4250 -31.9052 60.9252
4251 -22.9052 44.0152
4252 -12.9052 39.1252
4253 -9.90517 49.4652
4254 -34.9052 43.8152
4255 -9.90517 38.4652
4256 -26.9052 62.6052
4257 -19.9052 54.8952
4258 -33.9052 53.1252
4259 -19.9052 50.6652
4260 -17.9052 52.7352
4261 -23.9052 58.4652
4262 -14.9052 46.7952
4263 -15.9052 56.4352
4264 -22.9052 49.5052
4265 -6.90517 43.6352
4266 -23.9052 41.5252
4267 -29.9052 59.2552
4268 -29.9052 51.5952
4269 -22.9052 45.7052
4270 -17.9052 50.0952
4271 -17.9052 61.6552
4272 -11.9052 46.8452
4273 -19.9052 62.2852
4274 -13.9052 53.5852
4275 -19.9052 46.7452
4276 -22.9052 40.1452
4277 -24.9052 39.5752
4278 -12.9052 53.1352
4279 -13.9052 50.1152
4280 -10.9052 45.7752
4281 -7.90517 39.9152
4282 -32.9052 59.7352
4283 -20.9052 44.2752
4284 -25.9052 38.7052
4285 -12.9052 46.5452
4286 -25.9052 40.4352
4287 -6.90517 41.3252
4288 -17.9052 52.0752
4289 -33.9052 61.0652
4290 -16.9052 51.8852
4291 -12.9052 49.3052
4292 -15.9052 60.3652
4293 -26.9052 46.3052
4294 -28.9052 51.6952
4295 -12.9052 41.4752
4296 -11.9052 53.4952
4297 -23.9052 57.0952
4298 -7.90517 44.8552
4299 -24.9052 54.3652
4300 -37.9052 41.1652
4301 -27.9052 65.7052
4302 -17.9052 56.9152
4303 -19.9052 56.2252
4304 -11.9052 54.4452
4305 -17.9052 59.9752
4306 -25.9052 59.9552
4307 -17.9052 39.2052
4308 -18.9052 39.4952
4309 -19.9052 47.6352
4310 -34.9052 60.7352
4311 -35.9052 58.9952
4312 -34.9052 60.7852
4313 -8.90517 43.2752
4314 -21.9052 39.2852
4315 -25.9052 52.5452
4316 -21.9052 64.3652
4317 -9.90517 45.3852
4318 -37.9052 45.0852
4319 -25.9052 42.0852
4320 -33.9052 54.2352
4321 -27.9052 55.1852
4322 -23.9052 46.1652
4323 -19.9052 60.3252
4324 -8.90517 40.1952
4325 -6.90517 39.6652
4326 -21.9052 62.8752
4327 -7.90517 42.4952
4328 -20.9052 39.5752
4329 -16.9052 60.6352
4330 -32.9052 38.2352
4331 -20.9052 53.6352
4332 -14.9052 39.2352
4333 -11.9052 52.6952
4334 -10.9052 54.4452
4335 -19.9052 49.6552
4336 -30.9052 44.1852
4337 -22.9052 51.7252
4338 -63.9052 47.5252
4339 -61.9052 40.8152
4340 -44.9052 41.8152
4341 -61.9052 50.9752
4342 -61.9052 51.4452
4343 -48.9052 61.6752
4344 -54.9052 58.0652
4345 -48.9052 64.2052
4346 -38.9052 43.3052
4347 -48.9052 54.2252
4348 -47.9052 55.1552
4349 -53.9052 64.1952
4350 -49.9052 62.5652
4351 -42.9052 45.1352
4352 -67.9052 46.5052
4353 -46.9052 47.9052
4354 -59.9052 58.7152
4355 -52.9052 45.0752
4356 -61.9052 47.4952
4357 -58.9052 50.5452
4358 -66.9052 49.8652
4359 -63.9052 50.2852
4360 -37.9052 44.3552
4361 -41.9052 42.0752
4362 -38.9052 44.1452
4363 -62.9052 49.5352
4364 -58.9052 52.0752
4365 -54.9052 59.2352
4366 -48.9052 49.4052
4367 -58.9052 61.6752
4368 -47.9052 45.5652
4369 -38.9052 57.7552
4370 -37.9052 45.1152
4371 -67.9052 44.1452
4372 -61.9052 49.2152
4373 -46.9052 39.8852
4374 -56.9052 54.2552
4375 -41.9052 67.8552
4376 -45.9052 55.4752
4377 -57.9052 62.5952
4378 -62.9052 42.0452
4379 -58.9052 41.2452
4380 -60.9052 40.6852
4381 -53.9052 42.5752
4382 -65.9052 43.1952
4383 -49.9052 64.2852
4384 -40.9052 47.6452
4385 -44.9052 62.3752
4386 -68.9052 38.2052
4387 -65.9052 46.1752
4388 -62.9052 39.5552
4389 -50.9052 59.8352
4390 -45.9052 48.0452
4391 -37.9052 53.7452
4392 -64.9052 38.4352
4393 -62.9052 41.4652
4394 -40.9052 67.8052
4395 -39.9052 59.9252
4396 -57.9052 55.0052
4397 -66.9052 43.3852
4398 -60.9052 56.5652
4399 -60.9052 51.2952
4400 -61.9052 53.5652
4401 -67.9052 42.2952
4402 -41.9052 66.0052
4403 -51.9052 46.5252
4404 -68.9052 39.8652
4405 -48.9052 66.6952
4406 -51.9052 51.8552
4407 -60.9052 39.2752
4408 -37.9052 61.1152
4409 -66.9052 48.6152
4410 -68.9052 41.2552
4411 -67.9052 40.7452
4412 -55.9052 61.8552
4413 -41.9052 63.2752
4414 -42.9052 55.1352
4415 -41.9052 39.4752
4416 -63.9052 41.0552
4417 -57.9052 44.2852
4418 -66.9052 50.0952
4419 -65.9052 49.9552
4420 -68.9052 39.9752
4421 -41.9052 50.1952
4422 -56.9052 60.4252
4423 -59.9052 48.9752
4424 -50.9052 55.0152
4425 -60.9052 53.7852
4426 -55.9052 47.9552
4427 -37.9052 60.3452
4428 -53.9052 41.4752
4429 -51.9052 62.5652
4430 -37.9052 67.5252
4431 -56.9052 54.6452
4432 -58.9052 38.6252
4433 -62.9052 44.4952
4434 -48.9052 55.0752
4435 -53.9052 54.4852
4436 -66.9052 38.4252
4437 -60.9052 56.2252
4438 -53.9052 43.9552
4439 -40.9052 57.7152
4440 -37.9052 59.6052
4441 -47.9052 51.0452
4442 -52.9052 41.8452
4443 -60.9052 59.1852
4444 -52.9052 44.3552
4445 -59.9052 55.7852
4446 -60.9052 47.5952
4447 -47.9052 47.7952
4448 -54.9052 63.6952
4449 -37.9052 48.7452
4450 -62.9052 46.5452
4451 -43.9052 45.6452
4452 -41.9052 61.2352
4453 -43.9052 60.6352
4454 -47.9052 56.8752
4455 -55.9052 56.4852
4456 -41.9052 58.6652
4457 -66.9052 42.8552
4458 -44.9052 51.2652
4459 -56.9052 61.1652
4460 -62.9052 47.5952
4461 -43.9052 38.8252
4462 -56.9052 53.6752
4463 -66.9052 45.2252
4464 -57.9052 62.7152
4465 -38.9052 63.9552
4466 -50.9052 58.0552
4467 -40.9052 66.5652
4468 -42.9052 39.2752
4469 -44.9052 66.8152
4470 -56.9052 63.3552
4471 -63.9052 41.9752
4472 -59.9052 46.6552
4473 -47.9052 44.3552
4474 -48.9052 38.6852
4475 -56.9052 49.8652
4476 -44.9052 38.7652
4477 -57.9052 53.8052
4478 -48.9052 53.1252
4479 -68.9052 39.6552
4480 -52.9052 47.3452
4481 -50.9052 39.9552
4482 -44.9052 55.0252
4483 -52.9052 38.5052
4484 -63.9052 52.5252
4485 -65.9052 40.2752
4486 -52.9052 50.9252
4487 -41.9052 67.7152
4488 -50.9052 40.8852
4489 -39.9052 41.3452
4490 -49.9052 63.4052
4491 -65.9052 39.7052
4492 -53.9052 42.7052
4493 -51.9052 47.4552
4494 -39.9052 38.3552
4495 -63.9052 51.5252
4496 -50.9052 52.0152
4497 -52.9052 50.9152
4498 -61.9052 40.8052
4499 -38.9052 68.1652
4500 -57.9052 41.0352
4501 -68.9052 40.0152
4502 -56.9052 50.4952
4503 -46.9052 45.3852
4504 -54.9052 49.6152
4505 -61.9052 43.8052
4506 -38.9052 54.7452
4507 -55.9052 39.5152
4508 -42.9052 39.8252
4509 -49.9052 38.1352
4510 -51.9052 63.8952
4511 -62.9052 45.6952
4512 -51.9052 50.4652
4513 -53.9052 62.7652
4514 -43.9052 59.3652
4515 -61.9052 48.9252
4516 -52.9052 64.6952
4517 -67.9052 47.6952
4518 -63.9052 51.0152
4519 -40.9052 68.4252
4520 -55.9052 57.1452
4521 -47.9052 64.9852
4522 -53.9052 57.5452
4523 -42.9052 40.6752
4524 -65.9052 51.2852
4525 -66.9052 38.8452
4526 -62.9052 53.8052
4527 -43.9052 39.8952
4528 -68.9052 39.4852
4529 -51.9052 53.8752
4530 -45.9052 56.4452
4531 -37.9052 48.0652
4532 -67.9052 47.0852
4533 -64.9052 45.6652
4534 -42.9052 47.1652
4535 -41.9052 60.5352
4536 -63.9052 44.6052
4537 -48.9052 54.0152
4538 -47.9052 57.8352
4539 -37.9052 69.3352
4540 -40.9052 42.3552
4541 -54.9052 45.1052
4542 -57.9052 50.0552
4543 -40.9052 57.2952
4544 -51.9052 56.5152
4545 -61.9052 40.2052
4546 -61.9052 57.3052
4547 -51.9052 60.4052
4548 -59.9052 45.8352
4549 -51.9052 65.2952
4550 -45.9052 51.9752
4551 -56.9052 48.6452
4552 -38.9052 50.6852
4553 -50.9052 66.0652
4554 -52.9052 58.2052
4555 -56.9052 42.9652
4556 -48.9052 43.8652
4557 -51.9052 48.0552
4558 -65.9052 45.4052
4559 -55.9052 41.2852
4560 -34.9052 29.4752
4561 -37.9052 26.1152
4562 -34.9052 18.2352
4563 -20.9052 32.4852
4564 -13.9052 37.8252
4565 -16.9052 34.0652
4566 -18.9052 15.5052
4567 -34.9052 23.9452
4568 -30.9052 24.4252
4569 -37.9052 34.4852
4570 -7.90517 32.1952
4571 -28.9052 9.84517
4572 -13.9052 34.1152
4573 -28.9052 8.06517
4574 -28.9052 27.1452
4575 -7.90517 28.9752
4576 -30.9052 22.9652
4577 -29.9052 10.8852
4578 -24.9052 18.3652
4579 -33.9052 14.1652
4580 -11.9052 23.0852
4581 -31.9052 19.0952
4582 -35.9052 32.6952
4583 -36.9052 37.4952
4584 -11.9052 21.0052
4585 -37.9052 15.9052
4586 -16.9052 36.5352
4587 -35.9052 31.0552
4588 -37.9052 14.1052
4589 -36.9052 26.9252
4590 -29.9052 32.4752
4591 -14.9052 18.6352
4592 -7.90517 32.2352
4593 -12.9052 19.3952
4594 -12.9052 29.1252
4595 -20.9052 13.0352
4596 -13.9052 33.0252
4597 -37.9052 7.56517
4598 -36.9052 12.9252
4599 -33.9052 19.0752
4600 -33.9052 32.7452
4601 -17.9052 26.3752
4602 -24.9052 11.4852
4603 -30.9052 36.6952
4604 -35.9052 18.3052
4605 -14.9052 28.6052
4606 -29.9052 36.2452
4607 -12.9052 27.4452
4608 -23.9052 22.5152
4609 -20.9052 18.3152
4610 -20.9052 22.1552
4611 -10.9052 35.0952
4612 -10.9052 21.2352
4613 -34.9052 9.14517
4614 -8.90517 32.9552
4615 -13.9052 31.3352
4616 -26.9052 36.4252
4617 -10.9052 21.7452
4618 -35.9052 10.3652
4619 -31.9052 20.2552
4620 -27.9052 13.7752
4621 -22.9052 26.6852
4622 -25.9052 27.3352
4623 -13.9052 32.2452
4624 -9.90517 36.2052
4625 -36.9052 22.7352
4626 -24.9052 27.6652
4627 -15.9052 17.7852
4628 -13.9052 24.7352
4629 -33.9052 7.29517
4630 -36.9052 31.8652
4631 -14.9052 37.6252
4632 -29.9052 26.5652
4633 -32.9052 25.9552
4634 -17.9052 32.0352
4635 -21.9052 19.8452
4636 -29.9052 23.3152
4637 -20.9052 31.5852
4638 -29.9052 34.8952
4639 -23.9052 32.7452
4640 -18.9052 32.1452
4641 -20.9052 28.7052
4642 -25.9052 25.0352
4643 -29.9052 7.46517
4644 -36.9052 29.1352
4645 -11.9052 30.6852
4646 -28.9052 12.1352
4647 -23.9052 12.0452
4648 -34.9052 32.9152
4649 -8.90517 30.3952
4650 -7.90517 32.9752
4651 -16.9052 17.9952
4652 -25.9052 20.0052
4653 -10.9052 24.6552
4654 -21.9052 17.1652
4655 -12.9052 33.2352
4656 -11.9052 20.1152
4657 -33.9052 36.8852
4658 -19.9052 31.1452
4659 -26.9052 16.6752
4660 -12.9052 29.8552
4661 -16.9052 34.0352
4662 -15.9052 23.9052
4663 -16.9052 26.4552
4664 -14.9052 20.3652
4665 -21.9052 34.0052
4666 -6.90517 32.3352
4667 -8.90517 31.3552
4668 -25.9052 17.3452
4669 -37.9052 25.4652
4670 -35.9052 25.1652
4671 -6.90517 36.5852
4672 -32.9052 37.8752
4673 -34.9052 36.7152
4674 -21.9052 34.5652
4675 -26.9052 16.0552
4676 -18.9052 29.5052
4677 -25.9052 35.1752
4678 -33.9052 24.4552
4679 -35.9052 17.4652
4680 -18.9052 37.2452
4681 -19.9052 37.8852
4682 -14.9052 36.2352
4683 -7.90517 34.6752
4684 -30.9052 13.0052
4685 -6.90517 37.3252
4686 -13.9052 17.0752
4687 -31.9052 25.7352
4688 -35.9052 26.6152
4689 -16.9052 21.7252
4690 -14.9052 33.5852
4691 -9.90517 25.3652
4692 -37.9052 31.1052
4693 -18.9052 14.2552
4694 -27.9052 25.9352
4695 -36.9052 13.6152
4696 -30.9052 15.9552
4697 -21.9052 19.5152
4698 -35.9052 8.96517
4699 -35.9052 9.01517
4700 -25.9052 13.0852
4701 -18.9052 30.4152
4702 -36.9052 9.48517
4703 -35.9052 13.8752
4704 -34.9052 9.83517
4705 -15.9052 36.0352
4706 -14.9052 17.0852
4707 -32.9052 23.2652
4708 -11.9052 33.1752
4709 -8.90517 28.5052
4710 -23.9052 36.0052
4711 -35.9052 33.5252
4712 -20.9052 20.8452
4713 -16.9052 29.3952
4714 -37.9052 26.4752
4715 -9.90517 37.0652
4716 -12.9052 31.9852
4717 -20.9052 25.4852
4718 -27.9052 12.3452
4719 -7.90517 34.3352
4720 -26.9052 20.6652
4721 -29.9052 24.8752
4722 -31.9052 33.5252
4723 -10.9052 28.2252
4724 -30.9052 36.4252
4725 -32.9052 21.0552
4726 -15.9052 20.0752
4727 -26.9052 16.6352
4728 -12.9052 30.3852
4729 -11.9052 37.4952
4730 -13.9052 23.2052
4731 -32.9052 19.1752
4732 -31.9052 18.7552
4733 -25.9052 35.4252
4734 -26.9052 37.7252
4735 -7.90517 34.5652
4736 -7.90517 28.8852
4737 -12.9052 28.9052
4738 -17.9052 33.3452
4739 -33.9052 36.3552
4740 -25.9052 25.0952
4741 -20.9052 33.4452
4742 -21.9052 18.7452
4743 -28.9052 21.8552
4744 -8.90517 36.8752
4745 -35.9052 25.2152
4746 -11.9052 30.1452
4747 -31.9052 36.5052
4748 -6.90517 36.2852
4749 -20.9052 37.2852
4750 -9.90517 22.9152
4751 -37.9052 25.1652
4752 -16.9052 20.0452
4753 -7.90517 36.4452
4754 -23.9052 21.4752
4755 -32.9052 7.87517
4756 -25.9052 33.4452
4757 -8.90517 31.4952
4758 -18.9052 18.1552
4759 -31.9052 11.0252
4760 -27.9052 8.45517
4761 -32.9052 26.3452
4762 -20.9052 14.3952
4763 -32.9052 28.7852
4764 -7.90517 36.0052
4765 -11.9052 34.4452
4766 -32.9052 36.6852
4767 -16.9052 25.4852
4768 -17.9052 14.9552
4769 -33.9052 26.3552
4770 -15.9052 23.4852
4771 -7.90517 37.2352
4772 -37.9052 37.3152
4773 -37.9052 30.3552
4774 -35.9052 21.8452
4775 -34.9052 14.7352
4776 -22.9052 24.3852
4777 -20.9052 18.6652
4778 -17.9052 20.1652
4779 -21.9052 10.2052
4780 -25.9052 14.2852
4781 -25.9052 12.8552
4782 -42.9052 14.5352
4783 -49.9052 32.9352
4784 -58.9052 35.5052
4785 -65.9052 34.6752
4786 -63.9052 28.2852
4787 -51.9052 12.1552
4788 -59.9052 35.4052
4789 -51.9052 26.3052
4790 -58.9052 23.6452
4791 -42.9052 11.3052
4792 -63.9052 33.3552
4793 -42.9052 30.0852
4794 -50.9052 30.1752
4795 -37.9052 22.9252
4796 -37.9052 15.6952
4797 -48.9052 22.6552
4798 -51.9052 18.3552
4799 -67.9052 33.4752
4800 -45.9052 18.1152
4801 -52.9052 24.6052
4802 -58.9052 32.8152
4803 -66.9052 33.2352
4804 -49.9052 25.5452
4805 -41.9052 26.6952
4806 -67.9052 31.3352
4807 -42.9052 13.9852
4808 -37.9052 28.2052
4809 -44.9052 8.44517
4810 -37.9052 19.5952
4811 -45.9052 37.0652
4812 -57.9052 28.9152
4813 -42.9052 36.2752
4814 -48.9052 33.5552
4815 -43.9052 19.8752
4816 -67.9052 32.6552
4817 -58.9052 23.3052
4818 -56.9052 16.5152
4819 -68.9052 33.9152
4820 -68.9052 32.8352
4821 -37.9052 8.49517
4822 -50.9052 11.8552
4823 -58.9052 14.0952
4824 -53.9052 26.2652
4825 -64.9052 27.7052
4826 -41.9052 10.6752
4827 -53.9052 35.9052
4828 -60.9052 16.7352
4829 -64.9052 25.6052
4830 -61.9052 30.1652
4831 -58.9052 25.1952
4832 -60.9052 21.2452
4833 -48.9052 34.0452
4834 -66.9052 34.8052
4835 -46.9052 20.0652
4836 -51.9052 24.8152
4837 -62.9052 24.0352
4838 -52.9052 37.2752
4839 -45.9052 11.9952
4840 -48.9052 34.9052
4841 -52.9052 12.6352
4842 -44.9052 34.7152
4843 -45.9052 6.92517
4844 -57.9052 13.9552
4845 -37.9052 13.4652
4846 -42.9052 27.7752
4847 -40.9052 27.6952
4848 -37.9052 14.4052
4849 -44.9052 35.0152
4850 -62.9052 28.9352
4851 -63.9052 30.0752
4852 -63.9052 29.3952
4853 -39.9052 37.1752
4854 -39.9052 29.4852
4855 -45.9052 26.4452
4856 -51.9052 32.1152
4857 -66.9052 26.2052
4858 -59.9052 31.3752
4859 -57.9052 25.0052
4860 -46.9052 31.4152
4861 -60.9052 33.6852
4862 -47.9052 14.3652
4863 -48.9052 16.4452
4864 -46.9052 25.8752
4865 -45.9052 16.7252
4866 -41.9052 20.2852
4867 -46.9052 13.8052
4868 -58.9052 37.1552
4869 -45.9052 37.0652
4870 -58.9052 22.3852
4871 -43.9052 7.26517
4872 -45.9052 33.3552
4873 -63.9052 20.5652
4874 -46.9052 27.3652
4875 -46.9052 13.7652
4876 -40.9052 8.78517
4877 -37.9052 31.6852
4878 -63.9052 32.5852
4879 -61.9052 28.6752
4880 -68.9052 35.3452
4881 -42.9052 6.51517
4882 -39.9052 16.9652
4883 -38.9052 24.5452
4884 -62.9052 28.5352
4885 -53.9052 15.9952
4886 -63.9052 24.8852
4887 -56.9052 29.1652
4888 -62.9052 24.9752
4889 -37.9052 10.6852
4890 -64.9052 25.5352
4891 -57.9052 16.3552
4892 -46.9052 27.6552
4893 -50.9052 25.2252
4894 -38.9052 11.9352
4895 -44.9052 22.9452
4896 -43.9052 20.0552
4897 -40.9052 25.6652
4898 -64.9052 28.5452
4899 -37.9052 13.3752
4900 -51.9052 15.5852
4901 -41.9052 31.7452
4902 -43.9052 14.3952
4903 -47.9052 20.9452
4904 -41.9052 7.40517
4905 -39.9052 16.4752
4906 -57.9052 33.3152
4907 -67.9052 36.4952
4908 -49.9052 29.6352
4909 -38.9052 37.4552
4910 -54.9052 20.8552
4911 -50.9052 35.5952
4912 -59.9052 37.6252
4913 -68.9052 34.6952
4914 -57.9052 35.2252
4915 -43.9052 12.0052
4916 -53.9052 20.2052
4917 -47.9052 19.0352
4918 -38.9052 20.4252
4919 -60.9052 20.2552
4920 -68.9052 34.8552
4921 -42.9052 6.99517
4922 -53.9052 23.3152
4923 -53.9052 14.9052
4924 -52.9052 23.9652
4925 -46.9052 9.74517
4926 -64.9052 34.0452
4927 -60.9052 31.0152
4928 -43.9052 29.8452
4929 -39.9052 22.5952
4930 -59.9052 27.0152
4931 -66.9052 36.1152
4932 -56.9052 16.6252
4933 -67.9052 36.0952
4934 -65.9052 35.3752
4935 -63.9052 27.6352
4936 -51.9052 21.3152
4937 -51.9052 31.6752
4938 -40.9052 10.3952
4939 -64.9052 34.8052
4940 -54.9052 20.6952
4941 -55.9052 27.9452
4942 -64.9052 33.1352
4943 -66.9052 33.1652
4944 -68.9052 33.9152
4945 -66.9052 27.2852
4946 -45.9052 7.12517
4947 -66.9052 27.9052
4948 -39.9052 25.7952
4949 -54.9052 15.5552
4950 -53.9052 34.5952
4951 -63.9052 23.6852
4952 -48.9052 15.5752
4953 -66.9052 30.2852
4954 -45.9052 33.1752
4955 -37.9052 15.5752
4956 -67.9052 35.8852
4957 -42.9052 12.3752
4958 -64.9052 21.7252
4959 -64.9052 25.2452
4960 -38.9052 20.0652
4961 -53.9052 29.3252
4962 -56.9052 20.1752
4963 -43.9052 27.6952
4964 -45.9052 16.4752
4965 -57.9052 34.9052
4966 -39.9052 23.6752
4967 -60.9052 20.7352
4968 -61.9052 18.1852
4969 -64.9052 25.9452
4970 -50.9052 10.3552
4971 -62.9052 33.4752
4972 -50.9052 37.2852
4973 -42.9052 21.5052
4974 -37.9052 24.1452
4975 -40.9052 28.9352
4976 -62.9052 26.9952
4977 -48.9052 17.1452
4978 -38.9052 13.7352
4979 -38.9052 11.8952
4980 -45.9052 37.8452
4981 -39.9052 16.0352
4982 -42.9052 14.6152
4983 -61.9052 34.0152
4984 -50.9052 11.0252
4985 -66.9052 33.3952
4986 -52.9052 12.2452
4987 -43.9052 15.3752
4988 -57.9052 26.9552
4989 -42.9052 18.8252
4990 -49.9052 22.8652
4991 -58.9052 33.0552
4992 -65.9052 30.2552
4993 -54.9052 35.7752
4994 -55.9052 22.2852
4995 -43.9052 24.4352
4996 -45.9052 25.2252
4997 -43.9052 21.8952
4998 -38.9052 16.4852
4999 -47.9052 22.8752
5000 -55.9052 18.6352
5001 -47.9052 25.6452
5002 -66.9052 31.3852
5003 -68.9052 35.1752
