%%index real_part   imaginary_part
4303 4303 4303
1 24.96 19.53
2 9.91 9.5
3 15.91 5.67
4 16.3 5.98
5 14.64 15.31
6 23.13 16.24
7 1.5 10.48
8 27.56 1.28
9 15.72 0
10 16.29 0.71
11 15.07 17.03
12 25.59 12.81
13 4 3.47
14 21.98 27.56
15 3.78 10.55
16 1.08 9.25
17 1.27 28.74
18 16.93 22.52
19 28.5 17.19
20 15.02 4.23
21 2.99 14.15
22 7.15 20.68
23 21.96 4.49
24 4.49 5.71
25 17.94 20.2
26 8.23 20.78
27 16.12 15.53
28 19 16.35
29 26.43 2.64
30 13.19 23.5
31 3.76 1.21
32 0.96 25.8
33 19.32 16.55
34 16.26 17.89
35 4.65 1.34
36 27.01 2.29
37 22.97 7.64
38 12.14 16.68
39 4.91 27.45
40 18.65 28.15
41 2.46 22.86
42 9.39 9.4
43 8.27 1.1
44 3.74 10.92
45 5.42 5.71
46 6.92 28.45
47 25.25 20.7
48 8.26 19.4
49 19.82 27.09
50 10.96 24.52
51 9.33 24.47
52 14.63 20.49
53 8.18 14.82
54 13.27 26.77
55 8.45 13.09
56 6.95 14.44
57 6.37 10.91
58 12.01 27.87
59 9.79 26.16
60 14.39 27.27
61 9.24 15.21
62 6.92 21.32
63 23.24 5.5
64 15.11 26.7
65 4.74 25.58
66 3.57 8.59
67 0.09 25.6
68 11.42 18.21
69 27.5 19.79
70 3.88 7.22
71 21.66 6.95
72 0.38 22.36
73 21.23 10.55
74 7.72 23.91
75 22.18 2.02
76 17.23 22.11
77 25.95 2.43
78 19.45 6.67
79 15.89 2.72
80 10.82 17.08
81 8.2 3.16
82 28.76 14.4
83 15.13 8.29
84 28.08 22.7
85 0.92 13.63
86 3.11 14.48
87 7.84 5.11
88 15.66 3.49
89 27.41 0.07
90 2.09 5.9
91 10.54 3.11
92 5.54 1.85
93 20.04 19.01
94 21.73 7.51
95 7.12 18.46
96 21.62 3.56
97 0.48 15.32
98 23.61 21.38
99 15.08 15.61
100 11.76 5.21
101 19.69 27.53
102 3.64 14.87
103 18.37 27.54
104 27.61 1.82
105 7.73 28.3
106 2.41 12.23
107 14.08 18.27
108 8.28 19.48
109 9.51 16.64
110 6.1 12.54
111 27.62 16.63
112 2.95 27.72
113 2.62 28.1
114 26.23 9.08
115 25.81 0.23
116 27.76 8.99
117 6.39 16.51
118 26.57 13.92
119 15.74 24.76
120 6.58 7.7
121 19.93 23.47
122 24.26 8.99
123 10.99 16.53
124 4.18 15.07
125 27.61 20.51
126 19.66 21.8
127 20.53 8.75
128 7.85 5.14
129 25.74 5.67
130 17.42 16.6
131 25.59 22.56
132 21.59 16.18
133 1.1 14.5
134 10.26 19.16
135 9.38 28.37
136 22.84 28.36
137 19.88 11.84
138 28.37 18.11
139 15.7 1.87
140 4.9 15.07
141 19.4 14.31
142 23.06 7.09
143 12.23 22.45
144 28.12 13.43
145 1.03 8.97
146 2.53 16.55
147 15.25 9.14
148 23.65 6.64
149 8.32 27.88
150 27.25 16.43
151 15.8 17.71
152 0.55 3.61
153 4.24 6.68
154 20.07 11.44
155 9.04 19.94
156 16.77 7.5
157 14.59 28.44
158 21.89 10.83
159 6.78 26.82
160 18.31 21.01
161 20.08 19.33
162 11 3.37
163 10.01 6.34
164 16.74 17.17
165 4.6 18.34
166 7.05 14.99
167 1.12 2.92
168 21.12 19.12
169 1.56 5.37
170 7.83 23.72
171 2.22 10.6
172 10.04 24.61
173 17.96 28.33
174 26.15 14.45
175 6.47 24.75
176 15.08 26.98
177 1.35 9.07
178 15.41 8.6
179 25.77 11.37
180 0.71 14.67
181 12.18 12.9
182 27.34 19.28
183 9.4 13.31
184 1.2 1.99
185 25.71 22.48
186 4.09 9.03
187 4.64 10.45
188 9.78 25.65
189 11.11 22.61
190 18.36 18.45
191 16.43 0.1
192 9.17 15.96
193 24.57 17.79
194 11.68 7.11
195 21.78 3.86
196 16.76 12.39
197 14.19 4.97
198 0.8 15.11
199 17.1 6.11
200 28.59 2
201 11.03 25.33
202 6.78 15.2
203 11.86 15.68
204 20.81 16.56
205 17.53 5.49
206 17.11 21.69
207 8.65 4.96
208 5.27 26.28
209 15.91 15.74
210 19.61 16.95
211 0.34 20.22
212 7.71 7.37
213 5 26.05
214 3.16 8.51
215 22.03 4.62
216 0.95 2.76
217 0.48 4.06
218 2.26 7.73
219 6.81 23.86
220 0.35 5.59
221 27.28 24.34
222 11.83 28.98
223 26.27 6.94
224 5.2 17.1
225 5.06 24.7
226 15.92 24.81
227 14.71 16.92
228 13.98 23.63
229 3.14 2.23
230 6.86 28.66
231 13.94 25.17
232 11.76 7.81
233 15.55 14.43
234 9.29 25.54
235 2.14 4.88
236 11.75 21.17
237 21.15 0.42
238 18.88 23.58
239 11.68 18.42
240 14.13 24.09
241 2.42 28.26
242 16.19 1.05
243 7.21 17.13
244 1.89 1.17
245 12.35 10.35
246 18.05 8.75
247 16.56 26.3
248 11.73 12.33
249 8.87 14.63
250 2.04 21.02
251 13.19 22.53
252 22.96 13.79
253 8.37 5.35
254 6.29 12.84
255 19.45 2.57
256 1.84 2.94
257 15.52 21.88
258 21.53 18.03
259 1.72 22.73
260 15.6 23.42
261 3.17 14.07
262 22.89 16.17
263 28.5 2.26
264 16.89 5.62
265 26.65 8.38
266 1.91 18.93
267 15.24 22.36
268 10.23 7.39
269 2.76 23.61
270 8.71 16.53
271 1.99 22.21
272 26.61 22.07
273 22.62 17.51
274 22.76 19.15
275 25.09 24.34
276 20.93 9.37
277 25.54 28.27
278 1.53 14.83
279 2.97 7.57
280 27.47 0.94
281 2.4 0.62
282 5.51 11.9
283 19.3 17.64
284 23.78 15.74
285 14.79 4.58
286 26.79 15.01
287 8.08 16.79
288 16.82 24.41
289 26.08 1.7
290 8.56 10.59
291 2.48 22.17
292 3.96 12.01
293 9.36 10.54
294 18.11 5.49
295 17.96 12.34
296 24.48 16.58
297 11.01 2.88
298 20.52 0.99
299 16.74 1.31
300 5.89 26.82
301 12.83 2.53
302 1.84 15.2
303 22.13 3.43
304 5.13 18.67
305 11.78 19.21
306 12.39 13.69
307 8.23 25.78
308 18.84 16.35
309 4.37 17.59
310 0.93 19.48
311 18.58 4.85
312 7.73 25.42
313 26.41 0.59
314 1.9 10.77
315 20.12 25.67
316 10.73 19.31
317 5.52 15.47
318 18.91 12.57
319 13.76 27.65
320 0.39 24.04
321 20.26 8.06
322 4.84 24.3
323 11.65 28.49
324 17.08 23.69
325 25.69 27.54
326 14.91 0.54
327 25.96 15.27
328 15.87 5.16
329 15.94 5.89
330 2.57 17.77
331 19.61 7.06
332 5.05 13.3
333 8.39 7.65
334 17.82 23.96
335 1.53 4.68
336 12.74 18.21
337 13.51 21.79
338 3.8 0.11
339 6.32 7.69
340 17.75 3.4
341 3.94 3.01
342 18.28 3.67
343 8.83 12.42
344 18.32 5.15
345 5.45 7.29
346 25.87 3.41
347 28.23 7.58
348 15.23 1.93
349 25.89 19.14
350 23.82 4.05
351 22.27 27.42
352 2.73 19.09
353 19.2 18.3
354 25.99 18.05
355 21.46 8.04
356 22.57 26.27
357 0.94 7.92
358 20.35 11.85
359 28.53 21.29
360 11.11 21.19
361 24.6 16.5
362 24.08 7.98
363 9.91 6.35
364 25.49 10.31
365 14.36 18.33
366 28.27 20.32
367 10.41 19.15
368 8.46 2.01
369 20.06 12.13
370 2.69 16.97
371 14.24 24.04
372 2.97 25.26
373 19.63 26.7
374 1.52 5.84
375 9.55 19.16
376 18.18 12.63
377 20.61 5.15
378 23.02 13.26
379 6.09 13.05
380 13.9 19.51
381 10.83 20.46
382 22.13 13.17
383 26.7 3.76
384 27.41 1.59
385 1.09 0.29
386 6.85 1.1
387 8.88 26.85
388 24.56 9.82
389 27.18 28.52
390 1.2 26.08
391 9.71 7.73
392 24.4 19.39
393 15.17 12.84
394 8.41 18.42
395 8.94 21.27
396 12.73 22.31
397 6.49 2.29
398 17.58 17.38
399 1.5 15.71
400 16 27.51
401 28.62 2.59
402 0.44 22.86
403 15.2 20.02
404 19.54 7.52
405 4.6 24.91
406 15.16 20.75
407 22.66 25.83
408 21.2 10.57
409 11.51 8.83
410 1.1 0.61
411 22.93 2.97
412 16.79 25.35
413 13.74 11.94
414 27.65 5.37
415 3.88 15.24
416 17.83 26.18
417 2.56 15.02
418 6.05 0.79
419 8.32 0.28
420 25.19 8.11
421 11.38 24.44
422 21.28 11.36
423 4.45 5.04
424 25.4 13.48
425 25.61 15.96
426 18.94 26.5
427 5.38 19.54
428 2.48 18.25
429 23.62 19.12
430 16.88 12.66
431 9.84 10.02
432 25.05 17.23
433 18.02 12.4
434 12.68 13.62
435 21.73 8.86
436 4.31 20.4
437 2.76 4.12
438 20.68 8.11
439 4.11 7.21
440 5.69 17.08
441 26.11 0.72
442 2.79 7.15
443 25.4 2.49
444 4.13 5.27
445 17.93 2.54
446 12.57 21.01
447 20.76 10.29
448 5.21 8.62
449 4.76 21.3
450 1.17 0.42
451 20.82 26.49
452 13.13 17
453 25.11 23.58
454 13.31 4.82
455 21.9 0.22
456 12.46 1.52
457 8.68 19.01
458 4.02 15.25
459 3.05 5.08
460 7.63 8.15
461 11.68 3.5
462 13.8 2.72
463 22.86 3.44
464 24.75 1.53
465 1.95 27.62
466 25.11 8.44
467 25.44 22.77
468 28.87 9.25
469 25.59 21.55
470 4.29 13.18
471 14.71 18.49
472 20.03 28.27
473 14.53 5.91
474 22.51 24.05
475 14.73 0.1
476 3.6 12.66
477 15.38 26.41
478 12.38 28.92
479 1.46 9.24
480 7.86 19.65
481 28.09 3.41
482 26.19 15.5
483 7.27 24.53
484 28.6 26.06
485 21.77 3.86
486 4.87 15.41
487 14.68 19
488 24.91 24.9
489 2.48 11.73
490 11.83 0.94
491 13.61 17.21
492 26.14 26.96
493 26.88 28.99
494 20.76 9.52
495 11.69 28.34
496 2.76 11.14
497 9.16 10.78
498 17.83 11.47
499 20.05 16.43
500 2.81 17.43
501 3.84 12.82
502 14.34 7.69
503 15.11 1.05
504 12.78 21.77
505 22.72 17.59
506 17.32 7.14
507 5.1 18.85
508 1.36 25.99
509 18.03 2.98
510 2.33 22.12
511 4.27 0.73
512 11.51 16.61
513 10.6 13.43
514 12.39 0.35
515 0.3 1.65
516 14.48 15.2
517 5.41 15.67
518 16.72 11.34
519 4.12 20.53
520 20.64 12.02
521 19.16 9.36
522 28.21 8.97
523 17.48 24.26
524 9.77 0.57
525 22.7 6.51
526 7.24 23.62
527 22.75 9.49
528 5.44 1.28
529 13.15 4.35
530 6 17.83
531 15.56 13.45
532 0.12 3
533 14.35 20.97
534 24.02 28.36
535 11.39 18.47
536 27.83 15.67
537 7.16 13.07
538 19.86 27.04
539 10.13 24.64
540 2.15 12.15
541 6.77 3.83
542 24.84 20.92
543 22.2 0.52
544 16.39 1.29
545 1.64 6.35
546 2.32 22.39
547 25.4 28.72
548 3.22 13.97
549 13.33 22.27
550 11.74 27.24
551 13.91 7.24
552 2.84 22.09
553 2.65 3.59
554 28.23 22.7
555 5.85 12.78
556 28.14 12.91
557 16.35 24.14
558 7.18 23.98
559 7.79 21.07
560 27.42 23.57
561 16.96 20.96
562 20.68 12.26
563 26.23 24.88
564 18.15 23.9
565 4.67 10.57
566 0.33 12.41
567 5.5 18.58
568 4.7 3.17
569 25.87 19.67
570 14.98 15.45
571 28.36 14.24
572 20.9 14.12
573 9.1 27.23
574 19.3 28.08
575 22.65 28.42
576 20.38 0.24
577 12.51 22.14
578 18.02 12.06
579 18.49 9.74
580 2.83 7.18
581 19.59 23.16
582 24.26 3.17
583 6.34 7.62
584 27.29 28.96
585 26.94 14.74
586 11.5 13.27
587 9.91 8.82
588 7.06 3.41
589 2.49 19.02
590 0.96 26.36
591 9.13 25.15
592 18.29 21.34
593 15.92 21.64
594 13.9 18.83
595 26.01 16.93
596 11.09 16.74
597 19.91 28.13
598 6.75 17.88
599 0.36 26.25
600 23.51 16.56
601 0.84 27.3
602 7.13 6.02
603 9.43 10.75
604 12.29 25.71
605 23.07 11.92
606 19.59 13.25
607 17.11 14.72
608 7.36 20.4
609 10.24 4.04
610 20.97 21.27
611 20.53 18.77
612 17.9 14.59
613 14.99 11.44
614 20.21 24.65
615 23.74 15.35
616 25.18 14.73
617 3.27 24.58
618 17.85 3.31
619 0.02 12.7
620 7.14 12.67
621 8.44 5.61
622 20.34 9.26
623 0.66 8.08
624 23.64 10.22
625 14.01 22.42
626 12.2 15.61
627 12.72 5.54
628 28.5 12.62
629 19.8 27.71
630 25.59 19.72
631 16.97 14.54
632 21.64 21.77
633 25.08 20.24
634 15.46 22.01
635 5.68 7.62
636 24.75 22.6
637 14.38 25.65
638 4.73 27.61
639 8.84 15.05
640 19.99 28.37
641 26.5 5.37
642 10.92 14.71
643 27.34 21.75
644 2.98 10.42
645 12.66 0.66
646 15.2 28.57
647 21.34 12.15
648 3.39 7.84
649 12.37 28.94
650 19.08 1.37
651 6.5 0.58
652 26.23 14.84
653 13.45 20.88
654 18.45 13.48
655 24.37 22.29
656 10.19 9.45
657 6.68 21.87
658 26.14 21.11
659 14.05 16.54
660 17.2 0.13
661 28.7 9.24
662 21.39 3.4
663 22.76 3.57
664 15.03 7.31
665 8.68 6.14
666 6.72 5.12
667 19.96 15.18
668 18.59 15.47
669 28.95 4.41
670 9.23 8.04
671 0.01 24.32
672 28.71 19.42
673 23.05 6.7
674 23.24 25.86
675 8.51 19.62
676 28.86 11.45
677 26.37 19.73
678 23.3 3.78
679 22.61 2.66
680 20.32 9.34
681 14.46 2.29
682 0 27.04
683 25.03 16.94
684 3.87 18.59
685 9.15 7.5
686 14.34 13.1
687 15.04 9.17
688 15.87 14.05
689 22.43 20.61
690 11.24 21.63
691 4.08 13.46
692 4.2 22.62
693 8.92 12.98
694 15.64 10.02
695 19.36 2.53
696 16.35 6.96
697 16.52 16.34
698 15.8 27.87
699 17.46 24.07
700 2.57 19.68
701 15.3 9.13
702 18.3 16.91
703 1.96 12.87
704 4.48 5.17
705 26.81 6.92
706 20.38 27.24
707 3.39 13.41
708 26.39 7.1
709 17.13 12.31
710 26.37 24.55
711 14.03 19.01
712 17.88 13.72
713 12.59 1.55
714 25.62 4.68
715 24.36 12.57
716 21.7 10.71
717 27.62 22.19
718 6.06 11.01
719 27.7 12.11
720 19.03 10.54
721 8.79 8.03
722 21.45 21.93
723 0.04 23.7
724 7.01 1.36
725 8.44 17.17
726 18.7 4.38
727 0.62 22.47
728 24.03 7.58
729 12.27 13.21
730 25.78 3.17
731 13.89 19.15
732 12.34 1.01
733 12.02 24.03
734 7.14 0.92
735 11.47 22.24
736 1.28 8.69
737 13.15 2.78
738 9 5.25
739 18.13 13.19
740 12.88 16.01
741 2.92 26.57
742 20.05 14.1
743 21.69 3.54
744 16.76 26.6
745 12.29 16.48
746 6.63 25.06
747 26.07 8.7
748 3.74 1.5
749 13.94 20.61
750 25.38 22.4
751 2.1 7.93
752 22.23 26.66
753 14.43 26.77
754 22.48 2.23
755 18.25 15.08
756 12.66 17.88
757 2.98 3.69
758 7.23 15.23
759 24.35 24.67
760 12.15 6.51
761 14.1 19.16
762 27.87 1.31
763 14.33 22.69
764 14.31 14.13
765 7.53 10.79
766 18.73 10.69
767 19.87 21.15
768 18.92 11.96
769 14.2 16.82
770 2.9 12.4
771 1.28 14.97
772 18.66 27.08
773 24.83 15.79
774 11.46 8.41
775 14.93 20.18
776 21.87 6.14
777 18.97 11.55
778 5.24 20.74
779 17.39 15.82
780 26.61 19.55
781 12.76 7.44
782 11.12 16.34
783 10.83 15.15
784 2.97 1.04
785 24.97 25.03
786 22.52 17.4
787 15.48 8.77
788 24.56 23.7
789 3.11 11.32
790 14.02 18.55
791 7.21 0.56
792 12.11 6.89
793 10.15 26.18
794 24.52 17.36
795 19.43 10.06
796 17.51 4.65
797 3.52 14.72
798 0.87 28.63
799 12.19 14.35
800 21.9 15.37
801 3.77 19.68
802 10.98 15.42
803 10.12 1.77
804 24.61 6.54
805 7.61 24.75
806 25.32 -9.64
807 28.05 -14.82
808 23.52 -19.95
809 19.83 -20.73
810 1.79 -1.56
811 6.22 -21.79
812 7.51 -19.3
813 1.45 -9.74
814 6.61 -19.9
815 6.27 -13.65
816 15.85 -28.51
817 26.45 -21.56
818 5.86 -26.83
819 15.9 -7.57
820 14.84 -1.47
821 22.63 -23.51
822 20.86 -11.16
823 13.64 -4.21
824 24.94 -26.9
825 10.99 -4.47
826 26.26 -26.73
827 28.56 -17.21
828 9.47 -16.29
829 7.2 -1.01
830 26.18 -16.08
831 15.59 -24.99
832 0.08 -13.04
833 22.39 -13.04
834 3.13 -5.94
835 18.93 -9.29
836 15.33 -17.97
837 11.66 -12.57
838 16.78 -18.71
839 28.13 -7.82
840 12.29 -12.72
841 21.97 -10.12
842 9.85 -21.08
843 19.89 -21.53
844 22.55 -19.32
845 17.92 -27.09
846 5.61 -2.25
847 26.81 -16.03
848 11.59 -5.69
849 11.63 -20.21
850 0.5 -14.72
851 15.22 -13.08
852 25.65 -27.35
853 17.06 -9.4
854 17.22 -24.95
855 20.19 -27.72
856 8.84 -12.03
857 15.63 -13.17
858 5.7 -18.7
859 20.54 -6.53
860 16.14 -10.77
861 13.03 -9.47
862 25.5 -21.75
863 9.96 -10.84
864 13.57 -8.1
865 5.34 -4.11
866 17.2 -14.08
867 23.95 -3.08
868 12.48 -13.85
869 21.33 -23.54
870 22.26 -0.7
871 12.74 -12.52
872 25.69 -13.62
873 14.84 -28.37
874 17.42 -2.4
875 13.17 -6.39
876 27.38 -4.57
877 26.32 -8.72
878 19.57 -6.4
879 26.02 -7.29
880 11.4 -4.14
881 0.74 -13.89
882 16.97 -11.12
883 24.98 -7.22
884 13.28 -0.46
885 1.16 -17.31
886 0.83 -6.54
887 2.68 -25.42
888 7.32 -9.05
889 11.45 -17.53
890 6.44 -24.74
891 0.31 -7.14
892 15.87 -16.34
893 22.74 -9.16
894 27.97 -17.96
895 4.62 -2.29
896 16.18 -21.89
897 4.02 -16.89
898 6.63 -4.15
899 16.13 -11.52
900 11.35 -19.91
901 8.97 -17.3
902 25.24 -23.7
903 3.75 -11.65
904 0.18 -3.56
905 28.31 -26.72
906 4.87 -18.14
907 5.48 -11.14
908 2.82 -3.26
909 3.74 -10.75
910 13.04 -1.79
911 6.21 -19.88
912 19.29 -11.74
913 15.89 -21.75
914 4.27 -25.92
915 28.35 -3.03
916 2.85 -15.62
917 21.84 -8.32
918 19.98 -28.09
919 14.18 -25.6
920 5.84 -2.68
921 3.35 -25.01
922 7.15 -22.23
923 8.01 -8.83
924 2.1 -9.98
925 23.29 -11.75
926 14.16 -15.14
927 26.88 -12.02
928 4.77 -15.97
929 12.9 -25.3
930 10.85 -9.04
931 7.18 -23.77
932 3.1 -25.22
933 6.83 -11.55
934 8.15 -5.6
935 19.8 -21.01
936 28.54 -25.51
937 18.75 -23.15
938 14.51 -6.7
939 28.2 -26.76
940 21.04 -16.61
941 2.76 -5.01
942 17.04 -17.72
943 4.69 -12.16
944 19.98 -21.81
945 13.38 -0.11
946 23.89 -13.35
947 9.57 -20.56
948 3.11 -9.51
949 15.11 -27.93
950 2.46 -22.78
951 1.82 -5.91
952 11.59 -2.01
953 20.23 -20.57
954 0.85 -26.1
955 13.71 -19.43
956 6.96 -21.89
957 22.13 -27.99
958 22.68 -24
959 28.34 -26.83
960 26.94 -25.18
961 9.54 -12.72
962 15.8 -4.35
963 13.86 -1.63
964 0.56 -1.44
965 6.74 -28.97
966 17.41 -14.55
967 16.56 -8.56
968 0.13 -0
969 8.62 -19.31
970 21.26 -12.51
971 16.92 -4.85
972 3.85 -28.22
973 5.75 -10.06
974 7.89 -9.05
975 5.23 -5.09
976 17.81 -17.35
977 21.71 -14.77
978 27.93 -16.13
979 17.57 -6.57
980 18.07 -28.49
981 25.56 -24.32
982 15.4 -6.48
983 18 -24.64
984 14.95 -27.06
985 10.57 -26.62
986 2.47 -7.21
987 6.44 -27.49
988 8.55 -17.84
989 26.89 -23.71
990 28.8 -27.96
991 16.32 -3.13
992 0.42 -0.13
993 16.26 -9.03
994 27.12 -28.35
995 10.37 -16.36
996 23.2 -16.19
997 22.67 -6.93
998 2.58 -9.6
999 7.66 -23.19
1000 3.33 -0.05
1001 7.27 -18.23
1002 16.73 -5.81
1003 6.17 -25.23
1004 19.94 -7.8
1005 6.77 -4.07
1006 18.72 -2.26
1007 2.39 -23.09
1008 14.64 -1.66
1009 1.02 -1.17
1010 17.53 -12.76
1011 28.96 -11.39
1012 0.84 -11.73
1013 3.86 -5.15
1014 10.87 -14.94
1015 15 -11.52
1016 0.76 -14.2
1017 2.53 -4.79
1018 1.02 -0.01
1019 19.33 -8.71
1020 24.3 -3.48
1021 5.74 -26.1
1022 2.71 -25.54
1023 27.2 -19.65
1024 20.82 -17.35
1025 1.12 -28.22
1026 22.13 -20.88
1027 15.13 -12.6
1028 0.27 -22.98
1029 8.92 -18.99
1030 1.52 -11.14
1031 25.35 -6.44
1032 11.23 -13.8
1033 25.33 -27.88
1034 19.11 -23.77
1035 27.25 -15.66
1036 24.29 -25.93
1037 22.47 -15.51
1038 17.68 -27
1039 26.88 -20.68
1040 2.42 -21.03
1041 24.43 -10.52
1042 23.12 -7.08
1043 1.06 -10.56
1044 0.56 -5.91
1045 17.06 -21.5
1046 10.47 -13.6
1047 9.92 -24.93
1048 6.33 -21.7
1049 16.48 -17.77
1050 15.95 -25.45
1051 22.38 -26.25
1052 24.29 -11.24
1053 20.77 -27.38
1054 1.58 -24.49
1055 16.52 -18.65
1056 0.17 -4
1057 11.08 -11.95
1058 5.04 -5.81
1059 11.72 -23.66
1060 27.69 -17.12
1061 13.24 -11.3
1062 7.23 -9.16
1063 13.38 -23.16
1064 23.45 -13.57
1065 21.54 -12.38
1066 21.16 -21.92
1067 4.17 -14.92
1068 24.82 -27.97
1069 23.46 -7.46
1070 8.63 -26.4
1071 12.93 -22.51
1072 16.98 -20.32
1073 26.13 -24.01
1074 1.2 -22.02
1075 10.14 -20.37
1076 2.68 -11.41
1077 20.57 -5.9
1078 11.58 -9.91
1079 23.48 -16.47
1080 28.86 -6.03
1081 27.96 -27.54
1082 24.99 -3.54
1083 2.51 -14.65
1084 4.63 -20.81
1085 18.22 -25.97
1086 19.48 -13.26
1087 4.58 -2.15
1088 8.68 -7.47
1089 12.01 -13.23
1090 4.6 -21.4
1091 3.81 -4.68
1092 10.58 -18.8
1093 28.72 -6.9
1094 23.38 -22.17
1095 10.72 -5.72
1096 4.27 -5.76
1097 9.3 -9.68
1098 6.85 -0.26
1099 3.59 -11.81
1100 20.3 -11.48
1101 24.74 -4.33
1102 6.48 -10.79
1103 0.78 -11.84
1104 25.07 -26.69
1105 19.09 -24.31
1106 11.51 -12.2
1107 2 -5.43
1108 12.33 -22.1
1109 26.79 -13.24
1110 18.97 -18.23
1111 6.51 -8.51
1112 0.72 -5.76
1113 17.54 -27.33
1114 10.14 -19.09
1115 1.58 -21.13
1116 25.47 -1.45
1117 23.76 -8.84
1118 3.21 -14.47
1119 23.68 -7.06
1120 2.37 -10.8
1121 23 -25.3
1122 1.73 -13.89
1123 18.51 -7.53
1124 20.77 -25.58
1125 26.34 -27.82
1126 7.33 -22.26
1127 10.54 -3.85
1128 2.19 -19.57
1129 9.67 -10.6
1130 2.74 -23.85
1131 25.3 -22.77
1132 2.61 -10.73
1133 25.2 -2.58
1134 9.64 -5.82
1135 28.15 -2.41
1136 27.71 -23.54
1137 19.95 -22.15
1138 12.2 -11.96
1139 8.54 -20.98
1140 19.8 -15.5
1141 20.28 -5.88
1142 9.74 -9.65
1143 11.75 -1.83
1144 12.43 -23.45
1145 18.3 -21.42
1146 15.19 -26.69
1147 8.42 -26.13
1148 28.71 -0.32
1149 17.67 -16.15
1150 18.56 -20.88
1151 26.94 -16.82
1152 21.49 -28.79
1153 11.75 -0.41
1154 3.91 -4.7
1155 2.72 -2.81
1156 8.7 -23.71
1157 15.88 -23
1158 7.35 -0.96
1159 24.41 -27.63
1160 2.57 -19.79
1161 0 -25.23
1162 22.36 -0.28
1163 0.61 -19.95
1164 7.1 -4.6
1165 25.48 -18.28
1166 17.62 -8.18
1167 19.49 -5.94
1168 6.35 -10.11
1169 26.33 -2.24
1170 5.05 -10.26
1171 16.49 -0.05
1172 23.06 -25.27
1173 8.75 -3.37
1174 13.53 -1.41
1175 3.72 -4.16
1176 0.4 -16.1
1177 16.39 -3.73
1178 23.68 -5.28
1179 9.88 -28.52
1180 0.32 -13.3
1181 4 -17.88
1182 23.82 -17.94
1183 28.05 -23.49
1184 8.25 -12.69
1185 22.95 -7.91
1186 7.96 -24.82
1187 21.1 -21.96
1188 7.86 -2.02
1189 14.96 -0.85
1190 16.54 -21.39
1191 20.01 -18.68
1192 4.93 -28.46
1193 16.26 -7.4
1194 18.44 -11.13
1195 24.43 -26.15
1196 15.03 -18.76
1197 7.7 -28.43
1198 5.44 -9.86
1199 22.55 -18.28
1200 26.19 -13.69
1201 9.52 -28.03
1202 3.51 -5.15
1203 18.7 -13.14
1204 25.51 -11.37
1205 3.76 -4.66
1206 5.86 -24.57
1207 6.55 -23.78
1208 13.7 -22.32
1209 4.45 -22.82
1210 19.97 -3.15
1211 21.91 -28.89
1212 10.84 -6
1213 27.38 -12.14
1214 1.42 -27.81
1215 12.5 -3.46
1216 14.01 -10.13
1217 15.28 -4.54
1218 0.2 -17.52
1219 28.9 -16.5
1220 3.68 -8.24
1221 3.81 -15.18
1222 21.48 -9.55
1223 2.87 -10.37
1224 4.19 -6.19
1225 20.86 -18.84
1226 18.73 -6.68
1227 24.2 -25.29
1228 8.43 -12.1
1229 10.91 -22.59
1230 8.57 -21.37
1231 2.5 -5.93
1232 22 -22.58
1233 11.1 -0.31
1234 16.81 -22.2
1235 1.44 -22.52
1236 8.71 -20.5
1237 12.57 -16.78
1238 9.67 -1.19
1239 18.9 -26.96
1240 16.8 -13.86
1241 3.06 -22.28
1242 18.58 -6.54
1243 1.16 -27.26
1244 3.37 -9.53
1245 13.43 -12.07
1246 0.52 -11.94
1247 17.04 -15.93
1248 27.76 -22.52
1249 15.73 -28.15
1250 4.19 -15.58
1251 7.08 -28.69
1252 27.99 -24.42
1253 25.62 -2.17
1254 0.13 -8.66
1255 5.04 -27.04
1256 2.85 -16.93
1257 5.99 -8.1
1258 6.37 -3.95
1259 13.48 -7.15
1260 1.74 -21.26
1261 4.21 -9.43
1262 25.37 -2.27
1263 7.31 -21.25
1264 2.92 -24.13
1265 22.23 -23.04
1266 5.26 -7.12
1267 2.54 -11.83
1268 14 -4.25
1269 12.92 -10.68
1270 20.25 -14.13
1271 13.59 -0.48
1272 8.59 -23.1
1273 27.05 -19.58
1274 9.26 -26.48
1275 18.74 -23.05
1276 3.49 -22.52
1277 24.79 -5.47
1278 26.73 -11.38
1279 18.03 -14.63
1280 20.19 -12.17
1281 1.81 -11.27
1282 5.62 -25.45
1283 12.23 -15.88
1284 26.56 -19.63
1285 16.28 -25.15
1286 25.63 -0.33
1287 23.43 -12.39
1288 2.98 -16.74
1289 14.22 -4
1290 27.06 -23.76
1291 17.28 -15.49
1292 20.96 -13.07
1293 24.45 -24.6
1294 10.23 -1.21
1295 13.39 -13.48
1296 7.27 -1.42
1297 26.88 -15.2
1298 2.08 -12.9
1299 15.05 -21.63
1300 0.3 -11.17
1301 11.5 -2.33
1302 14.73 -8.45
1303 25.2 -17.46
1304 21.46 -0.23
1305 23.99 -21.94
1306 8.43 -2.04
1307 15.11 -23.79
1308 19.39 -11.92
1309 13.13 -10.56
1310 6.57 -0.62
1311 2.05 -9.04
1312 6.77 -13.84
1313 9.26 -11.45
1314 4.08 -8.85
1315 2.54 -24.31
1316 9.17 -4.38
1317 12.83 -25.57
1318 14.03 -6.42
1319 6.65 -20.55
1320 13.5 -18.01
1321 20.06 -13.16
1322 7.95 -4.45
1323 16.37 -17.69
1324 28.26 -27.35
1325 10.49 -12.03
1326 21.07 -17.35
1327 13.71 -12.54
1328 6.51 -27.84
1329 19.22 -22.98
1330 18.29 -22.11
1331 9.01 -21.76
1332 0.85 -9.98
1333 16.4 -21.85
1334 24.92 -14.88
1335 15.42 -23.05
1336 18.73 -9.42
1337 13.88 -6.48
1338 6.69 -26.69
1339 25.04 -12.77
1340 24.8 -17.47
1341 5.82 -6.53
1342 1.6 -28.4
1343 27.24 -19.54
1344 25.04 -19.63
1345 12.75 -28.98
1346 21.75 -14.33
1347 6.84 -21.76
1348 26.13 -22.6
1349 20.01 -23.24
1350 17.3 -22.06
1351 14 -6.43
1352 24.43 -7.03
1353 16.24 -10.4
1354 23.18 -2.12
1355 19.6 -23.8
1356 12.86 -1.5
1357 0.9 -7.94
1358 27.48 -14.46
1359 16.61 -10.67
1360 10.65 -23.52
1361 20.38 -11.88
1362 4.65 -14.92
1363 20.05 -27.22
1364 3.98 -13.3
1365 17.88 -11.06
1366 0.01 -21.28
1367 10.84 -2.89
1368 13.29 -6.96
1369 20.6 -27.08
1370 4.41 -18.99
1371 20.5 -11.2
1372 19.15 -17.27
1373 14.25 -3.92
1374 26.11 -0.15
1375 6.2 -1.86
1376 13.75 -19.29
1377 5.21 -9.1
1378 18.84 -0.92
1379 14.22 -25.26
1380 18.84 -22.82
1381 26.63 -3.11
1382 17.52 -1.37
1383 8.33 -19.99
1384 0.59 -1.81
1385 3.33 -28.94
1386 22.66 -5
1387 22.27 -6.35
1388 10.27 -24.33
1389 7.01 -7.52
1390 9.39 -18.91
1391 9.2 -13.21
1392 4.83 -5.66
1393 6.58 -14.41
1394 22.2 -23.67
1395 0.01 -3.32
1396 17.95 -23.56
1397 24.94 -26.64
1398 17.63 -6.47
1399 19.81 -15.79
1400 27.25 -18.23
1401 23.23 -23.14
1402 0.49 -20.92
1403 27.77 -28.03
1404 6.55 -10.76
1405 12.19 -5.78
1406 1.51 -15.94
1407 4.12 -21.39
1408 6.81 -6.34
1409 12.53 -10.7
1410 14.03 -11.53
1411 6.09 -12.55
1412 21.71 -14.5
1413 20.98 -13.55
1414 11.87 -21.87
1415 11.1 -11.79
1416 5.93 -10.12
1417 13.56 -16.85
1418 15.88 -6.42
1419 28.7 -12.34
1420 0.64 -4.96
1421 3.42 -11.9
1422 4.29 -2.16
1423 20.02 -7.55
1424 18.25 -22.62
1425 16.67 -15.08
1426 27.63 -14.8
1427 0.31 -5.29
1428 18.84 -2.86
1429 24.73 -3.81
1430 15.6 -1.71
1431 23.36 -18.35
1432 17.73 -4.05
1433 10.47 -7.92
1434 2.78 -4.61
1435 9.57 -21.69
1436 4.59 -3.43
1437 17.11 -13
1438 3.07 -20.41
1439 25.55 -8.13
1440 5.73 -21.32
1441 18.65 -13.23
1442 1.04 -15.88
1443 18.75 -1.48
1444 5.29 -19.88
1445 4.12 -14.48
1446 15.36 -20.89
1447 24.94 -27.48
1448 17.92 -4.09
1449 20.22 -17.93
1450 10.62 -20.71
1451 24.14 -0.8
1452 25.32 -26.74
1453 0.67 -12.25
1454 2.9 -28.39
1455 3.23 -8.74
1456 4.49 -8.64
1457 24.52 -4.4
1458 5.88 -5.53
1459 7.94 -25.79
1460 22.8 -11.17
1461 14.58 -12.06
1462 22.06 -9.16
1463 13.25 -22.04
1464 22.49 -10.98
1465 2.69 -4.47
1466 16.79 -15.64
1467 13.38 -9.35
1468 4.12 -24.63
1469 6.54 -25.57
1470 5.31 -18.55
1471 9.71 -21.3
1472 25.7 -9.81
1473 15.34 -5.23
1474 13.55 -14.11
1475 7.8 -23.28
1476 17.86 -7.35
1477 16.51 -22.39
1478 26.95 -22.44
1479 4.43 -12.28
1480 28.27 -20.45
1481 7.09 -18.64
1482 10.52 -27.59
1483 5.74 -2.99
1484 28.56 -14.64
1485 15.71 -12.29
1486 16.11 -16.39
1487 26.2 -25.42
1488 13.18 -24.33
1489 9.44 -24.07
1490 0.87 -26.73
1491 16.6 -17.25
1492 22.16 -1.26
1493 23.7 -15.63
1494 27.91 -20.11
1495 23.08 -28.13
1496 0.3 -9.7
1497 8.29 -1.17
1498 15.68 -10.82
1499 7.98 -25.56
1500 20.37 -26.76
1501 14.16 -6.22
1502 2.64 -7.48
1503 2.81 -22.88
1504 0.47 -15.82
1505 25.07 -12.26
1506 12.03 -1.35
1507 14.13 -12.67
1508 28.3 -5.19
1509 25.3 -8.83
1510 19.49 -9.73
1511 19.44 -1.91
1512 3.08 -19.79
1513 13.13 -10.25
1514 6.81 -1.29
1515 28.05 -3.63
1516 9.85 -27.18
1517 17.18 -13.21
1518 18.62 -24.02
1519 22.36 -2.52
1520 14.78 -19.09
1521 20.44 -0.96
1522 13.63 -26.81
1523 14.52 -5.57
1524 25.93 -24.46
1525 5.19 -22.34
1526 24.25 -16.42
1527 18.73 -7.15
1528 28.93 -9.86
1529 11.15 -14.38
1530 18.01 -18.26
1531 27.97 -10.2
1532 5.94 -10.39
1533 16.93 -16.15
1534 18.67 -24.56
1535 14.65 -10.29
1536 11.25 -15.97
1537 25.3 -17.62
1538 5.71 -7.41
1539 14.39 -10.82
1540 4.17 -14.16
1541 1.58 -19.58
1542 9.26 -28.42
1543 9.28 -20.31
1544 17.21 -20.71
1545 9.97 -2.95
1546 13.16 -17.75
1547 28.14 -8.94
1548 7.62 -1.62
1549 8.7 -27.59
1550 8.88 -8.81
1551 7.31 -23.35
1552 23.49 -2.66
1553 10.07 -3.61
1554 25.96 -11.73
1555 25.89 -24.46
1556 26.56 -12.65
1557 23.59 -10
1558 12.83 -18.34
1559 10.05 -15.4
1560 18.35 -1.05
1561 18.8 -2.55
1562 11.49 -14.03
1563 27.17 -0.46
1564 28.05 -1.63
1565 10.45 -6.87
1566 12.75 -19.45
1567 22.11 -17.76
1568 3.89 -7.24
1569 1.49 -14.7
1570 21.68 -12.37
1571 25.02 -9.91
1572 19.91 -19.25
1573 20.11 -2.14
1574 17.54 -3.74
1575 16.31 -12.69
1576 15.24 -18.41
1577 3.45 -6.11
1578 18.09 -9.25
1579 10.89 -1.62
1580 8.5 -17.14
1581 7.6 -3.86
1582 4.14 -3.77
1583 22.53 -0.71
1584 26.94 -19.55
1585 2.93 -24.03
1586 4.94 -19.62
1587 21.39 -10.47
1588 12.61 -7.37
1589 11.11 -12.51
1590 25.2 -12.67
1591 2.09 -9.95
1592 16.06 -22.96
1593 3.21 -5.54
1594 18.68 -5.16
1595 4.82 -25.62
1596 12 -9.7
1597 13.47 -23.94
1598 7.18 -16.14
1599 18.22 -7.01
1600 13.56 -5.12
1601 24.74 -3.67
1602 14.14 -18.5
1603 8.39 -17.14
1604 12.17 -9.28
1605 21.95 -2.02
1606 11.97 -8.37
1607 2.33 -24.04
1608 12.1 -10.56
1609 27.24 -17.06
1610 13.69 -1.79
1611 -23.01 -3.06
1612 -27.01 -25.69
1613 -24.36 -7.49
1614 -26.02 -5.19
1615 -10.31 -13.58
1616 -28.77 -10.58
1617 -11.6 -17.57
1618 -5.71 -13.91
1619 -23.19 -19.99
1620 -22.01 -17.88
1621 -8.77 -16.15
1622 -22.71 -4.99
1623 -15.55 -22.62
1624 -10.69 -5.82
1625 -7.61 -13.79
1626 -28.37 -24.38
1627 -3.59 -1.62
1628 -20.63 -26.38
1629 -14.09 -10.47
1630 -6.57 -17.65
1631 -10.75 -6.92
1632 -24.5 -6.34
1633 -20.26 -22.35
1634 -24.86 -12.73
1635 -13.14 -25.97
1636 -24.64 -17.88
1637 -5.39 -21.91
1638 -27.06 -18.36
1639 -24.18 -3.46
1640 -28.77 -8.75
1641 -15.65 -14.31
1642 -27.45 -28.14
1643 -8.05 -19.24
1644 -0.72 -19.09
1645 -19.26 -4.66
1646 -11.59 -7.29
1647 -25.16 -1.02
1648 -5.89 -18.61
1649 -2.34 -27.94
1650 -24.91 -1.76
1651 -2.16 -15.48
1652 -19.92 -3.08
1653 -21.44 -7.55
1654 -22.53 -0.5
1655 -9.25 -28.14
1656 -24.97 -22.3
1657 -3.96 -7.42
1658 -9.18 -23.42
1659 -25.03 -23.53
1660 -28.2 -9.9
1661 -28.72 -15.3
1662 -27.84 -22.31
1663 -11.92 -7.4
1664 -6.34 -4.73
1665 -18.01 -14.26
1666 -12.27 -2.25
1667 -16.85 -20.17
1668 -10.24 -14.71
1669 -15.21 -20.81
1670 -19.95 -15.29
1671 -8.59 -6.98
1672 -14.4 -27.44
1673 -21.87 -24.08
1674 -18.61 -23.58
1675 -16.01 -17.9
1676 -15.72 -0.33
1677 -22.64 -27.25
1678 -5.65 -26.08
1679 -13.34 -5.56
1680 -2.35 -11.99
1681 -25.76 -2.35
1682 -5.05 -26.14
1683 -23.37 -13.62
1684 -5.43 -26.81
1685 -13.11 -9.58
1686 -28.08 -7.91
1687 -6.35 -4.22
1688 -10.82 -25
1689 -19.58 -10.74
1690 -11.17 -0.44
1691 -12.29 -18.11
1692 -27.88 -9.41
1693 -6.5 -5.94
1694 -23.02 -4.53
1695 -28.04 -19.84
1696 -4.71 -25.37
1697 -5.03 -24.81
1698 -20.95 -21.28
1699 -1.62 -28.4
1700 -20.5 -8.9
1701 -16.81 -14.73
1702 -1.47 -19.58
1703 -27.1 -5.69
1704 -27.95 -12.3
1705 -24.26 -0.21
1706 -18.32 -10.12
1707 -19.54 -7.55
1708 -25.01 -17.21
1709 -4.26 -8.56
1710 -28.4 -19.04
1711 -26.93 -3.31
1712 -10.64 -15.63
1713 -19.44 -2.97
1714 -13.89 -14.11
1715 -23.01 -21.06
1716 -6.79 -5.4
1717 -7.5 -22.35
1718 -10.56 -19.78
1719 -3.08 -5.61
1720 -5.82 -9.51
1721 -19.64 -9.86
1722 -17.42 -6.66
1723 -6.39 -21.7
1724 -1.26 -24.95
1725 -14.99 -10.66
1726 -25.49 -12.18
1727 -27.81 -24.45
1728 -9.94 -18.65
1729 -3.76 -18.25
1730 -21.83 -23.83
1731 -11.75 -9.29
1732 -2.64 -28.62
1733 -1.93 -1.78
1734 -7.39 -13.2
1735 -22.72 -5.01
1736 -14.88 -24.73
1737 -13.91 -24.88
1738 -17.58 -14.82
1739 -10.77 -20.31
1740 -1.97 -18.84
1741 -2.02 -8.29
1742 -3.74 -9.98
1743 -28.63 -12.35
1744 -13.13 -25.2
1745 -20.03 -3.39
1746 -12.68 -5.96
1747 -17.11 -14.31
1748 -16.09 -26.85
1749 -11.05 -19.04
1750 -6.57 -6
1751 -13.25 -16.29
1752 -23.69 -3.97
1753 -18.79 -27.16
1754 -0.99 -12.27
1755 -13.63 -12.09
1756 -20.38 -2.96
1757 -24.46 -27.17
1758 -22.05 -6.64
1759 -2.84 -24.09
1760 -27.48 -17.7
1761 -6.18 -5.39
1762 -19.7 -22.69
1763 -20.54 -23.29
1764 -24.85 -18.31
1765 -24.31 -14.11
1766 -1.41 -13.95
1767 -17.92 -20.08
1768 -18.25 -7.62
1769 -2.42 -19.24
1770 -2.33 -19.24
1771 -4.73 -16.05
1772 -25.75 -22.71
1773 -0.35 -0.19
1774 -6.81 -1.32
1775 -19.02 -3.19
1776 -20.1 -5.29
1777 -10.5 -25.2
1778 -2.02 -10.81
1779 -0.12 -2.04
1780 -16.16 -26.87
1781 -11.82 -6.96
1782 -27.04 -0.09
1783 -7.71 -12.27
1784 -2.51 -27.81
1785 -0.58 -21.65
1786 -20.23 -4.84
1787 -10.07 -16.83
1788 -28.54 -16.98
1789 -0.82 -10.42
1790 -25.13 -6.35
1791 -23.17 -19.84
1792 -27.56 -16.23
1793 -9.56 -4.67
1794 -6.72 -0.58
1795 -9.98 -9.69
1796 -28.17 -5.4
1797 -17.01 -4.32
1798 -16.59 -26.21
1799 -7.55 -24.72
1800 -28.9 -1.62
1801 -6.46 -8.13
1802 -24.96 -20.13
1803 -19.63 -16.53
1804 -9.47 -24.5
1805 -1.86 -20.45
1806 -22.81 -17.12
1807 -15.88 -7.55
1808 -12.22 -21.37
1809 -4.48 -25.44
1810 -17.65 -18.94
1811 -6.86 -25.98
1812 -1.3 -16.82
1813 -25.56 -23.87
1814 -2.12 -0.42
1815 -2.04 -4.11
1816 -23.76 -2.02
1817 -22.15 -8.51
1818 -7.56 -19.72
1819 -26.74 -12.78
1820 -15.75 -28.56
1821 -16.68 -11.12
1822 -18.67 -9.56
1823 -13.45 -3.56
1824 -11.53 -1.9
1825 -3.36 -17.93
1826 -26.43 -0.18
1827 -28.53 -10.23
1828 -16.62 -27.74
1829 -28.16 -7.61
1830 -23.24 -18.74
1831 -20.76 -12.72
1832 -3.75 -18
1833 -20.24 -25.43
1834 -20.73 -11.32
1835 -10.88 -17.98
1836 -11.63 -19
1837 -28.56 -10.08
1838 -25.17 -1.3
1839 -14.72 -24.54
1840 -24.99 -7.7
1841 -19.4 -0.61
1842 -22.36 -22.43
1843 -3.69 -1.45
1844 -9.06 -9.98
1845 -11.25 -2.85
1846 -27.09 -3.3
1847 -21.3 -3.01
1848 -10.97 -1.85
1849 -24.69 -24.06
1850 -13.05 -14.22
1851 -4.23 -6.57
1852 -28.17 -7.2
1853 -20.02 -15.31
1854 -10.85 -24.34
1855 -14.56 -5.75
1856 -17.88 -18.37
1857 -11.8 -4.97
1858 -6.42 -11.24
1859 -3.74 -15.49
1860 -0.86 -27.01
1861 -1.31 -14.99
1862 -0.53 -27.95
1863 -12.32 -5.14
1864 -0.2 -11.5
1865 -8.24 -8.01
1866 -26.1 -24.77
1867 -14.49 -12.47
1868 -10.31 -25.28
1869 -3.14 -5.52
1870 -11.27 -21.16
1871 -22.05 -17.71
1872 -22.68 -11.67
1873 -22.91 -4.85
1874 -2.86 -11.62
1875 -9.63 -26.65
1876 -12.65 -15.24
1877 -25.72 -22.47
1878 -10.13 -13.18
1879 -7.2 -9.04
1880 -17.06 -10.33
1881 -17.63 -15.44
1882 -10.44 -14.16
1883 -21.96 -3.12
1884 -8.64 -20.75
1885 -24.43 -25.11
1886 -13.82 -2.43
1887 -25.62 -17.49
1888 -4.86 -19.02
1889 -1.64 -19.53
1890 -28.71 -7.73
1891 -5.49 -22.8
1892 -27.79 -23.88
1893 -19.58 -2.21
1894 -11.26 -8.92
1895 -1.77 -26.78
1896 -24.74 -10.84
1897 -7.52 -1.92
1898 -5.05 -17.7
1899 -9.45 -0.49
1900 -25.6 -25.21
1901 -10.17 -16.41
1902 -16.42 -21.94
1903 -11.96 -6.79
1904 -8.85 -21.28
1905 -11.53 -25.12
1906 -1.44 -8.56
1907 -14.96 -17.03
1908 -19.24 -0.23
1909 -20.67 -5.54
1910 -14.84 -13.02
1911 -23.86 -22.45
1912 -24.37 -22.1
1913 -10.81 -2.39
1914 -14.4 -11.94
1915 -19.68 -2.78
1916 -19.19 -22.52
1917 -15.46 -12.37
1918 -19.16 -6.61
1919 -10.42 -9.94
1920 -6.06 -10.53
1921 -1.61 -21.95
1922 -9.98 -19.03
1923 -1.78 -16.57
1924 -4.63 -11.75
1925 -24.77 -22.46
1926 -15.91 -19.47
1927 -12.58 -2.16
1928 -16.07 -22.8
1929 -17.27 -5.91
1930 -8.69 -1.47
1931 -23.99 -7.95
1932 -20.32 -10.41
1933 -28.54 -21.97
1934 -2.91 -22
1935 -3.54 -9.96
1936 -2.92 -20.49
1937 -10.52 -16.67
1938 -4.25 -24.42
1939 -18.69 -23.83
1940 -17.29 -8.88
1941 -10.88 -25.99
1942 -28.15 -15.72
1943 -9.52 -23.46
1944 -0.37 -26.74
1945 -10.73 -9.31
1946 -17.26 -20.58
1947 -1.99 -17.24
1948 -10.21 -20.1
1949 -13.11 -1.54
1950 -11.5 -24.64
1951 -16.13 -28.17
1952 -27.36 -25.94
1953 -21.37 -9.18
1954 -4.01 -2.61
1955 -23.02 -11.06
1956 -19.57 -21.3
1957 -19.54 -4.9
1958 -10.88 -18.72
1959 -27.98 -0.06
1960 -9.38 -22.77
1961 -14.35 -9.71
1962 -26.95 -9.16
1963 -0.27 -16.35
1964 -17.89 -8.16
1965 -15.32 -24.9
1966 -6.59 -11.91
1967 -8.86 -2.46
1968 -23.16 -4.95
1969 -19.09 -12.75
1970 -6.33 -27.17
1971 -1.99 -24.63
1972 -12.05 -25.91
1973 -27.15 -21.53
1974 -4.11 -22.93
1975 -16.7 -26.14
1976 -6.85 -25.01
1977 -16.7 -13.57
1978 -0.92 -16.33
1979 -7.01 -28.49
1980 -24.39 -1.33
1981 -24.77 -22.34
1982 -24.8 -13.5
1983 -0.97 -16.15
1984 -28.9 -1.48
1985 -28.65 -2.58
1986 -27.21 -17.75
1987 -14.66 -13.16
1988 -5.69 -10.26
1989 -15.71 -24.34
1990 -21.48 -21.32
1991 -28.86 -14.93
1992 -28.51 -10.85
1993 -27.18 -16.56
1994 -16.05 -11.95
1995 -13.29 -16.72
1996 -10.06 -22.96
1997 -7.46 -20.58
1998 -7.73 -17.38
1999 -18.86 -19.95
2000 -22.54 -19.15
2001 -7.9 -18.51
2002 -14.19 -20.75
2003 -13.54 -5.09
2004 -0.43 -2.4
2005 -23.72 -0.25
2006 -15.19 -4.43
2007 -26.8 -23.58
2008 -22.66 -14.7
2009 -9.17 -7.51
2010 -24.23 -9.71
2011 -3.67 -22.46
2012 -25.56 -5.29
2013 -22.67 -22.65
2014 -13.61 -4.29
2015 -23.44 -12.53
2016 -13.56 -7.15
2017 -10.42 -2.35
2018 -18.96 -27.75
2019 -12.67 -6.48
2020 -6.74 -19.39
2021 -6.34 -7.39
2022 -13.5 -4.45
2023 -1.67 -4.14
2024 -11.65 -7.16
2025 -28.4 -10.84
2026 -15.83 -6.88
2027 -12.17 -3.07
2028 -25.73 -12.39
2029 -16.69 -17.36
2030 -12.41 -21.86
2031 -0.01 -22.65
2032 -7.52 -25.97
2033 -7.24 -21.95
2034 -28.44 -26.48
2035 -16.87 -19.91
2036 -9.83 -17.7
2037 -22.15 -5.73
2038 -9.88 -5.85
2039 -24.53 -6.34
2040 -17.18 -21.53
2041 -10.94 -23.93
2042 -9.53 -4.01
2043 -16.41 -5.63
2044 -23 -17.78
2045 -10.64 -15.62
2046 -20.79 -6.41
2047 -14.91 -22.17
2048 -15.12 -28.32
2049 -25.8 -4.67
2050 -24.59 -26.08
2051 -26.3 -25.2
2052 -1.93 -16.94
2053 -5.31 -19.45
2054 -25.79 -23.33
2055 -15.87 -12.36
2056 -7.3 -25.5
2057 -0.51 -9.33
2058 -14.96 -28.35
2059 -17.13 -28.44
2060 -26.58 -8.96
2061 -26.9 -27.77
2062 -20.94 -18.38
2063 -0.22 -12.81
2064 -17.48 -18.58
2065 -27.19 -8.54
2066 -4.74 -24.59
2067 -24.05 -24.49
2068 -26.47 -18.2
2069 -12.53 -0.36
2070 -12.73 -5.78
2071 -2.28 -10.92
2072 -20.25 -2.55
2073 -1.9 -14.32
2074 -25.28 -6.22
2075 -15.18 -19.03
2076 -0.32 -5.39
2077 -23.77 -13.08
2078 -8.41 -3.78
2079 -4.88 -6.51
2080 -15.05 -25.9
2081 -21.49 -3.07
2082 -10.09 -19.8
2083 -20.52 -28.07
2084 -28.43 -7.56
2085 -24.86 -4.05
2086 -14.98 -12.16
2087 -26.23 -27.15
2088 -23.99 -6.23
2089 -23.97 -28.13
2090 -0.68 -20.27
2091 -25.66 -21.68
2092 -17.28 -12.52
2093 -16.3 -2.95
2094 -20.98 -25.7
2095 -22.6 -21.19
2096 -6.78 -7.04
2097 -9.36 -26.61
2098 -25.68 -16.87
2099 -6.95 -0.88
2100 -16.45 -7.64
2101 -2.32 -2.82
2102 -12.49 -2.43
2103 -20.19 -28.56
2104 -10.21 -7.48
2105 -10.27 -26.68
2106 -19.36 -22.42
2107 -5.94 -18.46
2108 -3.93 -7.65
2109 -4.35 -4.77
2110 -8.48 -24.92
2111 -2.96 -9.47
2112 -18.6 -15.26
2113 -14.66 -23.84
2114 -24.72 -26.81
2115 -5.45 -21.61
2116 -6.95 -23.69
2117 -26.13 -7.77
2118 -18.85 -19.44
2119 -26.92 -28.84
2120 -26.52 -0.07
2121 -5.01 -19.72
2122 -9.18 -16.89
2123 -7.06 -10.95
2124 -15.72 -13.11
2125 -20.55 -11.41
2126 -3.4 -6.72
2127 -4.51 -6.03
2128 -0.87 -22
2129 -19.81 -19.17
2130 -23.3 -8.11
2131 -2.81 -7.78
2132 -27.08 -12.78
2133 -3.22 -11.46
2134 -22.82 -16.93
2135 -28.52 -12.67
2136 -3.39 -20.34
2137 -19.75 -4.53
2138 -27.01 -24.09
2139 -19.72 -26.81
2140 -20.74 -25.25
2141 -2.98 -11.28
2142 -17.31 -24.14
2143 -28.67 -7.49
2144 -9.18 -0.71
2145 -8.82 -2
2146 -9.79 -15
2147 -27.78 -23.15
2148 -5.61 -7.87
2149 -7.32 -2.01
2150 -26.2 -28.43
2151 -2.3 -6.85
2152 -22.9 -0.59
2153 -7.2 -22.05
2154 -2.39 -3.43
2155 -28.69 -26.92
2156 -9.2 -5.65
2157 -12.32 -14.19
2158 -4.2 -26.52
2159 -9.75 -11.99
2160 -13.99 -13.38
2161 -10.9 -18.57
2162 -12.73 -6.3
2163 -14.17 -9.69
2164 -23.22 -0.86
2165 -0.3 -4.02
2166 -22.39 -20.42
2167 -3.53 -14.12
2168 -7.17 -16.29
2169 -2.25 -10.73
2170 -8.65 -21.08
2171 -9.26 -1.94
2172 -16.13 -0.38
2173 -26.9 -21.58
2174 -16.09 -2.85
2175 -16.23 -19.17
2176 -8.74 -12.6
2177 -18.91 -27.13
2178 -19.34 -3.99
2179 -4.86 -15.6
2180 -19.62 -13.56
2181 -16.5 -16.68
2182 -1.8 -13.01
2183 -11.83 -20.03
2184 -13.28 -20.49
2185 -24.1 -25.6
2186 -27.54 -4.46
2187 -4.84 -4.36
2188 -8.46 -26.19
2189 -0.04 -14.26
2190 -4.43 -24.55
2191 -8.15 -27.79
2192 -8.44 -13.17
2193 -28.69 -27.06
2194 -25.19 -27.79
2195 -23.87 -4.55
2196 -3.75 -27.33
2197 -22.87 -11.38
2198 -13.93 -5.55
2199 -8.56 -17.22
2200 -13.82 -9.74
2201 -14.2 -3.66
2202 -19.54 -12.36
2203 -21.07 -19.04
2204 -4.3 -28
2205 -23.55 -3.63
2206 -13.94 -8.73
2207 -21.9 -14.23
2208 -23.81 -22.38
2209 -3.69 -4.11
2210 -8.66 -20
2211 -18.34 -27.57
2212 -21.47 -23.93
2213 -12 -12.21
2214 -0.43 -17.92
2215 -27.66 -20.57
2216 -24.23 -14.25
2217 -9.13 -12.86
2218 -2.9 -26.3
2219 -25.3 -12.72
2220 -27.87 -7.2
2221 -15.93 -2.38
2222 -16.61 -12.81
2223 -17.71 -20.36
2224 -6.99 -11.42
2225 -2.43 -21.41
2226 -2.5 -27.18
2227 -22.11 -3.29
2228 -27.02 -6.49
2229 -24.41 -5.12
2230 -25.69 -9.97
2231 -6.74 -23.08
2232 -18.46 -3.44
2233 -12.26 -27.39
2234 -11.11 -21.37
2235 -11.09 -8.57
2236 -10.95 -9.98
2237 -5.31 -9.55
2238 -12.43 -27.56
2239 -21.5 -23.02
2240 -26.95 -19.42
2241 -17.6 -6.45
2242 -9.74 -0.45
2243 -6.94 -10.72
2244 -27.36 -19.28
2245 -0.25 -13.88
2246 -7.96 -6.57
2247 -21.53 -6.99
2248 -5.38 -26.42
2249 -1.31 -4.8
2250 -13.37 -28.01
2251 -20.51 -12.41
2252 -21.96 -6.84
2253 -5.4 -25.82
2254 -2.37 -5.39
2255 -7.33 -9.42
2256 -15.88 -0.32
2257 -12.3 -24.94
2258 -18.18 -8.14
2259 -27.43 -19.24
2260 -4.12 -16.54
2261 -23.11 -10.2
2262 -28.72 -23.6
2263 -3.55 -15.64
2264 -20.44 -5.1
2265 -15.64 -4.86
2266 -28.79 -16.33
2267 -23.17 -7.15
2268 -15.5 -4.27
2269 -9.66 -11.09
2270 -20.52 -0.39
2271 -0.71 -28.52
2272 -24.46 -18.92
2273 -27.06 -13.01
2274 -14.78 -13.64
2275 -12.7 -8.01
2276 -18.22 -1.42
2277 -7.55 -6.81
2278 -4.97 -17.94
2279 -5.56 -11.1
2280 -27.48 -25.42
2281 -12.75 -3.72
2282 -22.4 -27.28
2283 -2.55 -18.45
2284 -0.54 -8.9
2285 -9.29 -23.74
2286 -23.26 -3.58
2287 -22.5 -21.52
2288 -17.06 -1.24
2289 -26.4 -20.57
2290 -28.58 -14.36
2291 -27.3 -10.1
2292 -16.91 -0.32
2293 -18.26 -5.85
2294 -28.47 -21.88
2295 -0.82 -6.35
2296 -10.07 -9.48
2297 -19.28 -25.1
2298 -26.07 -3.47
2299 -23.89 -4.35
2300 -28.09 -26.61
2301 -12.72 -15.7
2302 -8.23 -4.87
2303 -17.63 -6.22
2304 -9.31 -7.81
2305 -22.17 -15.03
2306 -25.13 -20.42
2307 -20.74 -20.47
2308 -8.85 -24.56
2309 -28.97 -21.53
2310 -27.88 -19.84
2311 -0.32 -12.31
2312 -8.41 -20.47
2313 -23.95 -19.6
2314 -23.96 -5.48
2315 -14.62 -1.36
2316 -17.07 -5.57
2317 -21.97 -27.34
2318 -16.08 -7.82
2319 -15.63 -10.6
2320 -8.16 -25.4
2321 -16.82 -20.32
2322 -23.31 -15.81
2323 -11.38 -20.08
2324 -12.61 -3.16
2325 -23.01 -22.87
2326 -6.18 -23.01
2327 -14.49 -5.85
2328 -25.46 -14.6
2329 -2.6 -20.96
2330 -22.32 -2.94
2331 -8.51 -28.74
2332 -27.08 -10.39
2333 -18.21 -1.48
2334 -23.61 -14.17
2335 -22.09 -16.36
2336 -7.68 -2.77
2337 -18.58 -9.91
2338 -0.99 -2
2339 -5.16 -12.48
2340 -6.35 -25.13
2341 -19.14 -10.69
2342 -16.55 -12.54
2343 -9.66 -16.15
2344 -8.11 -24.53
2345 -27.47 -23.78
2346 -23.53 -12.96
2347 -23.35 -18.5
2348 -2.51 -21.61
2349 -18.3 -24.09
2350 -11.45 -8.64
2351 -22.93 -22.91
2352 -3.82 -19.14
2353 -21.14 -12.51
2354 -7.52 -16.34
2355 -23.99 -8.82
2356 -2.04 -25.39
2357 -8.93 -14.13
2358 -12.81 -1.11
2359 -25.64 -1.11
2360 -24.9 -20.92
2361 -16.4 -6.63
2362 -25.13 -19.43
2363 -23.56 -10.76
2364 -17.37 -10.16
2365 -18.8 -24.39
2366 -18.3 -28.82
2367 -1.48 -12.73
2368 -7.77 -4.65
2369 -3.51 -5.14
2370 -25.49 -15.29
2371 -11.68 -27.5
2372 -24.15 -27.53
2373 -28.64 -3.14
2374 -15.77 -7.96
2375 -11.41 -7.8
2376 -25.95 -11.67
2377 -13.62 -27.81
2378 -21.09 -22.08
2379 -14.77 -8.19
2380 -15.1 -9.46
2381 -20.81 -4.57
2382 -28.83 -4.4
2383 -20.57 -4.81
2384 -9.96 -7.6
2385 -5.41 -24.08
2386 -5.1 -6.45
2387 -16.5 -28.61
2388 -2.75 -0.26
2389 -19.74 -16.14
2390 -6.46 -18.53
2391 -12.72 -2.15
2392 -12.49 -3.41
2393 -8.01 -26.35
2394 -17.06 -4.58
2395 -25.57 -22.78
2396 -9.88 -14.68
2397 -19.08 -28.9
2398 -4.71 -9.71
2399 -17.31 -22.18
2400 -17.26 -14.67
2401 -3.64 -5.24
2402 -4.85 -22.37
2403 -5.15 -20.14
2404 -18.8 -7.61
2405 -8.66 -24.89
2406 -9.57 -7.78
2407 -11.19 -21.38
2408 -1.25 -22.06
2409 -9.16 -1.73
2410 -24.51 -0.83
2411 -15.51 -17.25
2412 -17.15 -16.91
2413 -26.62 -17.12
2414 -10.3 -4.39
2415 -19.06 -26.45
2416 -2.69 10.08
2417 -14.97 5.23
2418 -25.37 7.55
2419 -26.68 20.12
2420 -27.54 26.7
2421 -5.48 17.86
2422 -21.76 8.11
2423 -12.69 28.2
2424 -0.93 23.02
2425 -23.85 4.37
2426 -4.15 7.96
2427 -24.88 21.89
2428 -10.01 3.82
2429 -8.21 22.5
2430 -2.48 20.31
2431 -1.39 9.8
2432 -15.03 5.17
2433 -24.24 27.89
2434 -19.01 22.92
2435 -3.14 4.44
2436 -22.3 0.07
2437 -19.7 8.63
2438 -7.83 15.07
2439 -20.61 3.39
2440 -19.29 8.76
2441 -16.72 26.98
2442 -19.87 23.44
2443 -9.78 24.12
2444 -17.63 0.88
2445 -3.71 18
2446 -10.32 2.63
2447 -19.32 5.11
2448 -15.52 7.87
2449 -13.31 14.57
2450 -19.01 17.05
2451 -17.13 16.46
2452 -25.09 23.84
2453 -9.91 7.83
2454 -22.75 15.44
2455 -6.72 13.04
2456 -11.02 13.04
2457 -19 5.96
2458 -1.09 13.42
2459 -14.3 28.78
2460 -0.3 1.24
2461 -3.87 18.02
2462 -5.65 10.62
2463 -1.01 23.19
2464 -8.76 21.17
2465 -9.22 14.33
2466 -1.79 10.3
2467 -5.14 8.87
2468 -16.71 9.4
2469 -24.84 26.57
2470 -22.13 10.46
2471 -6.02 2.56
2472 -8.52 4.15
2473 -17.57 7.54
2474 -7.32 9.61
2475 -22.37 14.4
2476 -14.94 19.15
2477 -12.29 26.24
2478 -20.44 3.11
2479 -6.8 13.31
2480 -27.64 11.72
2481 -4.54 27.54
2482 -7.42 11.95
2483 -21.35 21.2
2484 -18.77 6.65
2485 -28.63 28.71
2486 -2.27 11.9
2487 -27.58 5.65
2488 -24.71 22.31
2489 -14.45 27.67
2490 -24.59 14.55
2491 -4.7 7.82
2492 -5.07 10.53
2493 -13.64 17
2494 -12.83 8.03
2495 -2.27 20.44
2496 -1.51 22.99
2497 -5.94 6.82
2498 -10.54 8.93
2499 -15.58 9.81
2500 -9.52 11.84
2501 -6.26 15.21
2502 -3.38 11.79
2503 -16.62 4.84
2504 -15.04 28.09
2505 -13.64 2.07
2506 -21.42 10.63
2507 -3.69 0.87
2508 -0.39 9.01
2509 -17.04 28.85
2510 -2.82 13.22
2511 -7.21 1.83
2512 -20.17 4.33
2513 -13.26 24.67
2514 -5.48 1.72
2515 -13.56 11.36
2516 -26.57 15
2517 -9.31 19.82
2518 -7.19 12.47
2519 -23.08 25.93
2520 -10.53 22.23
2521 -15.38 7.72
2522 -8.59 14.47
2523 -23.48 1.59
2524 -1.45 20.5
2525 -4.72 23.04
2526 -24.87 15.79
2527 -20.12 23.45
2528 -1.64 16.05
2529 -0.29 15.9
2530 -27.26 7.12
2531 -4.64 13.85
2532 -16.19 7.35
2533 -2.34 13.95
2534 -22.41 23.38
2535 -28.13 25.42
2536 -4.14 15.46
2537 -0.93 26.04
2538 -27.63 24.26
2539 -15.76 24.41
2540 -0.97 11.6
2541 -27.39 3.01
2542 -26.46 25.84
2543 -24.41 18.51
2544 -16.93 10.63
2545 -17.75 24.7
2546 -21.07 15.19
2547 -5.06 4.92
2548 -18.87 8.27
2549 -2.65 7.4
2550 -3.82 23.8
2551 -10.26 13.31
2552 -10.35 19.49
2553 -14.75 11.19
2554 -18.12 8.98
2555 -3.11 13.03
2556 -16.04 19.09
2557 -27.46 1.5
2558 -2.54 25.03
2559 -6.66 22.87
2560 -1.1 19.47
2561 -5.67 6.93
2562 -11.85 22.17
2563 -1.44 22.25
2564 -0.66 13.25
2565 -8.05 15.62
2566 -28.93 4.48
2567 -23.97 18.32
2568 -12.03 21.8
2569 -1.78 21.24
2570 -16.8 12.68
2571 -2.77 4.89
2572 -17.92 3.84
2573 -11.39 12.75
2574 -6.63 20.46
2575 -10.93 0.57
2576 -7.51 7.73
2577 -12.42 16.6
2578 -21.38 19.36
2579 -15.13 13.87
2580 -12.01 22.04
2581 -9.04 23.19
2582 -24.03 11.94
2583 -4.74 15.54
2584 -7.78 18.58
2585 -2.26 18.04
2586 -5.46 24.58
2587 -10.95 16.56
2588 -0.31 23.38
2589 -14.84 4.86
2590 -5.44 18.46
2591 -26.19 25.77
2592 -24.9 12.95
2593 -14.83 21.14
2594 -6.01 17.28
2595 -21.84 0.97
2596 -24.16 18.02
2597 -12.48 1.88
2598 -17.42 1.71
2599 -20.29 28.74
2600 -17.78 7.73
2601 -14.83 5.08
2602 -21.64 23.24
2603 -0.14 8.3
2604 -13.17 4.47
2605 -22.94 26.5
2606 -5.8 18.61
2607 -2.56 2.65
2608 -23.79 1.7
2609 -1.5 28.91
2610 -0.88 12.32
2611 -12.86 5.86
2612 -7.74 7.56
2613 -9.27 25.34
2614 -25.08 7.69
2615 -15.42 12.09
2616 -17.17 25.39
2617 -19.63 1.25
2618 -9.56 21.33
2619 -25.8 2.3
2620 -28.8 22.73
2621 -23.86 2.26
2622 -4.92 5.6
2623 -18.82 8.94
2624 -8.85 28.71
2625 -23.56 2.84
2626 -8.7 9.74
2627 -28.82 7.42
2628 -3.77 27.97
2629 -6.66 9.1
2630 -3.71 11.37
2631 -7.76 22.08
2632 -5.85 3.4
2633 -24.73 27.4
2634 -12.22 26.93
2635 -3.18 4.05
2636 -6.32 12.02
2637 -0.15 27.04
2638 -6.98 11.24
2639 -22.47 18.97
2640 -21.82 15.84
2641 -8.1 17.03
2642 -24.46 13.04
2643 -12.01 7.92
2644 -28.54 10.75
2645 -22.12 18.67
2646 -23.27 3.25
2647 -6.65 0.89
2648 -10.81 0.13
2649 -9.58 13.9
2650 -17.96 23.03
2651 -17.57 12.77
2652 -10.81 24.28
2653 -18.04 17.72
2654 -7.7 0.32
2655 -16.16 11.51
2656 -11.07 12.04
2657 -25.08 24.26
2658 -14.7 6.53
2659 -28.8 19.62
2660 -20.81 14.25
2661 -0.02 21.92
2662 -22.81 15.09
2663 -26.74 18.2
2664 -3.1 16.14
2665 -10.17 7.32
2666 -20.09 3.58
2667 -27.86 10.27
2668 -27.99 13.43
2669 -13.75 28.42
2670 -22.46 18.21
2671 -1.25 0.91
2672 -7.69 4.53
2673 -22.58 8.86
2674 -11 4.91
2675 -19.16 22.38
2676 -26.82 2.81
2677 -17.9 1.71
2678 -19.91 20.64
2679 -7.78 15.64
2680 -5.49 5.53
2681 -9.12 0.48
2682 -10.75 25.58
2683 -10.01 19.5
2684 -18.93 21.26
2685 -10.48 6.28
2686 -7.19 12.39
2687 -28.44 23.25
2688 -14.63 26.4
2689 -2.32 4.54
2690 -26.92 25.63
2691 -28.45 4
2692 -17.23 24.74
2693 -27.9 28.87
2694 -15.52 8.14
2695 -13.68 18.21
2696 -1.21 3.53
2697 -0.11 5.32
2698 -24.82 11.96
2699 -4.22 21.65
2700 -27.93 26.27
2701 -9.66 26.22
2702 -20.48 17.65
2703 -26.57 20.62
2704 -25.16 6.11
2705 -2.75 11.41
2706 -15.42 5.6
2707 -12.87 2.2
2708 -2.07 15.17
2709 -23.32 23.29
2710 -24.02 0.11
2711 -15.16 19.52
2712 -24.84 25.23
2713 -19.71 15.28
2714 -19.45 3.18
2715 -0.46 6.46
2716 -3.68 0.9
2717 -1.07 21.64
2718 -13.27 24.16
2719 -1.28 27.65
2720 -10.06 20.95
2721 -9.08 15.55
2722 -0.27 8
2723 -23.18 4.47
2724 -10.28 13.86
2725 -25.5 0.02
2726 -19.54 5.31
2727 -1.54 11.66
2728 -9.46 26.9
2729 -1.08 21.26
2730 -27.72 11.43
2731 -12.34 13.06
2732 -5.71 2.4
2733 -9.09 13.41
2734 -23.58 1.5
2735 -4.97 21.89
2736 -8.44 16.17
2737 -24.17 14.05
2738 -1.04 20.23
2739 -5.09 18.35
2740 -0.89 11.33
2741 -16.64 13.11
2742 -24.78 20.43
2743 -0.85 18.18
2744 -21.96 5.24
2745 -16.68 13.46
2746 -26.52 3.2
2747 -17.13 11.54
2748 -7.47 14.75
2749 -16.25 26.22
2750 -1.63 2.06
2751 -18.23 21.23
2752 -17.8 21.59
2753 -12.82 24.92
2754 -14.28 1.37
2755 -12.7 0.43
2756 -13.55 15.17
2757 -18.13 0.34
2758 -1.04 9.33
2759 -26.09 1.5
2760 -26.48 5.53
2761 -8.73 13.77
2762 -7.83 6.53
2763 -21.28 25.86
2764 -5.6 15.31
2765 -28.89 20.06
2766 -12.29 7.23
2767 -11.34 18.12
2768 -14.04 12.61
2769 -13.98 24.16
2770 -24.6 10.84
2771 -8.54 9.2
2772 -9.54 20.67
2773 -1 9.19
2774 -22.21 22.11
2775 -10.16 9.61
2776 -5.91 19.7
2777 -26.23 18.89
2778 -27.28 13.74
2779 -0.05 18.51
2780 -9.57 15.4
2781 -5.16 28.94
2782 -0.58 4.38
2783 -28.52 16.5
2784 -11.67 26.15
2785 -7.99 13.5
2786 -22.71 18.79
2787 -10.46 28.05
2788 -19.76 14.77
2789 -19.4 22.98
2790 -3.59 12.98
2791 -3.68 0.56
2792 -1.98 9.5
2793 -5.77 0.91
2794 -1.94 11.78
2795 -27.18 5.82
2796 -17.29 11.52
2797 -27.42 14.86
2798 -2.37 17.87
2799 -26.54 26.94
2800 -22.97 25.56
2801 -26.87 17.06
2802 -16.11 28.2
2803 -13.97 8.33
2804 -13.83 6.88
2805 -2.38 15.9
2806 -27.98 28.94
2807 -20.97 6.06
2808 -18.49 0.96
2809 -24.26 26.74
2810 -15.08 20.43
2811 -14.47 4.97
2812 -19.83 14.89
2813 -15.29 12.9
2814 -10.84 22.2
2815 -18.76 12.83
2816 -0.89 16.33
2817 -15.53 16.63
2818 -7.48 17.01
2819 -6.41 12.03
2820 -10.45 3.83
2821 -15.3 8.79
2822 -26.37 9.43
2823 -21.92 18.79
2824 -16.53 15.86
2825 -7.29 17.18
2826 -22.15 14.13
2827 -0.03 21.77
2828 -17.19 12.99
2829 -17.71 15.32
2830 -10.67 10.55
2831 -26.89 19
2832 -18.15 11.57
2833 -11.1 13.42
2834 -7.97 25.64
2835 -11.99 17.51
2836 -8.82 18.42
2837 -27.86 27.29
2838 -17.08 6.19
2839 -4.57 3.3
2840 -3 16.13
2841 -12.79 11.86
2842 -16.15 25.16
2843 -20.67 24.34
2844 -22.18 4.34
2845 -14.9 20.9
2846 -10.9 3.85
2847 -15.42 24.31
2848 -20.25 0.06
2849 -8.22 26.52
2850 -26.55 28.23
2851 -0.17 20.21
2852 -1.03 17.89
2853 -6.6 10.55
2854 -13.85 0.63
2855 -28.29 11.17
2856 -5.56 16.86
2857 -24.54 12.08
2858 -18.94 21.71
2859 -8.58 27.73
2860 -19.63 12.12
2861 -27.49 6
2862 -1.31 1.54
2863 -13.12 13.92
2864 -22.96 21.56
2865 -3.31 21.34
2866 -24.07 3.04
2867 -20.93 3.49
2868 -14.04 7.62
2869 -19.78 27.54
2870 -9.71 27.9
2871 -27.28 19.07
2872 -13.67 26.79
2873 -19.51 22.82
2874 -21.55 3.61
2875 -27.25 10.61
2876 -16.61 12.18
2877 -25.24 25.74
2878 -22.18 0.44
2879 -4.52 20.88
2880 -24.74 27.67
2881 -1.71 7.84
2882 -11.33 19.82
2883 -9.96 5.16
2884 -3.7 7.89
2885 -18.31 0.74
2886 -19.81 24.94
2887 -22.73 16.59
2888 -10.41 4.48
2889 -19.61 24.76
2890 -17.89 14.48
2891 -26.67 17.86
2892 -26.13 5.5
2893 -17.46 5.43
2894 -26.32 19.31
2895 -0.5 21.99
2896 -0.83 22.06
2897 -24.4 2.21
2898 -7.38 23.68
2899 -2.57 5.37
2900 -6.11 22.6
2901 -18.54 20.89
2902 -8.48 8.45
2903 -24.45 23.8
2904 -2.08 1.42
2905 -15.9 15.07
2906 -15.45 19.98
2907 -25.48 25.09
2908 -1.53 12.58
2909 -14.42 13.95
2910 -18.46 10.37
2911 -3.43 14.92
2912 -28.66 19.29
2913 -13.97 10.36
2914 -15.73 7.04
2915 -12.16 28.06
2916 -2.47 4.36
2917 -24.33 13.23
2918 -8.03 22.48
2919 -23.9 2.31
2920 -17.38 10.11
2921 -1.09 22.32
2922 -18.42 15.35
2923 -27.94 9.1
2924 -5.57 2.47
2925 -24.36 24.88
2926 -10.8 24.03
2927 -25.84 10.31
2928 -20.67 10.46
2929 -0.02 22.33
2930 -21.39 18.92
2931 -5.81 12.19
2932 -7.94 23.87
2933 -17.35 12.66
2934 -14.97 15.97
2935 -8.6 23.77
2936 -28.61 3.35
2937 -1.23 9.7
2938 -1.32 0.55
2939 -3.02 11.69
2940 -7.57 6.89
2941 -13.44 9.9
2942 -20.22 0.89
2943 -22.88 10.28
2944 -3.61 11.89
2945 -13.34 5.42
2946 -0.13 7.52
2947 -13.91 19.15
2948 -2.81 8.07
2949 -24.04 2.26
2950 -8.55 17.79
2951 -3.66 3.65
2952 -24.87 8.17
2953 -8.72 16.41
2954 -28.1 26.19
2955 -15.6 23.27
2956 -15.69 6.67
2957 -19.09 11.56
2958 -4.36 6.91
2959 -1.33 12.97
2960 -18.39 7.97
2961 -27.01 14.67
2962 -16.34 18.53
2963 -26.6 11.93
2964 -25.71 1.67
2965 -1.98 4.17
2966 -19.34 5.27
2967 -24.96 17.17
2968 -4.58 15.21
2969 -23.92 16.2
2970 -21.99 3.69
2971 -21.88 22.04
2972 -4.6 8.69
2973 -15.6 11.97
2974 -24.94 8.96
2975 -28.45 28.45
2976 -25.64 25.86
2977 -26.91 26.46
2978 -9.39 24.5
2979 -26.18 24.51
2980 -11.2 6.11
2981 -22.9 10.68
2982 -10.37 1.54
2983 -16.75 18.86
2984 -17.58 26.48
2985 -12.69 23.19
2986 -16.23 10.58
2987 -19.27 5.57
2988 -0.07 20.83
2989 -12.31 17.39
2990 -16.85 7.53
2991 -4.39 11.76
2992 -9.23 13.49
2993 -9 2.3
2994 -9.34 1.14
2995 -18.77 17.7
2996 -10.9 20.54
2997 -22.09 12.67
2998 -14.05 3.8
2999 -1.28 21.36
3000 -15.56 2.64
3001 -13.22 13.97
3002 -2.06 14.31
3003 -17.67 15.01
3004 -3.4 2.13
3005 -9.67 0.98
3006 -12.75 2.77
3007 -27.79 25.58
3008 -10.41 4.5
3009 -17.16 19.31
3010 -19.53 2.27
3011 -22.81 6.94
3012 -19.61 1.43
3013 -5.23 27.42
3014 -2.31 16.19
3015 -18.83 18.03
3016 -3 0.39
3017 -14.7 14.57
3018 -0.58 5.07
3019 -18.72 3.37
3020 -4.36 15.5
3021 -0.8 10.91
3022 -19.02 28.63
3023 -15.65 28.59
3024 -1.42 0.43
3025 -2.7 3.81
3026 -22.27 20.95
3027 -4.9 8.03
3028 -17.98 24.41
3029 -11.6 21.66
3030 -10.69 20.29
3031 -20.68 1.43
3032 -27.52 13.7
3033 -1.29 6.38
3034 -9.76 28.1
3035 -26.12 20.01
3036 -13.45 25.64
3037 -7.79 9.44
3038 -9.03 3.47
3039 -3.9 23.44
3040 -9.77 21.97
3041 -13.92 18.12
3042 -8.67 14.57
3043 -9.98 18.83
3044 -11.49 26.65
3045 -17.94 4.1
3046 -5.53 22.18
3047 -18.4 9.62
3048 -27.53 15.57
3049 -26.19 2.21
3050 -22.23 19.81
3051 -27.97 23.31
3052 -3.76 18.2
3053 -21.67 6.76
3054 -12.72 24.31
3055 -17.29 8.09
3056 -8.73 5.01
3057 -19.58 13.73
3058 -3.56 17.4
3059 -15.06 12.08
3060 -16.18 26.57
3061 -19.76 4
3062 -25.15 4.23
3063 -19.8 20.68
3064 -22.9 23.68
3065 -26.01 16.99
3066 -22.83 27.65
3067 -16.85 24.98
3068 -2.74 9.11
3069 -4.42 9.52
3070 -0.13 26.98
3071 -2.99 4.23
3072 -17.97 8.86
3073 -8.78 5.1
3074 -17.18 4.05
3075 -1.63 23.84
3076 -10.37 4.37
3077 -20.12 3.91
3078 -24.59 18.04
3079 -24.24 10.93
3080 -10.44 1.01
3081 -28.66 21.25
3082 -17.23 4.27
3083 -13.38 16.51
3084 -8.55 2.49
3085 -0.47 0.33
3086 -16.08 20.2
3087 -11.58 3.46
3088 -8.56 16.57
3089 -20.63 20.37
3090 -15.21 8.27
3091 -24.16 4.78
3092 -8.69 8.1
3093 -26.14 15.28
3094 -8.73 15.8
3095 -16.82 21.38
3096 -13.63 19.18
3097 -5.97 28
3098 -15.52 13.38
3099 -15.87 1.88
3100 -2.21 6.59
3101 -26.8 16.34
3102 -2.33 0.81
3103 -17.39 9.38
3104 -0.75 22.41
3105 -1.68 20.54
3106 -7.84 27.49
3107 -6.59 25.84
3108 -23.65 28.05
3109 -26.37 15.26
3110 -7.64 3.38
3111 -5.08 14.19
3112 -13.2 3.8
3113 -17.18 11.06
3114 -12.94 11.24
3115 -0.35 15.58
3116 -14.44 26.67
3117 -10 27.15
3118 -19.06 28.29
3119 -21.71 9.91
3120 -12.97 2.33
3121 -0.82 5.91
3122 -14.28 20.81
3123 -19.86 18.94
3124 -16.72 8.93
3125 -23.83 17.24
3126 -13.95 6.88
3127 -10.68 28.92
3128 -22.5 9.67
3129 -3.43 10.39
3130 -8.49 17.96
3131 -27.15 3.79
3132 -1.94 22.93
3133 -22.23 8.15
3134 -0.59 3.52
3135 -5.86 26.46
3136 -3.37 13.56
3137 -5.38 18.2
3138 -19.66 17.65
3139 -26.58 7.76
3140 -7.52 7.38
3141 -14.27 3.94
3142 -15.38 21.48
3143 -13.67 7.47
3144 -17.86 8.88
3145 -9.36 17.11
3146 -20.9 8.87
3147 -2.81 19.03
3148 -9.7 5.36
3149 -8.89 7.56
3150 -5.02 10.29
3151 -23.86 26.27
3152 -26.99 19.91
3153 -8.57 11.76
3154 -2.04 17.66
3155 -7.56 17.67
3156 -21.61 9.57
3157 -13.57 4.35
3158 -11.83 19.51
3159 -28.39 27.24
3160 -26.87 12.21
3161 -21.09 20.27
3162 -10.3 18.77
3163 -24.14 6.42
3164 -13.98 20.01
3165 -12.82 15.55
3166 -24.34 1.52
3167 -21.43 19.2
3168 -1.96 22.33
3169 -10.99 1
3170 -1.2 15.53
3171 -25.1 1.08
3172 -5.43 5.33
3173 -24.85 21.19
3174 -19.43 17.26
3175 -12 6.76
3176 -27.04 17.31
3177 -18.6 4.09
3178 -10.51 19.86
3179 -22.39 25.26
3180 -11.81 7.01
3181 -8.53 6.22
3182 -25.42 7.15
3183 -0.49 12.48
3184 -25.01 9.91
3185 -25.44 23
3186 -24.08 26.21
3187 -2.54 4.06
3188 -25.25 12.04
3189 -0.3 9.91
3190 -16.68 27.2
3191 -27.03 12.3
3192 -27.91 26.24
3193 -17.1 16.64
3194 -12.9 20.94
3195 -27.95 22.02
3196 -28.24 7.24
3197 -25.91 19
3198 -2.49 7.18
3199 -28.61 8.92
3200 -2.93 27.5
3201 -24.71 25.05
3202 -11.63 9.53
3203 -4.09 9.77
3204 -19.69 7.88
3205 -6.09 4.4
3206 -28.22 18.89
3207 -16.13 4.12
3208 -3.28 9.66
3209 -1.6 15.75
3210 -8.77 27.71
3211 -5.95 0.56
3212 -19.56 19.53
3213 -9.24 2.86
3214 -23.31 4.57
3215 -3.07 8.85
3216 -16.43 8.76
3217 -0.81 10.3
3218 -2.6 28.06
3219 -18.47 4.91
3220 -9.31 4.81
3221 -23.7 24.56
3222 80.0683 66.7783
3223 86.0683 54.1683
3224 41.0683 93.7883
3225 83.0683 78.4683
3226 100.068 75.5183
3227 109.068 30.1183
3228 92.0683 50.1283
3229 71.0683 91.1383
3230 56.0683 93.7083
3231 113.068 32.5483
3232 113.068 38.1483
3233 101.068 58.4383
3234 104.068 55.9583
3235 99.0683 54.6983
3236 62.0683 105.318
3237 31.0683 87.5283
3238 90.0683 58.4383
3239 101.068 42.3983
3240 84.0683 34.5483
3241 104.068 69.3483
3242 61.0683 99.7983
3243 58.0683 72.2183
3244 58.0683 84.8083
3245 103.068 42.5583
3246 105.068 52.3083
3247 74.0683 39.4283
3248 108.068 47.6383
3249 94.0683 41.9883
3250 41.0683 91.5183
3251 111.068 38.1583
3252 76.0683 56.9883
3253 72.0683 64.7883
3254 86.0683 54.6983
3255 108.068 53.9683
3256 83.0683 51.8883
3257 79.0683 29.6483
3258 72.0683 68.0983
3259 108.068 32.9783
3260 86.0683 71.0283
3261 49.0683 85.2683
3262 75.0683 41.4783
3263 49.0683 92.1583
3264 109.068 54.8883
3265 35.0683 85.0283
3266 54.0683 33.1683
3267 72.0683 38.0883
3268 107.068 43.1883
3269 29.0683 69.8983
3270 42.0683 44.8983
3271 80.0683 87.9783
3272 82.0683 75.4983
3273 80.0683 91.8383
3274 29.0683 92.2983
3275 89.0683 33.8683
3276 48.0683 42.1883
3277 33.0683 58.0183
3278 72.0683 45.1483
3279 32.0683 56.0983
3280 29.0683 109.138
3281 64.0683 52.2883
3282 110.068 53.1483
3283 41.0683 45.7783
3284 99.0683 40.5783
3285 49.0683 90.0583
3286 113.068 29.3783
3287 86.0683 66.6283
3288 107.068 43.9883
3289 76.0683 43.3083
3290 88.0683 68.1183
3291 63.0683 60.4483
3292 114.068 31.6283
3293 71.0683 68.8083
3294 76.0683 60.4583
3295 108.068 58.6583
3296 75.0683 36.8683
3297 102.068 53.7383
3298 41.0683 42.1283
3299 49.0683 112.188
3300 34.0683 34.5483
3301 92.0683 75.5383
3302 38.0683 55.1283
3303 68.0683 44.6383
3304 70.0683 46.9483
3305 100.068 34.2083
3306 34.0683 110.968
3307 106.068 55.6883
3308 79.0683 57.4583
3309 67.0683 51.2183
3310 99.0683 57.7183
3311 88.0683 44.8683
3312 72.0683 81.1483
3313 84.0683 34.9183
3314 59.0683 63.4783
3315 64.0683 89.3383
3316 34.0683 29.1983
3317 52.0683 90.7883
3318 68.0683 43.3683
3319 36.0683 58.2483
3320 76.0683 73.7283
3321 30.0683 46.7083
3322 33.0683 65.9683
3323 70.0683 76.1383
3324 46.0683 91.7383
3325 79.0683 52.6983
3326 46.0683 94.0783
3327 44.0683 50.8883
3328 83.0683 70.0083
3329 51.0683 48.3483
3330 64.0683 93.7583
3331 47.0683 73.3483
3332 99.0683 65.3783
3333 83.0683 84.6083
3334 38.0683 55.3983
3335 39.0683 67.3883
3336 66.0683 76.1583
3337 114.068 29.1483
3338 102.068 63.3483
3339 110.068 52.9083
3340 54.0683 41.9583
3341 104.068 62.9083
3342 82.0683 95.4883
3343 38.0683 82.5983
3344 87.0683 73.4583
3345 40.0683 112.298
3346 109.068 54.9583
3347 76.0683 68.4983
3348 91.0683 63.0983
3349 102.068 62.4083
3350 89.0683 88.2783
3351 47.0683 55.9483
3352 100.068 74.7383
3353 67.0683 40.4083
3354 78.0683 92.6983
3355 84.0683 75.0183
3356 91.0683 45.7283
3357 44.0683 57.5383
3358 62.0683 73.0483
3359 71.0683 81.0383
3360 76.0683 55.9283
3361 34.0683 50.0483
3362 96.0683 80.8283
3363 112.068 47.5483
3364 73.0683 44.9683
3365 43.0683 37.2683
3366 80.0683 46.0683
3367 43.0683 112.528
3368 71.0683 60.1083
3369 30.0683 43.7383
3370 106.068 31.5883
3371 101.068 59.7883
3372 35.0683 32.5283
3373 112.068 45.3783
3374 47.0683 30.3083
3375 66.0683 69.9283
3376 107.068 50.1283
3377 113.068 31.9183
3378 107.068 38.3583
3379 38.0683 100.728
3380 86.0683 65.7383
3381 68.0683 34.4083
3382 69.0683 56.0183
3383 80.0683 52.4683
3384 41.0683 106.728
3385 108.068 30.2583
3386 51.0683 36.8083
3387 78.0683 71.4683
3388 89.0683 61.2183
3389 81.0683 86.7483
3390 100.068 64.1183
3391 71.0683 61.5583
3392 58.0683 74.4883
3393 65.0683 69.0383
3394 64.0683 51.2683
3395 71.0683 47.4883
3396 82.0683 49.5783
3397 50.0683 109.138
3398 69.0683 40.6883
3399 32.0683 66.5683
3400 67.0683 81.6583
3401 77.0683 56.0483
3402 84.0683 39.7183
3403 101.068 56.6383
3404 79.0683 71.6883
3405 34.0683 32.7783
3406 62.0683 47.9083
3407 33.0683 89.8883
3408 31.0683 37.1383
3409 105.068 59.5683
3410 100.068 71.0283
3411 57.0683 85.2083
3412 48.0683 60.7983
3413 67.0683 81.5183
3414 64.0683 98.7983
3415 47.0683 38.2183
3416 51.0683 42.7683
3417 60.0683 31.2383
3418 98.0683 65.1083
3419 33.0683 97.2683
3420 69.0683 103.588
3421 82.0683 54.4483
3422 79.0683 76.1883
3423 71.0683 81.7283
3424 112.068 47.1083
3425 103.068 41.0483
3426 77.0683 65.1983
3427 41.0683 85.0583
3428 87.0683 58.9683
3429 54.0683 29.8083
3430 105.068 46.5183
3431 94.0683 29.5483
3432 44.0683 58.6183
3433 103.068 31.6083
3434 42.0683 105.988
3435 53.0683 109.358
3436 109.068 35.7283
3437 62.0683 106.388
3438 71.0683 75.9883
3439 110.068 43.0783
3440 113.068 35.7383
3441 42.0683 72.5583
3442 107.068 50.7383
3443 41.0683 45.2583
3444 89.0683 53.0383
3445 64.0683 56.8083
3446 109.068 40.4083
3447 75.0683 75.1583
3448 38.0683 114.468
3449 29.0683 57.5883
3450 40.0683 111.968
3451 89.0683 40.3583
3452 37.0683 35.0783
3453 63.0683 62.4483
3454 96.0683 36.7183
3455 110.068 34.0083
3456 41.0683 112.488
3457 48.0683 37.7183
3458 47.0683 110.498
3459 61.0683 73.2683
3460 90.0683 61.8783
3461 55.0683 31.4183
3462 102.068 44.7483
3463 86.0683 87.1583
3464 34.0683 34.7183
3465 32.0683 49.0083
3466 102.068 40.0183
3467 42.0683 97.7083
3468 84.0683 62.4383
3469 67.0683 32.0083
3470 105.068 42.5283
3471 29.0683 47.9383
3472 71.0683 75.8983
3473 99.0683 78.0883
3474 72.0683 98.4683
3475 73.0683 74.7883
3476 112.068 37.2683
3477 86.0683 35.4683
3478 70.0683 72.1483
3479 88.0683 89.0883
3480 98.0683 50.2183
3481 91.0683 38.3583
3482 61.0683 62.7783
3483 74.0683 48.6583
3484 50.0683 112.058
3485 51.0683 30.2183
3486 60.0683 97.0083
3487 105.068 30.9283
3488 63.0683 68.6483
3489 61.0683 33.6383
3490 97.0683 48.6983
3491 108.068 32.2983
3492 -15.9317 86.9483
3493 -4.93175 93.3083
3494 -41.9317 68.7183
3495 -8.93175 97.7683
3496 -24.9317 70.3283
3497 12.0683 32.4983
3498 -44.9317 33.5483
3499 -42.9317 57.6583
3500 -22.9317 57.6683
3501 25.0683 68.5183
3502 -1.93175 37.8783
3503 -17.9317 43.3983
3504 -25.9317 68.3083
3505 -10.9317 43.9683
3506 -25.9317 43.7783
3507 28.0683 34.2883
3508 -45.9317 38.3583
3509 -55.9317 33.1483
3510 -5.93175 88.8383
3511 8.06825 92.8183
3512 -14.9317 47.8883
3513 -44.9317 70.6083
3514 22.0683 93.3183
3515 4.06825 38.3783
3516 -39.9317 57.9783
3517 -2.93175 53.9883
3518 5.06825 41.1883
3519 -41.9317 43.7083
3520 -36.9317 37.7383
3521 13.0683 70.8183
3522 -20.9317 43.7783
3523 4.06825 67.0883
3524 -23.9317 36.5483
3525 23.0683 105.548
3526 -24.9317 46.9983
3527 -53.9317 49.4083
3528 -28.9317 52.5283
3529 1.06825 60.1783
3530 -9.93175 78.1183
3531 7.06825 30.6283
3532 -44.9317 34.2883
3533 8.06825 78.2783
3534 -10.9317 36.3283
3535 -47.9317 55.2883
3536 5.06825 82.9783
3537 -9.93175 36.9483
3538 13.0683 96.0583
3539 9.06825 32.2183
3540 -51.9317 37.1183
3541 -33.9317 32.8383
3542 -16.9317 43.4583
3543 -7.93175 92.8483
3544 -1.93175 40.0983
3545 -37.9317 38.6283
3546 13.0683 83.8983
3547 -54.9317 34.6383
3548 -12.9317 85.2383
3549 27.0683 40.9883
3550 11.0683 67.2183
3551 28.0683 96.4883
3552 -40.9317 58.1883
3553 23.0683 30.7883
3554 26.0683 47.3183
3555 -40.9317 55.1783
3556 -8.93175 97.0983
3557 -2.93175 76.3483
3558 23.0683 46.1083
3559 20.0683 93.8583
3560 -3.93175 54.5483
3561 24.0683 40.7483
3562 -34.9317 77.1083
3563 -9.93175 94.9683
3564 22.0683 114.618
3565 29.0683 72.2383
3566 11.0683 36.0383
3567 -21.9317 50.8683
3568 -4.93175 42.0083
3569 27.0683 79.3183
3570 -39.9317 65.9883
3571 1.06825 108.558
3572 11.0683 69.8783
3573 10.0683 92.9683
3574 0.0682519 53.4283
3575 -16.9317 97.0283
3576 -51.9317 35.1583
3577 11.0683 63.2783
3578 -9.93175 70.9983
3579 -33.9317 83.4183
3580 25.0683 42.5183
3581 -34.9317 83.2883
3582 -19.9317 53.7083
3583 5.06825 111.638
3584 -42.9317 66.1383
3585 3.06825 52.8383
3586 -53.9317 45.8183
3587 -38.9317 65.0183
3588 23.0683 114.138
3589 5.06825 32.5183
3590 15.0683 95.6683
3591 26.0683 82.3983
3592 10.0683 31.6883
3593 -22.9317 46.8983
3594 -41.9317 47.2383
3595 17.0683 106.148
3596 -46.9317 29.8083
3597 25.0683 40.6383
3598 -52.9317 35.9183
3599 1.06825 74.0683
3600 -10.9317 42.5983
3601 8.06825 72.9783
3602 29.0683 41.1383
3603 -15.9317 39.9483
3604 -53.9317 29.3583
3605 -11.9317 96.1783
3606 -7.93175 94.8483
3607 25.0683 35.6483
3608 -20.9317 98.5683
3609 8.06825 93.5483
3610 -39.9317 71.6983
3611 19.0683 68.3583
3612 21.0683 39.4483
3613 24.0683 42.8683
3614 2.06825 83.6383
3615 -35.9317 70.7383
3616 -42.9317 52.1683
3617 18.0683 109.488
3618 25.0683 35.5683
3619 -40.9317 37.3983
3620 14.0683 32.2183
3621 -52.9317 29.2683
3622 -24.9317 75.4683
3623 15.0683 52.4083
3624 -18.9317 78.3083
3625 -8.93175 47.1583
3626 -31.9317 60.9683
3627 -44.9317 56.3583
3628 -25.9317 58.3583
3629 -44.9317 65.1083
3630 18.0683 64.9783
3631 -18.9317 53.0783
3632 -15.9317 96.8983
3633 -24.9317 50.7783
3634 24.0683 51.8083
3635 -12.9317 97.2283
3636 -26.9317 76.5883
3637 -42.9317 70.4283
3638 -0.931748 43.7283
3639 3.06825 45.9283
3640 1.06825 100.638
3641 22.0683 91.8883
3642 2.06825 42.9283
3643 -43.9317 72.3483
3644 -37.9317 47.7983
3645 -33.9317 86.6483
3646 17.0683 47.1183
3647 -30.9317 73.7683
3648 -46.9317 62.1083
3649 8.06825 47.7983
3650 -28.9317 79.5683
3651 14.0683 72.7883
3652 21.0683 109.838
3653 -6.93175 30.0583
3654 -41.9317 70.8983
3655 14.0683 52.4483
3656 -4.93175 61.3983
3657 11.0683 98.4583
3658 26.0683 107.378
3659 -12.9317 71.4483
3660 -21.9317 81.5983
3661 -17.9317 54.7983
3662 -6.93175 53.1583
3663 -5.93175 104.048
3664 -11.9317 82.4383
3665 24.0683 112.538
3666 10.0683 51.7083
3667 3.06825 40.4783
3668 -53.9317 45.8683
3669 -20.9317 49.9483
3670 6.06825 94.8483
3671 -52.9317 46.6183
3672 -43.9317 43.5283
3673 12.0683 100.888
3674 17.0683 107.218
3675 -22.9317 43.9383
3676 -32.9317 84.2783
3677 -2.93175 29.8483
3678 3.06825 65.6283
3679 15.0683 86.5383
3680 -1.93175 99.0983
3681 -43.9317 34.3883
3682 14.0683 99.7383
3683 -31.9317 55.1883
3684 -29.9317 84.7283
3685 -50.9317 59.6983
3686 -46.9317 40.8583
3687 -8.93175 61.1383
3688 -53.9317 30.7183
3689 -15.9317 75.1383
3690 17.0683 103.198
3691 -26.9317 61.0683
3692 12.0683 43.6583
3693 -40.9317 33.2383
3694 -33.9317 51.6483
3695 12.0683 33.1883
3696 -49.9317 33.7083
3697 -12.9317 52.3883
3698 28.0683 80.7583
3699 9.06825 34.8483
3700 10.0683 82.0383
3701 -11.9317 31.3783
3702 -38.9317 29.1883
3703 -34.9317 33.5983
3704 -3.93175 52.8583
3705 -29.9317 82.1683
3706 10.0683 79.6583
3707 3.06825 35.8683
3708 5.06825 56.4783
3709 -41.9317 64.4383
3710 -41.9317 54.7283
3711 28.0683 29.7183
3712 -46.9317 38.5183
3713 -43.9317 42.6783
3714 -15.9317 57.0083
3715 -14.9317 55.0883
3716 -55.9317 36.9183
3717 -36.9317 64.7783
3718 -41.9317 57.8283
3719 -8.93175 51.8583
3720 -14.9317 91.9583
3721 -27.9317 37.0783
3722 -3.93175 80.0983
3723 24.0683 80.2983
3724 -40.9317 54.3683
3725 -21.9317 32.5483
3726 -33.9317 62.6883
3727 2.06825 104.858
3728 -42.9317 73.6883
3729 -7.93175 82.3383
3730 23.0683 57.3983
3731 28.0683 47.0983
3732 -42.9317 65.7383
3733 -34.9317 75.7883
3734 27.0683 54.0983
3735 -31.9317 85.1083
3736 17.0683 73.5083
3737 6.06825 102.038
3738 8.06825 35.4483
3739 28.0683 100.508
3740 -50.9317 41.4083
3741 -24.9317 33.7583
3742 27.0683 71.1583
3743 20.0683 104.628
3744 28.0683 32.9683
3745 18.0683 91.9083
3746 -3.93175 37.7183
3747 -53.9317 50.0383
3748 -26.9317 77.2083
3749 -31.9317 52.8683
3750 -33.9317 81.7883
3751 19.0683 73.6783
3752 -30.9317 68.9983
3753 10.0683 53.2283
3754 -15.9317 79.3883
3755 -50.9317 31.1083
3756 -34.9317 30.1483
3757 -51.9317 34.2083
3758 2.06825 65.2883
3759 -9.93175 101.988
3760 -12.9317 35.6483
3761 9.06825 41.9783
3762 68.0683 -23.0917
3763 100.068 -4.53175
3764 93.0683 10.9683
3765 89.0683 18.0783
3766 104.068 -6.22175
3767 51.0683 -29.4817
3768 39.0683 -46.1617
3769 66.0683 -46.9917
3770 82.0683 21.7183
3771 109.068 26.3383
3772 92.0683 14.7183
3773 33.0683 -38.0517
3774 93.0683 9.43825
3775 54.0683 7.80825
3776 106.068 1.21825
3777 101.068 11.0983
3778 84.0683 -22.0417
3779 62.0683 -7.28175
3780 38.0683 -47.4617
3781 95.0683 8.46825
3782 99.0683 -1.44175
3783 61.0683 -43.5017
3784 57.0683 -28.3217
3785 56.0683 -32.2717
3786 114.068 18.2983
3787 56.0683 -19.6317
3788 109.068 13.5983
3789 80.0683 -22.6717
3790 87.0683 4.62825
3791 84.0683 -31.7717
3792 48.0683 1.83825
3793 102.068 6.71825
3794 41.0683 -24.3517
3795 43.0683 -50.0017
3796 40.0683 -11.5417
3797 41.0683 -33.2317
3798 97.0683 1.22825
3799 90.0683 8.68825
3800 40.0683 -50.4717
3801 35.0683 -48.4317
3802 36.0683 10.7483
3803 86.0683 -21.8817
3804 78.0683 -31.5317
3805 73.0683 -23.3517
3806 111.068 8.83825
3807 85.0683 -35.3017
3808 83.0683 -30.5217
3809 111.068 6.74825
3810 76.0683 -6.40175
3811 108.068 23.5883
3812 105.068 24.4783
3813 67.0683 -46.6517
3814 62.0683 -3.58175
3815 81.0683 -15.6417
3816 36.0683 14.7183
3817 76.0683 6.04825
3818 106.068 18.0883
3819 29.0683 17.5683
3820 53.0683 21.8683
3821 75.0683 -1.07175
3822 70.0683 -5.63175
3823 49.0683 -24.8617
3824 64.0683 -29.6917
3825 88.0683 -14.2717
3826 40.0683 22.9083
3827 68.0683 -11.7617
3828 63.0683 1.45825
3829 64.0683 19.8383
3830 112.068 15.3683
3831 47.0683 -13.4317
3832 90.0683 -23.1317
3833 32.0683 26.8283
3834 97.0683 21.5583
3835 113.068 27.7783
3836 60.0683 -0.121748
3837 48.0683 14.8883
3838 66.0683 -35.8817
3839 102.068 11.8383
3840 69.0683 -9.29175
3841 90.0683 16.5983
3842 111.068 8.66825
3843 66.0683 -23.2517
3844 35.0683 -25.8317
3845 33.0683 0.738252
3846 103.068 -9.47175
3847 106.068 26.8983
3848 109.068 22.7083
3849 114.068 24.0983
3850 104.068 17.8683
3851 91.0683 -16.5517
3852 56.0683 -18.1417
3853 113.068 16.2683
3854 56.0683 -4.36175
3855 72.0683 15.1383
3856 52.0683 -23.0617
3857 53.0683 -2.81175
3858 54.0683 -24.2017
3859 71.0683 15.4783
3860 69.0683 -6.21175
3861 47.0683 14.7683
3862 90.0683 10.3083
3863 91.0683 -26.5417
3864 111.068 22.1383
3865 53.0683 17.5083
3866 72.0683 -2.81175
3867 105.068 -5.97175
3868 111.068 17.0383
3869 62.0683 17.7583
3870 81.0683 -9.85175
3871 103.068 12.2483
3872 38.0683 23.8683
3873 109.068 23.4383
3874 87.0683 5.16825
3875 79.0683 14.8883
3876 104.068 14.9183
3877 53.0683 -45.9917
3878 100.068 -15.4117
3879 48.0683 -47.5217
3880 75.0683 -3.71175
3881 66.0683 -40.0017
3882 73.0683 -31.7917
3883 87.0683 22.7883
3884 46.0683 0.578252
3885 68.0683 -18.3217
3886 102.068 1.19825
3887 72.0683 9.07825
3888 61.0683 -32.8417
3889 45.0683 10.9883
3890 95.0683 -13.2917
3891 29.0683 7.01825
3892 70.0683 -35.6717
3893 48.0683 16.6083
3894 38.0683 -14.2317
3895 29.0683 -37.6217
3896 95.0683 23.8583
3897 63.0683 -37.2017
3898 86.0683 23.6683
3899 78.0683 -22.9317
3900 32.0683 15.3583
3901 71.0683 -26.2817
3902 51.0683 16.9383
3903 95.0683 -18.1117
3904 58.0683 -0.931748
3905 71.0683 -45.3217
3906 91.0683 13.0283
3907 93.0683 7.14825
3908 80.0683 -39.0017
3909 65.0683 -33.9917
3910 48.0683 -49.8917
3911 42.0683 19.0883
3912 87.0683 -10.4817
3913 46.0683 -32.2217
3914 75.0683 4.70825
3915 31.0683 -5.82175
3916 82.0683 4.84825
3917 61.0683 -8.11175
3918 64.0683 15.4483
3919 49.0683 -26.8517
3920 29.0683 -7.60175
3921 86.0683 -17.9617
3922 32.0683 1.27825
3923 94.0683 10.0483
3924 45.0683 -21.7817
3925 57.0683 -31.1717
3926 65.0683 -45.8017
3927 57.0683 25.0283
3928 110.068 25.5583
3929 50.0683 5.15825
3930 38.0683 25.3983
3931 111.068 7.59825
3932 88.0683 20.9783
3933 66.0683 -1.70175
3934 62.0683 -36.9817
3935 86.0683 -27.3117
3936 55.0683 20.0183
3937 32.0683 -13.3717
3938 85.0683 -32.2917
3939 105.068 -3.64175
3940 104.068 24.4783
3941 44.0683 12.5183
3942 73.0683 13.8583
3943 46.0683 26.6583
3944 109.068 1.61825
3945 93.0683 -7.08175
3946 83.0683 1.89825
3947 79.0683 17.0083
3948 111.068 10.7583
3949 58.0683 -35.9417
3950 80.0683 25.5083
3951 92.0683 19.9383
3952 58.0683 -33.2517
3953 34.0683 -23.3917
3954 69.0683 -3.01175
3955 94.0683 -17.3517
3956 36.0683 -37.0917
3957 68.0683 -38.5817
3958 58.0683 -49.0217
3959 104.068 0.418252
3960 109.068 22.1583
3961 39.0683 -37.6317
3962 49.0683 -22.4017
3963 105.068 0.688252
3964 83.0683 -12.0417
3965 67.0683 -3.12175
3966 49.0683 1.23825
3967 110.068 14.2583
3968 95.0683 -10.3517
3969 70.0683 -45.7717
3970 103.068 -6.41175
3971 63.0683 5.37825
3972 113.068 26.3083
3973 68.0683 9.01825
3974 58.0683 -44.8717
3975 63.0683 22.6383
3976 94.0683 2.51825
3977 100.068 -13.9117
3978 33.0683 21.6483
3979 37.0683 -37.7317
3980 102.068 -0.731748
3981 91.0683 -20.6617
3982 75.0683 -18.7817
3983 70.0683 -8.25175
3984 86.0683 -12.2717
3985 67.0683 22.2483
3986 108.068 -3.40175
3987 62.0683 7.55825
3988 82.0683 -9.31175
3989 48.0683 8.94825
3990 105.068 21.7583
3991 48.0683 -13.1517
3992 111.068 13.8683
3993 85.0683 13.1883
3994 79.0683 3.46825
3995 80.0683 1.38825
3996 46.0683 4.33825
3997 58.0683 -26.0217
3998 113.068 20.5883
3999 110.068 2.69825
4000 72.0683 19.4583
4001 114.068 18.3683
4002 41.0683 -30.1617
4003 56.0683 16.7183
4004 110.068 24.7683
4005 74.0683 -41.9117
4006 113.068 25.5283
4007 71.0683 22.5883
4008 82.0683 -17.8517
4009 110.068 5.17825
4010 89.0683 23.9683
4011 76.0683 -11.8617
4012 94.0683 18.5583
4013 75.0683 -13.8617
4014 74.0683 1.11825
4015 45.0683 -10.7917
4016 88.0683 -2.95175
4017 59.0683 -2.10175
4018 62.0683 9.28825
4019 56.0683 -39.3117
4020 31.0683 18.0283
4021 35.0683 -37.1517
4022 72.0683 -43.0117
4023 102.068 13.6883
4024 81.0683 -1.05175
4025 56.0683 -8.46175
4026 41.0683 -33.3017
4027 39.0683 -55.9817
4028 79.0683 12.5383
4029 75.0683 1.67825
4030 111.068 12.2683
4031 111.068 22.4983
4032 91.0683 -29.7517
4033 12.0683 -35.5217
4034 -46.9317 24.7483
4035 7.06825 11.3383
4036 7.06825 13.6883
4037 -41.9317 21.0783
4038 -39.9317 7.36825
4039 -45.9317 8.55825
4040 -2.93175 0.898252
4041 -24.9317 -24.4917
4042 -46.9317 11.5183
4043 2.06825 -16.3517
4044 9.06825 -20.0417
4045 -11.9317 28.9883
4046 -4.93175 -20.5217
4047 -18.9317 22.8083
4048 -26.9317 25.6183
4049 -52.9317 24.0083
4050 14.0683 -11.3317
4051 6.06825 -28.6217
4052 -0.931748 26.7583
4053 20.0683 -19.2217
4054 -29.9317 -2.51175
4055 -11.9317 8.70825
4056 -55.9317 20.6983
4057 -4.93175 -39.2217
4058 -28.9317 26.0083
4059 8.06825 6.06825
4060 -3.93175 -12.9817
4061 -49.9317 28.4583
4062 -54.9317 23.2783
4063 -24.9317 -25.5117
4064 17.0683 -13.2317
4065 -55.9317 28.4983
4066 -22.9317 -32.9317
4067 -18.9317 27.0683
4068 14.0683 -49.8817
4069 27.0683 25.7383
4070 -10.9317 -46.0817
4071 -35.9317 -4.74175
4072 -6.93175 6.41825
4073 0.0682519 -29.3817
4074 -29.9317 10.2083
4075 -49.9317 10.6583
4076 18.0683 1.48825
4077 -28.9317 -20.5317
4078 10.0683 -2.87175
4079 -26.9317 2.41825
4080 -30.9317 2.19825
4081 -20.9317 -37.3917
4082 -40.9317 -17.9417
4083 22.0683 -31.1217
4084 -24.9317 -4.74175
4085 -36.9317 -3.47175
4086 -14.9317 -30.7017
4087 -18.9317 17.0683
4088 -13.9317 -44.9217
4089 -51.9317 21.9283
4090 4.06825 -28.8817
4091 14.0683 -20.2217
4092 -15.9317 -28.0317
4093 -9.93175 -43.8817
4094 -46.9317 4.95825
4095 19.0683 15.7383
4096 -35.9317 -17.2817
4097 -31.9317 -20.3217
4098 -20.9317 -13.7117
4099 -10.9317 -1.29175
4100 -39.9317 -12.0817
4101 2.06825 -45.5217
4102 -20.9317 -33.7217
4103 23.0683 -55.2817
4104 -20.9317 -2.50175
4105 13.0683 -17.0817
4106 -30.9317 -16.0217
4107 19.0683 -42.5117
4108 26.0683 -21.3017
4109 -55.9317 19.7883
4110 -29.9317 5.41825
4111 0.0682519 -28.9317
4112 -16.9317 -27.3317
4113 -41.9317 -9.33175
4114 -35.9317 -6.42175
4115 8.06825 24.2483
4116 -0.931748 19.8683
4117 -30.9317 15.9783
4118 0.0682519 23.5283
4119 -42.9317 26.7783
4120 -29.9317 24.0883
4121 -14.9317 21.4283
4122 3.06825 -0.861748
4123 -16.9317 9.27825
4124 11.0683 -36.7217
4125 22.0683 -29.2417
4126 -0.931748 -35.6117
4127 16.0683 -53.9417
4128 -3.93175 -48.1517
4129 -41.9317 19.2283
4130 21.0683 -19.1517
4131 -14.9317 13.1883
4132 -24.9317 -7.05175
4133 12.0683 -29.8617
4134 -54.9317 12.1283
4135 -22.9317 -14.7117
4136 -54.9317 24.3583
4137 -54.9317 25.0283
4138 -36.9317 -4.13175
4139 -8.93175 28.6083
4140 -43.9317 5.63825
4141 -22.9317 -4.40175
4142 -36.9317 -24.0617
4143 -48.9317 19.8183
4144 -18.9317 18.6483
4145 20.0683 0.988252
4146 -40.9317 21.2783
4147 -48.9317 27.4783
4148 -42.9317 -6.39175
4149 17.0683 -11.5117
4150 23.0683 -13.7217
4151 -4.93175 2.18825
4152 -38.9317 -7.27175
4153 16.0683 -15.1117
4154 -30.9317 -23.2217
4155 7.06825 14.0183
4156 -50.9317 17.6083
4157 -19.9317 -29.8117
4158 -16.9317 -18.9417
4159 -27.9317 -25.8917
4160 10.0683 -4.19175
4161 -26.9317 -7.53175
4162 -4.93175 21.0283
4163 10.0683 3.08825
4164 -20.9317 0.318252
4165 -52.9317 5.12825
4166 27.0683 -6.42175
4167 -15.9317 -15.0117
4168 -17.9317 -8.21175
4169 5.06825 -47.3117
4170 22.0683 -45.3617
4171 -23.9317 22.7383
4172 -5.93175 -48.4117
4173 -16.9317 -21.9417
4174 -28.9317 5.19825
4175 -43.9317 13.6183
4176 -46.9317 3.01825
4177 -35.9317 -7.65175
4178 23.0683 -42.2117
4179 -6.93175 27.4283
4180 7.06825 -45.2317
4181 18.0683 -51.0317
4182 -25.9317 7.60825
4183 20.0683 -32.0817
4184 9.06825 -12.9017
4185 6.06825 2.71825
4186 -42.9317 23.0683
4187 17.0683 -34.7517
4188 22.0683 -17.8717
4189 -49.9317 10.5583
4190 -38.9317 5.21825
4191 -10.9317 -29.9317
4192 5.06825 -50.4717
4193 -44.9317 11.5483
4194 27.0683 -52.8717
4195 -41.9317 -6.79175
4196 -18.9317 24.7883
4197 -11.9317 5.98825
4198 -22.9317 -29.1317
4199 10.0683 -10.4517
4200 -37.9317 -14.7317
4201 24.0683 -35.0317
4202 5.06825 24.4783
4203 -22.9317 11.2583
4204 -30.9317 -10.7217
4205 -50.9317 24.1883
4206 3.06825 22.7783
4207 -54.9317 25.9983
4208 -9.93175 21.4683
4209 -35.9317 26.8983
4210 27.0683 -6.69175
4211 -28.9317 15.2483
4212 -8.93175 -5.98175
4213 -22.9317 9.76825
4214 -17.9317 -13.1017
4215 -38.9317 9.12825
4216 18.0683 -39.1417
4217 -36.9317 14.2883
4218 -37.9317 -17.9317
4219 -21.9317 -25.8017
4220 -40.9317 20.6283
4221 -45.9317 23.1083
4222 -43.9317 -6.08175
4223 -23.9317 8.46825
4224 -21.9317 -19.0817
4225 -29.9317 -29.2617
4226 -45.9317 -8.78175
4227 28.0683 3.06825
4228 -6.93175 -24.0317
4229 5.06825 14.8783
4230 -1.93175 -36.5817
4231 11.0683 -32.1817
4232 -26.9317 -2.67175
4233 -41.9317 10.8383
4234 14.0683 -50.5917
4235 -40.9317 10.4783
4236 -44.9317 -6.30175
4237 28.0683 -6.80175
4238 -0.931748 -35.5617
4239 -49.9317 22.2783
4240 -42.9317 -16.2217
4241 -2.93175 28.8583
4242 -54.9317 27.2683
4243 -43.9317 27.9783
4244 -50.9317 16.0283
4245 5.06825 11.3783
4246 26.0683 -7.39175
4247 -30.9317 28.4783
4248 4.06825 15.5383
4249 -51.9317 28.5883
4250 -44.9317 -14.3817
4251 -1.93175 10.7283
4252 14.0683 -11.5917
4253 -0.931748 -44.8017
4254 -49.9317 16.3383
4255 4.06825 -44.0017
4256 -38.9317 24.2383
4257 4.06825 -18.6217
4258 -45.9317 10.0483
4259 29.0683 -21.5017
4260 13.0683 -21.5117
4261 28.0683 -19.2017
4262 -21.9317 20.8183
4263 -25.9317 -21.7117
4264 16.0683 -43.6717
4265 15.0683 17.5583
4266 16.0683 6.69825
4267 -9.93175 -30.9917
4268 -47.9317 28.9583
4269 -28.9317 -4.78175
4270 -47.9317 4.41825
4271 -12.9317 -6.80175
4272 -16.9317 18.3383
4273 -2.93175 -4.09175
4274 -42.9317 12.2083
4275 18.0683 -8.27175
4276 -11.9317 -36.4517
4277 15.0683 -45.9517
4278 -36.9317 -14.4617
4279 -36.9317 18.4583
4280 12.0683 -45.5117
4281 -26.9317 -6.91175
4282 -9.93175 -19.9417
4283 -13.9317 -23.4317
4284 -41.9317 -15.4417
4285 -55.9317 25.0883
4286 25.0683 19.2683
4287 2.06825 6.90825
4288 14.0683 -55.8717
4289 -48.9317 25.7383
4290 -46.9317 -1.51175
4291 -52.9317 11.2983
4292 29.0683 3.24825
4293 0.0682519 -39.8517
4294 -33.9317 4.47825
4295 -21.9317 -36.5517
4296 -51.9317 12.8983
4297 21.0683 24.4283
4298 -1.93175 -34.1017
4299 -27.9317 -2.77175
4300 -36.9317 0.568252
4301 -40.9317 -13.2917
4302 25.0683 -38.1217
4303 2.06825 6.70825
