%%index real_part   imaginary_part
3237 3237 3237
1 85.38 44.54
2 37.12 55.83
3 83.62 94.17
4 72.82 42.89
5 92.66 92.52
6 63.74 18.89
7 71.54 52.49
8 76.34 55.15
9 94.78 75.7
10 36.35 3.01
11 42.78 37.58
12 89.37 52.69
13 84.05 101.24
14 16.8 3.45
15 54.82 59.23
16 95.29 26.01
17 73.37 32.21
18 18.38 15.93
19 58.83 48.99
20 25.03 91.21
21 101.62 43.49
22 87.5 80.3
23 27.45 56.69
24 24.39 55.85
25 50.38 5.76
26 43.34 60.74
27 104.96 93.17
28 77.93 16.23
29 11.2 72.53
30 15.28 94.73
31 4.26 66.02
32 98.23 2.58
33 18.51 69.15
34 1.67 8.62
35 91.35 77.34
36 4.36 26.7
37 98.52 76.49
38 25.18 91.86
39 31.23 9.5
40 15.26 49.58
41 2.32 81.62
42 58.31 50.12
43 66.35 98.8
44 54.85 28.24
45 6.49 69.07
46 27.09 70.14
47 72.72 2.27
48 71.43 17.33
49 17.47 82.75
50 43.62 73.1
51 91.32 0.82
52 77.31 47.98
53 23.36 81.85
54 91.35 102.5
55 35.6 54.6
56 19.74 98.13
57 40.25 29.44
58 20.25 78.05
59 97.81 98.12
60 59.19 75.1
61 28.76 104.3
62 98.09 86.28
63 95.13 93
64 67.76 61.52
65 18.14 4.6
66 5.42 102.9
67 42.88 1.47
68 83.32 74.26
69 60.28 57.76
70 4.36 58.19
71 48.32 95.88
72 17.32 24.1
73 93.67 80.09
74 70.21 29.09
75 95.72 83.48
76 79.78 12.92
77 99.2 16.48
78 1.49 69.88
79 14.92 77.86
80 82.46 60.77
81 55.67 33.07
82 34.54 79.41
83 37.19 90.07
84 39.83 1.38
85 59.57 97.47
86 85.35 35.72
87 51.34 99.41
88 71.5 94.19
89 15.29 37.02
90 12.5 25.23
91 38.15 3.01
92 11.01 83.81
93 37.21 29.35
94 107.21 4.02
95 64.79 52.13
96 76.72 73.2
97 44.61 3.98
98 85.57 102.78
99 104.16 73.32
100 62.79 8.93
101 36.17 47.25
102 30.18 31.66
103 17.85 87.51
104 16.53 101.68
105 10.43 24.66
106 19.19 20.56
107 104.37 48.58
108 69.46 30.21
109 34.23 25.1
110 68.75 60.19
111 25.39 90.55
112 86.05 37.48
113 32.26 61.52
114 26.84 55.15
115 64.08 19.95
116 58.72 89.63
117 4.81 100.25
118 71.28 88.91
119 74.11 22.67
120 47.33 87.82
121 99.9 84.55
122 25.13 66.53
123 88.26 87.79
124 4.89 86.11
125 38.31 6.01
126 88.08 73.64
127 3.12 63.7
128 8.75 57.66
129 4.81 26.91
130 46.86 27.11
131 0.27 68.89
132 52.66 97.1
133 78.01 5.08
134 27.75 15.94
135 95.28 35.65
136 3.72 66.61
137 16.66 87.18
138 66.97 20.37
139 106.49 96.44
140 102.45 63.38
141 29.03 36.8
142 92.02 82.54
143 32.2 23.67
144 50.58 100.77
145 19.89 28.53
146 88.94 88.96
147 69.59 20.16
148 25.24 33.6
149 41.06 31.12
150 66.77 44.52
151 3.13 28.35
152 107.05 70.49
153 90.87 11.31
154 107.75 57.55
155 12.93 80.88
156 9.68 102.2
157 68.26 33.48
158 48.68 101.7
159 94.48 91.98
160 12.51 90.78
161 71.75 105.89
162 18.05 101.45
163 18.57 33.34
164 55.98 34.81
165 79.33 59.64
166 79.51 14.76
167 76.77 73.98
168 85.29 78.56
169 19.63 51.16
170 24.04 76.56
171 70.77 32.57
172 57.57 33.72
173 27.43 22.55
174 106.06 106.25
175 89.04 5.43
176 3.32 2.09
177 95.07 44.31
178 69.17 12.89
179 39.22 5.64
180 56.8 17.15
181 31.91 10.56
182 76.06 28.31
183 98.4 100.21
184 43.37 44.88
185 13.44 1.55
186 25.64 67.42
187 92.66 75.73
188 89.81 83.22
189 72.99 3.61
190 0.56 87.87
191 89.96 54.03
192 98.34 103.4
193 8.29 77.03
194 74.2 51.03
195 68.19 39.04
196 49.6 14.52
197 34.36 91.62
198 83.83 9.18
199 54.06 16.28
200 17.83 10.73
201 69.67 67.51
202 26.76 43.48
203 10.22 54.33
204 49.47 8.57
205 96.44 83.21
206 29.25 50.03
207 45.44 69.93
208 30.48 11.11
209 62.15 45.25
210 84.29 104.68
211 2.73 22.34
212 105.48 25.89
213 26.6 37.09
214 53.37 81.32
215 92.05 80.66
216 31.69 71.2
217 106.2 53.72
218 99.57 58.46
219 67.03 8.42
220 91.64 41.04
221 91.08 47
222 8.93 4.41
223 15.52 28.52
224 73.77 39.41
225 27.62 69.19
226 91.53 50.07
227 67.48 30.35
228 67.44 89.02
229 53.86 85.6
230 49.79 4.33
231 75.53 37.91
232 83.15 81.48
233 23.46 65.26
234 73.68 66.24
235 107.29 90.5
236 29.5 48.84
237 53.25 81.89
238 2.41 29.95
239 69.36 60.3
240 21.49 67.7
241 1.29 88.5
242 10.85 5.03
243 85.57 60.3
244 29.42 69.81
245 74.14 31.43
246 60.86 79.21
247 52.7 33.2
248 98.46 27.53
249 93.77 76.16
250 50.18 55.66
251 104.51 84.58
252 58.47 71.2
253 92.67 41.28
254 101.58 52.4
255 3.63 45.56
256 26.06 15.08
257 11.63 104.44
258 56.74 36.92
259 98.25 97.2
260 12.15 86.17
261 48.9 64.4
262 89.12 64.53
263 83.58 101.6
264 61.29 71.1
265 18.76 60.87
266 37.46 102.99
267 57.72 6.79
268 48.08 95.93
269 31.86 42.39
270 87.95 33.18
271 48.26 35.49
272 31.93 6.02
273 34.46 59.89
274 40.61 80.2
275 49.89 16.23
276 72.15 44.28
277 0.81 98.79
278 83.92 53.27
279 16.37 75.91
280 28.79 37.21
281 23.72 26.66
282 24.97 66.25
283 45.7 72.96
284 7.36 64.57
285 97.76 77.56
286 5.05 86.83
287 84.37 29.54
288 89.44 36.99
289 9.19 2.35
290 18.59 22.05
291 57.86 59.08
292 41.39 82.26
293 27.54 58.67
294 26.59 17.31
295 46.04 35.43
296 53.61 46.9
297 5.15 61.29
298 26.25 70.11
299 26.68 42.37
300 11.94 25.13
301 3.97 7.96
302 37.51 16.99
303 45.5 79.86
304 73.74 18.95
305 32.52 46.21
306 96.81 83.85
307 58.11 90.38
308 32.58 30.21
309 47.52 85.65
310 4.61 50.69
311 97.59 85.09
312 38.38 49.74
313 11.85 94.26
314 28.63 64.63
315 89.77 38.54
316 46.5 40.57
317 49.09 85.26
318 48.64 84.01
319 94.48 86.11
320 24.33 14.38
321 89.75 10.53
322 92.43 4.66
323 26.39 39.87
324 9.04 17.01
325 59.22 65.44
326 42.53 13.65
327 63.4 40.33
328 26.59 80.91
329 29.06 75.25
330 105.31 46.75
331 78.84 10.83
332 87.61 43.82
333 11.35 11.45
334 97.57 19.78
335 25.68 97.36
336 107.89 5.42
337 10.08 7.44
338 47.31 92.32
339 100.86 36.48
340 101.92 56.35
341 61.53 52.08
342 92.42 27.97
343 0.88 8.45
344 83.7 2.53
345 49.28 29.94
346 32.3 72.54
347 107.88 11.65
348 23.1 3.43
349 14.73 11.23
350 0.59 4.19
351 9.61 40.42
352 47.86 0.48
353 84.33 11.22
354 39.22 86.69
355 35.04 77.19
356 12.79 24.66
357 52.63 88.09
358 96.54 105.21
359 99.27 45.03
360 66.49 63.77
361 28.31 32.07
362 43.72 90.31
363 93.75 28.19
364 30.94 58.35
365 62.54 0.48
366 32.42 31.54
367 23.54 63.68
368 74.9 80.28
369 50.49 99.39
370 68.58 105.64
371 22.3 77.06
372 57.15 81.38
373 70.11 66.45
374 3.48 45.7
375 100.99 52.9
376 84.98 69.97
377 52.29 21.3
378 41.01 12.22
379 70.57 29.56
380 21.56 71.95
381 95.01 25.12
382 80.32 45.51
383 9.31 2.08
384 101.47 47.22
385 44.86 59.81
386 28.87 53.58
387 18.48 58.68
388 17.13 86.02
389 15.24 80.11
390 25.02 20.61
391 82.1 8.23
392 21.05 101.52
393 5.74 17.91
394 38.99 62.06
395 17.54 67.84
396 84.48 60.56
397 106.07 104.07
398 106.15 56.8
399 95.54 7.38
400 58.71 91.15
401 28.25 32.4
402 82.6 87.58
403 65.61 38.25
404 10.36 99.73
405 12.34 72.37
406 80.61 26.9
407 11.94 85.96
408 103.88 93.18
409 47.25 9.21
410 77.05 34.87
411 86.95 56.31
412 52.38 53.53
413 101.85 76.54
414 75.45 42.06
415 16.73 89.39
416 5.31 26.16
417 5.75 44.98
418 83.23 87.91
419 79.64 62.88
420 27.25 85.11
421 103.54 83.5
422 61.46 99.38
423 84.57 7.48
424 16.69 48.86
425 75.26 15.34
426 63.17 93.74
427 30.79 54.21
428 22.76 7.55
429 41.13 16.16
430 105.55 89.73
431 7.89 57.86
432 94.36 2.86
433 82.29 5.16
434 68.04 61.11
435 29.75 53.93
436 20.95 86.82
437 78.2 25.29
438 32.77 73.94
439 14.8 46.29
440 53.15 40.99
441 26.73 90.06
442 27.8 8.32
443 7.4 49.05
444 65.21 42.08
445 23.81 48.53
446 97.92 54.29
447 48.67 31.7
448 28.39 75.8
449 28.92 22.97
450 68.42 87.95
451 66.77 58.67
452 75.48 80.9
453 46.84 28.5
454 66.31 0.25
455 41.24 53.16
456 26.75 11.47
457 19.79 59.5
458 100.07 54.55
459 96.63 27.19
460 67.25 48.8
461 103.09 3.96
462 27.18 48.69
463 16.49 35.29
464 49.78 55.57
465 35.53 36.93
466 95.6 10.2
467 91.1 93.82
468 14.32 63.08
469 54.86 21.46
470 74.63 80.64
471 83.63 87.62
472 30.64 101.38
473 39.45 103.42
474 14.14 22.71
475 71.52 19.6
476 23.56 81.39
477 13.6 58.13
478 93.42 50.74
479 97.84 30.09
480 67.03 35.2
481 36.93 25.37
482 2.71 46.15
483 100.76 11.55
484 33.02 17.04
485 89.2 47.62
486 18.76 99.17
487 84.07 64.83
488 51.77 49.41
489 72.12 15.52
490 26.64 65.91
491 30.82 27.16
492 76.82 50.2
493 92.46 44.42
494 66.04 62.24
495 88.97 82.3
496 99.19 16.59
497 62.74 9.42
498 20.97 101.91
499 2.47 55.5
500 94.64 45.51
501 28.2 83.19
502 40.02 5.41
503 46.34 4.27
504 11.31 83.31
505 41.23 10.46
506 29.15 37.95
507 79.67 63.57
508 99.52 105.97
509 51.73 64.14
510 29.96 57.56
511 74.15 32.7
512 33.64 12.68
513 106.11 20.41
514 67.44 46.14
515 91.65 100.1
516 75.29 54.08
517 51.01 11.86
518 7.65 106.83
519 82.14 97.35
520 99.34 18.97
521 48.44 6.89
522 61.99 20.49
523 9.98 20.12
524 75.78 53.51
525 3.07 61.71
526 85.94 105.74
527 1.94 68.74
528 89.15 11.58
529 57.72 0.05
530 91.67 48.59
531 94.2 32.9
532 36.28 58.96
533 57.79 28.73
534 18.09 43.93
535 54.42 23.46
536 21.87 0.95
537 12.96 94.39
538 6.51 83.86
539 29.37 22.94
540 84.65 82.29
541 71.55 23.96
542 92.7 62.59
543 65.7 65.02
544 56.59 65.38
545 105.49 15.42
546 39.84 40.27
547 99.23 91.69
548 12.43 76.12
549 3.58 40.55
550 55.53 22.04
551 14.51 49.52
552 35.91 77.4
553 53.27 27.47
554 41.93 42.42
555 8.23 74.16
556 98.13 18.58
557 72.7 71.31
558 28.33 74.35
559 31.73 21.92
560 28.86 84.92
561 8.71 29.23
562 4.44 68.71
563 28.35 99.47
564 32.02 8.39
565 30.43 31.93
566 81.46 79.07
567 48.47 36.46
568 63.93 0.89
569 34.84 93.26
570 59.43 105.86
571 7.97 43.07
572 105.9 41.08
573 7.43 72.19
574 94.11 17.75
575 94.2 30.69
576 51.44 14.97
577 83.68 102.91
578 94.38 47.4
579 55.8 4.04
580 27.49 9.92
581 88.99 77.75
582 6.22 100.47
583 101.37 20.99
584 6.25 61.67
585 59.54 19.73
586 54.32 57.2
587 89.8 67.51
588 31.7 52.23
589 69.98 88.76
590 11.45 9.33
591 24.3 56.18
592 42.62 54.41
593 93.33 99.51
594 103.55 29
595 38.93 41.13
596 2.41 14.56
597 7.04 11.44
598 32.43 8.63
599 70.3 99.93
600 11.66 30.21
601 78.93 13.36
602 72.39 65.98
603 1.73 60.74
604 41.5 95.61
605 104.94 63.24
606 2.94 44.47
607 90.4 21.25
608 12.76 45.56
609 66.09 75.73
610 0.39 107.83
611 5.91 96.54
612 107.98 2.8
613 11.43 12.95
614 104.4 23.94
615 54.15 73.25
616 86.62 107.58
617 57.09 25.08
618 77.34 51.01
619 38.63 50.34
620 5.58 2.36
621 46.83 27.09
622 48.34 8.53
623 45.61 20.75
624 96.49 52.62
625 52.45 3.7
626 91.76 96.88
627 99.68 58.37
628 62.84 91.75
629 107.21 102.63
630 67.88 50.77
631 41.87 53.36
632 69.96 38.02
633 89.04 98.96
634 41.31 30.83
635 33.19 11.19
636 38.28 38.41
637 38.46 -71.55
638 92.3 -78.15
639 22.77 -84.08
640 79.3 -80.79
641 69.67 -66.75
642 8.64 -63.07
643 38.34 -52.87
644 47.5 -63
645 105.29 -37.55
646 82.43 -106.91
647 36.93 -39.17
648 21.65 -35.91
649 66.74 -9.49
650 12.2 -54.48
651 92.9 -99.94
652 63.49 -42.01
653 12.16 -23.36
654 98.96 -47.79
655 12.11 -26.45
656 84.72 -61.79
657 16.86 -73.3
658 9.7 -84.88
659 31.41 -46.72
660 75.79 -57.2
661 47.63 -20.22
662 59.39 -50.22
663 86.13 -76.09
664 77.1 -72.57
665 19.05 -36.4
666 28.34 -89.31
667 14.84 -103.47
668 10.36 -83.35
669 14.66 -18.52
670 36.49 -1.32
671 63.11 -18.29
672 91.6 -4.74
673 89.62 -71.49
674 1.73 -101.3
675 42.02 -4.55
676 24.78 -77.52
677 11.26 -81.18
678 49.27 -75.69
679 31.78 -88.92
680 17.32 -18.37
681 99.2 -50.84
682 37.83 -37.18
683 4.05 -6.04
684 16.08 -48.19
685 49.52 -18.71
686 37.01 -52.58
687 57.32 -104.15
688 59.17 -12.13
689 5.43 -30.46
690 35.02 -60.9
691 21.95 -38.97
692 12.15 -51.32
693 10.53 -33.21
694 14.13 -52.94
695 62.84 -42.32
696 84.68 -22.97
697 60.15 -54.04
698 51.61 -14.51
699 62.71 -64.2
700 74.44 -67.69
701 12.27 -103.75
702 91.42 -102.97
703 7.1 -61.11
704 91.58 -34.11
705 95.02 -4.05
706 34.54 -10.12
707 52.96 -0.49
708 25.22 -46.7
709 91.16 -63.49
710 97.33 -30.88
711 53.85 -46
712 100.05 -74.01
713 88.53 -105.53
714 61.73 -35.18
715 102.87 -34.76
716 22.03 -19.69
717 14.66 -106.67
718 51.3 -5.45
719 39.57 -13.28
720 17.33 -26.4
721 36.52 -18.11
722 10.12 -51.88
723 90.1 -81
724 36.5 -35.34
725 66.22 -73.26
726 11.27 -17.35
727 91.37 -3.6
728 1.13 -102.84
729 30.02 -63.42
730 89.7 -54.38
731 74.08 -16.41
732 6.6 -3.73
733 0.7 -80.26
734 93.55 -57.91
735 84.31 -31.79
736 49.9 -102.4
737 37.8 -12.84
738 85.36 -51.54
739 86.89 -19.9
740 84.69 -5.38
741 22.74 -36.63
742 40.23 -87.48
743 82.32 -6.11
744 61.05 -41.36
745 87.27 -103.86
746 12.27 -42.75
747 46.48 -44.87
748 17.13 -18.88
749 76.79 -38.7
750 70.5 -102.2
751 96.61 -53.1
752 57.46 -3.92
753 55.47 -26.41
754 37.84 -34.83
755 40.21 -34.36
756 70.99 -14.53
757 93.53 -54.47
758 52.1 -102.75
759 27.63 -67.85
760 63.71 -5.15
761 47.9 -6.9
762 51.77 -75.98
763 86.38 -85.9
764 16.61 -60.43
765 54.63 -55.17
766 99.8 -87.11
767 91.03 -43.24
768 61.18 -40.78
769 67.13 -30.02
770 64.38 -99.02
771 105.07 -98.87
772 45.34 -18.9
773 13.65 -90.6
774 41.97 -97.45
775 102.6 -41.28
776 39.71 -105.68
777 65.18 -34.03
778 11.93 -91.48
779 43.91 -43.57
780 90.26 -20.06
781 98.69 -98.55
782 25.31 -73.58
783 6.37 -73.25
784 103.27 -86.49
785 77.51 -73.5
786 64.37 -51.18
787 70.08 -66.1
788 48.7 -101.24
789 90.69 -75.25
790 0.05 -90.67
791 79.87 -76.81
792 102.36 -39.76
793 14.77 -28.58
794 72.15 -105.82
795 17.88 -58.68
796 40.75 -45.93
797 11.52 -0.1
798 73.35 -66.07
799 36.08 -17.89
800 82.91 -60.14
801 3.32 -105.12
802 63.22 -30.81
803 24.05 -64.92
804 23.69 -103.45
805 77.64 -106.26
806 66.59 -23.75
807 55.03 -49.52
808 78.1 -60.96
809 58.78 -69.8
810 12.01 -33.77
811 71.22 -76.66
812 76.76 -44.28
813 101.87 -82.74
814 92.15 -33.63
815 93.78 -29.96
816 27.08 -58.59
817 89.4 -97.1
818 45.55 -81.82
819 77.27 -104.97
820 94.75 -69.24
821 84.51 -46.92
822 87.96 -53.34
823 6.3 -31.55
824 101.35 -49.58
825 74.87 -65.08
826 25.27 -104.88
827 41.17 -38.09
828 4.36 -93.55
829 19.19 -35.04
830 56.52 -88.03
831 38.62 -104.49
832 85.11 -75.12
833 48.95 -11.54
834 0.03 -22.66
835 91.91 -9.74
836 48.18 -94.78
837 31.65 -59.94
838 91.49 -28.14
839 69.24 -37.95
840 94.56 -76.37
841 73.25 -36.11
842 65.73 -3.35
843 96.9 -105.94
844 32.99 -61.61
845 41.64 -107.61
846 104.1 -81.03
847 48.16 -71.79
848 74.85 -81.22
849 103.88 -97.11
850 98.37 -66.41
851 44.71 -79.31
852 31.26 -38.56
853 58.22 -76.36
854 105.84 -6.27
855 82.64 -19.47
856 47.1 -92.4
857 95.75 -47.9
858 37.36 -104.35
859 57.96 -76.17
860 75.79 -70.35
861 43.39 -91.13
862 46.44 -71.89
863 36.63 -83.07
864 72.18 -4.81
865 71.22 -32.52
866 103.35 -54.07
867 92.63 -7.94
868 75.82 -18.13
869 24.41 -42.86
870 53.85 -73.66
871 49.58 -107.05
872 38.47 -100.95
873 88.83 -28.85
874 105.03 -75.84
875 29.71 -38.79
876 13.44 -72.82
877 28.23 -64.62
878 39.69 -59.88
879 56.22 -64.87
880 88.91 -103.39
881 49.47 -19.44
882 18.9 -84.26
883 93.92 -25.62
884 60 -86.25
885 51.91 -1.85
886 0.9 -5.85
887 98.33 -93.02
888 13.87 -30.9
889 98.26 -79.16
890 1.47 -10.9
891 75.24 -11.49
892 67.64 -14.92
893 66.32 -103.48
894 51.87 -98.85
895 85.77 -14.54
896 25.51 -32.78
897 0.56 -18.76
898 44.38 -35.93
899 14.18 -94.48
900 96.33 -104.39
901 101.76 -57.62
902 42.64 -88.76
903 3.18 -92.09
904 63.25 -56.51
905 58.94 -92.96
906 95.97 -56.25
907 71.17 -17.7
908 4.7 -55.61
909 37.99 -21.01
910 35.56 -56.57
911 80.87 -15.76
912 34.52 -52.59
913 88.52 -81.44
914 59.44 -70.42
915 66.81 -94.23
916 43.85 -39.3
917 11.58 -52.1
918 36.19 -78.01
919 18.04 -14.76
920 99.24 -90.97
921 39.22 -76.98
922 86.21 -87.21
923 26.35 -101.91
924 14.92 -90.91
925 31.01 -64.34
926 71.62 -42
927 94.59 -3.88
928 76.84 -106.14
929 60.08 -66.64
930 44.39 -28.29
931 67.59 -10.42
932 62.52 -88.24
933 58.25 -79.17
934 85.45 -98.71
935 81.68 -76.29
936 36.8 -76.69
937 47.42 -4.42
938 106.33 -6.53
939 97.44 -65.29
940 21.63 -13.26
941 55.26 -11.97
942 15.86 -84.77
943 82.91 -33.38
944 91.54 -92.7
945 4.51 -26.52
946 36.94 -27.93
947 107.69 -72.1
948 34.79 -99.46
949 81.69 -57.94
950 17.75 -12.24
951 80.45 -55.38
952 59.8 -46.07
953 52.6 -11.4
954 76.69 -49.66
955 62.92 -33.57
956 45.54 -89.85
957 66.62 -1.7
958 26.6 -61.4
959 37.63 -33.06
960 59.58 -10.14
961 29.59 -42.14
962 105.77 -96.52
963 79.5 -29.28
964 78.74 -24.08
965 36.33 -53.19
966 100.09 -96.5
967 26.09 -0.3
968 3.22 -43.42
969 93.08 -78.7
970 4.27 -79.92
971 53.29 -48
972 41.22 -41.33
973 94.26 -11.91
974 44.97 -67.83
975 69.49 -23.89
976 57.55 -96.07
977 76.11 -99.09
978 11.89 -46.84
979 70.93 -47.61
980 92.33 -90.64
981 70.66 -98.78
982 90.6 -75.94
983 11.36 -96.75
984 58.97 -93.83
985 65.75 -95.96
986 35.96 -54.76
987 96.1 -11.04
988 14.47 -68.71
989 20.06 -73.88
990 89.29 -50.97
991 39.04 -89.55
992 72.16 -38.84
993 77.21 -106.68
994 46.29 -84.06
995 58.22 -40.14
996 30.92 -22.14
997 98.09 -20.88
998 1.15 -13.52
999 98.87 -100.97
1000 88.94 -60.13
1001 6.89 -56.62
1002 59.18 -8.42
1003 77.13 -94.51
1004 60.39 -65.18
1005 8.15 -97.19
1006 70.27 -41.68
1007 72.05 -47.19
1008 45.87 -25.95
1009 2.01 -41.26
1010 72.92 -83.69
1011 97.35 -60.23
1012 72.63 -95.36
1013 100.4 -78.96
1014 71.94 -73.79
1015 25.92 -91.28
1016 39.9 -52.88
1017 52.82 -24.33
1018 10.85 -90.61
1019 47.79 -21.96
1020 2.67 -62.76
1021 95.97 -55.94
1022 94.65 -64.46
1023 90.42 -60.02
1024 92.8 -24.05
1025 99.26 -83.95
1026 36.19 -57.72
1027 36.6 -80.13
1028 51.1 -0.82
1029 66.13 -29
1030 12.28 -15.04
1031 59.44 -92.05
1032 107.91 -43.71
1033 26.32 -4.26
1034 17.74 -2.28
1035 65.04 -65.63
1036 5.09 -11.94
1037 76.4 -44.53
1038 104.55 -91.26
1039 106.83 -58.82
1040 34.78 -80.87
1041 22.11 -98.09
1042 61.75 -62.49
1043 54.83 -58.71
1044 87.72 -4.85
1045 11.41 -12.97
1046 96.54 -100
1047 35.71 -70.85
1048 66.63 -96.45
1049 90.25 -53.55
1050 2.7 -84.38
1051 87.84 -47.3
1052 91.83 -7.79
1053 99.06 -56.24
1054 106.59 -79.91
1055 44.3 -89.41
1056 79.51 -24.89
1057 87.38 -66.42
1058 17.13 -33.26
1059 29.63 -25.73
1060 30.22 -96.37
1061 88.38 -41.04
1062 103.41 -18.77
1063 106.74 -7.61
1064 52.69 -62.04
1065 29.94 -89
1066 19.82 -55.39
1067 63.19 -9.78
1068 57.55 -103.17
1069 66.6 -45.77
1070 27.18 -56.14
1071 81.03 -2.91
1072 60.85 -98.21
1073 14.99 -51.93
1074 77.66 -69.5
1075 57.88 -44.62
1076 77.18 -107.89
1077 10.18 -29.78
1078 28.91 -72.59
1079 18.16 -0.44
1080 80.96 -81.6
1081 29 -48.1
1082 49.41 -92.3
1083 87.48 -83.71
1084 21.48 -106.96
1085 55.1 -37.6
1086 32.03 -40.18
1087 30.4 -19.65
1088 71.58 -92.88
1089 45.91 -36.91
1090 81.54 -41.24
1091 32.65 -103.79
1092 17.09 -42.24
1093 6.84 -34.35
1094 34.8 -46
1095 19.61 -25
1096 64.62 -107.28
1097 91.59 -40.13
1098 15.84 -105.55
1099 104.51 -62.59
1100 91.71 -37.32
1101 69.02 -43.13
1102 62.78 -15.75
1103 100.15 -90.94
1104 19.86 -26.36
1105 59.13 -38.06
1106 25.37 -92.92
1107 27.16 -91.78
1108 9.66 -42.46
1109 88.47 -25.52
1110 50.52 -35.98
1111 35.26 -99.6
1112 31.73 -106.67
1113 104.22 -10.37
1114 64.48 -47.57
1115 76.41 -92.26
1116 27.39 -48.2
1117 55.47 -37.43
1118 20.38 -90.18
1119 0.06 -47.62
1120 85.69 -31.76
1121 16.68 -59.19
1122 34.5 -3.06
1123 37.05 -35.36
1124 60.89 -44.16
1125 80.14 -9.04
1126 0.64 -102.93
1127 101.6 -106.92
1128 9.3 -23.89
1129 62.98 -89.35
1130 73.61 -73.78
1131 5.5 -31.39
1132 60.34 -101
1133 74.7 -60.97
1134 0.6 -72.24
1135 104 -74.77
1136 25.96 -77.81
1137 72.39 -12.68
1138 48.05 -60.46
1139 96.14 -1.44
1140 2 -0.94
1141 95.39 -68.28
1142 58.73 -2.64
1143 18.05 -89
1144 61.87 -68.03
1145 25.33 -81.03
1146 4.42 -27.48
1147 12 -22.36
1148 83.33 -56.29
1149 20.53 -86.71
1150 45 -75.45
1151 36.78 -16.54
1152 20.74 -70.96
1153 14.95 -1.18
1154 102.14 -68.79
1155 61.25 -3.09
1156 62.9 -104.15
1157 98.31 -40.17
1158 21.17 -13.63
1159 73.18 -8.37
1160 89.4 -74.56
1161 93.56 -90.03
1162 4.39 -85.35
1163 33.64 -105.56
1164 75.79 -79.25
1165 46.7 -54.17
1166 70.71 -12.79
1167 75.28 -83.49
1168 76.19 -91.46
1169 43.77 -90.23
1170 84.84 -61.85
1171 58 -96.55
1172 28.72 -31.26
1173 44.89 -48.32
1174 48.21 -41.41
1175 7.97 -1.59
1176 91.63 -29.61
1177 6.96 -93.05
1178 90.61 -87.54
1179 58.79 -32.12
1180 86.3 -49.93
1181 62.72 -105.5
1182 72.51 -40.53
1183 23.99 -30
1184 3.75 -32.22
1185 94.07 -59.29
1186 39.36 -88.6
1187 11.86 -35.6
1188 75.44 -68.08
1189 101.01 -48.28
1190 49.87 -15.65
1191 36.78 -100.5
1192 85.55 -25.02
1193 4.57 -43.75
1194 67.39 -68.16
1195 1.61 -63.36
1196 52.38 -45.69
1197 86.23 -64.34
1198 85.86 -8.41
1199 40.63 -101.74
1200 44.55 -89.62
1201 61.74 -18.23
1202 53.83 -83.91
1203 43.99 -65.12
1204 104.92 -21.27
1205 36.92 -28.52
1206 21.02 -38.32
1207 63.34 -73.7
1208 0.97 -106.57
1209 58.26 -59.43
1210 14.8 -68.37
1211 105.58 -59.87
1212 7.73 -58.7
1213 67.12 -83.81
1214 69.08 -93.6
1215 66.74 -99.27
1216 9.5 -5.63
1217 89.55 -12
1218 77.12 -63.33
1219 84.6 -17.06
1220 45.59 -65.57
1221 103.89 -13.52
1222 78.75 -66.61
1223 56.71 -59.23
1224 10.67 -79.72
1225 31.61 -6.97
1226 58.36 -16.99
1227 75.69 -29.2
1228 5.01 -66.1
1229 43.22 -26.33
1230 17.61 -65.61
1231 71.25 -101.48
1232 5.48 -27.11
1233 90.45 -52.8
1234 69.86 -74.12
1235 31.69 -67.05
1236 72.1 -7.45
1237 65.59 -27.58
1238 78.34 -42.85
1239 6.09 -14.3
1240 12.79 -80.53
1241 97.52 -37.71
1242 66.91 -71.15
1243 20.77 -56.73
1244 83.07 -63.44
1245 21.06 -63.99
1246 57.47 -100.68
1247 19.79 -92.31
1248 28.63 -54.47
1249 20.6 -101.76
1250 60.82 -98.49
1251 97.47 -52.29
1252 71.4 -16.44
1253 59.29 -55.06
1254 69.36 -41.74
1255 5.79 -56.9
1256 94.61 -82.15
1257 45.3 -103.31
1258 43.56 -45.04
1259 0.49 -57.6
1260 5.11 -18.63
1261 2.83 -13.07
1262 96.9 -62.59
1263 0.58 -22.63
1264 7.91 -17.53
1265 107.54 -21.18
1266 65 -60.25
1267 76.69 -97.01
1268 44.07 -19.92
1269 53.18 -19.5
1270 76.41 -5.43
1271 79.1 -58.97
1272 45.8 -54.54
1273 -99.59 -7.93
1274 -65.53 -89.36
1275 -0 -91.6
1276 -96.19 -70.64
1277 -16.75 -102.35
1278 -8.5 -85.09
1279 -102.62 -17.34
1280 -30.04 -16.42
1281 -76.67 -102.16
1282 -82.7 -86.56
1283 -106.48 -45.37
1284 -56.39 -18.77
1285 -15.73 -51.66
1286 -2.63 -24.8
1287 -79.35 -94.83
1288 -102.76 -48.43
1289 -21.32 -62.46
1290 -46.06 -60.29
1291 -14.46 -12.84
1292 -7.19 -34.25
1293 -2.86 -31.21
1294 -48.55 -15.7
1295 -32.12 -105.48
1296 -91.16 -70.12
1297 -48.68 -0.79
1298 -37.68 -65.86
1299 -76.16 -47.17
1300 -90.35 -94.08
1301 -2.4 -91.89
1302 -78.72 -92.99
1303 -24.94 -81.75
1304 -36.21 -73.49
1305 -17.3 -46.26
1306 -59.1 -73.79
1307 -99.56 -31.76
1308 -62.98 -57.82
1309 -73.52 -102.42
1310 -91.42 -103.05
1311 -65.17 -97.16
1312 -89.47 -66.11
1313 -23.97 -105.38
1314 -44.55 -19.16
1315 -5.24 -100.13
1316 -75.54 -26.9
1317 -3.41 -107.16
1318 -80.92 -46.27
1319 -11.76 -19.88
1320 -66.14 -0.65
1321 -65.97 -20.58
1322 -52.35 -8.77
1323 -58.11 -57.53
1324 -51.96 -7.33
1325 -101.9 -23.63
1326 -4.31 -26.9
1327 -93.01 -50.6
1328 -47.98 -93.78
1329 -4.94 -0.51
1330 -100.64 -84.05
1331 -102.47 -1.7
1332 -0.87 -68.19
1333 -105.98 -105.89
1334 -9.29 -73.31
1335 -65.48 -1.26
1336 -21.84 -66.95
1337 -67.24 -23.45
1338 -72.51 -74.19
1339 -73.04 -17.35
1340 -32.5 -7.99
1341 -34.89 -58.47
1342 -1.07 -36.81
1343 -22.6 -19.91
1344 -20.42 -40.57
1345 -16.62 -19.06
1346 -20.77 -4.58
1347 -64.29 -2.61
1348 -100.02 -13.16
1349 -86.47 -62.27
1350 -55.05 -1.31
1351 -68.27 -43.95
1352 -58.93 -76.9
1353 -34.61 -27.51
1354 -44.87 -23.44
1355 -31.43 -107.66
1356 -49.65 -77.37
1357 -6.19 -57.84
1358 -77.75 -50.72
1359 -82.81 -20.31
1360 -39.37 -89.69
1361 -94.28 -99.43
1362 -93.56 -51.66
1363 -64.82 -50.57
1364 -104.37 -85.59
1365 -86.9 -34.81
1366 -70.29 -51.42
1367 -11.84 -47.17
1368 -74.69 -21.22
1369 -36.18 -46.46
1370 -37.64 -3.08
1371 -80.45 -59.13
1372 -8.97 -87.29
1373 -21.53 -78.16
1374 -89.99 -86.73
1375 -59.94 -104.34
1376 -87.29 -21.37
1377 -73.03 -46.22
1378 -88.32 -72.85
1379 -50.44 -21.38
1380 -56.19 -76.21
1381 -11.15 -29.35
1382 -68.04 -18.48
1383 -39.7 -23
1384 -69.46 -26.25
1385 -29.33 -67.4
1386 -18.53 -98.62
1387 -77.91 -101.31
1388 -62.99 -27.51
1389 -105.76 -90.96
1390 -78.82 -44.99
1391 -57.88 -57.7
1392 -95.45 -58.11
1393 -14.48 -14.43
1394 -35.81 -67.29
1395 -35.5 -56.45
1396 -77.32 -92.01
1397 -2.49 -46.65
1398 -69.65 -37.36
1399 -63.62 -33.72
1400 -101.12 -22.63
1401 -4.77 -84.47
1402 -77.78 -3.18
1403 -30.69 -82.68
1404 -57.16 -24.3
1405 -60.81 -19.97
1406 -69.19 -27.98
1407 -77.61 -10.69
1408 -25.12 -48.16
1409 -7.45 -92.1
1410 -40.55 -52.46
1411 -36.47 -42.95
1412 -81.13 -1.39
1413 -38.75 -30.48
1414 -64.2 -34.3
1415 -48.46 -93.89
1416 -70.37 -48.85
1417 -52.03 -53.23
1418 -19.44 -31.67
1419 -47.49 -74.24
1420 -94.21 -76.6
1421 -96.11 -0.3
1422 -2.51 -46.92
1423 -95.09 -65.72
1424 -41.34 -19.16
1425 -71.62 -102.54
1426 -29.02 -73.41
1427 -74.8 -0.09
1428 -30.57 -101.67
1429 -27.97 -105.08
1430 -90.97 -86.3
1431 -27.15 -76.43
1432 -13.19 -44.86
1433 -68.06 -70.7
1434 -36.94 -32.63
1435 -100.75 -7.55
1436 -107.38 -14.67
1437 -61.59 -88.86
1438 -38.11 -1.89
1439 -21.05 -40.2
1440 -34.75 -70.97
1441 -27.91 -92.67
1442 -84.28 -55.29
1443 -48.96 -94.23
1444 -91.31 -6.86
1445 -84.68 -68.45
1446 -28.41 -65.81
1447 -102.19 -3.83
1448 -66.05 -41.6
1449 -74.23 -62.25
1450 -61.33 -102.99
1451 -9.66 -58.5
1452 -39.37 -60.71
1453 -62.6 -62.77
1454 -102.98 -69
1455 -31.97 -83.66
1456 -59.85 -21.25
1457 -68.06 -51.4
1458 -37.64 -36.14
1459 -34.52 -0.54
1460 -68.99 -12.47
1461 -69.8 -11.2
1462 -6.55 -97.4
1463 -31 -64
1464 -9.77 -72.6
1465 -59.11 -96.75
1466 -47.26 -71.1
1467 -15.33 -68.77
1468 -15.06 -78.15
1469 -39.15 -69.46
1470 -45.12 -1.56
1471 -14.33 -62.64
1472 -6.05 -96.49
1473 -24.63 -82.39
1474 -82.93 -35.21
1475 -47.68 -50.67
1476 -61.87 -35.45
1477 -24.85 -9.49
1478 -65.01 -68.42
1479 -24.54 -47.38
1480 -27.65 -74.78
1481 -29.41 -83.65
1482 -35.94 -74.91
1483 -36.58 -44.74
1484 -6.2 -42.53
1485 -44.09 -75.73
1486 -21.9 -42.84
1487 -22.86 -49.95
1488 -15.86 -19.47
1489 -54.68 -47.49
1490 -98.17 -90.32
1491 -17.77 -93.88
1492 -94.89 -43.56
1493 -103.51 -34.14
1494 -81.52 -51.9
1495 -10.21 -20.05
1496 -95.23 -100.7
1497 -59.13 -31.14
1498 -75.88 -23.17
1499 -57.22 -95.72
1500 -54.97 -73.61
1501 -107.97 -92.84
1502 -34.79 -76.87
1503 -87.86 -22.83
1504 -61.85 -50.65
1505 -32.97 -26.06
1506 -11.95 -43.54
1507 -78.62 -42.26
1508 -76.41 -98.36
1509 -33.79 -74.13
1510 -85.71 -41.45
1511 -34.15 -44
1512 -75.14 -72.94
1513 -87.63 -93.29
1514 -81.01 -34.54
1515 -99.67 -28.38
1516 -13.22 -27.98
1517 -96.38 -91.17
1518 -105.52 -48.01
1519 -98.66 -76.24
1520 -93.83 -50.89
1521 -94.43 -15.16
1522 -57.42 -105.78
1523 -87.66 -65.06
1524 -22.71 -25.83
1525 -67.29 -13.45
1526 -57.45 -0.42
1527 -64.88 -92.96
1528 -78.25 -16.11
1529 -42.18 -36.04
1530 -64.42 -42.78
1531 -70.77 -33.85
1532 -8.54 -77.64
1533 -9.17 -50.67
1534 -10.43 -6.07
1535 -56.96 -107.83
1536 -6.51 -104.26
1537 -93.56 -34.92
1538 -91.5 -63.94
1539 -81.29 -73.23
1540 -86.68 -6.21
1541 -106.16 -32.1
1542 -17.07 -27.66
1543 -35.29 -54.56
1544 -82.12 -95.32
1545 -30.11 -77.47
1546 -102.85 -38.54
1547 -107.7 -92.4
1548 -26.59 -3.39
1549 -0.98 -8.87
1550 -0.23 -37.02
1551 -24.81 -57.95
1552 -92.87 -6.74
1553 -62.2 -10.37
1554 -75.12 -67.89
1555 -74.1 -35.5
1556 -67.6 -53.81
1557 -72.99 -63.78
1558 -10.35 -76.19
1559 -63.52 -0.28
1560 -69.28 -92.47
1561 -14.54 -85.15
1562 -61.07 -64.13
1563 -59.04 -5.76
1564 -14.64 -87.66
1565 -8.2 -60.03
1566 -1.5 -14.87
1567 -13.13 -33.01
1568 -34.91 -85.89
1569 -45.78 -75.34
1570 -2.84 -2.03
1571 -47.36 -3.4
1572 -67.19 -61.96
1573 -30.16 -12.35
1574 -4.16 -69.06
1575 -45.05 -85.2
1576 -53.87 -73.44
1577 -21.09 -59.59
1578 -65.36 -6.94
1579 -86.12 -80.13
1580 -23.68 -71.52
1581 -86.39 -85.84
1582 -2.38 -16.7
1583 -102.59 -91.04
1584 -58.38 -28.81
1585 -30.84 -40.37
1586 -35.3 -61.22
1587 -6.71 -78.21
1588 -82.08 -102.49
1589 -63.55 -28.39
1590 -5.59 -86.24
1591 -51.68 -0.6
1592 -51.72 -59.46
1593 -57.92 -64.29
1594 -36.43 -0.6
1595 -72.12 -27.56
1596 -104.92 -51.63
1597 -68.34 -42.03
1598 -25.07 -98.82
1599 -19.63 -62.93
1600 -94.83 -83.46
1601 -28.2 -50.48
1602 -12.21 -22.13
1603 -8.14 -26.43
1604 -54.82 -94.29
1605 -64.06 -63.21
1606 -55.33 -60.41
1607 -3.39 -107.26
1608 -63.56 -107.05
1609 -99.17 -52.83
1610 -71.91 -91.51
1611 -35.14 -63.29
1612 -96.84 -68.84
1613 -59.66 -95
1614 -41.46 -13.92
1615 -88.9 -79.3
1616 -13.3 -19.81
1617 -41.94 -0.62
1618 -27.06 -17.03
1619 -3.32 -41.6
1620 -104.81 -81.88
1621 -25.82 -58.9
1622 -58.17 -52.14
1623 -42.72 -20.73
1624 -73.57 -13.73
1625 -96.76 -33.89
1626 -88.71 -37.48
1627 -97.84 -23.9
1628 -2.43 -77.55
1629 -82.99 -41.03
1630 -3.85 -43.89
1631 -63.7 -55.41
1632 -56.04 -17.15
1633 -34.18 -97.16
1634 -30.76 -74.62
1635 -48.5 -29.02
1636 -79.45 -19.09
1637 -71.23 -65.84
1638 -86.58 -29.62
1639 -34.87 -5.95
1640 -31.37 -52.15
1641 -81.15 -23.63
1642 -39.05 -12.08
1643 -81.15 -62.52
1644 -103.55 -41.48
1645 -76.89 -47.67
1646 -103.08 -107.4
1647 -8.07 -32.59
1648 -13.27 -51.12
1649 -17.74 -33.77
1650 -54.31 -44.03
1651 -63.12 -57.77
1652 -15.61 -25.76
1653 -55.38 -17.88
1654 -15.35 -93.71
1655 -29.38 -81.77
1656 -96.92 -46.72
1657 -50.32 -2.54
1658 -56.58 -19.5
1659 -60.98 -15
1660 -62.67 -52.13
1661 -43.05 -21.4
1662 -53.99 -57.75
1663 -100.4 -42.64
1664 -67.93 -67.27
1665 -102.82 -1.66
1666 -50.95 -14.24
1667 -40.01 -49.47
1668 -67.35 -58.09
1669 -43.8 -86.91
1670 -60.69 -74.22
1671 -4.47 -73.19
1672 -67.25 -41.13
1673 -60.63 -54.79
1674 -61.31 -15.83
1675 -59.48 -5.14
1676 -26.54 -15.98
1677 -65.26 -102.53
1678 -28.69 -72.05
1679 -31.32 -49.18
1680 -50.84 -96.62
1681 -2.86 -17.67
1682 -67.14 -93.32
1683 -43.41 -34.39
1684 -13.31 -18.01
1685 -92.23 -87.21
1686 -52.4 -65.52
1687 -106.65 -96.7
1688 -35.02 -11.65
1689 -27.48 -59.29
1690 -64.43 -96.33
1691 -103.84 -86.96
1692 -73.01 -90.97
1693 -55.02 -52.62
1694 -101.8 -93.22
1695 -81.84 -77.87
1696 -87.06 -36.16
1697 -21.48 -76.23
1698 -2.62 -46.2
1699 -55.73 -56.41
1700 -35.63 -7.45
1701 -72.97 -31.48
1702 -11.71 -79.55
1703 -91.21 -63.15
1704 -14.44 -46.73
1705 -26.58 -2.21
1706 -80.7 -70.39
1707 -53.36 -13.94
1708 -58.08 -45.71
1709 -30.94 -99.9
1710 -69.77 -43.4
1711 -71.09 -104.3
1712 -64.05 -40.35
1713 -78.07 -84.09
1714 -32.51 -58.2
1715 -65.65 -25.8
1716 -57.29 -68.14
1717 -39.69 -22.15
1718 -85.3 -60.52
1719 -107.25 -14.42
1720 -16.64 -91.26
1721 -53.65 -17.35
1722 -22.82 -97.34
1723 -26.57 -107.01
1724 -90.43 -80.9
1725 -16.31 -49.03
1726 -45.34 -43.73
1727 -84.08 -87.4
1728 -63.49 -100.91
1729 -51.11 -54.16
1730 -79.96 -87.52
1731 -47.66 -0.29
1732 -22.44 -20.77
1733 -81.29 -78.88
1734 -93.3 -99.26
1735 -82.52 -72.06
1736 -80.94 -1.94
1737 -90.8 -19.69
1738 -10.22 -95.28
1739 -68.18 -9.38
1740 -49.93 -100.65
1741 -36.38 -76.01
1742 -46.93 -95.27
1743 -79.71 -12.47
1744 -58.15 -101.95
1745 -81.47 -22.82
1746 -23.11 -30.11
1747 -42.41 -12.66
1748 -91.54 -37.07
1749 -28.33 -7.22
1750 -70.81 -68.36
1751 -61.83 -102.37
1752 -14.06 -35.27
1753 -22.55 -44.63
1754 -45.53 -24.28
1755 -16.94 -82.25
1756 -41.79 -95.47
1757 -74.26 -44.84
1758 -48.83 -80.24
1759 -74.19 -45.97
1760 -68.8 -106.98
1761 -20.62 -39.19
1762 -43.37 -83.43
1763 -12.51 -63.03
1764 -61.77 -26.91
1765 -86.79 -32.36
1766 -26.74 -16.1
1767 -42.89 -40.62
1768 -85.26 -32.32
1769 -56.61 -65.44
1770 -31.22 -14.31
1771 -1.78 -65.07
1772 -101.43 -73.01
1773 -45.25 -67.57
1774 -5.54 -42.27
1775 -41.25 -2.97
1776 -33.68 -65.86
1777 -41.3 -61.87
1778 -8.42 -77.05
1779 -95.48 -45.33
1780 -77.69 -61.72
1781 -77.82 -74.27
1782 -106.42 -95.95
1783 -11.8 -12.72
1784 -69.68 -75.2
1785 -89.51 -59.93
1786 -17 -100.9
1787 -57.43 -82.82
1788 -42.39 -10.43
1789 -44.22 -94.21
1790 -88.7 -47.93
1791 -5.8 -85.48
1792 -30.87 -14.38
1793 -82.95 -38.62
1794 -75.47 -39.3
1795 -101.02 -61.95
1796 -28.22 -36.68
1797 -16.16 -62.36
1798 -75.08 -18.16
1799 -93.36 -27.96
1800 -87.89 -28.29
1801 -21.19 -74.88
1802 -49.7 -96.41
1803 -98.36 -70.15
1804 -56.36 -92.09
1805 -23.54 -34.59
1806 -3.59 -37.06
1807 -42.96 -20.86
1808 -51 -34.46
1809 -73.76 -9.43
1810 -71.38 -18.47
1811 -55.16 -58.3
1812 -12.67 -91.12
1813 -1.29 -62.84
1814 -90.8 -87.75
1815 -107.56 -94.65
1816 -61.53 -70.69
1817 -50.62 -20.76
1818 -82.43 -3.23
1819 -86.84 -40.98
1820 -75.57 -30.79
1821 -59.37 -2.39
1822 -23.25 -79.16
1823 -5.63 -93.85
1824 -103.28 -74.26
1825 -84.25 -70.91
1826 -21.22 -66.66
1827 -49.78 -22.93
1828 -85.77 -33.89
1829 -5.16 -42.59
1830 -29.25 -68.57
1831 -22.78 -4.73
1832 -17.01 -90.78
1833 -85.54 -73.4
1834 -6.39 -90.96
1835 -5.27 -55.9
1836 -58.29 -73.48
1837 -36.17 -64.64
1838 -42.01 -73.07
1839 -30.85 -33.32
1840 -104.23 -28.81
1841 -86.99 -7.1
1842 -21.56 -8.97
1843 -34.38 -20.29
1844 -62.89 -107.33
1845 -59.43 -31.07
1846 -27.32 -92.14
1847 -74.92 -82.21
1848 -39.14 -35.85
1849 -18.81 -43.98
1850 -99.89 -45.53
1851 -2.53 -24.08
1852 -80.24 -41.7
1853 -6.77 -38.7
1854 -72.02 -14.25
1855 -34.58 -29.14
1856 -27.77 -59.78
1857 -60.27 -13.57
1858 -33.86 -49.33
1859 -40.18 -94.66
1860 -17.73 -96.75
1861 -80.89 -99.61
1862 -73.83 -36.57
1863 -72.42 -39.34
1864 -74.84 -4.97
1865 -42.02 -91.23
1866 -7.31 -66.73
1867 -99.96 -36.07
1868 -66.3 -79.07
1869 -93.32 -98.25
1870 -19.4 -30.32
1871 -81.62 -11.42
1872 -24.99 -38.69
1873 -88.02 -33.9
1874 -12.08 -58.85
1875 -39.13 -20.2
1876 -11.82 -21.33
1877 -57.9 -3.54
1878 -34.4 -77.17
1879 -73.66 -13.84
1880 -105.07 -1.25
1881 -59.5 -107.2
1882 -35.27 -103.9
1883 -74.97 -51.46
1884 -41.72 -101.57
1885 -15.42 -51.81
1886 -63.23 -52.64
1887 -91.33 -88.56
1888 -5.98 -79.74
1889 -22.11 -71.35
1890 -83.07 -18.06
1891 -30.91 -61.24
1892 -56.31 -86.41
1893 -55.58 -80.33
1894 -94.17 -90.71
1895 -91.96 -12.76
1896 -11.96 -82.76
1897 -70.18 -34.99
1898 -86.45 -38.76
1899 -23.85 -28.67
1900 -80.48 -11.69
1901 -64.33 -30.79
1902 -2.88 -27.23
1903 -106.97 -39.18
1904 -102.05 -8.86
1905 -18.45 -12.61
1906 -73.85 -77.13
1907 -55.54 -40.88
1908 -13.22 -22.16
1909 -104.4 -102.65
1910 -106.93 107.39
1911 -82.16 88.36
1912 -6.87 2.42
1913 -41.18 44.34
1914 -73.02 93.33
1915 -96.54 56.55
1916 -78.87 37.02
1917 -55.78 44.4
1918 -83.58 81.75
1919 -82.13 46.27
1920 -58.88 77.64
1921 -46.77 92.1
1922 -24.99 24.74
1923 -38.42 93.83
1924 -80 38.21
1925 -29.12 34.82
1926 -6.71 78.94
1927 -81.36 3.28
1928 -39.15 13.58
1929 -98.43 6.06
1930 -54.13 103.69
1931 -32.71 86.98
1932 -23.38 16.52
1933 -89.79 88.49
1934 -18.29 98.48
1935 -68.12 55.45
1936 -39.55 77.17
1937 -93.43 6.89
1938 -92.25 56.06
1939 -85.79 15.38
1940 -50.2 64.25
1941 -26.71 6.92
1942 -1.72 48.43
1943 -62.02 99.59
1944 -97.17 40.87
1945 -36.56 43.97
1946 -14.47 34.83
1947 -51.35 60.8
1948 -32.81 29.37
1949 -19.86 33.15
1950 -88.6 51.1
1951 -20.28 87.98
1952 -86.4 11.67
1953 -67.74 105.23
1954 -12.61 70.65
1955 -18.42 45.53
1956 -43.97 54.34
1957 -102.77 36.66
1958 -28.25 45.7
1959 -86.57 48.31
1960 -92.29 8.95
1961 -43.78 6.66
1962 -67.46 98.28
1963 -19.66 95.13
1964 -20.28 100.27
1965 -34.9 31.04
1966 -11.02 100.4
1967 -4.08 55.18
1968 -43.93 97.42
1969 -51.59 63.34
1970 -100.39 56.55
1971 -2.89 61.54
1972 -98.2 36.37
1973 -82.07 105.66
1974 -37.5 9.97
1975 -18.92 52.16
1976 -58.82 13.31
1977 -3.59 62.7
1978 -49.84 9.8
1979 -101.6 14.77
1980 -45.81 61.64
1981 -54.05 28.5
1982 -75.2 56.84
1983 -37.78 49.65
1984 -104.51 11.13
1985 -67.68 80.9
1986 -34.44 96.9
1987 -25.27 62.09
1988 -59.76 24.64
1989 -34.61 98.86
1990 -43.03 88.78
1991 -102.09 53.54
1992 -8.24 93.37
1993 -94.7 97.2
1994 -3.98 49.6
1995 -3.25 88.3
1996 -8.8 49.79
1997 -98.15 48.82
1998 -89.99 84
1999 -95.13 27.94
2000 -0.84 86.5
2001 -66.92 46.34
2002 -0.43 35.28
2003 -51.44 92.2
2004 -74.58 51.71
2005 -32.49 77.57
2006 -14.63 1.13
2007 -86.03 18.1
2008 -7.31 22.88
2009 -64 72.73
2010 -53.03 11.29
2011 -52.6 58.77
2012 -107.59 53.35
2013 -20.87 42.76
2014 -70.7 81.1
2015 -51.12 107.52
2016 -37.38 63.06
2017 -89.86 10.05
2018 -93.77 37.82
2019 -81.05 33.3
2020 -102.39 60.35
2021 -53.01 5.55
2022 -15.17 9.03
2023 -23.43 31.04
2024 -103.77 22.48
2025 -25.29 87.43
2026 -38.21 40.32
2027 -85.19 77.9
2028 -12.66 29.32
2029 -101.95 97.58
2030 -97.1 74.88
2031 -29.94 45.07
2032 -55.12 26.49
2033 -55.83 11.8
2034 -36.62 40.89
2035 -92.77 28.88
2036 -25.95 31.01
2037 -40.04 37.78
2038 -60.34 41.13
2039 -55.13 63.47
2040 -34.43 47.63
2041 -79.47 80.43
2042 -50.33 72.64
2043 -93.48 56.66
2044 -37.76 62.99
2045 -29.87 87.43
2046 -24.51 26.86
2047 -44.87 51.33
2048 -63.13 71.15
2049 -103.57 100.7
2050 -13.11 91.27
2051 -5.8 88.34
2052 -9.64 39.06
2053 -80.19 37.37
2054 -92.36 69.98
2055 -1.13 27.33
2056 -99.28 18.79
2057 -82.95 80.6
2058 -29.26 41.61
2059 -96.12 59.96
2060 -39.39 67.02
2061 -85.4 9.51
2062 -60.84 55.42
2063 -18.58 13.8
2064 -106.02 7.49
2065 -98.76 5.67
2066 -85.53 11.13
2067 -50.2 96.08
2068 -25.45 95.17
2069 -48.67 13.91
2070 -32.76 9.82
2071 -28.61 49.8
2072 -22.4 24.04
2073 -57.17 103.09
2074 -55.05 43.18
2075 -101.72 36.81
2076 -46.32 94.44
2077 -33.39 70.64
2078 -84.44 107.16
2079 -106.17 43.49
2080 -49.16 82.47
2081 -93.6 88.45
2082 -76.54 26.69
2083 -5.38 27.32
2084 -32.76 101.99
2085 -3.81 45.57
2086 -95.37 65.52
2087 -81.09 23.95
2088 -19.04 1.29
2089 -35.99 21.78
2090 -58.6 74.09
2091 -52.05 21.23
2092 -91.87 104.92
2093 -95.61 76.96
2094 -12.45 59.84
2095 -34.31 93.78
2096 -74.24 53.13
2097 -71.34 11.43
2098 -30.28 42.78
2099 -28.29 76.72
2100 -14.29 63.04
2101 -12.08 32.11
2102 -56.06 101.18
2103 -93.99 84.69
2104 -106.48 66.62
2105 -24.23 21.98
2106 -43.21 48.6
2107 -45.52 67.8
2108 -36.77 18.61
2109 -78.45 24.65
2110 -1.96 40.74
2111 -93.88 4.76
2112 -7.71 67.72
2113 -102.02 57.22
2114 -17.47 37.99
2115 -92.55 22.31
2116 -54.42 23.28
2117 -7.99 96.16
2118 -72.85 102
2119 -60.62 101.98
2120 -7.49 62.85
2121 -3.45 84.85
2122 -36.18 42.22
2123 -60.83 40.5
2124 -65.15 72.95
2125 -5.69 31.28
2126 -27.56 58.63
2127 -18.35 91.09
2128 -31.84 26.8
2129 -56.31 12.37
2130 -34.69 40.83
2131 -64.11 40.87
2132 -20.55 89.11
2133 -74.64 63.62
2134 -49.13 93.4
2135 -39.78 27.26
2136 -103.64 56.62
2137 -90.36 43.23
2138 -83.73 23.34
2139 -96.29 43.2
2140 -66 32.41
2141 -91.04 93.5
2142 -68.12 85.09
2143 -3.89 1.4
2144 -13.77 91.48
2145 -24.31 51.72
2146 -84.11 39.98
2147 -21.1 79.94
2148 -35.57 104.66
2149 -90.07 87.26
2150 -106.04 84.7
2151 -24.84 21.85
2152 -56.6 93.2
2153 -8.54 106.72
2154 -33.44 23.86
2155 -56.27 104.83
2156 -81.86 90.97
2157 -68.06 30.83
2158 -32.23 33.5
2159 -16.98 63.47
2160 -7.19 37.53
2161 -77.51 41.29
2162 -4.75 91.31
2163 -87.97 90.13
2164 -69.39 40.32
2165 -8.54 61.56
2166 -74.93 58.96
2167 -44.16 24.9
2168 -23.63 23.54
2169 -47.4 52.71
2170 -41.06 48.59
2171 -31.56 95.19
2172 -18.02 14.92
2173 -39.94 99.62
2174 -46.61 41.78
2175 -70.83 56.92
2176 -89.73 53.81
2177 -28.64 40.34
2178 -14 94.49
2179 -18.33 0.13
2180 -61.7 74.91
2181 -25.87 18.4
2182 -43.3 20.15
2183 -35.21 70.04
2184 -14.75 58.45
2185 -107.05 74.13
2186 -61.32 55.81
2187 -62.26 30.61
2188 -13.76 70.87
2189 -4.65 102.2
2190 -42.65 60.37
2191 -105.7 75.48
2192 -107.34 24.38
2193 -2.39 26.34
2194 -26.48 4.86
2195 -71.3 20.73
2196 -39.13 79.7
2197 -99.85 97.17
2198 -50.73 73.95
2199 -15.93 27.07
2200 -101.2 57
2201 -104.34 14.98
2202 -37.11 46.05
2203 -8.92 50.12
2204 -44.32 42.39
2205 -94.29 5.09
2206 -72.09 78.49
2207 -102.88 91.99
2208 -1.86 62.95
2209 -67.82 96.79
2210 -9.52 19.86
2211 -91.08 22.64
2212 -11.81 40.17
2213 -6.13 74.45
2214 -101.52 54.07
2215 -3.07 22.06
2216 -28.56 86.25
2217 -15.82 107.41
2218 -49.53 57.19
2219 -91.11 24.74
2220 -21.35 85.38
2221 -47.39 77.4
2222 -52.91 93.44
2223 -48.39 33.79
2224 -22.59 54.77
2225 -66.15 107.73
2226 -13.89 32.11
2227 -72.29 49.23
2228 -15.69 25.71
2229 -71.3 69.94
2230 -92 0.73
2231 -78.5 74.37
2232 -65.31 4.08
2233 -52.79 94.32
2234 -2.58 106.36
2235 -75.26 35.9
2236 -5.3 23.93
2237 -0.89 14.66
2238 -48.45 58.22
2239 -104.51 40.81
2240 -32.06 62.56
2241 -94.68 54.19
2242 -94.94 45.96
2243 -63.19 50.49
2244 -12.43 102.15
2245 -94.41 26.49
2246 -92.38 95.95
2247 -91.55 64.91
2248 -42.76 41.21
2249 -39.58 36.34
2250 -72.25 45.34
2251 -60.8 106.36
2252 -13.02 69.07
2253 -10.81 61.69
2254 -94.02 53
2255 -7.56 106.85
2256 -53.04 18.09
2257 -64.05 93.76
2258 -27.77 31.5
2259 -25.66 19.24
2260 -37.25 31.72
2261 -19.67 12.07
2262 -68.5 13.15
2263 -54.37 102.74
2264 -31.09 102.78
2265 -40.13 85.47
2266 -83.83 94.86
2267 -47.45 92.45
2268 -37.66 88.38
2269 -33.38 58.27
2270 -48.64 23.69
2271 -41.78 32.46
2272 -9.75 101.68
2273 -16.7 97.35
2274 -0.11 37.52
2275 -69.25 42.36
2276 -45.95 37.36
2277 -50.51 80.44
2278 -75.19 105.98
2279 -100.76 96.4
2280 -73.87 97.8
2281 -76.18 24.41
2282 -8.86 49.71
2283 -30.09 15.63
2284 -73.9 46.53
2285 -61.74 54.99
2286 -78.97 14.54
2287 -107.74 103.52
2288 -92.87 88.72
2289 -18.25 7.97
2290 -50.33 84.5
2291 -5.38 87.5
2292 -59.94 87.81
2293 -77.31 55.89
2294 -35.82 27.13
2295 -8.45 70.07
2296 -86.01 1.69
2297 -42.92 84.63
2298 -100.27 86.39
2299 -16.44 73.01
2300 -11.52 57.69
2301 -63.76 78.18
2302 -65.22 90.5
2303 -71.22 55.02
2304 -62.99 41.61
2305 -18.11 80.99
2306 -60.49 104.85
2307 -84.66 23.49
2308 -70.91 3.96
2309 -22.61 45.49
2310 -107.08 106.73
2311 -0.42 31.07
2312 -7.7 85.09
2313 -63.49 34.87
2314 -99.4 99.49
2315 -49.19 79.93
2316 -41.64 2.93
2317 -84.95 4.95
2318 -59.97 106.86
2319 -40.48 39.69
2320 -12.69 6.49
2321 -3.34 58.59
2322 -82.09 64.7
2323 -68.66 88
2324 -17.01 45
2325 -35.25 82.8
2326 -5.87 16.09
2327 -101.19 27.19
2328 -62.06 5.09
2329 -104.59 48.2
2330 -11.65 53.47
2331 -56.4 37.3
2332 -33.77 53.29
2333 -52.16 24.87
2334 -64.56 85.26
2335 -91.75 92.64
2336 -43.23 68.77
2337 -17 95.09
2338 -66.61 17.32
2339 -53.84 85.66
2340 -51.98 83.62
2341 -99.72 89.09
2342 -8.29 57.85
2343 -54.47 84.43
2344 -24.63 61.87
2345 -7.34 42.58
2346 -79.88 36.28
2347 -89.58 55.26
2348 -80.13 5.65
2349 -90.91 33.74
2350 -18.38 28.22
2351 -96.99 74.67
2352 -61.76 61.61
2353 -70.46 5.99
2354 -83.18 11.9
2355 -95.52 7.82
2356 -88.44 27.16
2357 -76.54 87.24
2358 -63.67 88.25
2359 -42.12 14.53
2360 -57.11 88.3
2361 -8.11 49.47
2362 -104.73 28.99
2363 -26.16 97.69
2364 -23.43 68.39
2365 -96.61 0.59
2366 -66.78 33.33
2367 -86.46 85.6
2368 -83.12 12.07
2369 -23.97 48.92
2370 -48.27 58.3
2371 -76.98 11.49
2372 -90.26 28.71
2373 -0.48 37.04
2374 -51.57 45.93
2375 -17.76 42.6
2376 -83.59 0.68
2377 -21.19 25.87
2378 -7.08 80.33
2379 -32.24 38.87
2380 -39.47 22.03
2381 -55.36 20.85
2382 -106.45 106.25
2383 -1.84 33.82
2384 -74.27 81.57
2385 -23.39 25.81
2386 -28.83 14.54
2387 -34.77 100.38
2388 -29.42 11.09
2389 -48.54 35.25
2390 -69.37 81
2391 -73.2 66.3
2392 -83.69 44.97
2393 -8.82 85.92
2394 -16.79 90.77
2395 -4.8 41.06
2396 -61.91 47.78
2397 -37.56 51.68
2398 -85.51 51.88
2399 -16.98 39.4
2400 -65.22 43.3
2401 -49.36 40.37
2402 -24.27 85.57
2403 -96.66 84.13
2404 -2.9 45.22
2405 -9.74 37.2
2406 -95.03 63.79
2407 -0.76 82.94
2408 -60.86 70.72
2409 -45.02 1.1
2410 -33.68 69.18
2411 -8.96 41.34
2412 -93.03 87.11
2413 -31 46.52
2414 -77.45 62.06
2415 -96.88 39.5
2416 -79.87 34.67
2417 -12.24 38.24
2418 -5.89 95.67
2419 -32.89 100.42
2420 -29.62 0.31
2421 -64.1 42.63
2422 -17.57 16.65
2423 -78.9 56.39
2424 -57.49 69.96
2425 -22.66 7.44
2426 -48.78 82.7
2427 -61.81 31.62
2428 -69.67 25.33
2429 -78.91 84.33
2430 -15.83 39.12
2431 -65.31 67.79
2432 -97.55 87.23
2433 -74.9 69.07
2434 -61.49 103.44
2435 -103.75 107.79
2436 -42.42 82.63
2437 -90.81 59.86
2438 -107.77 51.51
2439 -4.99 61.71
2440 -69.15 57.26
2441 -23.48 27.65
2442 -50.8 1.45
2443 -18.31 85.3
2444 -53.15 12.47
2445 -43.11 97.22
2446 -48.54 68.99
2447 -48.22 0.42
2448 -61.01 38.09
2449 -25.06 15.12
2450 -6.43 6.02
2451 -88.65 20.81
2452 -72.19 48.85
2453 -91.88 71.46
2454 -16.69 71.96
2455 -12.75 88.4
2456 -8.05 77.36
2457 -70.34 27.75
2458 -5.05 50.37
2459 -54.36 88.65
2460 -77.87 49.73
2461 -10.72 97.47
2462 -89.41 9.93
2463 -48.03 50.46
2464 -57.1 42.42
2465 -39.96 73.09
2466 -85.42 63.53
2467 -103.9 20.62
2468 -83.6 41.14
2469 -104.62 79.3
2470 -59.7 91.82
2471 -61.18 0.89
2472 -28.65 67.76
2473 -1.65 23.52
2474 -103.69 25.22
2475 -74.95 56.02
2476 -37.01 65.09
2477 -75.02 77.19
2478 -19.65 9.95
2479 -43.89 15.05
2480 -79.66 76.75
2481 -23.8 83.86
2482 -104.48 48.61
2483 -81.27 11.22
2484 -90.53 71.6
2485 -55.42 77.89
2486 -78.79 42.23
2487 -101.51 0.13
2488 -15.17 107.44
2489 -24.66 103.17
2490 -42.71 10.87
2491 -75.96 91.14
2492 -60.33 79.72
2493 -89.67 42.98
2494 -49.56 79.99
2495 -40.26 25.57
2496 -1.43 12.74
2497 -52.87 55.59
2498 -66.81 97.43
2499 -61.03 26.14
2500 -104.04 49.34
2501 -91.58 107.98
2502 -0.11 66.35
2503 -65.79 85.09
2504 -71.78 6.8
2505 -9.19 81.97
2506 -65.11 6.49
2507 -86.22 85.15
2508 -11.66 17.45
2509 -88.96 59.41
2510 -84.98 52.74
2511 -57 12.74
2512 -68.33 77.93
2513 -67.36 1.88
2514 -28.02 18.67
2515 -68.01 11.92
2516 -3.42 15.58
2517 -81.93 43.11
2518 -11.73 3.53
2519 -1.85 31.24
2520 -104.74 83.51
2521 -90.01 11.05
2522 -96.2 61.85
2523 -70.82 59.75
2524 -11.16 99.38
2525 -44.12 43.3
2526 -56.05 87.67
2527 -57.6 92.65
2528 -94.53 7.9
2529 -26.57 8.49
2530 -11.93 6.07
2531 -13.18 94.59
2532 -21.22 15.35
2533 -10.4 95.11
2534 -9.88 32.95
2535 -8.47 12.25
2536 -23.3 6.62
2537 -59.99 90
2538 -41.75 3.03
2539 -102.41 14.34
2540 -49.16 44.43
2541 -24.1 30.06
2542 -6.23 105.21
2543 -104.64 73.23
2544 -73.24 100.76
2545 -98.35 23.21
2546 -1.32 85.17
2547 -93.5681 -108.398
2548 -104.568 -97.5481
2549 -103.568 -96.3981
2550 -95.5681 -102.378
2551 -100.568 -101.558
2552 -98.5681 -99.5381
2553 -104.568 -103.008
2554 -100.568 -104.848
2555 -99.5681 -98.0281
2556 -98.5681 -107.108
2557 -103.568 -104.998
2558 -106.568 -93.5181
2559 -107.568 -103.728
2560 -95.5681 -103.068
2561 -100.568 -104.108
2562 -98.5681 -100.818
2563 -101.568 -100.108
2564 -102.568 -102.368
2565 -96.5681 -100.778
2566 -101.568 -107.408
2567 -99.5681 -101.948
2568 -97.5681 -107.998
2569 -102.568 -103.898
2570 -95.5681 -106.658
2571 -98.5681 -106.408
2572 -106.568 -105.538
2573 -95.5681 -103.568
2574 -107.568 -106.498
2575 -100.568 -105.548
2576 -103.568 -101.518
2577 -96.5681 -107.448
2578 -100.568 -104.928
2579 -94.5681 -102.988
2580 -108.568 -103.828
2581 -106.568 -101.288
2582 -94.5681 -102.858
2583 -98.5681 -96.9581
2584 -100.568 -99.9681
2585 -95.5681 -105.468
2586 -108.568 -100.018
2587 -94.5681 -104.628
2588 -102.568 -94.0581
2589 -102.568 -100.858
2590 -98.5681 -104.738
2591 -103.568 -97.3681
2592 -108.568 -94.3081
2593 -108.568 -99.3681
2594 -102.568 -99.1481
2595 -101.568 -97.7881
2596 -99.5681 -100.358
2597 -94.5681 -101.978
2598 -104.568 -99.6081
2599 -107.568 -94.8481
2600 -99.5681 -103.028
2601 -106.568 -104.958
2602 -103.568 -103.448
2603 -97.5681 -103.858
2604 -96.5681 -102.558
2605 -105.568 -107.308
2606 -108.568 -102.888
2607 -102.568 -101.328
2608 -98.5681 -102.748
2609 -99.5681 -106.688
2610 -103.568 -101.288
2611 -101.568 -103.628
2612 -99.5681 -100.838
2613 -103.568 -98.6381
2614 -94.5681 -101.788
2615 -99.5681 -106.778
2616 -104.568 -94.0481
2617 -108.568 -105.118
2618 -96.5681 -105.098
2619 -103.568 -95.7681
2620 -96.5681 -105.928
2621 -93.5681 -106.198
2622 -108.568 -92.9981
2623 -95.5681 -105.258
2624 -96.5681 -104.988
2625 -97.5681 -104.398
2626 -102.568 -94.1881
2627 -93.5681 -108.178
2628 -100.568 -105.888
2629 -96.5681 -101.228
2630 -97.5681 -101.068
2631 -95.5681 -108.258
2632 -106.568 -106.998
2633 -99.5681 -95.9081
2634 -100.568 -99.5881
2635 -101.568 -107.488
2636 -102.568 -98.4681
2637 -107.568 -102.108
2638 -97.5681 -101.498
2639 -107.568 -105.458
2640 -103.568 -103.078
2641 -100.568 -106.008
2642 -93.5681 -105.658
2643 -97.5681 -106.578
2644 -96.5681 -101.768
2645 -95.5681 -108.498
2646 -94.5681 -107.548
2647 -102.568 -101.728
2648 -101.568 -101.378
2649 -94.5681 -104.898
2650 -95.5681 -107.558
2651 -104.568 -93.7781
2652 -97.5681 -102.358
2653 -98.5681 -106.258
2654 -104.568 -105.018
2655 -94.5681 -102.588
2656 -100.568 -106.338
2657 -102.568 -94.6481
2658 -94.5681 -102.038
2659 -93.5681 -106.308
2660 -99.5681 -97.7581
2661 -107.568 -98.4181
2662 -101.568 -96.8081
2663 -101.568 -97.6181
2664 -101.568 -97.5481
2665 -94.5681 -101.918
2666 -97.5681 -108.188
2667 -100.568 -106.898
2668 -100.568 -97.3481
2669 -94.5681 -101.648
2670 -94.5681 -103.128
2671 -102.568 -103.228
2672 -105.568 -106.568
2673 -94.5681 -105.228
2674 -94.5681 -108.348
2675 -96.5681 -102.178
2676 -97.5681 -108.068
2677 -93.5681 -107.188
2678 -102.568 -105.028
2679 -107.568 -94.8381
2680 -96.5681 -105.608
2681 -106.568 -93.9281
2682 -106.568 -106.218
2683 -93.5681 -108.068
2684 -95.5681 -105.238
2685 -101.568 -104.218
2686 -99.5681 -100.198
2687 -106.568 -96.5981
2688 -98.5681 -100.568
2689 -93.5681 -108.128
2690 -94.5681 -104.098
2691 -93.5681 -105.798
2692 -99.5681 -103.188
2693 -96.5681 -98.8181
2694 -103.568 -101.558
2695 -95.5681 -101.518
2696 -95.5681 -106.178
2697 -99.5681 -106.688
2698 -98.5681 -99.0481
2699 -98.5681 -102.728
2700 -103.568 -99.2381
2701 -105.568 -104.418
2702 -93.5681 -107.638
2703 -96.5681 -106.958
2704 -102.568 -105.578
2705 -107.568 -95.8881
2706 -102.568 -106.168
2707 -94.5681 -103.608
2708 -93.5681 -107.908
2709 -93.5681 -108.288
2710 -101.568 -102.848
2711 -103.568 -95.8781
2712 -96.5681 -105.538
2713 -103.568 -106.188
2714 -101.568 -101.618
2715 -94.5681 -105.638
2716 -107.568 -99.1081
2717 -96.5681 -103.528
2718 -101.568 -102.808
2719 -117.568 -100.238
2720 -111.568 -97.8281
2721 -110.568 -107.838
2722 -118.568 -97.0481
2723 -117.568 -97.0781
2724 -118.568 -108.158
2725 -121.568 -101.198
2726 -113.568 -107.938
2727 -114.568 -99.7981
2728 -110.568 -97.4181
2729 -116.568 -103.318
2730 -119.568 -107.628
2731 -114.568 -106.128
2732 -116.568 -101.268
2733 -120.568 -99.7681
2734 -118.568 -106.918
2735 -121.568 -105.238
2736 -123.568 -107.378
2737 -115.568 -99.9981
2738 -123.568 -107.288
2739 -111.568 -95.1581
2740 -117.568 -102.208
2741 -119.568 -104.218
2742 -111.568 -107.198
2743 -108.568 -95.8781
2744 -121.568 -102.728
2745 -123.568 -107.408
2746 -123.568 -108.398
2747 -112.568 -95.3781
2748 -116.568 -103.968
2749 -115.568 -99.5081
2750 -113.568 -97.8781
2751 -108.568 -95.8881
2752 -112.568 -106.058
2753 -121.568 -106.928
2754 -115.568 -96.7281
2755 -121.568 -104.558
2756 -109.568 -98.7281
2757 -108.568 -100.848
2758 -118.568 -101.048
2759 -118.568 -101.298
2760 -117.568 -105.678
2761 -123.568 -108.408
2762 -122.568 -105.018
2763 -123.568 -108.508
2764 -111.568 -100.178
2765 -117.568 -97.6481
2766 -120.568 -101.998
2767 -120.568 -106.568
2768 -108.568 -95.1981
2769 -112.568 -104.178
2770 -118.568 -104.868
2771 -116.568 -102.138
2772 -118.568 -97.2881
2773 -123.568 -106.768
2774 -117.568 -98.4781
2775 -119.568 -101.868
2776 -110.568 -94.5481
2777 -118.568 -105.998
2778 -121.568 -104.318
2779 -115.568 -102.328
2780 -108.568 -107.288
2781 -116.568 -100.808
2782 -117.568 -108.288
2783 -121.568 -105.598
2784 -122.568 -102.638
2785 -109.568 -100.168
2786 -111.568 -98.7581
2787 -111.568 -97.3481
2788 -110.568 -100.548
2789 -110.568 -104.618
2790 -120.568 -101.948
2791 -121.568 -107.948
2792 -116.568 -105.018
2793 -123.568 -106.348
2794 -108.568 -107.218
2795 -114.568 -106.078
2796 -115.568 -100.418
2797 -121.568 -108.558
2798 -111.568 -99.5081
2799 -118.568 -107.438
2800 -120.568 -104.698
2801 -117.568 -105.898
2802 -113.568 -93.6881
2803 -121.568 -102.738
2804 -123.568 -107.608
2805 -110.568 -107.498
2806 -122.568 -101.618
2807 -117.568 -107.308
2808 -114.568 -94.6381
2809 -120.568 -105.228
2810 -108.568 -95.5781
2811 -115.568 -102.658
2812 -110.568 -102.438
2813 -116.568 -98.9581
2814 -123.568 -107.138
2815 -115.568 -103.338
2816 -122.568 -102.768
2817 -119.568 -104.538
2818 -121.568 -103.208
2819 -118.568 -104.928
2820 -116.568 -104.888
2821 -115.568 -107.628
2822 -119.568 -104.128
2823 -121.568 -108.398
2824 -117.568 -103.358
2825 -116.568 -105.918
2826 -120.568 -105.698
2827 -109.568 -93.7081
2828 -112.568 -98.5581
2829 -112.568 -94.8481
2830 -120.568 -105.818
2831 -123.568 -108.258
2832 -119.568 -100.668
2833 -122.568 -101.808
2834 -111.568 -97.8381
2835 -112.568 -98.4581
2836 -113.568 -97.4181
2837 -110.568 -93.9981
2838 -120.568 -105.778
2839 -110.568 -98.5981
2840 -116.568 -102.788
2841 -123.568 -108.318
2842 -118.568 -101.848
2843 -111.568 -95.8681
2844 -117.568 -96.4581
2845 -110.568 -92.8281
2846 -110.568 -94.1481
2847 -109.568 -103.628
2848 -120.568 -108.178
2849 -114.568 -95.9381
2850 -116.568 -102.418
2851 -119.568 -100.988
2852 -114.568 -97.7181
2853 -123.568 -108.148
2854 -120.568 -100.638
2855 -116.568 -106.368
2856 -120.568 -100.018
2857 -117.568 -96.6281
2858 -115.568 -107.478
2859 -112.568 -108.528
2860 -112.568 -107.978
2861 -114.568 -97.4581
2862 -117.568 -101.738
2863 -113.568 -100.198
2864 -115.568 -105.258
2865 -113.568 -103.658
2866 -114.568 -106.288
2867 -121.568 -104.278
2868 -121.568 -105.888
2869 -123.568 -107.758
2870 -122.568 -106.938
2871 -121.568 -103.668
2872 -122.568 -101.578
2873 -108.568 -107.078
2874 -112.568 -105.088
2875 -114.568 -103.248
2876 -119.568 -104.208
2877 -123.568 -107.448
2878 -112.568 -106.528
2879 -118.568 -105.098
2880 -108.568 -101.538
2881 -118.568 -102.748
2882 -123.568 -106.648
2883 -111.568 -96.5681
2884 -112.568 -106.698
2885 -113.568 -97.7881
2886 -118.568 -104.228
2887 -120.568 -99.3581
2888 -117.568 -108.528
2889 -122.568 -102.118
2890 -109.568 -94.2881
2891 -114.568 -95.4481
2892 -107.568 -123.818
2893 -107.568 -116.938
2894 -98.5681 -112.358
2895 -108.568 -123.228
2896 -98.5681 -112.828
2897 -108.568 -110.738
2898 -106.568 -117.728
2899 -103.568 -109.398
2900 -101.568 -119.068
2901 -99.5681 -115.618
2902 -96.5681 -110.868
2903 -98.5681 -116.788
2904 -106.568 -114.578
2905 -105.568 -111.958
2906 -95.5681 -115.538
2907 -108.568 -109.508
2908 -93.5681 -110.378
2909 -105.568 -116.138
2910 -96.5681 -109.238
2911 -105.568 -111.028
2912 -94.5681 -109.318
2913 -93.5681 -111.208
2914 -101.568 -119.408
2915 -101.568 -119.028
2916 -94.5681 -108.658
2917 -108.568 -109.788
2918 -101.568 -121.388
2919 -108.568 -120.338
2920 -105.568 -108.728
2921 -95.5681 -109.698
2922 -95.5681 -113.818
2923 -93.5681 -109.488
2924 -94.5681 -114.478
2925 -103.568 -117.268
2926 -102.568 -112.808
2927 -108.568 -120.608
2928 -96.5681 -116.878
2929 -103.568 -121.518
2930 -105.568 -116.248
2931 -106.568 -112.098
2932 -95.5681 -113.068
2933 -97.5681 -117.768
2934 -96.5681 -115.808
2935 -94.5681 -108.728
2936 -108.568 -110.758
2937 -107.568 -117.658
2938 -100.568 -120.968
2939 -98.5681 -113.588
2940 -105.568 -112.078
2941 -108.568 -108.988
2942 -100.568 -109.968
2943 -94.5681 -109.368
2944 -93.5681 -110.758
2945 -101.568 -109.468
2946 -108.568 -121.298
2947 -105.568 -111.738
2948 -97.5681 -117.788
2949 -106.568 -113.128
2950 -98.5681 -114.968
2951 -100.568 -119.468
2952 -97.5681 -116.618
2953 -100.568 -111.638
2954 -99.5681 -120.108
2955 -99.5681 -109.378
2956 -107.568 -110.898
2957 -101.568 -120.418
2958 -99.5681 -115.298
2959 -95.5681 -111.048
2960 -99.5681 -115.538
2961 -98.5681 -119.378
2962 -94.5681 -114.418
2963 -102.568 -114.508
2964 -97.5681 -108.968
2965 -106.568 -116.628
2966 -100.568 -120.348
2967 -108.568 -118.998
2968 -105.568 -112.568
2969 -102.568 -115.888
2970 -98.5681 -113.678
2971 -99.5681 -112.208
2972 -100.568 -120.448
2973 -103.568 -112.778
2974 -102.568 -109.278
2975 -99.5681 -110.118
2976 -100.568 -116.198
2977 -100.568 -115.948
2978 -108.568 -118.468
2979 -108.568 -121.648
2980 -101.568 -115.948
2981 -106.568 -112.718
2982 -96.5681 -109.708
2983 -105.568 -108.598
2984 -97.5681 -116.698
2985 -96.5681 -112.298
2986 -99.5681 -109.578
2987 -107.568 -115.298
2988 -102.568 -109.478
2989 -105.568 -114.608
2990 -98.5681 -111.248
2991 -97.5681 -117.388
2992 -108.568 -121.078
2993 -100.568 -120.888
2994 -107.568 -116.658
2995 -96.5681 -114.808
2996 -97.5681 -113.628
2997 -100.568 -120.728
2998 -107.568 -122.118
2999 -101.568 -121.968
3000 -104.568 -117.158
3001 -107.568 -121.018
3002 -99.5681 -110.118
3003 -93.5681 -111.118
3004 -98.5681 -109.228
3005 -97.5681 -114.688
3006 -94.5681 -110.308
3007 -102.568 -123.268
3008 -99.5681 -114.748
3009 -93.5681 -110.748
3010 -101.568 -118.518
3011 -105.568 -112.838
3012 -98.5681 -113.958
3013 -97.5681 -113.838
3014 -102.568 -123.228
3015 -101.568 -118.188
3016 -102.568 -111.408
3017 -100.568 -115.478
3018 -97.5681 -117.878
3019 -94.5681 -113.978
3020 -99.5681 -113.658
3021 -99.5681 -112.918
3022 -93.5681 -110.078
3023 -102.568 -117.168
3024 -94.5681 -114.698
3025 -106.568 -110.538
3026 -108.568 -111.818
3027 -100.568 -109.188
3028 -108.568 -112.278
3029 -103.568 -112.148
3030 -102.568 -112.688
3031 -107.568 -123.248
3032 -103.568 -121.418
3033 -97.5681 -116.968
3034 -108.568 -109.618
3035 -102.568 -114.218
3036 -106.568 -114.958
3037 -108.568 -113.058
3038 -93.5681 -110.668
3039 -99.5681 -116.178
3040 -97.5681 -115.958
3041 -106.568 -115.408
3042 -107.568 -122.438
3043 -102.568 -120.378
3044 -94.5681 -108.968
3045 -100.568 -113.568
3046 -100.568 -113.738
3047 -108.568 -115.578
3048 -106.568 -120.358
3049 -94.5681 -113.748
3050 -104.568 -112.848
3051 -97.5681 -114.068
3052 -105.568 -110.438
3053 -101.568 -108.668
3054 -106.568 -114.168
3055 -93.5681 -110.298
3056 -96.5681 -108.908
3057 -99.5681 -113.738
3058 -95.5681 -115.128
3059 -94.5681 -110.918
3060 -96.5681 -117.988
3061 -108.568 -121.088
3062 -93.5681 -111.128
3063 -106.568 -110.178
3064 -96.5681 -110.568
3065 -111.568 -110.288
3066 -112.568 -108.708
3067 -115.568 -120.558
3068 -118.568 -117.828
3069 -118.568 -115.088
3070 -123.568 -108.898
3071 -117.568 -117.478
3072 -119.568 -116.918
3073 -116.568 -120.488
3074 -111.568 -117.148
3075 -112.568 -114.478
3076 -121.568 -109.728
3077 -111.568 -112.168
3078 -112.568 -117.058
3079 -122.568 -114.688
3080 -113.568 -118.098
3081 -109.568 -119.858
3082 -108.568 -115.688
3083 -109.568 -109.308
3084 -114.568 -113.478
3085 -114.568 -109.378
3086 -112.568 -119.118
3087 -108.568 -118.008
3088 -110.568 -122.888
3089 -116.568 -118.898
3090 -123.568 -110.248
3091 -112.568 -114.008
3092 -108.568 -109.768
3093 -116.568 -117.178
3094 -121.568 -114.868
3095 -113.568 -109.278
3096 -116.568 -109.668
3097 -120.568 -112.648
3098 -122.568 -113.378
3099 -110.568 -121.738
3100 -116.568 -110.688
3101 -118.568 -116.058
3102 -115.568 -119.318
3103 -121.568 -108.668
3104 -111.568 -118.418
3105 -123.568 -110.068
3106 -110.568 -124.288
3107 -122.568 -109.468
3108 -120.568 -113.598
3109 -115.568 -117.218
3110 -121.568 -108.858
3111 -120.568 -115.258
3112 -111.568 -110.978
3113 -121.568 -113.228
3114 -114.568 -110.678
3115 -115.568 -122.558
3116 -115.568 -121.938
3117 -120.568 -117.998
3118 -120.568 -112.018
3119 -117.568 -111.768
3120 -122.568 -109.568
3121 -110.568 -115.448
3122 -120.568 -110.258
3123 -111.568 -110.248
3124 -116.568 -115.908
3125 -110.568 -112.138
3126 -115.568 -114.308
3127 -119.568 -119.118
3128 -115.568 -112.648
3129 -121.568 -110.468
3130 -116.568 -109.648
3131 -121.568 -109.038
3132 -113.568 -122.458
3133 -122.568 -111.668
3134 -110.568 -119.038
3135 -110.568 -120.248
3136 -108.568 -112.608
3137 -109.568 -121.808
3138 -113.568 -115.448
3139 -113.568 -119.538
3140 -122.568 -114.878
3141 -111.568 -112.948
3142 -113.568 -112.428
3143 -109.568 -118.778
3144 -114.568 -110.228
3145 -119.568 -117.748
3146 -110.568 -110.088
3147 -122.568 -111.798
3148 -109.568 -109.168
3149 -117.568 -121.358
3150 -112.568 -118.238
3151 -111.568 -118.648
3152 -108.568 -112.128
3153 -108.568 -122.538
3154 -116.568 -117.858
3155 -111.568 -119.758
3156 -120.568 -115.108
3157 -121.568 -108.748
3158 -112.568 -118.588
3159 -123.568 -110.948
3160 -120.568 -112.108
3161 -117.568 -116.028
3162 -110.568 -111.838
3163 -113.568 -115.558
3164 -111.568 -110.118
3165 -114.568 -113.038
3166 -118.568 -116.338
3167 -119.568 -114.028
3168 -122.568 -109.008
3169 -108.568 -114.868
3170 -109.568 -111.478
3171 -121.568 -111.428
3172 -117.568 -115.668
3173 -108.568 -114.458
3174 -116.568 -112.038
3175 -115.568 -115.888
3176 -117.568 -109.448
3177 -110.568 -116.678
3178 -115.568 -110.568
3179 -122.568 -113.638
3180 -115.568 -111.488
3181 -110.568 -117.858
3182 -121.568 -112.228
3183 -120.568 -110.118
3184 -118.568 -110.288
3185 -110.568 -111.398
3186 -123.568 -109.478
3187 -117.568 -117.688
3188 -118.568 -116.338
3189 -113.568 -118.748
3190 -116.568 -109.888
3191 -115.568 -115.378
3192 -121.568 -115.378
3193 -120.568 -115.968
3194 -109.568 -117.628
3195 -123.568 -109.448
3196 -122.568 -111.108
3197 -118.568 -114.768
3198 -108.568 -118.548
3199 -115.568 -117.388
3200 -110.568 -123.218
3201 -113.568 -121.418
3202 -117.568 -110.958
3203 -117.568 -117.198
3204 -116.568 -119.108
3205 -113.568 -111.538
3206 -118.568 -111.408
3207 -110.568 -123.678
3208 -114.568 -110.798
3209 -120.568 -116.558
3210 -117.568 -111.078
3211 -108.568 -119.848
3212 -121.568 -112.668
3213 -112.568 -111.858
3214 -108.568 -113.318
3215 -115.568 -115.868
3216 -113.568 -116.858
3217 -111.568 -117.588
3218 -120.568 -117.728
3219 -109.568 -111.968
3220 -118.568 -118.548
3221 -113.568 -111.168
3222 -111.568 -111.728
3223 -120.568 -112.578
3224 -115.568 -110.328
3225 -108.568 -123.768
3226 -111.568 -116.488
3227 -116.568 -109.458
3228 -118.568 -120.048
3229 -122.568 -114.708
3230 -116.568 -113.388
3231 -120.568 -109.258
3232 -111.568 -116.678
3233 -119.568 -118.918
3234 -119.568 -117.928
3235 -111.568 -116.578
3236 -110.568 -119.698
3237 -118.568 -117.258
