%%index real_part   imaginary_part
2222 2222 2222
1 2.4 9.67
2 22.63 17.13
3 13.29 10.55
4 6.07 2.83
5 23.32 13.13
6 18.95 19.9
7 13.15 3.34
8 17.84 3.53
9 14.45 6.27
10 21.07 18.62
11 19.46 16.65
12 10.05 22.71
13 14.88 16.18
14 5.53 10.09
15 18 24.08
16 8.75 9.14
17 14.8 20.41
18 19.48 6.38
19 22.73 3.09
20 4.74 0.55
21 20.45 21.05
22 24.4 12.22
23 15.75 22.12
24 3.4 17.24
25 24.38 5.2
26 10.38 24.47
27 10.71 7.36
28 23.55 8.95
29 19.05 0.59
30 13.19 17.6
31 15.26 0.57
32 20.98 10.46
33 5.36 5.06
34 8.15 15.46
35 4.53 3.1
36 24.15 12.9
37 13.64 13.5
38 10.63 23.55
39 4.32 4.39
40 23.11 2.55
41 15.54 17.22
42 24.59 22.01
43 5.97 1.25
44 15.37 11.66
45 4.26 0.02
46 0.59 3.56
47 14.03 19.52
48 13.11 10.1
49 14.08 19.39
50 11.01 21.26
51 22.68 7.14
52 20.64 10.17
53 22.24 11.32
54 4.23 19.79
55 10.86 1.56
56 18.79 15.87
57 12.88 1.41
58 2.66 6.9
59 18.56 18.85
60 7.39 6.55
61 10.12 11.34
62 19.38 7.99
63 6.61 12.67
64 20.58 7.49
65 17.28 20.69
66 16.35 6.6
67 5.29 3.48
68 3.33 0.52
69 20.31 2.53
70 4.1 7.56
71 23.43 19.7
72 21.11 11.41
73 6.83 24.84
74 18.69 12.29
75 18.85 13.91
76 13.77 1.09
77 22.6 17.49
78 5.16 8.15
79 4.17 17.73
80 1.94 14.26
81 20.86 9.97
82 13.45 18.3
83 18.82 1.15
84 3.69 5.3
85 12.87 2.65
86 22.35 21.31
87 21.24 24.82
88 24.66 6.98
89 19.28 16.59
90 5.5 6.88
91 21.49 13.13
92 5.62 19.27
93 15.94 19.09
94 0.34 24.3
95 13.56 20.11
96 18.6 2.28
97 20.58 9.43
98 24.1 7.06
99 12.36 14.4
100 5.58 16.31
101 1.14 13.75
102 2.1 2.93
103 9.92 22.38
104 13.97 15.28
105 22.16 17.72
106 5.85 7.99
107 2.26 7.17
108 14.78 24.99
109 24.29 18.21
110 1.84 15.12
111 17.41 1.37
112 10.8 20.45
113 16.03 12.99
114 15.92 23.43
115 14.74 16.91
116 19.19 21.5
117 12.95 15.89
118 1.79 21.29
119 0.09 11.39
120 4.11 4.29
121 12.28 10.78
122 17.95 23.48
123 23.47 3.07
124 21.28 7.74
125 22.86 11.28
126 12.66 11.64
127 20.61 15.27
128 16.79 11.98
129 23.93 0.16
130 17.08 7.71
131 17.73 13.68
132 18.09 24.79
133 9.6 5.68
134 17.08 8.4
135 12.69 9.69
136 20.47 9.71
137 8.2 13.5
138 16.57 1.95
139 9.69 20.19
140 20 1.37
141 13.01 21.07
142 11.35 7.66
143 8.16 22.15
144 22.31 16.66
145 12.89 7.1
146 9.3 2.91
147 2.7 5.62
148 24.82 2.39
149 24.31 0.82
150 10.52 5.42
151 15.14 0.53
152 14.03 19.51
153 21.46 11.86
154 7.05 5.6
155 6.97 19.67
156 15.75 15.57
157 23.23 8.5
158 5.65 15.62
159 7.28 19.92
160 2.02 2.97
161 19.4 20.17
162 14.31 11.32
163 2.23 10.63
164 11.45 14.13
165 19.56 15.06
166 15.59 21.97
167 5.01 23.22
168 10.08 4.62
169 10.22 14.99
170 9.67 5.65
171 21.23 5.71
172 14.22 13.94
173 4.56 7.98
174 2.9 19.87
175 11.36 0.36
176 20.53 18.44
177 18.28 5.77
178 16.4 23.36
179 12.49 20.51
180 24.1 2.85
181 13.35 7.05
182 5.27 14.69
183 19.32 18.36
184 8.35 3.87
185 9.53 18.06
186 12.3 6.54
187 20.48 19.28
188 2.26 1.52
189 21.39 13.56
190 13.92 18.69
191 12.13 21.28
192 2.05 22.97
193 21.33 5.42
194 14.45 6.97
195 23.34 8.83
196 4.4 2.07
197 16.77 11.69
198 18.57 23.2
199 2.07 24.61
200 6.19 1.93
201 21.99 11.6
202 5.88 18.49
203 20.01 17.48
204 6.04 21.67
205 15.36 4.93
206 1.21 8.49
207 6.46 16.01
208 9.95 16.78
209 12.27 2.8
210 0.15 12.93
211 15 10.61
212 22.31 18.07
213 16.27 20.29
214 19.9 4.4
215 19.85 18.35
216 18.47 1.1
217 8.11 16.85
218 22.85 12.88
219 9.55 3.13
220 21.58 3.89
221 0.9 13.43
222 4.44 11.31
223 3.09 7.37
224 23.69 2.92
225 15.85 15.36
226 14.49 12.36
227 5.43 19.37
228 14.67 0.32
229 4.73 10.23
230 3.58 23.09
231 12.71 24.58
232 16.43 10.57
233 23.45 20.83
234 12.48 14.28
235 6.7 21.52
236 9.95 9.06
237 20.37 21.12
238 3.49 2.92
239 19.36 11.98
240 15.86 15.7
241 3.06 23.73
242 18.1 5.35
243 5.68 22.02
244 7.25 21.29
245 19.39 23.93
246 23.51 24.35
247 9.92 7.1
248 16.45 3.47
249 6.27 8.38
250 18.42 3.93
251 1.51 1.49
252 22.62 3.38
253 19.82 10.4
254 22.38 1.11
255 5.34 14.18
256 12.91 1.76
257 7.12 21.92
258 18.94 19.53
259 15.83 1.32
260 0.25 1.19
261 14.06 23.74
262 19.36 23.76
263 15.75 23.99
264 20.89 10.82
265 3.27 22.03
266 23.52 14.31
267 6.21 4.79
268 3.71 21.14
269 10.78 14.55
270 3.73 1.1
271 2.86 16.12
272 13.04 5.16
273 24.7 23.5
274 24.82 6.99
275 21.7 4.05
276 2.79 13.59
277 0.88 10.77
278 23.28 10.67
279 10.01 16.63
280 13.66 7.69
281 22 13.29
282 6.6 12.19
283 21.85 16.74
284 6.29 10.31
285 24.93 7.63
286 23.75 23.55
287 3.71 16.32
288 14.82 0.32
289 20.83 16.93
290 9.5 3.17
291 16.76 6.05
292 5.34 12.29
293 11.49 17.64
294 9.28 3.62
295 11.31 21.5
296 23.31 11.46
297 12.17 21.84
298 13.58 4.91
299 3.75 9.03
300 16.66 8.39
301 6.94 3.68
302 20 3.94
303 17.78 -24.18
304 4.63 -23.35
305 1.52 -13.61
306 19.66 -14.14
307 14.95 -6.8
308 12.97 -0.01
309 17.15 -1.44
310 11.47 -10.77
311 22.23 -16.99
312 13.83 -9.78
313 3.22 -9.41
314 18.44 -15.93
315 12.84 -6.97
316 24.17 -23.62
317 16.08 -8.31
318 7.49 -7.7
319 19.57 -8.86
320 10.99 -12.12
321 14.78 -21.09
322 16.41 -19.18
323 19.19 -4.74
324 19.7 -4.38
325 15.15 -24.86
326 16.85 -6.17
327 15.96 -0.91
328 10.32 -19.2
329 23.65 -19.18
330 14.67 -17.28
331 4.42 -11.5
332 19.81 -13.84
333 10.06 -20.51
334 17.89 -2.3
335 2.94 -4.63
336 14.24 -3.89
337 23.07 -17.73
338 10.99 -5.66
339 23.56 -5.78
340 19.16 -5.69
341 11.87 -2.24
342 3.15 -11.02
343 18.74 -16.35
344 10.53 -1.99
345 19.27 -17.4
346 3.9 -13.72
347 16.08 -12.21
348 7.72 -23.71
349 14.53 -1.15
350 19.3 -14.14
351 18.03 -5.99
352 23.72 -8.55
353 2.73 -4.62
354 23.92 -23.23
355 3.93 -14.81
356 17.05 -18.08
357 4.1 -4.32
358 20.67 -20.2
359 10.71 -22.85
360 15.25 -19.72
361 8.44 -18.5
362 5.72 -7.67
363 6.38 -13.04
364 14.19 -13.44
365 16.1 -20.91
366 1.9 -22.02
367 5.57 -9.13
368 2.27 -14.15
369 0.9 -21.82
370 11.63 -1.19
371 19.28 -18.35
372 22.67 -3.69
373 12.41 -11.9
374 23.27 -6.86
375 1.58 -23.13
376 16.63 -2.04
377 9.71 -23.54
378 11.59 -22.35
379 24.32 -4.61
380 14.04 -14.3
381 11.32 -15.42
382 13.08 -4.47
383 7.14 -5.41
384 15.75 -3.87
385 5.07 -8.04
386 1.4 -2.39
387 6.08 -12.87
388 13.29 -24.07
389 5.94 -7.01
390 18.66 -11.57
391 2.13 -21.04
392 8.11 -10.3
393 21.17 -0.37
394 4.98 -19.7
395 22.52 -9.01
396 12.96 -19.03
397 12.02 -22.37
398 16.3 -1.04
399 18.43 -19.16
400 2.2 -7.06
401 9.45 -12.02
402 24.89 -3.6
403 16.2 -4.05
404 24.58 -1.71
405 1.8 -10.66
406 6.7 -18.25
407 17.07 -3.93
408 17.82 -14.81
409 23.03 -1.76
410 10.78 -22.81
411 5.36 -9.08
412 19.97 -23.74
413 13.3 -17.38
414 11.54 -11.27
415 6.85 -6.73
416 7.28 -13.74
417 5.87 -4.82
418 22.39 -20.69
419 22.4 -22.07
420 7.73 -21.98
421 15.23 -24.2
422 16.66 -2.95
423 6.29 -20.82
424 22.58 -9.48
425 20.81 -17.84
426 15.44 -21.88
427 20.62 -14.69
428 7.07 -10.41
429 10.21 -22.44
430 17.7 -7.13
431 9.4 -17.06
432 10.41 -24.98
433 20.67 -15.27
434 0.86 -7.8
435 4.78 -6.6
436 5.8 -22.11
437 13.58 -8.53
438 4.35 -10.98
439 20.47 -19.87
440 1.24 -15.46
441 12.34 -4.8
442 19.5 -16.68
443 2.1 -21.49
444 18.93 -15.09
445 22.23 -12.31
446 17.89 -0.15
447 0.13 -6.63
448 10.42 -3.3
449 11.11 -9.33
450 15.93 -24.8
451 21.91 -4.41
452 1.47 -10.25
453 21.24 -10.49
454 18.89 -5.82
455 9.8 -5.23
456 23.55 -20.13
457 11.81 -22.15
458 18.64 -18.05
459 8.15 -2.43
460 3.26 -1.09
461 1.25 -18.9
462 14.05 -9.68
463 12.98 -14.9
464 24.23 -12.99
465 12.79 -12.61
466 5.55 -3.68
467 2.46 -9.7
468 8.71 -7.02
469 1.36 -12.22
470 17.45 -16.12
471 24.77 -11.17
472 8.32 -4.52
473 11.1 -11.59
474 2.54 -15.48
475 16.57 -7.77
476 1.67 -19.33
477 4.01 -17.82
478 7.73 -4.24
479 17.23 -5.51
480 6.65 -20.48
481 24.17 -5.02
482 3.24 -12.2
483 19.22 -1.63
484 13.85 -11.95
485 16.6 -9.1
486 20.27 -19.82
487 12.86 -16.37
488 16.48 -17.11
489 7.59 -23.96
490 6.73 -19.03
491 1.88 -24.17
492 5.51 -8.4
493 12.64 -5.89
494 11.4 -1.76
495 22.25 -4.87
496 23.41 -18.05
497 18.77 -21.42
498 11.57 -1.65
499 2.13 -1.51
500 10.62 -13.94
501 22.28 -18.73
502 10.1 -5.89
503 11.53 -10.14
504 9.11 -15.11
505 9.14 -19.12
506 6.81 -15.84
507 12.77 -11.02
508 5.43 -0.85
509 2.61 -0.41
510 18.81 -16.83
511 23.41 -24.86
512 9.8 -17.22
513 7.4 -17.18
514 7.22 -21.37
515 23.83 -9.53
516 16.78 -17.84
517 12.25 -21.11
518 6.26 -1.88
519 5.51 -23.78
520 6.43 -15.37
521 6.21 -14.65
522 14.19 -13.24
523 2.61 -7.5
524 7.92 -8.14
525 13.5 -5.23
526 5.09 -15.25
527 20.99 -11.91
528 17.61 -3.42
529 13.31 -3.39
530 12.92 -13.35
531 6.19 -12.15
532 8.26 -4.7
533 20.11 -18.45
534 17.23 -3.04
535 6.93 -0.62
536 3.8 -23.66
537 0.43 -1.67
538 9.17 -6.51
539 14.66 -3.04
540 21.79 -5.61
541 20.86 -16.68
542 17.11 -1.89
543 18.83 -16.86
544 8.77 -9.72
545 23.08 -7.14
546 19.29 -10.22
547 3.44 -17.79
548 11.24 -16.08
549 7.64 -23.55
550 12.7 -17
551 4.18 -14.58
552 16.25 -5.02
553 0.05 -18.13
554 9.7 -0.42
555 6.04 -3.23
556 19.91 -6.49
557 21.9 -1.9
558 7.28 -12.02
559 10.27 -15.73
560 22.88 -16.06
561 1.28 -21.87
562 14.66 -5.69
563 10.29 -4.72
564 16.8 -14.43
565 19.95 -17.94
566 7.52 -18.02
567 11.56 -24.13
568 17.27 -23.77
569 24.19 -11.61
570 14.85 -15.49
571 21.98 -5.23
572 20.66 -23.28
573 10.31 -7.41
574 23.14 -16.46
575 21.04 -20.58
576 5.97 -9.54
577 15.24 -22.32
578 15.57 -20.63
579 23.58 -0.53
580 18.47 -20.89
581 13.91 -18.53
582 6.19 -0.99
583 13.28 -13.99
584 0.6 -23.46
585 2.47 -12.48
586 6.23 -3.97
587 2.26 -24.45
588 6.86 -15.41
589 6.88 -12.57
590 21.67 -18.53
591 3.07 -2.92
592 13.77 -2.64
593 11.79 -6.83
594 7.37 -17.86
595 13.75 -10.38
596 17.43 -14.36
597 3.88 -16.18
598 5.17 -23.62
599 10.6 -17.16
600 4.64 -19.29
601 23.27 -13.07
602 1.05 -24.4
603 14.81 -0.53
604 1.62 -21.43
605 -14.96 -10.21
606 -13.14 -23.29
607 -14.45 -18.04
608 -13.39 -15.43
609 -8.29 -14.76
610 -0.14 -20.76
611 -23.65 -10.56
612 -1.74 -6.1
613 -4.72 -2.53
614 -19.69 -20.43
615 -14.72 -15.33
616 -16.92 -12.86
617 -12.26 -1.51
618 -2.04 -17.97
619 -14.41 -15.59
620 -0.81 -3.66
621 -15.47 -17.89
622 -10.93 -2.47
623 -17.9 -4.92
624 -19.69 -12.85
625 -8.61 -14.71
626 -0.27 -8.35
627 -2.97 -20.78
628 -23.31 -15.53
629 -10.96 -7.7
630 -11.55 -18.01
631 -19.39 -14.2
632 -15.72 -3.47
633 -9.97 -6.65
634 -10.76 -6.28
635 -23.47 -12.9
636 -5.79 -11.57
637 -14.04 -13.94
638 -7.39 -5.25
639 -18.1 -20.46
640 -10.17 -15.6
641 -12.47 -15.23
642 -11.02 -10.44
643 -14.49 -15.45
644 -11.67 -9.33
645 -15.86 -13.97
646 -3.18 -23.22
647 -15.21 -10.25
648 -5.42 -7.42
649 -13.7 -13.7
650 -1.6 -16.19
651 -16.28 -12.17
652 -14.64 -7.4
653 -12.65 -18.85
654 -14.31 -22.03
655 -1.15 -19.27
656 -9.5 -24.49
657 -23.45 -13.62
658 -4.07 -20.52
659 -4.86 -12.95
660 -1.92 -15.74
661 -2.48 -9.24
662 -8.02 -5.1
663 -1.04 -17.7
664 -6.4 -13.44
665 -18.15 -3.27
666 -3.96 -21.53
667 -3.93 -9.44
668 -3.29 -18.6
669 -4.15 -5.1
670 -24.37 -6.12
671 -5.61 -5.3
672 -18.93 -8.87
673 -17.92 -4.07
674 -17.02 -11.52
675 -15.79 -11.3
676 -20.54 -7.46
677 -1.09 -18.27
678 -24.49 -3.56
679 -5.53 -2.13
680 -5.4 -19.42
681 -15.95 -12.2
682 -10.16 -22.89
683 -5.01 -8.4
684 -2.02 -1.97
685 -8.1 -9.17
686 -2.99 -1.39
687 -23.78 -13.71
688 -6.3 -10.44
689 -21.97 -5.22
690 -16.52 -11.84
691 -19.31 -1.28
692 -19.55 -0.59
693 -17.67 -20.4
694 -11.05 -7.57
695 -15.51 -23.2
696 -23.93 -4.98
697 -2.87 -6.46
698 -3.38 -9.09
699 -11.07 -7.88
700 -5.57 -5.4
701 -20.31 -19.17
702 -21.4 -8.57
703 -19.01 -7.61
704 -12.84 -2.71
705 -14.55 -4.5
706 -5.78 -4.36
707 -18.47 -22.38
708 -17.78 -13.86
709 -9.95 -11.15
710 -22.87 -3.84
711 -22.34 -0.46
712 -20.44 -21.8
713 -19.42 -0.21
714 -21.61 -23.82
715 -17.74 -5.49
716 -13.18 -2.19
717 -10.76 -1.57
718 -9.18 -9.58
719 -0.81 -4.77
720 -22.8 -22.02
721 -14.91 -15.37
722 -1.27 -17.1
723 -5.96 -8.38
724 -8.05 -7.58
725 -24.94 -15.91
726 -4.89 -5.93
727 -16.25 -22.28
728 -22.49 -0.33
729 -12.67 -10.67
730 -4.68 -19.1
731 -21.29 -18.93
732 -20.5 -17.86
733 -2.45 -20.57
734 -13.87 -4.69
735 -15.23 -3.26
736 -7.15 -11.67
737 -3.77 -18.66
738 -15.57 -21.95
739 -4.53 -23.26
740 -2.69 -23.62
741 -18.07 -4.47
742 -1.75 -7.59
743 -21.44 -9.33
744 -8.52 -12.76
745 -6.86 -9.12
746 -16.57 -13.21
747 -6.07 -16.68
748 -12.25 -12.08
749 -5.29 -22.04
750 -13.83 -1.12
751 -1.31 -20.52
752 -14.19 -9.5
753 -6.45 -18.61
754 -16.87 -4.76
755 -16.9 -24.5
756 -3.97 -19.56
757 -15.67 -9.98
758 -19.31 -19.24
759 -7 -12.12
760 -9.76 -16.35
761 -4.56 -2.39
762 -19.07 -1.33
763 -13.41 -24.16
764 -9.72 -19.84
765 -9.49 -7.22
766 -2.75 -12.07
767 -21.58 -10.8
768 -4.41 -5.46
769 -23.74 -16.55
770 -16.06 -9.8
771 -4.37 -15.64
772 -14.14 -8.55
773 -2.8 -20.04
774 -20.68 -21.97
775 -13.33 -9.8
776 -12.19 -5.44
777 -6.78 -17.89
778 -5.57 -19.78
779 -14.63 -8.71
780 -15.94 -15.3
781 -2.37 -12.64
782 -23.44 -7.21
783 -1.19 -23.95
784 -4.03 -16.38
785 -1.18 -13.45
786 -17.61 -8.61
787 -17.16 -19.07
788 -2.64 -6.76
789 -3.73 -19.96
790 -18.29 -23.32
791 -3.77 -17.06
792 -23.48 -19
793 -13.79 -24.07
794 -21.3 -4.05
795 -19.35 -3.42
796 -4.58 -0.76
797 -21.49 -10.25
798 -22.72 -3.02
799 -7.92 -22.68
800 -11.13 -1.75
801 -10.36 -22.63
802 -5.22 -3.75
803 -10.51 -16.05
804 -24.53 -7.86
805 -6.19 -2.76
806 -8.35 -17.82
807 -11.83 -23.48
808 -11.07 -6.83
809 -24.4 -14.14
810 -6.08 -7.37
811 -8.14 -7.28
812 -17.53 -10.66
813 -2.2 -4.63
814 -15.84 -15.25
815 -17.01 -10.13
816 -21.28 -15.49
817 -19.24 -15.89
818 -20.46 -1.5
819 -22.89 -18.27
820 -9.56 -20
821 -1.34 -17.6
822 -16.08 -17.91
823 -24.74 -1.69
824 -15.83 -15.67
825 -23.04 -12.66
826 -19.94 -10.43
827 -21.09 -19.7
828 -12.86 -12.47
829 -2.73 -23.3
830 -21.95 -17.22
831 -7.71 -8.26
832 -12.67 -18.23
833 -8.25 -1.96
834 -8.75 -8.14
835 -16.66 -6.14
836 -23.74 -18.31
837 -11.22 -6.52
838 -21.74 -3.34
839 -19.01 -24.48
840 -12.15 -1.09
841 -11.53 -5.58
842 -13.8 -20.61
843 -8.09 -7.62
844 -19.44 -15.18
845 -7.4 -10.82
846 -7.6 -16.39
847 -23.14 -15.12
848 -5.6 -20.27
849 -16.93 -6.4
850 -1.06 -2.87
851 -21.19 -22.11
852 -17.16 -13.33
853 -16.67 -20.93
854 -8.94 -13.9
855 -3.51 -24.21
856 -18.31 -9.61
857 -5.22 -15.04
858 -11.19 -7.11
859 -22.3 -13.31
860 -12.65 -19.15
861 -10.55 -18.22
862 -8.34 -8.77
863 -4.05 -8.69
864 -3.61 -2.46
865 -5.34 -9.5
866 -20.14 -4.68
867 -18.01 -15.05
868 -24.5 -12.3
869 -14.72 -23.2
870 -22.41 -8.44
871 -6.57 -18.23
872 -21.8 -4.24
873 -11.36 -11.8
874 -13.63 -21.51
875 -15.66 -22.18
876 -15.4 -14.81
877 -23.58 -14.73
878 -23.43 -12.27
879 -14.73 -16.15
880 -14.18 -2.04
881 -20.24 -8.59
882 -23.64 -9.32
883 -21.62 -13.25
884 -24.98 -23.15
885 -20.11 -11.34
886 -18.09 -10.91
887 -15.16 -1.69
888 -2.01 -14.89
889 -24.92 -15.04
890 -12.22 -15.64
891 -5.45 -15.59
892 -5.32 -16.14
893 -16.93 -17.56
894 -8.71 -17.27
895 -7.84 -6.67
896 -3.78 -22.89
897 -20.73 -3.08
898 -4.86 -15.95
899 -2.62 -17.35
900 -17.21 -4.84
901 -15.75 -22.73
902 -12.94 -10.31
903 -13.72 -5.91
904 -20.95 -14.95
905 -19.12 -13.65
906 -17.76 -21.69
907 -1.36 -13.09
908 -5.65 11.6
909 -3.88 18.29
910 -13.48 2.89
911 -14.3 0.24
912 -3.32 17.27
913 -8.22 10.04
914 -2.39 21.7
915 -1.54 10.84
916 -22.09 8.13
917 -6.96 5.82
918 -11.73 10.04
919 -13.51 20.68
920 -22.85 21.21
921 -6.42 7.63
922 -9.25 4.13
923 -15.74 7.78
924 -1.08 14.9
925 -6.31 8.14
926 -8.38 14.56
927 -20.35 20.62
928 -19.18 0.22
929 -21.93 3.57
930 -2.93 10.09
931 -18.22 11.99
932 -17.81 0.03
933 -23.59 0.18
934 -9.39 18.07
935 -14.28 12.1
936 -8.26 7.24
937 -11.38 9.22
938 -17.01 6.03
939 -9.45 2.12
940 -23.78 18.09
941 -21.17 15.77
942 -24.91 7.16
943 -20.9 16.53
944 -8.62 19.09
945 -4.18 6.35
946 -18.35 11.56
947 -0.11 10.93
948 -11.11 24.68
949 -17.75 23.7
950 -24.32 20.5
951 -16.27 20.55
952 -4.78 21.1
953 -2.13 2.65
954 -18.29 21.79
955 -3.4 11.59
956 -2.36 5.59
957 -1.27 13.09
958 -4.62 15.79
959 -9.88 22.17
960 -17.05 1.77
961 -13.33 2.58
962 -13.51 10.4
963 -10.08 13.44
964 -0.66 13.15
965 -22.17 16.36
966 -11.91 24.98
967 -21.09 13.44
968 -4.61 16.69
969 -2 11.74
970 -23.33 11.42
971 -17.01 18.92
972 -7.02 14.21
973 -5 18.28
974 -3.98 0.16
975 -1.93 3.4
976 -5.99 21.03
977 -19.95 3.78
978 -5.74 8.02
979 -21.17 18.55
980 -9.91 6.4
981 -6.39 6.87
982 -20.31 10.35
983 -15.56 16
984 -2.74 24.93
985 -24.87 17.57
986 -11.49 14.6
987 -3.81 16.89
988 -23.69 7.03
989 -7.2 22.34
990 -14.26 16.19
991 -12.22 9.13
992 -1.44 20.25
993 -16.8 7.17
994 -14.25 7.18
995 -13.59 1.49
996 -8.36 24.16
997 -9.51 8.5
998 -24.5 3.68
999 -17.13 0.08
1000 -6.17 15.76
1001 -5.36 5.52
1002 -22.41 6.18
1003 -13.22 22.7
1004 -20.04 9.63
1005 -0.82 20.42
1006 -18.07 9.3
1007 -18.08 1.57
1008 -22.26 19.51
1009 -1.7 23.4
1010 -24.89 11.51
1011 -10.68 15.29
1012 -12.31 21.78
1013 -13.98 8.71
1014 -22.31 11.81
1015 -16.09 19.63
1016 -0.15 3.48
1017 -9.67 9.98
1018 -7.68 22.57
1019 -20.72 11.41
1020 -6.83 16.24
1021 -14.06 21.54
1022 -23.11 24.9
1023 -7.94 20.66
1024 -19.06 20.38
1025 -6.89 9.64
1026 -13.45 7.48
1027 -17.78 6.09
1028 -3.33 14.28
1029 -14.61 6.76
1030 -1.39 0.64
1031 -17.65 5.7
1032 -15.68 1.54
1033 -12.63 15.84
1034 -2.25 11.88
1035 -3.12 21.87
1036 -18.42 22.6
1037 -11.02 5.71
1038 -1.37 5.05
1039 -13.95 18.96
1040 -17.12 8.96
1041 -4.96 9.37
1042 -3.98 19.09
1043 -8.37 22.74
1044 -18.02 7.31
1045 -21.48 22.98
1046 -3.69 19.41
1047 -9.47 2.65
1048 -18.49 7.89
1049 -19.78 10.63
1050 -7.5 9.26
1051 -20.38 11.42
1052 -17.13 14.44
1053 -8.02 6.4
1054 -0.37 18.51
1055 -15.99 21.97
1056 -6.34 6.01
1057 -0.11 20.95
1058 -7.21 10.33
1059 -6.16 8.48
1060 -19.99 0.23
1061 -8.16 2.64
1062 -5.29 12.2
1063 -20.09 6.15
1064 -16.78 12.3
1065 -10.08 3.39
1066 -14.82 12.81
1067 -2.25 5.46
1068 -11.87 6.95
1069 -13.98 23.79
1070 -20.77 0.76
1071 -6.77 4.97
1072 -0.92 15.63
1073 -0.96 20.4
1074 -17.41 21.65
1075 -21.88 7.13
1076 -23.29 12.4
1077 -24.6 5.04
1078 -11.2 17.11
1079 -17.93 8.21
1080 -11.61 16.5
1081 -4.31 16.54
1082 -22 1.43
1083 -8.38 20.09
1084 -18.88 22.39
1085 -11.67 22.37
1086 -15.86 3.17
1087 -18.81 6.97
1088 -2.37 5.31
1089 -1.96 8.29
1090 -3.94 19.78
1091 -20.7 23.85
1092 -17.41 2.24
1093 -7.87 20.3
1094 -17.04 17.13
1095 -8.64 0.8
1096 -17.34 3.65
1097 -5.08 1.47
1098 -10.08 2.87
1099 -13.78 1.98
1100 -12.87 17.49
1101 -20.66 0.46
1102 -7.43 3.74
1103 -9.05 2.99
1104 -11.29 9.8
1105 -18.11 24.53
1106 -23.38 15.23
1107 -5.99 13.81
1108 -22.64 4.32
1109 -21.45 13.86
1110 -3.19 14.68
1111 -6.85 5.09
1112 -20.09 20.53
1113 -11.92 0.45
1114 -2.43 18.69
1115 -11.18 0.71
1116 -1.17 3.83
1117 -7.57 20.37
1118 -23.36 8.6
1119 -6.92 5.14
1120 -4.67 9.65
1121 -13.41 0.03
1122 -2.37 16.58
1123 -20.9 19.4
1124 -8.27 13.53
1125 -3.21 5.87
1126 -24.49 11.46
1127 -20.51 23.58
1128 -24.03 19.58
1129 -13.27 7.44
1130 -8.15 1.46
1131 -18.81 12.98
1132 -8.35 22.84
1133 -19.96 14.9
1134 -20.04 6.71
1135 -4.89 1.88
1136 -15.44 13.24
1137 -18.34 18.3
1138 -1.22 6.33
1139 -19.86 2.76
1140 -8.63 9.49
1141 -9.47 11.59
1142 -10.17 8.12
1143 -2.7 4.99
1144 -0.95 9.2
1145 -24.18 4.5
1146 -17.48 22.62
1147 -20.46 18
1148 -7.9 0.83
1149 -21.06 15.42
1150 -5.82 16.47
1151 -18.23 14.47
1152 -21.29 21.26
1153 -2.59 11.57
1154 -14.33 22.52
1155 -20.53 10.97
1156 -22.56 11.48
1157 -19.61 18.53
1158 -12.04 7.73
1159 -16.93 10.83
1160 -15.33 12.99
1161 -10.61 16.12
1162 -22.64 21.33
1163 -10.68 19.59
1164 -10.01 5.54
1165 -22.01 20.27
1166 -9.74 4.35
1167 -14.14 3.76
1168 -15.33 19.56
1169 -17.08 16.73
1170 -16.23 18.18
1171 -18.19 1.13
1172 -19.66 13.79
1173 -21.53 12.8
1174 -12.15 6.7
1175 -19.69 13.46
1176 -18.1 16.01
1177 -12.34 18.82
1178 -1.93 15.74
1179 -9.81 23.03
1180 -18.3 0.46
1181 -4.82 6.82
1182 -24.11 16.56
1183 -11.12 18.96
1184 -24.21 14.44
1185 -21.15 16.72
1186 -17.86 15.44
1187 -4.24 14.34
1188 -15.66 12.52
1189 -7.75 0.77
1190 -2.75 2.81
1191 -18.82 15.96
1192 -9.79 9.38
1193 -13.64 19.69
1194 -17.72 0.24
1195 -0.71 23.45
1196 -18.8 24.54
1197 -16.1 5.53
1198 -13.01 17.91
1199 -20.87 15.75
1200 -7.47 12.22
1201 -2.67 5.54
1202 -19.88 0.33
1203 -1.38 20.43
1204 -9.72 24.06
1205 -15.4 9.13
1206 -0.09 0.99
1207 -10.37 9.22
1208 -3.91 23.4
1209 -23.65 24.02
1210 -10.99 10.15
1211 -21.451 43.861
1212 -16.451 36.151
1213 -8.45096 28.041
1214 -15.451 37.091
1215 -19.451 40.091
1216 -17.451 44.851
1217 -22.451 44.231
1218 -20.451 45.561
1219 -25.451 25.881
1220 -24.451 29.951
1221 -23.451 33.711
1222 -11.451 30.901
1223 -6.45096 33.381
1224 -15.451 30.821
1225 -7.45096 29.431
1226 -17.451 27.691
1227 -11.451 41.871
1228 -3.45096 27.261
1229 -24.451 39.021
1230 -3.45096 27.051
1231 -4.45096 29.781
1232 -23.451 47.711
1233 -14.451 45.271
1234 -12.451 28.591
1235 -25.451 41.861
1236 -11.451 36.741
1237 -8.45096 42.001
1238 -1.45096 26.821
1239 -24.451 41.811
1240 -1.45096 30.911
1241 -16.451 48.291
1242 -5.45096 38.181
1243 -23.451 47.141
1244 -19.451 30.251
1245 -24.451 40.011
1246 -10.451 40.451
1247 -11.451 35.371
1248 -24.451 42.451
1249 -1.45096 30.611
1250 -11.451 25.961
1251 -17.451 31.751
1252 -19.451 47.221
1253 -12.451 27.521
1254 -9.45096 30.361
1255 -6.45096 29.851
1256 -13.451 45.231
1257 -25.451 42.041
1258 -21.451 32.491
1259 -21.451 41.071
1260 -16.451 35.521
1261 -7.45096 37.221
1262 -18.451 32.521
1263 -4.45096 33.311
1264 -15.451 45.931
1265 -23.451 25.711
1266 -1.45096 25.571
1267 -18.451 30.771
1268 -10.451 44.921
1269 -10.451 44.011
1270 -12.451 26.811
1271 -1.45096 27.721
1272 -9.45096 37.711
1273 -14.451 43.151
1274 -18.451 42.121
1275 -17.451 41.631
1276 -25.451 46.481
1277 -5.45096 25.791
1278 -14.451 31.621
1279 -5.45096 30.161
1280 -8.45096 43.201
1281 -1.45096 25.611
1282 -11.451 41.511
1283 -24.451 26.261
1284 -20.451 47.381
1285 -12.451 25.881
1286 -21.451 26.841
1287 -3.45096 26.401
1288 -8.45096 41.541
1289 -7.45096 32.441
1290 -22.451 48.481
1291 -8.45096 26.001
1292 -19.451 30.101
1293 -8.45096 28.141
1294 -16.451 26.071
1295 -8.45096 33.961
1296 -11.451 28.871
1297 -8.45096 42.741
1298 -25.451 48.131
1299 -15.451 42.511
1300 -12.451 38.451
1301 -24.451 35.871
1302 -9.45096 32.691
1303 -10.451 36.531
1304 -15.451 31.531
1305 -18.451 38.101
1306 -12.451 43.221
1307 -4.45096 34.661
1308 -8.45096 28.081
1309 -9.45096 36.211
1310 -23.451 39.801
1311 -23.451 48.121
1312 -23.451 26.911
1313 -2.45096 28.231
1314 -8.45096 36.551
1315 -14.451 43.251
1316 -12.451 30.341
1317 -25.451 39.991
1318 -10.451 26.101
1319 -12.451 37.951
1320 -25.451 34.671
1321 -9.45096 29.331
1322 -24.451 41.341
1323 -16.451 46.381
1324 -23.451 32.971
1325 -4.45096 37.261
1326 -12.451 38.931
1327 -25.451 29.621
1328 -3.45096 30.931
1329 -5.45096 39.111
1330 -14.451 36.281
1331 -4.45096 36.191
1332 -2.45096 28.181
1333 -20.451 30.831
1334 -12.451 31.401
1335 -9.45096 26.081
1336 -7.45096 32.541
1337 -22.451 27.661
1338 -25.451 49.101
1339 -10.451 43.471
1340 -8.45096 27.811
1341 -15.451 40.021
1342 -13.451 38.811
1343 -25.451 28.811
1344 -14.451 37.671
1345 -23.451 33.921
1346 -17.451 34.451
1347 -2.45096 25.761
1348 -1.45096 27.991
1349 -4.45096 34.571
1350 -1.45096 29.591
1351 -22.451 28.641
1352 -25.451 36.761
1353 -9.45096 40.701
1354 -2.45096 30.531
1355 -21.451 43.631
1356 -4.45096 29.601
1357 -25.451 46.301
1358 -24.451 44.471
1359 -4.45096 34.321
1360 -25.451 45.201
1361 -13.451 30.281
1362 -24.451 35.051
1363 -9.45096 35.471
1364 -9.45096 33.841
1365 -9.45096 28.611
1366 -19.451 33.911
1367 -13.451 44.261
1368 -20.451 31.731
1369 -16.451 48.231
1370 -12.451 29.831
1371 -4.45096 27.301
1372 -22.451 44.691
1373 -5.45096 37.011
1374 -24.451 43.891
1375 -4.45096 31.481
1376 -6.45096 34.281
1377 -12.451 32.921
1378 -5.45096 29.011
1379 -1.45096 29.071
1380 -4.45096 30.131
1381 -20.451 40.991
1382 -11.451 29.141
1383 -13.451 33.891
1384 -25.451 34.911
1385 -2.45096 28.831
1386 -15.451 40.161
1387 -2.45096 31.831
1388 -5.45096 35.911
1389 -5.45096 25.671
1390 -10.451 30.881
1391 -25.451 32.541
1392 -24.451 35.611
1393 -18.451 30.181
1394 -3.45096 29.031
1395 -13.451 25.651
1396 -24.451 33.621
1397 -1.45096 30.861
1398 -11.451 28.071
1399 -15.451 35.341
1400 -17.451 31.051
1401 -23.451 47.381
1402 -18.451 45.481
1403 -16.451 35.241
1404 -1.45096 29.761
1405 -24.451 25.841
1406 -1.45096 28.241
1407 -25.451 32.971
1408 -5.45096 28.541
1409 -25.451 39.641
1410 -7.45096 35.581
1411 -10.451 44.391
1412 -18.451 25.591
1413 -13.451 25.661
1414 -22.451 41.701
1415 -15.451 42.821
1416 -13.451 31.351
1417 -18.451 31.141
1418 -7.45096 35.631
1419 -24.451 48.871
1420 -1.45096 28.471
1421 -17.451 47.201
1422 -17.451 34.781
1423 -23.451 42.251
1424 -7.45096 29.501
1425 -25.451 48.081
1426 -7.45096 38.851
1427 -16.451 35.971
1428 -19.451 34.421
1429 -1.45096 26.801
1430 -1.45096 29.811
1431 -1.45096 29.561
1432 -24.451 32.511
1433 -17.451 41.641
1434 -25.451 27.791
1435 -12.451 42.711
1436 -12.451 38.431
1437 -21.451 33.671
1438 -16.451 35.261
1439 -21.451 27.241
1440 -14.451 27.991
1441 -8.45096 26.011
1442 -4.45096 37.961
1443 -16.451 37.501
1444 -25.451 25.801
1445 -10.451 26.711
1446 -4.45096 36.091
1447 -12.451 30.951
1448 -3.45096 29.681
1449 -4.45096 35.441
1450 -16.451 39.801
1451 -22.451 31.421
1452 -15.451 38.771
1453 -4.45096 29.141
1454 -12.451 29.711
1455 -2.45096 33.971
1456 -18.451 42.871
1457 -17.451 43.761
1458 -4.45096 38.141
1459 -14.451 25.911
1460 -21.451 29.731
1461 -25.451 28.731
1462 -6.45096 35.601
1463 -22.451 32.111
1464 -38.451 37.441
1465 -43.451 34.921
1466 -34.451 44.411
1467 -44.451 32.171
1468 -30.451 48.131
1469 -41.451 37.381
1470 -46.451 30.871
1471 -47.451 35.231
1472 -34.451 48.031
1473 -36.451 46.751
1474 -27.451 38.421
1475 -29.451 46.291
1476 -25.451 44.991
1477 -37.451 27.141
1478 -44.451 40.351
1479 -38.451 26.041
1480 -39.451 34.511
1481 -33.451 49.211
1482 -29.451 41.991
1483 -48.451 28.791
1484 -47.451 28.861
1485 -29.451 42.131
1486 -33.451 42.741
1487 -47.451 33.131
1488 -37.451 33.051
1489 -25.451 29.591
1490 -33.451 44.241
1491 -25.451 46.801
1492 -35.451 37.071
1493 -32.451 30.511
1494 -27.451 32.421
1495 -40.451 44.391
1496 -28.451 38.201
1497 -47.451 30.541
1498 -30.451 47.151
1499 -45.451 28.971
1500 -38.451 30.191
1501 -46.451 29.921
1502 -28.451 42.651
1503 -40.451 35.871
1504 -30.451 39.621
1505 -34.451 46.351
1506 -47.451 32.041
1507 -26.451 42.791
1508 -47.451 28.801
1509 -41.451 34.711
1510 -32.451 49.031
1511 -45.451 28.321
1512 -34.451 26.391
1513 -46.451 27.091
1514 -41.451 37.881
1515 -43.451 29.251
1516 -42.451 33.341
1517 -27.451 31.181
1518 -36.451 28.391
1519 -40.451 42.391
1520 -36.451 25.691
1521 -34.451 27.051
1522 -34.451 43.071
1523 -45.451 34.031
1524 -49.451 30.331
1525 -34.451 39.261
1526 -48.451 32.021
1527 -45.451 40.291
1528 -26.451 25.611
1529 -25.451 41.131
1530 -36.451 35.141
1531 -25.451 27.741
1532 -35.451 31.721
1533 -29.451 30.691
1534 -46.451 37.141
1535 -43.451 42.291
1536 -46.451 36.991
1537 -45.451 36.751
1538 -44.451 30.371
1539 -40.451 28.631
1540 -30.451 28.691
1541 -27.451 28.751
1542 -33.451 36.171
1543 -42.451 27.821
1544 -41.451 29.121
1545 -32.451 39.971
1546 -38.451 46.021
1547 -31.451 47.961
1548 -34.451 47.801
1549 -27.451 36.021
1550 -32.451 36.421
1551 -41.451 34.481
1552 -26.451 34.311
1553 -35.451 41.171
1554 -28.451 42.701
1555 -41.451 32.551
1556 -26.451 42.881
1557 -43.451 38.801
1558 -40.451 28.051
1559 -47.451 29.011
1560 -29.451 44.261
1561 -36.451 34.131
1562 -38.451 45.871
1563 -46.451 28.671
1564 -30.451 30.431
1565 -31.451 42.841
1566 -45.451 30.171
1567 -42.451 28.431
1568 -36.451 30.241
1569 -46.451 27.861
1570 -29.451 46.071
1571 -29.451 29.501
1572 -32.451 48.421
1573 -42.451 33.691
1574 -32.451 37.611
1575 -33.451 37.331
1576 -47.451 36.391
1577 -31.451 35.801
1578 -38.451 31.241
1579 -34.451 47.151
1580 -29.451 44.851
1581 -34.451 36.691
1582 -40.451 29.481
1583 -25.451 43.731
1584 -32.451 43.911
1585 -44.451 28.831
1586 -35.451 39.181
1587 -46.451 33.141
1588 -47.451 32.331
1589 -43.451 39.761
1590 -30.451 48.231
1591 -45.451 25.471
1592 -49.451 30.731
1593 -40.451 26.581
1594 -33.451 29.441
1595 -33.451 44.821
1596 -42.451 36.901
1597 -39.451 38.541
1598 -25.451 32.341
1599 -37.451 38.801
1600 -37.451 26.511
1601 -48.451 34.441
1602 -32.451 38.661
1603 -43.451 28.991
1604 -35.451 25.581
1605 -36.451 26.121
1606 -42.451 26.511
1607 -46.451 25.611
1608 -34.451 31.561
1609 -31.451 43.391
1610 -38.451 39.621
1611 -34.451 39.001
1612 -37.451 25.951
1613 -41.451 33.071
1614 -41.451 32.981
1615 -47.451 27.231
1616 -36.451 32.681
1617 -27.451 49.881
1618 -44.451 41.421
1619 -25.451 45.511
1620 -37.451 28.811
1621 -48.451 28.511
1622 -44.451 40.401
1623 -48.451 32.251
1624 -33.451 27.011
1625 -25.451 40.661
1626 -48.451 28.561
1627 -28.451 27.321
1628 -36.451 33.891
1629 -27.451 25.971
1630 -47.451 31.441
1631 -30.451 35.541
1632 -49.451 26.041
1633 -29.451 50.161
1634 -33.451 25.991
1635 -27.451 43.151
1636 -42.451 35.481
1637 -27.451 35.811
1638 -48.451 27.971
1639 -42.451 40.531
1640 -35.451 34.891
1641 -30.451 30.791
1642 -30.451 36.551
1643 -46.451 35.611
1644 -30.451 36.681
1645 -45.451 29.491
1646 -25.451 27.951
1647 -40.451 25.461
1648 -36.451 36.151
1649 -47.451 28.661
1650 -26.451 29.951
1651 -41.451 29.641
1652 -28.451 28.651
1653 -32.451 46.481
1654 -49.451 31.211
1655 -36.451 26.301
1656 -45.451 27.381
1657 -44.451 39.721
1658 -29.451 42.371
1659 -45.451 31.561
1660 -43.451 26.601
1661 -40.451 39.401
1662 -42.451 31.781
1663 -46.451 31.231
1664 -30.451 44.141
1665 -26.451 28.761
1666 -46.451 36.881
1667 -27.451 38.211
1668 -40.451 33.551
1669 -29.451 40.851
1670 -36.451 37.871
1671 -25.451 39.041
1672 -36.451 33.411
1673 -36.451 42.371
1674 -40.451 40.271
1675 -28.451 38.531
1676 -47.451 27.151
1677 -28.451 36.601
1678 -28.451 34.971
1679 -45.451 32.551
1680 -46.451 35.421
1681 -42.451 26.891
1682 -42.451 34.411
1683 -45.451 35.041
1684 -31.451 33.441
1685 -49.451 27.901
1686 -43.451 28.211
1687 -29.451 33.741
1688 -49.451 27.351
1689 -48.451 29.101
1690 -49.451 27.211
1691 -48.451 32.191
1692 -49.451 25.741
1693 -41.451 29.991
1694 -31.451 42.311
1695 -40.451 42.471
1696 -35.451 46.041
1697 -46.451 34.241
1698 -30.451 45.631
1699 -41.451 32.071
1700 -42.451 32.871
1701 -32.451 40.551
1702 -44.451 39.081
1703 -42.451 33.881
1704 -28.451 38.621
1705 -33.451 40.751
1706 -46.451 35.791
1707 -29.451 45.901
1708 -38.451 40.901
1709 -49.451 28.411
1710 -33.451 33.611
1711 -25.451 49.161
1712 -25.451 30.931
1713 -27.451 29.761
1714 -41.451 36.381
1715 -45.451 37.281
1716 -36.451 40.491
1717 -5.45096 23.901
1718 -8.45096 23.561
1719 -25.451 7.73096
1720 -16.451 21.341
1721 -21.451 6.40096
1722 -3.45096 18.871
1723 -25.451 8.33096
1724 -20.451 23.441
1725 -17.451 6.06096
1726 -5.45096 10.871
1727 -13.451 24.001
1728 -19.451 1.81096
1729 -22.451 24.731
1730 -17.451 3.20096
1731 -18.451 24.511
1732 -21.451 21.411
1733 -24.451 12.971
1734 -4.45096 23.421
1735 -2.45096 20.401
1736 -9.45096 18.181
1737 -15.451 11.821
1738 -14.451 14.331
1739 -25.451 14.041
1740 -10.451 21.621
1741 -18.451 21.101
1742 -7.45096 21.511
1743 -17.451 3.46096
1744 -14.451 8.84096
1745 -4.45096 21.761
1746 -13.451 7.15096
1747 -10.451 21.771
1748 -15.451 9.77096
1749 -8.45096 18.121
1750 -4.45096 23.551
1751 -12.451 21.071
1752 -8.45096 18.971
1753 -22.451 9.90096
1754 -13.451 12.161
1755 -1.45096 21.681
1756 -11.451 21.121
1757 -12.451 9.87096
1758 -20.451 21.991
1759 -18.451 13.541
1760 -16.451 12.641
1761 -13.451 21.471
1762 -12.451 11.181
1763 -8.45096 23.951
1764 -3.45096 20.611
1765 -17.451 4.27096
1766 -24.451 16.241
1767 -17.451 12.501
1768 -4.45096 19.831
1769 -22.451 2.60096
1770 -7.45096 12.931
1771 -12.451 16.381
1772 -15.451 18.171
1773 -8.45096 25.281
1774 -24.451 8.18096
1775 -17.451 12.081
1776 -15.451 20.251
1777 -14.451 5.22096
1778 -1.45096 24.421
1779 -1.45096 19.991
1780 -11.451 23.361
1781 -8.45096 14.281
1782 -19.451 11.201
1783 -13.451 23.411
1784 -11.451 15.301
1785 -10.451 18.111
1786 -6.45096 24.401
1787 -6.45096 16.881
1788 -15.451 9.34096
1789 -1.45096 23.821
1790 -10.451 17.101
1791 -25.451 20.951
1792 -20.451 16.091
1793 -1.45096 24.381
1794 -9.45096 15.451
1795 -22.451 25.151
1796 -16.451 25.231
1797 -3.45096 15.531
1798 -25.451 1.33096
1799 -1.45096 20.061
1800 -21.451 13.061
1801 -24.451 13.461
1802 -4.45096 23.251
1803 -17.451 14.641
1804 -17.451 13.111
1805 -6.45096 12.711
1806 -6.45096 10.491
1807 -1.45096 23.681
1808 -17.451 17.951
1809 -16.451 8.69096
1810 -25.451 13.561
1811 -18.451 22.331
1812 -13.451 6.39096
1813 -19.451 24.811
1814 -7.45096 14.401
1815 -20.451 2.47096
1816 -4.45096 20.641
1817 -1.45096 22.531
1818 -24.451 8.88096
1819 -25.451 24.601
1820 -9.45096 11.241
1821 -14.451 22.841
1822 -7.45096 12.101
1823 -10.451 6.42096
1824 -12.451 9.71096
1825 -21.451 19.051
1826 -10.451 21.071
1827 -23.451 4.66096
1828 -5.45096 19.361
1829 -7.45096 22.821
1830 -9.45096 15.461
1831 -12.451 18.821
1832 -20.451 23.831
1833 -20.451 4.11096
1834 -4.45096 14.641
1835 -4.45096 15.301
1836 -21.451 17.631
1837 -24.451 1.73096
1838 -6.45096 20.271
1839 -23.451 3.86096
1840 -8.45096 13.381
1841 -25.451 6.86096
1842 -5.45096 14.411
1843 -11.451 12.031
1844 -10.451 21.111
1845 -17.451 17.131
1846 -15.451 6.74096
1847 -5.45096 10.791
1848 -14.451 4.95096
1849 -23.451 2.88096
1850 -17.451 14.701
1851 -3.45096 16.071
1852 -16.451 18.451
1853 -13.451 16.671
1854 -7.45096 21.031
1855 -12.451 20.831
1856 -1.45096 22.551
1857 -1.45096 23.991
1858 -6.45096 14.801
1859 -9.45096 23.851
1860 -1.45096 24.461
1861 -8.45096 24.601
1862 -5.45096 18.061
1863 -22.451 15.891
1864 -11.451 17.381
1865 -9.45096 11.201
1866 -18.451 9.55096
1867 -10.451 7.54096
1868 -9.45096 8.16096
1869 -4.45096 18.841
1870 -4.45096 13.341
1871 -1.45096 20.731
1872 -24.451 7.95096
1873 -4.45096 24.971
1874 -10.451 25.331
1875 -17.451 14.311
1876 -14.451 15.931
1877 -24.451 10.121
1878 -9.45096 20.391
1879 -8.45096 9.13096
1880 -12.451 20.371
1881 -18.451 13.981
1882 -2.45096 18.211
1883 -12.451 7.04096
1884 -21.451 21.331
1885 -22.451 5.68096
1886 -2.45096 19.661
1887 -25.451 22.681
1888 -21.451 19.241
1889 -25.451 1.01096
1890 -17.451 14.601
1891 -15.451 24.491
1892 -13.451 16.311
1893 -21.451 14.651
1894 -5.45096 18.741
1895 -13.451 14.591
1896 -19.451 23.231
1897 -17.451 16.151
1898 -4.45096 25.211
1899 -2.45096 16.931
1900 -14.451 23.191
1901 -20.451 9.34096
1902 -20.451 3.65096
1903 -12.451 7.59096
1904 -22.451 23.321
1905 -18.451 6.59096
1906 -2.45096 20.521
1907 -16.451 8.58096
1908 -18.451 7.82096
1909 -8.45096 20.661
1910 -13.451 3.65096
1911 -10.451 18.271
1912 -21.451 2.94096
1913 -25.451 6.45096
1914 -25.451 21.211
1915 -20.451 17.821
1916 -25.451 3.58096
1917 -1.45096 24.371
1918 -8.45096 23.301
1919 -6.45096 18.731
1920 -20.451 9.68096
1921 -15.451 12.661
1922 -3.45096 22.011
1923 -7.45096 14.641
1924 -18.451 17.591
1925 -15.451 5.99096
1926 -7.45096 9.67096
1927 -10.451 16.731
1928 -21.451 13.801
1929 -1.45096 19.891
1930 -11.451 7.16096
1931 -4.45096 13.531
1932 -9.45096 10.481
1933 -25.451 2.10096
1934 -13.451 20.991
1935 -18.451 11.521
1936 -25.451 3.28096
1937 -1.45096 24.961
1938 -12.451 8.03096
1939 -20.451 9.72096
1940 -22.451 9.54096
1941 -6.45096 13.991
1942 -4.45096 20.611
1943 -5.45096 24.431
1944 -25.451 8.50096
1945 -15.451 5.54096
1946 -24.451 24.641
1947 -17.451 12.001
1948 -20.451 6.10096
1949 -18.451 8.02096
1950 -16.451 4.05096
1951 -12.451 24.841
1952 -16.451 22.331
1953 -14.451 15.221
1954 -19.451 3.04096
1955 -4.45096 18.101
1956 -16.451 5.30096
1957 -17.451 8.40096
1958 -23.451 16.891
1959 -16.451 15.911
1960 -24.451 6.76096
1961 -5.45096 16.661
1962 -23.451 1.64096
1963 -1.45096 20.121
1964 -7.45096 10.881
1965 -24.451 5.43096
1966 -1.45096 24.291
1967 -9.45096 20.351
1968 -22.451 6.18096
1969 -15.451 11.111
1970 -43.451 16.121
1971 -46.451 16.921
1972 -26.451 6.38096
1973 -35.451 14.921
1974 -38.451 24.751
1975 -32.451 8.79096
1976 -41.451 7.41096
1977 -45.451 23.511
1978 -37.451 14.231
1979 -27.451 2.87096
1980 -29.451 20.901
1981 -37.451 3.65096
1982 -46.451 23.171
1983 -40.451 9.94096
1984 -30.451 12.691
1985 -37.451 21.211
1986 -34.451 12.341
1987 -29.451 14.351
1988 -43.451 15.541
1989 -40.451 16.121
1990 -38.451 16.711
1991 -49.451 24.401
1992 -29.451 5.49096
1993 -26.451 12.771
1994 -43.451 12.671
1995 -26.451 21.481
1996 -35.451 23.061
1997 -29.451 18.371
1998 -42.451 8.25096
1999 -36.451 23.701
2000 -48.451 19.971
2001 -49.451 20.881
2002 -36.451 21.651
2003 -45.451 24.161
2004 -48.451 20.101
2005 -39.451 23.081
2006 -35.451 24.801
2007 -44.451 23.041
2008 -37.451 22.001
2009 -36.451 17.651
2010 -25.451 7.57096
2011 -30.451 22.851
2012 -29.451 7.86096
2013 -45.451 16.471
2014 -31.451 16.141
2015 -48.451 21.661
2016 -31.451 3.21096
2017 -39.451 13.021
2018 -31.451 5.36096
2019 -47.451 20.651
2020 -46.451 15.061
2021 -42.451 20.871
2022 -29.451 20.341
2023 -26.451 17.791
2024 -31.451 19.321
2025 -49.451 22.141
2026 -28.451 1.64096
2027 -43.451 17.131
2028 -42.451 20.821
2029 -32.451 2.21096
2030 -46.451 16.891
2031 -28.451 24.681
2032 -32.451 13.011
2033 -45.451 14.561
2034 -28.451 7.00096
2035 -44.451 12.431
2036 -34.451 6.59096
2037 -35.451 16.051
2038 -49.451 21.811
2039 -34.451 14.881
2040 -27.451 15.871
2041 -38.451 5.15096
2042 -41.451 12.621
2043 -39.451 19.621
2044 -48.451 24.491
2045 -32.451 2.01096
2046 -29.451 14.821
2047 -48.451 20.561
2048 -32.451 1.51096
2049 -28.451 4.32096
2050 -39.451 18.461
2051 -42.451 18.701
2052 -35.451 4.66096
2053 -40.451 22.591
2054 -43.451 19.191
2055 -43.451 20.251
2056 -34.451 10.621
2057 -27.451 2.18096
2058 -41.451 15.771
2059 -36.451 13.291
2060 -42.451 19.751
2061 -37.451 4.72096
2062 -35.451 21.601
2063 -37.451 6.52096
2064 -29.451 9.05096
2065 -33.451 5.75096
2066 -39.451 18.681
2067 -47.451 15.691
2068 -31.451 16.801
2069 -39.451 25.451
2070 -41.451 17.881
2071 -47.451 20.171
2072 -40.451 15.181
2073 -30.451 15.871
2074 -45.451 16.791
2075 -49.451 22.331
2076 -39.451 7.59096
2077 -36.451 19.711
2078 -49.451 21.451
2079 -44.451 20.421
2080 -41.451 7.16096
2081 -26.451 24.131
2082 -31.451 19.221
2083 -36.451 21.821
2084 -38.451 21.701
2085 -40.451 20.651
2086 -35.451 13.061
2087 -35.451 14.201
2088 -41.451 11.301
2089 -36.451 15.831
2090 -34.451 22.351
2091 -26.451 22.221
2092 -49.451 23.811
2093 -47.451 22.721
2094 -40.451 5.76096
2095 -28.451 7.87096
2096 -48.451 18.391
2097 -42.451 12.401
2098 -32.451 13.421
2099 -45.451 23.751
2100 -31.451 6.58096
2101 -27.451 5.29096
2102 -26.451 6.83096
2103 -43.451 8.52096
2104 -30.451 16.161
2105 -32.451 14.811
2106 -42.451 16.121
2107 -39.451 8.52096
2108 -25.451 3.57096
2109 -43.451 11.301
2110 -32.451 17.471
2111 -48.451 22.371
2112 -30.451 17.781
2113 -38.451 14.581
2114 -46.451 13.601
2115 -34.451 17.911
2116 -47.451 16.811
2117 -47.451 22.471
2118 -28.451 25.301
2119 -43.451 22.371
2120 -47.451 19.951
2121 -47.451 21.041
2122 -36.451 3.82096
2123 -36.451 16.591
2124 -27.451 5.41096
2125 -28.451 16.361
2126 -29.451 24.671
2127 -42.451 8.34096
2128 -45.451 20.631
2129 -48.451 20.771
2130 -44.451 9.85096
2131 -47.451 17.021
2132 -49.451 22.491
2133 -42.451 15.431
2134 -37.451 13.081
2135 -38.451 8.84096
2136 -38.451 11.101
2137 -29.451 12.691
2138 -26.451 1.05096
2139 -37.451 18.421
2140 -46.451 14.781
2141 -39.451 10.431
2142 -45.451 25.111
2143 -39.451 11.551
2144 -41.451 23.811
2145 -34.451 17.571
2146 -49.451 23.121
2147 -31.451 14.451
2148 -30.451 8.20096
2149 -30.451 3.51096
2150 -38.451 19.271
2151 -32.451 18.421
2152 -30.451 17.321
2153 -29.451 17.891
2154 -30.451 3.04096
2155 -34.451 21.441
2156 -35.451 12.211
2157 -30.451 24.401
2158 -33.451 5.76096
2159 -45.451 18.191
2160 -36.451 13.391
2161 -41.451 23.351
2162 -42.451 9.47096
2163 -38.451 11.711
2164 -48.451 19.271
2165 -43.451 14.071
2166 -36.451 21.181
2167 -41.451 18.041
2168 -40.451 7.25096
2169 -48.451 17.001
2170 -38.451 23.361
2171 -48.451 24.721
2172 -33.451 2.92096
2173 -28.451 3.02096
2174 -25.451 11.191
2175 -47.451 23.841
2176 -34.451 21.571
2177 -48.451 25.171
2178 -38.451 18.591
2179 -27.451 1.31096
2180 -29.451 21.231
2181 -27.451 17.531
2182 -49.451 21.511
2183 -34.451 7.04096
2184 -41.451 19.611
2185 -36.451 16.651
2186 -43.451 16.611
2187 -30.451 1.66096
2188 -40.451 17.611
2189 -49.451 22.801
2190 -37.451 12.971
2191 -28.451 21.471
2192 -37.451 8.44096
2193 -27.451 14.181
2194 -38.451 22.161
2195 -41.451 21.011
2196 -27.451 8.51096
2197 -37.451 6.92096
2198 -40.451 15.221
2199 -45.451 22.391
2200 -34.451 7.64096
2201 -38.451 13.931
2202 -43.451 10.011
2203 -33.451 1.85096
2204 -30.451 3.35096
2205 -27.451 1.03096
2206 -33.451 18.901
2207 -40.451 13.501
2208 -31.451 17.261
2209 -48.451 22.491
2210 -49.451 21.291
2211 -41.451 12.921
2212 -37.451 4.15096
2213 -31.451 24.431
2214 -28.451 15.921
2215 -36.451 5.33096
2216 -37.451 18.461
2217 -41.451 22.881
2218 -45.451 15.931
2219 -42.451 18.701
2220 -37.451 15.511
2221 -44.451 19.251
2222 -49.451 23.831
