%%index real_part   imaginary_part
3512 3512 3512
1 129.93 118.26
2 107.37 82.05
3 44.18 141.08
4 106.11 16.56
5 148.53 0.54
6 26.11 74.59
7 114 0.17
8 117.98 133.44
9 163.93 126.74
10 13.32 143.03
11 158.97 142.91
12 38.55 17.34
13 163.12 55.27
14 175.01 139.65
15 171.01 81.24
16 47.02 50.59
17 132.64 117.94
18 76.03 154.4
19 18.48 24.34
20 24.88 29.66
21 104.25 167.02
22 14.71 81.52
23 62.48 35.25
24 9.51 132.69
25 123.24 43.41
26 3.33 53.36
27 70.7 99.22
28 2.01 41.88
29 181.53 81.34
30 162.58 177.02
31 75.13 169.55
32 135.01 57.13
33 59.05 55.3
34 79.64 28.04
35 88.22 77.53
36 61.55 104.53
37 33.57 9.47
38 75.25 76.26
39 56.47 96.05
40 139.47 115.28
41 168.64 179.72
42 126.46 173.32
43 32.2 86.86
44 168.21 128.47
45 153.01 61.26
46 78.33 147.79
47 52.44 45.14
48 100.44 30.34
49 88.91 111.49
50 36.55 180.09
51 132.14 177.13
52 34.13 98.1
53 21.89 165.71
54 109.28 109.38
55 41.66 108.88
56 105.6 65.75
57 86.59 27.31
58 114.17 49.06
59 25.05 149.32
60 27.58 129.9
61 94.7 178.06
62 40.21 136.43
63 166.77 177.66
64 136.68 140.65
65 168.26 103.2
66 127.86 173.23
67 118.85 117.4
68 130.63 161.99
69 88.37 171.26
70 97.15 87.44
71 153.19 160.55
72 35.38 50.27
73 129.86 87.31
74 53.63 180.08
75 126.98 154.91
76 149.98 81.21
77 65.16 69.2
78 63.87 37.71
79 25.88 48.93
80 182.66 17.55
81 38.3 11.15
82 159.07 127.52
83 106.51 4.67
84 175.94 137.23
85 41.67 42.4
86 19.95 120.61
87 18.4 42.38
88 129.69 55.34
89 52.42 148.26
90 150.7 0.32
91 112.05 179.4
92 96.13 148.2
93 2.91 177.21
94 73.67 160
95 25.07 28.79
96 70.46 73.33
97 48.37 93.89
98 98.56 77.06
99 31.29 2.4
100 44.8 122.02
101 59.63 72.96
102 115.34 95.27
103 150.61 78.04
104 73.82 92.56
105 92.88 50.55
106 77.48 41.52
107 6.72 21.94
108 16.15 173.61
109 181.13 40.15
110 68.95 120.34
111 10.67 23.2
112 147.61 169.93
113 63.99 89.56
114 91.96 63.17
115 2.2 95.28
116 15.76 136.76
117 49.04 92.35
118 170.39 161.63
119 71.19 47.17
120 128.25 91.74
121 133.26 164.07
122 33.53 22.73
123 43.86 170.51
124 27.66 80.21
125 17.55 41.99
126 95.71 127.13
127 114.07 58.75
128 148.31 60.32
129 123.49 25.58
130 120.87 57.28
131 41.56 156.21
132 65.57 167.15
133 145.78 121.12
134 168.3 83.48
135 22.74 33.97
136 45.57 144.07
137 166.8 156.01
138 174.04 79.1
139 159.31 27.66
140 100.17 18.7
141 145.84 24.39
142 83.14 12.88
143 73.2 107.43
144 133.01 78.97
145 166.77 44.21
146 47.95 101.4
147 85.56 25.34
148 176.98 144.04
149 75.04 48.34
150 112.84 162.28
151 123.35 97.79
152 70.8 158.41
153 85.03 137.67
154 12.85 92.36
155 111.06 91.87
156 116.26 113.02
157 156.42 104.42
158 59.37 46.92
159 125.89 77.14
160 151.88 39.91
161 141.31 109.67
162 165.53 16.83
163 8.39 74.39
164 153.26 159.51
165 169.32 83.43
166 181.22 83.1
167 58.51 140.19
168 125.39 99.54
169 8.9 143.54
170 82.93 138.24
171 98.79 150.49
172 102.43 16.19
173 63.11 72.21
174 149.36 161.81
175 18.72 36.53
176 176.72 148.76
177 165.59 7.55
178 81.95 159.25
179 135.76 173.98
180 104.93 52.21
181 135.31 152.6
182 109.8 103.16
183 50.22 41.34
184 32.4 82.71
185 37.95 89.65
186 57.14 115.34
187 162.05 136.74
188 56.48 159.57
189 168.9 42.17
190 109.22 53.36
191 19.12 4.62
192 12.18 102.94
193 79.19 32.23
194 53.73 124.65
195 176.86 62.47
196 62.6 158.66
197 109.34 159.69
198 48.55 19.92
199 102.63 7.09
200 96.74 80.95
201 43.81 140.58
202 124.85 153.88
203 160.97 22.87
204 95.56 28.85
205 82.21 146.88
206 182.02 21.78
207 124.72 101.33
208 164.08 41.72
209 166.37 51.43
210 144.42 34.81
211 40.99 7.75
212 14.96 24.02
213 43.94 150.34
214 157.43 63.51
215 174.99 146.57
216 134.68 101.69
217 103.09 66.32
218 119.71 76.53
219 105.38 81.06
220 75.46 32.27
221 84.57 35.11
222 166.96 105.01
223 146.73 56.81
224 138.76 148.04
225 30.37 160.63
226 15.9 100.19
227 154.73 71.36
228 69.22 30.87
229 124.9 15.68
230 9.77 74.17
231 175.86 147.41
232 61.26 144.45
233 68.5 95.95
234 24.54 180.97
235 60.77 21.4
236 87.03 130.52
237 52.53 145.34
238 19.16 70.99
239 36.03 16.27
240 176.9 5.44
241 105.63 66.4
242 168.29 40.32
243 71.19 77.37
244 123.57 54.51
245 128.69 43.62
246 38.55 163.86
247 155.84 121.55
248 65.03 99.81
249 97.79 41.34
250 93.27 89.57
251 37.09 158.56
252 151.42 180.3
253 68.3 89.63
254 136.42 18.1
255 23.55 134.85
256 48.78 160.84
257 18.16 129.18
258 54.07 34.07
259 88.58 119.88
260 163.5 25.16
261 6.03 64.79
262 3.35 49.57
263 149.39 161.87
264 50.73 68.38
265 5.47 94.7
266 100.78 174.52
267 19.35 73.08
268 10.23 69.2
269 87.31 118.17
270 70.02 177.17
271 155.01 141.38
272 118.08 149.32
273 30.91 20.7
274 140.58 19.68
275 44.84 119.5
276 31.81 151.6
277 18.17 81.39
278 90.78 35.16
279 134.06 15.08
280 140.3 172.04
281 163.56 170.05
282 90.66 58.08
283 157.81 182.91
284 118.08 100.89
285 95.07 92.64
286 51.02 35.63
287 32.47 97.6
288 118.3 169.1
289 5.78 63.39
290 182.89 106.4
291 105.52 50.63
292 162.54 62.22
293 97.39 154.22
294 169.3 70.33
295 59.37 78.97
296 96.55 126.61
297 32.21 39.93
298 70.37 4.21
299 135.62 7.02
300 99.66 35.97
301 102.12 47.69
302 175.82 150.68
303 167.31 134.6
304 14.99 111.12
305 65.05 173.09
306 71.24 45.4
307 107.62 170.57
308 141.79 50.79
309 151.64 52.53
310 131.51 158.62
311 132.75 28.01
312 98.46 75.58
313 79.79 164.96
314 171.99 16.35
315 52.33 32.41
316 110.63 119.17
317 86.86 154.45
318 136.57 103.45
319 62.09 101.69
320 91.78 151.56
321 13.96 127.14
322 145.24 10.55
323 61.34 121.59
324 21.64 134.55
325 110.17 60.5
326 88.51 153.15
327 76.25 59.92
328 72.41 34.49
329 50.85 156.04
330 35.98 91.92
331 28.09 133.7
332 135.67 146.61
333 97.58 145.47
334 64.16 89.25
335 88.33 159.67
336 134.34 3.47
337 14.02 102.3
338 71.41 127.1
339 78.65 105.88
340 166.38 93.05
341 93.73 5.83
342 96.27 102.41
343 136.9 169.98
344 173.55 168.68
345 77.6 35.27
346 16.49 26.53
347 20.66 136.22
348 98.69 152.17
349 88.94 118.24
350 125.43 10.38
351 13.85 177.27
352 96.57 107.29
353 51.39 27.87
354 164.27 15.5
355 139.08 130.05
356 135.88 147.65
357 67.06 49.81
358 67.31 49.15
359 65.36 51.48
360 86.76 57.86
361 114.91 173.48
362 126.7 103.25
363 102.94 135.57
364 101.33 72.92
365 83.3 8.88
366 33.68 74.29
367 181.58 97.15
368 155.54 160.77
369 176.28 49.98
370 180.03 136.81
371 131.98 132.36
372 29.69 163.43
373 60.1 46.56
374 98.04 97
375 2.39 125.46
376 115.95 32.32
377 166.1 117.3
378 100.4 59.65
379 132.57 116.56
380 155.97 49.25
381 123.54 63.39
382 8.06 6.65
383 167.42 122.13
384 172.11 11.12
385 178.45 8.22
386 171.1 16.66
387 180.09 127.43
388 173.99 17.79
389 145.32 57.19
390 30.18 119.56
391 182.4 147.71
392 112.53 146.13
393 53.3 165.5
394 129.59 29.93
395 109.71 33.4
396 127.31 102.56
397 109.21 50.25
398 19.9 135.38
399 146.5 124.15
400 162.9 39.53
401 56.19 141.96
402 116.91 151
403 16.32 83.8
404 141 138.43
405 74.99 9.16
406 156.87 18.7
407 12.35 74.39
408 87.42 86.4
409 146.86 65.65
410 129.57 34.01
411 136.57 104.09
412 154.34 73.89
413 56.79 93.3
414 64.97 21.77
415 61.3 20.29
416 9.77 75.39
417 73.92 117.5
418 18.3 126.69
419 82.12 90.24
420 99.4 6.82
421 25.52 157.11
422 79.02 103.79
423 37.71 68.39
424 134.05 13.96
425 47.97 32.09
426 136.18 111.14
427 32.55 32.06
428 155.88 138.05
429 159.82 89.34
430 140.16 68.38
431 143.77 38.12
432 3.14 149.93
433 93.62 34.69
434 155.45 51.97
435 89.31 175.74
436 180.37 102.37
437 23.16 145.36
438 30.75 106.92
439 120.88 91.4
440 123.49 12.32
441 153.99 16.38
442 48.44 107.2
443 62.25 3.54
444 123.41 51.85
445 120.23 69.59
446 138.23 80.57
447 47.5 81
448 146.22 171.9
449 40.87 171.65
450 11.91 118.67
451 38.05 160.7
452 123.06 39.81
453 146.73 91.73
454 0.13 1.34
455 44.18 115.13
456 131.51 123.63
457 47.83 15.17
458 18.72 27.48
459 79.33 140.6
460 27.19 172.65
461 70.22 47.08
462 128.08 165.42
463 1.84 148.24
464 167.41 91.3
465 57.5 42.71
466 50.94 179.33
467 66.66 95.55
468 4.28 21.52
469 22.86 30.39
470 145.52 4.42
471 158.57 67.05
472 82.22 124.56
473 152.04 23.4
474 11.52 131.46
475 151.63 48.37
476 95.45 69.23
477 82.17 38.85
478 34.62 71.05
479 9.88 84.02
480 126.73 49.55
481 76.4 67.38
482 162.93 25.19
483 46.72 143.06
484 20.97 14.73
485 19.15 69.58
486 167.15 166.5
487 138.58 177.72
488 48.64 96.9
489 45.36 107.62
490 3.51 90.68
491 159.91 44.52
492 83.37 129.48
493 48.05 59.09
494 143.11 148.51
495 15.07 57.93
496 125.31 117.36
497 142.56 91.47
498 82.06 135.76
499 150.5 36.8
500 106.38 103.03
501 117.05 17.17
502 42.42 121.06
503 34.96 72.63
504 180.25 121.58
505 29.27 110.84
506 155.36 31.28
507 160.76 36.7
508 95.79 86.26
509 82.29 25.82
510 83.75 55.9
511 20.79 97.36
512 36.36 56.59
513 39.87 10.87
514 47.67 118.42
515 38.45 37.89
516 85.59 1.57
517 122.63 155.51
518 45.14 128.01
519 97.11 5.11
520 115.96 72.92
521 104.2 156.9
522 10.61 118.84
523 22.1 81.97
524 138.31 106.4
525 9.83 104.4
526 49.28 69.58
527 156.69 30.62
528 72.01 85.64
529 51.58 13.57
530 81.98 119.68
531 121.25 120.56
532 93.07 167.57
533 143.1 60.89
534 66 168.73
535 58.65 57.22
536 31.12 29.48
537 148.33 10.38
538 122.87 41.73
539 178.66 17.95
540 152.87 78.18
541 147.76 5.49
542 66.63 19.16
543 135.32 151.98
544 165.55 138.64
545 75.32 34.43
546 154.99 95.05
547 79.63 44.09
548 104.98 95.58
549 81.31 39.73
550 127.47 18.51
551 78.51 170.49
552 180.87 158.6
553 47.85 74.36
554 92.32 120.74
555 46.44 43.51
556 49 92.71
557 142.39 41.72
558 10.7 146.15
559 101.79 125.24
560 159.67 23.77
561 118.83 24.63
562 68.73 162.18
563 74.76 15.46
564 85.71 21.23
565 39.74 3.59
566 21.6 30.19
567 5.79 148.78
568 40.14 19.47
569 170.73 84.16
570 127.68 162.98
571 103.22 64.69
572 106.42 24.2
573 170.36 62.61
574 35.37 117.12
575 171.42 89.15
576 144.31 42.56
577 21.74 107.25
578 122.71 30.04
579 51.27 127.02
580 161.14 55.94
581 86.13 121.54
582 87.32 182.74
583 49.74 122.44
584 23.61 157.98
585 137.97 67.99
586 132.69 151.29
587 175.49 58.19
588 151.32 56.11
589 20.75 162.85
590 99.53 3.7
591 46.26 39.69
592 146.94 60.84
593 90.88 98.53
594 42.55 117.17
595 173.12 172.67
596 111.21 20.69
597 20.44 106.77
598 46.22 46.05
599 21.04 70.18
600 168.69 69.83
601 68.64 6.53
602 95.24 118.38
603 22.01 61.13
604 71.51 63.56
605 97.78 73.29
606 112.98 18.56
607 79.4 174.57
608 90.1 76.93
609 41.62 17.8
610 37.99 132.65
611 0.87 62.26
612 169.04 149.21
613 12.26 51.83
614 152.53 32.26
615 132.61 63.82
616 70.35 138.22
617 73.61 18.25
618 109.9 13.11
619 76.68 126.14
620 16.43 28.93
621 47.49 21.98
622 13.55 129.42
623 53.87 157.41
624 22.73 103.65
625 83.83 126.01
626 5.28 60.73
627 57.46 84.7
628 136.53 174.32
629 23.58 100.24
630 164.07 136.58
631 91.8 3.71
632 21.96 81.94
633 95.06 12.93
634 139.08 162.38
635 38.84 19.26
636 41.24 155.51
637 132.45 86.33
638 91.27 85.32
639 5.97 33.84
640 159.86 114
641 22.25 120.32
642 52.54 165.14
643 3.98 79.71
644 179.96 6.07
645 173.17 27.56
646 61.79 8.55
647 90.49 81.98
648 94.91 114.27
649 93.65 33.07
650 52.33 50.99
651 54.03 132.49
652 66.35 124.1
653 56.94 3.48
654 67.85 157.62
655 119.14 93.43
656 30.76 44.71
657 57.37 141.4
658 38.11 83.3
659 119.9 61.35
660 119.43 65.59
661 74.14 110.07
662 39.57 181.22
663 112.49 164.64
664 45.23 134.49
665 33 53.66
666 33.68 97.57
667 69.19 87.03
668 121.04 100.03
669 105.17 126.13
670 36.56 5.89
671 81.12 71.83
672 30.23 97.84
673 181.15 138.49
674 47.36 98.87
675 164.46 148.57
676 75.64 166.79
677 12.53 86.13
678 98.29 115.22
679 97.23 125.02
680 26.2 143.52
681 88.61 160.75
682 64.79 59.88
683 7.43 5.32
684 161.97 33.35
685 69.76 112.6
686 1.44 15.54
687 143.9 150.88
688 136.89 62.19
689 8.58 142.05
690 138.14 31.77
691 15.56 20.57
692 106.7 30.79
693 176.53 58.61
694 0.63 52.51
695 13.03 121.28
696 99.03 57.35
697 117.24 132.17
698 137.49 163.82
699 44.69 124.67
700 84.8 116.47
701 162.53 114.45
702 112.85 116.76
703 178.95 123.43
704 113.01 97.26
705 129.03 35.06
706 55.63 68.15
707 129.46 175.11
708 50.72 162.33
709 31.84 122.99
710 61.27 81.87
711 139.23 75.39
712 24.56 160.31
713 171.65 103.99
714 45.66 162.06
715 126.05 63.87
716 25.84 160.98
717 94.74 105.58
718 46.01 169.22
719 114 121.22
720 156.28 6.54
721 74.7 90.56
722 82.67 28.91
723 38.76 21.16
724 174.68 163.92
725 93.31 101.12
726 176.51 83.47
727 91.3 49.54
728 1.05 48.6
729 58.18 110.48
730 174.35 46.72
731 55.22 1.23
732 106.81 47.71
733 33.93 149.97
734 118.71 0.34
735 6.89 147.94
736 55.5 91.99
737 151.42 112.11
738 163.79 168.69
739 149.61 7.18
740 138.82 155.47
741 55.95 90.45
742 170.51 132.33
743 28.45 177.77
744 105.25 171.57
745 65.81 86.63
746 87.86 127.12
747 174.84 121.03
748 118.52 42.19
749 73.06 25.77
750 21.23 54.23
751 176.74 110.47
752 39.58 107.25
753 92.95 145.16
754 182.86 20.37
755 23.37 90.08
756 180.53 138.68
757 118.54 79.32
758 104.61 168.05
759 156.62 146.99
760 50.63 26.87
761 153.99 69.95
762 7.98 169.01
763 58.73 145.83
764 19.13 126.51
765 28.26 131.79
766 59.26 70.88
767 178.14 22.01
768 167.17 98.84
769 149.73 88.09
770 25.69 167.04
771 153.24 173.1
772 99.94 23.23
773 38.8 88.78
774 52.78 21.56
775 78.95 42.94
776 112.89 133.93
777 150.46 49.94
778 43.3 151.39
779 94.9 26.19
780 157.98 92.95
781 163.83 123.17
782 145.18 64.76
783 11.12 6.49
784 94.58 159.87
785 174.43 160.86
786 181.48 120.28
787 174.03 144.68
788 50.46 98.43
789 150.51 29.83
790 103.29 133.76
791 115.21 46.46
792 126.92 33.18
793 32.09 82.68
794 139.39 17.74
795 110.69 127
796 97.69 144.9
797 26.66 122.05
798 128.54 90.39
799 97.78 37.79
800 15.65 70.65
801 7.93 89.22
802 50.9 44.65
803 143.08 29.48
804 89.83 101.36
805 82.65 141.11
806 35.09 10.12
807 73.82 14.86
808 128.06 162.02
809 27.28 105.91
810 80.43 84.46
811 46.36 137.98
812 107.55 25.64
813 146.55 73.02
814 141.33 53.09
815 123.74 61.34
816 150.56 156.98
817 18.64 162.19
818 39.19 18.46
819 150.34 9.24
820 180.88 129.02
821 169.66 49.99
822 95.38 32.97
823 42.51 60.48
824 13.92 70.96
825 155.42 69.8
826 55.3 124.87
827 150.52 49.3
828 152.85 162.85
829 63.46 114.07
830 175.41 111.18
831 85.17 34.73
832 44.44 173.49
833 39.47 134.33
834 174.09 83.64
835 60.18 6.82
836 87.33 171.97
837 52.47 46.85
838 137.85 30.23
839 101.2 94.98
840 12.3 182.29
841 124.17 104.14
842 153.45 67.6
843 47.45 91.69
844 53.28 123.3
845 51.48 141.44
846 176.17 76.22
847 66.71 167.17
848 149.02 37.61
849 151.77 106.19
850 143.53 140.12
851 159.61 28.96
852 106.33 78.38
853 108.62 59.6
854 2.11 61.18
855 60.48 57.34
856 161.48 14.41
857 82.02 1.65
858 123.86 131.93
859 72.23 159.99
860 118.43 24.66
861 100.88 123.72
862 138.41 142.12
863 179.74 15.12
864 151.83 104.44
865 92.08 179.03
866 24.99 112.36
867 38.26 99.21
868 158.82 131.32
869 40.03 146.88
870 51.74 160.93
871 175.34 100.51
872 132.68 30.23
873 162.16 104.88
874 81.88 104.06
875 128.72 51.4
876 22.64 47.83
877 6.96 46.61
878 92.25 8.57
879 113.01 -3.7
880 182.73 -61.08
881 20.96 -22.09
882 121.31 -55.25
883 3.57 -59.22
884 53.63 -127.65
885 105.58 -74.12
886 174.63 -105.37
887 135.6 -128.44
888 50.33 -154.83
889 75.89 -145.29
890 44.21 -132.21
891 180.04 -21.62
892 98.75 -66.85
893 75.42 -4
894 38.22 -8
895 69.08 -35.96
896 88.57 -68.48
897 123.73 -90.04
898 179.78 -57.4
899 2.05 -157.82
900 48.95 -50.41
901 3.31 -107.63
902 53.08 -71.1
903 42.94 -138.91
904 131.72 -133.93
905 83.14 -118.83
906 170.97 -175.93
907 90.3 -110.7
908 145.23 -86.72
909 94.72 -165.73
910 49.21 -0.45
911 68.93 -163.8
912 101.36 -137.78
913 12.19 -40.18
914 15.01 -128.67
915 179.08 -14.24
916 152.4 -94.48
917 165.58 -29.91
918 16.35 -53
919 3.93 -56.04
920 22.4 -148.07
921 141.01 -117.59
922 75.81 -10.37
923 97.1 -48.31
924 61.56 -38.04
925 38.5 -8.82
926 20.15 -110.77
927 96.08 -137.95
928 178.14 -152.03
929 97.7 -108.27
930 153.03 -40.67
931 165.67 -124.31
932 154.22 -152.95
933 53.47 -178.77
934 51.82 -170.57
935 166.17 -87.92
936 22.51 -74.22
937 84.59 -124.18
938 172.49 -98.33
939 166.89 -29.21
940 38.04 -81.58
941 9.35 -22.39
942 7.87 -88.71
943 57.74 -135.95
944 91.74 -3.01
945 74.2 -155.45
946 127.28 -61.78
947 62.25 -56.87
948 83.16 -98.5
949 116.6 -115.73
950 20.65 -134.98
951 56.72 -99.77
952 71.47 -73.69
953 19.54 -171.84
954 18.05 -91.48
955 173.06 -3.43
956 25.83 -86.61
957 175.32 -29.94
958 165.89 -64.22
959 97.75 -80.59
960 83.56 -74.64
961 166.94 -171.95
962 76.34 -27.84
963 156.86 -76.71
964 9.44 -159.5
965 142.01 -90.46
966 37.75 -60.62
967 134.31 -15.73
968 4.57 -109.22
969 48.23 -153.85
970 157.28 -53.15
971 139.76 -38.29
972 98.75 -30.63
973 94.85 -162.61
974 90.72 -81.65
975 3.81 -40.12
976 29.07 -174.28
977 19.12 -18.27
978 94.98 -135.93
979 142.96 -175.98
980 113.97 -134.95
981 12.57 -101.97
982 148.22 -151.72
983 108.47 -146.88
984 148.25 -152.8
985 53.47 -156.7
986 42.51 -122.53
987 0.69 -40.75
988 50.88 -141.27
989 70.44 -126.06
990 166.19 -141.6
991 132.88 -104.77
992 123.04 -42.78
993 178.72 -152
994 175.51 -65.54
995 17.49 -138.68
996 88.17 -106.48
997 105.72 -30.06
998 24.46 -53.39
999 53.71 -61.71
1000 35.41 -172.71
1001 112.25 -107.18
1002 178.46 -77.93
1003 66.72 -143.46
1004 86.52 -46.34
1005 4.95 -137.16
1006 58.93 -100.23
1007 143.02 -137.83
1008 137.36 -29.49
1009 95.03 -169.26
1010 155.46 -160.39
1011 83.87 -112.53
1012 173.11 -60.63
1013 114.02 -37.11
1014 98.83 -14.58
1015 4.29 -15.26
1016 122.44 -164.76
1017 90.21 -147.06
1018 107.52 -117.9
1019 11.77 -156.93
1020 141.61 -41.57
1021 141.8 -16.72
1022 2.07 -17.54
1023 47.03 -132.34
1024 118.6 -169.95
1025 147.34 -172.59
1026 132.64 -121.58
1027 182.21 -78.73
1028 146.37 -122.75
1029 167.85 -143.76
1030 159.02 -62.2
1031 43.96 -172.15
1032 136.21 -128.98
1033 94.41 -164.7
1034 138.63 -91.26
1035 132.83 -136.7
1036 153.42 -97.25
1037 145.31 -122.15
1038 102.02 -3.01
1039 172.97 -39.87
1040 29.46 -68.14
1041 6.73 -167.83
1042 63.57 -9.62
1043 132.37 -36.46
1044 27.74 -26.94
1045 119.66 -117.23
1046 136.9 -34.28
1047 10.79 -11.14
1048 175.84 -120.63
1049 28.89 -105.2
1050 58.9 -131.48
1051 76.25 -9.24
1052 161.92 -59.84
1053 62.85 -69.08
1054 108.95 -80.94
1055 179.6 -83.34
1056 68.18 -168.93
1057 178.55 -3.33
1058 70.32 -162.27
1059 36.73 -158.45
1060 123.2 -98.06
1061 132.35 -156.39
1062 15.05 -77.1
1063 14.73 -143.14
1064 95.86 -7.9
1065 169.9 -74.15
1066 83.39 -2.28
1067 92.64 -93.67
1068 162.75 -62.31
1069 173.77 -155.49
1070 86.36 -88.71
1071 74.64 -170.38
1072 21.23 -2.06
1073 164.33 -100.72
1074 76.17 -91.55
1075 37.14 -18.06
1076 21.97 -16.37
1077 123.99 -17.01
1078 160.15 -67.54
1079 75.44 -138.72
1080 29.87 -103.53
1081 105.81 -92.86
1082 3.53 -143.79
1083 53.62 -45.97
1084 48.98 -166.29
1085 102.52 -44.4
1086 62.3 -135.34
1087 137.4 -24.68
1088 125.4 -114.05
1089 22.61 -149.25
1090 14.83 -49.09
1091 65.46 -90.27
1092 107.28 -36.8
1093 134.87 -36.97
1094 23.22 -114.95
1095 35.48 -27.31
1096 120.18 -53.09
1097 44.4 -171.81
1098 34.78 -154.23
1099 168.04 -98.03
1100 172.95 -83.76
1101 36.11 -87.56
1102 112.25 -52.25
1103 13.82 -21.03
1104 170.29 -85.17
1105 134.27 -66.95
1106 157.22 -2.12
1107 69.45 -47.25
1108 84.23 -81.5
1109 13.45 -21.32
1110 79.15 -107.45
1111 8.06 -79.45
1112 68.26 -46.85
1113 18.09 -52.47
1114 181.02 -133.56
1115 34.33 -3.13
1116 121.22 -170.97
1117 70.74 -100.96
1118 152.51 -50.47
1119 135.64 -84.56
1120 151.52 -139.8
1121 172.45 -117.43
1122 164.69 -125.74
1123 54.77 -89.42
1124 141.26 -65.92
1125 20.89 -98.74
1126 178.2 -67.93
1127 114.79 -28.95
1128 111.94 -63.46
1129 14.03 -163.4
1130 14.05 -109.96
1131 97.93 -78.88
1132 179.84 -135.27
1133 33.26 -16.19
1134 100.76 -149.35
1135 136.68 -16.43
1136 133.86 -99.8
1137 42.54 -156.65
1138 93.59 -115.55
1139 28.99 -127.83
1140 43.58 -82.37
1141 150.3 -49.88
1142 78.84 -38.78
1143 132.76 -112.61
1144 93.01 -7.78
1145 148.27 -177.31
1146 73.19 -137.59
1147 120.38 -63.2
1148 79.4 -100.55
1149 97.43 -153.65
1150 17.6 -27.68
1151 127.48 -81.63
1152 55.28 -151.46
1153 114.54 -17.54
1154 175.9 -148.87
1155 48.24 -174.05
1156 40.94 -36.48
1157 105.78 -46.06
1158 158.68 -150.3
1159 5.6 -55.54
1160 80.38 -99.21
1161 53.8 -153.87
1162 64.6 -153.57
1163 101.65 -21.71
1164 175.36 -144
1165 19.2 -16.08
1166 128.23 -9.96
1167 8.94 -146.68
1168 11.74 -0.51
1169 179.9 -154
1170 145.06 -4.64
1171 71.64 -75.66
1172 121.72 -33.52
1173 0.82 -177.42
1174 80.49 -127.92
1175 44.14 -6.42
1176 7.82 -160.87
1177 161.96 -128.46
1178 150.17 -72.42
1179 33.42 -80.61
1180 127.21 -173.05
1181 30.53 -83.14
1182 77.34 -72.44
1183 103.47 -39.48
1184 41 -89.08
1185 124.25 -100.37
1186 176.03 -3.06
1187 36.58 -12.89
1188 7.32 -145.28
1189 90.2 -67.92
1190 74.35 -87.81
1191 96.2 -134.34
1192 110.33 -82.17
1193 154.59 -75.16
1194 3.3 -77.5
1195 67.56 -35.53
1196 149.19 -130.51
1197 50.48 -98.09
1198 168.09 -43.53
1199 163.13 -153.95
1200 101.85 -26.1
1201 59.68 -104.38
1202 117.28 -125.4
1203 87.68 -126.79
1204 11.71 -155.12
1205 90.45 -25.41
1206 7.27 -116.58
1207 46.27 -3.65
1208 78.81 -117.6
1209 42.63 -48.38
1210 83.91 -82.11
1211 60.15 -140.71
1212 86.32 -50.1
1213 124.15 -141.15
1214 112.1 -71.42
1215 128.04 -104.29
1216 25.67 -61.47
1217 3.88 -35.24
1218 162.03 -173.47
1219 176.11 -122.08
1220 178.01 -21.27
1221 137.85 -83.56
1222 117.73 -2.29
1223 119.89 -1.13
1224 49.51 -44.07
1225 156.7 -10.04
1226 150.75 -163.95
1227 61.57 -64.37
1228 22.52 -54.08
1229 156.02 -2.73
1230 137.54 -165.15
1231 43.62 -131.58
1232 166.82 -163.21
1233 1.21 -78.02
1234 47.63 -176.38
1235 14.65 -24.84
1236 138.93 -42.64
1237 75.45 -0.02
1238 1.15 -73.66
1239 148.25 -42.87
1240 52.91 -81.19
1241 92.66 -121.96
1242 3.33 -20.67
1243 105.27 -154.23
1244 4.48 -25.86
1245 38.53 -78.29
1246 26.87 -142.02
1247 152.76 -82.15
1248 7.7 -41.21
1249 65.11 -153.97
1250 178.81 -85.85
1251 128.49 -110.28
1252 110.31 -165.26
1253 86.45 -20.95
1254 63.82 -141.98
1255 70.69 -51.7
1256 173.66 -147.25
1257 167.92 -163.35
1258 134.59 -24.52
1259 80.9 -90.19
1260 16 -139.07
1261 128.62 -119.43
1262 49.1 -73.39
1263 145.13 -98.38
1264 69.35 -87.32
1265 173.17 -27.24
1266 137.53 -95.68
1267 108.47 -149.19
1268 170.14 -95.36
1269 54.34 -11.92
1270 63.62 -81.48
1271 45.73 -125.04
1272 105.39 -84.81
1273 109.33 -61.18
1274 181.89 -87.5
1275 74.1 -37.75
1276 157.18 -45.42
1277 118.81 -19.72
1278 118.1 -53.8
1279 141.13 -80.94
1280 138.71 -34.97
1281 161.17 -161.82
1282 128.01 -93.24
1283 5.6 -86.64
1284 98.56 -145.67
1285 74.67 -90.46
1286 32.5 -162.19
1287 64 -150.93
1288 29.11 -168.42
1289 72.92 -20.85
1290 58.6 -58.52
1291 103.94 -177.54
1292 14.26 -63.3
1293 147.62 -70.28
1294 151.22 -132.36
1295 14.85 -136.27
1296 115.1 -137.45
1297 47.69 -176.03
1298 79.67 -90.63
1299 53.31 -83.81
1300 174.28 -178.24
1301 4.95 -158.5
1302 126.43 -54.3
1303 39.72 -68.95
1304 120.32 -3.06
1305 61.59 -143.17
1306 137.71 -26.44
1307 89.74 -13.05
1308 83.33 -182.5
1309 131.86 -84.88
1310 38.16 -82.08
1311 36.53 -146.72
1312 139.75 -0.78
1313 91.41 -114.75
1314 15.56 -66.94
1315 62.18 -175.24
1316 150.75 -6.84
1317 91.67 -67.13
1318 166.6 -94.18
1319 97.25 -131.39
1320 122.08 -103.92
1321 130.36 -6.36
1322 19.41 -76.8
1323 76.3 -67.62
1324 152.51 -133.27
1325 32.35 -55.68
1326 49.92 -38.19
1327 38.97 -99.4
1328 31.15 -37.19
1329 104.14 -130.38
1330 122.63 -46.72
1331 84.08 -13.84
1332 111.5 -120.9
1333 62.6 -175.75
1334 154.67 -95.1
1335 46.55 -7.37
1336 13.73 -93.75
1337 18.07 -24.43
1338 122.58 -63.67
1339 13.94 -124.89
1340 180.58 -92.09
1341 130.28 -76.81
1342 176.21 -78.02
1343 115.22 -16.77
1344 147.15 -54.89
1345 132.13 -66.88
1346 80.72 -117.3
1347 85.72 -33.21
1348 56.49 -9.22
1349 104.33 -148.33
1350 155.7 -58.68
1351 152.43 -181.4
1352 22.83 -16.96
1353 80.63 -170.51
1354 112.4 -145.41
1355 85.02 -125.09
1356 49.42 -140.5
1357 35.53 -62.82
1358 79.59 -73.15
1359 128.04 -181.27
1360 65.15 -74.27
1361 39.09 -77.17
1362 140.91 -145.87
1363 155.1 -124.82
1364 120.67 -14.4
1365 73.08 -106.95
1366 105.35 -93.37
1367 140.85 -73.03
1368 91.06 -158.7
1369 151.64 -69
1370 11.09 -50.99
1371 8.49 -53.66
1372 147.01 -60.51
1373 133.67 -74.54
1374 72.81 -43.6
1375 148.39 -109.23
1376 3.41 -137.96
1377 131.36 -35.01
1378 7.35 -144.32
1379 158.72 -103.46
1380 57.93 -128.02
1381 68.91 -79.32
1382 182.87 -10.8
1383 17.02 -26.77
1384 95.77 -90.94
1385 141.93 -168.66
1386 69.85 -137.39
1387 45.42 -180.94
1388 103.01 -33.86
1389 107.98 -26.61
1390 135.85 -175.82
1391 161.31 -103.9
1392 138.91 -139.26
1393 100.58 -109.67
1394 60.65 -146.26
1395 91.28 -106.82
1396 33.66 -118.58
1397 159.9 -160.19
1398 34.48 -33.53
1399 154.99 -176.92
1400 162.59 -160.78
1401 115.17 -144.44
1402 142.39 -79.96
1403 113.82 -160.59
1404 34.73 -92.92
1405 85.74 -69.32
1406 173.22 -170.58
1407 157.36 -94.57
1408 21.24 -129.13
1409 92.39 -105.46
1410 29.28 -112.41
1411 78.51 -31.19
1412 38.91 -93.46
1413 157.51 -55.41
1414 49.34 -73.39
1415 51.17 -129.51
1416 121.47 -59.45
1417 139.41 -13.86
1418 21.98 -111.38
1419 21.3 -100.75
1420 170.07 -56.71
1421 44.29 -137.57
1422 49.14 -160.3
1423 106.43 -49.17
1424 154.63 -100.91
1425 30.32 -46.35
1426 77.54 -31.43
1427 124.89 -108.84
1428 11.77 -116.45
1429 37.37 -129.92
1430 106.95 -91.63
1431 151.08 -119.06
1432 132.93 -45.43
1433 156.81 -138.01
1434 55.76 -2.43
1435 59.14 -178.12
1436 132.69 -42.84
1437 50.66 -133.95
1438 0.12 -29.35
1439 130.26 -157.09
1440 50.96 -154.75
1441 3.18 -8.11
1442 147.47 -128.51
1443 92.48 -158.59
1444 105.51 -159.24
1445 67.88 -129.85
1446 65.92 -59.99
1447 105.42 -66.48
1448 21.5 -46.37
1449 48.8 -79.23
1450 104.87 -107.78
1451 150.62 -138.46
1452 89.41 -85.08
1453 114.44 -18.28
1454 22.9 -120.05
1455 122.32 -92.22
1456 100.33 -73.86
1457 49.89 -156.02
1458 131.61 -95.32
1459 71.57 -142.38
1460 89.23 -84.64
1461 144.63 -169.97
1462 53.45 -2.67
1463 79.56 -67.05
1464 176.81 -105.47
1465 30.26 -128.36
1466 114.34 -98.68
1467 0.77 -28.4
1468 77.21 -51.27
1469 171.32 -145.73
1470 54.95 -130.63
1471 52.01 -110.64
1472 83.66 -2.81
1473 98.13 -101.91
1474 61.29 -62.79
1475 177.96 -17.22
1476 34.71 -181.04
1477 31.24 -170.11
1478 84.69 -118.69
1479 41.16 -110.8
1480 86.69 -78.5
1481 24.7 -101.94
1482 160.87 -18.03
1483 69.31 -55.99
1484 18.72 -55.08
1485 33.23 -88.15
1486 15.8 -104.2
1487 137.53 -85.24
1488 4.15 -129.98
1489 40.3 -52.66
1490 100.41 -95.96
1491 124.53 -65.78
1492 52.89 -135.12
1493 70.81 -155.77
1494 114.09 -137.58
1495 63.6 -142.5
1496 91.96 -17.78
1497 66.34 -88.31
1498 174.82 -69.83
1499 155.43 -166.17
1500 71.32 -41.07
1501 145.27 -5.66
1502 90.91 -117.64
1503 95.15 -130.32
1504 182.98 -125.58
1505 69.07 -135.45
1506 18.23 -130.91
1507 83.04 -41.12
1508 13.89 -71.12
1509 56.23 -1.37
1510 174.39 -158.5
1511 23.81 -119.83
1512 55.66 -83.36
1513 153.19 -90.15
1514 73.32 -47.49
1515 119.08 -125.63
1516 161.81 -175.16
1517 109.81 -81.35
1518 59.19 -100.24
1519 42.83 -21.96
1520 4.93 -59.17
1521 37.61 -142.42
1522 0.54 -23.16
1523 124.8 -151.17
1524 0.06 -44.95
1525 50.97 -181.03
1526 148.39 -174.46
1527 74.82 -74.78
1528 12.45 -21.05
1529 99.06 -75.53
1530 48.68 -116.29
1531 108.46 -35.14
1532 147.01 -27.5
1533 127.74 -35.27
1534 87.75 -23.2
1535 112.9 -18.09
1536 8.03 -92.68
1537 146.36 -150.51
1538 149.2 -8.57
1539 84.04 -88.16
1540 116.72 -149.26
1541 140.72 -135.02
1542 57.32 -112.63
1543 164.2 -63.06
1544 138.6 -69.78
1545 3.07 -80.27
1546 145.93 -4.28
1547 62.3 -142.05
1548 24.84 -109.95
1549 163.67 -7.05
1550 25.14 -112.59
1551 22.27 -93.57
1552 91.6 -33.18
1553 72.27 -16.15
1554 104.32 -57.8
1555 24.07 -3.84
1556 138.86 -68.56
1557 181.19 -12.31
1558 75.38 -13.18
1559 113.48 -162.39
1560 90.18 -61.5
1561 96.3 -116.56
1562 106.13 -53.12
1563 10.59 -158.61
1564 165.66 -130.98
1565 60.57 -174.26
1566 84.84 -38.32
1567 102.02 -113.37
1568 129.52 -23.96
1569 81.77 -21.82
1570 25.66 -81.36
1571 180.44 -136.36
1572 148.67 -12.04
1573 55.74 -26.15
1574 36.07 -71.57
1575 133.07 -169.23
1576 133.31 -126.25
1577 26.89 -46.38
1578 21.99 -56.44
1579 34.94 -37.48
1580 28.75 -35.17
1581 104.01 -126.04
1582 86.93 -144.11
1583 168.07 -23.04
1584 75.38 -33.45
1585 145.34 -66.84
1586 20.2 -131.56
1587 143.6 -173.3
1588 16.46 -16.4
1589 87.97 -16.34
1590 33.09 -52.53
1591 26.3 -68.57
1592 114.95 -166.4
1593 70.37 -53.2
1594 90.68 -167.46
1595 19.63 -105.31
1596 48.35 -119.43
1597 80.54 -123.64
1598 177.2 -135.28
1599 16.26 -96.14
1600 162.98 -69.58
1601 18.14 -9.12
1602 182.42 -30.71
1603 77.63 -9.26
1604 25.61 -15.88
1605 98.93 -165.6
1606 51.17 -89.22
1607 72.63 -125.24
1608 25.96 -13.64
1609 181.1 -143
1610 95.83 -116.64
1611 83.6 -48.25
1612 171.9 -174.71
1613 126.99 -11.66
1614 107.8 -13.62
1615 113.73 -173.77
1616 182.89 -118.31
1617 179.54 -131.87
1618 171.66 -182.32
1619 45.72 -74.17
1620 87.29 -44.79
1621 134.01 -175.18
1622 147.94 -168.99
1623 30.15 -23.64
1624 14.16 -173.9
1625 138.06 -28.26
1626 76.51 -140.52
1627 132.23 -69.18
1628 111.37 -95.93
1629 109.56 -76.22
1630 97.52 -66.69
1631 2 -40.29
1632 19.68 -97.41
1633 127.25 -29.06
1634 133.75 -38.86
1635 83.65 -20.5
1636 12.68 -68.57
1637 85.08 -34.67
1638 88.83 -8.14
1639 182.04 -115.23
1640 174.01 -133.52
1641 91.04 -167.62
1642 84.33 -98.05
1643 10.98 -40.27
1644 147.01 -12.7
1645 79.39 -151.06
1646 38.87 -61.53
1647 158.95 -111.92
1648 140.98 -89.08
1649 127.94 -133.72
1650 154.22 -122.26
1651 7.83 -28.6
1652 63.27 -14.42
1653 22.56 -92.91
1654 25.14 -182.62
1655 133.14 -52.12
1656 67.27 -16.16
1657 144.73 -41.18
1658 111.97 -151.6
1659 164.3 -155.71
1660 154.3 -75.99
1661 168.04 -91.21
1662 20.13 -10.17
1663 99.25 -174.51
1664 125.24 -8.64
1665 130.9 -74.72
1666 103.32 -126.98
1667 141.41 -169.25
1668 79.16 -14.11
1669 13.73 -11.49
1670 94.14 -134.82
1671 181.5 -177.4
1672 66.1 -161.41
1673 160.53 -143.23
1674 146.47 -178.08
1675 101.59 -141.83
1676 80.56 -117.77
1677 127.94 -86.63
1678 78.15 -131.22
1679 139.86 -74.72
1680 179.96 -50.91
1681 177.89 -118.28
1682 104.53 -100.28
1683 144.91 -166.82
1684 25.84 -31.21
1685 166.03 -6.16
1686 0.56 -119.98
1687 128.91 -12.06
1688 155.29 -66.67
1689 92.27 -106.44
1690 95.79 -118.76
1691 53.53 -10.86
1692 97.49 -176.35
1693 155.09 -29
1694 134.24 -175.64
1695 74.07 -111.95
1696 77.75 -131.2
1697 79 -68.97
1698 83.31 -29.8
1699 91.53 -71.43
1700 77.59 -109.15
1701 46.13 -105.09
1702 117.15 -108.68
1703 22.87 -22.56
1704 129 -89.44
1705 55.73 -115.14
1706 126 -72.31
1707 96.19 -109.26
1708 168.78 -71.01
1709 94.18 -68.28
1710 27.76 -150.54
1711 98.74 -168.25
1712 54.22 -136.03
1713 165.84 -25.26
1714 96.69 -137.54
1715 94.21 -104.89
1716 26.98 -174.29
1717 130.49 -170.87
1718 10.43 -144.13
1719 81.1 -153.36
1720 116.02 -169.96
1721 59.27 -136.83
1722 93.61 -89.54
1723 160.55 -155.46
1724 71.27 -79.4
1725 46.94 -71.73
1726 56.99 -99.03
1727 52.06 -176.21
1728 18.47 -141.73
1729 126.79 -65.42
1730 17.84 -115.17
1731 136.98 -38.01
1732 25.88 -44.82
1733 36.48 -114.99
1734 85.35 -36.31
1735 23.27 -117.58
1736 71.41 -48.89
1737 138.43 -113.07
1738 116.05 -165.02
1739 91.94 -115.98
1740 4.72 -4.32
1741 133.87 -169.41
1742 162.62 -92.23
1743 50.96 -33.46
1744 129.4 -28.61
1745 174.3 -177.76
1746 32.77 -147.24
1747 9.07 -158.8
1748 90.79 -58.65
1749 125.48 -45.55
1750 163.13 -23.66
1751 72.55 -148.76
1752 109.35 -82.06
1753 94.6 -27.98
1754 143.97 -42.4
1755 46.73 -34.07
1756 20.48 -179.21
1757 -88.44 -28.12
1758 -61.58 -30.62
1759 -59.23 -169.92
1760 -164.68 -7.99
1761 -155.23 -81.06
1762 -56.86 -44.97
1763 -134.14 -11.82
1764 -57.37 -178.18
1765 -18.84 -76.63
1766 -72.91 -68.02
1767 -180.6 -91.4
1768 -149.9 -182.26
1769 -41.66 -92.21
1770 -126.28 -141.39
1771 -137.6 -118.91
1772 -147.04 -177.28
1773 -24.9 -73.56
1774 -60.49 -25.62
1775 -64.13 -114.65
1776 -43.23 -72.69
1777 -117.67 -66.89
1778 -78.71 -100.1
1779 -125.8 -68.81
1780 -175.96 -166.61
1781 -82.15 -144.64
1782 -53.04 -65.87
1783 -65.13 -79.76
1784 -19.49 -19.95
1785 -161.34 -137.32
1786 -73.23 -145.77
1787 -170.57 -146.47
1788 -67.55 -37.27
1789 -93.42 -42.99
1790 -5.16 -158.56
1791 -48.26 -5.07
1792 -71.96 -48.4
1793 -179.02 -13.45
1794 -112.78 -181.2
1795 -164.81 -121.82
1796 -83.46 -105.75
1797 -171.62 -94.48
1798 -174.24 -167.03
1799 -34.5 -84.28
1800 -38.6 -10.73
1801 -4.02 -43.36
1802 -6.83 -111.83
1803 -179.63 -174.59
1804 -34.58 -104.91
1805 -80.47 -120.57
1806 -125.64 -39.75
1807 -118.67 -128.73
1808 -172.7 -45.13
1809 -73.85 -114.69
1810 -84.03 -102.49
1811 -25.24 -86.18
1812 -180.66 -167.49
1813 -151.52 -44.38
1814 -128.66 -171.91
1815 -30.16 -33.54
1816 -76.91 -14.78
1817 -157.14 -34.19
1818 -56.3 -114.26
1819 -36.17 -153.77
1820 -121.86 -121.41
1821 -8.68 -116.65
1822 -92.9 -95.02
1823 -140.15 -127.35
1824 -89.56 -82.61
1825 -32.62 -61.52
1826 -147.7 -173.59
1827 -5.6 -88.38
1828 -132.76 -145.37
1829 -164.8 -4.65
1830 -38.19 -108.95
1831 -123.73 -42.48
1832 -76.67 -115.1
1833 -46.37 -97.87
1834 -99.16 -163.5
1835 -132.43 -82.54
1836 -46.71 -38.02
1837 -163.57 -141.11
1838 -115.98 -139.62
1839 -69.75 -151.24
1840 -29.77 -22.54
1841 -43.65 -102.37
1842 -7.75 -177.47
1843 -170.36 -49.25
1844 -53.9 -171.03
1845 -96.98 -182.68
1846 -42.17 -92.1
1847 -54.72 -68.24
1848 -13.63 -149.36
1849 -160.38 -101.09
1850 -31.16 -143.32
1851 -28.86 -109.81
1852 -98.44 -108.39
1853 -65.01 -9.43
1854 -160.68 -31.42
1855 -84.48 -165.28
1856 -84.65 -7.45
1857 -32.44 -128.13
1858 -24.91 -122.92
1859 -110.96 -50.33
1860 -80.53 -109.33
1861 -18.43 -24.94
1862 -123.7 -122.7
1863 -119.59 -103.68
1864 -52.29 -137.34
1865 -97.66 -96.97
1866 -54.31 -83.45
1867 -39.37 -126.52
1868 -166.48 -152.75
1869 -1.18 -134.9
1870 -117.19 -144.16
1871 -182.13 -85.66
1872 -61.32 -49.36
1873 -172.29 -62.09
1874 -112.42 -116.75
1875 -43.08 -100.25
1876 -155.71 -9.96
1877 -163.18 -92.04
1878 -12.72 -96.42
1879 -50.76 -99.77
1880 -44.27 -65.01
1881 -178.99 -178.94
1882 -152.98 -98.58
1883 -68.33 -35.36
1884 -170.26 -166.98
1885 -128.14 -100.03
1886 -33.22 -104.45
1887 -153.82 -157.79
1888 -36.89 -125.06
1889 -58.81 -143.11
1890 -90.88 -149.31
1891 -6.79 -101.89
1892 -10.93 -63.59
1893 -160.01 -169.98
1894 -86.75 -23.65
1895 -119.19 -58.29
1896 -84.75 -161.54
1897 -77.12 -115.18
1898 -150.54 -85.26
1899 -69.24 -175.98
1900 -93.01 -168.32
1901 -120.3 -14.39
1902 -172.18 -156.75
1903 -98.81 -91.12
1904 -81.75 -26.07
1905 -22.91 -157.62
1906 -76.52 -172.63
1907 -53.22 -29.7
1908 -16.68 -117.97
1909 -172.15 -60.76
1910 -119.05 -133.96
1911 -143.02 -108.34
1912 -71.04 -20.81
1913 -136.59 -67.67
1914 -60.65 -69.1
1915 -54.42 -22.83
1916 -67.74 -1.18
1917 -157.94 -174.72
1918 -113.36 -56.93
1919 -113.52 -73.75
1920 -48.38 -42.63
1921 -32.26 -166.95
1922 -44.18 -155.42
1923 -120.91 -116.01
1924 -24.29 -91.38
1925 -42.34 -110.06
1926 -65.92 -143.34
1927 -11.67 -32.89
1928 -100.56 -136.96
1929 -53.58 -148.26
1930 -18.62 -161.21
1931 -9.91 -108.01
1932 -130.25 -86.36
1933 -143.29 -167.85
1934 -89.13 -60.62
1935 -103.25 -104.34
1936 -118.81 -168.03
1937 -170.97 -166.04
1938 -129.57 -162.99
1939 -71.38 -108.88
1940 -66.47 -1.38
1941 -144.72 -144.24
1942 -177.13 -162.91
1943 -116.88 -3.92
1944 -182.7 -94.69
1945 -103.42 -170.46
1946 -125.99 -18.32
1947 -104.69 -143.86
1948 -159.23 -73.25
1949 -164.39 -95.5
1950 -47.36 -65.36
1951 -80.91 -115.16
1952 -128.72 -166.18
1953 -176.69 -68.88
1954 -25.29 -105.81
1955 -107.19 -65.07
1956 -56.84 -122.28
1957 -102.19 -99.44
1958 -133.88 -81.49
1959 -176.19 -66.59
1960 -84.58 -133.58
1961 -182.43 -127.13
1962 -118.51 -27.57
1963 -131.34 -134.64
1964 -47.14 -94.75
1965 -7.63 -143.25
1966 -75.42 -125.03
1967 -138.73 -119.07
1968 -4.95 -51.66
1969 -157.48 -132.42
1970 -45.02 -60.76
1971 -0.04 -81.67
1972 -181.11 -132.38
1973 -30.87 -132.76
1974 -16.35 -162.51
1975 -113.1 -54.58
1976 -29.24 -100.93
1977 -159.03 -143.05
1978 -94.69 -147.75
1979 -59.5 -107.37
1980 -67.63 -172.35
1981 -114.38 -97.66
1982 -33.73 -173.57
1983 -42.23 -70.11
1984 -50.06 -69.2
1985 -160.49 -16.71
1986 -128.91 -125.6
1987 -74.98 -8.05
1988 -140.81 -157.54
1989 -137.06 -105.85
1990 -160.44 -157.17
1991 -105.62 -97.68
1992 -57.73 -6.68
1993 -1.95 -81.65
1994 -36.55 -152.42
1995 -141.77 -91.98
1996 -6.64 -134.7
1997 -155.79 -73.16
1998 -173.79 -70.89
1999 -140.09 -15.02
2000 -62.26 -71.37
2001 -44.49 -117.58
2002 -125.64 -8.17
2003 -13.23 -119.47
2004 -72.85 -113.97
2005 -118.66 -150.29
2006 -64.97 -80.81
2007 -118.01 -41.29
2008 -153.46 -153.22
2009 -122.64 -119.96
2010 -28.94 -7.01
2011 -172.23 -81.42
2012 -2.1 -66.1
2013 -136.99 -145.02
2014 -160.05 -23.41
2015 -125.31 -124.61
2016 -89.71 -69.83
2017 -108.52 -169.8
2018 -106.28 -62.87
2019 -176.85 -121.75
2020 -119.57 -26.65
2021 -107.46 -112.51
2022 -153.8 -32.06
2023 -2.29 -72.99
2024 -40.47 -124.27
2025 -161.8 -124.93
2026 -53.87 -69.42
2027 -166.04 -151.04
2028 -143.58 -86.49
2029 -109.91 -120.04
2030 -92.17 -151.15
2031 -37.98 -52.22
2032 -39.02 -181.88
2033 -61.76 -146.5
2034 -115.78 -175.82
2035 -49.99 -55.61
2036 -15.64 -52.35
2037 -84.41 -4.97
2038 -77.96 -16.97
2039 -171.76 -86.7
2040 -59.16 -118.44
2041 -35.38 -150.56
2042 -149.12 -113.03
2043 -16.53 -18.42
2044 -168.98 -140.23
2045 -108.38 -156.96
2046 -56.7 -78.15
2047 -77.04 -146.37
2048 -140.39 -126.24
2049 -149.59 -169.32
2050 -72.45 -73.17
2051 -156.04 -16.58
2052 -21.56 -88.09
2053 -105.06 -57.46
2054 -144.16 -130.04
2055 -65.48 -93.82
2056 -91.91 -50.84
2057 -163.88 -100.86
2058 -149.81 -88.55
2059 -45.78 -27.93
2060 -32.41 -135.79
2061 -61.47 -1.69
2062 -178.58 -119.63
2063 -62.87 -169.03
2064 -155.35 -135.97
2065 -56.67 -59.98
2066 -76.57 -44.8
2067 -132.89 -29.71
2068 -87.17 -128.65
2069 -75.69 -85.48
2070 -26.82 -78.86
2071 -160.22 -141.18
2072 -89.56 -118.73
2073 -54.81 -171.62
2074 -47.07 -86.89
2075 -39.69 -100.59
2076 -132.8 -79.48
2077 -46.63 -131.68
2078 -117.71 -128.38
2079 -111.88 -109.51
2080 -169.49 -90.06
2081 -134.86 -168.55
2082 -45.78 -93.58
2083 -39.23 -115.27
2084 -17.75 -163.48
2085 -89.86 -145.45
2086 -103.63 -44.58
2087 -10.83 -67.08
2088 -55.71 -40.71
2089 -127.61 -65.64
2090 -13.76 -102.78
2091 -29.79 -14.82
2092 -146.5 -177.08
2093 -122.47 -76.42
2094 -33.45 -81.21
2095 -171.27 -51.35
2096 -67.42 -50.47
2097 -144.05 -153.65
2098 -85.92 -113.2
2099 -93.68 -30.81
2100 -176.26 -134.2
2101 -26.3 -31.06
2102 -98.15 -127.41
2103 -15.64 -67.65
2104 -133.3 -153.86
2105 -104.16 -143.25
2106 -5.59 -177.58
2107 -171.66 -133.95
2108 -57.9 -152.09
2109 -80.82 -141.65
2110 -10 -91.35
2111 -141.82 -99.61
2112 -70.26 -107.94
2113 -68.67 -133.4
2114 -164.21 -3.71
2115 -168.43 -162.35
2116 -40.94 -4.99
2117 -132.4 -11.73
2118 -79.38 -139.09
2119 -140.47 -148.04
2120 -138.82 -60.2
2121 -85.3 -92.15
2122 -43.11 -144.41
2123 -113.51 -104.49
2124 -63.14 -131.53
2125 -39.88 -41.85
2126 -141.47 -103.67
2127 -59.13 -181.71
2128 -132.11 -59.25
2129 -62.96 -127.8
2130 -137.68 -143.84
2131 -148.83 -48.39
2132 -90.64 -178.62
2133 -134.71 -98.23
2134 -93.79 -17.55
2135 -77.75 -122.7
2136 -31.85 -49.61
2137 -41.55 -10.58
2138 -115.07 -105.48
2139 -54.01 -2.58
2140 -44.43 -25.73
2141 -159.92 -124.42
2142 -123.13 -2.9
2143 -62.16 -36.06
2144 -11.38 -102.76
2145 -63.6 -155.64
2146 -51.56 -149.06
2147 -144.68 -59.95
2148 -5.7 -142.2
2149 -7.27 -126.91
2150 -97.13 -99.49
2151 -179.63 -115.55
2152 -126.13 -159.51
2153 -81.99 -38.18
2154 -40.76 -88.72
2155 -144.97 -166.53
2156 -138.47 -85.19
2157 -118.62 -152.42
2158 -36 -78.6
2159 -28.88 -180.78
2160 -0.94 -47.38
2161 -13.45 -123
2162 -182.95 -52.5
2163 -42.23 -5.65
2164 -132.57 -5.65
2165 -135.66 -80.02
2166 -12.57 -77.22
2167 -53.73 -132.29
2168 -170.47 -169.22
2169 -74.94 -166.25
2170 -149.78 -58.75
2171 -143.95 -67.44
2172 -36.86 -105.25
2173 -31.37 -110.09
2174 -138.39 -72.86
2175 -150.76 -90.77
2176 -30.77 -139.33
2177 -39.36 -164.21
2178 -17.39 -61.24
2179 -97.41 -112.11
2180 -9.13 -149.96
2181 -74.7 -50.07
2182 -29.89 -21.71
2183 -7.93 -128.44
2184 -111.69 -17.36
2185 -106.64 -113.4
2186 -28.36 -108.99
2187 -61.76 -67.59
2188 -25.2 -65.22
2189 -168.6 -123.65
2190 -31.42 -163.59
2191 -119.92 -136.36
2192 -148.1 -92.71
2193 -1.47 -6.8
2194 -118.91 -165.49
2195 -162.97 -98.88
2196 -179.47 -128.05
2197 -180.28 -54.67
2198 -0.11 -26.36
2199 -74.25 -35.73
2200 -179.65 -142.32
2201 -68.31 -180.89
2202 -96 -25.01
2203 -90.23 -130.07
2204 -70.72 -121.2
2205 -101.79 -106.35
2206 -59.72 -132.66
2207 -72.89 -69.23
2208 -76.04 -55.34
2209 -68.35 -74.36
2210 -173.24 -42.47
2211 -18.04 -48.32
2212 -133.51 -169.72
2213 -13.08 -15.32
2214 -81.58 -164.15
2215 -123.47 -87.33
2216 -115.74 -78.23
2217 -103.25 -39.31
2218 -169.38 -28.74
2219 -149.94 -41
2220 -147.36 -87.63
2221 -67.81 -99.25
2222 -168.49 -54.6
2223 -140.46 -140.71
2224 -32.07 -92.05
2225 -134.52 -25.81
2226 -74.13 -52.84
2227 -70.08 -152.57
2228 -15.41 -55.16
2229 -36.31 -113.68
2230 -48.54 -96.99
2231 -175.23 -159.79
2232 -46.62 -164.28
2233 -10.03 -126
2234 -167 -63.52
2235 -151.15 -7.49
2236 -106.75 -161.88
2237 -64 -66.49
2238 -54.72 -92.24
2239 -1.29 -21.46
2240 -47.27 -86.79
2241 -170.15 -166.33
2242 -135.9 -151.92
2243 -54.61 -57.23
2244 -170.92 -151.32
2245 -65.31 -90.92
2246 -98.23 -66.98
2247 -48.26 -88.06
2248 -31.06 -144.85
2249 -25.38 -58.29
2250 -65.79 -45.59
2251 -54.99 -24.05
2252 -90.54 -20.06
2253 -112.3 -119
2254 -170.98 -145.26
2255 -79.58 -144.11
2256 -127.44 -65.78
2257 -34.7 -66.73
2258 -154.49 -80.35
2259 -79.19 -89.31
2260 -27.76 -172.93
2261 -56.91 -144.5
2262 -49.57 -125.99
2263 -118.37 -105.17
2264 -10.99 -111.15
2265 -156.74 -143.75
2266 -167.8 -107.3
2267 -127.36 -28.74
2268 -178.26 -105.87
2269 -98.65 -87.18
2270 -78.81 -166.24
2271 -49.02 -25.75
2272 -123.01 -23.25
2273 -134.12 -114.25
2274 -51.08 -94.5
2275 -114.95 -30.31
2276 -22.34 -78.84
2277 -52.36 -171.86
2278 -124.55 -102.43
2279 -61.1 -170.73
2280 -162 -135.54
2281 -90.36 -65.37
2282 -94.11 -177.32
2283 -100.19 -65.24
2284 -152.42 -119.89
2285 -103.13 -46.37
2286 -72.12 -48.23
2287 -102.01 -182.68
2288 -113.93 -42.65
2289 -167.67 -83.65
2290 -113.97 -165.01
2291 -91.38 -99.62
2292 -119 -166.83
2293 -86.26 -174.26
2294 -161.99 -60.56
2295 -43.62 -177.88
2296 -60.25 -171.51
2297 -165.83 -133.99
2298 -16.23 -1.88
2299 -121.77 -113.55
2300 -159.92 -16.18
2301 -94.93 -72.43
2302 -72.11 -79.56
2303 -152.74 -13.94
2304 -97.6 -3.04
2305 -15.57 -137.41
2306 -54.04 -59.09
2307 -42.92 -137.47
2308 -128.73 -173.04
2309 -81.12 -159.7
2310 -154.58 -138.24
2311 -126.75 -124.75
2312 -106.26 -31.84
2313 -33.72 -109.59
2314 -40.14 -122.49
2315 -169.19 -3.02
2316 -75.45 -47.58
2317 -157.66 -81.13
2318 -95.07 -147.56
2319 -181.12 -127.4
2320 -112.34 -40.19
2321 -99.28 -44.21
2322 -29.21 -13.9
2323 -3.94 -172.72
2324 -149.42 -157.94
2325 -143.71 -115.59
2326 -57.34 -151.53
2327 -30.89 -87.46
2328 -44.57 -163.6
2329 -133.61 -95.13
2330 -98.15 -115.23
2331 -162.81 -119.81
2332 -48.46 -173.6
2333 -168.68 -168
2334 -142.92 -143.53
2335 -0.73 -14.32
2336 -89.06 -72.26
2337 -86.16 -130.53
2338 -120.26 -118.27
2339 -93.21 -120.63
2340 -83.74 -117.2
2341 -116.25 -53.92
2342 -171.91 -141.08
2343 -152.2 -147.14
2344 -59.28 -33.48
2345 -148.72 -133.33
2346 -70.14 -157.43
2347 -178.56 -159.05
2348 -174.57 -118.6
2349 -109.66 -11.76
2350 -26.09 -165.02
2351 -54.28 -140.91
2352 -118.96 -115.15
2353 -50.42 -170.97
2354 -139.12 -56.22
2355 -20.95 -174.15
2356 -75.6 -39.86
2357 -28.46 -137.2
2358 -101.35 -95.03
2359 -159.03 -180.66
2360 -161.51 -8.15
2361 -165.58 -124.75
2362 -131.33 -79.18
2363 -45.3 -8.66
2364 -20.43 -153.42
2365 -135.44 -154.96
2366 -143.39 -46.52
2367 -9.19 -37.25
2368 -55.74 -79.36
2369 -166.1 -90.13
2370 -111.8 -42.38
2371 -82.24 -4.05
2372 -171.78 -34.92
2373 -129.95 -141.22
2374 -169.4 -120.65
2375 -128.8 -105.99
2376 -78.26 -147.91
2377 -44.09 -141.9
2378 -181.09 -57.11
2379 -27.54 -89.4
2380 -91.88 -18.52
2381 -95.56 -10.5
2382 -47.75 -52.28
2383 -162.16 -135.27
2384 -42.4 -134.01
2385 -176.39 -145.26
2386 -179.84 -154.2
2387 -6.13 -106.15
2388 -64.37 -16.14
2389 -136.79 -166.6
2390 -89.59 -81.29
2391 -46.21 -113.11
2392 -102.53 -167.86
2393 -41.97 -120.82
2394 -27.22 -100.62
2395 -149.66 -100.03
2396 -110.54 -119.11
2397 -18.91 -62.22
2398 -14.49 -5.81
2399 -139.83 -181.07
2400 -173.85 -87.41
2401 -89.14 -163.74
2402 -86.9 -18.21
2403 -64.87 -125.79
2404 -109.39 -181.79
2405 -80.09 -49.18
2406 -162.29 -15.99
2407 -31.37 -156.82
2408 -94.64 -112.35
2409 -29.97 -103.86
2410 -20.9 -121.87
2411 -88.5 -179.64
2412 -89.38 -161.96
2413 -167.77 -107.41
2414 -136 -134.4
2415 -69.33 -124.6
2416 -105.35 -157.37
2417 -23.11 -158.47
2418 -131.78 -39.77
2419 -38.56 -87.98
2420 -137.17 -58.18
2421 -104.69 -118.65
2422 -122.99 -146.98
2423 -76.33 -166.58
2424 -87.44 -34.64
2425 -156.51 -136.83
2426 -163.99 -138.86
2427 -117.82 -92.53
2428 -47.46 -70.37
2429 -52.29 -102.6
2430 -74.72 -0.46
2431 -5.35 -152.15
2432 -127.62 -180.07
2433 -36.84 -58.98
2434 -146.97 -106.93
2435 -165.11 -105.93
2436 -72.1 -131.66
2437 -95.64 -117.32
2438 -100.9 -12.1
2439 -46.74 -171.98
2440 -156.33 -5.34
2441 -174.73 -50.77
2442 -143.3 -137.32
2443 -55.21 -109.55
2444 -29.15 -7.76
2445 -38.74 -107.51
2446 -76.66 -103.88
2447 -131.47 -74.61
2448 -133.6 -51.8
2449 -158.73 -15.84
2450 -121.77 -128.09
2451 -76.75 -171.36
2452 -105.68 -41.39
2453 -84.01 -172.39
2454 -8.89 -54.1
2455 -89.97 -130.75
2456 -29.04 -165.22
2457 -119.54 -81.7
2458 -8.25 -172.34
2459 -27.62 -174.76
2460 -129.79 -67.93
2461 -171.81 -96.88
2462 -19.02 -53.97
2463 -136.29 -150.8
2464 -166.64 -152.62
2465 -97.71 -142.55
2466 -130.91 -135.93
2467 -24.85 -174.46
2468 -11.37 -84.12
2469 -138.22 -108.86
2470 -56.62 -20.27
2471 -33.01 -45.19
2472 -157.41 -116.18
2473 -136.05 -152.56
2474 -174.84 -165.67
2475 -50.6 -163.67
2476 -108.08 -152.15
2477 -23.12 -69.93
2478 -37.73 -127.1
2479 -96.72 -6.93
2480 -149.48 -51.9
2481 -35.35 -41.95
2482 -63.93 -127.92
2483 -29.04 -60.2
2484 -169.07 -75.3
2485 -95.57 -14.78
2486 -90.5 -73.21
2487 -6.39 -128.59
2488 -128.67 -64.91
2489 -78.1 -142.44
2490 -153.64 -151.03
2491 -120.18 -128.7
2492 -46.15 -78.72
2493 -22.82 -173.82
2494 -180.75 -83.89
2495 -166.31 -150.06
2496 -39.53 -147.24
2497 -122.68 -18.66
2498 -78.87 -103.46
2499 -178.76 -151.72
2500 -14.02 -64.94
2501 -168.67 -121.86
2502 -97.97 -104.52
2503 -169.44 -175.06
2504 -165.03 -43.64
2505 -42.19 -64.54
2506 -40.77 -135.67
2507 -31.39 -162.37
2508 -153.19 -86.92
2509 -18.33 -84.73
2510 -82.31 -181.46
2511 -176.22 -1.64
2512 -20.31 -121.84
2513 -42.3 -115.9
2514 -115.14 -99.18
2515 -11.64 -38.06
2516 -7.44 -129.17
2517 -50.69 -180.31
2518 -19.89 -105.41
2519 -149.05 -67.65
2520 -162.72 -1.92
2521 -137.59 -8.24
2522 -18.13 -51.01
2523 -168.45 -16.5
2524 -131.75 -18.84
2525 -17.31 -3.79
2526 -5.43 -61.58
2527 -0.42 -10.53
2528 -156.96 -56.26
2529 -2.96 -73.24
2530 -141.83 -89.1
2531 -35.27 -45.12
2532 -72.95 -149.27
2533 -71.69 -116.49
2534 -31.66 -92.85
2535 -125.29 -68.26
2536 -107.03 -41.9
2537 -92.91 -110.41
2538 -157.43 -125.16
2539 -174.53 -78.37
2540 -112.68 -106.19
2541 -15.29 -8.84
2542 -49.89 -118.11
2543 -21.9 -46.24
2544 -119.48 -23.85
2545 -112.96 -24.86
2546 -69.99 -108.83
2547 -75.11 -178.75
2548 -112.24 -173.46
2549 -83.31 -177.32
2550 -93.1 -174.43
2551 -33.33 -25.61
2552 -136.02 -17.13
2553 -172.82 -126.25
2554 -52.14 -110.45
2555 -64.16 -164.35
2556 -173.19 -164.82
2557 -130.45 -109.98
2558 -156.22 -70.6
2559 -94.46 -182.87
2560 -55.26 -123.22
2561 -49.06 -24.42
2562 -20.17 -155.77
2563 -146.23 -154.69
2564 -149.01 -162.94
2565 -154.37 -46.55
2566 -102.68 -59.11
2567 -76.25 -4.7
2568 -161.47 -86.22
2569 -44.19 -96.59
2570 -77.94 -61.13
2571 -73.47 -108.36
2572 -35.34 -98.65
2573 -169.25 -51.45
2574 -51.32 -39.08
2575 -162.3 -111.23
2576 -166.17 -106.58
2577 -79.35 -28.36
2578 -0.05 -33.87
2579 -13.81 -42.59
2580 -119.66 -179.58
2581 -55.7 -15.7
2582 -50.92 -39.34
2583 -125.56 -162.47
2584 -76.06 -59.92
2585 -121.05 -169.75
2586 -125.63 -1.52
2587 -130.69 -42.05
2588 -93.5 -8.49
2589 -78.09 -147.46
2590 -75.7 -144.82
2591 -98.93 -57.4
2592 -85.76 -58.87
2593 -92.74 -178.28
2594 -68.39 -116.34
2595 -112.92 -137.07
2596 -152.77 -5.05
2597 -74.91 -168.62
2598 -178.61 -51.22
2599 -111.14 -47.99
2600 -34.75 -102.19
2601 -103.71 -49.19
2602 -121.76 -7.9
2603 -46.92 -81.92
2604 -46.39 -32.26
2605 -24.61 -125.01
2606 -29.93 -152.61
2607 -59 -123.54
2608 -149.34 -115.7
2609 -79.56 -151.75
2610 -136.34 -34.74
2611 -70.31 -9.48
2612 -25.63 -136.64
2613 -4.86 -145.23
2614 -10.22 -51.76
2615 -153.96 -116
2616 -12.71 -75.49
2617 -113.92 -105.19
2618 -4.12 -134.48
2619 -14.26 -8.36
2620 -163.89 -81.03
2621 -50.64 -38.87
2622 -162.41 -10.83
2623 -157.05 -109.64
2624 -108.91 -159.28
2625 -41.54 -53.61
2626 -93.61 -92.78
2627 -46.42 -142.37
2628 -104.6 -149.76
2629 -18.53 -81.8
2630 -14.8 -145.35
2631 -68.36 -20.01
2632 -125.2 -58.03
2633 -9.51 -29.8
2634 -68.68 -159.84
2635 -88.39 23.78
2636 -93.17 49.58
2637 -60.41 169.55
2638 -96.2 103.11
2639 -79.39 34.46
2640 -118.59 52.63
2641 -145.41 120.93
2642 -80.3 29.2
2643 -26.49 39.35
2644 -121.15 32.43
2645 -25.3 75.54
2646 -95.55 166.47
2647 -41.51 124.18
2648 -1.51 68.27
2649 -75.64 81.54
2650 -135.84 70.19
2651 -119.77 164.03
2652 -150.59 46.02
2653 -149.13 27.7
2654 -62.16 94.31
2655 -177.46 76.04
2656 -44.49 28.27
2657 -88 139.88
2658 -26.75 155.31
2659 -35.26 114.49
2660 -7.03 178.43
2661 -161.9 60.56
2662 -32.27 133.1
2663 -18.37 50.93
2664 -163 33.78
2665 -103.97 94.01
2666 -75.05 115.84
2667 -9.38 71.27
2668 -98.97 73.16
2669 -167.47 6.03
2670 -112.59 8.66
2671 -36.93 161.93
2672 -149.33 157.08
2673 -159.92 124.93
2674 -86.94 23.61
2675 -19.04 12.18
2676 -103.27 93.97
2677 -44.07 28.46
2678 -109.92 135.54
2679 -16.84 92.97
2680 -3.98 89.92
2681 -53.28 151.33
2682 -39.6 109.55
2683 -30.23 93.19
2684 -99.22 138.58
2685 -147.24 45.22
2686 -24.16 59.34
2687 -33.42 31.69
2688 -4.15 21.01
2689 -75.14 40.86
2690 -53.05 91.09
2691 -32.59 94.18
2692 -153.17 156.32
2693 -139.38 107.18
2694 -17.15 80.09
2695 -170.01 156.22
2696 -124.55 51.66
2697 -8.73 70.81
2698 -164 11.68
2699 -150.26 38.97
2700 -84.19 80.23
2701 -170.09 145.02
2702 -24.23 138.87
2703 -7.41 51.03
2704 -91.9 28.38
2705 -150 82.55
2706 -24.26 144.95
2707 -148.79 182.59
2708 -137.29 177.43
2709 -105.04 105.17
2710 -108.91 1.97
2711 -53.63 122.57
2712 -10.38 50.46
2713 -62.14 92.88
2714 -131.85 174.39
2715 -102.14 59.92
2716 -52.46 63.57
2717 -19.44 89.23
2718 -140.26 76.7
2719 -135.6 57.37
2720 -139.93 49.16
2721 -41.63 102.6
2722 -132.71 11.71
2723 -36.66 7.42
2724 -112.59 87.01
2725 -88.98 141.7
2726 -81.27 69.02
2727 -119.49 173.13
2728 -83.01 91.65
2729 -113.56 29.15
2730 -119.6 31.87
2731 -125.96 32.7
2732 -121.93 172.06
2733 -96.28 145.4
2734 -50.3 79.2
2735 -158.88 48.89
2736 -151.49 37.75
2737 -49.46 17.52
2738 -55.46 101.21
2739 -35.74 86.12
2740 -75.34 15.58
2741 -84.6 124.72
2742 -114.85 4.13
2743 -126.3 51.61
2744 -111.29 14.86
2745 -77.25 56.87
2746 -89.57 47.89
2747 -67.47 20.21
2748 -13.14 28.51
2749 -138.23 11.28
2750 -60.17 63.44
2751 -131.71 144.63
2752 -9.67 59.18
2753 -7.91 181.17
2754 -114.81 65.14
2755 -80.72 74.17
2756 -15.89 7.15
2757 -11.28 165.32
2758 -64.46 161.26
2759 -176.13 137.58
2760 -11.45 175.75
2761 -40.64 100.9
2762 -151.64 131.55
2763 -7.58 138.63
2764 -149.91 164.78
2765 -75.74 176.33
2766 -137.96 57.6
2767 -147.31 24.45
2768 -53.14 147.64
2769 -60.3 155.22
2770 -46.4 167.95
2771 -22.62 141.02
2772 -153.86 92.81
2773 -71.08 64.42
2774 -49.52 35.32
2775 -28.07 94.73
2776 -43.15 91.5
2777 -40.05 99.23
2778 -85.39 11.79
2779 -24.09 47.63
2780 -40.96 52.3
2781 -109.91 130.35
2782 -2.32 26.44
2783 -174.08 74.22
2784 -76.96 55.46
2785 -70.93 51.38
2786 -39.92 153.88
2787 -94.22 93.55
2788 -5.49 10.79
2789 -76.63 165.3
2790 -107.55 55.02
2791 -146.52 135.23
2792 -51.46 150.7
2793 -162.5 34.09
2794 -81.72 136.85
2795 -36.68 34.11
2796 -164.47 153.2
2797 -179.64 177.11
2798 -98.85 166.79
2799 -69.78 18.25
2800 -100.15 23.33
2801 -177.22 140.71
2802 -81.79 140.08
2803 -181.39 88.44
2804 -101.26 87.28
2805 -172.82 75.02
2806 -57.77 25.81
2807 -24.03 166.86
2808 -17.95 109.24
2809 -93.61 3.53
2810 -68.17 130.19
2811 -100.39 160.81
2812 -154.92 49.64
2813 -63.95 127.56
2814 -176.33 101.29
2815 -124.63 133.73
2816 -121.97 93.48
2817 -81.08 149.37
2818 -85.33 51.28
2819 -138.56 109.99
2820 -32.54 3.59
2821 -59.92 158.91
2822 -142.77 90.31
2823 -47.07 83.95
2824 -118.01 160.73
2825 -107.92 140.69
2826 -149.02 3.18
2827 -83.34 55.84
2828 -30.92 151.47
2829 -69.76 177.81
2830 -159.07 24.25
2831 -148.25 41.91
2832 -38.8 98.04
2833 -149.32 76.86
2834 -3.85 124.13
2835 -158.24 135.4
2836 -111.31 36.39
2837 -126.71 65.68
2838 -149.64 71.09
2839 -79.34 173.78
2840 -161.99 115.17
2841 -148.87 4.26
2842 -90.62 158.54
2843 -127.01 79.73
2844 -74.54 121.54
2845 -176.31 44.29
2846 -86.21 50.61
2847 -179.17 172.09
2848 -65.95 125.01
2849 -96.67 145.49
2850 -128.42 69.8
2851 -106.2 71.91
2852 -137.6 56.73
2853 -127.82 80.43
2854 -101.73 134.76
2855 -97.45 54.68
2856 -58.95 80.73
2857 -86.79 63.32
2858 -143.05 180.09
2859 -149.16 30.8
2860 -75.09 65.11
2861 -146.25 142.47
2862 -131.56 8.82
2863 -133.84 142.42
2864 -135.44 14.51
2865 -114.84 78.03
2866 -149.94 80.86
2867 -137.59 68.56
2868 -148.99 135.06
2869 -86.82 112.94
2870 -167.62 98.24
2871 -26.49 1.27
2872 -95.11 74.09
2873 -71.19 113.28
2874 -144.08 85.68
2875 -150.8 37.35
2876 -27.34 66.7
2877 -75.52 144.57
2878 -103.99 158.91
2879 -20.94 56.88
2880 -134.91 56.43
2881 -137.29 166.3
2882 -51.86 132.38
2883 -84.44 122.41
2884 -52.35 48.37
2885 -146.62 18.79
2886 -20.06 67.49
2887 -141.59 173.11
2888 -103.4 145.7
2889 -48.38 60.3
2890 -97.65 95
2891 -161.7 46.7
2892 -8.27 124.99
2893 -131.42 54.23
2894 -111.11 112.27
2895 -16.22 182.89
2896 -166.19 93.55
2897 -42.93 153.52
2898 -92.93 65.58
2899 -113.95 157.89
2900 -176.68 175.8
2901 -60.29 77.57
2902 -98.21 44.27
2903 -6.97 49.4
2904 -109.7 18.61
2905 -113.61 55.35
2906 -132.58 54.87
2907 -179.87 122.84
2908 -177.07 140.85
2909 -100.64 158.81
2910 -158.7 135.7
2911 -76.77 116.87
2912 -117.91 172.42
2913 -55 119.7
2914 -94.6 58.36
2915 -51.16 168.95
2916 -94.05 88.28
2917 -132.55 141.97
2918 -38.9 9.26
2919 -58.39 139.52
2920 -42.4 148.6
2921 -20.48 19.52
2922 -142.36 174.98
2923 -163.35 47.87
2924 -54.2 166.95
2925 -150.18 81
2926 -14.87 29.91
2927 -19.33 43.95
2928 -163.66 132.78
2929 -8.14 104.85
2930 -90.8 105.78
2931 -11.06 89.82
2932 -79.31 32.37
2933 -72.15 174.14
2934 -161.18 118.21
2935 -114.34 161.06
2936 -28.11 51.1
2937 -43.08 165.34
2938 -30.21 17.99
2939 -1.95 53.96
2940 -134.96 84.41
2941 -144.84 152.13
2942 -13.08 149.83
2943 -130.13 11.69
2944 -116.54 24.26
2945 -130.04 138.27
2946 -75.61 54.87
2947 -87.24 171.63
2948 -10.29 154.92
2949 -120.66 6.92
2950 -167.98 171.47
2951 -70.1 52
2952 -34.34 13.09
2953 -31.09 143.7
2954 -14.66 95.07
2955 -27 63.56
2956 -32.69 149.62
2957 -146.97 171.85
2958 -31.06 76.29
2959 -100.56 94.1
2960 -79.89 147.61
2961 -50 78.12
2962 -97.27 155.5
2963 -157.95 167.76
2964 -174.68 107.56
2965 -126.56 95.61
2966 -178.13 7.19
2967 -50.8 13.66
2968 -4.88 29.47
2969 -155.06 81.89
2970 -175.97 19.55
2971 -169.17 182.06
2972 -170.91 56.18
2973 -132.48 133.15
2974 -74.77 49.5
2975 -14.11 80.56
2976 -6.2 154.67
2977 -157.69 64.11
2978 -79.39 103.48
2979 -28.04 132.64
2980 -75.77 71.08
2981 -78.27 2.12
2982 -15.78 101.42
2983 -161.41 129.07
2984 -58.49 20.67
2985 -70.74 133.47
2986 -132.54 51.46
2987 -107.65 87.43
2988 -68.1 150.97
2989 -17.47 87.65
2990 -15.73 142.88
2991 -114.55 62.1
2992 -156.73 21.93
2993 -125.41 119.76
2994 -99.93 53.13
2995 -154.73 0.98
2996 -3.1 175.7
2997 -124.65 80.52
2998 -57.11 49.41
2999 -100.6 103.06
3000 -53.54 146.12
3001 -14.59 171.34
3002 -106.29 33.6
3003 -1.57 152.76
3004 -87.93 174.4
3005 -134.28 49.57
3006 -142.19 103.66
3007 -156.11 96.35
3008 -33.11 115.93
3009 -16.58 98.53
3010 -130.03 163.56
3011 -156.27 171.31
3012 -99.35 133.13
3013 -30.06 128.44
3014 -48.5 156.46
3015 -119.59 130.66
3016 -149.52 102.04
3017 -166.16 164.7
3018 -164.98 72.82
3019 -64.22 15.26
3020 -64.83 69.91
3021 -21.09 46.02
3022 -172.89 54.54
3023 -17.99 177.2
3024 -123.25 53.52
3025 -34.09 34.57
3026 -53.4 70.28
3027 -50.94 37.88
3028 -166.32 152.75
3029 -156.74 111.52
3030 -59.19 31.82
3031 -164.39 93.33
3032 -105.55 56.23
3033 -159.57 147.55
3034 -162.81 87.53
3035 -4.96 71.31
3036 -117.33 75.16
3037 -129.71 56.57
3038 -81.29 137.74
3039 -8.27 147.7
3040 -182.28 21.55
3041 -122.35 42.36
3042 -80.24 83.2
3043 -83.48 20.81
3044 -132.34 63.56
3045 -125.9 57.22
3046 -181.07 39.05
3047 -95.28 107.29
3048 -71.85 103.62
3049 -38.67 71.86
3050 -173.69 51.66
3051 -157.35 43.63
3052 -130.72 108.03
3053 -62.77 104.06
3054 -68.76 29.01
3055 -81.08 71.04
3056 -143.92 98.56
3057 -181.77 50.96
3058 -71.77 41.16
3059 -135.24 82.25
3060 -169.99 51.63
3061 -121.2 78.15
3062 -2.44 168.06
3063 -119.2 33.49
3064 -135.87 104.81
3065 -4 157.87
3066 -49.02 126.56
3067 -82.11 161.35
3068 -82.41 179.74
3069 -25.75 175.41
3070 -93.97 181.69
3071 -97.26 137.36
3072 -5.32 54.9
3073 -126.58 126.55
3074 -56.32 107.61
3075 -159.25 78.83
3076 -156.98 43.31
3077 -58.89 97.45
3078 -161.46 6.94
3079 -142.28 178.09
3080 -0.48 144.85
3081 -118.94 146.28
3082 -155.15 49.5
3083 -46.24 18.05
3084 -40.98 85.08
3085 -83.77 102.51
3086 -56.87 134.96
3087 -6.86 28.55
3088 -155.1 92.71
3089 -17.33 133.44
3090 -59.79 28.42
3091 -102.25 24.1
3092 -152.07 64.29
3093 -101.76 161.14
3094 -156.23 161.06
3095 -122.91 61.04
3096 -54.84 156.71
3097 -53.73 89.37
3098 -137.95 26.99
3099 -142.59 130.49
3100 -80.53 178.93
3101 -130.89 43.36
3102 -71.92 167.92
3103 -77.64 168.27
3104 -118.72 74.54
3105 -102.97 125.49
3106 -149.59 26.03
3107 -90.33 52.74
3108 -30.89 149.18
3109 -127.24 9.09
3110 -100.65 34.64
3111 -38.88 97.68
3112 -4.05 155.49
3113 -30 92.61
3114 -70.63 142
3115 -168.46 172.59
3116 -63.47 151.16
3117 -136.08 116.35
3118 -101.63 165.91
3119 -57.46 30.72
3120 -3.73 67.87
3121 -124.42 7.95
3122 -60.69 0.84
3123 -150.03 31.75
3124 -40.84 91.58
3125 -156.75 124.79
3126 -39.47 172.01
3127 -144.5 12.63
3128 -135.76 74.05
3129 -63.57 22.02
3130 -11.61 23.39
3131 -174.55 49.03
3132 -12.91 105.61
3133 -88.52 127.64
3134 -5.88 145.06
3135 -60.45 145.98
3136 -1.45 40.14
3137 -40.98 1.87
3138 -33.63 62.15
3139 -1.25 8.01
3140 -132.81 104.99
3141 -94.01 158
3142 -18.15 19.8
3143 -124.37 86.03
3144 -108.06 153.92
3145 -177.31 4.95
3146 -84.5 150.19
3147 -72.8 168.87
3148 -144.03 97.41
3149 -59.47 161.33
3150 -154.83 180.43
3151 -37.57 150.44
3152 -152.32 3.81
3153 -65.96 78.56
3154 -117.09 33.47
3155 -138.46 97.73
3156 -103.26 97.42
3157 -117.23 79.99
3158 -166.03 121.41
3159 -92.33 89.12
3160 -94.07 121.61
3161 -88.8 86.65
3162 -103.04 26.1
3163 -123.51 161.61
3164 -170.46 94.59
3165 -122.54 30.51
3166 -180.95 172.81
3167 -176.62 7.64
3168 -116.72 150.27
3169 -31.26 90.1
3170 -35.36 50.81
3171 -178.76 169.73
3172 -97.24 138.62
3173 -77.03 143.51
3174 -49.63 110.79
3175 -49.4 169.37
3176 -103.54 174.23
3177 -17.33 138.21
3178 -147.34 54.1
3179 -148.69 140.84
3180 -18.87 165.32
3181 -155.13 118.75
3182 -126.39 47.35
3183 -45.14 179.28
3184 -116.9 60.11
3185 -141.45 76.41
3186 -93.66 152.26
3187 -107.88 137.21
3188 -97.72 7.9
3189 -118.7 1.92
3190 -18.81 147.35
3191 -138.58 168.1
3192 -153.83 122.35
3193 -176.45 3.43
3194 -174.8 118.17
3195 -100.49 172.66
3196 -108.41 10.67
3197 -58.02 103.15
3198 -99.43 51.81
3199 -142.44 133.69
3200 -27.1 33.33
3201 -33.12 100.89
3202 -55.1 120.76
3203 -128.66 141
3204 -173.44 0.34
3205 -178.22 94.88
3206 -79.99 39.77
3207 -162.12 133.8
3208 -167.76 50.82
3209 -16.52 3.09
3210 -175.75 159.56
3211 -170.23 117.01
3212 -37.16 131.69
3213 -0.5 75.78
3214 -26.47 167.11
3215 -47.97 173.46
3216 -91.36 84.09
3217 -21.85 81.09
3218 -69.61 176.98
3219 -177.33 181.03
3220 -92.92 90.58
3221 -130.35 172.55
3222 -153.87 20.43
3223 -101.77 140
3224 -143.09 138.63
3225 -115.19 118.29
3226 -82.83 166.37
3227 -115.06 132.95
3228 -56.25 150.51
3229 -165.15 146.08
3230 -136.54 113.24
3231 -14.33 30.12
3232 -141.73 75.42
3233 -69.41 66.7
3234 -64.73 28.34
3235 -118.92 94.26
3236 -83.81 5.17
3237 -56.12 66.28
3238 -23.28 85.2
3239 -71.36 157.9
3240 -123.71 13.89
3241 -180.26 3.55
3242 -167.02 54.06
3243 -52.1 142.84
3244 -136.44 40.27
3245 -153.51 34.25
3246 -64.37 120.51
3247 -12.93 15.36
3248 -82.06 23.1
3249 -81.96 112.86
3250 -24.12 177.32
3251 -30.01 17.89
3252 -114.69 138.45
3253 -71.18 86.14
3254 -91.56 168.49
3255 -182.38 142.54
3256 -176.61 62.79
3257 -116.86 179.65
3258 -170.01 160.64
3259 -17.91 168.96
3260 -50.73 123.46
3261 -60.97 18.95
3262 -64.83 145.62
3263 -168.72 104.42
3264 -34.29 146.9
3265 -171.74 98.2
3266 -146.61 88.93
3267 -74.91 18.75
3268 -135.41 78.3
3269 -63.79 146.09
3270 -105.63 43.97
3271 -137.29 93.7
3272 -120.87 99.24
3273 -107.4 71.15
3274 -87.63 107.88
3275 -78.86 155.84
3276 -174.79 138.36
3277 -100.98 139.83
3278 -91.78 56.62
3279 -51.04 117.22
3280 -62.94 126.07
3281 -62.52 70.3
3282 -89.06 26.56
3283 -135.38 137.43
3284 -100.52 71.99
3285 -146.49 16.18
3286 -109.88 53.67
3287 -0.44 100.78
3288 -19.45 78.27
3289 -3.15 107.84
3290 -80.68 107.08
3291 -92.96 82.02
3292 -69.37 102.99
3293 -7.14 41.46
3294 -6.2 161.15
3295 -134.74 58.18
3296 -159.01 99.66
3297 -126.22 44.79
3298 -182.22 65.07
3299 -137.06 78.61
3300 -125.31 130.27
3301 -0.94 100.55
3302 -48.85 82.71
3303 -160.98 31.9
3304 -139.75 68.3
3305 -22.9 11.65
3306 -124.19 37.43
3307 -140.43 115.86
3308 -4.84 10.57
3309 -19.24 178.09
3310 -83.79 41.56
3311 -141.23 1.51
3312 -46.3 59.8
3313 -124.87 84.45
3314 -10.58 76.04
3315 -23.31 109.46
3316 -57.53 166.41
3317 -96.64 54.78
3318 -86.68 106.39
3319 -174.69 74.62
3320 -116.8 73.95
3321 -111.39 14.6
3322 -160.98 57.99
3323 -68.56 99.34
3324 -94.43 13.35
3325 -54.91 118.33
3326 -119.84 178.22
3327 -85.55 43.66
3328 -158.64 13.66
3329 -120.22 27.42
3330 -167.4 169.22
3331 -0.16 174.06
3332 -45.84 72.46
3333 -178.85 96.8
3334 -18.95 163.04
3335 -54 18.06
3336 -63.18 135.75
3337 -10.74 12.91
3338 -142.77 71.69
3339 -115.56 79.31
3340 -45.16 84.72
3341 -110.46 170.47
3342 -61.66 12.52
3343 -26.18 13.01
3344 -70.96 37.3
3345 -54.04 146.4
3346 -137.46 55.36
3347 -158.34 54.2
3348 -151.01 30.82
3349 -41.39 154.19
3350 -19.78 169.96
3351 -153.23 125.91
3352 -138.82 113.48
3353 -32.69 163.97
3354 -90.8 129.11
3355 -30.83 148.25
3356 -166.25 135.96
3357 -148.48 141.29
3358 -154.31 44.91
3359 -112.73 22.18
3360 -168.59 72.79
3361 -128.15 166.77
3362 -37.98 153.57
3363 -31.92 103.5
3364 -105.21 36.51
3365 -53.99 73.31
3366 -16.22 155.51
3367 -116.52 24.22
3368 -5.19 2.56
3369 -131.67 149.21
3370 -144.99 96
3371 -79.48 162.5
3372 -151.31 158.76
3373 -51.19 44.97
3374 -67.15 153.14
3375 -42.93 163.92
3376 -147.69 83.26
3377 -53.84 171.09
3378 -122.11 33.19
3379 -100.22 116.28
3380 -6.59 74.84
3381 -77.88 154.21
3382 -25.95 22.81
3383 -55.89 11.4
3384 -8.13 31.15
3385 -157.67 4.56
3386 -14.58 0.64
3387 -159.4 54.15
3388 -99.12 165.89
3389 -136.04 27.59
3390 -8.51 13.8
3391 -97.06 178.97
3392 -14.58 3.73
3393 -36.92 181.42
3394 -114.7 136.69
3395 -59.06 167.67
3396 -138.88 121.29
3397 -174.62 136.94
3398 -148.34 164.84
3399 -43.51 78.03
3400 -82.59 3.99
3401 -4.64 48.7
3402 -133.37 97.17
3403 -80.07 11.56
3404 -39.16 80.02
3405 -93.82 63.63
3406 -59.6 78.19
3407 -81.92 38.4
3408 -36.83 74.19
3409 -58.4 149.37
3410 -134.04 151.53
3411 -120.35 117.46
3412 -71.4 120.44
3413 -132.8 142.49
3414 -37.53 67.26
3415 -71.26 23.83
3416 -72.53 150.64
3417 -64.82 106.42
3418 -117.98 22.91
3419 -102.93 175.41
3420 -56.04 4.66
3421 -82.86 44.27
3422 -82.67 115.64
3423 -37.35 12.3
3424 -161.67 119.5
3425 -118.56 95.76
3426 -30.22 143.23
3427 -80.68 86.43
3428 -45.92 101.63
3429 -16.41 61
3430 -84.84 113.97
3431 -81.62 118.19
3432 -41.61 157.37
3433 -27.8 176.96
3434 -169.37 7.12
3435 -11.78 161.25
3436 -22.52 42.41
3437 -5.57 94.64
3438 -106.95 135.72
3439 -72.22 42.93
3440 -138.69 116.14
3441 -76.38 38.3
3442 -155.25 16.43
3443 -148.58 4.58
3444 -65.58 48.7
3445 -162.67 165
3446 -100.19 150.42
3447 -155.32 91.81
3448 -85.77 172.33
3449 -179.45 30.64
3450 -8.9 72.14
3451 -145.07 38.75
3452 -133.4 61.94
3453 -14.66 181.17
3454 -41.1 87.87
3455 -51.53 117.41
3456 -3.23 27.31
3457 -43.74 158.43
3458 -163.01 158.49
3459 -24.19 9.33
3460 -21.85 76.12
3461 -74.06 3.86
3462 -95.68 122.04
3463 -141.89 76.9
3464 -107.55 181.45
3465 -101.12 168.86
3466 -24.62 146.97
3467 -25.91 93.71
3468 -91.88 5.54
3469 -93.41 40.58
3470 -5.51 163.5
3471 -7.81 175.46
3472 -150.9 8.74
3473 -167.23 82.08
3474 -121.93 161.43
3475 -54.55 8.42
3476 -42.81 143.78
3477 -113.34 159.14
3478 -53.04 169.01
3479 -14.98 72.24
3480 -88.62 8.11
3481 -155.08 116.1
3482 -26.82 113.24
3483 -118.78 28.52
3484 -99.62 149.22
3485 -129.73 59.71
3486 -52.18 105.13
3487 -144.39 168.06
3488 -97.66 20.08
3489 -181.51 159.15
3490 -167.57 36.59
3491 -27.89 83.59
3492 -90.25 57.9
3493 -43.91 171.76
3494 -91.52 173.81
3495 -29.45 89.42
3496 -22.52 180.14
3497 -110.39 1.53
3498 -60.57 79.86
3499 -46.09 76.69
3500 -136.41 160.19
3501 -112.84 23.34
3502 -8.4 5.59
3503 -56.19 74.24
3504 -50.39 136.59
3505 -173.18 85.22
3506 -16.33 65.48
3507 -153.91 48.6
3508 -37.36 106.58
3509 -127.92 45.34
3510 -134.76 159.4
3511 -156.54 157.37
3512 -158.9 4.81
