%%index real_part   imaginary_part
3618 3618 3618
1 119.71 98.54
2 110.07 14.44
3 82.92 11.2
4 92.74 78.22
5 121.69 116.89
6 45.33 70.1
7 85.6 9.22
8 17.46 122.12
9 25.25 24.39
10 120.79 19.39
11 42.43 72.98
12 85.37 110.62
13 4.72 71.65
14 2.22 26.73
15 117.36 90.99
16 112.05 56.33
17 70.77 108.07
18 119.28 93.12
19 93.87 24.69
20 12.58 83.02
21 75.64 86.56
22 18.3 109.43
23 102.55 83.77
24 108.16 35.76
25 106.67 50.32
26 123.31 99.95
27 81.57 71.62
28 14.27 79.68
29 28.93 8.82
30 99.81 16.5
31 72.83 68.81
32 47.89 5.38
33 98.5 66.12
34 13.33 89.69
35 95.23 114.89
36 123.97 25.91
37 57.86 41.87
38 125.64 13.27
39 100.55 82.93
40 4.26 27.32
41 127.28 0.74
42 72.36 50.09
43 52.29 2.37
44 11.19 9.16
45 25.66 81.23
46 21.04 33.52
47 38.9 21.01
48 9.65 120.45
49 3.66 59.93
50 45.82 22.98
51 100.41 21.41
52 63.29 92.32
53 105.59 29.27
54 112.2 111.45
55 9.78 77.15
56 77.89 38.98
57 11.59 59.58
58 113.47 21.26
59 30.42 63.89
60 67.64 124.67
61 80.71 107.6
62 51.13 11.2
63 54.18 119.62
64 102.07 112.3
65 6.28 57.84
66 1.78 70.41
67 33.73 106.69
68 58.48 65.07
69 99.04 10.33
70 10 93.2
71 3.19 108.82
72 90.92 87.89
73 31.67 14.78
74 1.19 75.4
75 122.59 113.61
76 14.73 120.35
77 2.56 74.3
78 116.44 117.38
79 100.68 108.26
80 88.62 89.51
81 82.45 29.48
82 58.69 90.4
83 77.99 116.18
84 126.51 117.17
85 81.38 48.04
86 79.38 7.51
87 17.93 7.09
88 73.39 92.83
89 39.23 49.6
90 85.74 74.59
91 117.46 32.82
92 29.64 100.47
93 11.38 42.54
94 21.8 68.61
95 29.12 112.06
96 64.07 32.95
97 123.35 34.09
98 21.28 122.76
99 33.46 72.35
100 42.91 70.31
101 0.35 37.36
102 44.45 44.81
103 8.64 18.28
104 119.4 117.84
105 114.95 47.87
106 3.21 76.14
107 99.14 103.42
108 16.96 84.38
109 23.99 110.52
110 16.1 90.29
111 123.24 104.63
112 9.73 80.17
113 73.94 117.59
114 112.46 31.01
115 101.32 29.92
116 67.28 77.89
117 122.71 101.67
118 42.47 111.73
119 23.09 53.87
120 101.75 32.88
121 31.54 9.05
122 34.99 27.48
123 111.86 1.68
124 34.72 103.47
125 64.76 58.37
126 34.01 50.83
127 53.52 59
128 99.12 43.74
129 126.27 49.98
130 79.9 5.1
131 5.52 98.59
132 122.79 18.18
133 52.43 128.23
134 104.62 36.26
135 120.66 75.53
136 7.1 77.37
137 27.38 23.21
138 76.41 42.09
139 68.08 61.76
140 120.14 33.66
141 7.01 3.85
142 114.37 76.67
143 120.41 60.53
144 110.52 7.01
145 12.12 117.68
146 9.79 61.42
147 2.13 17.64
148 68.39 55.1
149 13.89 54.56
150 1.09 44.01
151 43.91 5.55
152 28.76 59.71
153 101.8 122.81
154 55.57 27.7
155 61.36 92.41
156 96.26 98.23
157 45.9 68.37
158 128.9 4.15
159 11.17 88.83
160 0.03 32.94
161 16.89 23.29
162 92.45 61.35
163 116.45 19.02
164 125.1 83.36
165 49.89 1.34
166 6.9 126.2
167 56.91 16.32
168 10.13 87.18
169 37.4 81.24
170 44.65 117.23
171 8.98 98.76
172 89.65 63.43
173 67.58 106.41
174 66.24 12.08
175 45.02 78.75
176 24.56 66.28
177 127.63 113.43
178 54.97 39.53
179 45.41 37.6
180 38.95 51.08
181 99.8 95.31
182 111.63 97.37
183 55.55 79.23
184 31.47 44.29
185 84.04 92.96
186 114.24 127.64
187 113.59 93.02
188 70.43 74.9
189 9.5 103.7
190 104.97 7.68
191 125.48 106.04
192 90.48 52.06
193 91.59 46.63
194 84.23 67.97
195 119.05 59.53
196 25.84 45.7
197 14.07 89.85
198 40.09 59.99
199 26.8 69.63
200 85.11 123.08
201 44.25 110.84
202 74.87 70.35
203 67.77 80.36
204 55.06 67.82
205 75.5 128.79
206 105.84 31.04
207 83.1 123.5
208 92.65 118.84
209 57.81 97.21
210 27.74 47.89
211 93.59 47.87
212 60.24 105.1
213 87.62 107.67
214 99.82 22.85
215 16.94 114.42
216 18.79 107.45
217 100.32 112.71
218 64.07 93.66
219 84 39.1
220 90.41 119.14
221 72.7 30.51
222 76.53 67.25
223 57.09 78.32
224 98.05 40.19
225 10.6 114.91
226 85.3 125.8
227 24.42 26.71
228 56.9 16.54
229 39.4 34.56
230 71.51 27.72
231 6.17 107.86
232 91.57 90.3
233 106.48 106.5
234 68.12 78.16
235 119.82 61.48
236 14.51 29.53
237 19.31 63.52
238 64.36 91.05
239 53.76 76.4
240 113.83 33.42
241 30.22 64.36
242 13.59 70.13
243 9.2 106.16
244 11.73 70.5
245 20.74 100.12
246 78.98 5.76
247 96.06 26.92
248 55.94 93.07
249 42.23 125.06
250 57.54 46.58
251 127.63 33.06
252 19.1 123.58
253 8.15 17.94
254 16.87 83.47
255 116.89 61.91
256 48.79 1.7
257 123.36 69.63
258 98.31 62.38
259 55.4 55.08
260 26.2 110.04
261 38.32 76.15
262 103.07 27.7
263 120.77 5.38
264 1.44 81.53
265 50.63 85.52
266 41.1 110.51
267 105.09 49.26
268 67.21 111.73
269 117.72 113.24
270 97.67 84.08
271 8.3 105.61
272 97.76 68.98
273 2.36 2.66
274 109.26 67.07
275 99.64 57.77
276 56.44 6.46
277 85.68 8.96
278 65.87 30.51
279 34.56 128.97
280 85.5 118.83
281 100.34 85.19
282 5.45 49.12
283 83.37 127.95
284 34.71 124.18
285 1.78 72.09
286 100.22 3.38
287 72.36 10.09
288 64.27 68.98
289 7.06 126.25
290 106.54 44.54
291 102.52 29.22
292 38.18 33.98
293 116.01 59.21
294 59.18 26.57
295 16.41 73.09
296 29.28 67.2
297 116.33 116.75
298 115.71 86.25
299 81.44 122.22
300 65.32 21.42
301 76.33 83.22
302 93.31 36.54
303 28.05 71.21
304 68.46 80.11
305 124.65 86.63
306 115.85 97.52
307 54.02 20.69
308 79.9 76.55
309 103.13 41.03
310 36.64 10.09
311 128.81 119.54
312 29.81 65.92
313 23.18 38.66
314 31.89 16.52
315 89.47 27.14
316 32.88 97.21
317 56.27 88.32
318 30.53 48.72
319 128.83 84.32
320 41.95 21.52
321 41.56 47
322 67.69 28.8
323 27.88 95.59
324 59.14 18.6
325 80.21 2.01
326 44.07 95.79
327 84.23 80.02
328 41.21 73.88
329 12.93 29.93
330 57.07 73.1
331 92.83 24.92
332 113.24 89.96
333 9.68 20.1
334 104.43 66.29
335 10.33 61.03
336 108.03 68.9
337 20.23 51.9
338 70.01 46.72
339 116.84 48.11
340 101.64 0.15
341 18.46 119.57
342 122.12 16.71
343 90.59 102.7
344 55.15 34.33
345 107.43 103.52
346 128.44 112.23
347 124.71 71.26
348 13.88 35.2
349 101.5 56.91
350 117.94 40.83
351 109.74 34.35
352 86.25 96.97
353 66.21 0.97
354 49.08 27.26
355 78.94 54.06
356 96.15 21.72
357 89.95 19.92
358 45.14 89.27
359 46.12 51.54
360 77.59 100.3
361 83.53 76.07
362 69.85 128.55
363 34.76 1.76
364 58.67 83.74
365 124.57 58.78
366 93.13 47.61
367 67.1 105.31
368 28.8 101.91
369 51.69 4.31
370 109.89 0.4
371 22.12 1.63
372 73.08 77.05
373 88.84 112.07
374 86.14 118.22
375 89.52 5.97
376 82.04 34.73
377 34.28 95.57
378 97.33 22.9
379 29.16 120.56
380 50.34 78.52
381 126.13 24.73
382 52.57 66
383 38.91 115.75
384 42.59 3.89
385 4.3 90.6
386 14.76 23.48
387 23.05 77.94
388 112.54 87.84
389 128.58 34.42
390 40.39 69.68
391 26.93 89.11
392 55.68 44.95
393 119.37 112.73
394 104.3 75.54
395 25.06 19.53
396 95.79 25.64
397 14.16 73.72
398 60.47 70.88
399 74.77 53.07
400 66.2 103.06
401 49.07 1.59
402 79.54 3.48
403 13.84 72.12
404 106.54 63.08
405 55.28 13.42
406 102.53 69.45
407 36.93 82.21
408 65.94 80.74
409 27.28 78.82
410 20.88 41.24
411 118.41 103.86
412 48.58 116.67
413 110.07 55.09
414 30.69 109.06
415 5.64 107.36
416 108.96 96.89
417 22.89 54.71
418 49.36 59.5
419 45.1 36.73
420 101.67 78.42
421 70.4 100.38
422 105.11 75.21
423 78.47 107.33
424 57.15 42.05
425 5.82 28.27
426 3.13 78.03
427 117.22 46.75
428 101.84 51.72
429 83.3 20.81
430 50.7 3.53
431 22.94 88.94
432 14.66 30.66
433 12.68 45.83
434 5.08 64.02
435 13.44 57.78
436 80.68 106.76
437 104.49 83.84
438 113.69 56.79
439 98.84 105.48
440 4.75 93.37
441 93.92 27.18
442 73.93 7.88
443 111.12 4.67
444 77 98.3
445 24.35 65.42
446 25.37 127.7
447 29.36 47.3
448 15.65 91.55
449 78.09 42.04
450 22.34 20.74
451 50.02 14.05
452 20.42 103.02
453 30.81 25.51
454 1.99 5.11
455 21 52.18
456 1.88 58.26
457 117.66 114.93
458 42.12 127.34
459 96.64 99.79
460 36.21 119.12
461 117.83 120.99
462 90.81 113.1
463 127.17 18.19
464 111.76 106.47
465 49.73 76.26
466 12.84 56.62
467 30.65 22.27
468 47.78 33.26
469 89.89 112.98
470 87.68 101.29
471 82.07 110.9
472 19.35 89.57
473 10.43 70.73
474 41.52 61.47
475 51.59 107.07
476 21.58 0.26
477 35.88 40.42
478 110.14 112.4
479 12.39 34.06
480 32.84 15.42
481 72.04 113.64
482 6.91 45.68
483 78.94 25.21
484 60.72 106.21
485 1.02 39.84
486 73.26 19.4
487 31.49 83.09
488 24.82 92.61
489 76.6 41.92
490 71.51 66.35
491 118.13 50.71
492 91.14 93.1
493 128.02 25.01
494 59.07 123.8
495 10.22 11.41
496 47.57 91.92
497 60.12 4.78
498 30 54.48
499 31.69 10.07
500 101.43 13.24
501 32.64 32.71
502 115.8 97.21
503 112.34 115.66
504 80.1 63.14
505 0.49 59.94
506 110.65 22.62
507 38.24 41.14
508 66.16 124.31
509 41.63 37.26
510 100.19 47.75
511 62.19 103.37
512 108.16 18.76
513 124.76 122.32
514 54.91 60.68
515 73.92 27.45
516 111.68 27.34
517 47.07 29.08
518 67.26 21
519 84.14 30.41
520 90.35 18.37
521 40.99 84.64
522 48.3 123.52
523 41.36 1.75
524 90.53 114.46
525 33.22 82.99
526 57.37 113.24
527 54.52 95.41
528 11.25 36.53
529 19.73 50.28
530 0.25 66.16
531 16.02 93.65
532 45.25 111.93
533 3.93 63.09
534 93.5 112.52
535 1.89 88.07
536 95.23 106.37
537 100.9 94.4
538 18.67 14.54
539 51.52 13.26
540 96.25 109.2
541 93.44 84.74
542 102.68 24.62
543 112.67 70.48
544 120.76 113.93
545 102.62 3.4
546 19.57 121.01
547 103.94 118.64
548 52.74 116.35
549 99.87 30.39
550 118.46 17.24
551 123.62 24.28
552 118.68 7.22
553 21.76 18.04
554 31.3 59.87
555 40.07 73.28
556 80.55 50.07
557 126.22 56.03
558 126.51 105.75
559 13.2 109.89
560 35.82 118.27
561 32.8 115.82
562 105.47 106.91
563 94.26 59.26
564 89.65 80.73
565 97.97 65.13
566 11.93 1.63
567 8.85 15.11
568 33.15 53.13
569 113 82.13
570 77.94 115.97
571 37.05 24.07
572 2.62 81.01
573 57.76 34.27
574 66.68 0.13
575 40.92 122.48
576 109.31 25.02
577 2.94 125.24
578 55.5 8.3
579 89.03 19.72
580 7.38 67.67
581 69.31 109.52
582 124.64 19.31
583 72.45 0.68
584 5.34 80.31
585 67.29 56.45
586 3.05 83.28
587 86.81 104.34
588 61.13 5.67
589 57.33 15.57
590 9.05 50.33
591 75.36 98.25
592 17.02 40.88
593 100.7 0.82
594 20.54 72.52
595 62.72 112.25
596 92.78 27.92
597 47.24 54.55
598 106.75 10.94
599 91.25 119.69
600 98.66 112.09
601 117.89 81.06
602 107.92 101.71
603 107.39 75.7
604 13.79 40.05
605 12.91 87.24
606 108.01 74.37
607 37.77 88.27
608 89.09 125.03
609 120.08 9.48
610 121.73 109.63
611 8.56 53.8
612 108.35 8.03
613 18.97 107.32
614 98.01 86.1
615 120.72 32.75
616 113.81 119.19
617 91.91 109.61
618 107.84 92.74
619 55.31 121.82
620 80.06 121.63
621 67 68.22
622 79.01 59.07
623 55.11 104.78
624 36.78 39.1
625 71.26 46.19
626 22.51 29.51
627 37.55 2.34
628 109.66 53.38
629 62 108.04
630 11.79 1.19
631 120.38 53.72
632 85.86 125.61
633 11.87 83.29
634 127.63 64.7
635 108.85 118.7
636 57.93 78.69
637 8.77 98.38
638 125.68 7.94
639 98.57 115.4
640 84.11 33.46
641 62.97 40.83
642 43.17 29.14
643 82.52 23.04
644 2.09 75.35
645 76.54 15.52
646 120.77 65.4
647 113.53 67.92
648 73.74 0.15
649 64.85 125.4
650 37.63 72.37
651 22.07 96.22
652 65.6 95.56
653 26.02 82.36
654 120.28 62.28
655 95.74 47.11
656 10.46 126.91
657 27.05 81.24
658 104.28 105.15
659 51.5 32.09
660 99.13 28.89
661 16.82 128.04
662 118.49 90.9
663 91.05 1.35
664 49.28 63.23
665 6.6 78.42
666 45.65 86.91
667 104.99 80.19
668 85.07 111.25
669 96.06 53.53
670 100.65 76.35
671 74.26 62.8
672 15.04 111.11
673 9.79 23.83
674 55.92 41.85
675 122.26 61.29
676 111.86 26.06
677 39.48 10.08
678 11.44 101.35
679 87.1 53.06
680 2.48 112.24
681 70.15 93.7
682 96.42 99.65
683 4.43 46.14
684 99.67 52.49
685 128.85 100.49
686 85.81 122.84
687 27.48 125.63
688 20.47 23.38
689 116.75 37.27
690 21.08 127.91
691 24.97 110.01
692 42.62 3.94
693 27.81 64.46
694 117.52 105.58
695 88.82 114.91
696 2.14 42.52
697 13.18 29.97
698 127.63 98.56
699 73.57 69.13
700 92.14 20.82
701 14.67 124.94
702 121.58 48.95
703 72.33 93.67
704 1.94 64.57
705 63.48 60.08
706 92.62 74.54
707 78.49 10.98
708 75.44 57.76
709 34.34 28.82
710 66.26 63.96
711 29 45.68
712 75.65 68.4
713 89.48 93.7
714 33.83 125.8
715 69.14 85.57
716 81.52 125.97
717 97.45 6.33
718 100 125.62
719 112.71 92.3
720 23.39 24.46
721 99.01 98.71
722 109.69 38.53
723 96.29 100.02
724 128.84 56.13
725 42.61 53.15
726 98.83 117.62
727 108.54 71.62
728 36.32 97
729 93.8 120.54
730 77.12 121.68
731 41.17 85.46
732 91.8 81.16
733 77.78 9.62
734 101.93 62.8
735 9.79 61.49
736 31.2 47.84
737 86.37 108.8
738 2.34 63.42
739 119.55 105.18
740 29.33 53.7
741 42.33 84.69
742 78.83 50.68
743 18.68 21.87
744 13.42 37.67
745 30.35 35
746 120.46 13.06
747 94.22 123.05
748 3.67 83.26
749 68.59 94.52
750 78.53 105.6
751 24.44 78.38
752 109.7 32.25
753 95.67 33.33
754 61.03 112.04
755 36.74 8.75
756 93.44 12.88
757 63.56 79.07
758 23.47 94.79
759 54.98 82.24
760 117.24 88.41
761 101.47 7.86
762 1.91 31.23
763 37.01 118.21
764 83.73 5.58
765 33.71 105.6
766 106.5 33.26
767 65.51 58.15
768 14.01 87.2
769 70.24 32.19
770 40.94 126.56
771 10.45 106.99
772 108.58 56.9
773 74.21 74.01
774 78.78 3.05
775 91.46 0.19
776 8.05 118.54
777 20.77 115.45
778 104.66 9.96
779 15.55 57.79
780 85.91 59.39
781 92.65 100.78
782 29.93 63.42
783 21.62 80.69
784 112.88 95.46
785 93.03 91.87
786 121.38 76.34
787 55.76 103.48
788 100.01 100.96
789 26.54 0.97
790 1.16 49.79
791 90.86 40.52
792 26.98 9.22
793 70.7 111.63
794 91.94 2.64
795 113.56 8.77
796 109.55 48.86
797 34.8 128.73
798 80.42 62.01
799 79.99 56.42
800 70.81 64.3
801 63.16 44.02
802 70.02 63.19
803 86.68 118.92
804 119.89 92.56
805 64.87 35.74
806 76.26 121.06
807 52.8 26.73
808 60.89 25.76
809 79.93 46.02
810 54.8 23.83
811 124.21 64.49
812 64.22 86.87
813 19.88 30.01
814 8.96 15.65
815 2.47 22.4
816 66.42 79.77
817 65.49 65.64
818 55.56 58.97
819 22.53 74.69
820 110.43 46.46
821 90.04 87.4
822 114.14 109.21
823 5.98 65.36
824 33.9 46.03
825 121.38 85.91
826 21.4 11.22
827 98.1 39.12
828 69.13 8.14
829 23.79 40.5
830 62.9 78.09
831 80.39 26.27
832 14.43 51.85
833 110.82 16.88
834 91.57 69.99
835 38.97 55.87
836 14.27 124.52
837 104.73 51.53
838 116.89 50.93
839 19.48 110.71
840 119.14 73.32
841 84.54 11.87
842 102.51 63.06
843 71.21 53.64
844 16.67 42.64
845 43.26 17.52
846 43.79 79.57
847 53.94 123.65
848 63.05 58.22
849 50.74 35.76
850 91.63 25.62
851 21.14 89.71
852 12.25 28.43
853 79.36 48.39
854 30.11 51.66
855 124.98 21.37
856 84.76 71.77
857 5.84 3.05
858 108.21 58.27
859 100.91 77.05
860 94.57 124.88
861 126.98 66.69
862 61.34 60.89
863 41.63 51.92
864 87.69 124.39
865 72.53 14.89
866 27.13 101.84
867 52.79 16.19
868 64.59 90.9
869 13.56 3.16
870 76.05 94.7
871 88.99 61.07
872 115.64 31.81
873 90.08 94.83
874 94.4 94.85
875 90.74 113.51
876 51.21 59.98
877 43.39 88.72
878 11.64 35.07
879 81.99 7.54
880 22.44 21.85
881 46.22 25.52
882 93.24 49.57
883 11.47 99.01
884 24.69 28.83
885 46.05 76.55
886 60.14 100.74
887 55.07 6.04
888 100.88 98.3
889 64.16 67.67
890 52.19 66.28
891 48.78 25.9
892 37.14 25.92
893 112.51 14.69
894 73.76 100.3
895 44.68 65.5
896 13.55 96.2
897 68.29 90.9
898 112.43 106.79
899 58.14 2.28
900 1.35 8.13
901 31.39 104.19
902 110.23 113.02
903 82.32 86.47
904 25.14 4.63
905 122.44 -17.48
906 94.9 -128.85
907 25.77 -93.74
908 108.44 -3.04
909 25.87 -60.81
910 126.31 -53.2
911 71.92 -70.55
912 32.45 -62.38
913 91.69 -62.73
914 116.53 -15.88
915 75.53 -20.83
916 47.54 -40.4
917 24.42 -106.93
918 115.92 -80.3
919 7.45 -29.27
920 98.27 -12.06
921 11.92 -0.89
922 94.64 -64.18
923 118.74 -89.21
924 21.02 -125.6
925 101.32 -15.61
926 8.68 -69.86
927 54.76 -95.76
928 29.49 -41.13
929 108.54 -17.46
930 89.81 -17.02
931 57.42 -55.07
932 84.52 -59.88
933 11.18 -4.37
934 33.64 -71.44
935 6.03 -18.63
936 71.05 -54.43
937 118.61 -69.47
938 29.68 -88.21
939 84.81 -30.88
940 98.01 -102.23
941 94.61 -57.13
942 75.41 -106.7
943 70.35 -20.37
944 89.35 -104.9
945 44.44 -101.41
946 27.49 -50.17
947 32.57 -24.38
948 80.27 -34.53
949 105.98 -43.75
950 113.9 -36.43
951 90.87 -112.01
952 52.48 -55.95
953 15.16 -80.48
954 33.88 -4.68
955 29.43 -22.49
956 2.14 -54.42
957 32.12 -124.04
958 15.42 -77.55
959 104.97 -24.99
960 126.41 -104.77
961 77.46 -20.41
962 96.32 -76.42
963 110.95 -32.55
964 76.3 -47.59
965 84.03 -10.45
966 122.46 -112.73
967 39.68 -45.9
968 48.9 -97.46
969 102.15 -106.37
970 128.86 -5.31
971 59.73 -54.1
972 49.15 -53.53
973 2.08 -14.37
974 39.36 -116.09
975 14.38 -107.06
976 49.99 -88.29
977 87.23 -91.85
978 46.92 -17.31
979 116.43 -69.19
980 2.16 -123.23
981 29.48 -122.98
982 39.88 -47.15
983 15.61 -69.16
984 98.05 -11.3
985 16.61 -40.28
986 94.39 -20.44
987 73.97 -76.34
988 13.23 -14.54
989 53.15 -127.57
990 28.15 -104.12
991 63.41 -67.53
992 81.9 -78.15
993 17.98 -21.65
994 13.36 -128.83
995 123.06 -56.93
996 50.91 -15.52
997 62.67 -23.54
998 15.22 -13.31
999 24.62 -0.81
1000 92.61 -35.8
1001 107.76 -92.75
1002 91.62 -58
1003 124.06 -52.73
1004 102.82 -104.85
1005 79.97 -48.21
1006 115.75 -1.98
1007 2.65 -65.91
1008 10.08 -68.65
1009 68.48 -72.15
1010 0.09 -23.44
1011 90.48 -114.06
1012 60.12 -51
1013 115.84 -75.68
1014 128.01 -126.87
1015 85.19 -62.98
1016 26.73 -91.62
1017 72.15 -63.95
1018 39.2 -118.35
1019 16.73 -118.73
1020 89.47 -13.02
1021 66.52 -19.22
1022 85.13 -127.74
1023 118.91 -69.17
1024 12.33 -17.73
1025 92.69 -109.92
1026 94.98 -63.94
1027 37.46 -54.18
1028 52.38 -77.63
1029 127.02 -24.3
1030 87.28 -102.91
1031 65.53 -83.21
1032 69.68 -36.54
1033 25.89 -60.2
1034 49.94 -108.88
1035 44.42 -94.14
1036 35.89 -10.41
1037 9.15 -110.95
1038 102.64 -43.54
1039 61.28 -128.06
1040 108.98 -37.49
1041 101.43 -24.97
1042 1.67 -126.49
1043 126.64 -9.9
1044 85.72 -54.05
1045 27.96 -124.66
1046 1.39 -44.01
1047 80.55 -16.02
1048 76.22 -71.07
1049 102.47 -28.96
1050 45.63 -126.16
1051 59.09 -17.89
1052 51.36 -81.52
1053 125.06 -119.76
1054 118.83 -25.01
1055 114.02 -108.86
1056 4.84 -21.33
1057 18.82 -86.46
1058 18.88 -6.51
1059 112.09 -67.98
1060 115.16 -27.12
1061 122.65 -62.57
1062 1.11 -116.55
1063 110.14 -125.72
1064 77.21 -77.34
1065 126.02 -83.61
1066 101.51 -122.84
1067 126.88 -107.64
1068 98.4 -75.39
1069 100.4 -45.46
1070 25.33 -10.75
1071 32.09 -85.43
1072 94.41 -30.17
1073 88.2 -102.43
1074 41.42 -35.81
1075 62.93 -71.29
1076 56.39 -27.58
1077 66.66 -56.59
1078 104.83 -57.5
1079 57.36 -47.8
1080 2.42 -53.04
1081 46.88 -54.39
1082 84.55 -26.45
1083 101.84 -96.28
1084 12.75 -53.95
1085 64.71 -124.77
1086 3.72 -89.6
1087 119.77 -96.8
1088 121.75 -98.13
1089 56.46 -1.49
1090 72.79 -85.69
1091 113.28 -119.39
1092 98.5 -51.7
1093 109.2 -102.46
1094 21.26 -74.34
1095 49.9 -37.57
1096 14.48 -75.2
1097 24.17 -96.79
1098 115.59 -99.03
1099 23.98 -48.54
1100 95.83 -50.86
1101 11.46 -11.21
1102 30.53 -99.55
1103 120.2 -2.23
1104 3.73 -23.29
1105 108.98 -47.66
1106 89.57 -128.04
1107 50.74 -15.78
1108 118.24 -110.6
1109 107.46 -82.46
1110 42.55 -62.03
1111 59.75 -28.36
1112 47.67 -57.03
1113 78.58 -83.93
1114 54.99 -34.27
1115 85.13 -25.09
1116 36.3 -21.82
1117 121.37 -96.6
1118 21.35 -66.84
1119 90.13 -35.09
1120 82.75 -76.6
1121 75.64 -121.63
1122 8.42 -94.84
1123 76.44 -48.9
1124 53.89 -126.66
1125 111.21 -106.42
1126 5.79 -96.44
1127 76 -41.97
1128 48.42 -53.46
1129 10.25 -25.58
1130 50.67 -103.41
1131 125.23 -17.91
1132 37.03 -86.98
1133 76.34 -40.12
1134 75.21 -58.38
1135 5.99 -37.47
1136 81.62 -28.96
1137 46.32 -4.15
1138 104.58 -90.04
1139 10.23 -45.29
1140 22.71 -80.99
1141 48.43 -121.44
1142 34.41 -28.5
1143 4.49 -46.95
1144 72.54 -5.35
1145 108.76 -66.26
1146 84.17 -45.73
1147 55.23 -104.99
1148 16.11 -43.72
1149 102.11 -2.57
1150 91.56 -91.32
1151 42.8 -30.62
1152 86.29 -44.19
1153 5.23 -89.13
1154 5.42 -113.39
1155 65.38 -66.98
1156 110.95 -79.65
1157 30.68 -36.34
1158 5.81 -67.88
1159 73.24 -86.69
1160 23.95 -78.35
1161 46.61 -53
1162 29 -30.65
1163 74.37 -101.84
1164 26.94 -96.63
1165 110.48 -99
1166 52.14 -118.5
1167 85.21 -24.28
1168 35.93 -9.44
1169 45.35 -12.97
1170 79.95 -41.35
1171 43.53 -33.26
1172 69.6 -61.9
1173 0.79 -74.21
1174 31.9 -126.93
1175 127.81 -74.03
1176 49.55 -55.85
1177 9.02 -45.42
1178 69.78 -78.55
1179 97.71 -83.4
1180 104.92 -96.72
1181 8.75 -79.19
1182 25.99 -28.07
1183 89.03 -93.96
1184 29.45 -61.93
1185 25.8 -5.38
1186 38.64 -31.93
1187 16.35 -69.33
1188 14.54 -30.76
1189 80.22 -17.14
1190 13.69 -46.44
1191 24.82 -79.03
1192 124.45 -63.25
1193 64.32 -33.84
1194 39.76 -65.23
1195 84.48 -84.55
1196 34.74 -15.69
1197 95.28 -93.23
1198 109.71 -112.26
1199 45.19 -55.31
1200 112.21 -61.69
1201 93.62 -70.99
1202 11.33 -73.38
1203 26.66 -109.97
1204 49.64 -77.39
1205 123.84 -106.88
1206 56.91 -114.85
1207 100.62 -71.18
1208 105.02 -103.88
1209 40.12 -35.95
1210 43.02 -67.31
1211 5.52 -47.12
1212 62.87 -0.29
1213 112.55 -100.8
1214 78.63 -95.1
1215 27.79 -28.74
1216 22.25 -113.36
1217 109.26 -43.93
1218 24.91 -85.1
1219 33.5 -6.93
1220 36.33 -74.55
1221 111.92 -79.86
1222 22.04 -15.77
1223 119.65 -83.55
1224 42.02 -49.58
1225 116.89 -82.29
1226 0.41 -85.04
1227 85.33 -44.93
1228 16.73 -63.28
1229 80.91 -120.4
1230 20.14 -17.88
1231 53.77 -108.7
1232 23.64 -93.92
1233 50.02 -34.03
1234 40.96 -100.07
1235 97.14 -6.04
1236 85.9 -128.82
1237 15.59 -80.06
1238 34.61 -30.46
1239 80.05 -6.24
1240 88.54 -76.63
1241 32.68 -119.46
1242 35.4 -11.47
1243 74.76 -40.53
1244 31.94 -103.65
1245 44.06 -78.19
1246 57.89 -103.6
1247 120.04 -97.83
1248 2.86 -4.05
1249 104.12 -41.07
1250 47.11 -43.83
1251 43.65 -123.78
1252 74.85 -55.54
1253 86 -59.24
1254 117 -109.46
1255 108.62 -88.57
1256 79.04 -76.54
1257 88.02 -63.82
1258 26.87 -36.96
1259 11.61 -85.3
1260 34.49 -58.81
1261 84.94 -55.67
1262 24.5 -14.9
1263 70.48 -75.98
1264 39.57 -27.37
1265 122.72 -97.12
1266 91.91 -86.69
1267 64.75 -88.89
1268 70.65 -89.28
1269 69.74 -21.75
1270 110.33 -58.65
1271 57.72 -100.88
1272 35.7 -111.89
1273 19.85 -68.26
1274 76.08 -62.58
1275 43.91 -82.98
1276 61.18 -33.09
1277 99.51 -51.37
1278 49.88 -8.2
1279 87.09 -40.99
1280 9.12 -89.45
1281 98.66 -80.81
1282 92.22 -23.55
1283 112.83 -34.41
1284 107.69 -85.39
1285 15.05 -105.09
1286 76.98 -11.54
1287 123.43 -124.29
1288 115.07 -35.2
1289 20.3 -65.8
1290 71.3 -62.15
1291 95.24 -64.22
1292 38.11 -3.48
1293 11.69 -65.75
1294 29.27 -87.99
1295 48.45 -98.78
1296 102.12 -89.91
1297 113.46 -69.63
1298 104.05 -116.86
1299 73.26 -19.81
1300 124.9 -82.74
1301 94.28 -88.31
1302 6.12 -124.4
1303 82.13 -11.23
1304 128.55 -121.19
1305 105.86 -102.43
1306 89.17 -70.85
1307 125.86 -72.1
1308 60.37 -127.29
1309 8.8 -60.07
1310 81.37 -12.16
1311 102.07 -108.77
1312 49.41 -54.49
1313 93.88 -9.05
1314 28.86 -75.98
1315 81.24 -38.14
1316 48.97 -76.29
1317 123.21 -46.52
1318 109.27 -55.09
1319 98.8 -76.34
1320 49.78 -108.82
1321 102.19 -75.66
1322 70.28 -61.47
1323 111.28 -21.57
1324 81.64 -53.17
1325 65.34 -120.09
1326 22.38 -34.02
1327 11.03 -38.41
1328 98.99 -71.79
1329 18.77 -104.91
1330 14.05 -127.85
1331 126.66 -100.01
1332 69.05 -63.02
1333 40.63 -120.88
1334 68.22 -100.84
1335 3.18 -61.95
1336 8.61 -40.52
1337 102 -105.38
1338 126.95 -1.41
1339 54.59 -6.8
1340 126.89 -2.12
1341 36.14 -119.93
1342 80.86 -20.28
1343 14.59 -98.69
1344 126.13 -102.37
1345 101.23 -84.89
1346 107.42 -62.7
1347 48.25 -98.89
1348 90.77 -99
1349 70.84 -88.88
1350 21.84 -81.52
1351 44.56 -74.03
1352 101.93 -81.97
1353 83.39 -17.56
1354 75.89 -22.4
1355 24.52 -60.5
1356 102.95 -125.3
1357 68.1 -60.66
1358 81.88 -106.33
1359 79.71 -82.7
1360 90.11 -79.01
1361 12.71 -51.94
1362 73.35 -68.53
1363 38.53 -60.96
1364 72.37 -86.65
1365 39.17 -31.9
1366 28.45 -16.73
1367 98.7 -83.73
1368 23.82 -1.38
1369 23.78 -104.61
1370 36.11 -22.23
1371 18.53 -48.31
1372 31.49 -10.06
1373 116.4 -86.64
1374 40.34 -35.89
1375 114.9 -67.11
1376 41.57 -52.97
1377 121.5 -50.14
1378 33.62 -114.92
1379 124.09 -82.56
1380 36.98 -105.99
1381 45.24 -85.78
1382 92.04 -65.43
1383 66.81 -14.95
1384 42.08 -38.38
1385 60.61 -90.59
1386 61.42 -78.2
1387 10.78 -79.14
1388 36.78 -15.44
1389 51.33 -127.18
1390 116.81 -128.64
1391 52.61 -37.24
1392 9.9 -29.38
1393 66.83 -96.64
1394 101.72 -43.52
1395 72.04 -113.44
1396 70.23 -9.7
1397 75.13 -117.28
1398 54.75 -33.27
1399 71.65 -64.46
1400 26.05 -96.84
1401 97.56 -3.26
1402 4.92 -10
1403 25.44 -108.34
1404 29.05 -41.71
1405 92.87 -76.77
1406 36.53 -16.86
1407 97.77 -68.01
1408 87.17 -97.95
1409 12.48 -87.12
1410 71.56 -59.89
1411 121.11 -7.04
1412 124.32 -12.79
1413 97.58 -67.24
1414 2.7 -101.6
1415 69.44 -40.23
1416 95.01 -80.27
1417 12.79 -38
1418 68.86 -99.94
1419 12.65 -89.75
1420 37.53 -97.91
1421 37.3 -28.04
1422 18.57 -125.58
1423 17.06 -57.59
1424 67.23 -105.74
1425 88.15 -29.54
1426 88.1 -9.79
1427 74.11 -80.26
1428 70.02 -5.94
1429 107.54 -42.69
1430 5.45 -72.72
1431 75.52 -47.98
1432 8.5 -100.46
1433 71.4 -88.31
1434 49.07 -77.37
1435 97.8 -6.57
1436 34.62 -9.12
1437 57.22 -57.62
1438 115.21 -53.19
1439 29.94 -74.28
1440 26.34 -53.44
1441 114.76 -40.61
1442 120.88 -114.44
1443 120.39 -111.39
1444 76.6 -61.9
1445 57.15 -21.45
1446 120.96 -82.05
1447 53.52 -3.67
1448 14.5 -0.46
1449 0.35 -124.92
1450 54.02 -115.09
1451 46.73 -20.68
1452 78.3 -88.64
1453 64.35 -26.48
1454 100.76 -116.04
1455 40.48 -16.81
1456 57.43 -49.63
1457 86.59 -77.76
1458 60.15 -49.31
1459 111.21 -0.5
1460 21.96 -59.28
1461 12.33 -90.88
1462 94.55 -13.92
1463 65.9 -117.37
1464 35.82 -31.58
1465 17.67 -66.26
1466 9.46 -89.84
1467 49.48 -115.93
1468 13.41 -87.76
1469 126.32 -36.35
1470 53.17 -36.69
1471 86.32 -89.33
1472 38.09 -110.6
1473 82.43 -43.92
1474 44.42 -20.77
1475 80.05 -116.16
1476 78.05 -66.38
1477 2.82 -14.9
1478 3.28 -95.12
1479 126.7 -68.73
1480 57.51 -39.1
1481 128.94 -66.9
1482 53.83 -66.97
1483 77.25 -100.94
1484 8.29 -118.76
1485 26.45 -74.58
1486 34.91 -112.98
1487 17.1 -112.78
1488 79.22 -124.52
1489 67.81 -99.53
1490 86.7 -123.64
1491 112.55 -18.86
1492 33.77 -87.27
1493 53.39 -115.37
1494 55.1 -88.57
1495 127.67 -102.62
1496 40.52 -35.13
1497 102.1 -127.61
1498 22.07 -16.87
1499 58.15 -50.36
1500 47.46 -81.88
1501 65.87 -84.6
1502 119.9 -4.89
1503 0.41 -82.97
1504 105.03 -70.12
1505 116.29 -119.75
1506 9.61 -62.73
1507 72.52 -22.36
1508 60.25 -94.9
1509 54.47 -125.91
1510 99.53 -115.36
1511 21.49 -104.66
1512 25.79 -62.57
1513 1.96 -46.12
1514 19 -47.86
1515 0.75 -60.11
1516 15.72 -117.98
1517 122.87 -118.14
1518 72.11 -58.14
1519 50.79 -45.8
1520 36.55 -48.14
1521 33.39 -38.08
1522 111.96 -97.69
1523 115.11 -105.91
1524 25.35 -43.21
1525 81.09 -92.11
1526 67.77 -47.4
1527 109.98 -25.11
1528 71.23 -93.57
1529 63.95 -34.46
1530 94.58 -12.75
1531 1.73 -64.7
1532 105.36 -32.82
1533 90.96 -47.12
1534 92.92 -48.48
1535 19.14 -64.27
1536 24.87 -52
1537 72.21 -52.54
1538 80.97 -7.83
1539 51.05 -58.32
1540 72.95 -28.84
1541 76.25 -54.66
1542 79.77 -11.73
1543 27.82 -108.75
1544 14.21 -73.52
1545 86.27 -91.77
1546 79 -31.31
1547 64.13 -10.52
1548 57.64 -55.36
1549 26.36 -77.62
1550 12.89 -73.09
1551 125.09 -45.51
1552 20.57 -89.29
1553 97.12 -119.82
1554 49.14 -24.06
1555 52.91 -70.69
1556 125.36 -122.1
1557 56.35 -0.16
1558 108.91 -76.13
1559 72.18 -84.17
1560 98.46 -45.64
1561 76.96 -80.97
1562 91.5 -48.46
1563 103.83 -63.61
1564 63.75 -20.14
1565 15.75 -1.19
1566 98.22 -128.17
1567 88.46 -63.36
1568 54.18 -118.79
1569 13.86 -56.58
1570 127.28 -103.33
1571 18.95 -118.29
1572 118.45 -46.16
1573 44.81 -126.82
1574 4.51 -20.88
1575 118.04 -116.99
1576 68.97 -102.97
1577 73.96 -66
1578 52.14 -31.47
1579 103.13 -100.31
1580 24.02 -115.89
1581 37.58 -118.89
1582 104.77 -122.25
1583 34.56 -126.04
1584 105.15 -29.96
1585 55.81 -99.94
1586 89.23 -25.95
1587 72.11 -126.28
1588 124.1 -1.2
1589 22.08 -116.92
1590 27.44 -128.61
1591 25.1 -11.13
1592 128.65 -96.41
1593 50.4 -99.06
1594 121.89 -51.79
1595 90.21 -24.53
1596 65.94 -16.92
1597 10.17 -127.79
1598 47.36 -41.72
1599 123.2 -96.25
1600 67.2 -23.51
1601 100.98 -50.01
1602 47.29 -78.95
1603 80.16 -44.09
1604 83.53 -42.39
1605 93.52 -102.24
1606 35.89 -110.97
1607 78.38 -41.14
1608 62.73 -87.07
1609 9.86 -51.3
1610 75.84 -55.62
1611 72.54 -22.59
1612 72.91 -64.3
1613 28.54 -5.23
1614 101.49 -120.27
1615 66.3 -22.74
1616 124.27 -91.21
1617 41.16 -38.28
1618 4.89 -42.56
1619 7.47 -121.32
1620 17.09 -88.42
1621 121.92 -23.51
1622 64.66 -104.5
1623 62.57 -122.82
1624 45.13 -127.39
1625 105.53 -123.96
1626 17.55 -43.49
1627 107.79 -49.08
1628 54.31 -90.46
1629 4.25 -58.86
1630 4.12 -78.32
1631 40.53 -70.55
1632 108.83 -128.4
1633 93.48 -81.7
1634 125.54 -113.72
1635 124.67 -100.96
1636 46.99 -13.63
1637 118.14 -117.59
1638 111.41 -111.65
1639 32.56 -103.23
1640 98.19 -27.54
1641 122.55 -9.1
1642 109.7 -115.75
1643 128.73 -23.87
1644 82.73 -35.01
1645 35.86 -3.99
1646 74.54 -9.37
1647 60.29 -127.91
1648 3.13 -105.9
1649 13.14 -24.78
1650 48.26 -128.68
1651 64.83 -60.33
1652 48.92 -95.25
1653 0.43 -105.49
1654 79.73 -82.86
1655 32.92 -84.51
1656 93.61 -48.92
1657 35.67 -26.48
1658 50.35 -125.83
1659 83.37 -86.93
1660 90.92 -55.6
1661 116.49 -119.23
1662 118.14 -36.46
1663 64.88 -47.79
1664 72.57 -121.28
1665 43.48 -78.03
1666 60.88 -43.35
1667 61.12 -108.31
1668 84.81 -109.81
1669 115.19 -61.55
1670 68.59 -35.54
1671 6.98 -70.63
1672 19.63 -84.72
1673 81.56 -94.18
1674 52.11 -121.5
1675 48.1 -35.93
1676 26.16 -14.03
1677 102.01 -35.6
1678 83.39 -66.82
1679 59.1 -89.42
1680 89.97 -78.48
1681 44.35 -102.58
1682 4.42 -21.85
1683 54.18 -105.47
1684 89.55 -89.23
1685 47.29 -40.37
1686 33.53 -29.14
1687 113.86 -105.79
1688 70.97 -53.16
1689 45.67 -66.42
1690 24.87 -45.6
1691 59.63 -16.29
1692 103.41 -102.55
1693 40.38 -84.17
1694 44.59 -109.32
1695 58.8 -22
1696 47.11 -5.56
1697 27.41 -25.67
1698 2.15 -51.53
1699 63.28 -81.6
1700 44.49 -91.7
1701 43.36 -33.09
1702 61.4 -78.02
1703 2.19 -79.74
1704 68.69 -3.38
1705 48.98 -99.38
1706 115.67 -93.56
1707 67.12 -31.14
1708 37.83 -90.09
1709 70.41 -107.5
1710 52.02 -82.42
1711 10.5 -51.74
1712 77.41 -99.13
1713 73.18 -37.91
1714 42.03 -2.08
1715 93.78 -58.98
1716 14.59 -9.05
1717 87.07 -59.66
1718 10.41 -76
1719 1.9 -11.78
1720 111.16 -79.1
1721 43.66 -50.88
1722 4.54 -20.36
1723 110.45 -33.3
1724 63.32 -42.37
1725 47.31 -103.38
1726 26.12 -115.35
1727 8 -57.81
1728 18.25 -26.06
1729 28.14 -3.71
1730 114.21 -111.8
1731 120.85 -44.45
1732 26.63 -128.81
1733 75.81 -78.93
1734 13.23 -37.04
1735 38.66 -77.71
1736 51.11 -124.4
1737 67.28 -4.85
1738 38.15 -55.66
1739 20.55 -100.25
1740 74.63 -24
1741 61.87 -67.87
1742 48.2 -23.28
1743 100.86 -69.87
1744 125.1 -66.45
1745 49.26 -0
1746 95.97 -110.32
1747 110.13 -41.11
1748 42.56 -122.61
1749 82.17 -108.46
1750 57.17 -55.8
1751 102.72 -120.84
1752 125.69 -30.8
1753 8.98 -41
1754 12.25 -86.36
1755 110.36 -29.54
1756 19.93 -9.4
1757 32.68 -43.23
1758 35.63 -68.13
1759 5.59 -4.54
1760 56.07 -31.73
1761 64.57 -106.37
1762 70 -23.04
1763 68.17 -45.7
1764 25.16 -112.57
1765 39.37 -21.35
1766 13.19 -4.85
1767 35.66 -64.61
1768 105.61 -9.88
1769 18.76 -44.64
1770 74.18 -117.86
1771 127.26 -0.13
1772 43.36 -16.63
1773 84.77 -82.47
1774 9.53 -78.99
1775 33.25 -12.88
1776 119.25 -65.6
1777 11.17 -97.82
1778 66.05 -60.25
1779 95.34 -1.86
1780 23.21 -91.21
1781 18.59 -5.71
1782 121.84 -36.4
1783 97.8 -54.25
1784 21.41 -98.45
1785 9.83 -116.57
1786 39.22 -18.12
1787 34.75 -59.62
1788 64.61 -5.1
1789 84.1 -119.52
1790 54.92 -74.14
1791 62.27 -39.87
1792 8.69 -45.17
1793 27.95 -124.96
1794 126.82 -126.26
1795 88.48 -123.29
1796 51.53 -21.04
1797 108.96 -29.59
1798 6.36 -44.37
1799 13.83 -0.29
1800 116.86 -27.77
1801 45.89 -75.18
1802 5.8 -78.6
1803 83.7 -80.65
1804 122.69 -70.41
1805 67.08 -90.32
1806 1.19 -48.62
1807 16.31 -0.35
1808 47.83 -61.41
1809 -58.67 -44.26
1810 -90.08 -45.65
1811 -66.69 -69.67
1812 -99.26 -12.61
1813 -56.98 -46.66
1814 -46.95 -105.62
1815 -55.92 -122.33
1816 -68.52 -86.33
1817 -87.45 -101.81
1818 -104.98 -125.84
1819 -118.78 -42.15
1820 -3.48 -21.2
1821 -121.34 -56.86
1822 -108.73 -56.19
1823 -117.6 -8.65
1824 -104.44 -27.56
1825 -73.21 -98.8
1826 -39.47 -65.52
1827 -78.13 -62.43
1828 -31.61 -61.26
1829 -89.4 -57.63
1830 -50.97 -1.08
1831 -9.93 -16.32
1832 -40.66 -42.01
1833 -90.37 -97.38
1834 -62.05 -68.16
1835 -89.36 -80.15
1836 -59.53 -65.53
1837 -44.25 -4.22
1838 -12.88 -90.78
1839 -40.86 -32.85
1840 -54.17 -39.84
1841 -105.36 -114.08
1842 -99.03 -16.17
1843 -128.95 -106.01
1844 -86.16 -53.16
1845 -54.24 -89.35
1846 -28.2 -59.65
1847 -101.66 -64.17
1848 -84.07 -120.38
1849 -111.06 -114.56
1850 -65.71 -17.12
1851 -5.18 -122.95
1852 -127.17 -47.77
1853 -9.55 -49.43
1854 -4.8 -62.57
1855 -102.41 -50.42
1856 -87.02 -58.98
1857 -126.67 -1.29
1858 -29.82 -108.57
1859 -32.73 -126.62
1860 -9.49 -115.99
1861 -46.64 -9.49
1862 -125.18 -89.21
1863 -80.59 -70.83
1864 -107.91 -80.25
1865 -19.89 -114.18
1866 -108.13 -96.14
1867 -14.91 -25.07
1868 -74.5 -106.3
1869 -39.88 -75.99
1870 -48.93 -1.83
1871 -112.33 -64.81
1872 -66.11 -6.95
1873 -38.04 -110
1874 -107.62 -18.45
1875 -5.44 -70.77
1876 -80.26 -117.11
1877 -128.85 -103.61
1878 -96.96 -76.44
1879 -79.21 -80.44
1880 -65.62 -127.39
1881 -94.53 -99.1
1882 -46.7 -96.27
1883 -73.58 -109.45
1884 -107.96 -121.2
1885 -45.55 -35.98
1886 -100.79 -27.89
1887 -34.84 -28.88
1888 -9.88 -89.42
1889 -107.88 -72.88
1890 -66.17 -40.02
1891 -28.14 -35.84
1892 -61.97 -68.95
1893 -67.91 -27.99
1894 -30.95 -81.45
1895 -79.84 -18.12
1896 -39.74 -19.1
1897 -115.37 -45.38
1898 -77.35 -86.44
1899 -1.17 -111.47
1900 -18.45 -56.31
1901 -84.2 -46.72
1902 -127.13 -41.77
1903 -2.19 -41.56
1904 -36.96 -8.01
1905 -48.04 -32.59
1906 -68.44 -103.13
1907 -94.6 -127.7
1908 -78.21 -52.93
1909 -5.39 -33.51
1910 -103.15 -31.68
1911 -102.3 -7.75
1912 -53.13 -13.89
1913 -22.86 -88.68
1914 -122.67 -53
1915 -109.31 -24.03
1916 -122.27 -12.13
1917 -53.9 -116.03
1918 -28.59 -120.4
1919 -128.42 -107.61
1920 -11.21 -117.07
1921 -91.2 -98.98
1922 -20.2 -2.17
1923 -55.1 -56.8
1924 -12.83 -20.93
1925 -52.61 -112.01
1926 -119.77 -115.98
1927 -0.88 -25.92
1928 -37.12 -95.42
1929 -19.43 -23.74
1930 -99.29 -82.31
1931 -94.44 -51.26
1932 -38.3 -92.56
1933 -83.97 -70.86
1934 -49.48 -118.41
1935 -106.49 -5.91
1936 -27.41 -60.69
1937 -62.86 -120.21
1938 -99.54 -47.61
1939 -68.54 -40.48
1940 -23.5 -112.37
1941 -21.88 -43.67
1942 -121.11 -14.27
1943 -109.69 -74.28
1944 -20.54 -80.75
1945 -34.07 -51.64
1946 -102.91 -119.83
1947 -5.91 -128.51
1948 -121.9 -63.73
1949 -104.66 -12.4
1950 -69.83 -42.38
1951 -25.59 -82.15
1952 -124.89 -97.24
1953 -67.37 -10.97
1954 -51.45 -95.43
1955 -1.32 -58.43
1956 -102.11 -74.95
1957 -11.74 -23.2
1958 -20 -94.22
1959 -45.98 -43.96
1960 -95.6 -40.54
1961 -82.89 -80.05
1962 -2.08 -121.03
1963 -55.76 -88.81
1964 -101.21 -123.98
1965 -88.88 -82.95
1966 -36.1 -93.57
1967 -61.81 -114.47
1968 -125.44 -83.51
1969 -101.46 -51.71
1970 -110.14 -47.9
1971 -45.37 -102.79
1972 -48.51 -83.25
1973 -100 -57.12
1974 -101.08 -120.04
1975 -31.58 -68.5
1976 -19.55 -67.68
1977 -111.24 -114.48
1978 -125.81 -73.15
1979 -119.66 -38
1980 -120.95 -20.54
1981 -114.11 -79.54
1982 -65.02 -79.58
1983 -85.61 -46.93
1984 -21.16 -112.98
1985 -31.88 -58.08
1986 -83.39 -2.3
1987 -85.56 -128.78
1988 -56.9 -54.42
1989 -45.46 -108.08
1990 -47.58 -80.5
1991 -70.7 -77.05
1992 -114.05 -118.65
1993 -62.8 -52.94
1994 -13.47 -110.86
1995 -2.4 -53.46
1996 -55.53 -56.94
1997 -7.52 -116.52
1998 -85.97 -120.55
1999 -104.53 -15.66
2000 -73.74 -107.13
2001 -31.95 -58.94
2002 -58.72 -79.65
2003 -5.07 -117.51
2004 -19.11 -38.14
2005 -118.64 -50.54
2006 -50.11 -66.69
2007 -56.34 -60.34
2008 -113.29 -35.16
2009 -68.54 -41.67
2010 -17.65 -126.76
2011 -54.7 -122.46
2012 -32.5 -73.18
2013 -116.25 -113.75
2014 -0.41 -40.99
2015 -70.64 -14.31
2016 -124.77 -125.67
2017 -76.32 -102.6
2018 -13.63 -106.01
2019 -15.15 -3.91
2020 -105.97 -32.75
2021 -99.44 -56.31
2022 -116.65 -27.08
2023 -113.76 -78.31
2024 -119.98 -23.46
2025 -72.74 -104.82
2026 -98.29 -60.15
2027 -55.86 -127.45
2028 -34.72 -1.79
2029 -42.79 -43.11
2030 -108.94 -86.65
2031 -5.84 -113.43
2032 -87.03 -27.23
2033 -4.24 -4.68
2034 -8.59 -100.67
2035 -55.94 -19.39
2036 -127.22 -114.57
2037 -64.17 -26.38
2038 -27.21 -114.88
2039 -60.86 -48.94
2040 -24.76 -69.71
2041 -0.87 -4.61
2042 -54.58 -123.05
2043 -47.37 -56.73
2044 -22.36 -89.3
2045 -98.47 -12.68
2046 -126.11 -53.83
2047 -81.06 -104.31
2048 -108.99 -6.67
2049 -29.86 -85.31
2050 -27.22 -40.1
2051 -25.67 -85.8
2052 -34.7 -25.45
2053 -62.85 -89.85
2054 -61.31 -61.92
2055 -2.63 -123.71
2056 -50.84 -86.07
2057 -2.65 -55.02
2058 -34.27 -105.42
2059 -117.24 -101.54
2060 -114.22 -56.64
2061 -32.99 -86.71
2062 -62.02 -33.85
2063 -40.52 -36.57
2064 -121.88 -93.53
2065 -4.64 -121.9
2066 -78.7 -71.63
2067 -19.6 -81.83
2068 -94.2 -35.93
2069 -97.85 -82.45
2070 -128.68 -26.51
2071 -35.11 -23
2072 -78.03 -102.05
2073 -78.47 -89.28
2074 -61.82 -112.3
2075 -91.46 -66.72
2076 -24.43 -98.56
2077 -3.41 -124.45
2078 -32.03 -8.98
2079 -25.03 -95.46
2080 -88.36 -76.43
2081 -70.58 -81.19
2082 -85.55 -89.59
2083 -125.52 -90.18
2084 -95.15 -50.75
2085 -128.79 -16.89
2086 -39.89 -17.36
2087 -119.41 -86.42
2088 -98.22 -40.44
2089 -23.75 -120.4
2090 -58.12 -82.56
2091 -52.12 -115.21
2092 -33.19 -5.08
2093 -65.58 -55.53
2094 -73.51 -116.74
2095 -115.69 -90.61
2096 -94.33 -32.88
2097 -44.99 -57.28
2098 -69.98 -50.88
2099 -24.15 -93.03
2100 -109.92 -36.14
2101 -105.02 -75.46
2102 -84.4 -72.33
2103 -112.78 -17.95
2104 -9.35 -53.62
2105 -7.18 -7.53
2106 -45.26 -67.48
2107 -124.08 -110.82
2108 -88.88 -78.45
2109 -117.71 -60.66
2110 -73.79 -33.39
2111 -117.79 -104.41
2112 -32.69 -39.12
2113 -12.52 -33.78
2114 -126.81 -102.67
2115 -61.33 -36.68
2116 -34.66 -30.25
2117 -25.11 -88.87
2118 -106.82 -119.07
2119 -95.21 -8.89
2120 -67.94 -116.18
2121 -54.66 -24.92
2122 -6.74 -35.72
2123 -36.7 -101.26
2124 -32.92 -95.62
2125 -51.54 -25.41
2126 -52.34 -106.71
2127 -68.36 -40.33
2128 -74.12 -85.03
2129 -110.23 -3.4
2130 -91.6 -123.45
2131 -76.23 -94.08
2132 -53.96 -126.27
2133 -38.86 -101.34
2134 -32.75 -31.78
2135 -18.96 -5.07
2136 -29.99 -23.21
2137 -110.45 -125.14
2138 -97.4 -36.74
2139 -54.88 -18.15
2140 -95.09 -52.84
2141 -82.08 -28.94
2142 -69.28 -18.43
2143 -25.99 -21.44
2144 -24.84 -65.92
2145 -111.89 -58.74
2146 -23.82 -38.97
2147 -36.24 -59.12
2148 -82.98 -0.3
2149 -32.09 -75.1
2150 -80.17 -115.73
2151 -61.46 -102.57
2152 -21.24 -32.69
2153 -120.95 -42.92
2154 -112.59 -118.64
2155 -42.49 -46.83
2156 -75.78 -1.2
2157 -19.64 -124.57
2158 -68.53 -67.58
2159 -4.5 -97.15
2160 -26.89 -15.89
2161 -54.86 -116.39
2162 -98.04 -102.23
2163 -102.54 -13.62
2164 -88.72 -52.02
2165 -90.28 -57.15
2166 -30.72 -91.42
2167 -124.11 -74.26
2168 -39.7 -51.96
2169 -93.13 -38.58
2170 -7.93 -23.3
2171 -76.02 -6.62
2172 -53.71 -6.23
2173 -73.81 -95.66
2174 -115.33 -44.76
2175 -112.17 -0.83
2176 -39.75 -13.22
2177 -115.46 -89.56
2178 -103.18 -8.79
2179 -112.33 -11.52
2180 -68.67 -114.43
2181 -128.37 -125.13
2182 -70.4 -99.39
2183 -73.88 -123.48
2184 -84.58 -110.1
2185 -55.92 -38.01
2186 -96.15 -92.51
2187 -98.75 -2.95
2188 -21.13 -72.38
2189 -117.14 -43.56
2190 -44.4 -7.47
2191 -72.21 -22.83
2192 -112.39 -84.15
2193 -15.46 -110.19
2194 -121.71 -9.1
2195 -123.53 -127.79
2196 -123.93 -61.38
2197 -83.3 -122.9
2198 -39.9 -116.85
2199 -97.95 -28.18
2200 -117.71 -124.48
2201 -87.99 -76.4
2202 -1.87 -84.86
2203 -28.24 -57.74
2204 -23.83 -23
2205 -81.99 -67.9
2206 -90.73 -119.75
2207 -126.42 -25.21
2208 -6.4 -125.65
2209 -5.75 -12.88
2210 -63.19 -128.12
2211 -112.02 -0.28
2212 -45.7 -109.64
2213 -97.49 -117.84
2214 -17.02 -85.6
2215 -3.6 -117.97
2216 -65.37 -5.73
2217 -13.11 -91.59
2218 -71.86 -67.24
2219 -12.76 -41.35
2220 -31.77 -18.21
2221 -8.96 -94.76
2222 -119.97 -122.51
2223 -119.16 -6.38
2224 -19.26 -126.37
2225 -48.01 -124.91
2226 -47.71 -4.97
2227 -114.62 -82.56
2228 -71.4 -93.41
2229 -101.53 -83.11
2230 -72.08 -10.95
2231 -68.2 -105.13
2232 -119.24 -59.97
2233 -127.21 -81.32
2234 -45.19 -113.62
2235 -2.83 -10.98
2236 -105.74 -76.97
2237 -122 -11.79
2238 -18.17 -19.23
2239 -68.12 -34.68
2240 -82.11 -88.95
2241 -16.45 -38.66
2242 -121.22 -0.82
2243 -16.75 -2.07
2244 -85.18 -115.14
2245 -126.09 -118.28
2246 -94.41 -79.79
2247 -10.76 -116.82
2248 -69.14 -7.17
2249 -120.8 -60.5
2250 -123 -36.85
2251 -113.82 -123.63
2252 -6.43 -22.26
2253 -41.49 -29.34
2254 -64.02 -76.12
2255 -87.6 -32.13
2256 -70.79 -17.13
2257 -69.47 -104.05
2258 -106.12 -114.53
2259 -100.68 -86.22
2260 -127.02 -113.82
2261 -116.13 -20.29
2262 -8.11 -14.95
2263 -22.13 -49.42
2264 -109.92 -128.77
2265 -36.63 -13.93
2266 -60.08 -26.44
2267 -48.7 -72.97
2268 -24.84 -118.03
2269 -65.16 -12.71
2270 -44.84 -88.86
2271 -28.52 -75.28
2272 -50.33 -38.16
2273 -23.69 -20.51
2274 -106.74 -78.97
2275 -115.31 -124.37
2276 -67.19 -27.28
2277 -42.24 -102.45
2278 -22.87 -75.3
2279 -126.6 -115.89
2280 -52.34 -55.31
2281 -81.75 -34.23
2282 -29.72 -112.42
2283 -101.46 -52.97
2284 -117.2 -54.56
2285 -65.95 -89.14
2286 -35.42 -33.04
2287 -71.2 -94.47
2288 -114.98 -8.27
2289 -87.24 -17.42
2290 -64.31 -15.24
2291 -94.05 -73.55
2292 -98.52 -2.5
2293 -0.33 -7.29
2294 -45.7 -43.91
2295 -99.22 -126.93
2296 -83.68 -98.04
2297 -3.98 -103.49
2298 -27.46 -35.92
2299 -90.49 -27.96
2300 -117.1 -15.66
2301 -100.23 -78.96
2302 -44.43 -75.04
2303 -83.31 -93.95
2304 -111.37 -81.93
2305 -19.7 -93.07
2306 -89.15 -46.69
2307 -49.19 -113.75
2308 -43.56 -58.67
2309 -102.59 -101.04
2310 -98.97 -11.78
2311 -32.34 -124.33
2312 -98.83 -105.17
2313 -12.1 -36.32
2314 -64.29 -126.29
2315 -64.48 -25.11
2316 -104.07 -103.91
2317 -49.96 -35.71
2318 -0.66 -71.02
2319 -75.47 -55.79
2320 -19.87 -34.56
2321 -81.25 -95.17
2322 -2.44 -31.54
2323 -12.73 -52.96
2324 -25.01 -97.52
2325 -31.82 -115.32
2326 -33.18 -123.98
2327 -22.68 -64.16
2328 -100.49 -3.01
2329 -51.82 -34.78
2330 -59.89 -87.3
2331 -62.21 -116.3
2332 -74.53 -34.96
2333 -105.98 -34.69
2334 -90.49 -126.72
2335 -32.28 -52.45
2336 -70.15 -32.88
2337 -64.42 -113.53
2338 -37.49 -124.11
2339 -92.64 -77.15
2340 -115 -114.02
2341 -31.53 -124.46
2342 -111.15 -19.18
2343 -73.71 -54.21
2344 -88.99 -82.64
2345 -92.46 -125.53
2346 -35.36 -71.4
2347 -106.36 -25.67
2348 -60.37 -109.89
2349 -107.61 -5.86
2350 -58.31 -73.38
2351 -106.26 -10.89
2352 -46.94 -50.98
2353 -46.1 -41.68
2354 -118.83 -6.96
2355 -120.98 -61.26
2356 -108.24 -27.35
2357 -46.53 -23.51
2358 -77.72 -90.39
2359 -95.55 -120.24
2360 -39.3 -89.23
2361 -31.63 -59.01
2362 -84.69 -74.66
2363 -107.07 -60.51
2364 -66.37 -67.58
2365 -11.96 -85.69
2366 -19.1 -47.21
2367 -98.19 -118.22
2368 -82.42 -66.05
2369 -73.01 -15.29
2370 -128.07 -72.25
2371 -22.13 -64.99
2372 -11.03 -107.32
2373 -68.71 -68.66
2374 -111.43 -11.27
2375 -100.51 -86.79
2376 -16.8 -21.73
2377 -18.91 -54.66
2378 -115.18 -24.01
2379 -91.59 -125.98
2380 -5.19 -52.55
2381 -99.76 -26.07
2382 -66.81 -24.3
2383 -12.87 -120.48
2384 -6.77 -20.23
2385 -15.01 -85.88
2386 -73.39 -5.85
2387 -35.69 -37.14
2388 -28.32 -84.42
2389 -95.7 -26.92
2390 -113.71 -10.75
2391 -84 -118.73
2392 -95.91 -1.52
2393 -77.05 -25.43
2394 -22.42 -82.09
2395 -57.17 -91.17
2396 -117.24 -79.13
2397 -103.43 -79.45
2398 -70.93 -106.58
2399 -126.81 -116.3
2400 -124.7 -77.71
2401 -6.08 -64.34
2402 -24 -69.1
2403 -76.04 -93.29
2404 -120.21 -52.33
2405 -114.6 -94.26
2406 -83.99 -27.45
2407 -28.97 -121.13
2408 -17.56 -102.43
2409 -55.52 -28.54
2410 -119.71 -91.5
2411 -41.64 -35.21
2412 -114.67 -30.48
2413 -8.06 -67.59
2414 -106.42 -56.6
2415 -56.83 -57.39
2416 -121.74 -24.64
2417 -93.74 -114.43
2418 -78.72 -16.74
2419 -69.07 -92.31
2420 -57.57 -121.46
2421 -19.91 -106.2
2422 -98.33 -64.09
2423 -37.52 -100.4
2424 -128.94 -38.41
2425 -0.92 -15.56
2426 -50.78 -119.66
2427 -21.14 -94.08
2428 -84.19 -36.45
2429 -93.05 -80.72
2430 -9.11 -61.61
2431 -8.78 -72.41
2432 -57.84 -1.85
2433 -70.12 -25.04
2434 -117.35 -59.09
2435 -51.55 -61.71
2436 -38.91 -45.93
2437 -32.54 -71.46
2438 -94.38 -8.24
2439 -46.66 -121.58
2440 -8.14 -94.32
2441 -7.5 -99.1
2442 -64.18 -58.92
2443 -17.89 -80.16
2444 -31.88 -70.89
2445 -55.03 -33.47
2446 -105.88 -41
2447 -94.37 -63.81
2448 -88.85 -34.72
2449 -93.81 -35.49
2450 -97.21 -77.21
2451 -45.66 -67.88
2452 -10.34 -7.12
2453 -66.89 -0.72
2454 -122.3 -27.24
2455 -44.09 -36.07
2456 -57.69 -1.44
2457 -111.89 -103.11
2458 -54.28 -44.39
2459 -115.28 -0.78
2460 -34.25 -8.68
2461 -101.2 -41.31
2462 -105.12 -11.13
2463 -97.38 -118.1
2464 -24.59 -116.5
2465 -64.71 -113.71
2466 -52.6 -44.32
2467 -102.97 -32.89
2468 -33.61 -114.46
2469 -12.71 -92.38
2470 -128.45 -26.91
2471 -79.87 -56.8
2472 -30.91 -108.66
2473 -24.05 -62.76
2474 -115.07 -7.71
2475 -67.92 -61.85
2476 -103.17 -20.32
2477 -82.98 -40.12
2478 -29.22 -1.81
2479 -118.31 -102.88
2480 -87.59 -105.34
2481 -20.66 -105.54
2482 -9.43 -11.19
2483 -125.66 -123.63
2484 -87.01 -94.56
2485 -121.47 -60.89
2486 -40.21 -8.98
2487 -40.16 -123.87
2488 -57.63 -71.12
2489 -1.36 -64.21
2490 -126.07 -43.7
2491 -115.55 -69.28
2492 -109.4 -22.76
2493 -76.09 -121.05
2494 -94.93 -61.15
2495 -37.49 -65.41
2496 -93.47 -53.52
2497 -64.72 -109.67
2498 -104.31 -102.91
2499 -68.47 -112.9
2500 -96.31 -113.84
2501 -45.35 -112.47
2502 -107.34 -7.52
2503 -78.64 -85.51
2504 -72.25 -87.49
2505 -53.72 -2.52
2506 -71.8 -120.84
2507 -14.6 -40.27
2508 -32.32 -103.73
2509 -35.88 -90.69
2510 -78.62 -49.77
2511 -103.29 -124.89
2512 -105.56 -43.1
2513 -68.53 -90.53
2514 -74.43 -3.39
2515 -39.76 -59.52
2516 -94.51 -41.74
2517 -100.78 -7.63
2518 -93.14 -124.37
2519 -82.87 -50.43
2520 -104.47 -87.91
2521 -79.75 -59.11
2522 -21.9 -47.28
2523 -22.01 -94.35
2524 -107.57 -105.74
2525 -26.51 -109.41
2526 -27.82 -108.71
2527 -74.33 -0.8
2528 -91.34 -55.9
2529 -59.3 -13.86
2530 -124.91 -88.29
2531 -52.56 -21.58
2532 -29.21 -90.42
2533 -85.8 -24.34
2534 -126.29 -122.35
2535 -81.27 -91.19
2536 -21.3 -101.77
2537 -71.57 -83.54
2538 -100.42 -43.2
2539 -19.94 -16.1
2540 -125.51 -78.99
2541 -110.22 -46.45
2542 -98.77 -75.85
2543 -2.75 -55.56
2544 -120.94 -61.11
2545 -71.93 -62.05
2546 -6.15 -116.85
2547 -78.28 -47.01
2548 -122.87 -35.36
2549 -80.24 -86.6
2550 -48.79 -42.69
2551 -66.98 -84.03
2552 -38.57 -70.09
2553 -113.29 -9.55
2554 -25.65 -9.99
2555 -11.5 -55.75
2556 -102.2 -73.68
2557 -20.53 -121.73
2558 -99.81 -71.97
2559 -55.61 -23.28
2560 -7.86 -91.75
2561 -2.13 -50.06
2562 -97.07 -14.01
2563 -49.38 -2.93
2564 -89.53 -13.46
2565 -56.15 -0.62
2566 -84.65 -60.84
2567 -1.93 -123.13
2568 -55.2 -45.74
2569 -55.74 -37.74
2570 -93.49 -80.85
2571 -25.53 -67.24
2572 -111.49 -118.21
2573 -61.18 -97.58
2574 -43.39 -82.3
2575 -96.58 -39.31
2576 -89.37 -51.25
2577 -116.78 -21.23
2578 -24.16 -108.96
2579 -44.95 -37.16
2580 -89.3 -36.21
2581 -97.05 -101.1
2582 -17.76 -96.47
2583 -13.22 -21.5
2584 -59.24 -72.96
2585 -24.82 -120.48
2586 -58.72 -23.73
2587 -64.46 -101.87
2588 -121.98 -41.22
2589 -46.04 -125.64
2590 -87.48 -36.37
2591 -87.62 -13.62
2592 -34.85 -47.85
2593 -79.34 -75.4
2594 -35.09 -110.53
2595 -17.74 -124.29
2596 -18.91 -46.91
2597 -65.91 -37.31
2598 -58.81 -36.67
2599 -32.16 -1.65
2600 -122.13 -40.57
2601 -115.82 -108.5
2602 -3.89 -103.37
2603 -67.11 -51.28
2604 -47.93 -125.87
2605 -33.24 -113.16
2606 -49.3 -57.93
2607 -28.3 -43.38
2608 -41.31 -6.68
2609 -117.21 -107.64
2610 -25.45 -127.92
2611 -45.83 -57.48
2612 -17.31 -95.89
2613 -55.08 -34.26
2614 -35.91 -76.13
2615 -116.7 -87.24
2616 -66.74 -80.56
2617 -106.46 -26.05
2618 -77.33 -122.16
2619 -119.03 -44.57
2620 -28.73 -47.78
2621 -105.71 -74.8
2622 -118.18 -0.56
2623 -7.24 -5.02
2624 -35.18 -30.49
2625 -80.93 -46.97
2626 -26.97 -60.64
2627 -27.53 -126.77
2628 -83.55 -44.29
2629 -42.94 -82.61
2630 -40.86 -41.99
2631 -45.07 -82.16
2632 -108.21 -30.12
2633 -23.28 -22.53
2634 -67.11 -56.55
2635 -104.33 -64.84
2636 -10.64 -18.36
2637 -18.92 -81.05
2638 -86.07 -51.34
2639 -81.84 -77.68
2640 -124.66 -121.25
2641 -104.41 -85.29
2642 -83.06 -22.63
2643 -118.44 -2.94
2644 -8.08 -89.14
2645 -2.13 -32.38
2646 -114.55 -100.46
2647 -53.1 -47.2
2648 -121.26 -93.76
2649 -21.31 -127.91
2650 -63.75 -59.37
2651 -0.25 -48.17
2652 -0.22 -74.39
2653 -48.25 -70.7
2654 -19.38 -8.81
2655 -52.58 -1.09
2656 -8.91 -66.56
2657 -11.72 -28
2658 -82.46 -14.49
2659 -103.63 -52.68
2660 -85.07 -13.06
2661 -113.52 -28.28
2662 -127.01 -70.62
2663 -86.9 -37.63
2664 -88.06 -119.27
2665 -101.16 -30.74
2666 -78.91 -22.81
2667 -19.72 -101.41
2668 -94.63 -1.65
2669 -10.46 -67.97
2670 -120.59 -36.54
2671 -25.62 -114.56
2672 -65.08 -0.5
2673 -14.99 -88.86
2674 -12.55 -18.55
2675 -31.61 -118.63
2676 -69.43 -97.62
2677 -90.76 -67.66
2678 -27.81 -67.44
2679 -57.71 -48.66
2680 -79.4 -115.87
2681 -9.68 -81.39
2682 -105.33 -80.83
2683 -82.48 -80.92
2684 -19.89 -70.96
2685 -30.02 -15.46
2686 -1.03 -63
2687 -63.5 -55.65
2688 -15.51 -66.11
2689 -7.18 -78.5
2690 -119.65 -28.06
2691 -125.68 -90.32
2692 -80.5 -60.08
2693 -50.05 -9.96
2694 -58.63 -108.31
2695 -95.18 -30.28
2696 -111.68 -60.55
2697 -12.39 -27.38
2698 -30.82 -88.01
2699 -81.49 -17.39
2700 -84.38 -50.71
2701 -113.72 -111.52
2702 -38.17 -85.41
2703 -74.04 -99.74
2704 -100.76 -53.68
2705 -4.27 -3.75
2706 -94.07 -91.41
2707 -74.02 -52.47
2708 -62.44 -45.57
2709 -76.4 -46.59
2710 -76.87 -43.59
2711 -104.14 -94.1
2712 -121.48 -59.55
2713 -70.08 -39.05
2714 -107.97 23.3
2715 -125.53 22.58
2716 -5.1 63.35
2717 -71.28 32.77
2718 -3.52 43.27
2719 -19.47 16.32
2720 -20.07 104.28
2721 -118.22 23.74
2722 -127.74 36.66
2723 -4.75 114.76
2724 -32.35 61.18
2725 -104.77 81.15
2726 -97.77 109.22
2727 -91.3 2.43
2728 -41.49 90.25
2729 -36.07 32.38
2730 -54.96 20.46
2731 -6.33 84.13
2732 -116.9 60.06
2733 -25.85 77.61
2734 -93.93 42.94
2735 -18.23 96.85
2736 -43.11 36.53
2737 -124.71 58.97
2738 -44.73 41.85
2739 -103.03 51.99
2740 -55.66 77.08
2741 -108.82 1.32
2742 -3.76 24.44
2743 -37.21 71.12
2744 -26.03 96.77
2745 -39.75 124.81
2746 -79.94 80.99
2747 -63.58 46.08
2748 -123.69 119.36
2749 -33.31 89.43
2750 -108.8 11.14
2751 -99.19 103.06
2752 -33.03 22.92
2753 -64.77 17.43
2754 -69.42 0.28
2755 -128.88 90.33
2756 -14.17 125.08
2757 -20.52 108.7
2758 -102.35 17.93
2759 -37.22 109.26
2760 -105.07 128.38
2761 -80.37 76.97
2762 -123.05 56.01
2763 -97.89 66.47
2764 -78.43 40.26
2765 -102.93 53.72
2766 -27.78 58.23
2767 -81.15 73.12
2768 -90.55 112.33
2769 -35.13 68.45
2770 -29.78 82.49
2771 -78.58 35.01
2772 -66.24 43.95
2773 -113.41 21.62
2774 -1.88 39.59
2775 -38.97 21.63
2776 -21.13 106.95
2777 -85.48 41.86
2778 -108.34 15.18
2779 -106.97 105.9
2780 -30.62 57.77
2781 -38.52 80.9
2782 -76.54 109.93
2783 -15.78 119.68
2784 -59.13 89.62
2785 -43.11 50.92
2786 -85.93 11.43
2787 -106.9 44.21
2788 -65.84 23.17
2789 -114.28 13.83
2790 -35.47 119.24
2791 -19.72 75.77
2792 -117.64 56.6
2793 -123.3 27.72
2794 -4.62 19.5
2795 -128.79 23.79
2796 -27.21 35.25
2797 -67.7 38.31
2798 -28.99 103.76
2799 -64.38 83.48
2800 -5.4 10.64
2801 -73.59 107.49
2802 -74.23 13.86
2803 -88.55 103.02
2804 -116.85 11.07
2805 -52.83 125.36
2806 -72.13 74.84
2807 -53.96 124.07
2808 -22.8 60.77
2809 -2.79 99.79
2810 -123.58 27.42
2811 -114.19 2.58
2812 -40.9 21.8
2813 -48.08 52.89
2814 -58.9 121.41
2815 -54.58 112.46
2816 -13.47 115.82
2817 -0.68 128.17
2818 -24.71 87.7
2819 -21.29 11.76
2820 -8.12 12.57
2821 -9.93 125.65
2822 -120.72 2.77
2823 -115.07 115.42
2824 -86.21 14.52
2825 -93.47 117.86
2826 -120.45 3.31
2827 -76.63 78.66
2828 -54.08 83.87
2829 -127.8 124.71
2830 -30.69 112.98
2831 -22.32 53.38
2832 -104.08 44.17
2833 -54.39 74.53
2834 -86.29 128.79
2835 -63.88 75.69
2836 -72.34 16.93
2837 -19.7 73.82
2838 -60.24 64.06
2839 -1.11 5.77
2840 -46.16 68.97
2841 -123.8 94.58
2842 -95.76 37.61
2843 -44 71.44
2844 -118.67 72.36
2845 -107.86 42.8
2846 -96.19 20.37
2847 -64.54 1.19
2848 -75.72 122.79
2849 -122.58 41.45
2850 -117.14 84.53
2851 -101.46 108.99
2852 -53.81 112
2853 -47.07 43.68
2854 -100.98 36.57
2855 -28.06 99.7
2856 -65.28 18.14
2857 -107.27 22.86
2858 -94.3 83.56
2859 -26.93 22.27
2860 -116.59 83.98
2861 -26.87 57.31
2862 -58.5 83.78
2863 -0.09 13.93
2864 -55.38 56.74
2865 -12.27 122.68
2866 -102.67 95.05
2867 -78.05 36.25
2868 -79.94 79
2869 -38.09 47.64
2870 -18.34 103.44
2871 -121.58 117.67
2872 -11.53 6.14
2873 -89.71 99.85
2874 -44.64 28.36
2875 -34.86 39.16
2876 -96.47 32.23
2877 -38.54 61.73
2878 -127.18 25.98
2879 -82.72 38.63
2880 -83.83 53.56
2881 -19.61 17.52
2882 -53.77 109.02
2883 -59.02 97.67
2884 -16.31 56.23
2885 -30.67 19.63
2886 -8.3 86.18
2887 -92.32 23.25
2888 -45.62 71.36
2889 -22.24 53.03
2890 -92.19 90.26
2891 -45.02 57.1
2892 -41.35 111.19
2893 -59.69 83.56
2894 -44.71 39.53
2895 -15.61 64.93
2896 -82.45 128.55
2897 -108.57 35.23
2898 -55.42 7.23
2899 -63.46 90.12
2900 -32.27 123.25
2901 -80.43 16.66
2902 -39.91 92.1
2903 -34.46 43.76
2904 -19.31 8.06
2905 -98.32 56.7
2906 -36.32 34.03
2907 -16.22 65.86
2908 -71.94 77.67
2909 -39.72 75.91
2910 -11.84 116.66
2911 -38.73 55.33
2912 -13.08 94.3
2913 -24.05 69.82
2914 -82.46 120.02
2915 -36.8 10.03
2916 -26.69 114.74
2917 -77.84 117.23
2918 -83.51 66.61
2919 -74.67 112.3
2920 -91.52 102.83
2921 -7.86 95.51
2922 -83.9 127.84
2923 -128.03 75.6
2924 -22.51 26.84
2925 -14.5 38.75
2926 -16.6 34.35
2927 -128.65 53.23
2928 -45.58 81.21
2929 -123.75 75.22
2930 -85.26 128.04
2931 -113.78 31.55
2932 -71.31 111.95
2933 -101.08 62.62
2934 -97.44 25.82
2935 -51.17 98.27
2936 -64.79 59.96
2937 -110.32 110.55
2938 -57.15 19.69
2939 -98.05 109.35
2940 -70.62 79.66
2941 -114.02 112.56
2942 -88.31 9.75
2943 -13.48 36.19
2944 -111.42 4.89
2945 -3.94 8.23
2946 -91.31 119.2
2947 -102.15 40.24
2948 -102.87 33.62
2949 -59.44 74.24
2950 -43.51 122.83
2951 -105.32 110.62
2952 -14.69 30.82
2953 -102.03 86.64
2954 -118.52 71.85
2955 -22.51 71.09
2956 -106.17 111.66
2957 -121.41 59.05
2958 -17.77 65.48
2959 -121.9 5.89
2960 -65.65 51.71
2961 -41.91 125.84
2962 -88.6 27.96
2963 -61.58 15.06
2964 -11.82 62.47
2965 -107.83 43.54
2966 -76.68 55.34
2967 -8.68 6.67
2968 -15.83 91.38
2969 -34.23 110.72
2970 -104.33 5.35
2971 -39.54 108.26
2972 -38.32 81.5
2973 -69.5 31.95
2974 -89.37 56.09
2975 -107.8 62.4
2976 -110.76 77.54
2977 -105.5 72.23
2978 -87.29 70.37
2979 -55.36 89.6
2980 -55.66 21.64
2981 -128.5 34.19
2982 -92.38 3.35
2983 -94.73 8.18
2984 -118.9 108.22
2985 -36.09 51.48
2986 -30.74 94.23
2987 -98.25 75.63
2988 -107.59 69.06
2989 -47.67 38.76
2990 -101.16 119.48
2991 -68.02 77.99
2992 -21.22 5.45
2993 -75.82 96.04
2994 -108.16 31.04
2995 -52.68 2.18
2996 -87.9 34.82
2997 -89.69 52.18
2998 -111.88 102.8
2999 -82.02 106.94
3000 -29.42 24.31
3001 -41.06 118.12
3002 -64.75 60.17
3003 -51.75 10.32
3004 -49.08 94.86
3005 -85.34 21.95
3006 -22.46 72.76
3007 -78.21 75.88
3008 -94.44 43.69
3009 -126.25 76.55
3010 -78.74 125.12
3011 -82.47 101.45
3012 -76.15 89.16
3013 -62.96 43.16
3014 -21.11 59.03
3015 -83.34 67.51
3016 -56.63 50.53
3017 -33.22 46.93
3018 -57.25 121.38
3019 -9.77 7.5
3020 -80.97 28.85
3021 -101.61 17.63
3022 -93.52 103.43
3023 -69.64 102.35
3024 -49.9 110.48
3025 -29.13 66.89
3026 -90.86 51.16
3027 -62.84 111.6
3028 -25.76 38.01
3029 -19.57 48.33
3030 -115.84 98.39
3031 -71.45 25.43
3032 -72.36 43.47
3033 -87.37 27.19
3034 -34.69 52.13
3035 -80.98 97.14
3036 -114.78 38.18
3037 -12.62 105.12
3038 -78.47 1.82
3039 -34.82 82.26
3040 -71.68 128.37
3041 -102.06 63.95
3042 -46.55 33.54
3043 -123.08 35.9
3044 -84.23 123.84
3045 -15.75 65.17
3046 -13.12 71.07
3047 -37.06 87.2
3048 -36.92 8.01
3049 -60.14 124.44
3050 -15.1 123.13
3051 -32.32 63.65
3052 -39.77 0.88
3053 -54.22 44.94
3054 -49.72 40.76
3055 -91.65 89.05
3056 -24 121.4
3057 -77.47 64.71
3058 -100.62 122.08
3059 -39.44 123.07
3060 -110.76 55.85
3061 -49.45 55.19
3062 -64.92 123.88
3063 -54.41 86.51
3064 -81.95 101.84
3065 -95.97 37.08
3066 -100.73 97.06
3067 -20.46 128.29
3068 -95.75 63.02
3069 -103.78 74.69
3070 -34.74 16.48
3071 -60.4 66.43
3072 -53.67 110.26
3073 -103.34 60.39
3074 -54.46 25.29
3075 -3.66 13.78
3076 -68.98 87.74
3077 -5.15 104.63
3078 -62.15 4.9
3079 -29.26 59.56
3080 -96.64 66.62
3081 -86.2 125.23
3082 -47.05 119.89
3083 -53.91 106.67
3084 -103.88 13.8
3085 -81.8 28.69
3086 -17.65 9.62
3087 -119.88 13.21
3088 -125.12 71.32
3089 -19.13 16.75
3090 -30.53 50.59
3091 -60.85 74.31
3092 -49.95 22.03
3093 -78.45 66
3094 -48.09 34.62
3095 -101.24 30.23
3096 -26.47 67.25
3097 -58.15 58.45
3098 -36.12 125.04
3099 -9.84 34.58
3100 -114.8 11
3101 -72.14 14.17
3102 -27.38 3.45
3103 -126.29 114.54
3104 -53.81 75.02
3105 -125.61 67.94
3106 -64.77 84.35
3107 -28.9 108.99
3108 -97.51 114.72
3109 -20.34 29.88
3110 -60.11 16.6
3111 -6.38 44.11
3112 -102.56 9.1
3113 -5.14 64.53
3114 -21.63 61.2
3115 -123.72 66.51
3116 -80.68 7.43
3117 -62.4 118.38
3118 -103.92 30.58
3119 -105.6 59.69
3120 -50.15 28.74
3121 -35.61 24.74
3122 -4.73 114.93
3123 -23.17 116.03
3124 -16.91 24.76
3125 -92.89 95.04
3126 -10.15 128.55
3127 -8.65 99.27
3128 -86.32 35.23
3129 -96.43 13.8
3130 -80.31 107.95
3131 -115.39 91.15
3132 -80.53 83.51
3133 -114.09 48.79
3134 -31.01 106.97
3135 -58.23 13.21
3136 -37.95 81.16
3137 -118.61 93.84
3138 -80.88 94.2
3139 -118.97 64.31
3140 -30.35 20.31
3141 -19.86 82.86
3142 -53.13 40.5
3143 -75.73 28.52
3144 -93.84 61.97
3145 -40.92 94.68
3146 -108.35 96.67
3147 -102.7 78.83
3148 -127.63 111.4
3149 -89.37 87.79
3150 -23.52 81.16
3151 -33.32 18.61
3152 -34.97 61.48
3153 -26.68 74.46
3154 -9.77 115.85
3155 -58.69 68.17
3156 -22.03 40.12
3157 -3.14 78.55
3158 -29.59 126.68
3159 -59.65 1.39
3160 -18.59 45.95
3161 -65.14 23.1
3162 -101.93 126.94
3163 -109.34 38.84
3164 -49.15 23.08
3165 -104.24 69.71
3166 -10.84 72.68
3167 -5.16 60.09
3168 -5.55 45.82
3169 -84.19 83.36
3170 -74.06 66.84
3171 -29.48 13.88
3172 -14.96 96.09
3173 -16.3 84.14
3174 -85.53 96.07
3175 -13.03 127.47
3176 -21.57 104.12
3177 -24.58 0.69
3178 -39.54 46.03
3179 -69.11 4.92
3180 -126.15 88.69
3181 -83.89 44.36
3182 -26.97 8
3183 -53.82 11.57
3184 -94.94 32.52
3185 -21.88 60.53
3186 -74.42 91.52
3187 -58.61 51.36
3188 -6.5 89.38
3189 -107.97 126.43
3190 -124.91 14.55
3191 -41.19 43.52
3192 -44.22 69
3193 -37.55 65.77
3194 -70.69 83.76
3195 -94.97 106.67
3196 -73.55 119.36
3197 -127.36 49.87
3198 -61.44 100.52
3199 -55.56 103.7
3200 -35.24 78.9
3201 -41.42 128.96
3202 -51.32 32.18
3203 -44.08 22.56
3204 -71.51 57.82
3205 -123.89 23.05
3206 -66.58 118.94
3207 -110.47 36.08
3208 -101.85 110.8
3209 -117.08 19.02
3210 -48.21 95.06
3211 -85.42 5.57
3212 -55.44 121.76
3213 -15.8 83.79
3214 -110.01 39.41
3215 -40.83 122.88
3216 -122.84 67.77
3217 -22.47 4.78
3218 -78.86 96.68
3219 -77.02 66.55
3220 -12.13 21.37
3221 -11.32 71.91
3222 -107.99 1.23
3223 -34.55 121.79
3224 -63.33 80.84
3225 -46.9 22.63
3226 -28.2 111.55
3227 -104.31 54.85
3228 -61.16 6.17
3229 -97.1 42.64
3230 -36.52 42.17
3231 -32.47 60.45
3232 -65.23 81.89
3233 -49.57 54.94
3234 -44.02 66.61
3235 -87.99 126.6
3236 -69.51 56.15
3237 -108.9 21.83
3238 -66.14 100.03
3239 -51.87 14.45
3240 -88.6 0.47
3241 -34.54 21.3
3242 -76.15 39.32
3243 -45.49 9.86
3244 -104.02 8.31
3245 -102 65.11
3246 -125.57 63.06
3247 -15.95 56.99
3248 -34.46 113.32
3249 -50.94 117.05
3250 -114.65 78.48
3251 -57.15 61.45
3252 -5.8 106.68
3253 -77.71 37.05
3254 -103.02 71.94
3255 -123.93 52.11
3256 -124.93 62.62
3257 -101.94 29.48
3258 -90.86 72.08
3259 -2.91 69.96
3260 -57.59 65.88
3261 -51.46 27.43
3262 -6.95 105.68
3263 -90.01 118.94
3264 -106.99 41.41
3265 -42.41 63.47
3266 -47.44 15.16
3267 -121.84 99.56
3268 -59.13 53.24
3269 -47.7 122.08
3270 -45.19 33.15
3271 -18.29 42.63
3272 -123.63 92.64
3273 -87.24 120.23
3274 -112.71 8.01
3275 -125.41 90.15
3276 -40.1 41.31
3277 -17.99 47.88
3278 -37.82 98.57
3279 -10.98 30.52
3280 -93.99 67.33
3281 -82.49 53.39
3282 -75.47 63.95
3283 -117.19 126.85
3284 -119.93 5.6
3285 -90.27 87.41
3286 -1.05 87.64
3287 -51.28 108.56
3288 -22.32 47.2
3289 -55.22 9.52
3290 -22.19 6.03
3291 -47.34 51.63
3292 -22.03 113.82
3293 -83.39 65.34
3294 -18.38 111.37
3295 -49.7 16.9
3296 -70.29 112.38
3297 -47.33 3.19
3298 -1.05 16.77
3299 -73.89 87.05
3300 -45.46 43.5
3301 -2.15 35.17
3302 -14.73 98.03
3303 -67.76 104.95
3304 -114.48 88.57
3305 -94.61 45.5
3306 -19.65 59.19
3307 -44.01 64.47
3308 -52.33 41.69
3309 -24.06 49.93
3310 -66.83 70.72
3311 -105.62 73.77
3312 -128.48 8.12
3313 -76.41 75.47
3314 -33.52 52.05
3315 -95.56 21.31
3316 -108 1.51
3317 -22.06 20.23
3318 -125.18 45.25
3319 -4.83 89.82
3320 -6.32 33.18
3321 -92.38 99.44
3322 -86.43 25.98
3323 -67.67 58.91
3324 -108.84 9.77
3325 -80.49 14.25
3326 -10.54 98.19
3327 -106.32 108.63
3328 -55.1 10.03
3329 -62.08 105.25
3330 -126.56 11.15
3331 -12.66 28.64
3332 -48.87 28.08
3333 -73.34 34.72
3334 -124.55 96.58
3335 -0.76 78.17
3336 -100.13 53.39
3337 -79.37 15.66
3338 -126.1 57.56
3339 -118.85 69.56
3340 -83.82 105.94
3341 -75.14 121.86
3342 -101.49 94.36
3343 -26.91 103.98
3344 -80.23 27.6
3345 -90.27 89
3346 -40.16 0.32
3347 -28.4 102.93
3348 -60.17 11.56
3349 -108.14 24.26
3350 -102.43 107.24
3351 -31.64 31.42
3352 -98.61 125.08
3353 -105.17 111.01
3354 -51.58 95.71
3355 -124.17 95.02
3356 -87.89 57.92
3357 -23.28 121.83
3358 -96.81 111.9
3359 -62.02 50.2
3360 -61.72 99.57
3361 -22.41 23.29
3362 -126.22 101.88
3363 -113.44 102.33
3364 -126.6 108.92
3365 -87.16 15.1
3366 -46.53 22.55
3367 -18.64 118.8
3368 -100.82 16.14
3369 -111.85 123.81
3370 -89.83 74.92
3371 -3.84 29.54
3372 -22.38 100.24
3373 -83.15 78.64
3374 -51.36 119.19
3375 -12.28 67.69
3376 -90.99 113.08
3377 -85.97 86.21
3378 -59.55 10.73
3379 -119.65 121.93
3380 -8.04 108.67
3381 -2.22 77.82
3382 -67.62 106.09
3383 -44.75 20.86
3384 -15.67 39.44
3385 -36.88 27.6
3386 -57.14 28.03
3387 -128.27 40.72
3388 -41.89 2.04
3389 -121.24 4.94
3390 -72.64 93.25
3391 -77.34 56.04
3392 -13.26 34.63
3393 -45.36 85.83
3394 -1.28 124.33
3395 -104 36.02
3396 -36.36 9.32
3397 -37.93 106.22
3398 -127.09 103.98
3399 -65.95 82.68
3400 -32.8 65.28
3401 -93.31 102.83
3402 -66.08 12.47
3403 -14.51 15.11
3404 -71.57 107.97
3405 -123.74 6.75
3406 -114.32 66.73
3407 -101.36 123.6
3408 -80.43 50.1
3409 -45.43 69.25
3410 -27.79 81.72
3411 -13.56 20.43
3412 -126.65 115.67
3413 -90.65 51.5
3414 -56.7 47.26
3415 -112.55 27.6
3416 -52.96 89.51
3417 -101.98 128.38
3418 -66.01 119.04
3419 -20.53 116.49
3420 -45.77 8.59
3421 -75.32 66.79
3422 -61.4 31.09
3423 -81.19 99.21
3424 -90.98 64.35
3425 -68.59 126.62
3426 -69.57 41.29
3427 -27.96 82.16
3428 -56.18 118.74
3429 -37.01 118.61
3430 -68.74 112.88
3431 -73.39 72.08
3432 -122.98 121.7
3433 -34.26 97.89
3434 -85.39 60
3435 -68.59 106.31
3436 -44.1 2.16
3437 -33.25 14.91
3438 -36.64 105.5
3439 -40.86 36.96
3440 -86.1 127.62
3441 -91.43 109.45
3442 -114.13 78.19
3443 -67.93 119.39
3444 -31.53 92.83
3445 -128.24 27.46
3446 -99.54 100.27
3447 -15.49 124.15
3448 -93.05 93.53
3449 -24.53 101.27
3450 -1.1 49.44
3451 -103.12 15.64
3452 -82.07 45.2
3453 -73.23 58.89
3454 -95.85 118.72
3455 -39.86 36.61
3456 -68.58 104.47
3457 -53.66 2.3
3458 -44.21 105.24
3459 -120.59 121.59
3460 -20.06 75.74
3461 -98.53 119.83
3462 -114.99 42.12
3463 -6.65 114.02
3464 -8.81 1.56
3465 -102.52 82.7
3466 -20.86 9.91
3467 -106.64 76.64
3468 -6.53 102.94
3469 -92.66 50.87
3470 -10 102.38
3471 -0.37 55.04
3472 -57.34 1.1
3473 -106.34 54.03
3474 -98.14 101.56
3475 -99.82 97.94
3476 -11.29 118.2
3477 -82.85 69.36
3478 -105.9 48.8
3479 -50.36 12.02
3480 -94.73 37.24
3481 -47.15 23.88
3482 -100.52 115.59
3483 -12.05 24.79
3484 -127.18 29.57
3485 -54.47 27.23
3486 -82.28 59.7
3487 -60.81 54.84
3488 -108.87 62.14
3489 -86.22 89.67
3490 -110.13 0.54
3491 -118.74 57.05
3492 -48.93 121.43
3493 -92.75 72.59
3494 -7.14 77.35
3495 -114.59 14.12
3496 -89.52 101.87
3497 -10.98 32.75
3498 -109.06 112.57
3499 -13.14 23.04
3500 -50.27 29.77
3501 -89.47 67.62
3502 -44.98 55.07
3503 -117.22 72.8
3504 -85 76.38
3505 -76.92 74.44
3506 -54.01 66.13
3507 -110.08 118.18
3508 -113.3 102.94
3509 -51.3 73.84
3510 -10.48 120.44
3511 -15.83 88.41
3512 -43.68 100
3513 -83.57 26.81
3514 -101.37 23.75
3515 -105.04 19.24
3516 -9.38 74.17
3517 -0.24 117.03
3518 -60.84 54.36
3519 -1.74 39.98
3520 -114.43 16.84
3521 -5.49 78.66
3522 -119.37 39.44
3523 -64.91 38.1
3524 -111.94 103.67
3525 -95.11 38.73
3526 -127.14 122.42
3527 -15.94 110.94
3528 -60.27 41.83
3529 -65.58 22.04
3530 -41.28 32.65
3531 -29.34 93.14
3532 -81.17 50.66
3533 -27.54 81.1
3534 -121.09 64.53
3535 -3.89 29.29
3536 -30.47 106.52
3537 -68.48 9.39
3538 -47.49 20.84
3539 -124.51 4.39
3540 -43.12 81.95
3541 -126.89 13.14
3542 -124.08 41.27
3543 -83.1 13.83
3544 -87.39 55.36
3545 -10.53 71.2
3546 -86.86 128.67
3547 -101.85 39.87
3548 -120.97 39.03
3549 -103.57 0.4
3550 -81.21 35.58
3551 -13.1 107.46
3552 -39.37 111.68
3553 -55.05 4.11
3554 -8.5 9.38
3555 -13.85 102.08
3556 -115.23 103.15
3557 -66.94 11.74
3558 -77.1 110.31
3559 -88.19 21.04
3560 -14.76 35.49
3561 -86.69 21.24
3562 -112.63 101.62
3563 -63.17 59.54
3564 -111.46 27.13
3565 -62.71 89.26
3566 -119.25 115.19
3567 -97.88 127.34
3568 -2.45 29.62
3569 -90.53 75.45
3570 -48.53 10.95
3571 -36.62 104.38
3572 -38.65 34.76
3573 -67.6 103.56
3574 -47.12 38.27
3575 -73.76 78.31
3576 -99.56 61.88
3577 -86.02 82.97
3578 -65.04 5.71
3579 -32.84 20.2
3580 -109.46 47.5
3581 -33.7 18.08
3582 -16.42 99.71
3583 -51.86 54.1
3584 -52.07 18.87
3585 -81.34 64.91
3586 -91.81 100.6
3587 -57.89 117.97
3588 -92.53 52.98
3589 -91.25 48.01
3590 -126.32 10.66
3591 -72.54 87.54
3592 -41.51 19.4
3593 -76.64 81.09
3594 -23.81 106.55
3595 -76.58 109.48
3596 -127.56 55.79
3597 -78.03 32.8
3598 -9.42 66.5
3599 -85.37 52.41
3600 -117.32 61.49
3601 -84.61 37.72
3602 -26.69 2.65
3603 -55.64 13.5
3604 -61.51 119.22
3605 -0.88 17.89
3606 -105.43 110.36
3607 -52.28 124.95
3608 -128.56 69.47
3609 -98.54 128.92
3610 -109.41 23.37
3611 -1.68 46.12
3612 -1.44 30.49
3613 -97 79.71
3614 -3.12 10.86
3615 -123.87 104.89
3616 -13.61 42.96
3617 -45.62 79.49
3618 -92.99 91.82
