%%index real_part   imaginary_part
4475 4475 4475
1 12 24.88
2 27.46 32.36
3 10.01 17.12
4 18.22 16.02
5 30.53 11.61
6 31.5 1.86
7 13.95 5.82
8 25.23 15.81
9 10.31 17.78
10 32.9 18.88
11 14.29 9.22
12 0.12 8.25
13 13.36 3.25
14 24.64 16.23
15 10.3 31.59
16 2.99 13.77
17 13.14 22.3
18 18.94 30.45
19 25.99 2.67
20 26.8 4.16
21 6.02 23.52
22 29.35 4.82
23 20.64 32.49
24 17.28 1.1
25 19.98 10.47
26 32.21 29.7
27 4.96 1.27
28 4.53 11.86
29 7.61 30.84
30 29.43 8.69
31 22.47 30.43
32 32.25 11.94
33 21.91 15.13
34 30.32 18.19
35 1.87 14.91
36 5.43 3.65
37 8.47 20.42
38 19.91 14.3
39 15.4 8.63
40 31.62 16.71
41 25.94 14.91
42 28.7 10.36
43 22.22 30.9
44 28.74 12.75
45 21.45 9.35
46 6.78 4.69
47 16.63 23.44
48 18.09 6.03
49 24.22 5.54
50 32.97 27.93
51 31.58 26.09
52 13.51 5.41
53 19.71 19.58
54 7.73 12.95
55 9.18 14.64
56 29.55 6.36
57 16.72 2.12
58 12.54 4.77
59 17.53 18.46
60 27.81 8.28
61 25.49 5.98
62 8.94 1.59
63 7.62 21.64
64 6.71 6.55
65 1.48 11.36
66 4.45 6.68
67 12.09 12.59
68 32.17 30.49
69 10.44 11.33
70 5.49 6.9
71 25.78 32.14
72 1.27 14.56
73 19.33 22.02
74 7.48 13.81
75 1.62 3.86
76 22.36 14.81
77 28.92 27.11
78 28.28 31.3
79 17.37 3.54
80 27.42 1.99
81 8.67 18.86
82 10.97 31.88
83 8.89 0.29
84 11.62 22.66
85 9.08 19.33
86 30.99 29.63
87 11.19 1.87
88 23.89 32.26
89 25.6 30.52
90 13.91 10.9
91 5.23 6.74
92 13.37 3.27
93 14.1 1.16
94 4.7 8.65
95 10.64 31.47
96 29.85 11.65
97 10.53 31.84
98 32.13 7.82
99 10 31.94
100 18.27 23.27
101 19.9 19.09
102 0.48 28.78
103 28.05 31.09
104 8.13 3.89
105 27.31 0.17
106 19.43 1.56
107 4.84 32.55
108 0.71 32.8
109 20.98 31.46
110 9.45 17.93
111 29.58 11.14
112 9.98 6.31
113 26.65 19.63
114 18.57 9.11
115 11.9 16.18
116 2.27 16.36
117 12.15 31.8
118 9.41 15.27
119 19.16 19.72
120 19.89 30.07
121 31.63 13.48
122 13.03 18.84
123 18.64 3.47
124 14.45 13.74
125 31.67 6.62
126 17.77 23.91
127 9.74 28.26
128 27.41 7.27
129 28.91 15.91
130 32.09 12.99
131 29.35 7.81
132 6.62 13.88
133 29.15 8.5
134 28.22 28.55
135 25.62 15.32
136 28.8 27.63
137 13.47 24.26
138 27.73 21.35
139 2.09 11.64
140 30.78 21.71
141 12.62 13.28
142 21.06 28.07
143 2.35 22.36
144 17.79 15.48
145 7.99 31.26
146 6.07 16.89
147 30.77 4.34
148 25.37 25.21
149 20.77 26.93
150 21.77 20.59
151 27.75 13.39
152 4.65 30.09
153 18.44 20.74
154 11.9 11.91
155 0.62 0.05
156 25.85 9.69
157 4.76 25.76
158 27.64 13.92
159 8.92 7.11
160 17.89 12.43
161 8.84 16.91
162 21.25 3.49
163 28.7 19.14
164 13.07 13.62
165 13.74 16.47
166 9.39 14.36
167 11.45 21.01
168 21.27 26.56
169 5.47 9.41
170 9.46 0.18
171 9.87 18.61
172 23.89 2.31
173 28.75 27.15
174 1.27 18.53
175 10.49 4.67
176 1.1 31.68
177 2.17 19.33
178 5.47 22.36
179 15.5 30.88
180 26.87 31.06
181 24.94 8.76
182 9.29 3.26
183 29.83 3.39
184 12.8 30.57
185 30.75 14.82
186 12.96 1.78
187 4.1 20.14
188 14.29 3.85
189 1.91 12.37
190 17.05 28.08
191 26.77 12.4
192 11.25 30.67
193 20.03 28.94
194 6.34 29.25
195 6.83 15.06
196 3.34 0.22
197 16 31.78
198 14.69 25.16
199 22.73 25.35
200 19.7 7.02
201 8.8 0
202 20.14 32.66
203 16.03 25.42
204 17.32 1.43
205 29.52 30.46
206 22.38 1.37
207 11.56 2.81
208 31.75 0.64
209 9.41 31.6
210 26.18 5.1
211 17.84 28.76
212 7.06 9.04
213 1.2 13.36
214 5.72 21.76
215 8.3 3.45
216 3.45 4.94
217 4.6 29.62
218 22.05 23.59
219 4.55 0.15
220 30.62 18.89
221 32.78 13.59
222 16.4 20
223 0.16 11.34
224 22.46 15.15
225 32.77 22.09
226 17.86 15.64
227 4.21 30.13
228 10.5 24.92
229 26.2 5.41
230 8.87 28.74
231 0.68 14.02
232 10.65 24.84
233 27.96 17.8
234 17.95 12.22
235 31.11 32.51
236 13.1 28.09
237 27.62 30.89
238 9.23 29.5
239 24.17 7.3
240 29.4 31.7
241 26.86 3.47
242 0.6 26.78
243 31.22 31.07
244 16.01 11.1
245 6.84 3.95
246 17.97 4.4
247 29.24 20.04
248 4.84 28.62
249 7.84 24.2
250 3.23 22.8
251 30.41 18.47
252 16.36 16.33
253 25.35 25.03
254 32.34 25.6
255 3.82 16.53
256 20 8.26
257 14.56 30.68
258 28.76 0.12
259 23.75 12.78
260 16.73 24.29
261 28.69 30.59
262 30.16 1.71
263 9.85 4.45
264 8.18 2
265 24.8 30.22
266 15.69 11.41
267 7.27 1.74
268 26.77 32.06
269 4.18 32.62
270 28.67 5.63
271 26.41 8
272 5.68 15.67
273 15.8 7.97
274 20.76 13.96
275 5.25 6.55
276 16.66 17.01
277 31.24 13.46
278 17.92 13.82
279 28.35 8.1
280 5.32 5.62
281 17.03 32.67
282 1.41 21.01
283 32.59 3.82
284 3.45 7.71
285 13.34 3.77
286 11.77 32.12
287 27.32 19.28
288 27.25 17.46
289 31.42 22.64
290 8.71 27.53
291 24.07 16.2
292 29.66 4.89
293 31.24 22.31
294 30.41 27.1
295 32.72 26.59
296 26.26 15.25
297 15.79 29.28
298 0.1 27.68
299 14.91 15.38
300 19.16 16.07
301 15.2 7.77
302 27.05 30.93
303 27.91 22.04
304 11.68 0.83
305 28.36 26.34
306 22.06 20.39
307 4.8 19.43
308 8.75 18.72
309 12.83 3.04
310 29.63 18.68
311 13.46 25.07
312 21.35 2.42
313 9.62 29.25
314 11.63 21.46
315 17.05 24.53
316 32.3 10.31
317 20.77 32.25
318 0.81 26.36
319 27.19 15.68
320 21.54 12.49
321 12.4 2.07
322 1.03 10.6
323 29.33 17.21
324 32.77 22.3
325 7.98 21.68
326 13.75 29.41
327 11.35 0.96
328 30.21 2.11
329 3.09 20.97
330 12.5 21.37
331 11.2 32.66
332 11.44 24.32
333 30.2 31.97
334 14.66 12.25
335 24.75 3.91
336 5.99 15.72
337 26.33 16.67
338 13.4 7.02
339 29.32 2.18
340 23.86 13.18
341 22.11 16.82
342 30.31 17.13
343 31.76 0.46
344 21.43 7.04
345 28.41 14.37
346 14.04 13.45
347 17.29 6.62
348 18.11 25.48
349 4.73 14.5
350 18.41 32.77
351 15.5 9
352 25.68 3.92
353 23.46 21.35
354 23.53 6.08
355 19.26 32.3
356 28.65 26.91
357 23.56 8.37
358 21.35 25.96
359 0 22.33
360 16.22 22.3
361 15.27 7.94
362 27.08 30.26
363 2.26 32.57
364 26.59 12.19
365 24.49 19.52
366 28.52 12
367 28.45 19.51
368 7.86 0.72
369 19.33 18.91
370 18.22 10.91
371 17.34 18.11
372 6.01 13.87
373 19.35 20.42
374 9.75 27.36
375 16.67 19.35
376 6.81 5.5
377 15.28 31.94
378 11.03 0.89
379 13.09 17.55
380 4.07 4.62
381 29.15 17.1
382 3.61 12.11
383 25.36 24.6
384 10.51 23.99
385 14.42 11.69
386 29.8 8.25
387 1.64 31.76
388 19.18 2.81
389 9.7 20.99
390 19.87 8.46
391 13.96 26.37
392 4.83 26.68
393 7.1 8.76
394 26.31 28.39
395 0.01 32.71
396 16.81 9.9
397 1.54 8.68
398 0.28 20.42
399 23.93 26.9
400 5.59 23.32
401 11.09 5.35
402 4.11 14.91
403 17.73 12.74
404 13.25 2.81
405 23.79 6.95
406 0.32 0.12
407 6.33 17.27
408 26.04 17.67
409 25.58 13.43
410 13.14 19.35
411 8.78 5.12
412 13.8 29.95
413 29.89 10.32
414 16.74 26.61
415 29.45 0.34
416 5.69 1.85
417 16.76 7.54
418 32.8 22.32
419 25.13 14.01
420 20.96 13.06
421 25.7 15.93
422 0.2 0.8
423 31 11.55
424 24.98 26.24
425 25.12 23.58
426 28.7 17.64
427 27.11 13.42
428 23.74 22.03
429 15.64 3.52
430 3.86 20
431 21.85 24.61
432 32.15 9.55
433 31.87 5.61
434 32.15 31.96
435 24.54 24.01
436 19.46 20.11
437 20.92 29.76
438 8.32 32.18
439 25.43 31.44
440 22.02 12.82
441 30.47 30.07
442 10.49 30.25
443 31.8 4.1
444 7.63 13.75
445 0.75 26.96
446 18.57 11.49
447 0.57 2.12
448 7.73 17.72
449 29.2 32.44
450 2.97 6.88
451 6.52 0.26
452 30.03 1.95
453 1.14 6.96
454 5.4 17.87
455 30.69 6.09
456 15.68 6.94
457 4.19 28.16
458 32.27 26.17
459 19.44 2.99
460 29.95 19.42
461 30.91 20.19
462 22.31 28.04
463 12.77 31.48
464 10.45 9.56
465 28.97 21.49
466 1.28 25.94
467 27.9 2.49
468 9.45 31.31
469 16.18 29.04
470 14.65 14.85
471 1.31 13.87
472 21.56 30.33
473 23.5 5.51
474 21.02 0.35
475 19.77 9.94
476 9.65 30.5
477 25.54 30.2
478 8.21 11.48
479 0.56 17.83
480 18.85 18.66
481 11.6 29.53
482 32.02 20.13
483 30.96 19.02
484 15.06 20.99
485 15.36 14.14
486 7.53 9.23
487 6.56 16.68
488 1.71 8.61
489 8.96 9.58
490 32.04 2.25
491 32.75 8.25
492 5.46 21.21
493 32.69 4.82
494 2.17 13.67
495 11.85 12.78
496 9.31 0.54
497 20.67 2.97
498 22 20.86
499 21.37 18.63
500 12.29 16.58
501 25.82 3.74
502 20.42 32.35
503 7.96 32.38
504 21.49 1.65
505 3.9 29.45
506 4.7 20.53
507 8.75 16.18
508 21 10.16
509 3.35 20.96
510 0.74 2.69
511 3.24 27.72
512 30.7 22.58
513 10.44 3.43
514 1.59 32.22
515 15.8 31.81
516 15.07 13.88
517 25.75 21.14
518 20.53 15.01
519 16.66 0.72
520 30.17 21.54
521 9.07 20.57
522 16.27 1.87
523 24.56 30.34
524 18.31 4.27
525 19.48 7.43
526 2.16 31.57
527 21.15 2.24
528 5.68 32.86
529 11.6 31.59
530 9.93 7.27
531 0.67 27.4
532 15.55 25
533 19.54 26.43
534 6.67 15.6
535 4.14 3.2
536 3.29 16.36
537 18.23 25.73
538 23.08 19.56
539 3.35 22.31
540 29.75 20.91
541 19.48 2.36
542 4.6 11.43
543 23.81 7.64
544 6.23 10.28
545 30.07 2.41
546 29.81 28.68
547 0.21 10.27
548 16.22 24.88
549 7.48 19.75
550 22.95 22.89
551 6.25 24.14
552 16.88 5.77
553 25.33 4
554 5.84 19.48
555 7.39 8.21
556 10.57 15.11
557 26.54 6.39
558 14.03 15.17
559 4.98 17.35
560 32.28 32.79
561 28.47 14.57
562 24.84 29.09
563 0.5 28.68
564 27.95 20.58
565 22.99 20.5
566 11.65 17.91
567 3.2 8.76
568 25.29 8.05
569 7.05 28.53
570 16.26 31.13
571 13.24 26.96
572 0.35 26.83
573 21.53 19.3
574 16.17 14.39
575 14.18 26.51
576 20.6 15.45
577 24.06 22.17
578 30.38 12.45
579 12.55 24.56
580 12.07 25.33
581 22.76 2.55
582 11.31 3.24
583 23.81 25.96
584 1.02 3.6
585 14.25 30.86
586 24.82 17.28
587 23.64 7.01
588 26.31 25.17
589 19.08 12.17
590 5.68 9.48
591 4.45 0.26
592 1.96 5.8
593 30.77 28.52
594 20.08 32.34
595 4.19 10.33
596 12.88 11.67
597 14.91 26.96
598 32.44 3.71
599 19.84 5.72
600 16.1 0.46
601 17.75 1.09
602 8.11 7.92
603 12.62 8.39
604 0.08 13.94
605 2.95 31.7
606 11.49 18.28
607 24.08 7.4
608 2.92 13.45
609 25.31 21.86
610 32.19 2.53
611 14.2 9.02
612 2.98 24.59
613 28.3 8.64
614 26.88 2.43
615 15.41 27.66
616 28.76 22.51
617 30.43 0.16
618 21.07 16.39
619 30.33 22.57
620 21.28 21.15
621 6.43 0.28
622 20.21 12.29
623 25.74 10.04
624 31.9 23.13
625 5.18 30.57
626 6.59 31.09
627 2.2 31.91
628 7.55 22.1
629 4.05 30.5
630 25.17 13.95
631 3.46 19.46
632 32.15 0.45
633 16.84 13.42
634 15.51 32.74
635 20.9 26.69
636 6.5 16.31
637 28.6 6.85
638 29.41 26.71
639 29.36 0.86
640 31.43 28.31
641 5.92 1.55
642 0.46 17.55
643 19.17 8.12
644 5.63 20.53
645 14 23.22
646 22.2 10.32
647 23.29 17.47
648 10.41 21.35
649 21.1 19.65
650 25.86 5.44
651 21.76 21.52
652 7.89 32.36
653 5.59 17.36
654 18.23 4.31
655 32.62 1.96
656 16.03 29.18
657 26.25 5.55
658 13.67 16.49
659 16.54 12.42
660 15.16 31.82
661 21.66 30.54
662 27.53 4.37
663 5.24 24.47
664 11.12 17.46
665 22.91 5.86
666 27.38 3.99
667 15.87 11.67
668 29.03 14.8
669 19.11 21.47
670 2.95 14.26
671 22.97 31.25
672 16.32 18.98
673 14.99 16.22
674 28.65 9.52
675 20.86 31.53
676 8.59 23.33
677 27.7 9.53
678 13.52 3.13
679 20.59 12.47
680 18.33 24.65
681 8.16 10.5
682 1.69 25.24
683 7.04 24.03
684 12.5 30.73
685 24.51 26.15
686 3.92 27.97
687 26.47 14.48
688 10.23 32.77
689 9.29 8.46
690 19.51 5.88
691 8.73 30.15
692 19.2 28.11
693 10.76 15.96
694 28.43 32.73
695 3.9 31.35
696 21.38 13.76
697 6 12.06
698 3.09 23.07
699 0.32 25.56
700 31.23 28.12
701 23.09 24.84
702 18.84 2.16
703 1.93 16.57
704 4.55 29.07
705 14.47 23.74
706 0.41 3.59
707 31.7 23.21
708 18.69 19.62
709 31.87 9.46
710 20.33 14.12
711 7.4 15.29
712 27.35 21.23
713 23.83 25.93
714 18.49 9.96
715 5.08 24.15
716 28.51 16.73
717 31.41 7.7
718 3.79 14.36
719 22.95 0.34
720 3.6 8.34
721 24.45 16.95
722 19.68 4.01
723 3.15 23.15
724 12.13 5.37
725 19.49 2.02
726 17.31 11.99
727 0.22 6.41
728 32.34 24.18
729 1.15 24.05
730 27.73 30.36
731 14.09 6.23
732 26.45 23.24
733 17.12 25.02
734 25.36 30.24
735 18.11 19.6
736 3.55 8.48
737 12.49 9.56
738 12.24 23.23
739 28.6 15.65
740 30.19 3.89
741 15.88 27.61
742 1.02 27.03
743 18.21 28.63
744 32.2 0.37
745 10.25 31.88
746 17.64 26.93
747 29.7 24.34
748 16.36 11.09
749 20.86 26.34
750 12.94 21.24
751 9.24 5.97
752 28.05 16.49
753 6.72 21.73
754 4.38 19.81
755 23.71 14.84
756 9.45 14.1
757 8.13 19.11
758 14.74 10.48
759 23.37 5.86
760 4.75 26.47
761 32.92 0.62
762 4.48 22.39
763 13 29.62
764 22.97 0.36
765 1.12 0.86
766 19.35 2.91
767 31.93 10.36
768 32.09 26.93
769 13.74 18.17
770 0.02 16
771 9.62 16.97
772 3.09 21.99
773 11.99 17.75
774 3.13 30.35
775 23.82 2.36
776 15.5 7.88
777 9.79 23.75
778 32.89 32.5
779 12.38 2.32
780 15.7 22.86
781 5.3 13.5
782 3.38 2.06
783 8.51 16.75
784 1.92 15
785 31 1.77
786 18.75 14.46
787 3.46 20.14
788 4.89 21.84
789 31.71 15.45
790 30.34 20.54
791 7.95 22.54
792 25.81 25.36
793 24.87 17.74
794 32.58 25.7
795 28.09 4.25
796 30.28 15.29
797 29.87 12.91
798 29.66 0.66
799 15.66 5.38
800 7.15 11.1
801 5.09 26.18
802 13.32 5.42
803 6.78 8.55
804 3.52 30.73
805 30.8 5.5
806 7.56 0.86
807 5.75 5.75
808 23.49 0.37
809 5.59 30.62
810 14.39 2.6
811 17.89 13.2
812 26.11 24.19
813 24.86 14.76
814 32.66 2.29
815 13.4 20.04
816 25.75 19.33
817 24.76 18.49
818 6.56 18.59
819 28.85 31.54
820 16.56 10.08
821 23.47 26.65
822 32.4 24.12
823 4.01 29.22
824 6.36 2.41
825 5.01 22.13
826 2.33 0.27
827 24.47 22.9
828 4.66 28.45
829 10.26 16.33
830 15.89 4.32
831 23.66 23.66
832 21.67 8.64
833 27.24 27.94
834 6 7.75
835 30.36 23.09
836 16.74 22.57
837 26.21 0.35
838 9.09 28.66
839 31.07 9.75
840 31.88 15.45
841 15.72 3.09
842 25.99 1.21
843 9.18 7.19
844 3.04 10.18
845 27.02 19.45
846 22.63 18.94
847 7.1 30.2
848 25.14 23.83
849 31.58 13.86
850 3.95 31.15
851 0.24 8.46
852 8.81 0.21
853 28.87 5.97
854 15.72 17.9
855 12.87 26.95
856 9.56 14.6
857 28.34 8.12
858 27.83 2.55
859 25.25 4.52
860 3.49 30.88
861 29.34 19.28
862 29 26.13
863 16.96 15.96
864 29.83 0.67
865 11.34 28.06
866 3.53 13.3
867 26.04 11.58
868 30.07 24.86
869 22.29 1.43
870 7.9 12.8
871 6.92 14.68
872 22.8 17.46
873 32.54 2.26
874 19.31 17.64
875 28.04 24.79
876 23.59 22.8
877 15.93 3.9
878 19.86 19.6
879 32.79 12.41
880 7.48 16.69
881 9.52 11.13
882 22.71 23.53
883 27.91 2.56
884 3.99 32.3
885 12.1 29.72
886 11.41 11.9
887 29.36 19.03
888 0.81 1.21
889 31.37 8.42
890 0.22 32.64
891 22.45 26.41
892 9.83 3.33
893 2.45 17.9
894 9.84 29.7
895 25.91 2.24
896 13.37 17.32
897 20.37 2.43
898 17.51 15.6
899 14.91 27.8
900 24.53 1.03
901 12.93 6.53
902 25.56 2.94
903 16.67 21.81
904 30.24 5.9
905 5.54 15.05
906 20.98 9.98
907 13.31 7.51
908 4.94 30.82
909 7.04 28.29
910 30.53 14.78
911 11.62 32.95
912 14.91 10.91
913 6.03 11.51
914 6.31 11.94
915 12.97 20.94
916 7 30.84
917 13.3 5.42
918 27.24 32.56
919 17.98 29.98
920 24.55 4
921 13.98 3.05
922 23.08 12.53
923 22.87 6.81
924 2.1 28.02
925 22.32 29.91
926 9.39 32.64
927 23.07 13.46
928 24.97 3.82
929 15.76 8.62
930 9.09 10.81
931 21.17 28.74
932 1.16 16.09
933 15.65 1.48
934 10.98 7.92
935 11.92 13.16
936 16.21 2.53
937 27.58 5.42
938 12.24 18.81
939 26.36 17.46
940 26.89 26.86
941 26.5 15.68
942 29.15 3.28
943 19.62 29.09
944 4.72 0.64
945 11.45 2.39
946 10.65 13.81
947 29.9 12.15
948 13.63 24.33
949 32.26 25.07
950 5.23 4.13
951 6.66 23.7
952 8.65 0.96
953 19.78 13.76
954 10.74 20.89
955 14.75 25.66
956 8.34 4.64
957 20.44 20.78
958 29.39 17.01
959 30.18 7.07
960 21.98 1.11
961 27.44 21.15
962 0.3 32.63
963 3.48 24.34
964 28.94 26.45
965 30.58 15.26
966 18.49 1.17
967 14.66 16.76
968 30.53 27.14
969 15.03 13.96
970 6.62 8.27
971 25.43 9.3
972 9.6 27.48
973 24.02 12.88
974 32.47 6
975 19.63 21.2
976 9.35 21.45
977 0.6 14.08
978 17.94 9.66
979 3.11 4.08
980 31.87 13.88
981 27.58 13.22
982 29.98 17.36
983 11.5 21.76
984 2.72 27.51
985 2.79 6.05
986 27.87 21.86
987 16.34 28.22
988 20.62 17
989 2.52 19.88
990 8.08 20.09
991 21.06 22.15
992 15.75 17.44
993 6.62 21.66
994 5.27 0.7
995 27.1 22.25
996 2.47 16.66
997 1.02 21.68
998 10.44 32.46
999 6.49 25.04
1000 10.61 25.68
1001 14.54 21.8
1002 29.55 5.48
1003 2 10.41
1004 30.29 17.17
1005 16.79 4.52
1006 26.68 17.9
1007 2.34 4.85
1008 6.04 9.43
1009 22.65 21.48
1010 10.73 23.83
1011 7.49 16.76
1012 17.96 25.73
1013 4.71 21.03
1014 13.07 28.41
1015 21.09 11.2
1016 0.01 3.2
1017 8.68 15.16
1018 5.09 9.08
1019 5.77 23.21
1020 27.73 14.9
1021 32.8 22.56
1022 6.94 21.41
1023 10.37 14.66
1024 3.14 12.98
1025 16.33 12.54
1026 8.82 26.4
1027 31.65 23.82
1028 11.85 26.79
1029 1.72 3.36
1030 27.08 4.44
1031 7.64 2.33
1032 17.49 6.61
1033 15.69 28.84
1034 19.05 2.1
1035 17.01 21.47
1036 23.55 26.31
1037 14.72 16.81
1038 11 30.49
1039 22.99 4.61
1040 29.68 26.66
1041 32.58 6.32
1042 9.66 5.5
1043 32.29 31.23
1044 14.11 1.03
1045 5.47 1.01
1046 3.35 8.2
1047 27.33 25.63
1048 1 0.36
1049 2.47 10.03
1050 11.02 32.57
1051 25.88 32
1052 15.81 14.09
1053 11.59 20.13
1054 4.26 6.33
1055 0 1.58
1056 20.43 0.94
1057 6.45 32.58
1058 30.82 30.09
1059 31.13 18.26
1060 31.8 24.45
1061 32.65 16.12
1062 21.28 14.67
1063 15.03 6.51
1064 16.54 22.28
1065 1.37 30.02
1066 29.02 7.08
1067 21.17 27.26
1068 26.91 24.36
1069 30.69 12.28
1070 26.39 31.17
1071 32.12 30.69
1072 9.8 13.82
1073 23.43 18.09
1074 3.35 7.62
1075 32.07 21.56
1076 17.21 2.15
1077 16.82 11.25
1078 17.76 5.49
1079 7.29 11.38
1080 8.4 13.82
1081 0.42 8.66
1082 15.44 16.95
1083 8.31 1.11
1084 13.4 9.35
1085 20.05 18.52
1086 28.74 6.79
1087 0.13 19.17
1088 4.26 5.54
1089 25.68 23.56
1090 24.65 20.13
1091 22.29 4.27
1092 28.04 8.86
1093 14.35 18.63
1094 9.53 12.8
1095 6.14 1.16
1096 9.82 30.46
1097 14.41 19.08
1098 20.2 4.79
1099 26.66 2.24
1100 0.28 0.6
1101 19.91 13.71
1102 12.4 29.02
1103 14.08 32.56
1104 23.12 29.18
1105 16.32 19.28
1106 23.56 27.29
1107 3.15 18.13
1108 16.28 18.6
1109 10.93 30.02
1110 31.18 25.82
1111 23.28 29.59
1112 15.68 20.53
1113 4.84 4.69
1114 19.45 2.88
1115 16 31.5
1116 12.22 19.73
1117 15.76 15.43
1118 14.99 4.14
1119 0.33 -9.36
1120 28.65 -17.63
1121 11.93 -16.65
1122 1.78 -19.21
1123 17.33 -27.6
1124 24.63 -30.58
1125 23.4 -7.78
1126 4.38 -2.33
1127 22.86 -13.68
1128 30.89 -32.58
1129 14.98 -27.7
1130 5.73 -17.34
1131 4.08 -10.5
1132 25.93 -30.47
1133 1.61 -32.36
1134 8.72 -20.44
1135 17.59 -1.94
1136 31.11 -16.89
1137 15.62 -29.52
1138 24.13 -12.41
1139 10 -32.96
1140 20.26 -28.28
1141 30.61 -0.4
1142 14.09 -4.16
1143 3.74 -0
1144 7.22 -24.5
1145 8.85 -31.24
1146 8.74 -12.95
1147 22.94 -12.93
1148 24.81 -14.19
1149 14.15 -24.56
1150 6.02 -13.05
1151 29.95 -31.75
1152 28.27 -4.14
1153 16.55 -12.57
1154 25.05 -31.92
1155 27.2 -26.55
1156 6.48 -12.32
1157 29 -4.34
1158 16.86 -20.57
1159 24.59 -32.75
1160 30.99 -24.08
1161 16.56 -0.44
1162 25.89 -19.26
1163 0.45 -6.5
1164 10.58 -17.7
1165 10.28 -14.61
1166 25.88 -16.61
1167 20.75 -7.23
1168 32.32 -21.15
1169 32.6 -4.3
1170 10.38 -3.9
1171 16.22 -6.32
1172 10.66 -16.86
1173 16.95 -12.22
1174 24.49 -27.52
1175 31.13 -8.54
1176 21.51 -2.01
1177 21.27 -14.69
1178 0.71 -14.4
1179 11.63 -1.24
1180 28.37 -11.3
1181 27.91 -21.91
1182 8.66 -21.25
1183 21.93 -28.18
1184 12 -20.5
1185 24.4 -21.53
1186 27.85 -22.38
1187 18.76 -20.14
1188 32.37 -18.04
1189 25.08 -2.71
1190 23.78 -3.38
1191 17.91 -2.73
1192 29.94 -12.29
1193 6.21 -6.18
1194 19.95 -30.66
1195 21.48 -17.84
1196 19.27 -15.32
1197 16.1 -28.91
1198 24.09 -7.45
1199 27.96 -5.03
1200 26.56 -3.09
1201 5 -19.36
1202 6.51 -0.93
1203 31.49 -23.76
1204 6 -18.4
1205 21.78 -3.1
1206 5.83 -9.3
1207 21.59 -6.7
1208 25.4 -15.3
1209 25.48 -7.32
1210 25.17 -12.35
1211 7.2 -13.96
1212 9.87 -23.96
1213 31.42 -23.3
1214 28.33 -0.96
1215 16.57 -26.38
1216 12.74 -1.41
1217 14.86 -21.57
1218 12.34 -19.25
1219 17.17 -25.88
1220 28.98 -30.86
1221 7.16 -5.96
1222 25.18 -14.33
1223 29.63 -8.27
1224 15.59 -30.1
1225 21.98 -22.11
1226 15.59 -20.28
1227 11.25 -29.18
1228 19.48 -25.46
1229 5.94 -9.67
1230 15.57 -27.33
1231 8.26 -22.52
1232 23.61 -28.31
1233 27.09 -23.12
1234 28.52 -15.47
1235 13.33 -11.26
1236 29.74 -24.5
1237 18.36 -20.49
1238 8.28 -1.44
1239 31.55 -27.51
1240 29.15 -23.88
1241 11.16 -0.05
1242 29.23 -24.26
1243 16.73 -22.41
1244 11.6 -28.23
1245 2.08 -2.19
1246 4.23 -27.17
1247 2.01 -10.34
1248 12.98 -27.85
1249 10.32 -8.62
1250 32.4 -8.51
1251 12.53 -3.18
1252 23.67 -29.15
1253 10.11 -30.89
1254 4.93 -11.48
1255 2.36 -21.18
1256 21.23 -13.6
1257 4.86 -26.04
1258 15.46 -29.98
1259 25.21 -1.11
1260 3.31 -6.58
1261 13.28 -27.29
1262 17.15 -7.54
1263 14.91 -15.29
1264 3.43 -30.14
1265 5.65 -25.24
1266 28.42 -2.83
1267 11.5 -18.18
1268 28.6 -31.61
1269 10.09 -21.62
1270 22.32 -13.05
1271 26.65 -24.97
1272 18.02 -10.56
1273 7.54 -31.51
1274 32.63 -13
1275 32.1 -12.28
1276 19.09 -15.46
1277 2.52 -12.38
1278 7.19 -3.25
1279 0.39 -17.44
1280 22.2 -10.62
1281 13.46 -18.56
1282 3.74 -30.14
1283 28.75 -24.96
1284 26.1 -11.86
1285 24.91 -18.37
1286 22.86 -15.43
1287 5.51 -31.08
1288 29.6 -20.4
1289 0.4 -25.57
1290 4.85 -8.75
1291 3.73 -12.03
1292 24.41 -23.95
1293 27.2 -6.25
1294 3.21 -31.61
1295 9.23 -7.11
1296 25.67 -25.41
1297 22.55 -22.69
1298 27.18 -29.41
1299 20.8 -30.83
1300 28.72 -20.28
1301 15.23 -25.23
1302 23.32 -18.58
1303 18.51 -20.74
1304 13.32 -32.44
1305 20.71 -18.91
1306 30.94 -30.69
1307 1.16 -24.44
1308 10.21 -1.88
1309 0.49 -28.36
1310 2.47 -13.43
1311 18.36 -22.24
1312 24.46 -7.66
1313 16.6 -7.92
1314 18.27 -18.64
1315 18.44 -4.4
1316 29.63 -13.99
1317 12.09 -0.68
1318 0.94 -32.47
1319 31.91 -30.6
1320 29.04 -26.78
1321 24.48 -19.62
1322 23.58 -6.5
1323 20.9 -25.64
1324 0.53 -0.8
1325 26.75 -21.39
1326 23.16 -15.52
1327 23.19 -12.11
1328 32.55 -14.62
1329 0.26 -6.79
1330 23.71 -17.82
1331 11.33 -31.22
1332 31.9 -20.34
1333 32.34 -2.95
1334 13.07 -12.37
1335 6.15 -31.25
1336 30.4 -21.63
1337 7.66 -10.15
1338 15.32 -0.5
1339 13.82 -28.56
1340 29.48 -28.37
1341 10.89 -7.57
1342 19.69 -19.64
1343 1.26 -13.6
1344 32.91 -31.76
1345 16.59 -14.04
1346 12.26 -23.62
1347 23.49 -7.44
1348 22.91 -23.69
1349 3.06 -22.83
1350 0.6 -2.99
1351 4.14 -21.73
1352 31.89 -10.52
1353 11.03 -11.8
1354 19.89 -26.73
1355 22.1 -4.37
1356 11.95 -16.37
1357 3.01 -12.51
1358 26.12 -11.16
1359 9.92 -16.79
1360 30.83 -26.03
1361 16.66 -6.03
1362 26 -10.09
1363 0.78 -19.67
1364 9.5 -15.91
1365 31.42 -16.36
1366 5.1 -22.62
1367 0.15 -15.09
1368 26.89 -3.99
1369 10.24 -23.7
1370 28.07 -26.3
1371 9.67 -32.34
1372 11.85 -7.02
1373 30.7 -25.2
1374 8.99 -4.97
1375 10.53 -7.63
1376 26.18 -19.34
1377 8.96 -6.71
1378 26.38 -19.18
1379 14.62 -9.74
1380 5.63 -15.4
1381 5.02 -25.56
1382 7.65 -10.73
1383 27.24 -17.69
1384 8.39 -14.07
1385 7.37 -4.48
1386 3.82 -15.99
1387 2.53 -17.05
1388 21.77 -28.19
1389 0.17 -0.24
1390 20.39 -30.77
1391 29.63 -23.22
1392 29.93 -26.09
1393 24.8 -5.59
1394 27.86 -2.83
1395 18.23 -6.42
1396 31.98 -0.49
1397 11.22 -2.77
1398 20.47 -19.16
1399 0.23 -17.98
1400 22.46 -8.38
1401 24.37 -7.6
1402 4.17 -5.8
1403 0.99 -6.43
1404 6.67 -25.95
1405 3.24 -13.68
1406 3.9 -6.58
1407 32.67 -12.39
1408 17.99 -0.83
1409 3.66 -24.47
1410 10.41 -12.85
1411 13.34 -1.41
1412 4.19 -21.92
1413 8.08 -4.08
1414 22.06 -4.18
1415 12.56 -8.31
1416 28.43 -11.52
1417 29.84 -16.46
1418 22.89 -12.13
1419 17.6 -30.83
1420 11.52 -9.08
1421 15.66 -20.84
1422 0.23 -15.42
1423 28.78 -27.85
1424 31.85 -30.74
1425 10.59 -11.96
1426 13.38 -21.78
1427 10.7 -3.45
1428 7.53 -30.09
1429 1.27 -31.3
1430 19.13 -29.59
1431 20.63 -13.83
1432 30.29 -14.57
1433 6.22 -17.47
1434 27.83 -32.7
1435 8.78 -23.82
1436 11.66 -6.35
1437 21.77 -24.44
1438 31.82 -24.41
1439 22.16 -30.07
1440 9.04 -10.19
1441 31.97 -12.27
1442 15.73 -22.42
1443 19.51 -9.68
1444 20.5 -23.26
1445 32.38 -20.78
1446 14.13 -6.64
1447 0.73 -32.53
1448 29.53 -23.95
1449 23.65 -6.95
1450 30.77 -24.36
1451 30.71 -32.44
1452 3.4 -21.95
1453 13.36 -32
1454 29.08 -14.74
1455 24.93 -15.04
1456 27.32 -5.12
1457 7.06 -23.91
1458 13.11 -22.57
1459 12.83 -26.57
1460 26.87 -0.61
1461 7.25 -24.73
1462 24.27 -20.52
1463 11.47 -20.5
1464 27.45 -20.8
1465 24.68 -2.13
1466 14.09 -25.22
1467 26.69 -22.39
1468 0.91 -30.01
1469 11.76 -7.06
1470 1.62 -29.99
1471 14.63 -3.69
1472 27.6 -8.46
1473 31.03 -21.69
1474 27.78 -20.23
1475 20.85 -23.39
1476 15.12 -1.17
1477 21.7 -7.62
1478 28.13 -6.39
1479 6.71 -12.69
1480 14.82 -2.1
1481 27.33 -31.39
1482 0.3 -8.43
1483 5.45 -21.02
1484 7.6 -1.22
1485 10.73 -17.21
1486 0.42 -21.75
1487 30.21 -25.37
1488 26.58 -7.55
1489 27.78 -7.77
1490 31.16 -21.37
1491 2.06 -15.63
1492 2.78 -13.28
1493 32.2 -23.76
1494 15.98 -30.91
1495 0.01 -18.43
1496 16.83 -30.8
1497 18.76 -6.86
1498 7.41 -29.65
1499 10.39 -3.73
1500 0.46 -27.53
1501 28.8 -0.65
1502 26.02 -0.88
1503 8.43 -26.02
1504 13.31 -32.12
1505 0.01 -15.74
1506 31.37 -11.47
1507 4.27 -2.08
1508 5.36 -13.67
1509 24.1 -3.47
1510 21.91 -21.34
1511 31.67 -3.64
1512 23.02 -18.26
1513 27.43 -17.43
1514 0.68 -30.43
1515 4.49 -4.83
1516 5.48 -1.14
1517 2.02 -0.29
1518 5.83 -11.02
1519 10.14 -22.98
1520 5.72 -19.14
1521 10.13 -22.68
1522 24.76 -16.61
1523 30.29 -14.41
1524 30.4 -9.64
1525 30.99 -21.39
1526 25.03 -31.83
1527 17.09 -29.66
1528 26.61 -15.06
1529 25.01 -24.05
1530 28.88 -27.29
1531 28.43 -29.5
1532 9.32 -13.88
1533 4.42 -9.97
1534 32.95 -15.15
1535 1.3 -27.08
1536 16.76 -5.67
1537 22.29 -23.95
1538 5.36 -8.52
1539 30.69 -19.58
1540 20.49 -2.77
1541 1.6 -28.68
1542 4.86 -25.05
1543 19.63 -31.22
1544 22.27 -10.99
1545 5.28 -11.64
1546 20.67 -30.67
1547 11.55 -13.23
1548 23.2 -29.99
1549 24.66 -15.97
1550 10.05 -23.16
1551 8.35 -5.48
1552 29.44 -6.34
1553 27.38 -30.64
1554 29.74 -1.8
1555 17.09 -25.07
1556 20.75 -17.24
1557 21.81 -31.22
1558 29.44 -25.61
1559 16.12 -8.44
1560 32.6 -31.23
1561 28.9 -21.4
1562 14.15 -20.27
1563 29.78 -7.45
1564 2.94 -4.36
1565 7.04 -0.97
1566 6.45 -25.51
1567 31.85 -15.39
1568 25.56 -2.89
1569 4.7 -26.24
1570 18.31 -22.3
1571 19.06 -1.31
1572 32.53 -18.59
1573 23.72 -7.87
1574 16.31 -28.97
1575 27.2 -6.85
1576 7.77 -15.92
1577 15.71 -2.62
1578 10.07 -21.93
1579 5.81 -25.02
1580 25.99 -25.53
1581 30.57 -12.85
1582 7.76 -32.44
1583 2.34 -29.42
1584 2.18 -0.32
1585 2.15 -19.56
1586 20.87 -0.02
1587 31.13 -21.21
1588 29.09 -32.93
1589 28.9 -21.85
1590 8.22 -24.92
1591 20.36 -2.63
1592 5.25 -16
1593 17.45 -15.6
1594 7.62 -27.85
1595 32.9 -23.26
1596 15.63 -13.13
1597 12.57 -30.47
1598 6.42 -2.91
1599 15.76 -27.43
1600 26.51 -21.12
1601 21.14 -17.91
1602 18.64 -26.91
1603 26.84 -19.27
1604 20.65 -27.25
1605 19.18 -2.26
1606 17.41 -8.39
1607 24.39 -6.54
1608 1.66 -2.19
1609 9.56 -8.84
1610 11.62 -9.28
1611 22.41 -9.46
1612 19.46 -27.25
1613 9.69 -14.51
1614 21.46 -25.88
1615 26.52 -25.45
1616 10.36 -27.5
1617 21.41 -14.67
1618 13.46 -29
1619 23.26 -27.77
1620 9.55 -13.63
1621 22.03 -21.96
1622 8.02 -26.97
1623 8.68 -25.94
1624 14.31 -9.69
1625 31.49 -18.24
1626 27.7 -25.93
1627 32.71 -0.43
1628 14.94 -26.68
1629 19.56 -9.4
1630 1.85 -15.92
1631 10.42 -13.09
1632 7.28 -24.73
1633 20.73 -11.35
1634 18.64 -0.26
1635 13.9 -23.51
1636 24.99 -28.2
1637 1.69 -15.45
1638 8.39 -0.02
1639 9.71 -10.37
1640 28.61 -22.7
1641 15.64 -20.72
1642 21.15 -2.83
1643 29.52 -27.87
1644 4.27 -15.61
1645 31.54 -28.6
1646 8.69 -6.12
1647 10.37 -21.48
1648 32.84 -28.49
1649 8.28 -10.62
1650 1.14 -18.48
1651 26.2 -22.18
1652 17.15 -26.13
1653 5.67 -27.89
1654 5.26 -25.54
1655 15.25 -27.9
1656 15.63 -0.87
1657 3.71 -10.41
1658 5.28 -3.78
1659 19.4 -12.75
1660 8.35 -9.55
1661 28.19 -30.46
1662 18.94 -29.57
1663 25.06 -5.56
1664 16.18 -18.78
1665 16.79 -0.34
1666 2.04 -29.84
1667 2.5 -9.99
1668 4.89 -19.19
1669 24.26 -8.17
1670 3.08 -22.67
1671 23.55 -6.51
1672 29.44 -31.23
1673 2.01 -6.78
1674 19.53 -1.72
1675 23.79 -21.41
1676 31.39 -7.4
1677 3.97 -31.5
1678 16.58 -17.34
1679 15.64 -8.56
1680 21.42 -12.28
1681 9.13 -32.43
1682 21.95 -23.47
1683 22.18 -24.15
1684 11.84 -6.36
1685 29.03 -13.44
1686 32.47 -14.92
1687 25.67 -32.1
1688 5.88 -28.91
1689 10.15 -27.69
1690 28.62 -4.93
1691 12.34 -0.94
1692 32.44 -27.02
1693 11.36 -28.83
1694 4.39 -16.02
1695 28.31 -6.52
1696 5.96 -25.82
1697 28.81 -16.96
1698 8.11 -7.43
1699 13.79 -17.99
1700 10.96 -32.47
1701 26.92 -9.82
1702 21.45 -22.95
1703 18.87 -19.59
1704 14.28 -6.85
1705 11.79 -29.02
1706 9.49 -22.43
1707 28.97 -3.65
1708 32.48 -8.93
1709 4.48 -7.33
1710 13.85 -3.88
1711 9.22 -12.31
1712 8.79 -32.33
1713 19.28 -5.03
1714 2.54 -29.42
1715 28.89 -0.07
1716 22.42 -13.5
1717 3.46 -22.81
1718 9.41 -23.39
1719 30.24 -1.85
1720 10.39 -3.21
1721 25.64 -21.55
1722 25.2 -19.88
1723 8.34 -21.61
1724 8.46 -4.21
1725 20.61 -25.34
1726 17.17 -1.84
1727 13.69 -29.83
1728 1.86 -25.96
1729 22.38 -32.98
1730 12.57 -4.4
1731 30.43 -18.27
1732 8.09 -14.51
1733 4.9 -13.41
1734 15.26 -17.5
1735 20.71 -2.15
1736 23.7 -5.17
1737 4.58 -25.88
1738 14.49 -28.43
1739 32.64 -25.44
1740 17.78 -2.48
1741 4.32 -20.25
1742 29.6 -1.95
1743 7.43 -30.53
1744 30.51 -31.46
1745 15.38 -29.81
1746 15.08 -22.61
1747 4.12 -12.81
1748 26.22 -2.69
1749 32.71 -9.03
1750 23.7 -8.48
1751 26.18 -32.95
1752 25.83 -14.4
1753 22.35 -30.76
1754 23.2 -19.84
1755 22.32 -21.99
1756 21.76 -20.5
1757 1.97 -6.16
1758 3.7 -18.36
1759 29.34 -9.4
1760 6.21 -13.73
1761 3.34 -11.73
1762 24.54 -0.81
1763 3.51 -7.47
1764 29.02 -30.29
1765 18.29 -3.22
1766 3.17 -19.72
1767 13.64 -11.47
1768 9.23 -8.52
1769 28.37 -3
1770 4.51 -11.95
1771 11.97 -30.21
1772 15.9 -26.28
1773 24.16 -13.94
1774 23.34 -19.6
1775 12.85 -20.51
1776 32.24 -9.07
1777 9.89 -16.2
1778 3.19 -3.3
1779 0.59 -25.92
1780 8.66 -32.21
1781 31.45 -18.89
1782 9.88 -24.36
1783 32.88 -12.09
1784 15.09 -19.12
1785 10.59 -7.77
1786 17.51 -19.61
1787 25.41 -22.57
1788 3.51 -0.41
1789 32.53 -16.57
1790 16.6 -6.38
1791 15.45 -24.9
1792 8.1 -28.36
1793 31.67 -4.86
1794 30.78 -11.29
1795 23.02 -11.78
1796 10.19 -6.45
1797 10.33 -21.47
1798 13.09 -20.08
1799 6.2 -10.21
1800 30.51 -7.7
1801 6.83 -29.31
1802 18.88 -15.02
1803 27.95 -32.24
1804 28.34 -1.92
1805 20.82 -7
1806 31.9 -11.94
1807 7.31 -15.79
1808 20.66 -19.53
1809 10.34 -18.5
1810 30.28 -30.96
1811 4.41 -12.89
1812 1.36 -7.48
1813 7.08 -27.26
1814 4.48 -26.97
1815 1.68 -13.28
1816 22.11 -14.51
1817 9.05 -21.03
1818 32.8 -20.52
1819 1.96 -16.52
1820 23.52 -7.66
1821 19.6 -22.78
1822 5.57 -1.94
1823 21.47 -6.43
1824 4.45 -26.23
1825 24.2 -11.34
1826 24.23 -14.26
1827 1.26 -8.13
1828 2.4 -5.11
1829 32.09 -8.34
1830 1.14 -19.4
1831 13.43 -13.29
1832 13.84 -23.25
1833 23.29 -22.48
1834 6 -13.64
1835 21.3 -25.25
1836 15.03 -9.04
1837 23.5 -20.43
1838 6.38 -0.13
1839 26.36 -24.5
1840 2.84 -23.36
1841 4.62 -30.08
1842 17.74 -27.07
1843 11.7 -5.88
1844 26.74 -32.66
1845 31.58 -23.31
1846 3.6 -27.88
1847 30.65 -12.01
1848 14.01 -29.97
1849 10.61 -20.95
1850 13.2 -32.53
1851 21.09 -11.44
1852 11.39 -7.76
1853 7.89 -11.59
1854 3.09 -17.77
1855 8.13 -13.77
1856 10.86 -18.45
1857 25.04 -12.75
1858 31.15 -8.12
1859 20.3 -3.75
1860 27.06 -24.89
1861 32.29 -18.88
1862 10.41 -10.19
1863 7.16 -29.95
1864 17.9 -24.42
1865 3.47 -30.29
1866 8.73 -31.1
1867 18.38 -24.56
1868 15.67 -20.12
1869 17.42 -26.27
1870 7.05 -18.77
1871 16.74 -25.55
1872 17.83 -30.43
1873 5.55 -8.79
1874 12.54 -28.5
1875 32.92 -25.85
1876 24.25 -19.12
1877 29.31 -32.21
1878 29.16 -14.18
1879 18.12 -15.99
1880 13.29 -26.58
1881 4.21 -21.59
1882 25.67 -1.54
1883 21.67 -22.59
1884 15.87 -8.34
1885 27.11 -18.61
1886 11.16 -22.92
1887 32.87 -10.86
1888 32.17 -8.51
1889 16.54 -5.42
1890 10.79 -11.71
1891 10.35 -16.46
1892 15.67 -14.56
1893 28.74 -19.19
1894 2.18 -24.36
1895 17.94 -13.86
1896 2.45 -27.99
1897 29.54 -1.67
1898 24.27 -28.12
1899 3.46 -30.73
1900 28.86 -19.66
1901 22.1 -10.1
1902 0.48 -19.54
1903 28.06 -21.97
1904 27.39 -32.65
1905 23.88 -24.12
1906 7.58 -17.7
1907 32.26 -1.23
1908 20.42 -2.77
1909 6.65 -28
1910 21.38 -2.13
1911 30.12 -4.12
1912 5.79 -23.83
1913 31.47 -6.18
1914 16.43 -9.58
1915 29.24 -14.45
1916 24.55 -12.29
1917 31.84 -18.34
1918 7.31 -25.03
1919 4.2 -6.42
1920 30.54 -14.22
1921 31.92 -28.08
1922 29.32 -17.64
1923 20.41 -10.7
1924 18.22 -29.26
1925 31.39 -6.59
1926 10.71 -6.6
1927 9.95 -8.04
1928 26.74 -16.5
1929 26.09 -8.42
1930 22.88 -22.7
1931 1.99 -1.85
1932 20.2 -26.95
1933 31.51 -13.35
1934 32.29 -27.51
1935 8.74 -2.71
1936 30.8 -29.83
1937 26.99 -20.18
1938 10.41 -27.12
1939 23.38 -14.41
1940 21 -28.63
1941 14.76 -1.3
1942 9.34 -11.23
1943 7.25 -24.71
1944 12.66 -3.08
1945 25.78 -12.86
1946 14.72 -15.06
1947 9.01 -7.3
1948 0.17 -1.92
1949 8.95 -20.04
1950 22.76 -32.47
1951 8.82 -30.21
1952 17.4 -20.56
1953 27.2 -2.82
1954 29.75 -7.33
1955 15.48 -17.58
1956 18.88 -30.27
1957 8.5 -30.24
1958 1.48 -7.74
1959 23.35 -15.75
1960 8.14 -14.14
1961 8.72 -16.13
1962 2.95 -22.86
1963 4.3 -30.25
1964 17.3 -3.13
1965 15.12 -13.25
1966 10.47 -7.06
1967 7.14 -23.94
1968 26.76 -7.39
1969 27.24 -1.34
1970 18.92 -23.51
1971 0.3 -9.72
1972 6.97 -17.33
1973 4.59 -8.8
1974 4.08 -20.97
1975 14.63 -27.94
1976 11.08 -12.22
1977 14.6 -23.35
1978 20.6 -26.55
1979 29.68 -18.9
1980 11.67 -17.42
1981 24.48 -24.32
1982 15.27 -1.66
1983 21.57 -31.62
1984 32.96 -21.55
1985 24.59 -15.81
1986 25.54 -31.41
1987 28.26 -24.89
1988 13.22 -12.03
1989 0 -32.85
1990 27.8 -17.3
1991 9.04 -14.63
1992 17.5 -18.4
1993 11.95 -3.16
1994 22.06 -17.62
1995 2.05 -21.16
1996 12.48 -13.25
1997 14.92 -6.05
1998 17.2 -7.27
1999 28.83 -16.01
2000 31.83 -29.68
2001 7.61 -20.42
2002 12.31 -3.89
2003 28.44 -2.87
2004 15.25 -25.53
2005 22.35 -28.44
2006 22.59 -10.05
2007 7.97 -10.91
2008 14.07 -19.61
2009 4.23 -32.44
2010 0.12 -3.13
2011 28.91 -18.8
2012 24.86 -12.61
2013 32.4 -23.35
2014 6.36 -9.06
2015 18.26 -28.23
2016 15.65 -17.71
2017 21.6 -25.88
2018 8.27 -7.49
2019 12.54 -17.04
2020 25 -23.52
2021 13.09 -1.9
2022 12.81 -27.11
2023 13.72 -21.06
2024 20.51 -26.89
2025 9.54 -30.48
2026 16.28 -20.63
2027 12.76 -5.45
2028 8.32 -8.14
2029 29.72 -12.17
2030 19.92 -14.69
2031 32.4 -14.99
2032 20.39 -2.58
2033 22.59 -21.01
2034 17.57 -28.66
2035 19.19 -2.13
2036 4.03 -22.1
2037 16.21 -32.28
2038 32.87 -29.37
2039 23.26 -9.46
2040 6.94 -32.9
2041 0.05 -12.32
2042 30.3 -2.74
2043 10.89 -12.82
2044 4.51 -5.62
2045 32.83 -20.13
2046 14.64 -24.43
2047 6.53 -32.24
2048 32.77 -14.55
2049 10.22 -8.64
2050 10.78 -29.86
2051 18.96 -8.93
2052 20.73 -27.33
2053 23.7 -14.7
2054 24.16 -20.6
2055 20.5 -26.48
2056 18.33 -10.62
2057 13.36 -20.56
2058 12.9 -15.63
2059 0.77 -3.77
2060 3.43 -29.93
2061 0.88 -0.61
2062 12.37 -18.07
2063 32.63 -7.42
2064 28.58 -12.14
2065 9 -22.37
2066 31.3 -6.36
2067 13.22 -7.49
2068 22.19 -19.03
2069 19.16 -16.44
2070 9.93 -25.87
2071 3.49 -19.18
2072 19.26 -7.78
2073 2.93 -29.37
2074 0.15 -32.16
2075 8.61 -3.7
2076 16.83 -3.58
2077 1.17 -9.5
2078 29.44 -29.2
2079 8.34 -13.32
2080 15.21 -25.02
2081 10.91 -29.87
2082 4.36 -13.51
2083 12.07 -24.13
2084 7.57 -6.07
2085 31.94 -31.23
2086 29.93 -30.02
2087 4.8 -2.43
2088 11.32 -16.2
2089 27.88 -7.73
2090 23.96 -11.47
2091 27.57 -3.5
2092 13 -7.79
2093 16.52 -8.27
2094 1.11 -21.96
2095 13.98 -4.38
2096 1.25 -16.33
2097 29.84 -24.89
2098 16.02 -18.13
2099 24.2 -21.43
2100 32.18 -23.6
2101 20.62 -23.14
2102 5.09 -29.12
2103 12.32 -4.95
2104 12.68 -16.42
2105 7.41 -7.2
2106 10.7 -16.16
2107 3.48 -14.51
2108 22.78 -3.22
2109 25.18 -20
2110 24.38 -23.89
2111 7.22 -18.69
2112 10.58 -5.16
2113 2.81 -16.59
2114 17.54 -6.13
2115 9.25 -27.02
2116 29.68 -16.73
2117 12.85 -9.39
2118 14.34 -1.78
2119 30.72 -4.69
2120 11.89 -6.55
2121 22.71 -17.65
2122 32.16 -2.12
2123 17.86 -26.19
2124 25.71 -1.46
2125 25.36 -10.05
2126 8.26 -17.1
2127 1.78 -12.1
2128 8.21 -18.84
2129 4.49 -4.59
2130 11.13 -25.76
2131 9.49 -13.74
2132 23.14 -7.82
2133 22.12 -1.86
2134 6.55 -17
2135 23.55 -32.36
2136 17.01 -30.96
2137 12.6 -13.27
2138 18.98 -28.7
2139 30.16 -30.47
2140 20.04 -11.7
2141 8.32 -2.04
2142 14.15 -28.3
2143 26.66 -22.62
2144 27.21 -1.88
2145 27.64 -31.16
2146 24.42 -5.35
2147 25.69 -16.65
2148 31.03 -14.56
2149 31.57 -14.81
2150 14.17 -17.1
2151 15.07 -1.64
2152 14.91 -10.7
2153 6.4 -7.19
2154 4.66 -13.42
2155 4.64 -3.57
2156 18.13 -24.7
2157 20 -25.48
2158 15.1 -32.28
2159 1.17 -26.19
2160 24.35 -21.83
2161 6.7 -8.33
2162 4.51 -15.77
2163 9.86 -32.39
2164 26.72 -2.54
2165 19.65 -8.43
2166 10.07 -7.89
2167 31.12 -14.24
2168 21.43 -4.51
2169 30.45 -4.52
2170 20.61 -5.62
2171 30.32 -2.09
2172 7.09 -5.75
2173 17.55 -29.85
2174 23.04 -22.19
2175 11.02 -31.24
2176 6.58 -26.91
2177 9.68 -30.25
2178 29.64 -23.61
2179 26.15 -19.54
2180 7.49 -23.37
2181 10.78 -25.32
2182 6.56 -30.09
2183 14.12 -8.9
2184 13.43 -7.52
2185 13.14 -24.09
2186 26.18 -13.56
2187 19.31 -22.98
2188 19.83 -12.79
2189 1.98 -3.87
2190 14.63 -22.39
2191 16.3 -25.52
2192 22.77 -21.21
2193 11.82 -5.51
2194 25.05 -31.94
2195 22.31 -17.5
2196 9.82 -12.07
2197 21.68 -12.61
2198 21.52 -28.91
2199 15.95 -2.8
2200 26.89 -14.47
2201 28.03 -8.61
2202 31.59 -32.59
2203 12.38 -26.87
2204 10.26 -30.95
2205 32.86 -26.88
2206 31.92 -24.89
2207 25.63 -16.17
2208 21.68 -1.22
2209 0.16 -16.97
2210 1.47 -26.25
2211 17.84 -1.99
2212 14.6 -23.82
2213 32.25 -6.52
2214 9.32 -15.64
2215 30.11 -15.2
2216 23.81 -15.73
2217 27.84 -4.67
2218 11.06 -1.92
2219 32.87 -19.74
2220 26.14 -21.32
2221 13.21 -32.74
2222 28.43 -25.07
2223 26.29 -18.36
2224 2.34 -29.63
2225 22.88 -26.45
2226 28.44 -16.33
2227 7.15 -7.73
2228 26.77 -22.56
2229 5.21 -18.92
2230 1.12 -15.62
2231 31.35 -2.32
2232 19.51 -4.45
2233 6.38 -5.72
2234 25.46 -30.57
2235 18.89 -18.77
2236 31.03 -31.13
2237 23.2 -11.63
2238 -9.51 -5.98
2239 -2.61 -16.49
2240 -22.46 -11.85
2241 -7.71 -5.02
2242 -25.27 -30.42
2243 -19.98 -14.86
2244 -0.79 -19.04
2245 -1.66 -25.19
2246 -7.04 -14.43
2247 -31.41 -12.54
2248 -30.78 -26.55
2249 -3.65 -4.79
2250 -3.08 -2.76
2251 -0.89 -2.06
2252 -26.21 -13.64
2253 -19.62 -24.09
2254 -20.1 -2.73
2255 -27.1 -22.24
2256 -6.78 -9.56
2257 -6.98 -1.81
2258 -29.2 -32.05
2259 -30.61 -26.97
2260 -31.68 -29.99
2261 -23.94 -32.28
2262 -24.34 -5.72
2263 -11.8 -22.35
2264 -6.66 -22.12
2265 -4.4 -27.97
2266 -30.03 -22.27
2267 -2.91 -5.3
2268 -8.91 -23.25
2269 -5.5 -2.05
2270 -24.29 -29.02
2271 -5.58 -32.6
2272 -1.42 -10.59
2273 -9.64 -25.09
2274 -19.06 -30.62
2275 -7.13 -7.26
2276 -19.06 -17.74
2277 -2.99 -10.59
2278 -32.95 -22.92
2279 -12.04 -27.31
2280 -22.28 -19.13
2281 -8.4 -28.96
2282 -1.26 -31.83
2283 -1.6 -23.83
2284 -25.89 -10.18
2285 -6.2 -7.1
2286 -6.71 -29.7
2287 -7.3 -24.3
2288 -16.39 -20.65
2289 -18.27 -29.46
2290 -3.72 -14.97
2291 -12.24 -4.92
2292 -15.51 -2.3
2293 -25.22 -15.23
2294 -22.06 -27.98
2295 -14.12 -16.78
2296 -12.75 -23.86
2297 -22.69 -2.04
2298 -5.4 -14.01
2299 -3.71 -24.3
2300 -31.4 -10.81
2301 -7.51 -22.43
2302 -13.74 -17.63
2303 -5.28 -27.33
2304 -23.8 -9.65
2305 -24.63 -3.07
2306 -7.99 -7.04
2307 -9.35 -3.87
2308 -31.62 -23.51
2309 -31.01 -14.09
2310 -30.88 -0.2
2311 -24.06 -24.65
2312 -26.7 -10.63
2313 -4.16 -13.75
2314 -5.05 -11.62
2315 -22.43 -20.4
2316 -9.83 -15.98
2317 -0.61 -9.46
2318 -3.8 -3.09
2319 -12.75 -18.42
2320 -21.49 -7.12
2321 -26.68 -16.9
2322 -0.29 -29.49
2323 -32.52 -15.55
2324 -29.65 -31.91
2325 -32.11 -30.53
2326 -22.19 -27.53
2327 -17.68 -23.17
2328 -16.44 -28.41
2329 -19.55 -1.36
2330 -21.76 -1.02
2331 -17 -8.98
2332 -30.96 -11.12
2333 -14.21 -30.13
2334 -15.55 -1.76
2335 -21.4 -6.48
2336 -23.38 -16.57
2337 -25.58 -15.09
2338 -30.64 -23.67
2339 -2.1 -25.1
2340 -2.15 -27.29
2341 -1.34 -13.73
2342 -16.42 -3.86
2343 -11.79 -31.54
2344 -32.91 -32.87
2345 -0.89 -31.34
2346 -19.84 -1.19
2347 -12.31 -30.41
2348 -7.06 -17.81
2349 -32.09 -6.05
2350 -25.05 -2.14
2351 -18.71 -0.02
2352 -15.11 -27.96
2353 -31.15 -11.29
2354 -15.91 -25.27
2355 -32.09 -0.26
2356 -26.51 -30.58
2357 -13.97 -12.95
2358 -11.5 -9.94
2359 -9.81 -5.28
2360 -3.63 -23.93
2361 -4.64 -23.22
2362 -0.15 -2.99
2363 -0.32 -16.96
2364 -2.53 -7.21
2365 -9.35 -11.94
2366 -11.96 -27.58
2367 -2.06 -7.58
2368 -18.87 -27.07
2369 -31.86 -0.22
2370 -13 -14.3
2371 -11.89 -30.95
2372 -10.91 -6.51
2373 -16.45 -5.38
2374 -10.66 -1.93
2375 -25.86 -5.78
2376 -29 -26.81
2377 -29.81 -30.5
2378 -26.98 -8.67
2379 -15.89 -9.65
2380 -21.59 -9.03
2381 -16.14 -4.76
2382 -24.87 -0.55
2383 -7.14 -18.2
2384 -18.42 -10.74
2385 -4.57 -6.01
2386 -16.48 -10.94
2387 -17.46 -16.46
2388 -1.36 -6.91
2389 -8.84 -0.91
2390 -19.22 -12.02
2391 -5.84 -1.7
2392 -11.73 -27.74
2393 -3.42 -15.17
2394 -24.82 -18.23
2395 -27.27 -31.83
2396 -16.11 -13.42
2397 -26.49 -10.41
2398 -28.61 -7.98
2399 -18.73 -13.16
2400 -31.69 -26.56
2401 -4.5 -2.82
2402 -31.8 -15.17
2403 -22.09 -21.96
2404 -2.4 -0.16
2405 -12.18 -10.45
2406 -24.68 -21.62
2407 -28.88 -18.02
2408 -12.71 -3.41
2409 -21.64 -32.3
2410 -31.13 -4.54
2411 -30.48 -28.43
2412 -5.84 -14.25
2413 -22.23 -23.97
2414 -4.13 -13.98
2415 -20.06 -20.48
2416 -23.3 -2.82
2417 -30.52 -4.08
2418 -5.57 -22.1
2419 -22.26 -32.13
2420 -9.58 -20.49
2421 -21.63 -13.97
2422 -11.51 -1.26
2423 -4.67 -17.51
2424 -16.82 -24.23
2425 -28.77 -5.84
2426 -13.79 -27.47
2427 -8.72 -26.25
2428 -29.74 -32.16
2429 -13.14 -10.48
2430 -10.48 -13.4
2431 -28.74 -12.72
2432 -16.8 -0.79
2433 -2.41 -26.26
2434 -25.39 -22.37
2435 -9.86 -4.2
2436 -18.17 -1.98
2437 -3.24 -31.49
2438 -16.01 -29.68
2439 -0.43 -20.44
2440 -5.8 -12.35
2441 -6.82 -29.2
2442 -1.97 -19.59
2443 -18.75 -28.07
2444 -5.55 -11.24
2445 -24.64 -11.41
2446 -24.13 -16.03
2447 -29.34 -20.38
2448 -13.65 -20.46
2449 -22.35 -11.28
2450 -15.48 -18.56
2451 -0.06 -11.74
2452 -10.23 -13.17
2453 -22.37 -3.31
2454 -3.27 -5.76
2455 -30.63 -22.81
2456 -19.01 -9.07
2457 -8.18 -4.46
2458 -32.53 -0.51
2459 -11.75 -26.94
2460 -5.35 -17.6
2461 -13.15 -3.39
2462 -3.29 -9.01
2463 -8.99 -9.5
2464 -20.78 -29.46
2465 -15.03 -31.34
2466 -10.08 -15.78
2467 -28.95 -15.09
2468 -30.92 -32.84
2469 -18.12 -18.32
2470 -8.13 -13.71
2471 -22.78 -15.76
2472 -32.74 -6.67
2473 -7.18 -30.97
2474 -4.43 -11.79
2475 -29.39 -31.45
2476 -14.36 -22.3
2477 -10.83 -9.54
2478 -31.56 -17.65
2479 -14.12 -19.82
2480 -30.69 -31.86
2481 -14.64 -8.67
2482 -3.28 -7.77
2483 -20.13 -10.59
2484 -28.92 -13.73
2485 -27.44 -17.78
2486 -0.54 -16.57
2487 -23.24 -29.75
2488 -7.24 -12.8
2489 -24.59 -9.94
2490 -8.39 -11.67
2491 -13.49 -0.5
2492 -22.56 -22.75
2493 -7.41 -24.33
2494 -11.15 -21.13
2495 -19.99 -1.05
2496 -22.24 -8.84
2497 -29.14 -14.16
2498 -24.75 -25.52
2499 -18.77 -28.79
2500 -13.57 -0.19
2501 -29.29 -13.22
2502 -22.49 -26.63
2503 -6.43 -19.53
2504 -29.48 -29.73
2505 -20.92 -10.54
2506 -11.04 -17.39
2507 -7.15 -1.41
2508 -25.74 -0.61
2509 -1.26 -27.08
2510 -7.65 -16.42
2511 -4.78 -0.77
2512 -14.93 -29.89
2513 -1.93 -13.44
2514 -9.24 -19.21
2515 -31.92 -20.71
2516 -0.93 -22.81
2517 -16.45 -28.21
2518 -27.27 -23.42
2519 -32.67 -2.4
2520 -25.47 -3.27
2521 -20.66 -20.59
2522 -1.52 -3.51
2523 -16.64 -7.33
2524 -1.41 -6.79
2525 -23.21 -30.42
2526 -31.2 -9.06
2527 -5.95 -7.51
2528 -20.96 -25.65
2529 -24.38 -20.41
2530 -8.12 -9.72
2531 -32.53 -2.83
2532 -10.56 -21.57
2533 -24.51 -28.5
2534 -10.43 -4.83
2535 -20.62 -24.18
2536 -24.29 -2.9
2537 -18.93 -20.81
2538 -28.14 -25.81
2539 -32.6 -2.58
2540 -12.52 -29.56
2541 -18.14 -2.33
2542 -22.37 -10.72
2543 -15.9 -3.62
2544 -24.03 -10.33
2545 -20.05 -19.8
2546 -22.63 -32.15
2547 -0.24 -32.1
2548 -7.13 -12.72
2549 -17.55 -24.75
2550 -15.93 -17.56
2551 -32.98 -17.7
2552 -5.51 -7.22
2553 -12.55 -18.91
2554 -21.49 -13.17
2555 -22.25 -12.16
2556 -27.01 -1.02
2557 -24.26 -7.4
2558 -23.54 -16.38
2559 -26.71 -19.68
2560 -6.49 -14.57
2561 -26.24 -26.28
2562 -4.91 -8.64
2563 -21.36 -26.48
2564 -30.75 -24.56
2565 -9.12 -18.44
2566 -15.66 -13.68
2567 -0.42 -9.1
2568 -28.01 -21.17
2569 -1.34 -25.49
2570 -4.65 -29.03
2571 -9.57 -23.6
2572 -10.52 -31.67
2573 -27.57 -13.35
2574 -0.04 -1.06
2575 -28.15 -21.29
2576 -27.09 -19.05
2577 -7.21 -0.91
2578 -6.91 -11.52
2579 -3.08 -8.1
2580 -26.54 -4.66
2581 -30.86 -24.72
2582 -13.34 -9.2
2583 -9.89 -10.8
2584 -3.29 -20.88
2585 -16.91 -23.75
2586 -14.35 -7.95
2587 -19.14 -6
2588 -31.87 -4.39
2589 -5.45 -13.71
2590 -14.52 -31.91
2591 -30.48 -13.12
2592 -14.03 -21.14
2593 -32.66 -17.22
2594 -25.32 -20.94
2595 -25.6 -15.27
2596 -6.99 -31.38
2597 -7.58 -2.98
2598 -13.78 -32.86
2599 -20.74 -29.99
2600 -20.74 -17.08
2601 -25.03 -17.17
2602 -23.17 -14.62
2603 -19.01 -23.69
2604 -16.92 -22.04
2605 -0.48 -3.99
2606 -17.11 -31.45
2607 -32.11 -10.48
2608 -27.7 -10.67
2609 -31.61 -11.29
2610 -26.56 -32.54
2611 -30.92 -3.74
2612 -6.72 -13.08
2613 -12.94 -18.02
2614 -15.01 -20.51
2615 -4.59 -13.2
2616 -30.37 -15.28
2617 -29.9 -9.14
2618 -12.35 -0.06
2619 -22.1 -28.43
2620 -32.42 -29.27
2621 -7.24 -2.1
2622 -25.11 -29.06
2623 -6.73 -6.35
2624 -17.65 -32.33
2625 -31.88 -17.86
2626 -1.12 -23.73
2627 -16.33 -9.32
2628 -27.35 -7.85
2629 -7.88 -29.27
2630 -21.99 -21.88
2631 -4.16 -24.99
2632 -13.65 -19.36
2633 -19.42 -13.58
2634 -9.02 -26
2635 -1.79 -21.05
2636 -2.67 -20.96
2637 -17.02 -9.04
2638 -27.91 -27.78
2639 -27.12 -3.27
2640 -0.66 -12.56
2641 -15.82 -5.52
2642 -14.84 -1.78
2643 -22.15 -32.15
2644 -7.95 -21.71
2645 -10.6 -9.55
2646 -1.54 -29.94
2647 -28.83 -27.28
2648 -7.87 -27.71
2649 -0.23 -15.25
2650 -15.82 -16.89
2651 -4.85 -2.03
2652 -23.59 -18.5
2653 -25.8 -1.4
2654 -4.67 -18.5
2655 -10.59 -32.44
2656 -4.96 -5.33
2657 -19.64 -26.41
2658 -25.56 -32.33
2659 -0.56 -8.79
2660 -18.35 -13.03
2661 -9.98 -11.16
2662 -5.45 -32.41
2663 -27.13 -5.81
2664 -0.58 -13.32
2665 -9.73 -27.36
2666 -8.91 -28.93
2667 -14.43 -14.58
2668 -15.98 -32.5
2669 -18.01 -19.75
2670 -19.2 -0.18
2671 -18.03 -8.12
2672 -1.53 -3.68
2673 -15.53 -4.67
2674 -25.99 -6.61
2675 -19.65 -16.1
2676 -27.26 -23.86
2677 -23.27 -9.15
2678 -27.48 -12.23
2679 -5.07 -29.92
2680 -3.81 -7.58
2681 -3.51 -14.8
2682 -29.39 -12.72
2683 -24.75 -30.46
2684 -17.22 -24.89
2685 -25.07 -22.28
2686 -30.4 -3.42
2687 -19.62 -10.11
2688 -27.3 -31.93
2689 -18.06 -2.16
2690 -18.26 -20.29
2691 -11.15 -17.23
2692 -5.9 -25.04
2693 -16.8 -13.95
2694 -23.39 -12.9
2695 -20.49 -21.87
2696 -3.68 -27.2
2697 -19.45 -3.52
2698 -0.99 -12.59
2699 -17 -11.2
2700 -13 -18.21
2701 -1.15 -21.6
2702 -11.23 -10.4
2703 -21.85 -0.29
2704 -14.97 -5.53
2705 -25.83 -19.43
2706 -3.67 -12.75
2707 -4.8 -16.5
2708 -30.45 -9.57
2709 -2 -1.12
2710 -22.99 -20.85
2711 -27.57 -22.49
2712 -26.01 -6.19
2713 -31.3 -14.02
2714 -4.74 -6.52
2715 -24.73 -15.31
2716 -16.43 -17.74
2717 -7.66 -5.4
2718 -18.22 -27.66
2719 -0.19 -29.51
2720 -15.95 -0.19
2721 -12.95 -5.54
2722 -22.05 -32.14
2723 -21.23 -17.75
2724 -31.39 -32.02
2725 -19.87 -23.23
2726 -25.24 -21.38
2727 -7.1 -14.45
2728 -7.99 -18.26
2729 -4.3 -5.4
2730 -0.23 -25.26
2731 -22.52 -8.56
2732 -13.96 -29.18
2733 -23.84 -30.19
2734 -26.7 -32.18
2735 -11.9 -24.04
2736 -29.58 -22.17
2737 -21.31 -24.85
2738 -22.12 -18.63
2739 -17.66 -9.55
2740 -12.3 -20.51
2741 -21.41 -17.05
2742 -11.02 -4.55
2743 -2.33 -28.51
2744 -13.44 -31.54
2745 -23.8 -6.63
2746 -15.19 -26.19
2747 -22.38 -13.32
2748 -10.51 -8.68
2749 -20.38 -13.22
2750 -16.78 -16.74
2751 -18.43 -32.28
2752 -24.13 -13.37
2753 -11.52 -6.75
2754 -28.82 -13.25
2755 -13.28 -8.7
2756 -5.28 -8.12
2757 -12.67 -1.7
2758 -30.21 -16.3
2759 -27.36 -27.52
2760 -1.16 -23.17
2761 -28.89 -18.16
2762 -11.01 -16.35
2763 -25.03 -18.27
2764 -11.01 -1.04
2765 -30.3 -12.42
2766 -11.7 -27.8
2767 -20.69 -15.74
2768 -2.01 -15.36
2769 -8.13 -11.73
2770 -20.44 -30.83
2771 -18.47 -21.42
2772 -23.12 -5.24
2773 -1.06 -10.67
2774 -5.19 -32.85
2775 -2.55 -28.43
2776 -26.11 -6.35
2777 -22.71 -31.44
2778 -29.23 -16.64
2779 -17.69 -27.26
2780 -19.2 -7.24
2781 -14.56 -14.99
2782 -10.25 -10.43
2783 -25.79 -2.25
2784 -13.99 -12.26
2785 -22.61 -13.44
2786 -1.86 -13.95
2787 -19.19 -8.09
2788 -18.76 -4.5
2789 -16.88 -20.25
2790 -28.2 -3.47
2791 -9.83 -19.43
2792 -17.87 -21.32
2793 -4.96 -12.06
2794 -18.84 -26.62
2795 -0.86 -2.17
2796 -29.69 -5.05
2797 -15.48 -15.43
2798 -30.2 -6.94
2799 -19.21 -20.79
2800 -1.23 -11.19
2801 -4.66 -8.82
2802 -29.43 -15.62
2803 -20.12 -23.85
2804 -23.63 -27.71
2805 -31.19 -4
2806 -2.95 -18.83
2807 -19.67 -8.02
2808 -32.6 -20.82
2809 -14.44 -24.64
2810 -26.81 -18.44
2811 -3.01 -27.83
2812 -10.26 -23.5
2813 -9.97 -31.01
2814 -18.8 -7.46
2815 -31.18 -8.7
2816 -17.52 -32.56
2817 -15.18 -2.84
2818 -6.22 -26.48
2819 -21.19 -14.82
2820 -18.83 -9.37
2821 -28.2 -19.38
2822 -6.92 -21.78
2823 -22.13 -27.4
2824 -19.04 -6.52
2825 -4.49 -16.09
2826 -23.44 -25.37
2827 -28.4 -7.5
2828 -5.52 -13.22
2829 -0.21 -5.37
2830 -14.07 -3.84
2831 -15.92 -31.39
2832 -13.75 -11.11
2833 -4.59 -31.1
2834 -12.93 -32.49
2835 -8.86 -25.79
2836 -24.69 -11.28
2837 -12.58 -16.59
2838 -10.99 -31.62
2839 -17.66 -1.71
2840 -30.33 -9.55
2841 -14.44 -22.15
2842 -9.18 -20.77
2843 -1 -9.84
2844 -27.73 -27.22
2845 -10.58 -1.21
2846 -12.12 -21.32
2847 -11.96 -26.51
2848 -24.61 -5.39
2849 -4.89 -16.55
2850 -21.86 -17.06
2851 -28.34 -26.27
2852 -22.38 -26.08
2853 -24.7 -20.45
2854 -22.16 -0.37
2855 -22.44 -21.88
2856 -11.04 -32.01
2857 -32.31 -3.89
2858 -26.25 -32.74
2859 -26.96 -12.83
2860 -26.56 -20.99
2861 -21.83 -17.06
2862 -10.57 -5.68
2863 -23.59 -0.79
2864 -29.87 -14.71
2865 -31.77 -8
2866 -1.28 -31.25
2867 -24.33 -6.64
2868 -6.61 -23.66
2869 -3.56 -28.55
2870 -17.44 -8.29
2871 -7.31 -26
2872 -29.89 -8
2873 -7.74 -6.62
2874 -19.45 -23.15
2875 -23.66 -14.22
2876 -31.28 -25.53
2877 -10.73 -12.49
2878 -25.81 -21.38
2879 -3.09 -1.32
2880 -9.33 -22.68
2881 -20.93 -14.38
2882 -0.54 -23.13
2883 -13.79 -24.79
2884 -20.34 -7.15
2885 -15.45 -17.35
2886 -22.88 -4.78
2887 -12.78 -2.28
2888 -21.42 -32.29
2889 -22.44 -0.04
2890 -26.78 -20.39
2891 -12.92 -25.62
2892 -5.12 -25.07
2893 -25.97 -23.65
2894 -24.97 -10.45
2895 -0.13 -29.06
2896 -22.96 -13.82
2897 -3.95 -0.58
2898 -25.37 -3.03
2899 -22.7 -17.75
2900 -14.62 -12.72
2901 -30.02 -5.15
2902 -19.95 -4.5
2903 -16.32 -22.33
2904 -22.37 -8.37
2905 -28.76 -5.76
2906 -10.91 -28.68
2907 -20.75 -21.2
2908 -11.85 -28.55
2909 -6 -26.24
2910 -1.82 -16.35
2911 -30.17 -6.13
2912 -6.71 -24.78
2913 -27.81 -1.13
2914 -31.4 -32.09
2915 -24.33 -17.52
2916 -2.19 -25.54
2917 -9.57 -0.87
2918 -23.2 -1.67
2919 -10.04 -25.89
2920 -11.17 -25.1
2921 -20.78 -18.33
2922 -6.53 -22.08
2923 -17.63 -21.05
2924 -14.29 -30.91
2925 -14.26 -23.63
2926 -9.28 -16.11
2927 -20.41 -23.95
2928 -4.6 -28.52
2929 -7.13 -27.75
2930 -24.79 -3
2931 -8.07 -31.46
2932 -11.85 -6.5
2933 -8.17 -17.64
2934 -23.05 -2.06
2935 -27.16 -18.22
2936 -16.07 -1.22
2937 -23.31 -27.46
2938 -15.51 -2.12
2939 -0.03 -20.46
2940 -23.62 -9.32
2941 -25.43 -26.81
2942 -17.77 -32.9
2943 -28.42 -25.36
2944 -20.11 -22.37
2945 -4.9 -15.07
2946 -13.53 -11.9
2947 -30.93 -12.97
2948 -10.13 -25.39
2949 -6.97 -6.1
2950 -24.32 -0.18
2951 -13.92 -13.65
2952 -8.11 -19.91
2953 -22.04 -4.23
2954 -4.22 -3.14
2955 -12.46 -22.07
2956 -15.89 -27.84
2957 -7.26 -17.41
2958 -22.29 -13.18
2959 -2.55 -2.69
2960 -17.76 -9.41
2961 -0.83 -19.97
2962 -12.46 -10.82
2963 -15.73 -31.76
2964 -17.39 -22.59
2965 -2.29 -2.22
2966 -15.87 -21.23
2967 -8.15 -16.22
2968 -32.97 -3.5
2969 -6.64 -30.19
2970 -31.78 -4.19
2971 -11.55 -31.62
2972 -28.55 -27.19
2973 -7.37 -18.82
2974 -1.03 -30.36
2975 -6.77 -22.45
2976 -9.42 -31.31
2977 -21.65 -20.13
2978 -31.41 -1.41
2979 -3.52 -4.38
2980 -6.6 -15.8
2981 -4.04 -5.82
2982 -1.56 -1.99
2983 -5.49 -24.71
2984 -21.9 -1.53
2985 -18.25 -24.65
2986 -2.79 -20.68
2987 -27.4 -29.8
2988 -15.62 -10.86
2989 -8.23 -1.77
2990 -24.22 -16.65
2991 -27.49 -27.52
2992 -27.17 -13.17
2993 -14.58 -16.14
2994 -20.53 -25.59
2995 -20.91 -18.1
2996 -3.44 -6.65
2997 -21.17 -4.47
2998 -29.18 -5
2999 -19.06 -26.66
3000 -30.84 -30.6
3001 -30.81 -4.31
3002 -13.63 -13.15
3003 -24.02 -25.21
3004 -26.98 -29.26
3005 -25.43 -32.25
3006 -6.29 -30.73
3007 -10.9 -19.92
3008 -3.07 -0.47
3009 -5.58 -25.48
3010 -23.1 -3.12
3011 -22.29 -26.49
3012 -10.49 -26.55
3013 -11.07 -10.46
3014 -16.65 -6.67
3015 -4.28 -30.13
3016 -13.96 -27.01
3017 -7.16 -2.09
3018 -27.3 -27.6
3019 -23.86 -31.18
3020 -9.95 -0.8
3021 -31.53 -28.81
3022 -28.26 -16.25
3023 -16.72 -9.43
3024 -14.43 -31.33
3025 -13.97 -1.82
3026 -28.31 -4.54
3027 -10.61 -3.26
3028 -26.25 -5.8
3029 -25 -21.68
3030 -18.82 -9.9
3031 -3.91 -29.28
3032 -10.89 -32.78
3033 -27.38 -11.07
3034 -21.78 -17.71
3035 -31.03 -30.76
3036 -6.1 -11.25
3037 -27.5 -29.57
3038 -18.52 -1.36
3039 -12.21 -23.74
3040 -5.08 -12.48
3041 -17.02 -26.18
3042 -8.96 -0.4
3043 -18.72 -7.15
3044 -28.83 -2.21
3045 -24.63 -10.72
3046 -19.52 -27.17
3047 -26.96 -28.54
3048 -19.14 -9.93
3049 -7.16 -0.86
3050 -11.15 -20.44
3051 -31.69 -5.2
3052 -14.29 -17.25
3053 -18.61 -5.72
3054 -8.98 -32.81
3055 -24.81 -10.34
3056 -3.52 -14.07
3057 -26.99 -21.35
3058 -28.5 -25
3059 -6.74 -12.71
3060 -2.96 -24.34
3061 -18.51 -31.37
3062 -6.44 -2
3063 -24.46 -24.99
3064 -5.38 -5.1
3065 -25.54 -31.62
3066 -16.34 -16.53
3067 -13.3 -3.75
3068 -9.47 -30.63
3069 -9.97 -11.43
3070 -21.77 -30.98
3071 -24.57 -14.3
3072 -2.66 -4.81
3073 -29.81 -18.56
3074 -10.79 -31.16
3075 -2.02 -16.07
3076 -14.45 -26.27
3077 -28.28 -0.06
3078 -25.05 -20.89
3079 -25.99 -32.26
3080 -10.4 -9.95
3081 -26.48 -31.05
3082 -1.8 -26.75
3083 -3.9 -19.3
3084 -30.73 -23.8
3085 -1.3 -26.39
3086 -7.7 -19.5
3087 -3.83 -25.87
3088 -23.95 -10.36
3089 -21.04 -13.17
3090 -29.24 -1.74
3091 -28.02 -23.07
3092 -23.13 -10.69
3093 -11.1 -2.82
3094 -14.6 -27.7
3095 -4.66 -16.61
3096 -14.66 -25
3097 -18.75 -10.66
3098 -29.97 -28.99
3099 -32.31 -2.18
3100 -28.57 -27.7
3101 -26.73 -0.61
3102 -6 -15.79
3103 -5.67 -30.56
3104 -23.25 -29.95
3105 -31.69 -26.72
3106 -16.79 -19.5
3107 -30.19 -6.23
3108 -21.57 -19.44
3109 -14.14 -20.82
3110 -4.43 -3.17
3111 -28.18 -18.8
3112 -29.47 -31.62
3113 -27.61 -26.45
3114 -28.63 -5.96
3115 -13.18 -26.92
3116 -7.05 -3.73
3117 -19.52 -6.91
3118 -17 -13.05
3119 -10 -25.2
3120 -31.44 -19.77
3121 -6.27 -8.69
3122 -27.45 -27.75
3123 -14.19 -15.99
3124 -3.81 -16.02
3125 -19.2 -28.33
3126 -14.14 -20.76
3127 -19.38 -26.9
3128 -20.35 -23.13
3129 -8.61 -13.99
3130 -20.43 -15.99
3131 -19.72 -21.79
3132 -8.23 -27.48
3133 -7.53 -18.76
3134 -23.48 -4.75
3135 -24.52 -17.53
3136 -5.75 -21.92
3137 -16.67 -10.32
3138 -26.31 -12.72
3139 -28.74 -30.86
3140 -26.2 -9.64
3141 -30.4 -27.46
3142 -21.36 -19.86
3143 -22.51 -16.79
3144 -10.3 -8.72
3145 -24.71 -10.64
3146 -32.43 -30.74
3147 -25.22 -23.95
3148 -9.71 -20.18
3149 -4.45 -12.28
3150 -9.33 -0.2
3151 -1.64 -28.98
3152 -6.3 -27.6
3153 -7.32 -18.32
3154 -28.7 -12.13
3155 -21.77 -3.07
3156 -30.53 -1.42
3157 -21.28 -19.17
3158 -15.48 -31.42
3159 -7.14 -23.31
3160 -0.95 -25.79
3161 -23.53 -11.37
3162 -14.84 -12.91
3163 -12.61 -28.27
3164 -7.55 -24.55
3165 -4.27 -17.07
3166 -25.57 -16.89
3167 -24.01 -5.92
3168 -3.76 -11.39
3169 -23.52 -31.34
3170 -1.41 -32.46
3171 -13.41 -12.29
3172 -10.98 -11.46
3173 -22.4 -1.69
3174 -4.53 -26.47
3175 -31.78 -29.54
3176 -20.43 -18
3177 -10.43 -22.31
3178 -17.58 -2.27
3179 -6.35 -23.05
3180 -7.12 -4.66
3181 -1.07 -23.14
3182 -8.58 -32.69
3183 -23.6 -25.08
3184 -23.42 -12.34
3185 -24.33 -14.12
3186 -5.93 -4.35
3187 -28.34 -4.74
3188 -18.95 -29.43
3189 -2.42 -17.74
3190 -26.81 -3
3191 -0.53 -1.2
3192 -23.51 -14.24
3193 -29.04 -10.96
3194 -1.01 -20.62
3195 -25.28 -14.91
3196 -5.05 -20.65
3197 -32.86 -5.87
3198 -30.95 -26.16
3199 -18.02 -23.46
3200 -17.1 -0.9
3201 -5.25 -9.35
3202 -26.61 -23.03
3203 -19.47 -13.11
3204 -30.86 -25.09
3205 -7.61 -21.89
3206 -23.1 -24.67
3207 -18.43 -8.14
3208 -19.11 -26.13
3209 -13.75 -14.47
3210 -8.9 -32.64
3211 -32.82 -18.55
3212 -3.94 -26.48
3213 -19.64 -32.68
3214 -2.67 -1.9
3215 -15.32 -4.66
3216 -26.54 -19.77
3217 -22.33 -0.09
3218 -13.21 -32.67
3219 -4.28 -8.8
3220 -10.21 -11.07
3221 -15.26 -11.9
3222 -32.56 -12.83
3223 -5.97 -0.69
3224 -27.69 -18.67
3225 -30.84 -32.24
3226 -30.32 -3.59
3227 -9.59 -30.66
3228 -9.86 -1.26
3229 -15.68 -29.23
3230 -13.42 -25.05
3231 -11.83 -31
3232 -10.62 -6.96
3233 -6.63 -13.68
3234 -22.48 -23.83
3235 -14.42 -23.44
3236 -2.34 -12.21
3237 -25.05 -29.68
3238 -30.37 -1.9
3239 -0.1 -10.54
3240 -9.78 -25.06
3241 -8.18 -30.94
3242 -8.12 -7.1
3243 -8.37 -17.77
3244 -26.53 -30.5
3245 -22.56 -24.05
3246 -1.58 -6.95
3247 -26.43 -13.91
3248 -27.59 -12.2
3249 -3.03 -12.58
3250 -3.02 -17.07
3251 -8.8 -29.97
3252 -26.65 -5.36
3253 -19.79 -0.85
3254 -11.39 -24.02
3255 -28.61 -19.89
3256 -30.35 -0.7
3257 -7.8 -16.31
3258 -13.6 -17.99
3259 -15.49 -28.69
3260 -32.27 -19.65
3261 -26.6 -5.05
3262 -31.48 -0.85
3263 -25.57 -20.03
3264 -32.62 -26.07
3265 -22.66 -8.12
3266 -5.09 -15.16
3267 -20.53 -31.47
3268 -11.84 -31.74
3269 -2.28 -19.84
3270 -19.25 -23.24
3271 -3.46 -10.41
3272 -26.72 -16.6
3273 -14.11 -11.26
3274 -19.48 -19.85
3275 -6.5 -29.6
3276 -14.18 -18.75
3277 -32.12 -12.63
3278 -12.18 -12.66
3279 -5.74 -24.69
3280 -12.33 -24.32
3281 -6.49 -28.4
3282 -6.39 -17.42
3283 -28.68 -6.54
3284 -26.38 -18.24
3285 -21 -30.96
3286 -20.9 -12.63
3287 -8.75 -24.46
3288 -15.24 -27.14
3289 -13.99 -22.86
3290 -31.98 -1.72
3291 -32.99 -0.02
3292 -12.65 -13.16
3293 -5.35 -32.11
3294 -3.32 -24.83
3295 -28.68 -23.61
3296 -31.53 -15.65
3297 -12.59 -2.17
3298 -8.71 -4.93
3299 -2.69 -8.27
3300 -18.76 -2.09
3301 -27.24 -23.69
3302 -27.67 -19.18
3303 -13.32 -15.51
3304 -5.37 -22.43
3305 -3.68 -6.84
3306 -6.86 -16.87
3307 -9.56 -3.67
3308 -15.31 -32.03
3309 -3.38 -14.91
3310 -18.04 -18.63
3311 -13.81 -32.06
3312 -1.23 -16.57
3313 -1.02 -26.4
3314 -14.2 -9.94
3315 -24.55 -3.71
3316 -6.92 -32.96
3317 -19.14 -31.31
3318 -13.82 -14.11
3319 -3.55 -11.98
3320 -18.82 -31.71
3321 -15.59 -7.23
3322 -23.42 -25.68
3323 -24.71 -25.15
3324 -19.58 -5.73
3325 -24.37 -7.62
3326 -6.68 -4.62
3327 -0.71 -5.18
3328 -11.1 -7.92
3329 -30.38 -1.74
3330 -5.45 -25.3
3331 -4.78 -1.46
3332 -32.77 -12.38
3333 -6.01 -23.92
3334 -15.43 -13.6
3335 -12.31 -9.56
3336 -29.31 -1.25
3337 -26.94 -7.42
3338 -32.57 -19.74
3339 -25.47 -31.17
3340 -5.79 -31.67
3341 -3.29 -29.36
3342 -1.54 -25
3343 -32.92 -16.53
3344 -18.27 -12.65
3345 -4.95 -9.82
3346 -11.28 -23.72
3347 -15.62 -9.74
3348 -13.18 -11.06
3349 -4.18 -21.64
3350 -10.72 -28.61
3351 -9.39 -16.49
3352 -3.44 -7.04
3353 -26.78 -15.85
3354 -26.54 -15.53
3355 -14.21 -31.77
3356 -28.14 -11.86
3357 -3.86 30.02
3358 -13.55 9.2
3359 -21.85 3.78
3360 -13.6 31.82
3361 -2.07 6.33
3362 -28.59 24.89
3363 -15.47 17.69
3364 -18.85 21.29
3365 -29.43 19.65
3366 -15.66 29.58
3367 -16.14 5.82
3368 -1.19 19.1
3369 -1.64 9.92
3370 -21.21 27.73
3371 -6.59 28.37
3372 -25.39 16.35
3373 -25.56 10.45
3374 -26.75 18.47
3375 -17.29 26.93
3376 -12.78 19.88
3377 -24.29 31.88
3378 -16.58 20.89
3379 -21.71 6.76
3380 -5.93 14.95
3381 -24.05 18.14
3382 -3.48 21.59
3383 -20.22 7.19
3384 -29.63 17.19
3385 -11.92 1.38
3386 -29.75 17.85
3387 -1.2 31.04
3388 -8.49 1.66
3389 -20.13 6.28
3390 -12.74 14.77
3391 -1.65 16.95
3392 -15.83 25.52
3393 -25.94 25.94
3394 -32.7 11.93
3395 -26.89 14.65
3396 -12.31 5.63
3397 -6.74 17.94
3398 -25.14 28.31
3399 -12.5 26.96
3400 -28.34 21.77
3401 -19.14 24.42
3402 -22.46 4.61
3403 -6.28 20.35
3404 -6.15 10.48
3405 -25.25 26.41
3406 -22.88 18.89
3407 -23.94 26.9
3408 -32.36 5.72
3409 -17.65 29.4
3410 -11.05 32.06
3411 -17.21 11.54
3412 -9.01 2.88
3413 -31.19 3.47
3414 -30.44 13.67
3415 -2.44 10.69
3416 -14.63 5.3
3417 -22.44 21.59
3418 -21.46 16.62
3419 -6.62 28.72
3420 -1.65 7.13
3421 -5.55 31.87
3422 -5.29 24.54
3423 -30.26 9.01
3424 -5.41 4.65
3425 -16.23 27.43
3426 -5.98 28.98
3427 -31.86 12.96
3428 -16.43 27.51
3429 -8.18 30.05
3430 -20.26 26.39
3431 -31.7 23.14
3432 -24.25 14.41
3433 -10.55 21.14
3434 -29.38 25.23
3435 -32.37 17.17
3436 -28.56 10.55
3437 -2.09 17.44
3438 -26.45 13.37
3439 -30.54 11.87
3440 -6.31 11.38
3441 -7.36 13.77
3442 -6.25 24.81
3443 -31.84 6.22
3444 -15.79 22.69
3445 -16.08 7.02
3446 -30.16 15.57
3447 -29.98 27.3
3448 -15.44 21.42
3449 -13.65 20.06
3450 -4.23 24.34
3451 -1.9 25.54
3452 -9.98 12.32
3453 -25.69 16.51
3454 -28.39 15.95
3455 -27.33 23.24
3456 -16.53 14.22
3457 -18.55 1.69
3458 -20.43 22.79
3459 -12.48 17.39
3460 -3.93 3.22
3461 -31.31 8.08
3462 -2.39 1.09
3463 -2.03 7.82
3464 -27.88 30.35
3465 -21.7 28.21
3466 -0.27 32.11
3467 -23.95 3.12
3468 -19.63 10.26
3469 -5.73 16.65
3470 -6.89 27.54
3471 -21.28 0.07
3472 -14.28 2.94
3473 -25.73 19.35
3474 -3.74 1.72
3475 -17.46 17.73
3476 -25.82 7.67
3477 -21.29 28.3
3478 -3.12 7.73
3479 -5.08 2.84
3480 -31.05 31
3481 -9.63 6.3
3482 -21.94 31.33
3483 -21.11 0.59
3484 -17.24 8.58
3485 -15.64 6.36
3486 -6.43 3.65
3487 -19.11 16.45
3488 -2.8 0.24
3489 -1.96 11.85
3490 -9.1 19.07
3491 -26.74 31.94
3492 -27.24 14.44
3493 -22.17 27.55
3494 -30.4 30.36
3495 -7.88 6.78
3496 -25.6 7.97
3497 -18.82 17.52
3498 -30.63 14.55
3499 -2.65 6.93
3500 -13.3 14.87
3501 -31.04 18.29
3502 -14.26 32.25
3503 -32.49 17.15
3504 -8.52 17.07
3505 -3.14 13.97
3506 -25.44 17.63
3507 -11.59 9.4
3508 -3.96 19.68
3509 -29.57 0.77
3510 -7.55 13.88
3511 -21.85 4.45
3512 -1.49 0.15
3513 -27.22 7.68
3514 -27.13 32.12
3515 -26.51 29.87
3516 -27.69 19.95
3517 -19.21 4.07
3518 -21.23 8.95
3519 -26.02 31.22
3520 -12.2 9.27
3521 -6.42 29.16
3522 -18.09 4.64
3523 -3.84 18.02
3524 -31.31 1.57
3525 -15.45 12.93
3526 -29.91 5.86
3527 -18.53 16.82
3528 -4.02 31.4
3529 -10.05 12.76
3530 -22.15 10.68
3531 -10.15 3.56
3532 -7.64 16.84
3533 -25.8 29.36
3534 -7.11 8.39
3535 -17.66 31.34
3536 -27.51 31.83
3537 -15.99 3.61
3538 -21.63 25.12
3539 -26.69 19.83
3540 -32.77 32.46
3541 -17.84 21.66
3542 -18 9.2
3543 -7.6 3.37
3544 -28.65 1.55
3545 -12.23 17.65
3546 -21.22 17.81
3547 -14.17 22.38
3548 -31.27 8.38
3549 -16.77 6.97
3550 -5.32 17.9
3551 -16.73 13.95
3552 -17.56 12.35
3553 -4.47 32.72
3554 -32.07 18.71
3555 -18.17 10.68
3556 -32.34 11.36
3557 -20.56 3.01
3558 -18.91 17.34
3559 -31.41 7.69
3560 -25.34 27.08
3561 -24.41 23.16
3562 -12.55 26.08
3563 -1.46 5.59
3564 -25.08 23.34
3565 -20.76 30.75
3566 -11.71 9.92
3567 -22.27 4.49
3568 -16.73 8.79
3569 -7.03 6.26
3570 -16.94 15.8
3571 -6.69 4.72
3572 -20.26 28.8
3573 -13.15 27.25
3574 -1.94 6.17
3575 -12.77 24.08
3576 -14.25 6.81
3577 -32.89 16.71
3578 -22.3 6.32
3579 -29.66 13.88
3580 -11.63 26.9
3581 -3.83 17.42
3582 -1.43 2.86
3583 -24.18 26.1
3584 -11.89 18.16
3585 -13.48 31.21
3586 -2.93 28.83
3587 -24.64 20.17
3588 -14.43 23.19
3589 -8.88 17.31
3590 -20.91 28.89
3591 -2.7 1.18
3592 -17.89 2.16
3593 -8.48 2.6
3594 -29 19.71
3595 -13.61 17.66
3596 -14.6 7.63
3597 -23.02 17.44
3598 -23.07 16.03
3599 -13.71 14.2
3600 -24.93 1.96
3601 -10.31 27.2
3602 -14.37 27.86
3603 -30.58 14.47
3604 -11.3 8.32
3605 -4.22 18.98
3606 -20.16 32.22
3607 -1.38 19.44
3608 -1.56 17.57
3609 -4.28 22.39
3610 -7.05 30.56
3611 -17.72 30.42
3612 -27.38 21.66
3613 -17.21 7.74
3614 -1.46 17.45
3615 -31.93 30.93
3616 -4.65 26.39
3617 -0.77 21.77
3618 -15.76 19.02
3619 -6.87 31.35
3620 -29.86 27.07
3621 -5.81 23.61
3622 -10.05 17.02
3623 -14.12 19.71
3624 -9.1 11.62
3625 -21.7 30.92
3626 -28.34 16.16
3627 -17.34 6.42
3628 -26.68 22.73
3629 -19.7 1.55
3630 -12 28.14
3631 -1.05 31.16
3632 -32.45 16.65
3633 -15.2 1.83
3634 -12.7 15.21
3635 -21.8 22.07
3636 -25.2 9.56
3637 -6.11 27.61
3638 -26.85 2.25
3639 -26.39 20.23
3640 -18.15 2.95
3641 -31.63 15.1
3642 -1.04 13.5
3643 -15.75 15.97
3644 -30.05 27.73
3645 -2.39 2.45
3646 -13.13 21.57
3647 -5.23 3.45
3648 -17.8 12.58
3649 -27.8 32.95
3650 -22.02 30.5
3651 -7.07 16.6
3652 -23.74 14.22
3653 -28.99 13.18
3654 -12.93 17.59
3655 -0.06 22.39
3656 -17.01 31.08
3657 -24.1 31.7
3658 -27.19 18.05
3659 -25.3 6.85
3660 -21.83 3.76
3661 -25.34 7.22
3662 -23.19 1.96
3663 -14.55 10.09
3664 -10.04 7.99
3665 -18.01 21.87
3666 -17.99 11.58
3667 -5.32 25.08
3668 -17.78 8.73
3669 -5.84 1.31
3670 -3.22 30.71
3671 -28.8 18.43
3672 -29.65 32.75
3673 -30.33 19.9
3674 -6.28 3.36
3675 -7.13 2.15
3676 -9.37 28.11
3677 -30.07 11.99
3678 -1.6 32.56
3679 -20.07 11.62
3680 -0.49 11.64
3681 -2.74 5.09
3682 -9.69 18.49
3683 -6.74 8.06
3684 -21.89 27.48
3685 -25.19 25.11
3686 -10.54 4.64
3687 -16.91 0.51
3688 -32.94 7.19
3689 -10.55 14.24
3690 -16.4 6.22
3691 -1.33 30.2
3692 -9.19 5.29
3693 -17.38 10.92
3694 -22.55 23.31
3695 -1.95 4.45
3696 -22.06 2.56
3697 -0.57 17.21
3698 -4.79 31.76
3699 -5.76 19.84
3700 -11.95 26.69
3701 -10.85 10.47
3702 -10.99 2.01
3703 -9.2 27.76
3704 -21.53 23.45
3705 -29.67 32.27
3706 -29.48 17.45
3707 -22.74 10.52
3708 -21.44 18.19
3709 -8.51 19.64
3710 -24.1 23.51
3711 -5.6 22.98
3712 -7.2 13.16
3713 -24.44 6.17
3714 -5.53 24.51
3715 -18.2 30.2
3716 -7.68 17.48
3717 -19.49 8.57
3718 -15.86 31.19
3719 -21.64 8.21
3720 -7.49 16.91
3721 -1.36 30.83
3722 -20.87 16.49
3723 -14.2 3.62
3724 -23.27 9.31
3725 -12.35 2.23
3726 -4.74 14.37
3727 -7.05 17.95
3728 -3.64 24.46
3729 -15.97 11.02
3730 -8.22 9.18
3731 -26.66 13.7
3732 -22.27 28.42
3733 -26.61 25.68
3734 -0.89 17.65
3735 -1.56 27.77
3736 -25.6 20.9
3737 -16.91 2.92
3738 -19.07 25.99
3739 -2.31 31.12
3740 -12.87 9.34
3741 -3.23 14.66
3742 -12.13 17.61
3743 -9.07 22.8
3744 -0.82 15.77
3745 -24.95 25.05
3746 -5.75 21.57
3747 -16.99 31.14
3748 -3.34 7.54
3749 -25.2 23.13
3750 -30.42 4.23
3751 -4.66 6.28
3752 -21.73 2.55
3753 -28.54 21.57
3754 -32.21 7.8
3755 -17.14 30.85
3756 -25.03 24.61
3757 -9.22 20.37
3758 -10.17 16.68
3759 -32.46 18.3
3760 -22.87 23.52
3761 -24.61 3.93
3762 -14.59 28.62
3763 -15.68 21.12
3764 -11.25 17.93
3765 -1.69 7.88
3766 -26.69 8.68
3767 -23.75 18.87
3768 -19.96 15.42
3769 -23.22 19.29
3770 -29.67 31.7
3771 -23.31 7.36
3772 -7.25 21.7
3773 -17.91 32.53
3774 -30.35 29.94
3775 -32.98 29.89
3776 -13.34 20.22
3777 -28.36 24.59
3778 -12.72 27.94
3779 -25.39 11.05
3780 -31.45 23.97
3781 -12.17 6.6
3782 -25.47 25.14
3783 -20.08 2.92
3784 -1.74 12.44
3785 -11.14 10.3
3786 -30.18 31.41
3787 -32.63 1.45
3788 -13.5 4.43
3789 -13.9 17.54
3790 -14.43 10.86
3791 -10.6 13.88
3792 -5.48 27.78
3793 -2.24 18.49
3794 -9.06 18.2
3795 -21.69 27.63
3796 -1.24 7.51
3797 -12.18 0.87
3798 -16.31 6.23
3799 -18.67 11.78
3800 -22.09 18.05
3801 -28.98 9.33
3802 -23.3 19.27
3803 -3.23 28.62
3804 -13.16 3.81
3805 -27.19 17.13
3806 -31.01 7.12
3807 -14.42 17.31
3808 -2.8 3.49
3809 -1.21 16.66
3810 -23.81 11.86
3811 -31.9 22.91
3812 -3.3 25.05
3813 -10.81 23.6
3814 -2.38 19.61
3815 -17.19 9
3816 -18.34 24.47
3817 -23.27 25.69
3818 -21.31 21.16
3819 -24.97 26.5
3820 -23.15 14
3821 -21.12 31.68
3822 -16 21.16
3823 -4.18 2.54
3824 -31.72 31.32
3825 -10.19 5.39
3826 -28.3 22.53
3827 -27.11 9.09
3828 -32.69 31.6
3829 -30.74 4.92
3830 -13.92 2.07
3831 -6.07 27.45
3832 -32.66 32.26
3833 -20.43 29.34
3834 -2.36 20.98
3835 -14.5 24.92
3836 -3.13 25.51
3837 -26.19 2.62
3838 -17.68 31.65
3839 -29.97 30.37
3840 -15.29 16.4
3841 -5.93 7.16
3842 -28.77 10.59
3843 -21.72 12.56
3844 -17.48 7.98
3845 -22.58 31.98
3846 -5.95 31.41
3847 -10.19 28.65
3848 -4.51 5.61
3849 -6.11 10.14
3850 -14.59 6.87
3851 -11.9 20.61
3852 -2.75 17.72
3853 -28.89 5.09
3854 -14.99 20.43
3855 -16.35 25.86
3856 -12.55 30.28
3857 -20.39 1.81
3858 -14.37 20.84
3859 -28.83 21.63
3860 -20.61 11.38
3861 -9.79 30.93
3862 -6.1 6.08
3863 -24.22 32.5
3864 -9.65 10.61
3865 -30 30.33
3866 -30.47 3.76
3867 -1 21.42
3868 -26.51 0.22
3869 -20.66 29.89
3870 -2.27 8.5
3871 -18.3 16.53
3872 -18.34 27.34
3873 -15.19 5.7
3874 -27.33 12.24
3875 -23.62 23.54
3876 -0.99 27.47
3877 -13.07 12.93
3878 -12.43 7.09
3879 -17.7 4.29
3880 -1.63 1.6
3881 -5.36 27.22
3882 -15.64 32.1
3883 -11.84 18.88
3884 -28.29 21.67
3885 -9.7 12.02
3886 -28.56 30.57
3887 -4.43 28
3888 -13.22 26.42
3889 -5.66 19.62
3890 -22.68 7.56
3891 -14.55 8.8
3892 -21.73 23.67
3893 -30.76 27.62
3894 -31.92 13.69
3895 -15.29 27.98
3896 -1.72 13.07
3897 -24.69 0.18
3898 -31.58 29.88
3899 -18.56 3.53
3900 -28.08 26.88
3901 -24.45 7.78
3902 -2.78 23.64
3903 -29.58 28.88
3904 -28.03 16.01
3905 -3.09 14.77
3906 -23.57 30.23
3907 -0.43 17.64
3908 -24.78 24.83
3909 -5.52 10.71
3910 -5.7 23.7
3911 -16.29 0.33
3912 -13.03 19.94
3913 -16.83 20.5
3914 -3.56 11.62
3915 -5.5 14.91
3916 -22.69 31.64
3917 -22.28 9.47
3918 -17.87 4.99
3919 -21 18.86
3920 -0.63 12.9
3921 -22.66 3.61
3922 -0.77 3.73
3923 -28.56 23.09
3924 -13.32 25.56
3925 -28.78 13.6
3926 -13.93 19.02
3927 -18.49 12.08
3928 -12.1 26.97
3929 -18.11 2.32
3930 -17.23 15.66
3931 -14.3 23.61
3932 -0.08 19.44
3933 -24.43 3.58
3934 -1.97 17.95
3935 -10.38 24.96
3936 -28.57 15.12
3937 -18.85 12.56
3938 -15.17 29.35
3939 -1.43 26.93
3940 -20.05 28.49
3941 -27.04 30.21
3942 -21.81 0.99
3943 -7.48 12.53
3944 -27.37 0.92
3945 -16.58 25.59
3946 -28.72 24.12
3947 -10.56 30.89
3948 -13.99 28.8
3949 -26.27 1.99
3950 -6.47 28.48
3951 -10.61 16.17
3952 -28.73 14.57
3953 -10.92 8.98
3954 -15.44 23.42
3955 -18.92 24.87
3956 -1.6 2.49
3957 -16 12.96
3958 -5.01 23.42
3959 -3.86 3
3960 -8.11 32.38
3961 -23.5 20.44
3962 -30.85 3.83
3963 -12.15 13.58
3964 -28.09 24.37
3965 -19.85 17.95
3966 -1.12 1.57
3967 -16.14 9.98
3968 -31.49 9.38
3969 -32.8 6.58
3970 -31.45 13.93
3971 -28.94 31.24
3972 -23.72 12.57
3973 -2.99 24.47
3974 -27.47 28.73
3975 -28.11 6.85
3976 -6.82 2.59
3977 -6.42 31.13
3978 -11.71 4.67
3979 -8.56 31.1
3980 -16.05 19.33
3981 -20.9 28.42
3982 -17.92 29.69
3983 -6.07 16.56
3984 -2.66 16.41
3985 -9.86 18.4
3986 -29.16 13.63
3987 -26.2 5.81
3988 -30.28 19.89
3989 -15.62 29.2
3990 -15.57 4.27
3991 -6.86 23.26
3992 -0.91 22.39
3993 -6.59 25.81
3994 -3.43 25.15
3995 -11.48 15.15
3996 -23.09 19.48
3997 -16.17 11.9
3998 -28.46 8.02
3999 -24.43 1.77
4000 -32.69 10.64
4001 -24.27 1.3
4002 -19.63 28.85
4003 -15.74 17.47
4004 -13.67 29.43
4005 -13.22 10.89
4006 -1.15 8.77
4007 -31.16 20.09
4008 -25.42 2.06
4009 -6.73 17.27
4010 -11.95 28.85
4011 -27.85 18.21
4012 -30.11 2.04
4013 -10.06 23.54
4014 -25.31 5.09
4015 -15.73 14.02
4016 -27.84 4.52
4017 -12.9 7
4018 -4 26.99
4019 -23.42 8.16
4020 -19.05 30.19
4021 -5.96 16.16
4022 -15.77 32.72
4023 -14.31 16.65
4024 -0.92 8.19
4025 -16.56 21.04
4026 -6.26 25.39
4027 -27.44 11.41
4028 -14.48 15.89
4029 -0.51 17.02
4030 -31.04 19.31
4031 -23.84 16.24
4032 -2.77 25.88
4033 -32.39 3.74
4034 -24.42 6.77
4035 -3.96 2.33
4036 -18.5 10.48
4037 -22.72 22.45
4038 -6.1 1.27
4039 -9.47 4.03
4040 -4.6 19.54
4041 -11.94 5.55
4042 -29.49 23.38
4043 -18.79 6.38
4044 -23.4 10.97
4045 -30.28 19.3
4046 -15.07 0.97
4047 -6.37 0.64
4048 -16.9 17.84
4049 -4.13 5.77
4050 -8.1 8.33
4051 -18.81 20.61
4052 -10.06 26.6
4053 -27.88 21.05
4054 -25.09 16.16
4055 -15.23 16.87
4056 -1.94 9.21
4057 -32.59 27.17
4058 -13.07 31.43
4059 -21.92 18.38
4060 -4.69 15.99
4061 -16.96 31.73
4062 -32.37 32.28
4063 -29.64 2.86
4064 -8.63 16.28
4065 -4.13 0.77
4066 -0.9 29.25
4067 -2.38 2.46
4068 -23.51 10.97
4069 -6.65 30.26
4070 -26.65 28.12
4071 -4.33 21.88
4072 -16.05 28.59
4073 -6.55 3.92
4074 -1.83 8.64
4075 -24.64 28.47
4076 -6.72 19.04
4077 -18.32 8.6
4078 -11.46 6.1
4079 -1.9 14.96
4080 -28.25 32.61
4081 -8.39 6.03
4082 -8.49 29.15
4083 -7.12 10.77
4084 -20.55 32
4085 -6.65 26.3
4086 -15.18 14.2
4087 -22.31 10.98
4088 -27.43 10.76
4089 -31.92 8.38
4090 -16.38 8.78
4091 -27.82 23.56
4092 -32.17 23.1
4093 -29.2 13.14
4094 -7.62 23.15
4095 -2.29 10.62
4096 -16.65 2.87
4097 -11.54 10.68
4098 -21.45 4.66
4099 -16.19 31.19
4100 -24.49 21.52
4101 -15.24 22.84
4102 -13.34 19.19
4103 -9.47 4.55
4104 -25.46 7.77
4105 -16.55 8.4
4106 -31.96 8.84
4107 -31.94 23.89
4108 -16.55 10.65
4109 -13.33 7.67
4110 -30.81 24.17
4111 -6.56 28.14
4112 -5.82 26.99
4113 -31.65 18.11
4114 -28.82 6.79
4115 -28.31 27.36
4116 -29.72 20.31
4117 -19.02 23.07
4118 -27.62 10.07
4119 -30.36 28.5
4120 -3.9 32.6
4121 -8.44 26.44
4122 -29.85 15.38
4123 -5.56 19.91
4124 -7.1 13.41
4125 -17.1 18.89
4126 -14.03 4.91
4127 -31.9 3.19
4128 -0.82 32.37
4129 -18.68 10.08
4130 -16.96 29.64
4131 -29.47 26.51
4132 -16.58 13.69
4133 -3.28 15.49
4134 -10.99 23.72
4135 -23.33 13.16
4136 -19.12 27.41
4137 -22.32 11.29
4138 -10.72 15.98
4139 -8.91 27.88
4140 -26.29 17.82
4141 -2.26 26.01
4142 -8.72 7.32
4143 -19.21 13.68
4144 -3.28 9.54
4145 -6.18 4.89
4146 -31.4 20.25
4147 -13.46 2.65
4148 -18.15 14.98
4149 -5.7 29.26
4150 -21.94 8.66
4151 -15.6 8.55
4152 -19.85 8.07
4153 -3.57 4.92
4154 -32.8 30.57
4155 -27.92 25
4156 -30.53 26.09
4157 -12.93 30.18
4158 -10.86 6.26
4159 -15.8 32.14
4160 -4.03 14.15
4161 -13.92 1.51
4162 -16.68 14.95
4163 -29.93 27.38
4164 -3.16 14.35
4165 -23.02 15.15
4166 -23.71 25.1
4167 -12.69 18.14
4168 -23.06 10.56
4169 -20.65 28.78
4170 -20.78 2.38
4171 -7.99 15.57
4172 -25.27 18.32
4173 -24.58 20.92
4174 -32.58 3.14
4175 -29.81 19.9
4176 -21.41 16.13
4177 -31.08 23.25
4178 -30.15 17.62
4179 -31.97 7.53
4180 -22.68 0.31
4181 -4.93 1.51
4182 -19.65 25.91
4183 -15.99 17.63
4184 -25.93 22.23
4185 -24.61 3.65
4186 -31.74 13.72
4187 -32.04 32.6
4188 -0.04 24.02
4189 -27.16 3.14
4190 -2.56 32.62
4191 -15.75 3.49
4192 -26.74 23.98
4193 -21.12 26.35
4194 -0.88 23.89
4195 -3.72 20.09
4196 -1.13 23.57
4197 -29 8.65
4198 -5.8 0.3
4199 -22.54 12
4200 -15.65 31.74
4201 -24.98 26.67
4202 -5.8 26.91
4203 -17.93 24.02
4204 -6.68 5.84
4205 -5.47 24.61
4206 -28.1 9.24
4207 -12.74 0.74
4208 -27.1 1.36
4209 -4.77 0.86
4210 -0.48 7.5
4211 -31.07 21.01
4212 -9.19 14.13
4213 -14.43 6.6
4214 -18.6 14.99
4215 -26.25 16.49
4216 -10.17 13.77
4217 -7.68 18.23
4218 -21.77 15.97
4219 -21.81 25.62
4220 -29.75 28.45
4221 -17.22 6.8
4222 -20.07 24.86
4223 -5.74 9.48
4224 -10.35 26.69
4225 -1.19 23.04
4226 -11.05 23.35
4227 -17 11.79
4228 -18.39 20.24
4229 -14.76 31.43
4230 -27.45 3.99
4231 -30.28 8.01
4232 -26.25 4.62
4233 -0.11 17.48
4234 -22.62 27.54
4235 -2.52 1.44
4236 -20.77 19.38
4237 -11.24 19.74
4238 -29.22 7.84
4239 -14.05 29.5
4240 -19.54 19.09
4241 -21.96 15.24
4242 -27.03 10.12
4243 -30.36 5.96
4244 -16.92 24.94
4245 -8.45 12.12
4246 -20.14 11.37
4247 -28.51 5.73
4248 -23.22 25.91
4249 -20.45 28.62
4250 -9.58 12.84
4251 -32.22 2.49
4252 -22.23 30.35
4253 -17.71 22.98
4254 -32.01 30.98
4255 -17.07 31.76
4256 -14.01 18.55
4257 -28.67 18.56
4258 -24.52 20.56
4259 -12.51 5.56
4260 -17.68 20.96
4261 -32.33 20.96
4262 -26.7 17.34
4263 -22.77 7.36
4264 -2.98 29.44
4265 -21.8 22.75
4266 -25.24 25.09
4267 -22.44 0.55
4268 -23.53 27
4269 -24.98 7.16
4270 -5.92 2.06
4271 -20.62 21.57
4272 -7.13 19.93
4273 -20.02 28.81
4274 -13.89 11.18
4275 -32.14 32.53
4276 -20.49 11.1
4277 -7.96 11
4278 -18.36 26.71
4279 -2.67 30.74
4280 -0.01 0.87
4281 -25.96 24.48
4282 -25.03 25.25
4283 -19.25 27.92
4284 -2.08 28.08
4285 -30.15 23.75
4286 -12.33 8.01
4287 -7.46 30.29
4288 -5.62 31.98
4289 -10.16 27.48
4290 -6.53 32.04
4291 -10.14 21.83
4292 -12.35 6.55
4293 -12.78 18.1
4294 -28.36 30.71
4295 -11.1 15.46
4296 -19.46 28.37
4297 -0.15 16.58
4298 -11.51 24.01
4299 -31.61 31.92
4300 -22.68 26.11
4301 -1.12 8.28
4302 -5.57 2.01
4303 -13.51 21.11
4304 -28.11 23.72
4305 -22.76 23.68
4306 -25.03 1.65
4307 -20.72 12.42
4308 -30.52 4.38
4309 -14.61 0.5
4310 -28.48 5.41
4311 -13.3 5.24
4312 -21.82 27.46
4313 -30.99 13.45
4314 -12.38 12.85
4315 -5.97 29.61
4316 -4.89 14.58
4317 -16.59 19.61
4318 -7.72 22.99
4319 -13.71 9.62
4320 -0.3 15.36
4321 -29.53 15.99
4322 -28.41 4.85
4323 -9.23 17.25
4324 -30.27 5.45
4325 -10.86 3.37
4326 -8.61 5.28
4327 -32.74 24.17
4328 -17.14 9.95
4329 -2.33 30.74
4330 -6.87 9.04
4331 -23.62 20.82
4332 -7.43 11.76
4333 -14.27 19.73
4334 -29.36 27.68
4335 -10.04 7.5
4336 -23.49 9.18
4337 -14.04 6.57
4338 -3.34 18.9
4339 -3.88 2.79
4340 -18.68 0.61
4341 -5.89 14.74
4342 -18.43 27.29
4343 -16.77 18.16
4344 -28.42 2.58
4345 -11.62 19.1
4346 -6.92 2.29
4347 -26.57 2.25
4348 -1.5 26.87
4349 -21.55 20.37
4350 -27.87 30.86
4351 -7.05 11.11
4352 -30.2 18.37
4353 -16.79 0.61
4354 -3.4 0.54
4355 -13.68 20.67
4356 -14.94 22.09
4357 -28.9 32.09
4358 -29.77 0.37
4359 -15.47 25.19
4360 -11.29 25.19
4361 -7 6.62
4362 -21.39 30.73
4363 -4.13 13.1
4364 -0.47 22.89
4365 -20.76 5.2
4366 -16.32 28.34
4367 -26.23 7.33
4368 -7.94 13.52
4369 -26.59 22.55
4370 -10.22 23.86
4371 -12.95 19.79
4372 -31.4 4.68
4373 -17.58 21.38
4374 -13.57 28.18
4375 -32.89 12.57
4376 -19.19 4.39
4377 -14.64 6.9
4378 -32.52 7.58
4379 -10 18.77
4380 -23.98 32.99
4381 -7.85 10.28
4382 -30.13 19.82
4383 -12.86 1.09
4384 -23.64 5.07
4385 -8.45 6.45
4386 -5.76 13.38
4387 -30.59 21.41
4388 -22.31 4.17
4389 -11.87 15.17
4390 -27.74 2.88
4391 -19.79 11.76
4392 -31.18 26.46
4393 -13.56 1.44
4394 -32.73 10.22
4395 -10.21 23.56
4396 -13.36 23.71
4397 -10.53 18.07
4398 -31.68 10.49
4399 -15.56 23.4
4400 -9.37 1.84
4401 -15.22 24.02
4402 -24.95 27.66
4403 -31.83 12.81
4404 -7.5 26.78
4405 -9.18 23.22
4406 -14.5 2.25
4407 -28.71 28.98
4408 -9.94 25.21
4409 -2.43 9.27
4410 -12.36 9.67
4411 -0.39 12.65
4412 -10.24 25.72
4413 -3.22 23.44
4414 -26.36 21.44
4415 -23.28 31.3
4416 -1.84 2.74
4417 -30.4 5.5
4418 -30.84 6.31
4419 -0.09 8.75
4420 -11.49 17.86
4421 -20.11 9.28
4422 -5.26 25.99
4423 -18.2 28.34
4424 -17.14 15.2
4425 -24.87 0.16
4426 -12.81 9.02
4427 -1.74 4.78
4428 -7.75 2.57
4429 -24.01 17.48
4430 -15.79 1.11
4431 -3.85 26.81
4432 -11.83 30.15
4433 -3.47 13.77
4434 -2.04 9.67
4435 -27.54 3.56
4436 -12.84 13.53
4437 -19.05 27.17
4438 -2.04 30.62
4439 -25.34 4.25
4440 -4.41 31.7
4441 -7.72 29.74
4442 -14.04 29.74
4443 -11.83 21.98
4444 -6.47 21.79
4445 -22.91 15.36
4446 -9.17 1.78
4447 -31.93 6.28
4448 -32.58 21.01
4449 -10.2 2.4
4450 -5.97 1.62
4451 -27.68 17.26
4452 -11.44 31.33
4453 -8.48 13.73
4454 -30.5 26
4455 -24.7 13.34
4456 -22.6 14.44
4457 -23.7 11.94
4458 -0.92 3.65
4459 -4.96 2.54
4460 -17.9 7.39
4461 -9.17 27.87
4462 -13.68 6.6
4463 -27.61 20.63
4464 -23.03 25.78
4465 -27.4 17.33
4466 -1.6 8.52
4467 -19.38 1.6
4468 -27.85 25.56
4469 -18.56 27.86
4470 -20.72 25.36
4471 -19.32 22.78
4472 -1.72 10.33
4473 -13.98 10.02
4474 -12.56 2.64
4475 -22.56 18.94
