%%index real_part   imaginary_part
4202 4202 4202
1 105.72 80.1
2 136.4 251.07
3 189.5 270.92
4 266.11 91.39
5 124.9 14.8
6 49.14 134.27
7 4.31 74.18
8 284.41 152.68
9 281.62 133.05
10 128.66 294.64
11 250.54 269.97
12 137.01 133.93
13 101.82 167.66
14 50.84 56.35
15 46.29 127.81
16 207.91 126.26
17 53.33 35.53
18 189.97 20.32
19 111.71 242.83
20 141.15 132.08
21 266.35 236.61
22 194.32 190.29
23 18.97 154.18
24 287.24 38.25
25 216.41 184.12
26 13.61 299.42
27 109.35 26.47
28 194.14 150.63
29 206.98 94.7
30 222.51 244.98
31 47.24 136.79
32 172.33 313.95
33 10.27 308.09
34 110.44 38.3
35 53.91 5.5
36 125.64 251.6
37 117.89 203.78
38 33.97 203.48
39 241.73 20.39
40 204.51 321.21
41 180.15 134.15
42 44.14 101.64
43 252.27 289.5
44 267.72 238.28
45 159.27 18.77
46 155.57 49.76
47 39.71 90.03
48 281.65 211.42
49 249.72 257.5
50 146.52 68.09
51 203.21 187.15
52 66.94 272.16
53 35.16 204.63
54 225.02 100.91
55 305.64 160.42
56 294.57 313.05
57 90.69 161.79
58 10.81 14.71
59 136.52 226.49
60 245.26 162.06
61 211.82 295.79
62 269.34 76.83
63 288.25 135.05
64 68.55 226.99
65 178.61 97.5
66 284.65 215.07
67 46.76 57.82
68 262.45 235.11
69 12.02 81.92
70 242.34 163.47
71 36.04 201.18
72 38.97 96.43
73 318.67 126.74
74 29.23 257.31
75 95.37 131.19
76 310.5 158.01
77 234.85 190.71
78 1.76 139.36
79 42.36 82.62
80 63.64 70.31
81 168.9 220.97
82 278.79 24.3
83 259.41 99.18
84 181.11 217.25
85 264.24 154.96
86 32.14 306.97
87 286.93 300.29
88 310.55 278.64
89 211.95 281.6
90 296.31 223.3
91 57.31 307.32
92 174.03 166.33
93 305.69 175.68
94 258.31 59.31
95 13.14 231.57
96 128.54 205.47
97 229.77 182.04
98 281.23 290.86
99 67.63 48.71
100 87.19 21.86
101 212.35 215.39
102 191.68 119.33
103 281.49 175.28
104 16.4 61.75
105 285.05 169.44
106 36.28 196.23
107 246.08 225.89
108 77.57 93.83
109 153.14 111.3
110 18.87 219.4
111 100.88 166.28
112 231.85 30.94
113 205.32 214.17
114 146.4 72.6
115 301.98 272.95
116 164.34 233.59
117 236.45 190.33
118 249.14 239.55
119 301.3 193.94
120 246.91 265.54
121 21.3 145.88
122 47.77 166.71
123 260.55 267.38
124 54.68 125.34
125 228.27 297.21
126 139.5 73.56
127 312.02 5.15
128 102.84 254.87
129 3.47 193.34
130 25.81 249.25
131 42.36 305.45
132 171.78 190.15
133 313.22 278.81
134 32.28 304.44
135 245.99 174.05
136 203.45 162.71
137 5.42 150.81
138 94.19 251.22
139 260.08 265.97
140 122.71 32.4
141 105.96 164.35
142 53.02 145.73
143 76.6 301.5
144 170.84 155.87
145 288.64 80.07
146 269.04 196.65
147 270.32 7
148 285.82 0.34
149 304.79 259.55
150 317.12 201.62
151 40.33 110.3
152 261.11 196.57
153 7.31 45.75
154 195.25 31.3
155 63.7 267.39
156 315.27 317.96
157 139.69 53.18
158 238.2 44.29
159 83.68 216.29
160 179.88 85.04
161 165.21 48.32
162 55.33 8.44
163 8.78 111.54
164 254.61 224.67
165 309.81 197.09
166 307.39 131.25
167 3.82 26.14
168 279.41 244.5
169 159.33 11.13
170 162.04 150.66
171 28.14 106.55
172 43.26 153.31
173 81.13 51.35
174 151.16 281.46
175 250.03 164.81
176 96.66 7.04
177 223 91.24
178 86.3 151.99
179 260.18 231.79
180 312.4 16.91
181 148.16 245.99
182 155.65 295.8
183 99.82 35.5
184 254.15 318.58
185 28.77 259.15
186 249.23 92.2
187 245.51 56.91
188 108.27 292.49
189 133.47 2.64
190 50.98 259.43
191 150 59.5
192 150.75 147.64
193 183.15 49
194 164.31 237.05
195 137.49 119.33
196 248.84 152.72
197 8.04 169.17
198 88.2 288.01
199 282.59 107.86
200 250.54 18.35
201 110.55 311.36
202 251.8 59.29
203 27.78 239.59
204 125.75 36.07
205 179.02 44.77
206 104.28 176.73
207 207.89 5.02
208 261.55 138.55
209 259.12 67.04
210 69.89 309.38
211 138.1 280.13
212 125.31 202.25
213 166.26 29.66
214 137.53 97.03
215 115.38 8.38
216 319.74 271.59
217 6.88 109.46
218 232.57 247.54
219 167.13 242.18
220 286.95 34.32
221 94.58 22.16
222 234.7 274.75
223 296.82 302.47
224 253.04 172.25
225 157.64 231.95
226 71.6 322.93
227 201.19 179.26
228 208.93 80.43
229 177.46 43.45
230 259.35 229.98
231 61.09 292.85
232 285.83 255.1
233 62.16 67.97
234 193.67 194.4
235 112.24 229.3
236 134.98 156.62
237 314.9 206.82
238 68.82 45.68
239 101.46 287.72
240 79.19 321.86
241 320.79 142.62
242 205.4 150.8
243 231.23 81.5
244 8.48 90.33
245 203.83 84.7
246 261.07 267.83
247 198.93 264.92
248 216.41 106.42
249 300.82 144.62
250 257.44 86.08
251 242.71 296.58
252 62.93 68.42
253 321.62 117.13
254 80.85 131.75
255 13.13 99.08
256 125.22 160.05
257 194.37 217.44
258 298.95 6.63
259 96.96 309.12
260 69.82 307.43
261 251.26 184.32
262 125.24 214.41
263 204.35 9.72
264 37.86 17.66
265 311.26 64.69
266 37.28 295.3
267 39.72 113.49
268 230.62 100.21
269 115.48 37.34
270 19.95 311.48
271 31.05 12.13
272 229.57 145.17
273 151.8 108.94
274 94.06 204.52
275 71.47 132.29
276 200.13 47.41
277 145.34 206.26
278 215.98 1.37
279 226.55 25.7
280 90.39 253.84
281 108.66 97.34
282 210.83 11.19
283 111.4 148.38
284 69.24 117.46
285 312.46 110.4
286 122.53 89.19
287 117.89 227.03
288 11.97 28.11
289 116.15 153.21
290 285.5 106.03
291 153.44 187.63
292 69.89 45.15
293 254.05 298.79
294 0.49 169.39
295 306.75 40.12
296 137.46 298.4
297 309.6 91.41
298 123.31 24.3
299 141.76 304.52
300 90.93 192.55
301 165.27 130.22
302 240.77 96.98
303 125.09 166.68
304 319.89 252.74
305 34.77 124.77
306 312.4 164.92
307 210.07 71.74
308 254.05 265.81
309 318.72 140.12
310 180.25 138.06
311 112.46 184.99
312 159.92 317.71
313 225.53 305.58
314 286.11 283.23
315 35.3 43.29
316 57.03 260.56
317 33.54 84.09
318 250.77 297.8
319 110.06 42.16
320 166.93 130.19
321 178.63 28.36
322 100.1 38.85
323 188.18 64.7
324 88.35 237.67
325 51.73 182.9
326 43.89 152.12
327 29.35 47.71
328 29.3 87.33
329 46.56 254.89
330 298.18 315.41
331 251.97 289.38
332 257 238.74
333 96.06 285.51
334 211.19 183.77
335 197.48 206.13
336 234.49 54.12
337 92.97 52.11
338 0.34 10.59
339 131.78 281.15
340 23.57 88.69
341 124.33 183.51
342 231.22 274.98
343 38.31 153.68
344 84.57 260.52
345 135.45 292.39
346 141.3 266.28
347 64.54 270.94
348 115.98 74.3
349 258.07 160.6
350 42.73 3.17
351 57.3 15.08
352 67.19 277.22
353 171.33 33.79
354 198.47 275.05
355 247.26 303.11
356 46.14 105.56
357 56.55 47.59
358 84.8 277.37
359 97.41 302.38
360 154.3 169.37
361 319.17 116.39
362 63.33 295.6
363 45.9 59.71
364 220.32 179.31
365 182.49 303.97
366 202.57 146.57
367 307.32 123.31
368 40.62 153.29
369 104.34 38.17
370 17.29 239.09
371 20.66 235.13
372 282.72 270.95
373 107.84 284.73
374 146.63 251.04
375 96.42 205.26
376 205.17 300.93
377 272.53 299.11
378 34.83 268.5
379 123.82 318.43
380 181.93 138.67
381 285.24 189.83
382 313.14 60.5
383 97.31 268.56
384 306.74 29.76
385 152.38 201.66
386 320.31 207.55
387 38.02 56.56
388 224.81 279.03
389 206.08 145.87
390 234.65 47.44
391 24.38 186.02
392 44.65 115.82
393 60.32 180.43
394 174.87 79.48
395 101.67 67.66
396 141.01 32.8
397 300.82 270.44
398 98.52 13.67
399 43.44 74.14
400 159.32 288.78
401 172.33 79.34
402 19.42 155.63
403 318.18 93.88
404 239.75 244.23
405 175.19 83.78
406 153.32 150.4
407 266.22 199.57
408 263.53 197.98
409 277.46 210.06
410 161.25 114.4
411 30.72 262.66
412 209.1 302.26
413 315.94 215.06
414 172.72 307.62
415 272.41 242.9
416 322.24 8.04
417 47.19 4.26
418 98.14 17.66
419 145.41 248.9
420 8.68 13.89
421 47.81 320.6
422 79.7 162.01
423 243.51 314.03
424 83.62 19.23
425 133.63 80.49
426 19.15 244.87
427 223.13 47.87
428 262.93 228.25
429 211.88 215.07
430 133.97 111.66
431 3.22 43.81
432 48.07 15.73
433 240.91 257.94
434 182.84 146.22
435 43.63 62.32
436 266.45 75.04
437 120.57 91.45
438 289 22.15
439 41.38 40.08
440 120.58 256.14
441 177.01 58.53
442 313.92 139.73
443 251.51 283.67
444 58.26 252.85
445 248.03 22.91
446 66.72 75.76
447 91.49 134.78
448 276.24 322.31
449 28.05 215.93
450 161.77 18.6
451 93.64 71.69
452 46.66 104.22
453 126.37 214.22
454 137.82 219.18
455 151.33 51.27
456 317.32 258.4
457 281.66 4.34
458 171.53 307.24
459 236.1 209.17
460 115.6 229.8
461 305.56 43.65
462 61.95 182.32
463 180.63 73.05
464 172.5 14.19
465 32.79 208.69
466 163.9 10.28
467 114.5 9.96
468 107.7 210.56
469 105.74 124.4
470 175.67 245.52
471 63.45 257.07
472 144.94 169
473 152.24 228.63
474 113.8 316.47
475 105.79 271.86
476 199.04 112.92
477 295.24 87.35
478 43.93 144.51
479 42.23 35.39
480 127.6 216.43
481 226.71 282.54
482 292.5 291.5
483 61.58 17.22
484 141.62 76.2
485 205.25 167.33
486 307.92 200.81
487 253.33 152.22
488 56.85 12.38
489 212.38 81.58
490 236.96 54.17
491 167.09 318.17
492 81.53 319.52
493 140.04 138.33
494 57.24 8.98
495 225.41 182.27
496 140.81 184.85
497 35.87 11.65
498 28.87 316.84
499 276.56 97.46
500 148.31 54.01
501 138.34 157.81
502 193.55 132.23
503 28.14 67.68
504 32.78 250.4
505 304.57 240.52
506 118.21 153.26
507 148.79 147.66
508 169.51 83.26
509 92.24 288.83
510 30.62 226.76
511 295.13 201.18
512 212.83 54.95
513 47.79 7
514 104.46 125.22
515 62.75 0.36
516 41.69 252.77
517 268.53 201.09
518 268.77 235.25
519 45.17 180.19
520 304.23 185.07
521 14.34 25.75
522 56.93 98.44
523 181.71 163.13
524 11.48 109.97
525 12.73 157.47
526 34.65 249.62
527 304.57 191.38
528 198.38 131
529 256.22 235.89
530 236.25 302.85
531 115.14 202.49
532 79.59 161.46
533 280.23 267.19
534 123.38 231.88
535 92.96 1.41
536 234.68 103.61
537 202.06 314.82
538 37.47 291.61
539 77.58 267.29
540 308.28 256.47
541 182.09 297.83
542 165.21 226.46
543 33.46 46.18
544 282.07 247.12
545 109.49 173.21
546 51.7 194.32
547 239.31 224.63
548 167.83 14.81
549 246.7 195.54
550 80.47 174.73
551 278.35 223.18
552 97.52 315.15
553 166.29 39.93
554 307.22 134.99
555 67.46 127.39
556 101.23 291.5
557 193.96 133.07
558 179.25 149.96
559 280.6 110.95
560 284.16 137.33
561 215.17 66.09
562 174.25 219.38
563 234.2 130.48
564 209.55 225.6
565 76.33 40.42
566 147.12 290.02
567 281.18 30.68
568 70.61 128.16
569 263.15 123.47
570 250.86 261.35
571 112.38 214.13
572 23.2 235.61
573 269.1 189.86
574 300.81 85.97
575 223.3 225.7
576 175.32 144.49
577 39.88 322
578 12 25.57
579 251.17 157.6
580 81.54 221.55
581 71.1 211.02
582 241.71 228.66
583 240.34 235.8
584 242.79 195.84
585 16.72 179.49
586 277.14 53.17
587 288.79 129.1
588 318.96 300.34
589 62.31 117.41
590 226.63 295.78
591 116.27 169.14
592 167.14 77.95
593 311.04 39.67
594 80.79 62.66
595 284.22 238.21
596 125.24 162.33
597 274.51 238.84
598 150.64 250.47
599 5.83 190.85
600 253.86 69.43
601 122.6 22.55
602 151.65 207
603 66.86 294.91
604 295.84 146.62
605 1.92 12.7
606 181.84 198.48
607 276.43 1.71
608 41.39 232.5
609 295.16 147
610 61.21 5.7
611 168.04 138.9
612 53.74 69.97
613 203.96 2.07
614 76.45 87.9
615 40.85 209.8
616 232.35 6.31
617 213.32 163.46
618 17.89 60.01
619 206.63 163.7
620 176.4 313.74
621 71.74 92.07
622 93.78 34.24
623 150.26 231.69
624 54.69 18.69
625 24.4 4.95
626 143.85 115.91
627 69.4 75.96
628 78.03 81.12
629 52.54 273.37
630 159.17 154.48
631 44.32 93.4
632 256.86 67.52
633 127.53 141.16
634 304.86 158.27
635 31.53 217.68
636 309.75 157.27
637 75.03 103.27
638 10.97 287.06
639 305.75 225.3
640 113.77 65.66
641 65.09 213.67
642 289.63 257.62
643 222.26 18.02
644 291.39 251.19
645 289.19 274.81
646 44.21 10.08
647 77.6 9.51
648 150.67 184.59
649 226.38 88.66
650 189.86 131.54
651 288.81 257.92
652 37.19 59.14
653 22.2 247.36
654 32.18 255.68
655 204.87 3.95
656 217.63 145.95
657 287.1 269.96
658 171.5 66.78
659 317.97 185.36
660 19.69 138.89
661 32.49 166.69
662 176.2 271.42
663 15.53 110.1
664 82.28 210.4
665 17.94 241.92
666 59.36 155.66
667 214.8 190.27
668 113.63 304.07
669 235.76 120.52
670 8 145.82
671 175.29 116.63
672 270.11 109.15
673 175.93 138.39
674 323.76 117.62
675 140.03 53.43
676 220.12 226.97
677 174.4 172.53
678 166.15 72.32
679 166.24 189.93
680 315.37 131.95
681 287.61 184.18
682 257.97 50.73
683 30.81 178.42
684 298.94 255.13
685 284.47 266.57
686 266.72 306.94
687 92.09 135.76
688 274.16 96.35
689 97.49 151.55
690 204.98 157.44
691 60.41 237.53
692 293.58 101.1
693 56.94 118.33
694 191.79 135.73
695 267.68 223.19
696 290.89 183.16
697 233.9 231.29
698 293.23 224.87
699 39.52 264.71
700 90.8 151.7
701 18.16 323.99
702 135.75 241.04
703 13.39 110.26
704 145.33 293.43
705 126.87 110.89
706 231.94 26.31
707 10.93 70.81
708 189.14 201.52
709 13.25 275.39
710 174.58 264.45
711 123.62 164.45
712 279.26 25
713 133.39 241.04
714 181.75 132.02
715 283.72 172.91
716 56.42 156.07
717 73.11 301.88
718 295.66 75.69
719 45.13 294.02
720 80.91 116.99
721 26.82 172
722 126.33 312.85
723 73.89 37.75
724 313.15 199
725 139.45 294.66
726 135.11 47.25
727 279.77 263.07
728 180.11 297.9
729 105.92 89.16
730 145.59 245.38
731 284.97 65.64
732 251.04 202.01
733 277.71 34.08
734 4.11 222.71
735 223.22 206.36
736 261.88 292.54
737 164.92 250.05
738 171.32 64.22
739 263.22 238.81
740 209.48 43.99
741 298.77 286.19
742 225.27 228.11
743 85.53 254.54
744 227.23 288.9
745 93.81 191.45
746 140.61 256.34
747 17.88 54.78
748 88.87 67.66
749 173.89 179.11
750 61.47 300.5
751 152.56 280.63
752 206.68 323.35
753 271.09 317.48
754 115.82 261.53
755 305.52 93.83
756 56.03 208.82
757 112.93 163.81
758 301.88 164.82
759 129.72 198.47
760 273.44 88.63
761 20.97 223.53
762 278.32 90.06
763 41.24 246.37
764 101.48 250.71
765 110.73 215.13
766 171.76 46.47
767 253.35 263.29
768 140.3 261.97
769 83.02 200.44
770 177.8 256.12
771 140.94 64.54
772 111.88 233.83
773 74.65 137.39
774 219.38 89.76
775 178.39 87.89
776 194.95 168.83
777 142.41 82.88
778 5.26 32.79
779 167.02 183.65
780 282.3 314.26
781 36.74 277.75
782 100.56 13.58
783 159.07 290.09
784 50.05 240.86
785 56.5 242.09
786 190.16 227.85
787 21.2 80.96
788 101.88 302.04
789 275.32 303.37
790 274.79 321.26
791 49.61 13.23
792 96.11 145.74
793 62.05 75.54
794 259.19 308.89
795 299.16 229.07
796 182.82 101.01
797 322.12 11.9
798 185.51 283.38
799 83.77 157.19
800 282.81 235.56
801 22.94 140.27
802 221.24 148.97
803 10.53 251.66
804 231.04 206.64
805 203.9 285.85
806 299.08 181.83
807 211.09 137.04
808 212.58 278.71
809 263.61 273.14
810 178.21 31.3
811 15.83 238.77
812 134.19 244.55
813 203.93 13.95
814 54.67 203.22
815 322.3 287.7
816 311.5 13.48
817 45.97 21.24
818 272.91 92.26
819 298.9 264.02
820 109.39 63.47
821 245.3 62.32
822 199.36 84.47
823 246.7 15.91
824 289.05 295.47
825 2.77 186.31
826 308.6 26.78
827 271.33 18.6
828 240.08 2.31
829 205.53 151.26
830 322.49 294.75
831 191.75 203.84
832 225.08 193.51
833 169.29 121.24
834 61.26 57.51
835 120.98 144.19
836 90.03 170.65
837 138.64 249.8
838 149.23 172.92
839 144.39 61.34
840 131.18 114.28
841 141.06 30.68
842 256.8 323.3
843 1.62 88.39
844 123.18 172.88
845 27.15 207.15
846 86.99 5.19
847 198.7 102.42
848 107.18 195.6
849 136.63 43.99
850 71.7 168.44
851 222.61 141.14
852 274.46 161.73
853 10.65 37.25
854 306.12 99.7
855 213.98 38.56
856 69.24 320.82
857 320.12 238.57
858 210.48 209.57
859 265.97 321.74
860 88.42 9.66
861 14.85 176.65
862 279.07 58.93
863 138.05 97.07
864 141.06 62.26
865 114.22 274.69
866 299.35 212.76
867 258.02 12.84
868 257.61 249.81
869 25.51 152.19
870 190.76 239.73
871 120.07 123.02
872 245.11 143.52
873 29.09 116.2
874 321.46 131.59
875 141.26 295.07
876 31.24 85.88
877 28.34 39.63
878 136.71 310.31
879 256.09 166.39
880 117.08 277.77
881 50.06 253.84
882 150.2 92.43
883 225.77 191.6
884 19.79 83.81
885 207.07 251.28
886 257.82 210.55
887 30.08 3.14
888 2.86 178.93
889 194.05 266.69
890 121.28 0.33
891 293.73 11.31
892 258.46 152.52
893 22.36 322.07
894 164.47 71.17
895 232.47 161.97
896 91.81 165.07
897 141.03 282.53
898 33.65 125.53
899 92.87 42.8
900 177.6 53.44
901 264 299.94
902 186.6 111.43
903 173.88 177.6
904 3.81 189.47
905 73.32 43.93
906 262.76 125.1
907 161.14 43.05
908 41.13 197.23
909 268.4 183.5
910 229 89.12
911 254.19 176.87
912 18.92 204.33
913 5.87 71.22
914 114.02 52.57
915 313.54 98.74
916 282.2 291.63
917 286.58 253.54
918 314.66 28.32
919 101.31 19.98
920 63.92 201.99
921 210.61 174.63
922 101.21 2.68
923 83.43 47.76
924 114.78 25.86
925 114.98 27.84
926 88.23 19.78
927 107.64 252.69
928 207.44 314.68
929 250.77 113.51
930 95.77 204.98
931 56.13 240.31
932 53.37 261.49
933 173.33 18.71
934 38.7 251.55
935 129.55 274.65
936 8.8 310.14
937 196.34 16.16
938 271.44 317.53
939 19.39 279.78
940 191.14 269.75
941 289.53 17.89
942 154.11 162.89
943 37.09 280.69
944 277.72 37.55
945 242.53 287.87
946 87.7 49.49
947 194.5 298.67
948 200.9 24.6
949 276.15 251.36
950 202.01 123.12
951 109.26 289.22
952 188.91 94.33
953 87.87 189.13
954 144.91 136.35
955 82.1 314.78
956 216.2 219.57
957 58.46 255.16
958 211.85 46.31
959 83.86 95.56
960 266.95 49.1
961 306.11 2.39
962 184.58 30.65
963 55.25 176.62
964 103.98 61.49
965 184.61 214.93
966 63.67 189.51
967 167.36 177.4
968 42.53 252.58
969 272.46 255.23
970 129.54 70.96
971 290.53 238.08
972 52.76 21.74
973 68.05 232.51
974 211.59 148.14
975 197.24 151.91
976 37.82 38.06
977 276.24 179.35
978 31.97 222.41
979 283.9 7.49
980 105.94 19.47
981 92.5 28.03
982 205.43 169.62
983 305.72 259.87
984 74.62 247.96
985 318.92 254.18
986 168.27 204.16
987 109.42 168.97
988 285.01 221.03
989 45.17 60.99
990 96.42 172.6
991 210.67 242.41
992 305.29 134.25
993 240.18 162.91
994 53.92 220.78
995 240.26 83.6
996 111.63 43.39
997 96.53 216.28
998 152.15 317.07
999 124.55 78.25
1000 8.44 226.78
1001 314.46 119.48
1002 171.97 60.23
1003 281.26 307.41
1004 44.4 132.98
1005 305.59 209.96
1006 11.89 140.83
1007 158.6 75.78
1008 122.21 317.18
1009 213.97 74.78
1010 158.38 59.65
1011 103.04 13.75
1012 230.03 153.53
1013 30.12 83.09
1014 161.35 58.19
1015 168.49 154.68
1016 274.16 169.79
1017 230.02 42.47
1018 25.88 5.65
1019 138.64 70.8
1020 280.76 277.81
1021 94.64 3.75
1022 287.05 176.18
1023 169.36 253.24
1024 211.54 85.26
1025 28.43 266.85
1026 280.6 253.44
1027 82.97 15
1028 98.09 186.64
1029 128.35 113.1
1030 151.3 259.44
1031 312.75 180.36
1032 222.83 308.98
1033 314.63 102.29
1034 173.1 132.24
1035 86.05 129.27
1036 16.54 13.38
1037 73.08 64.21
1038 317.45 303.59
1039 272.37 125.97
1040 68.82 88.51
1041 17.95 300.81
1042 315.81 25.43
1043 95.59 308.44
1044 305.06 297.42
1045 116.39 107.46
1046 287.82 132.36
1047 0.86 105.14
1048 90.96 70.17
1049 202.41 315.5
1050 4.29 264.06
1051 160.96 -171.98
1052 236.19 -20.84
1053 0.43 -234.05
1054 36.02 -229.64
1055 201.67 -272.81
1056 133.14 -312.36
1057 221.31 -103.14
1058 295.11 -8.47
1059 305.89 -200.42
1060 307.88 -276.17
1061 292.06 -98.28
1062 86.95 -155.22
1063 225.4 -292.92
1064 167.94 -177.91
1065 1.49 -103.81
1066 275.8 -172.24
1067 193.08 -45.97
1068 280.02 -187.99
1069 301.16 -193.51
1070 25.84 -199.56
1071 71.45 -62.35
1072 165.5 -158.98
1073 167.45 -292.76
1074 169.19 -136.61
1075 296.3 -149.35
1076 131.15 -36.59
1077 191.82 -147.88
1078 0.33 -218.1
1079 279.53 -93.22
1080 80.55 -168.27
1081 16.51 -281.02
1082 3 -239.87
1083 311.39 -209.59
1084 286.63 -166.54
1085 249.63 -172.07
1086 234.42 -312.47
1087 147.46 -321.08
1088 173.36 -283.44
1089 96.05 -198.43
1090 23.78 -18.55
1091 55.15 -275.88
1092 99.76 -38.46
1093 140.08 -246.97
1094 223.71 -307.61
1095 151.89 -95.62
1096 52.64 -304.26
1097 220.14 -51.92
1098 261.52 -263.16
1099 105.71 -207.53
1100 263.12 -107.67
1101 96.14 -238.86
1102 235.94 -173.54
1103 132.99 -127.12
1104 209.08 -85.3
1105 311.38 -112.56
1106 271.96 -232.86
1107 154.84 -250.05
1108 56.54 -255.25
1109 238.86 -294.93
1110 66.55 -280.25
1111 144.03 -66.75
1112 118.68 -2.71
1113 265.88 -40.17
1114 131.22 -263.72
1115 254.91 -255.11
1116 169.97 -70.34
1117 127.41 -234.57
1118 37.7 -289.43
1119 258.25 -143.92
1120 256.48 -246.78
1121 39.16 -245.63
1122 171.68 -87.97
1123 19.22 -77.53
1124 48.46 -111.74
1125 67.99 -258.08
1126 208.36 -322.53
1127 1.24 -212.03
1128 135.72 -210.56
1129 33.8 -150.64
1130 289.27 -150.47
1131 104.33 -288.71
1132 199.28 -135.24
1133 100.67 -115.26
1134 259.18 -120.5
1135 250.8 -34.93
1136 164.08 -75.19
1137 163.16 -173.49
1138 134.54 -219.29
1139 7.03 -182.38
1140 323.98 -183
1141 65.05 -282.55
1142 54.1 -91.86
1143 185.94 -273.81
1144 100.46 -73.34
1145 223.81 -103.26
1146 275.49 -273.25
1147 84.5 -211.67
1148 2.93 -34.3
1149 38.32 -68.69
1150 311.14 -262.12
1151 220.83 -172.65
1152 22.14 -151.23
1153 254.04 -59.99
1154 125.89 -156.68
1155 223.2 -144.59
1156 103.14 -9.39
1157 308.78 -288.25
1158 121.58 -157.24
1159 114.11 -54.24
1160 41.03 -105.56
1161 54.82 -221.44
1162 109.11 -316.52
1163 234.34 -22.84
1164 91.53 -319.57
1165 141.21 -272.67
1166 121.32 -286.2
1167 320.95 -38.04
1168 305.55 -26.98
1169 67.18 -250.99
1170 71.58 -107.44
1171 0.35 -173.9
1172 21.67 -58.25
1173 99.01 -309.13
1174 246.9 -143.25
1175 248.82 -213.12
1176 110.57 -287.93
1177 163.97 -303.64
1178 2.48 -219.68
1179 98.77 -74.32
1180 230.51 -301.53
1181 263.73 -239.98
1182 278.02 -235.35
1183 262.33 -260.68
1184 71.19 -259.57
1185 250.53 -213.03
1186 62.93 -26.3
1187 84.55 -250.89
1188 119.54 -292.12
1189 111.37 -183.56
1190 280.21 -249.96
1191 213.89 -243.71
1192 106.87 -66.78
1193 169.98 -53.87
1194 11.71 -316.87
1195 294.41 -268.76
1196 68.26 -242.22
1197 153.57 -117.66
1198 261.87 -229.81
1199 48.9 -299.42
1200 71.97 -9.06
1201 242.88 -299.44
1202 109.85 -134.9
1203 310.54 -3.43
1204 70.52 -112.91
1205 38.88 -97.91
1206 225.15 -26.73
1207 301.03 -136.29
1208 73.68 -8.02
1209 0.9 -147.01
1210 299.29 -85.39
1211 211.13 -178.83
1212 296.49 -43.56
1213 273.37 -40.7
1214 223.64 -234.36
1215 126.95 -322.27
1216 181.23 -295.61
1217 314.03 -45.83
1218 256.79 -174.6
1219 287.52 -300.57
1220 282.01 -210.83
1221 237.56 -209.92
1222 22.21 -183.16
1223 74.7 -98.11
1224 245.12 -95.9
1225 181.29 -75.6
1226 254.43 -103.94
1227 31.02 -68.43
1228 316.65 -226.93
1229 20.81 -187.91
1230 186.18 -99.82
1231 71.43 -31.28
1232 77.12 -250.94
1233 101.54 -268.99
1234 245.56 -217.43
1235 104.26 -272.58
1236 158.5 -87.09
1237 270.25 -225.34
1238 323.45 -180.72
1239 160.14 -228.48
1240 304.08 -244.57
1241 232.03 -224.95
1242 176.9 -118.04
1243 228.49 -263.05
1244 126.96 -169.56
1245 152.9 -249.3
1246 280.59 -196.67
1247 7.13 -224.33
1248 52.84 -241.23
1249 134.66 -108.67
1250 264.78 -298.41
1251 269.02 -122.44
1252 23.78 -99.28
1253 163.52 -98.8
1254 3.28 -23.23
1255 151.32 -323.66
1256 224.62 -307.36
1257 101.4 -59.36
1258 205.93 -77.52
1259 130.6 -5.89
1260 138.72 -8.9
1261 89.09 -283.5
1262 67.36 -302.83
1263 103.58 -96.22
1264 204.89 -3.72
1265 302.13 -121.76
1266 244.2 -145.67
1267 128.48 -130.68
1268 229.48 -267.98
1269 174.73 -175.52
1270 58.71 -232.76
1271 216.12 -2.05
1272 61.41 -283.33
1273 244.37 -201.05
1274 90.46 -267.35
1275 159.77 -258.5
1276 101.52 -112.7
1277 299.05 -248.86
1278 21.08 -52.4
1279 56.13 -78.63
1280 83.91 -109.49
1281 138.69 -241.78
1282 48.46 -4.11
1283 155.61 -150.69
1284 2.21 -277.94
1285 186.7 -6.34
1286 215.92 -60.92
1287 227.77 -286.35
1288 46.92 -160.85
1289 104.2 -148.15
1290 290.17 -137.38
1291 133.61 -147.49
1292 279.87 -67.69
1293 120.1 -108.66
1294 70.82 -300.95
1295 293.97 -176.23
1296 301.53 -154.73
1297 158.85 -108.66
1298 259.35 -26
1299 187.46 -197.98
1300 87.85 -261.56
1301 206.01 -50.17
1302 220.04 -303.77
1303 140.62 -109.78
1304 257.93 -266.96
1305 287.86 -128.35
1306 275.84 -107.62
1307 175.32 -97.47
1308 89.66 -231.72
1309 92.19 -178.94
1310 31.17 -160.48
1311 315.21 -62.16
1312 54.34 -216.22
1313 242.22 -33.58
1314 231.57 -313.69
1315 134.78 -105.69
1316 39.38 -319.42
1317 299.19 -16.79
1318 126.57 -259.42
1319 85.9 -323.33
1320 127.68 -268.03
1321 51.65 -49.76
1322 30.76 -287.05
1323 78.29 -226.97
1324 81.91 -120.42
1325 280.9 -170.48
1326 116.17 -320.6
1327 96.35 -272.11
1328 305.7 -170.51
1329 160.21 -14.57
1330 3.78 -96.79
1331 299.73 -294.99
1332 195.3 -43.16
1333 186.1 -274.92
1334 157.77 -321.87
1335 149.42 -272
1336 205.29 -285.46
1337 248.51 -201.08
1338 311.57 -236.05
1339 239.99 -2.8
1340 56.8 -277.01
1341 157.13 -196.89
1342 28.52 -172.97
1343 19.49 -253.48
1344 268.06 -217.74
1345 198.05 -63.22
1346 241.73 -155.36
1347 82.05 -173.78
1348 8.22 -113.03
1349 318.42 -151.67
1350 99.68 -166
1351 127.46 -143.85
1352 228.45 -188.49
1353 308.06 -259.49
1354 262.29 -216.02
1355 52.55 -224.05
1356 304.46 -202.61
1357 51.59 -209.69
1358 139.17 -8.98
1359 110.25 -278.6
1360 17.82 -290.75
1361 5.64 -308.3
1362 158.09 -143.07
1363 256.1 -87.69
1364 239.36 -166.31
1365 215.83 -134.04
1366 277.89 -222.56
1367 294.57 -19.29
1368 278.78 -65.86
1369 165.41 -278.63
1370 178.68 -100.59
1371 303.21 -217.96
1372 311.17 -159.14
1373 51.65 -238.32
1374 192.92 -126.35
1375 300.62 -45.42
1376 237.24 -94.26
1377 237.33 -189.78
1378 277.47 -71.33
1379 121.17 -52.95
1380 186.99 -76.36
1381 182.44 -220.52
1382 239.82 -24.41
1383 90.27 -153.02
1384 107.65 -78.12
1385 62.24 -255.68
1386 149.65 -169.86
1387 212.52 -248.97
1388 163.29 -136.82
1389 146.69 -264.17
1390 193.11 -239.73
1391 9.99 -6.84
1392 196.62 -106.36
1393 61.21 -247.32
1394 300.27 -33.62
1395 109.98 -65.9
1396 286.43 -163.26
1397 71.19 -292.42
1398 4.96 -202.25
1399 163.89 -161.47
1400 93.15 -112.62
1401 166 -226.13
1402 34.62 -126.32
1403 146.67 -54.52
1404 202.22 -197.91
1405 113.64 -176.88
1406 183.72 -71.33
1407 177.69 -123.63
1408 254.47 -263.87
1409 297.49 -238.91
1410 304.81 -114.26
1411 161.05 -290.99
1412 142.93 -150.76
1413 236.53 -232.24
1414 69.71 -147.9
1415 144.04 -76.43
1416 186.08 -46.39
1417 56.23 -310.04
1418 40.56 -220.71
1419 302.14 -86.42
1420 263.31 -126.3
1421 197.64 -91.79
1422 98.94 -6.55
1423 270.42 -258.85
1424 57.28 -236.94
1425 27.2 -127.43
1426 94.42 -245.62
1427 72.38 -71.77
1428 304.02 -237.36
1429 268.78 -308.92
1430 268.87 -257.25
1431 187.16 -88.82
1432 282.38 -130.95
1433 235.18 -243.4
1434 213.34 -206.46
1435 8.77 -213.33
1436 188.64 -152.65
1437 42.73 -89.93
1438 24.78 -287.58
1439 84.04 -196.67
1440 0.11 -82.07
1441 211.21 -318.77
1442 66.54 -94.53
1443 215.41 -283.59
1444 152.03 -46.56
1445 187.34 -160.19
1446 132.53 -96.9
1447 227.86 -50.5
1448 177.42 -90.91
1449 297.38 -139.04
1450 235.89 -66.77
1451 102.94 -189.67
1452 279.6 -100.53
1453 271.64 -145.67
1454 18.35 -304.38
1455 269.97 -31.68
1456 26.45 -18.46
1457 320.51 -157.18
1458 0.3 -300.52
1459 230.6 -95.45
1460 139.16 -152.33
1461 249.24 -93.94
1462 144.45 -155.22
1463 246.13 -36.62
1464 59.18 -205.39
1465 272.16 -103.03
1466 292.7 -295.08
1467 71.61 -258.63
1468 80.3 -131.82
1469 319.73 -19.25
1470 258.46 -98.65
1471 0.63 -265.7
1472 306.41 -168.43
1473 144.95 -204.67
1474 183.64 -190.23
1475 18.56 -51.56
1476 145.5 -322.8
1477 154.02 -151.32
1478 71.46 -173.47
1479 54.87 -283.68
1480 270.23 -130.65
1481 309.25 -210.55
1482 145.18 -122.46
1483 254.28 -264.38
1484 167.16 -109.01
1485 91.18 -250.01
1486 191.72 -101.62
1487 270.05 -299.34
1488 180.01 -57.65
1489 247.88 -91.01
1490 26.09 -247.17
1491 129.49 -149.96
1492 184.81 -171.59
1493 228.59 -167.04
1494 126.72 -139.79
1495 270.44 -166.98
1496 261.05 -72.95
1497 195.41 -139.21
1498 79.6 -82.24
1499 74.77 -9.22
1500 259.23 -246.76
1501 24.38 -165.95
1502 141.29 -10.47
1503 68.12 -177.95
1504 152.48 -204.82
1505 127.99 -199.52
1506 233.01 -178.57
1507 233.69 -257.49
1508 100.53 -301.34
1509 117.13 -21.8
1510 188.78 -110.77
1511 67.24 -271.1
1512 293.83 -125.83
1513 91.59 -146.18
1514 155.4 -49.43
1515 296.19 -49.88
1516 215.84 -90.63
1517 101.11 -204.09
1518 265.57 -240.65
1519 121.48 -52.75
1520 135.8 -94.05
1521 156.15 -132.99
1522 274 -252.33
1523 113.19 -273.36
1524 295.16 -258.05
1525 252.34 -230.32
1526 60.94 -43.46
1527 169.29 -319.59
1528 25.29 -30.78
1529 287.73 -144.41
1530 194.29 -180.69
1531 154.84 -259.93
1532 23.54 -293.65
1533 210.31 -139.47
1534 192.23 -289.11
1535 266.69 -215.31
1536 231.82 -211.55
1537 23.4 -306.36
1538 255.72 -181.83
1539 323.4 -136.59
1540 250.43 -226.88
1541 270.34 -251.75
1542 130.86 -311.38
1543 225.68 -323.15
1544 27.08 -156.15
1545 12.84 -189.41
1546 8.86 -221.38
1547 74.55 -167.68
1548 307.16 -32.41
1549 205.04 -284.86
1550 59.69 -58.91
1551 153.98 -31.25
1552 13.61 -291.52
1553 32.87 -177.38
1554 197.49 -269.33
1555 172.21 -32.27
1556 167.54 -123.92
1557 318.82 -2.07
1558 1.23 -298.4
1559 130.55 -220.5
1560 293.44 -235.83
1561 16.73 -26.91
1562 78.12 -302.3
1563 218.23 -91.29
1564 259.67 -268.8
1565 211.23 -99.28
1566 130.53 -319.37
1567 286.89 -41.21
1568 102.11 -144.15
1569 297 -203.28
1570 235.55 -299.6
1571 307.04 -28.74
1572 30.81 -79.1
1573 53.5 -301.87
1574 81.89 -239.56
1575 151.4 -67.58
1576 302.01 -51.33
1577 29.64 -168.13
1578 259.42 -56.13
1579 0.93 -247.87
1580 230.67 -78.62
1581 73.99 -95.68
1582 20.41 -244.73
1583 272.4 -244.4
1584 123.68 -122.52
1585 305.64 -245.4
1586 274.14 -242.75
1587 321.85 -288.69
1588 150.08 -304.96
1589 104.04 -258.88
1590 209.98 -231.97
1591 283.31 -255.44
1592 307.1 -187.99
1593 244.13 -196.47
1594 120.34 -126.04
1595 204.66 -128.58
1596 107.79 -234.54
1597 155.27 -278.65
1598 82.57 -128.2
1599 134.25 -103.67
1600 25.07 -206.25
1601 8.53 -323.41
1602 288.1 -299.22
1603 163.7 -6.38
1604 148.78 -321.7
1605 229.68 -267.74
1606 82.71 -34.76
1607 106.28 -72.51
1608 268.98 -65.81
1609 191.85 -233.93
1610 246.03 -272.84
1611 183.38 -72.52
1612 234.69 -29.82
1613 158.03 -222.17
1614 1.84 -317.27
1615 83.04 -175.8
1616 175.21 -234.44
1617 93.18 -91.57
1618 305.48 -22.84
1619 20.54 -256.88
1620 200.62 -130.26
1621 48.55 -133.74
1622 206.25 -166.85
1623 232.66 -38.35
1624 272.28 -34.75
1625 307.6 -100.52
1626 173.04 -194.31
1627 224.14 -50.5
1628 272.68 -83.73
1629 284.52 -265.69
1630 1.01 -158.04
1631 68.48 -43.57
1632 135.14 -176.22
1633 199.06 -161.66
1634 302.06 -0.14
1635 130.41 -219.61
1636 29.35 -62.21
1637 229.06 -62.48
1638 308.35 -119.13
1639 153.88 -137.73
1640 238.25 -256.63
1641 10.46 -137.48
1642 71.51 -294.81
1643 262.06 -118.12
1644 59.81 -20.19
1645 61.75 -222.59
1646 149.68 -268.34
1647 120.57 -130.24
1648 175.42 -168.34
1649 168.49 -319.63
1650 98.76 -153.49
1651 215.7 -182.42
1652 128.42 -11.64
1653 14.29 -120.76
1654 142.01 -112.77
1655 45.4 -168.17
1656 189.18 -263.78
1657 234.59 -55.86
1658 173.99 -260.69
1659 164.4 -56.18
1660 162.29 -117.32
1661 61.67 -226.15
1662 239.91 -195.49
1663 39.83 -182.24
1664 61.39 -91.34
1665 128.35 -208.32
1666 66.74 -43.68
1667 262.84 -20.05
1668 24.33 -195.16
1669 191.45 -277.13
1670 121.3 -166.35
1671 106.13 -236.85
1672 176.24 -194
1673 130.69 -224.25
1674 163.95 -26.23
1675 27.07 -178.61
1676 288.29 -209.76
1677 81.25 -296.26
1678 38.02 -204.2
1679 179.06 -121.08
1680 212.93 -306.94
1681 26.62 -307.41
1682 210.98 -163.19
1683 34.36 -289.46
1684 242.59 -118.84
1685 168.71 -225.81
1686 22.19 -247.41
1687 117.42 -158.36
1688 58.61 -198.43
1689 108.18 -131.63
1690 310.25 -106.08
1691 315.84 -18.77
1692 315.04 -274.54
1693 38.26 -280.61
1694 77.7 -29.06
1695 12 -100.85
1696 84.26 -174.15
1697 13.34 -246.14
1698 211.6 -178.77
1699 181.13 -47.7
1700 157.04 -13.71
1701 261.13 -25.84
1702 184.2 -62.75
1703 144.7 -262.07
1704 69.7 -126.34
1705 232.42 -252.88
1706 155.17 -263.47
1707 214.01 -107.79
1708 64.4 -146.21
1709 58.8 -135.8
1710 236.65 -25.62
1711 199.77 -278.32
1712 200.47 -204.43
1713 266.72 -213.12
1714 144.34 -295.59
1715 309.31 -123.85
1716 149.69 -184.9
1717 131.17 -129.96
1718 68.03 -217.42
1719 19.76 -275.87
1720 88.27 -21.25
1721 284.73 -135.7
1722 127.01 -243.45
1723 65.66 -58.26
1724 194.06 -74.94
1725 308.08 -7.98
1726 286.31 -314.23
1727 194.67 -67.38
1728 164.02 -162.78
1729 134.37 -137.39
1730 144.77 -308.36
1731 52.79 -3.2
1732 133.16 -177.98
1733 71.4 -183.96
1734 19.36 -84.71
1735 105.97 -298.68
1736 317.91 -107.63
1737 27.08 -274.22
1738 8.48 -4.44
1739 79.38 -300.27
1740 308.25 -86.07
1741 76.3 -270.99
1742 14.37 -270.56
1743 109.34 -154.49
1744 291.89 -178.39
1745 46.27 -127.24
1746 130.44 -320.18
1747 174.16 -306.58
1748 166.55 -263.61
1749 231.84 -245.57
1750 103.77 -69.43
1751 177.06 -221.33
1752 171.55 -97.68
1753 102.13 -204.15
1754 180.42 -63.56
1755 33.15 -65.03
1756 12.02 -48.19
1757 318.76 -109.45
1758 263.95 -233.91
1759 88.3 -311.62
1760 322.38 -115.36
1761 111.54 -134.58
1762 117.16 -128.83
1763 275.96 -169.22
1764 90.79 -167.23
1765 236.66 -67.32
1766 288.66 -194.57
1767 175.77 -89.73
1768 177.4 -19.73
1769 83.29 -161.42
1770 109.98 -241.34
1771 173.05 -323.96
1772 109.42 -5.52
1773 239.44 -51.33
1774 38.96 -256.89
1775 255.77 -3.74
1776 21.84 -244.86
1777 49.69 -250.83
1778 96.05 -139.01
1779 189.76 -209.17
1780 276.5 -70.37
1781 148.46 -309.95
1782 283.2 -241.16
1783 144.41 -207.75
1784 45.18 -136.6
1785 261.46 -111.23
1786 111.19 -155.16
1787 160.68 -110.51
1788 161.85 -220.61
1789 37.02 -76.12
1790 287.39 -84.33
1791 5.19 -176.31
1792 103.14 -309.23
1793 7.76 -262.41
1794 147.58 -82.72
1795 153.09 -197.53
1796 183.48 -307.6
1797 108.28 -185.07
1798 68.82 -26.2
1799 162.8 -252.7
1800 39.93 -114
1801 152.68 -307.78
1802 94.29 -151.12
1803 255.26 -196.89
1804 156.53 -139.66
1805 107.51 -175.8
1806 28.12 -119.92
1807 312.68 -112.71
1808 258.64 -14.78
1809 97.5 -320.44
1810 77.49 -289.74
1811 273.35 -134.11
1812 319.18 -144.49
1813 170.69 -265.15
1814 193.85 -271.53
1815 269.05 -217.01
1816 200.79 -117.3
1817 268.43 -97.74
1818 178.15 -178.61
1819 201.79 -83.21
1820 259.01 -218.2
1821 221.65 -309.31
1822 305.54 -287.13
1823 185.44 -210.33
1824 90.29 -240.18
1825 205.92 -166.46
1826 300.58 -167.79
1827 312.28 -38.79
1828 303.95 -179.28
1829 126.81 -42.5
1830 259.51 -57.32
1831 174.63 -71.87
1832 53.13 -136.31
1833 198.44 -119.06
1834 202.27 -114.8
1835 9 -76.23
1836 61.54 -20.8
1837 191.46 -230.65
1838 116.98 -43.08
1839 166.78 -52.9
1840 219.36 -207.28
1841 258.59 -256.23
1842 295.02 -79.46
1843 142.27 -246.87
1844 289.37 -158.49
1845 215.82 -152.6
1846 224.47 -108.41
1847 128.24 -66.45
1848 185.51 -161.12
1849 275.92 -2.68
1850 286.43 -271.3
1851 292.1 -284.93
1852 191.58 -231.5
1853 158.1 -159.56
1854 95.98 -192.09
1855 282.89 -0.89
1856 257.12 -198.87
1857 278.33 -217.48
1858 23.87 -111.66
1859 270.16 -96.6
1860 249.21 -313.25
1861 305.18 -161.98
1862 228.43 -33.2
1863 194.33 -109.42
1864 319.62 -297.46
1865 244.76 -29.77
1866 198.22 -282.05
1867 189.55 -96.38
1868 139.47 -273.33
1869 141.42 -231.18
1870 232.07 -235.45
1871 110.32 -100.31
1872 317.79 -48.71
1873 160.37 -272.18
1874 44.78 -17.66
1875 214.43 -106.53
1876 268.51 -177.51
1877 210.72 -195.61
1878 188.55 -172.94
1879 146.4 -288.57
1880 201.86 -184.17
1881 25.75 -274.68
1882 254.59 -76.09
1883 25.42 -215.3
1884 6 -70.06
1885 189.03 -50.36
1886 34.19 -238.07
1887 170.3 -182.88
1888 131.06 -27.98
1889 253.16 -6.68
1890 113.21 -59.36
1891 236.88 -27.12
1892 106.25 -265.25
1893 321.71 -7.12
1894 179.21 -294.81
1895 38.5 -27.64
1896 185.84 -264.59
1897 16.68 -64.25
1898 163.08 -116.43
1899 186.49 -249.62
1900 183.5 -169.08
1901 290.68 -259.05
1902 117.93 -217.69
1903 129.19 -136.98
1904 27.18 -248.99
1905 308.35 -265.88
1906 293 -23.92
1907 289.17 -104.75
1908 319.39 -282.77
1909 137.1 -170.4
1910 198.04 -58.12
1911 322.72 -175.61
1912 123.38 -59.89
1913 59.84 -222.92
1914 148.55 -286.46
1915 15.07 -246.34
1916 181.39 -215.57
1917 109.27 -305.75
1918 2.25 -299.32
1919 107.83 -238.46
1920 180.34 -29.44
1921 260.88 -299.7
1922 287.98 -32.86
1923 315.64 -226.05
1924 279.97 -283.37
1925 225.02 -12.26
1926 187.87 -154.02
1927 97.43 -223.74
1928 122.66 -194.78
1929 40.76 -157.27
1930 287.13 -154.73
1931 46.31 -55.83
1932 245.1 -28.04
1933 210.88 -39.1
1934 277.56 -247.36
1935 160.32 -318.71
1936 177.94 -17.43
1937 257.81 -97.2
1938 206.77 -141.92
1939 308.81 -249.45
1940 145.24 -162.74
1941 200.28 -209.83
1942 317.09 -216.63
1943 87.41 -181.23
1944 222.03 -323.28
1945 37.53 -128.18
1946 184.01 -185.16
1947 213.21 -83.84
1948 6.46 -105.12
1949 236 -307.61
1950 302.33 -167.55
1951 184.98 -279.84
1952 260.56 -39.79
1953 65.23 -118.79
1954 251.77 -143.33
1955 189.59 -257.56
1956 26.92 -73.01
1957 173.16 -65.88
1958 130.63 -20.01
1959 19.29 -260.58
1960 64.76 -28.66
1961 97.35 -56.83
1962 24.19 -132.29
1963 120.93 -194.08
1964 177.69 -238.18
1965 81.73 -240.45
1966 196.29 -39.54
1967 79.33 -150.23
1968 152.54 -132.85
1969 159.7 -28.08
1970 285.65 -287.83
1971 36.84 -25.3
1972 298.7 -312.57
1973 216.1 -93.53
1974 30.11 -312.85
1975 17.52 -235.4
1976 175.75 -302.39
1977 110.68 -322.39
1978 192.47 -83.46
1979 321.64 -231.62
1980 31.59 -253.68
1981 293.23 -79.37
1982 113.12 -227.89
1983 244.26 -256.08
1984 284.17 -265.67
1985 229.5 -79.97
1986 312.79 -129.34
1987 117.91 -149.87
1988 243.4 -287.49
1989 159.86 -10.01
1990 128.93 -273.51
1991 251.9 -177.38
1992 175.77 -188.2
1993 271.67 -246.1
1994 153.72 -251.76
1995 181.45 -152.83
1996 115.73 -68.84
1997 296.73 -34.2
1998 290.28 -228.85
1999 170.52 -100.51
2000 180.48 -133.97
2001 263.31 -76.03
2002 225.9 -52.79
2003 223.8 -57.22
2004 274.76 -28.82
2005 302.33 -59.67
2006 237.05 -79.69
2007 267.9 -113.75
2008 35.85 -296.35
2009 107.63 -99.09
2010 135.44 -73.1
2011 141.94 -289.08
2012 323.28 -251.17
2013 39.55 -114.67
2014 98.7 -173.09
2015 307.06 -210.07
2016 169.62 -279.19
2017 215.5 -246.38
2018 187.12 -279.04
2019 307.86 -115.31
2020 174.98 -137.88
2021 101.1 -169.71
2022 283.46 -295.55
2023 151.42 -252.52
2024 235.13 -319.32
2025 68.42 -259.06
2026 107.66 -46.57
2027 181.27 -93.88
2028 92.07 -314.47
2029 47.08 -220.82
2030 314.41 -190.77
2031 29.48 -30.14
2032 160.04 -43.56
2033 206.12 -244.99
2034 36.3 -230.69
2035 252.09 -73.51
2036 243.22 -94.8
2037 66.35 -29.19
2038 165.23 -86.21
2039 289.05 -217.78
2040 36.36 -76.36
2041 6.46 -240.99
2042 10.87 -27.54
2043 18.01 -71.25
2044 175.59 -102.94
2045 293.71 -65.09
2046 302.76 -49.52
2047 93.08 -206.72
2048 127.71 -22.32
2049 253.01 -182.73
2050 256.24 -47.53
2051 142.33 -181.11
2052 93.82 -58.98
2053 145.19 -92.2
2054 193.5 -259.06
2055 218.94 -110.24
2056 27.23 -113.38
2057 140.93 -108.92
2058 180.17 -38.1
2059 24.56 -42.46
2060 315.08 -31.76
2061 81.29 -201.8
2062 84.52 -293.84
2063 316.16 -57.89
2064 240.62 -95.75
2065 143.28 -128.7
2066 309.81 -56.38
2067 115.37 -169.13
2068 261.33 -79.63
2069 222.21 -260.56
2070 254.33 -14.36
2071 127.74 -0.68
2072 109.6 -281.56
2073 203.19 -268.67
2074 311.14 -173.3
2075 88.58 -227.75
2076 313.07 -302.22
2077 155.58 -53.39
2078 111.29 -73.59
2079 52.86 -31.26
2080 159.96 -235.43
2081 291.82 -196.14
2082 248.79 -29.29
2083 316.45 -83.19
2084 227.27 -69.65
2085 84.01 -214.66
2086 98.86 -157.6
2087 115.17 -211.75
2088 39.95 -91.99
2089 265.29 -201.88
2090 313.15 -234.61
2091 96.35 -29.87
2092 83.27 -302.23
2093 259.34 -251.93
2094 166.71 -78.08
2095 313.51 -312.21
2096 184.35 -2.68
2097 31.97 -281.33
2098 248.04 -316.67
2099 62.32 -24.42
2100 122.61 -151.32
2101 -192.44 -29.85
2102 -241.6 -221.47
2103 -313.46 -191.13
2104 -69.01 -165.07
2105 -75.68 -138.27
2106 -168.15 -58.17
2107 -243.92 -172.03
2108 -307.48 -134.94
2109 -213.02 -179.26
2110 -167.47 -150.2
2111 -152.88 -202.53
2112 -43.39 -235.35
2113 -228.02 -68.37
2114 -300.32 -174.95
2115 -209.79 -173.86
2116 -203.71 -306.45
2117 -87.44 -78.24
2118 -269.37 -4.83
2119 -169.91 -284.43
2120 -98.7 -221.91
2121 -163.6 -245.59
2122 -301.15 -150.37
2123 -285.31 -83.52
2124 -262.78 -284.63
2125 -110.83 -57.85
2126 -143.91 -313.78
2127 -225.13 -147.23
2128 -215.61 -70.82
2129 -245.77 -12.67
2130 -70.05 -75.45
2131 -57.9 -15.09
2132 -93.33 -273.76
2133 -162.11 -145.34
2134 -105.77 -246.22
2135 -27.65 -8.02
2136 -137.14 -88
2137 -238.37 -191.25
2138 -274.77 -114.29
2139 -74.92 -83.21
2140 -141.06 -97.08
2141 -86.86 -69.28
2142 -216.51 -284.97
2143 -31.79 -195.51
2144 -91.7 -108.12
2145 -67.09 -277.57
2146 -176.18 -161.75
2147 -319.03 -124.99
2148 -153.86 -153.03
2149 -282.77 -157.14
2150 -48.69 -259.63
2151 -23.63 -310.43
2152 -177.68 -185.83
2153 -183.64 -145.53
2154 -228.74 -11.98
2155 -316.58 -258.56
2156 -211.36 -45.8
2157 -6.78 -286.96
2158 -41.99 -103.88
2159 -95.52 -38.57
2160 -199.66 -133.69
2161 -178.96 -162.62
2162 -171.13 -259.36
2163 -88.39 -173.99
2164 -214.65 -0.99
2165 -260.63 -47.17
2166 -33.6 -263.34
2167 -8.69 -167.78
2168 -313.31 -94.8
2169 -314.3 -192.33
2170 -10.42 -218.05
2171 -147.38 -306.88
2172 -269.84 -221.78
2173 -209.18 -154.16
2174 -76.25 -195.35
2175 -5.04 -304.71
2176 -26.85 -159.44
2177 -94.8 -184
2178 -241.51 -197.98
2179 -198.98 -183.2
2180 -230.37 -15.69
2181 -162.55 -135.61
2182 -186.91 -147.49
2183 -125.81 -171.25
2184 -247.1 -59.75
2185 -277.8 -116.12
2186 -306.52 -141.04
2187 -246.35 -308.7
2188 -138.86 -135.89
2189 -7.24 -131.53
2190 -319.76 -98.64
2191 -141.6 -12.29
2192 -79.81 -22.61
2193 -220.6 -236.4
2194 -303.12 -204.85
2195 -220.54 -95.58
2196 -114.71 -93.01
2197 -124.02 -59.09
2198 -113.86 -185.14
2199 -244.89 -249.84
2200 -41.96 -244.49
2201 -61.53 -82.22
2202 -66.92 -24.48
2203 -160.37 -191.4
2204 -206.46 -89.31
2205 -71.47 -167.62
2206 -63.43 -202.22
2207 -108.36 -213.07
2208 -8.99 -26.76
2209 -231.61 -4.96
2210 -308.06 -312.12
2211 -288.65 -128.15
2212 -70.77 -306.29
2213 -167.43 -88.68
2214 -14.52 -68.15
2215 -312.64 -295.85
2216 -54.07 -264
2217 -172 -257.7
2218 -125.1 -120.99
2219 -93.82 -215.9
2220 -59.52 -7.56
2221 -93.31 -165.29
2222 -54.36 -6.47
2223 -33.23 -201.67
2224 -206.63 -270.88
2225 -259 -264.85
2226 -276.52 -74.21
2227 -264.02 -107.17
2228 -79.37 -230.81
2229 -298.97 -107.45
2230 -286.82 -301.41
2231 -241.41 -287.61
2232 -221.31 -16.89
2233 -21.41 -89.42
2234 -188.84 -229.94
2235 -237.5 -115.23
2236 -164.05 -131.88
2237 -138.35 -6.81
2238 -208.48 -101.93
2239 -48.81 -55.1
2240 -203.47 -298.63
2241 -256.36 -191.33
2242 -298.51 -156
2243 -270.33 -196.38
2244 -187.36 -53.88
2245 -31.3 -245.3
2246 -92.44 -150.18
2247 -167.08 -156.23
2248 -129.17 -197.27
2249 -103.21 -72.01
2250 -70.76 -318.01
2251 -125.89 -224.24
2252 -231.05 -234.81
2253 -12.75 -264.24
2254 -202.87 -323.06
2255 -297.69 -61.56
2256 -136.42 -82.34
2257 -238.34 -230.06
2258 -309.96 -110.93
2259 -48.33 -68.2
2260 -197.02 -173.32
2261 -323.51 -79.63
2262 -235.87 -289.46
2263 -162.74 -50.11
2264 -5.64 -248.56
2265 -242.58 -149.47
2266 -49.71 -76.4
2267 -194.74 -44.47
2268 -192.24 -280.77
2269 -163.35 -207.49
2270 -152.57 -71.11
2271 -153.45 -20.56
2272 -134.14 -288.99
2273 -283.44 -275.32
2274 -227.04 -120.11
2275 -293.43 -7.78
2276 -294.93 -100.06
2277 -65.53 -176.46
2278 -110.09 -206.8
2279 -14.89 -111.79
2280 -144.78 -115.73
2281 -75.66 -257.47
2282 -185.46 -194.5
2283 -34.79 -270.4
2284 -153.89 -53.7
2285 -8.33 -198.14
2286 -218.7 -189.98
2287 -38.5 -45.31
2288 -204.15 -28.85
2289 -32.48 -321.94
2290 -213.24 -107.19
2291 -90.77 -1.91
2292 -61.9 -184.18
2293 -66.98 -156.3
2294 -151.61 -171.99
2295 -171.25 -289.39
2296 -222.86 -296.4
2297 -50.42 -246.91
2298 -193.31 -84.33
2299 -21.55 -292.73
2300 -50.39 -230.72
2301 -304.22 -237.41
2302 -282.72 -269.09
2303 -181.46 -18.72
2304 -224.19 -46.39
2305 -37.1 -97.46
2306 -306.9 -113.43
2307 -297.61 -127.87
2308 -167.7 -44.8
2309 -100.31 -248.12
2310 -213.51 -202.83
2311 -58.75 -271.56
2312 -77.99 -112.38
2313 -80.23 -109.17
2314 -285.42 -271.3
2315 -61.54 -101.78
2316 -222.71 -11.81
2317 -164.43 -41.77
2318 -60.49 -64.95
2319 -111.34 -21.89
2320 -119.36 -168.2
2321 -281.64 -31.96
2322 -159.84 -102.26
2323 -30.58 -255.25
2324 -179.37 -3.54
2325 -89.89 -130.89
2326 -285.98 -276.41
2327 -64.79 -148.65
2328 -141.34 -39.97
2329 -194.8 -28.54
2330 -13.84 -102.77
2331 -114.58 -256.34
2332 -298.11 -236.56
2333 -301.51 -279.01
2334 -184.43 -242.13
2335 -86.33 -296.38
2336 -4.34 -187.31
2337 -173.09 -251.49
2338 -182.75 -164.18
2339 -51.24 -203.67
2340 -218.08 -245.64
2341 -198.05 -141.14
2342 -173.31 -63.58
2343 -311.08 -146.36
2344 -174.9 -314.65
2345 -93.42 -181.88
2346 -321.74 -188.75
2347 -308.83 -208.01
2348 -46.54 -179.38
2349 -97.51 -286.34
2350 -258.72 -230.97
2351 -94.28 -67.36
2352 -318.86 -146.59
2353 -310.77 -267.37
2354 -30.56 -61.13
2355 -306.77 -245.54
2356 -270.2 -132.17
2357 -195.75 -64.35
2358 -210.71 -119.51
2359 -110.16 -182.83
2360 -248.23 -269.14
2361 -17.41 -87.11
2362 -178.64 -245.98
2363 -101.36 -209.76
2364 -172.1 -225.18
2365 -132.16 -82.39
2366 -33.27 -314.35
2367 -136.94 -109.96
2368 -53.34 -28.13
2369 -89.26 -7.23
2370 -136.29 -291.42
2371 -99.59 -279.56
2372 -19.91 -82.49
2373 -85.52 -178.87
2374 -245.22 -114.14
2375 -266.8 -195.69
2376 -166.32 -169.46
2377 -298.96 -167.73
2378 -53.49 -20.96
2379 -246.14 -283.84
2380 -249.75 -109.12
2381 -99.47 -261.82
2382 -47.79 -283.02
2383 -311.16 -119.93
2384 -10.68 -308.65
2385 -276.07 -283.94
2386 -239.5 -30.5
2387 -112.99 -259.19
2388 -114.06 -142.93
2389 -140.6 -198.52
2390 -277.73 -35.28
2391 -88.26 -83.4
2392 -251.14 -120.05
2393 -24.53 -63.22
2394 -230.58 -304.63
2395 -297.27 -270.67
2396 -208.5 -156.33
2397 -115.36 -280.26
2398 -76.19 -139.81
2399 -124.46 -102.52
2400 -62.46 -294.4
2401 -0.9 -284.05
2402 -219.24 -185.49
2403 -4.42 -321.41
2404 -79.45 -9.3
2405 -44.59 -145.02
2406 -111.95 -33.18
2407 -36.75 -132.85
2408 -79.6 -246.61
2409 -227.24 -268.8
2410 -215.48 -310.18
2411 -142.52 -84.04
2412 -40.3 -307.5
2413 -6.83 -257.88
2414 -243.92 -0.02
2415 -294.42 -131.29
2416 -91.34 -189.9
2417 -258.91 -178.84
2418 -176.25 -310.59
2419 -203.41 -263.34
2420 -291.88 -139.23
2421 -172.41 -131.52
2422 -147.9 -287.35
2423 -209.96 -92.69
2424 -37.49 -227.5
2425 -97.2 -320.73
2426 -80.77 -136.49
2427 -3.51 -239.72
2428 -57.12 -121.07
2429 -121.09 -10.34
2430 -141.63 -184.56
2431 -50.47 -299.03
2432 -153.87 -116.5
2433 -310.61 -309.38
2434 -132.24 -213.65
2435 -28.88 -190.02
2436 -321.55 -307.65
2437 -271 -84.81
2438 -61.02 -145.45
2439 -256.47 -156.97
2440 -153.7 -306.04
2441 -118.53 -29.67
2442 -152.92 -117.99
2443 -239.06 -122.05
2444 -15.91 -93.56
2445 -278.13 -36.16
2446 -11.19 -157.55
2447 -157.57 -212.12
2448 -197.5 -48.59
2449 -262.24 -144.18
2450 -10.2 -213.27
2451 -196.92 -174.64
2452 -259.45 -7.75
2453 -36.72 -27.44
2454 -67.93 -320.48
2455 -302.52 -293.19
2456 -206.39 -221.63
2457 -223.14 -304.57
2458 -310.14 -35.31
2459 -128.87 -138.21
2460 -57.89 -2.06
2461 -43.13 -290.52
2462 -178.64 -276.6
2463 -1.19 -200.7
2464 -228.4 -259.67
2465 -148.94 -146.95
2466 -321.59 -238.6
2467 -129.88 -229.38
2468 -256.82 -140.57
2469 -20.57 -166.6
2470 -19.32 -208.28
2471 -313.43 -206.61
2472 -187.18 -225.71
2473 -144.54 -212.58
2474 -26.79 -56.85
2475 -58.91 -273.41
2476 -123.46 -84.68
2477 -244.8 -309.56
2478 -69.78 -302.1
2479 -121.29 -246
2480 -68.95 -298.18
2481 -212.78 -270.23
2482 -59.13 -274.07
2483 -298.16 -226.18
2484 -276.31 -199.48
2485 -83.76 -318.73
2486 -201.34 -295.63
2487 -80.86 -73.19
2488 -285.77 -272.04
2489 -4.89 -225.4
2490 -58.33 -196.08
2491 -164.28 -271.32
2492 -140.4 -181.79
2493 -43.42 -85.09
2494 -214.61 -210.18
2495 -184.36 -164.71
2496 -318.47 -167.08
2497 -117.15 -280.67
2498 -182.85 -261.12
2499 -136.6 -91.31
2500 -293.56 -18.68
2501 -197.83 -103.88
2502 -60.6 -54.42
2503 -2.47 -278.69
2504 -63.61 -22.37
2505 -101.98 -214.88
2506 -45.73 -5.47
2507 -187.26 -149.78
2508 -234.87 -186.13
2509 -72.32 -114.2
2510 -162.44 -9
2511 -176.09 -140.2
2512 -96.87 -40.43
2513 -301.55 -176.76
2514 -151.6 -163.25
2515 -65.45 -321.68
2516 -101.56 -121.16
2517 -175.59 -263.29
2518 -217.98 -162.16
2519 -68.06 -61.58
2520 -276.46 -165.12
2521 -170.59 -53.56
2522 -203.34 -205.71
2523 -67.85 -241.37
2524 -31.58 -114.22
2525 -6.74 -23.69
2526 -163.89 -77.54
2527 -117.97 -182.83
2528 -35.6 -144.29
2529 -307.54 -95.52
2530 -93.2 -70.72
2531 -75.4 -48.99
2532 -312.28 -78.29
2533 -240.45 -250.99
2534 -196.09 -89.79
2535 -138.43 -192.03
2536 -245.59 -32.08
2537 -237.79 -309.02
2538 -226.39 -124.94
2539 -122.68 -305.64
2540 -212.85 -141.49
2541 -102.55 -129.42
2542 -195.78 -52.75
2543 -197.04 -220.52
2544 -199.57 -114.9
2545 -185.62 -64.1
2546 -113.09 -176.29
2547 -254.58 -261.02
2548 -71.54 -308.9
2549 -282.21 -54.56
2550 -130.11 -151.15
2551 -183.23 -96.64
2552 -289.18 -51.71
2553 -176.65 -304.55
2554 -169.71 -75.09
2555 -100.11 -182.85
2556 -195.79 -58.57
2557 -111.32 -202.66
2558 -99.19 -67.57
2559 -182.47 -308.36
2560 -48.46 -182.28
2561 -34.57 -251.61
2562 -188.64 -45.07
2563 -237.49 -172.68
2564 -110.76 -143.7
2565 -294.85 -79.22
2566 -59.38 -240.87
2567 -292.58 -37.61
2568 -18.16 -24.56
2569 -307.18 -28.75
2570 -95.12 -187.87
2571 -246.44 -83.29
2572 -285.95 -290.92
2573 -34.49 -241.28
2574 -109.16 -268.66
2575 -10.46 -100.49
2576 -28.1 -41.14
2577 -293.74 -45.04
2578 -101.24 -100.26
2579 -127.48 -207.23
2580 -169.98 -95.52
2581 -12.39 -305.86
2582 -19.47 -229.36
2583 -137.45 -188.5
2584 -100.77 -245.15
2585 -109.02 -120.63
2586 -87.44 -195.9
2587 -162.82 -238.99
2588 -156.27 -49.39
2589 -201.58 -80.83
2590 -64.84 -265.44
2591 -190.1 -212.04
2592 -140.6 -92.95
2593 -76.73 -159.84
2594 -43.08 -125.36
2595 -220.88 -204.22
2596 -186.08 -213.06
2597 -1.94 -116.8
2598 -305.3 -205.55
2599 -126.7 -139.39
2600 -143.54 -289.59
2601 -161.49 -119.24
2602 -34.23 -230.98
2603 -163.9 -207.83
2604 -172.19 -74.03
2605 -222.99 -249
2606 -137.04 -237.03
2607 -5.98 -89.09
2608 -248.94 -161.17
2609 -286.53 -82.72
2610 -170.46 -175.54
2611 -272.12 -183.42
2612 -300.22 -32.54
2613 -238.09 -274.06
2614 -296.98 -165.04
2615 -130.63 -248.31
2616 -43.55 -0.04
2617 -114.55 -175.65
2618 -59.48 -285.31
2619 -242.86 -278.45
2620 -203.45 -115.19
2621 -28.23 -141.85
2622 -114.46 -224.01
2623 -61.18 -241.73
2624 -207.97 -39.4
2625 -98.46 -23.72
2626 -90.66 -54.43
2627 -86.97 -46.58
2628 -204.17 -274.4
2629 -322.96 -208.58
2630 -16.41 -60.67
2631 -60.71 -129.59
2632 -188.76 -267.49
2633 -228.8 -175.26
2634 -13.23 -131.77
2635 -246.96 -147.66
2636 -173.03 -100.2
2637 -0.22 -275.19
2638 -76.45 -287.49
2639 -210.42 -61.4
2640 -292.64 -284.42
2641 -222.38 -308.88
2642 -238.99 -266.82
2643 -100.74 -309.35
2644 -77.46 -2.68
2645 -63.35 -99.7
2646 -112.82 -93.87
2647 -37.36 -7.58
2648 -182.85 -301.58
2649 -109.35 -149.68
2650 -180.86 -196.08
2651 -296.29 -239.84
2652 -191.03 -29.89
2653 -200.91 -180.03
2654 -124.95 -151
2655 -318.95 -294.85
2656 -279.73 -301.12
2657 -243.94 -217.33
2658 -86.2 -78.24
2659 -80.92 -228.21
2660 -3.91 -163.66
2661 -141.06 -27.79
2662 -35.38 -0.25
2663 -301.84 -61.94
2664 -211.63 -218.23
2665 -297.83 -294.71
2666 -210.55 -276.01
2667 -189.43 -153.64
2668 -217.19 -285.11
2669 -319.63 -66.34
2670 -244.71 -18.15
2671 -319.27 -314.58
2672 -207.91 -83.96
2673 -162.21 -122.73
2674 -26.94 -294.12
2675 -17.3 -126.65
2676 -154.45 -238.38
2677 -238.63 -41.88
2678 -103.83 -189.83
2679 -291.58 -99.99
2680 -278.23 -198.98
2681 -150.99 -148.93
2682 -186.1 -48.3
2683 -9.41 -223.94
2684 -173.8 -79.29
2685 -97.44 -212.57
2686 -203.15 -94.51
2687 -178.48 -300.23
2688 -306.49 -294.59
2689 -264.71 -16.69
2690 -26.86 -9.43
2691 -131.33 -165.53
2692 -90.94 -181.31
2693 -254.66 -253.49
2694 -29.48 -194.77
2695 -277.27 -222.24
2696 -47.18 -191.23
2697 -239.54 -311.78
2698 -211.73 -233.28
2699 -196.09 -132.47
2700 -21.04 -61.53
2701 -156.05 -177.06
2702 -153.29 -224.2
2703 -194.79 -10.53
2704 -234.74 -135.78
2705 -28.74 -19.02
2706 -68.07 -261.6
2707 -118.92 -160.07
2708 -89.56 -159.01
2709 -237.3 -257.1
2710 -155.35 -2.57
2711 -193.8 -190.57
2712 -178.36 -86.05
2713 -202.85 -109.34
2714 -125.34 -66.09
2715 -127.62 -74.94
2716 -252 -146.38
2717 -254.1 -167.19
2718 -177.72 -288.82
2719 -308.12 -8.41
2720 -27.43 -295.98
2721 -233.59 -220.38
2722 -263.98 -303.03
2723 -21.56 -236.03
2724 -169.13 -237.06
2725 -239.63 -258.87
2726 -8.96 -208
2727 -177.57 -316.96
2728 -309.82 -187.32
2729 -136.93 -56.42
2730 -14.89 -111.16
2731 -141.07 -148.08
2732 -315.27 -150.41
2733 -322.75 -71.17
2734 -79.59 -52.52
2735 -24.5 -306.88
2736 -203.26 -314.54
2737 -177.09 -141.61
2738 -53.64 -143.24
2739 -56.31 -198.66
2740 -133.53 -106.3
2741 -197.82 -179.46
2742 -55.94 -142.49
2743 -213.34 -51.4
2744 -107.82 -41.77
2745 -152.93 -233.79
2746 -57.87 -6.23
2747 -156.65 -294
2748 -248.7 -256.67
2749 -192.71 -38.92
2750 -21.8 -4.29
2751 -202.35 -217.21
2752 -242.35 -108.59
2753 -135.35 -55.45
2754 -254.11 -179.51
2755 -285.81 -75.18
2756 -138.17 -271.16
2757 -297.17 -159.64
2758 -94.56 -194.11
2759 -235.88 -186.51
2760 -303.83 -202.38
2761 -92.14 -272.34
2762 -125.86 -37.7
2763 -177.89 -132.31
2764 -171.23 -50.56
2765 -262.37 -46.6
2766 -147.34 -76.56
2767 -68.67 -140.73
2768 -79.7 -65.69
2769 -245.2 -204.02
2770 -279.21 -217.33
2771 -164.49 -90.54
2772 -133.7 -300.9
2773 -171.01 -137.66
2774 -207.7 -228.26
2775 -314.16 -82.9
2776 -31.24 -187.53
2777 -108.75 -289.82
2778 -98.13 -40.62
2779 -298.71 -286.65
2780 -9.25 -152.89
2781 -229.45 -237.08
2782 -261.33 -40.11
2783 -105.8 -298.12
2784 -61.66 -224.55
2785 -117.88 -234.53
2786 -208.59 -224.39
2787 -201.29 -282.37
2788 -303.56 -225.81
2789 -13.59 -48.31
2790 -14.73 -70.78
2791 -141.83 -211.27
2792 -177.1 -253.49
2793 -294.11 -250.58
2794 -96.75 -158.75
2795 -311.64 -268.82
2796 -65.43 -313.53
2797 -29.64 -100.61
2798 -282.25 -2.76
2799 -227.32 -18.97
2800 -137.02 -19.92
2801 -127.83 -228.72
2802 -187.1 -21.61
2803 -130.94 -5.13
2804 -260.96 -50.18
2805 -120.96 -28.05
2806 -239.32 -275.69
2807 -205.18 -262.79
2808 -72.89 -299.94
2809 -134.7 -175.29
2810 -3.64 -169.65
2811 -159.18 -5.86
2812 -314 -69.07
2813 -279.35 -188.82
2814 -207.79 -155.77
2815 -175.69 -182.67
2816 -87.4 -228.33
2817 -133.46 -187.05
2818 -75.7 -158.02
2819 -208.2 -264.4
2820 -292.45 -12.66
2821 -288.35 -212.68
2822 -151.47 -91.3
2823 -67.24 -53.05
2824 -111.86 -224.36
2825 -277.53 -85.46
2826 -298.85 -115.5
2827 -184.57 -112.71
2828 -301.54 -172.37
2829 -4.14 -139.93
2830 -206.12 -68.85
2831 -297.19 -63.36
2832 -250.41 -177.04
2833 -11.06 -314.17
2834 -254.58 -2.11
2835 -222.29 -102.78
2836 -198.98 -106.55
2837 -197.85 -70.16
2838 -123.21 -233.97
2839 -17.86 -148.62
2840 -117.6 -235.07
2841 -26.58 -295.39
2842 -84.11 -299.97
2843 -148.34 -94.67
2844 -118.12 -269.17
2845 -221.54 -152.49
2846 -215.85 -0.25
2847 -60.81 -78.25
2848 -68.43 -25.78
2849 -27.89 -279.4
2850 -265.7 -206.53
2851 -313.08 -133.7
2852 -203.86 -140.69
2853 -50.66 -70.46
2854 -102.6 -3.07
2855 -121.66 -68.52
2856 -247.44 -103.72
2857 -79.7 -31.76
2858 -126.44 -7.55
2859 -160.24 -228.04
2860 -264.05 -128.08
2861 -11.85 -57.78
2862 -19.56 -39.42
2863 -65.2 -72.67
2864 -28.07 -87.99
2865 -294.52 -300.61
2866 -110.31 -293.77
2867 -110.46 -167.12
2868 -121.1 -314.17
2869 -200.76 -44.65
2870 -320.69 -223.7
2871 -3.43 -322.43
2872 -30.19 -244.13
2873 -135.2 -290.65
2874 -78.21 -40.15
2875 -168.24 -295.44
2876 -236.75 -18.27
2877 -265.21 -180.09
2878 -136.28 -256.31
2879 -20.3 -213.94
2880 -190.55 -164.35
2881 -134.13 -198.34
2882 -248.98 -184.39
2883 -58.08 -128.11
2884 -56.28 -46.09
2885 -153.31 -142.37
2886 -24.32 -52.98
2887 -180.63 -40.26
2888 -6.91 -54.51
2889 -302.19 -315.84
2890 -170.8 -85.13
2891 -310.92 -29.95
2892 -93.56 -83.55
2893 -223.38 -252.13
2894 -142.07 -229.85
2895 -70.2 -127.2
2896 -1.54 -216.15
2897 -284.06 -87.85
2898 -99.49 -250.53
2899 -180.14 -225.66
2900 -44.03 -155.77
2901 -92.27 -9.45
2902 -49.72 -68.35
2903 -6.39 -272.91
2904 -264.75 -56.63
2905 -25.28 -192.1
2906 -222.05 -319.07
2907 -78.63 -12.2
2908 -147.86 -315.61
2909 -104.98 -302.01
2910 -105.22 -173.45
2911 -273.12 -58.71
2912 -30.08 -314.28
2913 -124.33 -233.18
2914 -18.37 -129.57
2915 -168.87 -304.47
2916 -197.45 -62.4
2917 -14.28 -144.66
2918 -93.57 -130.69
2919 -70.84 -20.67
2920 -212.77 -241.84
2921 -236.92 -96.13
2922 -315.85 -318.34
2923 -193.47 -199.07
2924 -60.6 -23.23
2925 -196.69 -298.46
2926 -33.17 -165.82
2927 -39.63 -29.33
2928 -146.04 -63.25
2929 -76.35 -47.48
2930 -235.48 -164.41
2931 -110.33 -128.74
2932 -273.4 -108.93
2933 -239.62 -124.61
2934 -28.8 -250.5
2935 -51.86 -310.46
2936 -290.11 -125.09
2937 -119.43 -172.3
2938 -47.37 -281.97
2939 -305.2 -196.43
2940 -170.89 -107.98
2941 -157.32 -61.41
2942 -298.27 -87.58
2943 -34.35 -196.95
2944 -244.44 -120.31
2945 -168.24 -318.22
2946 -6.48 -155.92
2947 -148.37 -278.57
2948 -286.71 -163.41
2949 -89.91 -63.99
2950 -257.97 -199.03
2951 -0.13 -25.29
2952 -197.6 -224.09
2953 -65.58 -3.08
2954 -199.51 -244.97
2955 -236.47 -254.3
2956 -315.72 -253.92
2957 -225.02 -69.8
2958 -150.27 -173.51
2959 -293.82 -142.9
2960 -137.12 -70.71
2961 -110.15 -138.06
2962 -300.15 -27.13
2963 -190.54 -258.52
2964 -206.03 -262.86
2965 -137.9 -163.97
2966 -189.26 -23.53
2967 -247.62 -21.55
2968 -232.15 -270.38
2969 -191.36 -313.2
2970 -243.5 -107.67
2971 -245.11 -311.35
2972 -57.15 -118.74
2973 -292.25 -29.66
2974 -172.56 -207.43
2975 -161.66 -145.59
2976 -167.17 -193.2
2977 -220.33 -155.34
2978 -297.38 -26.85
2979 -289.71 -294.39
2980 -134.36 -179.42
2981 -202.95 -311.13
2982 -216.2 -207.15
2983 -153.53 -10.09
2984 -323.29 -124.36
2985 -115.55 -228.41
2986 -215.77 -126.31
2987 -128.58 -36.66
2988 -273.84 -156.44
2989 -247.39 -304.35
2990 -9.47 -122.4
2991 -199.13 -292.58
2992 -123.92 -176.64
2993 -203.49 -302.98
2994 -273.38 -97.3
2995 -160.24 -52.73
2996 -247.38 -291.26
2997 -57.93 -39.19
2998 -256.8 -139.59
2999 -147.47 -211.47
3000 -323.4 -139.61
3001 -265.93 -263.02
3002 -183.2 -98.69
3003 -255.14 -278.03
3004 -141.9 -133.05
3005 -138.97 -62.05
3006 -30.63 -151.37
3007 -211.54 -221.62
3008 -200.61 -38.07
3009 -135.38 -91.03
3010 -27.28 -33.51
3011 -208.29 -295.62
3012 -218.34 -158.19
3013 -181.3 -266.23
3014 -37.22 -151.14
3015 -290.76 -4.77
3016 -151.31 -36.62
3017 -18.84 -116.21
3018 -277.76 -10.51
3019 -27.08 -157.5
3020 -219.55 -95.66
3021 -247.04 -49.58
3022 -271.2 -133.71
3023 -171.78 -134.58
3024 -109.13 -31.33
3025 -64.84 -190.68
3026 -162.31 -19.94
3027 -178.13 -156.66
3028 -98.89 -264.17
3029 -298.83 -35.43
3030 -40.2 -19.63
3031 -263.77 -149.11
3032 -148.84 -191.51
3033 -85.54 -282.61
3034 -116.11 -102.6
3035 -198.27 -112.63
3036 -162.21 -219.19
3037 -28.9 -4.83
3038 -22.93 -316.93
3039 -24.27 -84.2
3040 -274.89 -132.06
3041 -152 -296.63
3042 -129.29 -320.72
3043 -144.41 -213.65
3044 -249.08 -111.7
3045 -131.33 -119.24
3046 -268.36 -289.28
3047 -40.31 -71.11
3048 -29.72 -300.72
3049 -79.33 -125.86
3050 -238.49 -29.36
3051 -132.07 -161.12
3052 -165.95 -284.22
3053 -277.15 -160.97
3054 -128.69 -72.4
3055 -87.98 -301.42
3056 -274.06 -79.58
3057 -283.82 -123.51
3058 -13.16 -286.87
3059 -74.58 -104.23
3060 -223.48 -262.25
3061 -111.05 -205.91
3062 -160.54 -51.36
3063 -28.08 -151.37
3064 -277.23 -73.79
3065 -310.67 -314.93
3066 -152.05 -191.72
3067 -151.94 -118.74
3068 -163.23 -201.52
3069 -273.92 -312.61
3070 -290.04 -291.92
3071 -255.03 -37.91
3072 -44.94 -123.62
3073 -86.49 -214.85
3074 -319.09 -58.1
3075 -203.87 -44.59
3076 -250.51 -218.57
3077 -153.45 -314.93
3078 -142.3 -294.57
3079 -44.36 -65.05
3080 -55.99 -95.53
3081 -170.77 -31.03
3082 -149.77 -208.04
3083 -85.57 -206.23
3084 -194.84 -196.52
3085 -164.45 -243.01
3086 -164.44 -44.4
3087 -168.02 -95.48
3088 -310.33 -209.38
3089 -151.01 -138.04
3090 -182.63 -305.42
3091 -83.51 -30.88
3092 -21.81 -316.66
3093 -287.24 -120.48
3094 -185.54 -164.11
3095 -143.16 -215.12
3096 -129.68 -241.53
3097 -9.09 -197.45
3098 -79.68 -279.45
3099 -151.98 -94.66
3100 -221.2 -158.05
3101 -202.45 -199.95
3102 -295.43 -61.64
3103 -154.55 -254
3104 -275.56 -165.28
3105 -30.23 -305.56
3106 -12.44 -17.71
3107 -10.38 -113.74
3108 -234.23 -241.78
3109 -289.41 -181.14
3110 -279.78 -303.29
3111 -220.82 -316.1
3112 -189.55 -85.46
3113 -248.44 -229.91
3114 -208.1 -269.24
3115 -103.29 -283.94
3116 -159.89 -312.82
3117 -257.98 -189.26
3118 -2.78 -14.84
3119 -180.12 -88.53
3120 -70.09 -278.34
3121 -296.06 -210.35
3122 -207.62 -290.06
3123 -91.36 -189.96
3124 -47.1 -1.37
3125 -304.66 -56.77
3126 -48.87 -210.4
3127 -295.87 -85
3128 -198.43 -238.43
3129 -67.19 -220.31
3130 -180.25 -290.05
3131 -278.87 -54
3132 -243.26 -223.66
3133 -122.02 -212.86
3134 -184.91 -246.05
3135 -83.91 -302.14
3136 -72.02 -138.53
3137 -104.59 -263.49
3138 -129.45 -163.16
3139 -164.53 -195.95
3140 -136.24 -60.07
3141 -270.48 -28.71
3142 -321.23 -185.12
3143 -307.07 -242.35
3144 -22.18 -195.66
3145 -161.72 -50.26
3146 -104.26 -85.95
3147 -309.61 -0.11
3148 -96.49 -231.04
3149 -36.61 -107.63
3150 -293.29 -281.41
3151 -95.94 -120.53
3152 -267.54 248.83
3153 -295.51 84.05
3154 -163.52 73
3155 -133.07 19.56
3156 -48.27 299.76
3157 -44.4 287.07
3158 -205.42 45.5
3159 -124.69 27.47
3160 -285.25 227.6
3161 -197.07 169.93
3162 -170.04 273.03
3163 -180.08 182.68
3164 -173.83 150.06
3165 -314.99 100.21
3166 -104.26 26.65
3167 -275.48 86.93
3168 -54.5 47.81
3169 -120.81 130.52
3170 -150.08 101.54
3171 -77.3 137.4
3172 -100.48 198.36
3173 -127.38 5.23
3174 -240.22 189.42
3175 -300.55 252.07
3176 -305.52 201.48
3177 -34.03 173.62
3178 -239.83 35.09
3179 -185.15 97.63
3180 -197.85 89.66
3181 -323.83 176.14
3182 -146.59 302.11
3183 -25.92 158.84
3184 -289.36 201.09
3185 -302.63 30.25
3186 -167.66 115.44
3187 -313.8 263.45
3188 -152.2 151.66
3189 -17.08 0.71
3190 -136.3 68.43
3191 -153.43 317.63
3192 -50.78 117.83
3193 -152.92 187.46
3194 -285.1 290.61
3195 -263.79 14.07
3196 -73.73 42.47
3197 -20.58 263.63
3198 -98.47 220.32
3199 -304.93 254.03
3200 -167.8 63.83
3201 -179.27 167.08
3202 -314.05 218.98
3203 -46.64 52.6
3204 -53.31 142.26
3205 -94.21 271.25
3206 -148.4 73.13
3207 -190.96 247.64
3208 -318.62 199.18
3209 -165.79 227.4
3210 -241.47 163.24
3211 -205.71 313.11
3212 -252.74 198.72
3213 -302.56 109.82
3214 -39.85 27.21
3215 -298.56 283.49
3216 -10.09 207.65
3217 -102.64 153.83
3218 -89.95 0.15
3219 -25.93 32.8
3220 -304.05 26.78
3221 -99.92 120.14
3222 -43.78 128.46
3223 -211.16 174.4
3224 -77.81 245.92
3225 -85.17 260.48
3226 -249.59 202.8
3227 -77.53 174.4
3228 -284.22 178.33
3229 -89.06 56.09
3230 -223.11 207.59
3231 -298.77 271.14
3232 -100.97 116.72
3233 -116.87 284.93
3234 -317.73 74.45
3235 -101.23 142.8
3236 -146.46 181.31
3237 -193.29 84.67
3238 -259.08 190.24
3239 -319.69 80.45
3240 -224.45 12.89
3241 -215.69 288.38
3242 -138.78 150.04
3243 -211.89 293.22
3244 -232.84 306.53
3245 -73.64 300.95
3246 -248.09 15.47
3247 -132.19 48.41
3248 -216.86 232.59
3249 -190.56 132.59
3250 -275.39 94.12
3251 -275.43 291.79
3252 -259.99 97.86
3253 -171.62 28.24
3254 -316.21 195.07
3255 -207.96 50.83
3256 -15.21 216.67
3257 -42.71 99.65
3258 -276.4 154
3259 -20.05 254.61
3260 -115.08 68.76
3261 -84.23 93.69
3262 -25.63 246.7
3263 -38.81 216.42
3264 -25.01 242.49
3265 -12.61 229.37
3266 -80.68 183.93
3267 -165.31 171.56
3268 -199.8 16.67
3269 -95.26 220.45
3270 -271.29 75.54
3271 -292.21 303.22
3272 -286.4 286.5
3273 -0.02 218.44
3274 -32.57 122.32
3275 -191.08 20.07
3276 -321.29 147.66
3277 -277.88 275.31
3278 -51.25 22.92
3279 -265.41 200.21
3280 -313.1 283.79
3281 -143.72 161.55
3282 -216.63 277.3
3283 -177.5 309.03
3284 -89 299.96
3285 -51.5 272.76
3286 -135.51 36.29
3287 -322.8 19.71
3288 -121.67 97.91
3289 -220.23 206.34
3290 -226.42 154.25
3291 -185.43 294.83
3292 -129.66 223.71
3293 -130.15 139.31
3294 -223.04 180.91
3295 -140.7 71.56
3296 -116.63 212.14
3297 -165.44 167.94
3298 -36.49 9.27
3299 -309.23 18.94
3300 -175.23 125.5
3301 -161.79 36.73
3302 -263.96 310.74
3303 -84.65 44.11
3304 -250.46 61.63
3305 -215.88 188.4
3306 -42.75 36.4
3307 -260.11 284.83
3308 -100.14 172.41
3309 -29.32 66.26
3310 -21.34 206.7
3311 -94.84 53.55
3312 -221.49 21.5
3313 -30.77 143.81
3314 -162.75 257.99
3315 -59.49 223.52
3316 -143.77 13.98
3317 -0.72 221.28
3318 -148.92 83.73
3319 -28.88 292.89
3320 -40.81 75.38
3321 -111.78 128.29
3322 -89.12 83.56
3323 -255.97 255.41
3324 -205.19 72.79
3325 -279.49 168.82
3326 -222.37 110.05
3327 -131.55 50.34
3328 -194.15 119.86
3329 -261.37 45.84
3330 -269.36 240.42
3331 -137.93 320.86
3332 -101.67 89.13
3333 -56.38 22.17
3334 -198.59 250.59
3335 -209.49 85.27
3336 -97.08 239.4
3337 -206.49 204.79
3338 -19.72 69.72
3339 -142.51 138.46
3340 -190.8 224.91
3341 -218.48 98.01
3342 -31.87 89.17
3343 -92.56 26.04
3344 -71.88 109.54
3345 -233.48 29.93
3346 -234.32 224.77
3347 -313.9 254.93
3348 -277.11 11.99
3349 -146.1 46.29
3350 -15.08 151.7
3351 -274.62 31.59
3352 -119.9 112.16
3353 -181.88 157.11
3354 -295.58 139.62
3355 -248.05 207.92
3356 -189.45 162.38
3357 -135.08 142.53
3358 -52.09 104.84
3359 -214.38 111.16
3360 -24.61 7.5
3361 -232.27 7.38
3362 -262.32 258.93
3363 -154.44 222.17
3364 -151.98 215.43
3365 -250.65 300.54
3366 -215.65 167.06
3367 -162.74 201.27
3368 -34.39 219.07
3369 -34.69 20.63
3370 -112.07 213.49
3371 -259.39 282.74
3372 -308.8 301.52
3373 -82.36 70.47
3374 -65.15 36.89
3375 -44.39 180.26
3376 -187.64 89.77
3377 -24.7 160.18
3378 -58.36 9.48
3379 -108.43 62.67
3380 -246.73 93.86
3381 -260.93 35.08
3382 -236.36 138.39
3383 -240.98 99.67
3384 -3.82 154.27
3385 -43.76 275.68
3386 -117.94 323.41
3387 -300.93 303.15
3388 -257.15 102.74
3389 -23.16 59.29
3390 -239.55 322.3
3391 -295.59 67.55
3392 -111.26 310.72
3393 -320.2 203.82
3394 -266.49 169.62
3395 -147 104.64
3396 -23.24 189.22
3397 -211.13 83.93
3398 -67.13 143.12
3399 -297.39 128.12
3400 -79.8 278.47
3401 -277.89 224.67
3402 -203.83 81.26
3403 -184.01 254.82
3404 -197.64 20.5
3405 -226.32 207.17
3406 -158.24 320.71
3407 -190.95 197.92
3408 -285.26 269.5
3409 -322.64 187.16
3410 -175.32 227.75
3411 -300.49 145.65
3412 -113.1 82.08
3413 -225.21 187.63
3414 -199.27 180.23
3415 -134.71 82.12
3416 -306.8 279.07
3417 -243.85 296.12
3418 -226.94 186.63
3419 -90.65 103.86
3420 -194.55 308.1
3421 -304.82 316.97
3422 -74.41 28.8
3423 -181.82 171.77
3424 -242.45 35.67
3425 -263.42 180.47
3426 -209.64 301.29
3427 -59.38 123.44
3428 -311.07 322.74
3429 -178.98 168.11
3430 -250.23 186.34
3431 -24.93 197.21
3432 -169.33 233.03
3433 -303.18 268.78
3434 -256.17 279.79
3435 -263.9 69.83
3436 -270.33 126.72
3437 -39.04 128.24
3438 -300.01 20.74
3439 -263.94 220.87
3440 -284.86 101.99
3441 -79.28 86.88
3442 -210.32 170.5
3443 -169.24 22.18
3444 -73.81 197.39
3445 -267.25 231.74
3446 -104.95 0.05
3447 -116.6 292.18
3448 -120.49 157.8
3449 -113.6 95.79
3450 -49.14 52.66
3451 -62.9 261.02
3452 -65.26 319.47
3453 -223.74 309.47
3454 -89.86 248.79
3455 -26.78 163.68
3456 -250.56 50.72
3457 -104.74 313.59
3458 -219.29 136.89
3459 -217.8 157.5
3460 -272.77 293.11
3461 -293.16 161.06
3462 -12.76 261.24
3463 -95.05 293.28
3464 -272.59 133.25
3465 -69.43 92.17
3466 -29.19 321.74
3467 -200.73 132.34
3468 -117.81 301.97
3469 -226.76 307.99
3470 -147.67 207.67
3471 -141.91 137.07
3472 -126.66 281.76
3473 -302.17 130.17
3474 -287.67 21.95
3475 -198.58 195.97
3476 -240.55 236.44
3477 -173.69 51.26
3478 -20.55 253.32
3479 -270.09 152.26
3480 -244.43 293.14
3481 -290.88 15.53
3482 -31.39 157.14
3483 -135.11 51.14
3484 -35.13 32.72
3485 -123.91 245.39
3486 -58.46 66.33
3487 -231.61 265.82
3488 -71.99 68.64
3489 -90.6 209.78
3490 -289.27 243.18
3491 -39.15 172.7
3492 -223.97 89.35
3493 -18.67 96.36
3494 -248.62 244.52
3495 -213.66 172.28
3496 -187.81 52.57
3497 -209.71 64.07
3498 -322.73 102.72
3499 -135.44 228.34
3500 -33.25 33.86
3501 -307.71 259.35
3502 -84.69 299.24
3503 -43.88 215.32
3504 -101.1 40.2
3505 -283.39 18
3506 -190.71 273.9
3507 -39.25 206.06
3508 -302.42 90.68
3509 -11.2 265.44
3510 -113.72 110.56
3511 -163.13 108.38
3512 -55.97 185.06
3513 -287.78 256.36
3514 -44.22 54.7
3515 -296.09 306.75
3516 -242.1 77.47
3517 -52.71 279.8
3518 -54.65 2.8
3519 -43 304.12
3520 -322.12 39.27
3521 -313.17 209.91
3522 -91.97 188.83
3523 -279.51 235.94
3524 -177.38 277.91
3525 -64.47 174.23
3526 -166.14 174.63
3527 -35.69 227.6
3528 -159.96 222.11
3529 -160.34 206.99
3530 -189.74 87.7
3531 -165.18 132.43
3532 -295.75 107.85
3533 -318.17 101.41
3534 -81.53 26.4
3535 -65.68 244.69
3536 -130.61 287.18
3537 -152.01 262.37
3538 -174.32 106.1
3539 -60.02 315.05
3540 -48.8 27.7
3541 -202.33 124.49
3542 -235.62 214.94
3543 -113.06 121.54
3544 -212.06 279.1
3545 -42.81 156.92
3546 -289.35 77.8
3547 -69.17 91.51
3548 -192.92 144.62
3549 -54.55 63.34
3550 -308.04 157.98
3551 -121.16 120.23
3552 -58.6 322.17
3553 -104.27 156.69
3554 -147.74 116.44
3555 -144.15 47.81
3556 -55.83 196.55
3557 -295.01 230
3558 -235.07 291.45
3559 -246.55 291.59
3560 -124.51 123.13
3561 -200.93 172.88
3562 -264.39 297.38
3563 -118.01 153.63
3564 -100.49 16.84
3565 -174.82 172.56
3566 -176.31 292.05
3567 -290.22 179.5
3568 -12.19 118.43
3569 -234.88 278.02
3570 -1.83 43.46
3571 -123.53 55.03
3572 -168.55 57.66
3573 -232.63 94.54
3574 -62.14 79.62
3575 -86.27 38.71
3576 -211.59 186.65
3577 -160.04 170.73
3578 -0.36 151.99
3579 -52.35 161.57
3580 -10.13 100.85
3581 -68.91 110.69
3582 -290.19 69.96
3583 -188.39 242.65
3584 -196.67 185.9
3585 -229.36 99.27
3586 -37.82 82.03
3587 -23.21 28.89
3588 -6.96 89.9
3589 -53.04 255.85
3590 -294.56 69.1
3591 -255.75 139.32
3592 -310.05 65.67
3593 -217.66 299.31
3594 -136.88 310.41
3595 -294.78 270.01
3596 -264.22 30.53
3597 -100.49 247.21
3598 -165.87 230.41
3599 -92.32 172.41
3600 -155.2 246.06
3601 -211.61 205.2
3602 -117.62 76.55
3603 -166.45 118.35
3604 -50.2 124.58
3605 -193.68 103.01
3606 -242.33 228.28
3607 -293.95 8.95
3608 -191.79 111.9
3609 -305.83 71.14
3610 -224.67 4.67
3611 -242.73 276.62
3612 -83.35 164.9
3613 -278.83 226.74
3614 -75.15 249.22
3615 -54.81 254.67
3616 -19.4 113.88
3617 -190.43 149.94
3618 -268.29 137.02
3619 -145.12 240.4
3620 -19.41 202.01
3621 -106.29 222.32
3622 -114.79 261.75
3623 -49.65 283.77
3624 -238.43 306.58
3625 -194.78 31.49
3626 -191.63 22.62
3627 -71.04 113.51
3628 -16.25 274.98
3629 -83.73 233.4
3630 -164.07 298.93
3631 -88.81 22.06
3632 -172 66.99
3633 -204.01 162.76
3634 -79.16 116.3
3635 -318.31 232.65
3636 -130.97 98.57
3637 -243.84 308.13
3638 -151.42 245.77
3639 -111.87 177.02
3640 -92.03 273.37
3641 -295.99 306.65
3642 -303.68 283.66
3643 -118.16 250.56
3644 -159.96 319.94
3645 -178.39 201.89
3646 -107.47 0.03
3647 -67.03 150.72
3648 -313.48 279.48
3649 -279.3 154.56
3650 -63.22 68.64
3651 -50.73 273.61
3652 -141.26 77.71
3653 -207 294.58
3654 -147.6 292.68
3655 -242.05 318.88
3656 -301.53 239.63
3657 -82.81 97.57
3658 -24.13 281.22
3659 -160.68 200.97
3660 -286.39 184.09
3661 -67.64 222.59
3662 -49.31 69.86
3663 -232.86 18.19
3664 -56.28 246.31
3665 -314.95 188.16
3666 -21.3 3.02
3667 -288.25 249.2
3668 -219.78 162.56
3669 -14.77 171.26
3670 -166.14 250.9
3671 -50.05 140.34
3672 -237.91 27.19
3673 -191.93 132.86
3674 -217.36 145.56
3675 -5.65 236.13
3676 -134.72 63.27
3677 -16.65 280.82
3678 -182.53 67.55
3679 -313.86 133.04
3680 -321.2 238.81
3681 -125.35 188.33
3682 -113.54 226.02
3683 -272.11 89.61
3684 -260.87 9.32
3685 -143.75 286.88
3686 -310.74 310.53
3687 -13.72 193.8
3688 -210.19 224.66
3689 -46.22 89.18
3690 -1.31 311.07
3691 -50.34 259.4
3692 -99.74 136.04
3693 -87.11 274.51
3694 -83.55 282.27
3695 -80.61 76.98
3696 -265.31 288.28
3697 -73.82 89.48
3698 -179.09 262.37
3699 -155.22 21.93
3700 -192.33 323.48
3701 -310.01 298.97
3702 -168.77 179.08
3703 -79.74 207.26
3704 -296.44 262.48
3705 -249.55 9.48
3706 -152.4 181.27
3707 -317.31 183.41
3708 -17.45 252.14
3709 -93.94 287.95
3710 -40.93 101
3711 -272.8 58.07
3712 -147.55 189.76
3713 -128.14 22.63
3714 -252.08 210.17
3715 -209.65 283.36
3716 -141.85 120.42
3717 -299.5 79.19
3718 -286.45 194.14
3719 -132.63 262.76
3720 -155.76 142.41
3721 -323.68 58.18
3722 -125.12 191.69
3723 -3.35 200.52
3724 -164.47 142.57
3725 -127.09 97.29
3726 -38.88 88.92
3727 -162.2 283.42
3728 -189.57 186.44
3729 -280.13 173.86
3730 -16.74 117.65
3731 -238.07 165.78
3732 -244.97 158.59
3733 -28.74 97.09
3734 -243.37 90.94
3735 -116.87 44.89
3736 -310.59 75.14
3737 -266.83 0.08
3738 -200.6 111.71
3739 -137.8 153.7
3740 -251 248.59
3741 -221.03 264.9
3742 -107.84 173.4
3743 -243.36 266.75
3744 -116.62 297.41
3745 -91.06 199.49
3746 -41.28 16.88
3747 -175.48 212.66
3748 -309.75 169.77
3749 -144.24 87.74
3750 -132.63 229.13
3751 -187.79 261.11
3752 -261.19 119.22
3753 -114.46 14.14
3754 -167.84 21.31
3755 -153.42 252.26
3756 -76.68 302.36
3757 -151.77 50.45
3758 -200.73 184.52
3759 -157.93 278.65
3760 -154.15 317.35
3761 -10.23 132.52
3762 -21.18 78.95
3763 -248.72 69.23
3764 -156.97 214.45
3765 -3.1 68.96
3766 -213.6 173.12
3767 -175.87 74.41
3768 -88.55 150.79
3769 -172.11 173.85
3770 -102.11 139.92
3771 -1.8 209.05
3772 -259.51 62.32
3773 -246.84 153.57
3774 -315.75 136.24
3775 -13.11 288.3
3776 -304.34 145.9
3777 -224.85 230.86
3778 -300.1 209.04
3779 -307.01 33.09
3780 -309.58 16.59
3781 -73.24 310.12
3782 -60.53 199.18
3783 -25.97 249.11
3784 -98.96 32.61
3785 -56.05 81.6
3786 -290.66 84.59
3787 -146.91 57.85
3788 -94.95 109.69
3789 -129.45 277.28
3790 -125.1 86.7
3791 -232.6 26.08
3792 -256.94 312.96
3793 -198 16.97
3794 -257.58 233.04
3795 -133.16 181.01
3796 -50.65 243.16
3797 -118.34 206.4
3798 -15.03 318.71
3799 -234.84 27.84
3800 -109.44 321.51
3801 -289.62 290.89
3802 -24.74 283.62
3803 -69.31 320.06
3804 -156.86 3.21
3805 -89.91 82.28
3806 -108.36 165.48
3807 -154.44 206.03
3808 -106.52 41.31
3809 -157.87 235.96
3810 -92.97 40.11
3811 -283.27 174.55
3812 -264.47 27.15
3813 -21.86 77.62
3814 -105.46 163.02
3815 -44.05 140.22
3816 -107.11 98.42
3817 -265.57 9.68
3818 -213.26 15.37
3819 -18.59 10.88
3820 -300.69 46.12
3821 -211.6 316.02
3822 -81.58 292.57
3823 -9.88 249.56
3824 -161.52 188.1
3825 -228.21 51.28
3826 -109.35 138.01
3827 -165.16 71.01
3828 -32.15 49.83
3829 -212.85 70.54
3830 -210.76 21.13
3831 -3.07 256.91
3832 -150.11 201.39
3833 -100.29 268.64
3834 -279.53 246.89
3835 -293.01 2.4
3836 -318.42 139.74
3837 -108.31 64.13
3838 -197.21 283.52
3839 -147.63 1.72
3840 -53 34.73
3841 -56.26 259.36
3842 -213.89 45.87
3843 -95.7 104.95
3844 -175.49 246.04
3845 -150.69 192.08
3846 -8.51 269.78
3847 -147.17 153.77
3848 -98.41 42.14
3849 -289.03 130.98
3850 -133.38 261.46
3851 -77.2 141.56
3852 -205.69 11.33
3853 -294.85 185.52
3854 -70.76 78.9
3855 -321.15 2
3856 -261.37 7.28
3857 -53.15 53.41
3858 -41.88 34.78
3859 -280.83 148.86
3860 -224.46 217.38
3861 -46.68 107.52
3862 -261.29 232.97
3863 -275.11 77.37
3864 -208.36 35.71
3865 -297.17 240.14
3866 -57.7 17.74
3867 -29.07 257.9
3868 -2.94 146.91
3869 -109.33 323.93
3870 -1.93 73.7
3871 -80.98 314
3872 -250.93 146.82
3873 -181.61 17.65
3874 -166.51 292.82
3875 -69.72 21.96
3876 -13 274.49
3877 -183.46 116.4
3878 -193.77 157.82
3879 -77.05 18.09
3880 -258.23 78.13
3881 -303.4 257.74
3882 -191.64 199.45
3883 -229.88 215.99
3884 -99.44 194.58
3885 -151.8 15.21
3886 -212.73 101.38
3887 -131.72 116.3
3888 -133.96 139.67
3889 -108.49 196.85
3890 -218.81 183.99
3891 -134.49 178.21
3892 -178.13 115.34
3893 -273.16 317.95
3894 -12.05 47.9
3895 -9.56 26.21
3896 -283.95 153.8
3897 -236.78 196.48
3898 -88.47 35.12
3899 -113.22 142.66
3900 -41.4 187.92
3901 -172.82 148.55
3902 -264.85 254.13
3903 -277.32 304.54
3904 -60.92 74.81
3905 -142.33 61.81
3906 -123.54 279.73
3907 -278.59 276.82
3908 -154.29 301.67
3909 -233.1 227.75
3910 -137.48 49.86
3911 -87.19 242.66
3912 -115.14 97.44
3913 -16.08 323.97
3914 -26.15 87.13
3915 -275.05 129.3
3916 -277.85 67.55
3917 -205.21 123.87
3918 -311.94 102.23
3919 -60.56 158.53
3920 -103.87 48.86
3921 -212.11 202.89
3922 -155.71 227.41
3923 -88.61 166.71
3924 -70.46 193.53
3925 -126.91 321.71
3926 -240.37 207.95
3927 -188.91 214.1
3928 -214.07 239.03
3929 -2.16 88.51
3930 -101.33 123.75
3931 -74.82 160.74
3932 -284.61 55.19
3933 -40.94 280.03
3934 -322.09 156.07
3935 -204.93 101.5
3936 -304.4 101.96
3937 -5.37 93.05
3938 -259.76 19.63
3939 -96.68 93.98
3940 -299.21 213.74
3941 -305.21 223.6
3942 -113.7 215.58
3943 -14.13 53.64
3944 -142.15 211.3
3945 -11.05 223.82
3946 -60.56 243.49
3947 -182.2 85.87
3948 -249.43 228.69
3949 -60.77 223.14
3950 -208.16 247.52
3951 -25.48 149.22
3952 -242.27 188.56
3953 -91.72 238.37
3954 -215.88 61.55
3955 -158.82 71.92
3956 -295.52 191.09
3957 -290.2 140.03
3958 -77.2 85.23
3959 -180.05 187.85
3960 -87.67 219.35
3961 -138.84 74.62
3962 -44.01 31.75
3963 -143.97 321.04
3964 -103.7 293.44
3965 -100.48 204.74
3966 -237.48 311.87
3967 -59.95 9.48
3968 -247.86 155.76
3969 -100.83 35.19
3970 -107.12 23.26
3971 -97.87 143.17
3972 -166.73 78.64
3973 -47.39 64.07
3974 -251.93 243.93
3975 -139.28 227.44
3976 -185.58 223.12
3977 -138.4 161.65
3978 -42.21 229.6
3979 -82.56 282.37
3980 -46.63 145.92
3981 -17.31 183.05
3982 -192.53 284.11
3983 -323.39 77.26
3984 -112.46 323.91
3985 -23.17 100.23
3986 -126.92 103.1
3987 -181.74 121.05
3988 -68.64 293.65
3989 -213.58 112.66
3990 -223.62 204.09
3991 -103.22 28.87
3992 -190.52 85.21
3993 -314.81 241.62
3994 -83.51 232.73
3995 -262.17 73.37
3996 -256.42 130.14
3997 -90.25 279.48
3998 -240.27 8.48
3999 -8.39 89.65
4000 -73.4 236.25
4001 -15.35 31.57
4002 -36.14 200.32
4003 -169.98 80.61
4004 -193.27 104.78
4005 -308.88 59.56
4006 -295.95 92.9
4007 -61.63 295.62
4008 -96.76 45.99
4009 -162.25 52.44
4010 -9.33 180.27
4011 -193.93 307.94
4012 -263.43 149.28
4013 -157.76 284.18
4014 -49.83 63.22
4015 -299.47 166.15
4016 -81.24 6.75
4017 -207.08 314.82
4018 -278.95 0.9
4019 -105.69 53.06
4020 -320.14 148.23
4021 -124.65 298.09
4022 -153.23 175.62
4023 -105.13 186.28
4024 -122.24 249.99
4025 -313.78 267.38
4026 -251.33 131.57
4027 -280.85 183.71
4028 -27.41 74.28
4029 -137.5 322.13
4030 -164.29 284.77
4031 -291.52 112.97
4032 -311.31 129.05
4033 -129.96 58.12
4034 -111.18 149.78
4035 -298.01 119.17
4036 -300.78 314.85
4037 -49.99 306.18
4038 -168.46 130.01
4039 -263.52 155.12
4040 -306.03 174.22
4041 -305.8 136.82
4042 -204.05 233.36
4043 -191.16 146.17
4044 -144.31 231.46
4045 -75.75 4.66
4046 -1.15 192.12
4047 -321.17 43.28
4048 -101.4 195.98
4049 -21.76 10.65
4050 -13.34 96.11
4051 -294.48 203.3
4052 -185.48 314.12
4053 -3.65 227.99
4054 -59.11 237.47
4055 -87.69 267.17
4056 -287.51 41.14
4057 -158.02 277.01
4058 -99.19 51.08
4059 -166.07 25.18
4060 -237.36 243.5
4061 -111.62 241.82
4062 -168.62 238.51
4063 -318.01 316.31
4064 -2.97 153.55
4065 -133.18 15.78
4066 -102.6 16.31
4067 -213.96 103.66
4068 -7.65 171.6
4069 -85.07 217.61
4070 -44.31 274.28
4071 -198.95 56.29
4072 -216.82 7.82
4073 -58.91 32.97
4074 -265.68 316.01
4075 -119.03 224.98
4076 -26.32 179.04
4077 -301.08 230.65
4078 -106.49 194.95
4079 -24.5 295.09
4080 -194.39 109.46
4081 -9.29 157.68
4082 -144.86 180.51
4083 -28.12 223.25
4084 -0.39 36.03
4085 -310.31 320.71
4086 -260.52 44.7
4087 -260.04 68.78
4088 -101.76 153.35
4089 -145.36 202.47
4090 -310.97 250.96
4091 -313.52 147.92
4092 -262.09 220.82
4093 -91.77 290.6
4094 -145.22 44.58
4095 -37.56 323.79
4096 -40.99 223.13
4097 -79.65 46.86
4098 -153.63 185.85
4099 -221.88 107.77
4100 -312 37.54
4101 -82.24 91.71
4102 -160.5 248.53
4103 -77.88 225.81
4104 -311.8 145.78
4105 -280.26 106.76
4106 -254.68 298.78
4107 -195.6 269.78
4108 -119.91 192.78
4109 -237.36 170.89
4110 -170.68 265.13
4111 -47.78 158.45
4112 -205.31 211.67
4113 -281.04 10.95
4114 -2.24 242.46
4115 -280.01 62.44
4116 -37.67 314.25
4117 -238.78 245.77
4118 -31.1 198.17
4119 -227.47 200.18
4120 -306.94 18.91
4121 -317.69 183.73
4122 -129.52 237.63
4123 -313.93 72.81
4124 -127.22 249.43
4125 -74.08 110.81
4126 -269.26 181.42
4127 -69.09 5.38
4128 -16.34 34.09
4129 -276.56 233.65
4130 -296.09 18.58
4131 -216.35 116.09
4132 -245.38 9.76
4133 -91.46 131.13
4134 -214.83 276.49
4135 -295.4 202.45
4136 -269.71 197.78
4137 -318.93 172.61
4138 -128.94 75.23
4139 -208.18 308.86
4140 -95.67 256.16
4141 -113.58 165.78
4142 -54.68 40.94
4143 -75.03 66.19
4144 -299.84 71.02
4145 -297.13 235.11
4146 -234.72 155.45
4147 -165.21 189.48
4148 -204.14 156.11
4149 -108.6 140.19
4150 -18.65 94.97
4151 -292.75 80
4152 -252.61 288.36
4153 -247.11 171.2
4154 -156.06 57.55
4155 -197.23 14.81
4156 -64.11 135.26
4157 -59.72 310.81
4158 -53 118.79
4159 -73.34 134.75
4160 -253.39 236.36
4161 -67.81 46.47
4162 -119.47 164.11
4163 -320.22 116.54
4164 -140.26 323.61
4165 -94.59 104.82
4166 -68.34 42.43
4167 -6.79 270.86
4168 -1.59 204.47
4169 -262.02 137.42
4170 -35.75 157.65
4171 -176.43 18.77
4172 -5.58 307.38
4173 -102.17 236.15
4174 -254.43 266.1
4175 -61.98 59.03
4176 -105.5 183.82
4177 -231.45 13.31
4178 -129.86 224.98
4179 -224.59 227.68
4180 -216.02 270.12
4181 -312.55 202.7
4182 -33.09 284.37
4183 -164.84 202.86
4184 -223.8 34.68
4185 -75.85 310.39
4186 -212.68 143.07
4187 -126.45 135.81
4188 -47.96 101.79
4189 -43.89 112.14
4190 -171.18 185.91
4191 -45.73 313.4
4192 -2.71 160.2
4193 -61.18 160.71
4194 -64.39 16.09
4195 -286.21 169.3
4196 -255.52 163.93
4197 -7.82 158.28
4198 -244.66 172.13
4199 -90.33 172.67
4200 -42.58 27.98
4201 -171.05 49.71
4202 -185.52 255.26
