%%index real_part   imaginary_part
4238 4238 4238
1 317.97 752.85
2 112.71 434.94
3 694.26 749.1
4 712.01 93.25
5 429.76 127.22
6 233.66 433.04
7 487.91 128.5
8 314.75 1027.48
9 497.81 205.05
10 991.69 167.64
11 384.45 926.72
12 1020.34 585.24
13 667.38 493.88
14 852.76 415.7
15 755.55 542.66
16 660.03 154.9
17 983.37 44.52
18 793.62 772.74
19 230.51 13.15
20 533.89 870.15
21 667.72 660.27
22 153.29 767.56
23 766.04 520.15
24 725.2 468.05
25 0.21 628.38
26 526.1 687.89
27 637.65 384.67
28 243.07 517.44
29 297.66 669.55
30 183.22 66.83
31 615.25 24.21
32 462.26 843.25
33 980.52 569.62
34 976.3 620.4
35 855.08 575.55
36 600.35 481.19
37 219.75 887.32
38 378.47 753.64
39 192.69 350.32
40 978.7 74.67
41 127.09 192.91
42 971.1 475.8
43 357.76 764.74
44 405.3 185.17
45 252 19.95
46 44.16 982.04
47 160.81 867.25
48 801.4 899.94
49 884.87 505.85
50 52.41 748.7
51 594.41 710.95
52 569.27 652.76
53 377.4 178.69
54 529.01 312.26
55 780.45 963.62
56 521.05 872.23
57 319.03 907.54
58 7.81 463.15
59 648.32 41.31
60 61.26 806.63
61 124.19 264.84
62 103.09 498.95
63 369.89 285
64 790.86 904.49
65 1017.71 225.76
66 301.23 207.79
67 860.55 583.13
68 761.82 235.02
69 547.28 602.47
70 930.61 655.35
71 498.58 298.74
72 570.8 422.66
73 250.33 817.61
74 223.44 578.61
75 749.76 898.65
76 134.49 284.71
77 783.66 873.95
78 523.48 631.11
79 900.12 518.07
80 108.36 285.34
81 886.65 888.84
82 836.49 409.59
83 644.62 718.2
84 685.19 962.83
85 589.18 162.9
86 855.16 586.81
87 1009.47 58.76
88 240.89 396.97
89 340.1 230.81
90 493.98 464.33
91 113.56 60.87
92 299.34 1022
93 624.11 897.22
94 779.82 822.82
95 472.68 888.75
96 113.11 888.18
97 268.77 330.33
98 413.05 949.6
99 883.43 277.91
100 834.34 69.25
101 656.06 443.61
102 895.89 660.5
103 28.47 1.05
104 231.86 107.78
105 965.64 762.1
106 822.97 90.37
107 83.37 50.2
108 311.95 486.83
109 280.66 72
110 960.75 62.77
111 950.95 753.34
112 448.2 44.87
113 358.99 584.24
114 862.16 861.25
115 930.5 213.43
116 21.56 667.5
117 692.52 951.08
118 952.14 917.46
119 389.76 85.52
120 847.62 155
121 638.89 326.4
122 770.13 641.59
123 492.94 722.26
124 158.78 53.08
125 115.85 773.6
126 891.47 484.06
127 528.93 431.32
128 1015.56 704.19
129 536.44 252.44
130 465.87 213.24
131 245.26 831.47
132 753.55 880.96
133 769.42 937.79
134 1023.31 676.69
135 196.22 130.18
136 850.11 206.45
137 212.56 835.11
138 528.38 591.24
139 8.84 705.5
140 450.11 51.68
141 535.74 124.69
142 949.53 706.1
143 381.29 429.19
144 681.64 300.61
145 513.86 282.25
146 84.72 512.03
147 363.99 123.64
148 32.43 838.28
149 879.49 497.93
150 1021.64 420.26
151 626.71 46.71
152 881.83 842.75
153 798.51 203.79
154 909.3 774.73
155 826.41 807.35
156 296.56 723.93
157 401.03 726.68
158 126.87 217.09
159 517.7 146.84
160 822.61 808.51
161 291.55 396.08
162 519.73 907.34
163 81.14 20.06
164 518 945.68
165 336.95 960.63
166 371.87 904.16
167 717.91 328.18
168 531.98 224.7
169 363.95 880.94
170 659.29 805.8
171 500.73 554.88
172 252.56 320.37
173 537.46 266.28
174 806.64 379.44
175 158.95 419.68
176 815.77 600.25
177 872.11 844.02
178 228.61 306.5
179 223.18 953.25
180 249.41 746.61
181 1015.29 953.65
182 646.36 621.28
183 210.5 704.2
184 949.66 542.86
185 319.66 574.45
186 100.33 973.47
187 264.84 820.39
188 57.67 352.9
189 96.86 166.82
190 586.5 228.83
191 829.08 649.33
192 857.88 766.79
193 44.29 672.2
194 596.45 57.49
195 168.62 661
196 585.65 210.38
197 831.66 154.91
198 223.63 203.01
199 745.87 13.16
200 981.13 144.29
201 482.28 36.53
202 221.44 52.47
203 798.89 747.12
204 278.46 672.63
205 901.46 260.27
206 909.6 229.48
207 996.28 66.07
208 738.27 738.48
209 795.97 11.57
210 672.57 699.24
211 909.63 329.11
212 484.02 622.75
213 190.28 76.81
214 483.5 707.65
215 216.46 936.16
216 337.21 435.63
217 881.62 698.74
218 810.38 952.18
219 595.81 16.03
220 276.3 59.84
221 289.33 861.8
222 927.87 156.91
223 259.91 256.61
224 661.7 1.66
225 700.9 26.89
226 356 698.8
227 292.55 975.05
228 416.39 204.55
229 276.72 482.83
230 783.51 899.89
231 306.52 493.19
232 556.45 485.25
233 408.43 159.15
234 175.18 337.84
235 791.2 368.76
236 595.08 845.01
237 1001.92 51.53
238 701.66 887.47
239 889.13 232.83
240 653.24 727.89
241 397.69 954.56
242 265.13 373.77
243 578.32 54.76
244 931.11 681.52
245 552.41 855.04
246 712.75 685.63
247 535.4 223.46
248 776.13 240.21
249 578.05 308.35
250 677.11 315.83
251 131.84 340.25
252 785.31 636.72
253 495.19 498.28
254 731.12 851.49
255 550.38 355.33
256 674.41 748.88
257 93.65 948.07
258 1002.83 939.54
259 985.59 36.49
260 256.06 269.47
261 955.1 509
262 96.98 968.81
263 180.02 855.02
264 134.37 873.11
265 159.95 122.59
266 462.85 176
267 812.72 685.31
268 154.6 612.68
269 435.17 278.92
270 1027.77 885.72
271 999.12 985.56
272 269.15 673.18
273 977.24 63.78
274 493.79 636.51
275 905.98 933.83
276 807.36 749.85
277 689.67 196.6
278 22.62 904.34
279 112.98 869.69
280 356.81 156.99
281 332.99 666.45
282 322.76 184.18
283 796.86 510.24
284 153.68 477.36
285 334.08 596.55
286 553.11 152.45
287 190.15 697.73
288 761.51 822.27
289 429.78 138.39
290 436.75 619.82
291 340.68 306.76
292 896.88 215.11
293 483.97 1.35
294 235.56 919.5
295 441.01 596.95
296 627.92 592.37
297 776.55 138.52
298 648.76 950.69
299 399.05 544.41
300 505.49 802.44
301 319.41 97.66
302 795.39 29.6
303 216.39 509.56
304 12.48 921.42
305 512.24 10.69
306 710.97 449.23
307 28.86 852.92
308 218.79 578.85
309 469.35 906.35
310 867.83 454.36
311 17.73 910.36
312 19.89 466.75
313 388.44 158.81
314 67.74 33.17
315 835.62 787.5
316 249.68 573.23
317 602.84 126.03
318 0.12 16.07
319 937.49 183.75
320 194.45 12.6
321 855.35 814.25
322 638.18 269.94
323 848.8 248.73
324 519.6 856.97
325 675.85 682.67
326 957.56 358.43
327 189.71 58.11
328 216.92 977.45
329 1010.62 578.15
330 730.17 678.18
331 222.42 181.76
332 701.32 979.85
333 360.44 189.78
334 373.53 701.44
335 78.56 662.45
336 447.71 961.5
337 202.45 298.43
338 940.68 450.41
339 671.9 415.77
340 69.44 431.28
341 154.24 318.76
342 770.39 1027
343 339.97 343.95
344 286.62 987.31
345 636.49 715.12
346 261.4 1016.8
347 332.17 223.43
348 413.21 962.72
349 1028.68 57.14
350 719.59 151.27
351 83.77 78.24
352 770.19 138.3
353 982.23 679.74
354 460.03 681.87
355 84.16 625.14
356 308.42 923
357 285.52 631.92
358 975.87 49.81
359 401.64 625.5
360 705.14 233.49
361 614.81 402.65
362 626.09 966.54
363 900.27 311.51
364 368.65 10.3
365 555.09 899.95
366 342.72 59.24
367 591.07 638.87
368 683.13 83.91
369 130.31 544.3
370 533.96 507.69
371 401.69 607.99
372 210.91 842.38
373 256.71 687.21
374 677.23 157.78
375 784.79 658.35
376 32.01 353.37
377 684.44 764.13
378 46.64 22.62
379 426.44 555.71
380 820.18 808.81
381 868.05 981.54
382 984.93 527.42
383 1004.86 823.64
384 732.47 3.58
385 511.27 106.17
386 714.16 630.95
387 444.34 912.96
388 964.7 925.07
389 447.37 65.57
390 723.93 612.93
391 966.31 203.16
392 331.81 120.46
393 536.6 621.75
394 541.98 378.45
395 158.26 963.04
396 915.58 726.68
397 618.63 390.84
398 579 236.03
399 239.62 594.49
400 700.66 282.47
401 913.43 750.89
402 1028.38 779.34
403 675.41 722.29
404 787.86 964.08
405 548.01 93.78
406 690.46 876.31
407 361.29 878.84
408 865.11 1022.28
409 765.25 897.89
410 196.46 771.61
411 862.82 288.04
412 678.88 83.04
413 712.6 452.45
414 411.46 228.88
415 904.88 952.22
416 674.11 476.64
417 226.98 789.31
418 876.12 673.49
419 1002.09 266.91
420 754.21 634.98
421 875.82 521.11
422 764.47 415.67
423 802.47 208.11
424 470.53 600.59
425 736.72 932.25
426 191.29 666.99
427 114.55 570.54
428 387.51 870.17
429 463.57 827.15
430 750.37 798.97
431 246.61 339.45
432 493.28 789.01
433 827.02 473.59
434 105.02 340.4
435 975.39 800.12
436 685.75 859.23
437 639.43 822.21
438 394.84 421.22
439 386.33 806.42
440 709.67 865.37
441 896.88 94.06
442 664.6 900.96
443 106.65 1011.44
444 174.11 23.12
445 186.61 570.23
446 274.2 924.49
447 49.02 433.23
448 271.34 767.49
449 78.89 876.04
450 11.68 376.37
451 206.6 418.8
452 212.01 61.95
453 483.18 210.55
454 1016.98 1000.38
455 201.27 234.03
456 328.09 697.65
457 569.62 69.16
458 445.12 357.22
459 773.86 40.79
460 611.02 619.23
461 908.24 324.99
462 758.22 885.23
463 623.72 321.78
464 562.35 394.09
465 134.98 67.13
466 485.94 574.03
467 635.99 735.1
468 945.66 62.47
469 33.85 483.69
470 82.24 933.64
471 602.29 628.65
472 62.33 410.34
473 132.08 536.43
474 970.75 507.45
475 491.2 270.46
476 595.45 552.77
477 802.52 763.97
478 56.75 718.2
479 83.29 790.76
480 857.9 1012.62
481 951.18 218.27
482 953.37 314.84
483 770.83 951.69
484 406.38 870.03
485 139.19 169.21
486 797.86 488.62
487 263.48 106.01
488 6.96 860.19
489 732.16 789.08
490 30.54 977.71
491 501.49 587.88
492 716.37 626
493 315.2 668.53
494 823.82 773.13
495 121.27 792.01
496 1010.28 652.72
497 332.08 43.45
498 995.14 299.17
499 140.21 467.43
500 636.64 766.04
501 619.19 672.92
502 778.93 405.5
503 630.21 882.67
504 642.76 785.9
505 734.61 333.37
506 921.26 37.82
507 28.34 600.62
508 633.68 608.63
509 746.28 737.06
510 500.07 428.5
511 445.74 232.08
512 275.53 481.35
513 780.53 142.34
514 609.77 241.68
515 1007.72 285.26
516 958.18 217.42
517 622.92 597.91
518 845.11 72.64
519 223.06 224.14
520 951.03 852.39
521 254.73 957.67
522 922.82 843.29
523 816.45 283.08
524 1020.14 527.5
525 320.52 927.25
526 523.85 491.22
527 337.09 766.26
528 908.6 799.39
529 405.59 482.14
530 131.92 489.37
531 706.79 777.83
532 346.75 454.63
533 527.27 300.72
534 918.38 556.38
535 773.29 750.33
536 43.52 840.41
537 19.23 1028.02
538 675.62 330.86
539 858.36 200.2
540 98.45 666.77
541 522.51 149.88
542 280.66 1015.83
543 786.22 224.12
544 70.79 160.26
545 649.64 162.81
546 940.64 202.71
547 657.34 327.43
548 1021.67 651.91
549 572.81 549.13
550 663.98 911.05
551 722.47 317.1
552 709.65 72.03
553 402.89 741.7
554 941.9 356.27
555 387.56 625.78
556 140.18 404.87
557 391.7 274.59
558 498.72 420.85
559 581.11 542.44
560 705.25 569.51
561 136.74 201.75
562 922.71 1010.42
563 633.33 158.61
564 72.26 279.9
565 161.96 570.67
566 887.77 736.25
567 172.8 248.95
568 355.17 961.94
569 682.74 575.69
570 565.99 661.59
571 430.98 41.3
572 709.42 706.18
573 98.03 187.21
574 729.65 179.14
575 113.17 43.66
576 638.94 799.43
577 780.85 643.43
578 802.04 532.65
579 812.55 778.7
580 320.37 874.31
581 975.08 339.03
582 981.5 572.67
583 505.61 118.88
584 694.57 307.67
585 333.78 159.35
586 594.18 231.57
587 302.27 764.77
588 951.98 274.6
589 847.26 400.3
590 443.96 652.63
591 816.58 324.95
592 968.38 53.9
593 980.07 568.43
594 711.66 741.43
595 980.26 128.15
596 860.7 3.03
597 969.22 926.34
598 16.22 813.21
599 485.4 445.84
600 998.71 75.31
601 700.4 819.19
602 554.96 563.89
603 203.01 1002.67
604 767.49 477.94
605 495.09 21.27
606 346.22 182.46
607 629.88 676.2
608 609.15 679.13
609 785.08 974.48
610 73.63 291.81
611 688.37 736.34
612 633.68 934.33
613 83.06 628.59
614 45.43 14.42
615 89.73 568.47
616 358.66 408.67
617 972.56 790.14
618 128.33 278.14
619 120.6 146.58
620 561.37 895.83
621 49.29 1009.21
622 656.41 272.12
623 951.25 43.69
624 1018.17 236.57
625 528.38 71.85
626 808.19 456.32
627 361.66 581.27
628 180.87 412.87
629 820.81 838.24
630 377.71 619.82
631 1028.49 910.54
632 36.2 100.89
633 772.55 972.06
634 483.16 164.54
635 31.37 893.15
636 873.37 409.05
637 681.17 474.18
638 517.87 894.3
639 101.87 996.94
640 39.79 507.05
641 327.89 1023.78
642 576.05 847.98
643 625.37 689.55
644 892.32 121.44
645 741.27 417.18
646 692.25 634.55
647 735.45 740.76
648 48.34 728.45
649 257.51 479
650 736.68 531.5
651 940.56 288.88
652 763.06 974.57
653 839.87 986.25
654 318.72 645.46
655 517.03 306.27
656 301.05 358.51
657 571.02 844.92
658 899 241.62
659 363.07 560.91
660 342.62 762.32
661 367.87 75.34
662 816.1 399.39
663 492.36 467.84
664 311.37 864.45
665 760.47 749.88
666 9.76 19.05
667 993.62 36.55
668 387.33 137.35
669 782.81 169.01
670 475.28 706.05
671 429.08 664.36
672 480.28 140.85
673 382.48 1000.1
674 925.54 350.28
675 477.12 745.55
676 185.41 632.68
677 3.07 845
678 677.36 366.03
679 595 495.43
680 609.83 988.73
681 372.3 326.48
682 756.55 619.6
683 121.47 730.44
684 899.46 114.88
685 820.93 268.8
686 933.16 739.26
687 880.12 221.02
688 585.64 777.96
689 492.77 233.6
690 343.67 875.7
691 479.38 969.89
692 150.41 922.6
693 259.63 875.97
694 735.93 827.78
695 152.03 854.64
696 545.64 316.76
697 300.88 917.86
698 619.3 273.19
699 388.08 422.35
700 691.15 883.28
701 987.07 573.53
702 159.07 988.83
703 737.8 838.19
704 436.31 744.72
705 591.42 201.57
706 535.98 779.98
707 38.1 435.33
708 675.82 686.4
709 878.7 297.73
710 516.89 382.75
711 699.52 395.25
712 284.11 33.53
713 700.25 1000.4
714 787.28 267.94
715 515.74 452.85
716 1026.38 842.95
717 802.79 473.81
718 283 156.46
719 265.7 905.11
720 77.68 83.83
721 228.33 221.64
722 656.97 1007.18
723 664.58 266.43
724 564.17 697.32
725 51.07 907.8
726 274.06 445.58
727 872.64 115.11
728 86.52 951.69
729 190.63 543.89
730 996.74 238.32
731 52.27 706.38
732 151.19 358.64
733 908.62 855.06
734 731.17 827.72
735 911.55 145.32
736 366.97 173.37
737 545.08 110.89
738 770.84 388.46
739 56.78 574.18
740 452.99 699.53
741 116.12 501.38
742 616.49 91.57
743 14.26 988.76
744 897.17 67.53
745 305.85 204.9
746 275.8 864.91
747 588.07 358.13
748 577.71 820.51
749 1012.75 467.7
750 1006.54 673.41
751 211.3 259.83
752 370.72 344.51
753 97.5 756.38
754 301.57 506.08
755 176.62 547.8
756 20.18 119.08
757 210.65 292.74
758 252.5 636.68
759 704.21 618.43
760 187.85 120.67
761 350.1 374.59
762 732.72 463.65
763 648.69 302.69
764 770.39 674.95
765 319.36 632.44
766 892.27 747.94
767 456.97 530.67
768 651.57 627.51
769 104.6 947.99
770 466.8 317.66
771 436.74 281.22
772 573.96 486.98
773 488.18 11.91
774 630.35 190.98
775 705.17 556.92
776 931.51 818.2
777 646.38 419.79
778 722.48 1028.75
779 674.7 266.07
780 898.51 857.4
781 969.86 358.59
782 889.26 761.79
783 753.82 397.83
784 316.83 905.35
785 194.02 858.42
786 110.64 148.15
787 1028.65 1024.28
788 7.2 49.12
789 633.62 881.36
790 409.28 2.07
791 184.79 703.31
792 487.62 705.31
793 705.06 195.69
794 461.76 181.11
795 403.03 744.28
796 73.87 724.8
797 851.11 343.89
798 741.72 963.13
799 204.01 575.93
800 405.36 423.07
801 964.74 791.55
802 786.83 909.52
803 323.17 964.4
804 816.76 158.55
805 554.14 956.79
806 1024.63 590.56
807 266.87 738.94
808 934.63 483.25
809 28.88 971.93
810 687.21 760.92
811 456.72 431.91
812 775.8 761.09
813 59.74 278.83
814 219.28 882.05
815 669.64 657.27
816 419.82 1018.16
817 898.69 605.39
818 540.79 177.66
819 729.73 586.38
820 907.69 722.07
821 283.63 254.88
822 358.34 903.32
823 751.1 550.5
824 886.95 657.49
825 389.41 779.98
826 182.9 938.68
827 35.29 846.13
828 489.48 323.22
829 569.79 488.56
830 116.83 708.77
831 62.45 210.44
832 180.35 930.18
833 472.36 961.14
834 518.52 85.66
835 807.73 173.09
836 427.97 397.22
837 665.06 455.88
838 370.9 150.83
839 808.33 387.16
840 138.15 228.85
841 532.05 168.74
842 379.4 714.57
843 402.31 960.87
844 420.43 233.4
845 306.69 972.11
846 153.55 930.78
847 831.96 369.15
848 301.29 333.9
849 813.08 275.32
850 448.42 184.34
851 975.08 591.81
852 18.69 240.91
853 391.75 1004.66
854 362.83 783.11
855 376.48 171.08
856 733.34 894.5
857 580.07 908.53
858 840.4 477.26
859 710.67 346.9
860 290.01 625.35
861 527.14 1017.36
862 357.51 837.08
863 535.5 723.62
864 998.95 23.33
865 601.19 319.58
866 911.39 811.89
867 417.32 940.79
868 916.45 294.6
869 48.71 173.59
870 738.19 643.8
871 509.3 425.19
872 698.25 442.54
873 919.8 453.89
874 800.8 903.17
875 499.53 601.47
876 983.36 455.33
877 263.42 391.19
878 85.81 705.39
879 728.72 798.92
880 483.03 449.28
881 625.69 694.43
882 606.22 758.94
883 418.07 14.02
884 187.61 493.68
885 502 466.78
886 256.5 925.81
887 732.87 1011.31
888 829.72 319.27
889 193.44 1017.19
890 983.19 601.52
891 27.86 57.49
892 842.2 937.55
893 613.94 684.8
894 848.24 292.54
895 106.34 707.19
896 372.62 302.27
897 32.22 732.04
898 746.06 978.85
899 837.05 450.29
900 281.59 298.19
901 588.52 310.05
902 685.88 931.61
903 221.88 685.91
904 674.11 486.61
905 59.13 808.85
906 866.34 628.3
907 536.85 480.51
908 136.31 44.07
909 336.61 515.31
910 193.5 984.56
911 651.35 442.95
912 145.99 566.13
913 909.5 683.57
914 498.38 256.57
915 948.29 82.07
916 392.12 779.98
917 682.59 901.33
918 558.25 442.53
919 929.14 269
920 48.85 203.36
921 831.66 352.79
922 833.31 279.71
923 323.78 733.03
924 219.34 334.14
925 683.22 24.91
926 467.87 412.85
927 343.5 305.58
928 353.67 1007.38
929 628.48 617.52
930 699.59 852.06
931 996.56 547.77
932 420.1 456.23
933 898.76 14.67
934 283.67 978.35
935 546.23 798.9
936 516.22 726.04
937 1005.76 742.41
938 446.44 714.05
939 19.19 694.06
940 718.98 30.31
941 836.68 66.94
942 766.04 551.37
943 529.75 151.18
944 768.7 90.71
945 307.29 129.23
946 41.52 832.81
947 260.04 274.85
948 683.05 855.15
949 169.02 129.81
950 293.23 966.72
951 663.77 715.26
952 428.67 809.45
953 494.5 5.05
954 63.63 239.64
955 663.47 907.22
956 338.68 782.61
957 304.98 471.15
958 1015.85 75.72
959 559.95 199.26
960 328.49 120.07
961 952.88 231.77
962 900.14 763.54
963 589.69 183.92
964 707.25 554.19
965 885.44 758.71
966 444.97 1000.49
967 145.46 520.21
968 918.78 238.17
969 871.33 4.49
970 911.71 982.41
971 100.55 505.8
972 976.95 614.91
973 690.63 405.53
974 998.31 328.32
975 448.39 615.1
976 846.87 691.33
977 425.87 765.79
978 314.23 82.54
979 636.73 1015.56
980 109.79 1021.49
981 357.5 493.17
982 377.9 554.77
983 157.46 896.48
984 900.97 267.68
985 614.62 393.31
986 899.11 148.2
987 763.11 715.17
988 485.22 211.58
989 539.9 424.74
990 404.37 454.54
991 116.87 352.81
992 483.12 222.24
993 304.78 542.74
994 922.82 797.35
995 789.84 306.04
996 799.21 3.61
997 951.9 511.86
998 379.35 541.64
999 809.32 473.88
1000 867.19 251.32
1001 793.05 788.46
1002 474.63 737.3
1003 313.4 527.16
1004 316.43 959.86
1005 385.4 217.82
1006 964.15 720.8
1007 307.56 895.79
1008 803.05 418.27
1009 186.63 1005.87
1010 282.91 696.87
1011 65 340.99
1012 852.86 446.64
1013 988.28 1016.91
1014 461.79 596.73
1015 212.57 133.13
1016 921.59 693.51
1017 401.81 1005.62
1018 503.79 367.23
1019 298.09 79.74
1020 297.56 820.22
1021 512.02 48.01
1022 308.32 232.72
1023 650.99 184.1
1024 160.97 82.37
1025 143.76 202.14
1026 543.14 443.88
1027 890.53 208.76
1028 196.67 760.52
1029 328.25 849.81
1030 982.94 22.99
1031 716.5 934.34
1032 910.97 240.06
1033 607.29 482.83
1034 562.57 779.28
1035 570.5 269.9
1036 711.43 224.66
1037 457.38 447.04
1038 1024.66 1019.75
1039 73.12 472.89
1040 39.56 156.64
1041 600.52 216.88
1042 819.16 582.7
1043 707.74 855.57
1044 40.91 380.36
1045 403.35 400.51
1046 305.85 388.37
1047 628.43 484.37
1048 331.72 187.82
1049 331.62 206.72
1050 870.14 258.82
1051 483.48 902.12
1052 713.68 552.57
1053 543.32 305.38
1054 142.79 709.35
1055 230.51 1009.96
1056 591.36 182.35
1057 129.57 195.55
1058 22.13 381.53
1059 761.89 837.31
1060 208.82 -456.56
1061 844.93 -529.76
1062 378.65 -514.68
1063 67.02 -837.89
1064 409.13 -710.37
1065 333.71 -398.65
1066 665.29 -250.28
1067 167.37 -817.19
1068 487.09 -743.5
1069 817.37 -710.7
1070 56.18 -629.89
1071 812.24 -18.88
1072 214.43 -647.55
1073 393.6 -306.34
1074 114.65 -630.08
1075 451.16 -520.01
1076 414.29 -717
1077 202.68 -267.1
1078 469.51 -792.94
1079 867.83 -663.22
1080 426.39 -878.64
1081 493.44 -172.55
1082 354.26 -62.69
1083 170.71 -660.82
1084 736.04 -841.36
1085 442.25 -988.08
1086 371.48 -156.74
1087 168.81 -619.01
1088 925.35 -979.43
1089 580.52 -562.41
1090 446.94 -404.53
1091 92.53 -2.68
1092 663.3 -861.23
1093 1018.69 -688.73
1094 322.95 -497.33
1095 740.5 -222.05
1096 394.6 -749.35
1097 176.56 -204.94
1098 230.28 -113.38
1099 319.26 -347.27
1100 699.87 -330.84
1101 487.59 -126.03
1102 745.05 -42.35
1103 1021.78 -20.92
1104 583.34 -5.92
1105 410.45 -966.82
1106 334.03 -1.28
1107 227.04 -502.98
1108 556.23 -361.85
1109 859.19 -216.73
1110 438.78 -879.19
1111 993.06 -964.21
1112 140.15 -197.9
1113 704.81 -140.62
1114 487.89 -763.96
1115 459.32 -1024.07
1116 121.11 -552.28
1117 594.63 -946.91
1118 967.84 -230.68
1119 236.6 -980.93
1120 283.28 -915.7
1121 281.5 -11.58
1122 908.08 -617.31
1123 343.68 -902.06
1124 89.8 -435.32
1125 679.03 -567.39
1126 502.6 -922.1
1127 91.01 -643.09
1128 783.71 -7.28
1129 771.24 -795.82
1130 155.41 -636.12
1131 159.4 -595.08
1132 906.52 -276.52
1133 507.2 -118.55
1134 70.48 -209.88
1135 96.58 -108.33
1136 119.91 -353.76
1137 335.59 -771.6
1138 644.67 -1027.99
1139 827.83 -43.8
1140 611.19 -98.99
1141 1021.09 -477.86
1142 91.95 -84.8
1143 485.6 -476.62
1144 636.96 -240.18
1145 240.82 -621.36
1146 187.44 -792.38
1147 433.42 -400.22
1148 912.29 -64.96
1149 274.84 -940.63
1150 413.48 -347.3
1151 65.58 -764.94
1152 507.55 -533.39
1153 925.9 -794.7
1154 838.5 -516.74
1155 615.73 -724.74
1156 567.12 -420.69
1157 899.01 -1001.34
1158 448.97 -659.08
1159 899.26 -749.13
1160 341.49 -450.45
1161 213.83 -111.09
1162 904.83 -528.94
1163 987.42 -11.78
1164 952.41 -152.65
1165 499.95 -233.27
1166 998.21 -336.89
1167 234.8 -565.53
1168 331.23 -870.28
1169 358.02 -525.22
1170 220.96 -534.25
1171 954.95 -338.27
1172 310.62 -152.61
1173 811.69 -189.48
1174 938.62 -124.11
1175 574.56 -46.47
1176 551.08 -644.63
1177 144.57 -152.92
1178 164.7 -820.44
1179 973.09 -103
1180 729.79 -481.63
1181 183.04 -837.56
1182 767.61 -63.52
1183 933.81 -811.36
1184 307.58 -69.85
1185 604.1 -656.35
1186 994.63 -922.07
1187 45.68 -923.57
1188 477.58 -669.77
1189 793.88 -221.89
1190 268.36 -780.72
1191 396.35 -732.96
1192 250.4 -183.97
1193 368.93 -934.45
1194 401.97 -808.62
1195 261.25 -313.02
1196 515.1 -102.76
1197 166.28 -837.81
1198 1013.69 -253.71
1199 717.08 -464.61
1200 91.97 -292.28
1201 578.87 -292.19
1202 580.28 -451.12
1203 91.89 -624.55
1204 210.96 -422.38
1205 174.1 -250.29
1206 983.25 -479.32
1207 27.81 -963.98
1208 233.95 -204.66
1209 1013.28 -396.74
1210 74.28 -635.92
1211 103.2 -639.06
1212 841.39 -589.38
1213 207.62 -663
1214 98.62 -826.09
1215 89.37 -924.7
1216 581.41 -584.11
1217 6.23 -668.24
1218 657.31 -132.7
1219 948.6 -98.12
1220 348.41 -868.27
1221 712.11 -487.23
1222 422.21 -696.18
1223 265.36 -104.45
1224 894.71 -656.16
1225 263.08 -249.65
1226 253.23 -969
1227 922.9 -759.8
1228 393.8 -65.62
1229 891.71 -101.52
1230 1026.23 -885.94
1231 441.05 -345.6
1232 378.36 -578.64
1233 75.86 -840.8
1234 938.92 -6.67
1235 239.46 -1024.47
1236 482.7 -651.85
1237 712.56 -316.1
1238 420.55 -269.43
1239 925.59 -977.92
1240 592.09 -286.26
1241 619.78 -553.19
1242 677.51 -845.32
1243 910.95 -907.21
1244 1008.73 -42.31
1245 928.26 -773.66
1246 483.79 -370.48
1247 313.65 -733.83
1248 545.64 -862.15
1249 233.35 -389.51
1250 778.5 -849.08
1251 865.46 -866.33
1252 153.43 -625.72
1253 895.15 -549.02
1254 891.46 -967.5
1255 618.29 -156.26
1256 73.97 -454.56
1257 270.88 -602.59
1258 480.8 -751.48
1259 158.32 -152.83
1260 291.02 -854.06
1261 195.54 -451.1
1262 155.93 -774.81
1263 1001.48 -902.71
1264 656.75 -66.09
1265 915.18 -205.83
1266 43.17 -406.25
1267 396.5 -751.64
1268 665.18 -590.12
1269 528.63 -656.17
1270 176.96 -527.64
1271 982.2 -511.44
1272 85.03 -644.45
1273 366.94 -617.61
1274 134.96 -959.36
1275 784.42 -918.78
1276 340.88 -425.98
1277 565.31 -344.48
1278 218.2 -890.33
1279 956.43 -537.8
1280 108.15 -874.95
1281 645.72 -207.13
1282 323.29 -151.32
1283 741.45 -13.22
1284 33.92 -988.47
1285 880.63 -634.6
1286 510.56 -210.88
1287 855.33 -198.36
1288 815.97 -595.59
1289 919.47 -586.79
1290 476.57 -950.93
1291 741.44 -674.89
1292 1019.38 -181.97
1293 436.83 -671.27
1294 573.59 -602.1
1295 448.05 -364.26
1296 964.91 -681.75
1297 197.59 -64.77
1298 471.52 -259.2
1299 612.19 -303.56
1300 302.68 -898.96
1301 474.36 -463.82
1302 662.18 -813.24
1303 773.36 -300.69
1304 252.01 -842.67
1305 129.13 -663.83
1306 703.25 -93.1
1307 275.08 -235.09
1308 906.36 -693.63
1309 266.73 -76.43
1310 440.69 -844.48
1311 890.75 -79.3
1312 537.59 -770.12
1313 0.32 -59.34
1314 362.91 -373.63
1315 243.59 -612.51
1316 47.33 -30.11
1317 843.36 -717.95
1318 383.17 -74.04
1319 281.23 -981.24
1320 616.07 -635.18
1321 728.28 -803.88
1322 9.97 -290.32
1323 348.47 -367.88
1324 837.83 -280.86
1325 96.34 -1008.72
1326 59.02 -643.04
1327 384.16 -987.09
1328 410.95 -596.62
1329 334.77 -384.48
1330 996.99 -138.38
1331 168.5 -578.37
1332 660.84 -408.85
1333 876.41 -376.38
1334 328.62 -15.01
1335 14.71 -522.16
1336 297.05 -944.69
1337 599.54 -107.52
1338 475.4 -307.02
1339 981.4 -948.01
1340 927.74 -284.24
1341 291.8 -442.26
1342 400.35 -351.28
1343 947.9 -675.97
1344 31.45 -175.83
1345 314.21 -647.2
1346 196.57 -392.97
1347 801.82 -482.71
1348 859.09 -857.41
1349 236.95 -13.75
1350 535.91 -552.23
1351 467.93 -251.66
1352 359.18 -832.96
1353 504.51 -431.99
1354 351 -199.11
1355 876.87 -850.43
1356 263.7 -643.26
1357 994.55 -139.67
1358 815.64 -664.05
1359 204.4 -277.97
1360 925.17 -847.1
1361 211.07 -518.62
1362 365.85 -92.74
1363 314.68 -377.41
1364 784.68 -589.47
1365 112.7 -551.63
1366 167.81 -291.59
1367 489.08 -974.15
1368 377.14 -527
1369 726.11 -358.11
1370 179.54 -728.15
1371 342.41 -967.5
1372 78.17 -443.24
1373 471.82 -701.48
1374 979.46 -893.82
1375 76.44 -676.22
1376 165.84 -240.15
1377 332.9 -681.03
1378 29.44 -925.22
1379 485.69 -12.1
1380 957.25 -814.12
1381 470.23 -598.39
1382 543.55 -96.06
1383 1016.58 -323.83
1384 681.94 -920.69
1385 1013.36 -78.21
1386 16.71 -226.01
1387 669.25 -720.3
1388 392.78 -94.89
1389 353.23 -505.59
1390 152.82 -736.76
1391 976.92 -429.67
1392 81.7 -712.18
1393 608.4 -674.34
1394 50.96 -504.66
1395 683.3 -458.61
1396 28.01 -1008.21
1397 468.79 -518.05
1398 841.89 -965.08
1399 221.29 -849.9
1400 928.11 -888.35
1401 85.36 -205.66
1402 290.48 -944.83
1403 404.24 -119.14
1404 624.73 -683.26
1405 784.55 -757.47
1406 551.66 -142.07
1407 854.26 -732.47
1408 771.33 -633.36
1409 502.54 -827.18
1410 256.8 -822.29
1411 166.02 -156.84
1412 674.89 -678.33
1413 1007.93 -1028.33
1414 849.23 -881.3
1415 740.66 -200.22
1416 799.4 -748.35
1417 28.7 -190.54
1418 309.68 -60.88
1419 108.67 -432.94
1420 554.93 -934.42
1421 441.01 -893.22
1422 990.21 -77.59
1423 75.47 -659.79
1424 851.5 -97.06
1425 919.35 -578.01
1426 99.37 -472.82
1427 122.15 -449.89
1428 449.22 -774.26
1429 1020.09 -494.6
1430 694.82 -662.98
1431 775.85 -731.75
1432 922.29 -858.75
1433 919.63 -804.55
1434 602.01 -202.98
1435 501.92 -1028.3
1436 257.04 -127.94
1437 599.05 -307.45
1438 967.25 -611.77
1439 708.83 -674.52
1440 223.53 -789.75
1441 233.57 -992.7
1442 807.11 -322.9
1443 461.68 -749.24
1444 214.84 -227.34
1445 890.32 -452.77
1446 549.04 -274.18
1447 103.93 -1.69
1448 806.24 -835.86
1449 403.36 -1023.57
1450 387.39 -772.77
1451 900.71 -905.28
1452 577.25 -8.96
1453 1014.25 -864.28
1454 509.8 -515.5
1455 669.77 -694.09
1456 22.31 -97.85
1457 814.27 -267.86
1458 1017.1 -829.43
1459 421.29 -640.47
1460 457.77 -596.46
1461 870.65 -676.13
1462 677.82 -1006.81
1463 813.67 -974.58
1464 333.67 -455.06
1465 592.35 -188.03
1466 457.83 -85.59
1467 488.07 -857.58
1468 692.86 -399.61
1469 915.11 -473.32
1470 531.93 -173.66
1471 665.03 -949.41
1472 188.27 -554.25
1473 748.2 -843.82
1474 455.29 -176.38
1475 772.84 -140.49
1476 816.62 -913.06
1477 255.4 -1008.01
1478 953.6 -465.44
1479 285.02 -433.59
1480 1015.15 -651.79
1481 101.9 -877.37
1482 705.95 -837.5
1483 208.11 -589.97
1484 34.3 -369.81
1485 936.99 -94.23
1486 408.16 -959.75
1487 485 -966.54
1488 781.36 -596.43
1489 772.81 -204.2
1490 738.21 -207.65
1491 485.24 -910.18
1492 889.19 -525.83
1493 355.79 -105.16
1494 538.75 -178.31
1495 194.63 -5.33
1496 882.7 -918.42
1497 726.93 -296.53
1498 251.03 -953.17
1499 687.5 -935.04
1500 393.79 -285.33
1501 216.08 -989.01
1502 926.55 -801.95
1503 369.39 -65.61
1504 663.33 -43.43
1505 644.61 -506.72
1506 387.9 -372.55
1507 262.9 -100.85
1508 599.53 -641.62
1509 184.45 -618.7
1510 624.03 -109.28
1511 1027.71 -379.08
1512 675.62 -871.26
1513 159.95 -90.16
1514 1025.2 -926.65
1515 576.5 -847.46
1516 807.47 -783.52
1517 556.47 -157.1
1518 616.23 -69.55
1519 112.98 -290.38
1520 797.11 -250.57
1521 1016.64 -122.11
1522 222.96 -549.53
1523 555.67 -644.06
1524 233.76 -187.01
1525 296.3 -740.13
1526 90.21 -222.32
1527 458.1 -688.53
1528 778.69 -130.35
1529 421.52 -618.05
1530 436.51 -139.41
1531 922.93 -362.54
1532 913.17 -608.51
1533 42.58 -843.93
1534 105.31 -500.4
1535 115.49 -549.08
1536 671.2 -266.94
1537 181 -496.65
1538 111.72 -258.68
1539 445.7 -736.67
1540 447.8 -739
1541 961.32 -106.52
1542 795.05 -931.54
1543 32.89 -783.94
1544 373 -938.26
1545 48.67 -847.94
1546 181.48 -174.03
1547 147.06 -336.13
1548 151.06 -65.65
1549 959.58 -189.64
1550 738.73 -649.89
1551 281.36 -46.07
1552 542.73 -380.93
1553 639.61 -462.36
1554 563.55 -654.45
1555 364.45 -449.83
1556 556.35 -375.88
1557 278.42 -690.3
1558 445.24 -322.4
1559 625.18 -704.83
1560 523.77 -182.76
1561 356.8 -38.38
1562 374.51 -705.26
1563 135.43 -503.86
1564 58.03 -919.09
1565 933.5 -66.01
1566 112.09 -796.76
1567 542.21 -185.86
1568 12.74 -19.34
1569 38.31 -546.34
1570 996.18 -576.3
1571 952.18 -796.28
1572 457.58 -523.53
1573 210.46 -201.6
1574 906.43 -267.35
1575 450.11 -835.64
1576 238.54 -794.73
1577 470.99 -171.43
1578 39.82 -613.05
1579 896.66 -606.42
1580 36.96 -97.85
1581 894.61 -801.17
1582 987.03 -149.05
1583 561.91 -407.82
1584 954.16 -364.3
1585 940.6 -600.22
1586 367.5 -285.86
1587 809.4 -228.3
1588 823.42 -825.09
1589 456.96 -384.38
1590 584.54 -700.85
1591 860.1 -907.07
1592 443.03 -823.09
1593 800.66 -302.09
1594 273.04 -482.85
1595 580.7 -668.33
1596 440.5 -310
1597 852.57 -839.83
1598 612.17 -792.05
1599 127.35 -385.48
1600 985.7 -930.85
1601 187.72 -432.47
1602 660.77 -324.2
1603 513.81 -361.64
1604 746.02 -455.19
1605 520.57 -335.29
1606 213.37 -301.56
1607 489.17 -351.67
1608 18.29 -20.92
1609 503.77 -260.84
1610 929.17 -684.85
1611 994.85 -448.99
1612 259.82 -734.19
1613 497.24 -818.42
1614 568.42 -236.51
1615 138.36 -1018.12
1616 421.59 -918.64
1617 213.84 -326.08
1618 687.72 -446.89
1619 902.08 -92.18
1620 427.47 -798.26
1621 70.83 -787.17
1622 503.37 -5.36
1623 419.8 -953.52
1624 185.36 -521.66
1625 177.51 -923.57
1626 737.08 -85.53
1627 819.72 -536.88
1628 719.82 -996.9
1629 597.93 -681.49
1630 670.61 -259.24
1631 148.88 -736.3
1632 33.38 -456.72
1633 903.61 -756.24
1634 212.94 -85.63
1635 883.89 -141.22
1636 292.91 -640.42
1637 10.3 -319.24
1638 243.77 -796.28
1639 288.94 -430.11
1640 718.2 -429.13
1641 908.19 -466.45
1642 367.85 -426.29
1643 787.71 -63.43
1644 109.44 -58.67
1645 317.91 -356.65
1646 63.95 -144.57
1647 601.3 -860.31
1648 587.56 -490.85
1649 576.48 -869.43
1650 375.17 -800.5
1651 805.44 -824.9
1652 508.66 -668.09
1653 435.37 -180.27
1654 610.38 -752.43
1655 546.09 -88.84
1656 555.29 -693.1
1657 90.39 -818.8
1658 246.75 -287.67
1659 346.34 -242.63
1660 599.28 -356.2
1661 500.77 -664.26
1662 495.57 -27.75
1663 518.6 -466.59
1664 700.55 -447.65
1665 219.16 -459.61
1666 255.51 -46.72
1667 79.33 -389.12
1668 569.39 -764.17
1669 881.13 -514.71
1670 603.55 -544.29
1671 208.4 -791.74
1672 581.54 -523.36
1673 811.03 -298.79
1674 541.42 -828.29
1675 549.01 -128.38
1676 157.16 -505.22
1677 532.97 -20.79
1678 880.9 -17.25
1679 464.91 -416.1
1680 240.23 -552.45
1681 992.7 -48.59
1682 831.23 -889.26
1683 1017.95 -43.03
1684 951.26 -371.63
1685 915.92 -870.08
1686 1026.34 -919.33
1687 807.22 -95.32
1688 787.64 -578.88
1689 771.7 -982.77
1690 475.67 -693.58
1691 169.81 -685.23
1692 706.02 -632.83
1693 14.61 -67.3
1694 876.92 -951.45
1695 474.9 -873.04
1696 921.63 -88.15
1697 977.41 -832.12
1698 239.68 -723.86
1699 460.01 -966.37
1700 171.97 -555.46
1701 445.8 -346.94
1702 835.78 -169.32
1703 112.72 -617.54
1704 571.31 -594.42
1705 652.53 -248.94
1706 934.18 -17.99
1707 15.34 -822.34
1708 254.16 -1004.72
1709 927.17 -29.95
1710 902.99 -102.09
1711 190.24 -766.6
1712 963.24 -160.14
1713 248.53 -532.18
1714 863.07 -173.92
1715 729.39 -708.54
1716 420 -6.04
1717 175.36 -539.71
1718 128.25 -226.79
1719 185.73 -681.61
1720 930.55 -699.56
1721 82.07 -838.26
1722 1025.12 -200.25
1723 175.98 -97.42
1724 127.37 -250.29
1725 745.9 -74.15
1726 205.27 -394.89
1727 948.55 -300.66
1728 832.84 -139.52
1729 706.96 -168.08
1730 876.63 -666.91
1731 37.48 -407.35
1732 311.58 -661.15
1733 252.46 -606.36
1734 258.97 -439.83
1735 503.92 -438.2
1736 640.98 -554.05
1737 754.3 -585.99
1738 47.93 -637.11
1739 251.92 -930.28
1740 368.96 -568.83
1741 328.24 -997.82
1742 663 -574.23
1743 78.27 -247.79
1744 415.88 -860.37
1745 498.28 -785.24
1746 557.11 -657.03
1747 289.18 -929.28
1748 506.65 -868.7
1749 673.05 -541.65
1750 344.37 -765.62
1751 684.19 -541.49
1752 492.01 -985.35
1753 986.98 -409.5
1754 704.3 -539.94
1755 79.77 -603.42
1756 965.76 -44.26
1757 1012.02 -801.53
1758 20.33 -599.77
1759 431.14 -454.81
1760 211.05 -436.21
1761 457.76 -293.94
1762 194.23 -132.69
1763 1001.39 -746.94
1764 653.11 -65.4
1765 195.54 -9.96
1766 551.46 -362
1767 711.88 -879.74
1768 260.24 -14.47
1769 947.93 -669.86
1770 637.81 -964.54
1771 373.33 -392.23
1772 164.76 -574.57
1773 538.86 -356.35
1774 811.16 -185.09
1775 1014.82 -334.52
1776 1021.99 -386.74
1777 519.43 -443.58
1778 555.05 -580.74
1779 646.14 -885.34
1780 259.82 -179.16
1781 934.69 -206.2
1782 56.94 -811.28
1783 190.27 -617.57
1784 651.95 -710.7
1785 10.77 -502.73
1786 894.96 -260.76
1787 199.86 -384.1
1788 104.97 -424.24
1789 1002.86 -103.24
1790 437.77 -280.65
1791 31.91 -988.68
1792 796.79 -824.28
1793 376.02 -944.86
1794 801.2 -322.84
1795 895.52 -386.68
1796 592.88 -32.03
1797 207.83 -801.21
1798 389.78 -14.35
1799 725.05 -791.63
1800 265.36 -12.74
1801 667.02 -735.82
1802 484.44 -524.84
1803 949.08 -231.4
1804 334.65 -982.93
1805 628.11 -922.94
1806 247.15 -136.94
1807 961.22 -660.02
1808 575.89 -14.94
1809 337.78 -701.76
1810 452.96 -741.61
1811 138.16 -597.82
1812 370.04 -16.84
1813 31.19 -346
1814 502.15 -124.34
1815 530.6 -120.77
1816 221.11 -767.51
1817 263.35 -562.15
1818 793.55 -705.56
1819 24.01 -576.95
1820 864.42 -492.72
1821 629.66 -652.12
1822 283.15 -82.57
1823 491.03 -955.4
1824 1021.68 -223.56
1825 965.17 -193.33
1826 791.15 -445.64
1827 856.01 -74.34
1828 813.86 -525.71
1829 14.58 -251.72
1830 372.49 -287.01
1831 419.04 -938.7
1832 471.85 -593.61
1833 270.17 -46.91
1834 623.86 -236.41
1835 93.65 -294.18
1836 310.83 -852.8
1837 299.89 -723.32
1838 14.24 -593.98
1839 182.06 -790.92
1840 984.25 -400.45
1841 846.09 -118.23
1842 586.09 -110.93
1843 1.16 -37.62
1844 289.35 -764.47
1845 416 -15.74
1846 954.45 -661.84
1847 226.45 -835.04
1848 881.95 -790.82
1849 391.75 -890.14
1850 548.85 -870.34
1851 58.66 -485.41
1852 573.25 -859.68
1853 818.18 -358.56
1854 514 -587.49
1855 352.46 -1000.24
1856 482.99 -862.78
1857 973.71 -169.56
1858 600.7 -433.61
1859 562.6 -974.87
1860 355.14 -890.05
1861 522.9 -978.61
1862 784.65 -674.11
1863 435.93 -113.87
1864 1004.02 -2.13
1865 236.99 -827.69
1866 284.1 -917.39
1867 748.07 -295.65
1868 18.73 -857.35
1869 809.36 -930.77
1870 902.01 -532.74
1871 366.52 -132.83
1872 695.91 -749.52
1873 547.65 -704.75
1874 15.14 -267.61
1875 128.67 -81.26
1876 30.87 -370.28
1877 15.39 -16.09
1878 129.96 -180.04
1879 575.69 -451.33
1880 250.02 -498.5
1881 386.89 -812.68
1882 472.86 -927.64
1883 120.51 -499.48
1884 401.25 -885.11
1885 782.37 -929.87
1886 33.7 -667.78
1887 781.83 -119.89
1888 189.16 -94.13
1889 361.75 -300.48
1890 381.74 -204.31
1891 574.59 -883.94
1892 264.55 -412.61
1893 986.18 -983.51
1894 405.84 -394.51
1895 257.54 -532.87
1896 710.08 -20.38
1897 312.54 -644.43
1898 508.44 -547.46
1899 797.09 -433.05
1900 333.92 -909.69
1901 942 -550.47
1902 670.36 -761.15
1903 855.28 -694.83
1904 995.31 -859.53
1905 34.84 -581.55
1906 830.01 -741.58
1907 518.71 -1002.95
1908 957.46 -65.56
1909 853.6 -475.89
1910 373.29 -727.82
1911 748.2 -82.14
1912 91.09 -447.89
1913 995.35 -31.74
1914 464.79 -599.53
1915 873.75 -763.44
1916 284.91 -163.24
1917 288.91 -786.75
1918 846.1 -319.8
1919 543.85 -115.19
1920 61.27 -176.93
1921 918.51 -972.21
1922 946.16 -255.8
1923 321.37 -408.23
1924 248.64 -874.63
1925 573.45 -145.97
1926 621.63 -621.93
1927 40.82 -686.18
1928 82.44 -712.72
1929 283.26 -400.69
1930 528.66 -940.76
1931 75 -521.53
1932 672.8 -178.09
1933 891.41 -363.91
1934 872.62 -489.9
1935 31.35 -406.26
1936 349.47 -298.41
1937 554.22 -949.87
1938 722.62 -660.16
1939 899.31 -240.11
1940 386.08 -971.26
1941 564.2 -837.28
1942 494.46 -372.23
1943 55.95 -998.54
1944 763.76 -970.43
1945 246.71 -732.73
1946 225.26 -263.42
1947 441.51 -321.71
1948 50.14 -262.58
1949 752.48 -697.45
1950 74.71 -287.28
1951 979.22 -148.36
1952 69.23 -817.71
1953 448.87 -897.96
1954 109.07 -791.85
1955 734.11 -319.18
1956 520.98 -888.67
1957 231.9 -662.83
1958 632.38 -379.97
1959 321.4 -287.85
1960 385.11 -367.14
1961 1024.08 -568.11
1962 254.34 -610.37
1963 872.96 -830.11
1964 498.56 -698
1965 349.8 -989.96
1966 109.32 -573.28
1967 755.51 -300.02
1968 168.98 -572.07
1969 728.44 -175.38
1970 888.08 -671.57
1971 531.24 -827.08
1972 460.91 -380.06
1973 124.55 -763.14
1974 415.52 -457.81
1975 189.47 -445.95
1976 378.58 -800.63
1977 775.52 -184.55
1978 1014.67 -1026.44
1979 695.44 -1013
1980 338.49 -484.23
1981 422.03 -409.77
1982 74.31 -841.33
1983 384.41 -148.54
1984 717.44 -636.82
1985 279.39 -477.37
1986 275.45 -970.04
1987 321.11 -175.16
1988 302.82 -736.37
1989 165.18 -445.66
1990 256.14 -718.34
1991 883.49 -354.66
1992 932.73 -1028.24
1993 1025.69 -1023.54
1994 1007.54 -282.92
1995 131.68 -56.65
1996 466.42 -317.03
1997 129.37 -553.71
1998 66.78 -934.26
1999 542.08 -907.3
2000 355.67 -148.74
2001 89.79 -185.99
2002 361.15 -1024.65
2003 732.02 -410.9
2004 221.08 -663.98
2005 746.84 -261.72
2006 1009.9 -870.74
2007 869.99 -601.34
2008 595.88 -278.16
2009 561.08 -231.2
2010 287.85 -967.94
2011 649.5 -692.76
2012 217.48 -118.8
2013 24.06 -143.39
2014 21.69 -677.78
2015 826.52 -566.14
2016 752.13 -770.88
2017 766.53 -916.31
2018 691.73 -477.81
2019 112.79 -863.07
2020 489.32 -277.34
2021 119.08 -224.15
2022 190.01 -470.22
2023 112.9 -353.59
2024 584.79 -150.41
2025 89.36 -673.99
2026 337.75 -237.17
2027 355.97 -738.86
2028 882.25 -948.75
2029 597.53 -380.03
2030 310.69 -268.46
2031 403.86 -788.58
2032 40.41 -427.34
2033 905.15 -141.4
2034 368.99 -732.15
2035 374.01 -382.46
2036 1000.14 -858.31
2037 693.06 -886.61
2038 211.21 -161.15
2039 311.57 -805.96
2040 844.47 -160.52
2041 397.69 -400.93
2042 504.31 -153.23
2043 72.98 -118.18
2044 498.21 -751.08
2045 1019.54 -35.04
2046 188.14 -173.42
2047 600.77 -394.4
2048 929.32 -228.55
2049 325.22 -870.44
2050 617.43 -269.32
2051 492.15 -699.23
2052 556.85 -588.57
2053 749.72 -549.73
2054 720.22 -132.58
2055 686.62 -32.29
2056 826.74 -535.69
2057 53.44 -55.32
2058 173.5 -695.57
2059 417.65 -126.43
2060 554.99 -36.24
2061 603.18 -408.19
2062 167.12 -743.13
2063 971.68 -174.95
2064 409.92 -67.44
2065 730.28 -267.91
2066 331.66 -1027.35
2067 980.44 -586.96
2068 107.69 -888.51
2069 385.61 -701.16
2070 97.98 -192.43
2071 728.13 -43.24
2072 98.56 -289.24
2073 984.82 -781.57
2074 272.52 -665.58
2075 66.34 -373.47
2076 781.67 -192.03
2077 935.16 -669.53
2078 209 -948.79
2079 380.75 -242.37
2080 903.8 -618.92
2081 1010.79 -82.04
2082 669 -206.46
2083 459.5 -326.75
2084 1027.92 -141.21
2085 727.17 -845.11
2086 888.35 -490.42
2087 779.66 -819.82
2088 965.91 -351.43
2089 381.54 -735.48
2090 473.48 -209.44
2091 794.99 -841.4
2092 875.45 -226.15
2093 539.46 -65.68
2094 701.57 -55.46
2095 38.9 -284.73
2096 366.77 -576.37
2097 147.35 -414.22
2098 740.97 -400.29
2099 935.03 -1000.37
2100 816.49 -104.41
2101 594.83 -633.2
2102 424.02 -40.36
2103 785.32 -739.02
2104 839.02 -360.93
2105 963.89 -531.38
2106 343.78 -283.5
2107 903.17 -94.41
2108 160.09 -190.24
2109 639.22 -807.15
2110 62.89 -861.66
2111 802.55 -678.12
2112 456.86 -823.18
2113 194.48 -314.42
2114 285.8 -168.84
2115 666.77 -494.03
2116 98.23 -466.81
2117 900.69 -232.61
2118 336.15 -915.77
2119 -641.22 -657.01
2120 -552.91 -146.17
2121 -823.2 -969.64
2122 -35.05 -896.7
2123 -451.46 -697.37
2124 -869.05 -588.66
2125 -421.32 -61.68
2126 -104.32 -931.94
2127 -726.12 -588.39
2128 -902.81 -561.19
2129 -94.55 -285.12
2130 -779.15 -159.61
2131 -1019.94 -761.32
2132 -358.45 -241.9
2133 -128.67 -891.64
2134 -913.17 -694.6
2135 -205.3 -769.9
2136 -75.06 -830.61
2137 -698.31 -1028.5
2138 -61.39 -110.11
2139 -698.77 -514.29
2140 -575.97 -930.44
2141 -833.38 -484.61
2142 -44 -44.81
2143 -999.52 -924.03
2144 -180.15 -311.33
2145 -864.47 -458.59
2146 -190.92 -959.31
2147 -172.21 -855.41
2148 -82.57 -942.89
2149 -1002.02 -694.41
2150 -828.83 -360.27
2151 -161.88 -178.32
2152 -177.82 -903.89
2153 -378.52 -224.71
2154 -739 -239.21
2155 -534.18 -441.81
2156 -290.94 -679.49
2157 -88.82 -732.08
2158 -627.11 -728.46
2159 -10.79 -59.35
2160 -517.94 -807.27
2161 -102.1 -875.26
2162 -66.2 -73.38
2163 -1016.28 -667.83
2164 -726.76 -542.29
2165 -267.08 -989.3
2166 -532.14 -526.59
2167 -795 -428.96
2168 -18.19 -709.96
2169 -313.69 -538.04
2170 -979.85 -757.19
2171 -801.2 -212.39
2172 -944.48 -241.79
2173 -334.77 -890.03
2174 -949.38 -542.59
2175 -714.38 -345.57
2176 -585.35 -831.84
2177 -269.75 -181
2178 -213.36 -16.07
2179 -558.37 -257.03
2180 -610.85 -940.12
2181 -437.72 -825.45
2182 -618.94 -113.99
2183 -188.47 -597.24
2184 -106.29 -637.13
2185 -758.85 -502.16
2186 -79.08 -57.14
2187 -692.46 -531.05
2188 -785.6 -1023.56
2189 -537.15 -1027.23
2190 -737.32 -70.5
2191 -902.35 -616.06
2192 -797.06 -293.68
2193 -703.27 -143.1
2194 -793.65 -1010.42
2195 -921.55 -232.64
2196 -422.62 -375.5
2197 -883.01 -723.79
2198 -292.03 -406.08
2199 -14.21 -42.48
2200 -938.16 -791.84
2201 -213.51 -773.06
2202 -668.64 -1017.24
2203 -1011.8 -905.97
2204 -268.72 -425.24
2205 -495.75 -913.48
2206 -500.54 -370.57
2207 -28.77 -762.62
2208 -905.72 -662.12
2209 -643.55 -732.04
2210 -329.21 -34.89
2211 -803.91 -929.62
2212 -1017.93 -751.83
2213 -128.91 -657.92
2214 -700.4 -674.48
2215 -437.33 -536.64
2216 -674.23 -609.56
2217 -991.33 -650.84
2218 -921.33 -313.87
2219 -103.63 -974.13
2220 -223.13 -554.57
2221 -289.66 -992.9
2222 -726.52 -88.19
2223 -750.32 -318.43
2224 -21.48 -996.76
2225 -2.65 -758.39
2226 -23.53 -744.21
2227 -467.04 -806.56
2228 -435.48 -12.46
2229 -51.46 -989.47
2230 -890.63 -500.4
2231 -474.49 -882.31
2232 -897.67 -535.86
2233 -214.25 -436.82
2234 -775.47 -154.52
2235 -709.1 -317.89
2236 -281.79 -363.13
2237 -451.32 -998.76
2238 -681.72 -372.84
2239 -340.6 -172.64
2240 -295.55 -67.72
2241 -811.93 -736.78
2242 -907.86 -319.08
2243 -725.06 -643.49
2244 -603.96 -707.87
2245 -179.27 -776.53
2246 -1023.36 -465.59
2247 -365.98 -653.76
2248 -455.1 -892.04
2249 -17.56 -580.23
2250 -262.64 -595.1
2251 -958.23 -726.66
2252 -60.95 -544.44
2253 -281.8 -380.55
2254 -946.72 -107.19
2255 -174.91 -622.4
2256 -723.7 -213.27
2257 -925.88 -986.84
2258 -601.33 -602.57
2259 -281.44 -621.94
2260 -762.99 -569.81
2261 -399.92 -460.71
2262 -479 -757.36
2263 -620.4 -765.9
2264 -710.66 -298.62
2265 -893.72 -637.96
2266 -729.15 -973.3
2267 -882.26 -187.47
2268 -568.03 -154.62
2269 -261.81 -135.06
2270 -121.99 -879.27
2271 -63.54 -830.24
2272 -788.08 -845.69
2273 -419.26 -353.94
2274 -975.89 -753.93
2275 -688.26 -700.7
2276 -525.94 -709.88
2277 -831.76 -452.7
2278 -583.13 -369.46
2279 -668.08 -816.68
2280 -819.17 -264.79
2281 -209.09 -926.33
2282 -84.8 -912.84
2283 -38.46 -455.88
2284 -984.46 -17.35
2285 -261.14 -693.79
2286 -495.03 -77.45
2287 -923.15 -718.21
2288 -43.15 -647.63
2289 -766.08 -706.93
2290 -378.64 -1019.04
2291 -64.45 -425.34
2292 -242.56 -269.1
2293 -638.56 -260.73
2294 -48.42 -825.69
2295 -61.48 -671.16
2296 -568.49 -867.59
2297 -751.43 -664.1
2298 -90.98 -17.82
2299 -35.17 -154.41
2300 -848.2 -46.44
2301 -517.42 -689.84
2302 -379.05 -707.75
2303 -719.9 -805.09
2304 -483.02 -422.2
2305 -412.25 -456.98
2306 -246.84 -226.18
2307 -495.28 -870.22
2308 -101.95 -489.4
2309 -286.1 -498.36
2310 -140.53 -150.37
2311 -382.48 -741.1
2312 -376.2 -709.02
2313 -91.36 -104.91
2314 -652.84 -860.7
2315 -271.67 -520.06
2316 -180.9 -472.04
2317 -544.31 -789.09
2318 -565.18 -559.95
2319 -982.15 -628.73
2320 -450.23 -412.72
2321 -638.91 -758.92
2322 -600.14 -697.07
2323 -551 -498.71
2324 -997.08 -66.62
2325 -610.51 -201.62
2326 -307.24 -108.61
2327 -182.15 -993
2328 -462.43 -47.97
2329 -908.67 -273.52
2330 -793.58 -86.28
2331 -951.84 -544.86
2332 -698.47 -339
2333 -898.95 -860.68
2334 -460.41 -628.17
2335 -11.9 -852.1
2336 -582.03 -910.65
2337 -972.24 -650.81
2338 -120.52 -546.69
2339 -613.31 -887.76
2340 -60.38 -482.12
2341 -590.73 -588.35
2342 -945.87 -761.15
2343 -809.12 -137.41
2344 -804.45 -379.3
2345 -859.1 -53.31
2346 -598.18 -962.55
2347 -272.55 -146.47
2348 -1007.15 -267.65
2349 -895.83 -142.5
2350 -359.12 -438.56
2351 -713.73 -907.73
2352 -923.06 -305.67
2353 -852.37 -656.98
2354 -515.74 -408.1
2355 -890.23 -830.2
2356 -783.07 -969.65
2357 -701.8 -845.48
2358 -347.41 -699.94
2359 -50.25 -875.44
2360 -928.75 -122.86
2361 -56.41 -273.87
2362 -420.34 -497.93
2363 -130.11 -722.48
2364 -229.5 -792.01
2365 -595.1 -1025.94
2366 -269.19 -588.63
2367 -894.3 -279.83
2368 -936.81 -556.77
2369 -964.87 -82.19
2370 -276.92 -817.08
2371 -122.25 -190.62
2372 -400.63 -30.99
2373 -730.94 -824.05
2374 -670.49 -748.04
2375 -235.43 -145.71
2376 -419.58 -963.76
2377 -432.7 -291.84
2378 -378.85 -204.45
2379 -996.46 -562.81
2380 -953.27 -608.35
2381 -167.98 -562.56
2382 -206.92 -586.98
2383 -114.75 -426.81
2384 -509 -508.25
2385 -296.33 -444.14
2386 -1028.29 -785.92
2387 -816.92 -812.1
2388 -1000.67 -399.92
2389 -118.96 -912.38
2390 -29.09 -642.16
2391 -970.45 -354.39
2392 -10.76 -842.19
2393 -17.64 -374.15
2394 -301.48 -783.13
2395 -362.48 -378.63
2396 -305.71 -619.27
2397 -177.25 -923.99
2398 -321.8 -512.63
2399 -1020.89 -685.52
2400 -494.18 -195.32
2401 -981.25 -681.74
2402 -464.85 -493.47
2403 -257.91 -133.69
2404 -17.07 -436.52
2405 -443.21 -376.88
2406 -95.79 -46.16
2407 -888.35 -384.66
2408 -123.33 -500.07
2409 -254.2 -270.52
2410 -649.15 -424.81
2411 -15.08 -1010.21
2412 -905.2 -319.38
2413 -832.02 -585.85
2414 -635.89 -198
2415 -393.32 -188.43
2416 -234.69 -101.07
2417 -988.07 -739.09
2418 -872.78 -64.06
2419 -894.11 -216.98
2420 -987.38 -254.37
2421 -694.05 -701.84
2422 -57.5 -54.18
2423 -947.77 -553.41
2424 -188.45 -574.35
2425 -363.68 -566.5
2426 -547.71 -202.12
2427 -521.5 -772.28
2428 -329.13 -817.43
2429 -379.95 -718.04
2430 -270.99 -329.54
2431 -430.61 -773.27
2432 -876.89 -505.69
2433 -963.27 -389.68
2434 -606.67 -85.19
2435 -339.57 -828.38
2436 -501.22 -958.57
2437 -1012.75 -4.62
2438 -951.55 -952.24
2439 -497.59 -296.05
2440 -227.07 -504.52
2441 -706.64 -225.79
2442 -998.07 -774.78
2443 -956.73 -199.15
2444 -281.71 -691.72
2445 -1021.26 -307.68
2446 -445.47 -552.71
2447 -29.4 -422.88
2448 -177.08 -293.36
2449 -378.56 -992.67
2450 -156.58 -148.27
2451 -77.85 -82.65
2452 -480.79 -657.8
2453 -974.57 -455.12
2454 -115.69 -403.35
2455 -907.87 -443.16
2456 -668.96 -342.76
2457 -88.54 -979.04
2458 -149.19 -2.55
2459 -694.28 -409.79
2460 -717.47 -430.9
2461 -348.13 -686.54
2462 -473.94 -133.95
2463 -427.31 -771.05
2464 -734.73 -651.03
2465 -163.82 -170.39
2466 -646.56 -255.83
2467 -913.63 -241.67
2468 -61.32 -98.36
2469 -895.23 -223.72
2470 -666.89 -177.01
2471 -519.78 -138.62
2472 -88.66 -700.37
2473 -67.44 -1001.84
2474 -382.64 -631.37
2475 -426.8 -761.72
2476 -812.79 -71.11
2477 -205.06 -774.93
2478 -516.99 -257.73
2479 -273.28 -1025.9
2480 -560.81 -616.24
2481 -872.07 -830.63
2482 -436.82 -178.38
2483 -276.74 -121.22
2484 -344.95 -498.14
2485 -675.16 -142.97
2486 -675.11 -376.36
2487 -441.25 -559.46
2488 -532.3 -763.78
2489 -759.67 -508.69
2490 -634.94 -279.46
2491 -744.1 -157.47
2492 -296.93 -418.73
2493 -40.98 -949.16
2494 -310.58 -813.92
2495 -794.68 -707.79
2496 -509.42 -871.4
2497 -20.78 -2.27
2498 -123.49 -946.24
2499 -415.39 -691.04
2500 -834.01 -861.96
2501 -602.84 -455.07
2502 -1014.53 -873.64
2503 -608.42 -15.09
2504 -917.31 -911.35
2505 -555.34 -339.1
2506 -890.09 -916.77
2507 -306.5 -270.44
2508 -584.12 -158.02
2509 -971.94 -741
2510 -419.79 -894.71
2511 -101.63 -102.14
2512 -104.41 -929.21
2513 -210.98 -122.41
2514 -177.97 -621.43
2515 -454.39 -626.37
2516 -445.96 -1011.98
2517 -221.14 -421.76
2518 -830.37 -825.01
2519 -71.88 -829.57
2520 -533.19 -718.68
2521 -999.97 -627.22
2522 -897.66 -394.28
2523 -945.83 -277.47
2524 -383 -452.79
2525 -712.02 -888.77
2526 -355.44 -802.79
2527 -67.53 -813.65
2528 -300.58 -459.85
2529 -52.28 -278.51
2530 -269.4 -478.55
2531 -855.05 -900.2
2532 -292.96 -715.36
2533 -511.37 -47.19
2534 -241.28 -94.33
2535 -177.54 -583.25
2536 -575 -138.99
2537 -533.28 -148.51
2538 -819.51 -443.66
2539 -260.97 -450.11
2540 -703.4 -173.51
2541 -340.82 -972.99
2542 -122.16 -29.84
2543 -883.22 -408.35
2544 -686.86 -816.26
2545 -265.81 -300.02
2546 -171.22 -320.78
2547 -7.14 -485.38
2548 -926.1 -464.18
2549 -952.04 -912.03
2550 -466.29 -138.38
2551 -277.38 -494.1
2552 -642.61 -12.29
2553 -849.47 -175.18
2554 -1018.81 -433.12
2555 -1000.15 -81.45
2556 -418.96 -57.73
2557 -481.1 -311.98
2558 -84.85 -934.65
2559 -721.91 -335.32
2560 -635.34 -136.24
2561 -457.02 -352.25
2562 -202.15 -806.57
2563 -635.27 -464.17
2564 -347.2 -99.25
2565 -631.16 -951.83
2566 -416.93 -178.01
2567 -583.82 -908.54
2568 -448.24 -30.55
2569 -857.19 -797.82
2570 -243.79 -438.05
2571 -495.78 -192.87
2572 -898.37 -27.27
2573 -961.92 -341.4
2574 -676.72 -983.22
2575 -90.46 -19.36
2576 -371.61 -676.59
2577 -454.16 -941.01
2578 -769.7 -967.28
2579 -37.54 -453.95
2580 -770.31 -481.42
2581 -659.44 -668.7
2582 -941.76 -158.24
2583 -582.31 -607.78
2584 -770.12 -754.52
2585 -557.09 -804.03
2586 -361.42 -1013.91
2587 -12.19 -417.39
2588 -758.8 -230.79
2589 -578.53 -974.11
2590 -357.99 -406.52
2591 -54.11 -33.52
2592 -974.53 -94.12
2593 -32.41 -901.79
2594 -720.27 -715.23
2595 -167.65 -69.95
2596 -103.17 -461.58
2597 -619.82 -191.61
2598 -163.92 -409.45
2599 -134.97 -566.66
2600 -341.69 -934.04
2601 -918.96 -692.06
2602 -80.45 -703.11
2603 -298.42 -931.15
2604 -240.78 -839.25
2605 -610.3 -876.95
2606 -910.47 -598.78
2607 -57.42 -28.93
2608 -930.73 -856
2609 -542.23 -89.83
2610 -553.3 -622
2611 -448.1 -74.41
2612 -266.02 -656.47
2613 -430.44 -38.92
2614 -999.1 -823.46
2615 -728.51 -958.93
2616 -621.99 -311.79
2617 -379.42 -618.47
2618 -914.14 -66.97
2619 -270.74 -677.84
2620 -525.8 -519.44
2621 -482.74 -245.56
2622 -274.5 -407.27
2623 -627.8 -540.17
2624 -630 -569.75
2625 -556.27 -534.55
2626 -608.96 -547.83
2627 -568.82 -1004.37
2628 -407.81 -239.51
2629 -33.97 -999.27
2630 -929.2 -377.92
2631 -54.23 -762.48
2632 -745.47 -915.72
2633 -347.21 -827.18
2634 -476.02 -1024.13
2635 -908.1 -1011.47
2636 -228.04 -366.34
2637 -138.14 -361.84
2638 -266.53 -896.06
2639 -436.81 -765.94
2640 -665.01 -261.06
2641 -808.89 -357.6
2642 -332.97 -244.98
2643 -484.49 -348.71
2644 -318.98 -105.3
2645 -876.74 -911.98
2646 -9.99 -612.71
2647 -499.43 -930.98
2648 -93.68 -755.46
2649 -115.12 -846.64
2650 -193.63 -569.7
2651 -300.57 -1023.22
2652 -356.06 -421.67
2653 -288.73 -832.23
2654 -569.17 -1016.12
2655 -248.18 -90.06
2656 -447.66 -205.18
2657 -843.68 -28.07
2658 -376.78 -145.15
2659 -250.46 -692.69
2660 -575.68 -60.29
2661 -673 -98.2
2662 -393.7 -979.19
2663 -705.65 -143.43
2664 -354.59 -487.38
2665 -421.61 -185.29
2666 -179.51 -548.22
2667 -334.42 -86.7
2668 -918.93 -929.1
2669 -916.22 -1016.67
2670 -77.74 -852.62
2671 -422.32 -135.4
2672 -556.99 -918.92
2673 -35.08 -237.01
2674 -294.22 -933.77
2675 -994.06 -679.06
2676 -141.78 -234.42
2677 -184.61 -2.58
2678 -146.01 -535.49
2679 -387.39 -254.79
2680 -440.08 -894.12
2681 -806.87 -173.52
2682 -260.22 -619.6
2683 -913.22 -112.29
2684 -493.48 -543.67
2685 -367.29 -800.44
2686 -300.36 -964.74
2687 -854.67 -789.62
2688 -391.15 -857.35
2689 -126.64 -254.27
2690 -933.33 -685.37
2691 -919.8 -485.23
2692 -487.81 -46.11
2693 -975.12 -468.93
2694 -723.72 -1027.35
2695 -256.99 -727.04
2696 -900.56 -134.81
2697 -118.93 -34.86
2698 -540.67 -525.31
2699 -39.98 -3.15
2700 -168.11 -5.16
2701 -969.9 -407.28
2702 -561.42 -861.99
2703 -54.86 -160.09
2704 -414.36 -952.57
2705 -1002.46 -181.5
2706 -31.25 -318.69
2707 -758.33 -257.78
2708 -726.72 -912.59
2709 -910.94 -68.97
2710 -796.01 -421.44
2711 -949.77 -138.93
2712 -567.32 -667.58
2713 -557.41 -39.7
2714 -436.37 -78.99
2715 -477.67 -597.39
2716 -1004.67 -998
2717 -830.99 -812.1
2718 -972.19 -537.09
2719 -854.18 -885.85
2720 -431.88 -357.56
2721 -40.77 -827.65
2722 -56.43 -463.13
2723 -740.24 -163.62
2724 -232.6 -783.15
2725 -569.12 -622.18
2726 -125.64 -1028.61
2727 -31.71 -489.89
2728 -923.12 -692.96
2729 -771.95 -589.12
2730 -551.04 -330.49
2731 -693.02 -614.15
2732 -397.25 -526.71
2733 -428.33 -495.01
2734 -351.87 -733.96
2735 -456.04 -647.03
2736 -445.68 -148.27
2737 -1004.92 -496.82
2738 -24.96 -895.64
2739 -14.31 -716.17
2740 -702.87 -257.56
2741 -650.7 -583.43
2742 -437.85 -828.51
2743 -492.47 -682.41
2744 -636.06 -331.97
2745 -26.98 -628.95
2746 -214.1 -158.1
2747 -49.33 -720
2748 -579.54 -1004.87
2749 -709.83 -871.18
2750 -489.22 -295.93
2751 -444.2 -136.88
2752 -1027.22 -299.42
2753 -166.06 -813.64
2754 -500.81 -416.7
2755 -674.27 -180.38
2756 -128.33 -174.69
2757 -367.72 -295.97
2758 -342.9 -566.18
2759 -262.67 -860.2
2760 -460.15 -343.48
2761 -895.1 -683.18
2762 -767.7 -38.77
2763 -14.64 -944.44
2764 -151.14 -318.24
2765 -614.17 -88.99
2766 -619.39 -640.36
2767 -939.79 -422.89
2768 -207.54 -1011.13
2769 -398.84 -470.37
2770 -15.27 -72.87
2771 -641.08 -44.11
2772 -733.6 -143.61
2773 -74.31 -1008.81
2774 -204.53 -441.02
2775 -149.03 -336.99
2776 -384.69 -664.68
2777 -67.97 -15.13
2778 -959.57 -123.39
2779 -441.64 -476.13
2780 -565.12 -475.24
2781 -86.6 -420.33
2782 -207.75 -549.04
2783 -531.17 -390.91
2784 -225.81 -808.81
2785 -881.68 -294.53
2786 -732.16 -241.08
2787 -778.21 -887.29
2788 -231.62 -830.28
2789 -242.31 -852.53
2790 -554.04 -436.15
2791 -465.35 -391.34
2792 -799.99 -938.73
2793 -33.12 -533.32
2794 -373.97 -95.09
2795 -570.33 -868.28
2796 -653.14 -303.61
2797 -852.65 -21.45
2798 -412.37 -860.89
2799 -5.22 -748.35
2800 -13.88 -2.7
2801 -243.78 -251.42
2802 -109.71 -110.57
2803 -940.85 -1022
2804 -210.05 -734.85
2805 -142 -547.68
2806 -939.02 -764.09
2807 -38.34 -1000.87
2808 -505.19 -74.54
2809 -169.63 -71.46
2810 -304.27 -243.68
2811 -547.3 -739.96
2812 -761.41 -321.93
2813 -547.34 -370.95
2814 -483.82 -538.3
2815 -541 -552.56
2816 -803.98 -891.23
2817 -1001.8 -149.31
2818 -535.83 -913.7
2819 -619.55 -913.65
2820 -432.34 -745.88
2821 -874.49 -126.08
2822 -97.95 -735.88
2823 -810.42 -912.83
2824 -348.81 -996.67
2825 -211.35 -344.57
2826 -449.05 -17.6
2827 -339.53 -758.65
2828 -494.13 -181.47
2829 -84.29 -886.87
2830 -410.43 -342.47
2831 -204.7 -625.3
2832 -774.61 -578.94
2833 -463.64 -571.02
2834 -455.68 -674.96
2835 -391.84 -447.71
2836 -967.31 -252.54
2837 -352.94 -237.33
2838 -514.68 -429.79
2839 -397.46 -527.89
2840 -872.46 -863.49
2841 -881.1 -1002.33
2842 -731.99 -292.52
2843 -867.51 -585.15
2844 -443.03 -590.64
2845 -933.11 -951.8
2846 -941.62 -217.98
2847 -796.92 -502.34
2848 -44.36 -51.75
2849 -726.71 -625.08
2850 -437.32 -893.56
2851 -510.62 -483.07
2852 -84.92 -375.63
2853 -805.42 -863.57
2854 -755.98 -599.6
2855 -434.1 -567.4
2856 -540.74 -992.96
2857 -650 -679.72
2858 -235.87 -637.25
2859 -198.89 -488.51
2860 -804.84 -43.42
2861 -261.41 -496.52
2862 -998.86 -81.98
2863 -133.74 -422.85
2864 -18.94 -14.23
2865 -272.31 -224.97
2866 -708.05 -849.78
2867 -589.93 -782.94
2868 -617.51 -792.97
2869 -757.1 -759.88
2870 -298.28 -738.01
2871 -701.97 -162.2
2872 -206.44 -203.54
2873 -840.79 -322.98
2874 -176.01 -835.83
2875 -879.26 -404.2
2876 -900.73 -345.37
2877 -427.36 -505.19
2878 -928.04 -870.59
2879 -249.34 -954.62
2880 -544.11 -311.5
2881 -132.28 -521.66
2882 -669.12 -616.68
2883 -380.66 -86.74
2884 -846.62 -257.63
2885 -360.16 -502.28
2886 -29 -115.9
2887 -319.45 -33.13
2888 -749.63 -235.44
2889 -42.27 -524.76
2890 -928.97 -290.17
2891 -0.06 -921.53
2892 -791.24 -165.22
2893 -400.33 -820.94
2894 -111.08 -690.29
2895 -1001.79 -649.68
2896 -535.86 -655.2
2897 -242.88 -498.6
2898 -585.34 -175.98
2899 -827.13 -1017.06
2900 -490.34 -402.96
2901 -912.38 -158.29
2902 -584.94 -519.34
2903 -119.3 -596.35
2904 -92.12 -699.1
2905 -353.79 -555.1
2906 -841.15 -385.61
2907 -550.83 -353.85
2908 -145.8 -603.4
2909 -264.69 -951.16
2910 -965.36 -256.88
2911 -912.08 -631
2912 -494.12 -865.74
2913 -12.72 -519.49
2914 -901.07 -50.46
2915 -846.94 -204.37
2916 -756.18 -362.42
2917 -246.28 -94.85
2918 -691.2 -705.65
2919 -375.75 -759.11
2920 -285.21 -147.84
2921 -926.97 -729.54
2922 -447.91 -97.36
2923 -700.76 -842.32
2924 -764.49 -593.71
2925 -850.6 -965.45
2926 -960.98 -65.37
2927 -931.12 -98.2
2928 -1011.21 -426.1
2929 -476.57 -308.36
2930 -906.26 -883.29
2931 -216.71 -688.03
2932 -782.88 -633.44
2933 -703.61 -856.51
2934 -586.62 -838.61
2935 -350.97 -50.36
2936 -144.42 -871.83
2937 -969.2 -248.95
2938 -62.27 -592.34
2939 -550.57 -640.96
2940 -970.94 -191.28
2941 -256.66 -372.17
2942 -863.9 -902.92
2943 -300.02 -552.3
2944 -225.18 -846.11
2945 -64.92 -141.11
2946 -193.67 -102.44
2947 -100.41 -675.15
2948 -502.67 -976.55
2949 -150.68 -804.02
2950 -218.91 -453.81
2951 -296.65 -501.66
2952 -115.13 -756.85
2953 -713.71 -630.37
2954 -635.85 -177.4
2955 -762.21 -235.29
2956 -1000.98 -971.31
2957 -845.23 -1018.87
2958 -935.69 -200.4
2959 -411.04 -509.78
2960 -15.41 -525.39
2961 -627.84 -475.96
2962 -122.12 -209.08
2963 -550.16 -92.77
2964 -261.31 -1018.31
2965 -443.12 -700.84
2966 -567.02 -873.74
2967 -601.6 -104.29
2968 -734.66 -682.15
2969 -859.56 -679.83
2970 -915.12 -735.04
2971 -677.35 -592.77
2972 -976.16 -251.63
2973 -452.03 -887.11
2974 -367.89 -247.37
2975 -772.76 -863.07
2976 -310.04 -776.82
2977 -350.43 -765.12
2978 -857.89 -825.68
2979 -814.99 -900.59
2980 -965.95 -483.73
2981 -328.47 -229.11
2982 -726.93 -503.98
2983 -157.13 -294.59
2984 -974.43 -432.59
2985 -532.15 -381.21
2986 -338.5 -225.07
2987 -476.7 -180.51
2988 -38.62 -679.18
2989 -926.55 -928.74
2990 -762.81 -800.03
2991 -941.37 -34.84
2992 -799.96 -437.37
2993 -234.05 -262.8
2994 -134.39 -1022.38
2995 -477.11 -20.04
2996 -642.68 -464.87
2997 -968.85 -170.1
2998 -464.7 -340.61
2999 -137.72 -490.5
3000 -236.24 -803.65
3001 -1028.72 -669.88
3002 -214.91 -574.74
3003 -224.93 -476.43
3004 -769.69 -647.05
3005 -811.6 -516
3006 -550.84 -503.5
3007 -305.4 -723.97
3008 -986.78 -715.33
3009 -708.71 -539.45
3010 -953.02 -485.69
3011 -950.56 -550.34
3012 -720.44 -960.22
3013 -665.35 -254.93
3014 -745.44 -549.66
3015 -324.31 -803.07
3016 -837.47 -346.2
3017 -920.94 -717.56
3018 -164.99 -416.9
3019 -34.95 -510.39
3020 -390.92 -934.68
3021 -802.7 -846.55
3022 -541.53 -306.28
3023 -1021.61 -79.1
3024 -1012.08 -892.83
3025 -349.52 -65.84
3026 -1009.7 -300.62
3027 -231.84 -664.61
3028 -919.54 -701.15
3029 -615.33 -261.71
3030 -35.78 -0.5
3031 -346.7 -939.65
3032 -628.21 -237.78
3033 -654.68 -632.17
3034 -507.08 -157.72
3035 -456.92 -54.16
3036 -900.71 -898
3037 -568.81 -624.14
3038 -703.25 -806.76
3039 -670.59 -954.94
3040 -1020.79 -50.85
3041 -351.47 -384.64
3042 -20.25 -1001.49
3043 -38.16 -976.83
3044 -209.54 -304.31
3045 -698.34 -653.5
3046 -957.67 -638.84
3047 -241.14 -409.56
3048 -406.25 -950.4
3049 -472.64 -895.83
3050 -949.99 -913.34
3051 -146.86 -929.56
3052 -918.22 -186.22
3053 -992.99 -715.67
3054 -641.62 -985.99
3055 -7.84 -1028.1
3056 -383.74 -1026.93
3057 -363.94 -752.83
3058 -700.66 -797.51
3059 -72.83 -402.11
3060 -420.13 -910.2
3061 -913.57 -135.69
3062 -938.77 -348.8
3063 -663.72 -125.71
3064 -1021.54 -316.03
3065 -200.37 -107.36
3066 -7.92 -307.05
3067 -886.8 -740.75
3068 -820.95 -290.66
3069 -247.66 -850.79
3070 -849.89 -827.09
3071 -189.54 -255.5
3072 -1008.34 -598.16
3073 -366.67 -553.48
3074 -320.11 -44.52
3075 -954.73 -833.02
3076 -968.71 -740.24
3077 -453.56 -203.82
3078 -329.53 -878.49
3079 -559.04 -88.28
3080 -195.64 -715.6
3081 -1022.65 -759.41
3082 -864.68 -597.08
3083 -887.75 -244.97
3084 -66.76 -656.63
3085 -848.24 -106.41
3086 -755.43 -281.18
3087 -879.34 -8.78
3088 -562.27 -734.77
3089 -779.3 -217.01
3090 -21.04 -882.38
3091 -987.15 -69.55
3092 -273.37 -354.27
3093 -597.28 -411.71
3094 -893.52 -996.42
3095 -683.02 -127.32
3096 -251.25 -453.68
3097 -21.77 -41.2
3098 -286.17 -480.46
3099 -108.09 -274.04
3100 -773.97 -746.46
3101 -1027.64 -320.86
3102 -329.64 -500.4
3103 -599.7 -877.98
3104 -459.51 -891.91
3105 -109.82 -743.52
3106 -813.07 -480.55
3107 -199.35 -461.49
3108 -237.72 -450.96
3109 -418.38 -161.15
3110 -288.48 -102.24
3111 -555.93 -465.93
3112 -507.13 -933.25
3113 -384.71 -971.22
3114 -216.26 -157.82
3115 -904.28 -886.33
3116 -178.19 -354.75
3117 -855.15 -902.92
3118 -751.9 -507.83
3119 -764.27 -425.85
3120 -140.37 -182.42
3121 -27.49 -238.61
3122 -700.1 -317.96
3123 -133.44 -620.36
3124 -781.52 -937.82
3125 -404.59 -945.35
3126 -382.28 -434.52
3127 -732.29 -325.04
3128 -267.26 -253.93
3129 -411.75 -481.53
3130 -338.86 -877.04
3131 -202.79 -287.04
3132 -554.48 -910.57
3133 -389.4 -422.46
3134 -212.84 -670.91
3135 -217.85 -518.19
3136 -756.8 -746.73
3137 -429.22 -638.86
3138 -230.23 -821.42
3139 -730.25 -562.66
3140 -872.53 -376.27
3141 -175.31 -499.36
3142 -824.4 -619.33
3143 -873.26 -272.12
3144 -753.65 -62.66
3145 -304.22 -649.54
3146 -301.1 -63.51
3147 -974.08 -507.01
3148 -293.99 -855.58
3149 -891.01 -728.01
3150 -217.2 -506.83
3151 -224.57 -79.86
3152 -718.73 -338.53
3153 -130.95 -653.79
3154 -580.97 -313.48
3155 -54.27 -225.72
3156 -725.08 -424.51
3157 -14.84 -623.1
3158 -895.22 -914
3159 -976.66 -252.63
3160 -266.69 -619.88
3161 -47.91 -645.4
3162 -123.41 -567.79
3163 -787.89 -386.52
3164 -479.05 -810.93
3165 -288.76 -14.43
3166 -94.29 -696.25
3167 -399.3 -906.85
3168 -531.64 -177.54
3169 -884.54 -530.26
3170 -120.5 -477.14
3171 -901.65 -938.81
3172 -926.43 -210.11
3173 -95.11 -281.01
3174 -927.16 -792.66
3175 -777.06 -436.3
3176 -52.7 -164.85
3177 -97.16 -189.49
3178 -576.01 -569.64
3179 -351.57 249.58
3180 -264.01 26.06
3181 -86.84 4.85
3182 -911.71 751.82
3183 -929.37 879.66
3184 -774.44 807.87
3185 -256.01 784.91
3186 -59.25 894.95
3187 -469.58 522.18
3188 -803.2 985.68
3189 -113.86 564.69
3190 -1000.99 65.88
3191 -230.74 255.44
3192 -444.94 24.7
3193 -594.34 721.42
3194 -971 385.47
3195 -805.06 310.43
3196 -315.28 206.01
3197 -957.84 256.42
3198 -107.08 197.99
3199 -1005.87 222.73
3200 -1007.64 881.53
3201 -112 626.4
3202 -119.59 431.41
3203 -781.62 581.58
3204 -117.27 287.31
3205 -353.19 895.48
3206 -515.45 482.79
3207 -901.01 977.45
3208 -669.88 960.39
3209 -710.38 466.35
3210 -776.78 611.88
3211 -182.42 486.44
3212 -107.38 456.58
3213 -654.58 111.26
3214 -333.99 214.47
3215 -460.52 1024.97
3216 -622.37 706.15
3217 -502.09 572.52
3218 -518.62 106.48
3219 -393.79 254.71
3220 -514.71 635.89
3221 -483.2 111.51
3222 -453.48 1.16
3223 -326.07 355.21
3224 -821.56 94.36
3225 -70.77 7.46
3226 -887.42 962.86
3227 -783.97 253.19
3228 -757.97 994.81
3229 -573.8 409.55
3230 -799.04 456.48
3231 -133.63 5.32
3232 -971.36 785.93
3233 -892.42 635.72
3234 -254.95 460.98
3235 -67.87 650.73
3236 -762.24 769.67
3237 -135.35 944.6
3238 -270.81 580.25
3239 -674.61 461.43
3240 -862.41 456.9
3241 -784.28 745.38
3242 -363.09 85.35
3243 -51.16 539.25
3244 -313.32 92.06
3245 -548.54 624.96
3246 -1023.8 83.36
3247 -869.3 46.7
3248 -46.94 966.16
3249 -398.14 732.72
3250 -747.97 301.9
3251 -436.09 859.54
3252 -775.14 874.74
3253 -425.99 571.44
3254 -397.39 410.47
3255 -867.37 71.6
3256 -181.51 230.8
3257 -316.16 622.66
3258 -132.91 938.12
3259 -1.19 760.84
3260 -750.33 446.24
3261 -923.12 943.25
3262 -989.95 745.13
3263 -46.82 763.42
3264 -860.66 7.9
3265 -703.32 444.96
3266 -669.02 579.64
3267 -425.38 110.41
3268 -681.85 808.68
3269 -190.16 215.89
3270 -287.49 50.25
3271 -674.57 28.53
3272 -15.71 862.52
3273 -771.65 990.73
3274 -722.58 148.63
3275 -988.39 137.36
3276 -51.61 837.43
3277 -553.56 247.03
3278 -1010.46 406.09
3279 -807.51 600.38
3280 -409.87 206.64
3281 -150.8 481.83
3282 -592.24 443.41
3283 -223.1 969.7
3284 -156.59 638.61
3285 -53.38 806.78
3286 -835.31 837.61
3287 -671.13 727.96
3288 -54.21 851.03
3289 -364.18 807.3
3290 -944.66 141.31
3291 -978.74 717.09
3292 -964.12 360.8
3293 -131.41 896.83
3294 -861.73 310.1
3295 -516.75 938.92
3296 -391.75 636.12
3297 -50.54 32.07
3298 -366.3 348.51
3299 -351.64 667.16
3300 -444.94 522.89
3301 -725.02 405.03
3302 -497.51 644.77
3303 -860.32 760.68
3304 -538.98 551.72
3305 -57.56 195.5
3306 -277.11 848.17
3307 -573.49 7.3
3308 -904.13 212.24
3309 -522.34 704.9
3310 -614.82 101.39
3311 -737.51 403.61
3312 -829.21 371.09
3313 -84.12 788.05
3314 -819.73 166.51
3315 -53.92 435.76
3316 -205.31 629.19
3317 -244.97 778.95
3318 -904.15 702.82
3319 -619.07 76.29
3320 -665.32 414.13
3321 -626.82 676.63
3322 -683.93 942.43
3323 -519.19 564.83
3324 -634.25 952.59
3325 -24.98 406.06
3326 -809.67 613.59
3327 -984.68 762.49
3328 -915.07 1003.4
3329 -140.91 433.32
3330 -869.09 70.32
3331 -699.52 194.84
3332 -338.31 45.4
3333 -112.75 944.49
3334 -385.3 213.46
3335 -1021.11 731.82
3336 -772.97 415.14
3337 -722.1 1012.46
3338 -941.81 427.9
3339 -745.01 212.29
3340 -618.35 547.07
3341 -131.66 134.51
3342 -897.01 792.55
3343 -766.95 87.35
3344 -914.19 147.6
3345 -217.92 272.39
3346 -860.75 754.28
3347 -164.21 917.44
3348 -197.45 170.06
3349 -777.04 670.48
3350 -766.82 976.28
3351 -362.42 133.67
3352 -117.13 510.79
3353 -938.69 55.52
3354 -661.34 29.95
3355 -970.54 19.23
3356 -153.74 644.21
3357 -407.76 73.2
3358 -554.07 415.27
3359 -562.87 539.24
3360 -811.63 439.27
3361 -558.07 145.32
3362 -427.28 643.38
3363 -177.96 722.28
3364 -757.28 1018.26
3365 -965.54 319.52
3366 -453.19 495.1
3367 -1005.89 692.48
3368 -748.01 963.85
3369 -358.32 915.59
3370 -299.34 773.87
3371 -389.08 299.86
3372 -373.06 453.08
3373 -868.36 161.37
3374 -65.13 291.66
3375 -730.93 795.75
3376 -305.59 241.28
3377 -884.66 260
3378 -346.81 732.88
3379 -86.66 427.14
3380 -746.66 75.09
3381 -570.2 23.2
3382 -715.68 564.37
3383 -499.22 547.09
3384 -827.2 828.21
3385 -966.6 857.54
3386 -521.92 491.06
3387 -944.15 720.21
3388 -881.58 894.99
3389 -157.65 783.51
3390 -943.78 311.23
3391 -552.51 253.1
3392 -513.1 220.38
3393 -317.78 801.69
3394 -199.83 224.43
3395 -299.53 404.44
3396 -427.64 311.01
3397 -875.38 234.25
3398 -145.86 507.84
3399 -700.58 739.13
3400 -567.67 337.59
3401 -828.65 638.18
3402 -329.39 454.12
3403 -320.11 743.8
3404 -891.83 575.49
3405 -251.24 871.28
3406 -488.9 806.62
3407 -1027 803.75
3408 -576.44 1002
3409 -590.96 315.78
3410 -84.74 140.79
3411 -451.8 255.01
3412 -489.26 512.38
3413 -384.74 691.71
3414 -401.84 1028.64
3415 -337.23 449.84
3416 -452.55 334.03
3417 -788.15 530.41
3418 -245.21 781.94
3419 -721.96 472.78
3420 -315.06 501.57
3421 -672.71 337.72
3422 -112.48 803.96
3423 -141.49 35.23
3424 -351.01 53.44
3425 -194.24 96.97
3426 -351.98 829.27
3427 -706.17 10.56
3428 -702.27 205.76
3429 -205.4 61.91
3430 -905.28 75.11
3431 -409.15 936.16
3432 -437.57 328.83
3433 -81.77 168.3
3434 -5.61 47.3
3435 -548.87 168.25
3436 -505.98 320.67
3437 -489.16 586.1
3438 -621.33 1011.98
3439 -36.42 1024.17
3440 -92.14 336.86
3441 -137.13 624.18
3442 -634.75 444.12
3443 -649.88 843.3
3444 -905.22 701.54
3445 -776.66 219.8
3446 -126.96 781.5
3447 -474.85 550.33
3448 -83.15 958.05
3449 -1005.36 950.14
3450 -89.4 88.76
3451 -802.96 918.75
3452 -475.86 988.9
3453 -336.4 656.64
3454 -651.81 68.19
3455 -405.06 766.34
3456 -361.53 743.95
3457 -552.59 935.71
3458 -750.02 360.8
3459 -33.34 566.99
3460 -151.31 1019.76
3461 -136.78 174.52
3462 -89.37 278.28
3463 -600.85 611.63
3464 -532.77 566.05
3465 -19.33 577.21
3466 -860.49 1015.69
3467 -340.11 822.29
3468 -449.93 307.35
3469 -769.06 676.51
3470 -413.86 466.26
3471 -574.73 538.64
3472 -445.36 139.91
3473 -894.23 491.84
3474 -29.83 559.9
3475 -550.66 292.09
3476 -860.14 181.15
3477 -852.95 687.44
3478 -663.59 949.51
3479 -880.08 424.8
3480 -366.54 167.36
3481 -154.06 899.42
3482 -57.23 198.03
3483 -898.9 887.69
3484 -535.21 507.17
3485 -337.95 3.48
3486 -935.65 313.59
3487 -847.02 912.69
3488 -769.05 745.53
3489 -276.43 712.25
3490 -368.86 798.89
3491 -344.56 827.09
3492 -879.05 200
3493 -120.52 562.03
3494 -351.35 907.16
3495 -45.52 1000.6
3496 -235.54 717.89
3497 -280.44 593.1
3498 -451.8 292.78
3499 -164.47 543.86
3500 -547.35 351.53
3501 -665.12 502.42
3502 -779.63 454
3503 -564.05 876.66
3504 -953.43 519.69
3505 -683.1 840.48
3506 -3.09 293.29
3507 -493.3 392.18
3508 -954.21 246.66
3509 -124.82 1007.34
3510 -343.46 276.56
3511 -358.98 563.86
3512 -127.97 579.01
3513 -871.79 639.42
3514 -154.29 973.29
3515 -295.82 7.26
3516 -903.2 66.16
3517 -913.68 325.46
3518 -566.64 653.84
3519 -538.05 448.73
3520 -260.21 491.07
3521 -784.36 192.15
3522 -584.33 656.82
3523 -903.48 248.66
3524 -227 903.06
3525 -150.62 1028.3
3526 -563.16 963.99
3527 -514 903.12
3528 -513.55 55.65
3529 -1028.94 356.79
3530 -757.57 32.36
3531 -98.52 689.28
3532 -379.26 631.77
3533 -650.13 376.72
3534 -825.45 945.9
3535 -801.49 159.18
3536 -744.85 450.18
3537 -78 556.86
3538 -170.04 300.18
3539 -567.76 981.48
3540 -980.78 790.57
3541 -725.56 82.91
3542 -986.03 908.46
3543 -328.64 210.56
3544 -960.87 864.1
3545 -896.46 722.1
3546 -382.39 689.44
3547 -685.73 359.5
3548 -736.22 126.17
3549 -436.6 306.87
3550 -466.05 926.19
3551 -347.37 209.09
3552 -130.47 575.43
3553 -875.61 425.37
3554 -377.85 300.52
3555 -62.09 807.9
3556 -890.81 723.15
3557 -996.14 152.17
3558 -756.25 847.84
3559 -682.95 295.78
3560 -1017.88 688.12
3561 -742.08 943.93
3562 -667.96 764.79
3563 -890.97 398.81
3564 -70.2 768.7
3565 -665.9 692.09
3566 -901.18 929.78
3567 -476.21 377.79
3568 -803.17 2.66
3569 -696.7 716.34
3570 -495.24 545.54
3571 -633.22 123.31
3572 -275.48 357.05
3573 -569.42 600.36
3574 -260.66 396.25
3575 -55.37 616.89
3576 -531.82 249.54
3577 -1014.34 161.97
3578 -560.78 564.3
3579 -304.01 240.83
3580 -932.92 1024.51
3581 -925.29 334.43
3582 -712.22 169.62
3583 -565.8 372.5
3584 -59.84 486.39
3585 -396.46 627.02
3586 -750.33 948.61
3587 -670.18 0.68
3588 -994.56 390.33
3589 -786.58 210.6
3590 -827.49 226.22
3591 -475.76 206.47
3592 -368.44 723.84
3593 -259.14 854.62
3594 -459.97 293.75
3595 -682.78 956.67
3596 -262.1 757.41
3597 -291.56 579.07
3598 -316.09 974.33
3599 -825.24 857.36
3600 -848.91 769.45
3601 -689.06 586.22
3602 -586.9 963.76
3603 -325.1 330.25
3604 -934.37 945.98
3605 -143.2 476.2
3606 -47.2 732.87
3607 -821.23 1012.49
3608 -202.63 809.16
3609 -467.43 444.89
3610 -372.57 662.61
3611 -784.54 121.21
3612 -700.28 634.67
3613 -973.52 47.1
3614 -268.99 1016.37
3615 -756.83 134.29
3616 -720.51 88.9
3617 -23.66 810.41
3618 -111.66 671.94
3619 -588.92 742.28
3620 -583.01 410.56
3621 -507.95 732.13
3622 -80.14 630.21
3623 -410.37 300.18
3624 -745.07 282.77
3625 -309.9 877.81
3626 -999.02 482.16
3627 -87.84 65.45
3628 -112.55 34.83
3629 -22.2 425.88
3630 -560.17 775.06
3631 -863.96 143.55
3632 -953.97 645.21
3633 -288.15 252.15
3634 -358.95 430.15
3635 -840.71 877.07
3636 -973.72 941.96
3637 -543.17 319.66
3638 -1013.36 418.38
3639 -701.16 318.07
3640 -166.88 729.44
3641 -576.12 375.58
3642 -441.03 530.42
3643 -565.25 663.96
3644 -454.37 947.11
3645 -57.69 980.98
3646 -95.53 379.06
3647 -1024.27 286.18
3648 -538.33 20.5
3649 -844.18 283.42
3650 -525.02 897.28
3651 -174.77 655.89
3652 -340.08 469.74
3653 -888.13 717.94
3654 -400.53 717.96
3655 -811.92 953.81
3656 -300.39 567.41
3657 -462.36 359.05
3658 -1023.01 105.95
3659 -417.58 1027.61
3660 -979.59 841.9
3661 -191.97 868.79
3662 -125.97 439.65
3663 -460.15 187.24
3664 -864.19 28.82
3665 -290.63 668.85
3666 -689.27 360.21
3667 -194.47 465.4
3668 -547.86 0.35
3669 -718.31 53.6
3670 -371.93 948.4
3671 -880.33 501.24
3672 -860.29 36.85
3673 -536.32 313.69
3674 -705.83 218.82
3675 -425.25 318.42
3676 -158.21 20.94
3677 -460.59 617.22
3678 -168.98 677.71
3679 -706.53 285.27
3680 -954.12 4.17
3681 -757.9 997.16
3682 -433.56 614.39
3683 -1008.26 952.38
3684 -370.5 345.95
3685 -265.35 62.1
3686 -956.86 742.44
3687 -143.81 510.2
3688 -823.9 152.67
3689 -765.01 44.65
3690 -363.07 894.25
3691 -915.19 161.26
3692 -143 914.8
3693 -563.51 346.79
3694 -632.06 311.99
3695 -709.68 241.05
3696 -602.73 950.7
3697 -536.1 832.11
3698 -755.49 7.3
3699 -746.77 908.88
3700 -970.98 96.99
3701 -203.95 376.64
3702 -886.84 898.84
3703 -22.51 741.28
3704 -785.93 46.26
3705 -940.51 787.53
3706 -313.31 120
3707 -399.33 191.23
3708 -931.54 456.32
3709 -132.83 962.84
3710 -174.89 928.12
3711 -849.82 842.51
3712 -645.62 777.63
3713 -149.45 750.44
3714 -630.33 765.63
3715 -227.15 260.74
3716 -637.38 965.83
3717 -200.2 824.62
3718 -536.91 495.22
3719 -935.01 222.71
3720 -374.76 687.36
3721 -807.37 211.04
3722 -402.27 52.6
3723 -508.92 571.22
3724 -505.06 304.81
3725 -203.93 641.75
3726 -848.78 44.48
3727 -186.63 418.28
3728 -139.72 858.93
3729 -595.56 729.6
3730 -990.34 134.57
3731 -71.41 822.71
3732 -618.34 598.72
3733 -458.46 271.61
3734 -887.84 519.77
3735 -178.13 757.99
3736 -969.04 627.13
3737 -679.73 350.02
3738 -921.24 342.31
3739 -11.65 553.17
3740 -165.92 790.83
3741 -835.31 215.58
3742 -633.86 379.22
3743 -209.15 1021.94
3744 -722.54 138.11
3745 -272.68 804.72
3746 -991.95 683.88
3747 -647.12 737.61
3748 -1009.22 974.81
3749 -465.58 470.1
3750 -199.1 232.59
3751 -224.24 8.24
3752 -358.26 139.14
3753 -874.97 903.97
3754 -428.14 644.03
3755 -405.86 251.14
3756 -860.25 987.58
3757 -337.8 212.17
3758 -598.63 858.63
3759 -996.74 940.48
3760 -80.72 685.69
3761 -734.09 633.95
3762 -342.56 43.67
3763 -383.01 352.21
3764 -186.83 716.31
3765 -948.9 213.11
3766 -221.35 385.93
3767 -918.59 537.66
3768 -412.63 973.14
3769 -588.17 129.09
3770 -380.23 205.29
3771 -557.39 358.55
3772 -964.24 211.48
3773 -41.12 259.71
3774 -171.19 533.87
3775 -190.56 402.38
3776 -7.33 251.91
3777 -689.11 924.65
3778 -641.38 349.9
3779 -37.21 436.64
3780 -649.75 192.73
3781 -972.19 350.63
3782 -888.29 235.63
3783 -179.77 226.3
3784 -355.39 665.44
3785 -235.25 132.46
3786 -884.53 100.15
3787 -311.63 157.16
3788 -416.87 819.77
3789 -324.64 746.27
3790 -119.66 981.59
3791 -598.02 908.72
3792 -168.89 520.51
3793 -870.41 651.65
3794 -59.29 174.79
3795 -367.52 272.14
3796 -1016.29 709.05
3797 -944.68 310.71
3798 -930.54 240.1
3799 -905.54 488.97
3800 -1014.95 256.93
3801 -357.08 505.31
3802 -26.99 870.48
3803 -661.25 33.24
3804 -144.03 837.39
3805 -789.98 350.41
3806 -623.65 657.21
3807 -148.73 752.52
3808 -375.18 792.54
3809 -331.85 383.66
3810 -655.81 434.47
3811 -508.04 63.89
3812 -768.13 643.1
3813 -883.21 423.72
3814 -277.21 669.67
3815 -926.6 124.27
3816 -1023.11 263.16
3817 -104.64 648.21
3818 -45.97 21.1
3819 -858.49 130.41
3820 -480.82 583.52
3821 -211.74 1012.99
3822 -736.52 75.47
3823 -232.53 753.99
3824 -108.65 82.7
3825 -910.69 564.38
3826 -1021.8 128.98
3827 -772.09 389.74
3828 -177.98 760.93
3829 -401.6 1019.82
3830 -508.61 848.72
3831 -82.88 692.72
3832 -705.45 502.72
3833 -523.83 581.05
3834 -711.46 115.94
3835 -699.47 746.84
3836 -730.84 163.29
3837 -238.76 275.73
3838 -0.72 438.36
3839 -914.58 864.82
3840 -400.2 502.89
3841 -631.88 160.79
3842 -550.53 786.52
3843 -518.45 768.49
3844 -759.31 93.04
3845 -941.76 284.57
3846 -977.3 632.44
3847 -106.17 1024.64
3848 -970.21 18.27
3849 -134.22 1023.52
3850 -741.36 652.68
3851 -815.97 833.69
3852 -473.94 836.72
3853 -246.08 419.25
3854 -255.07 474.66
3855 -342.07 525.18
3856 -685.98 19.8
3857 -806.32 973.95
3858 -713.44 207.51
3859 -694.07 689.3
3860 -973.87 837.27
3861 -440.72 606.83
3862 -996 922.17
3863 -304.97 940.41
3864 -934.93 937.21
3865 -954.41 439.19
3866 -637.4 11.81
3867 -848.54 741.38
3868 -525.16 82.34
3869 -950.52 459.14
3870 -984.33 144.75
3871 -558.07 263.59
3872 -602.07 641.31
3873 -213.34 728.92
3874 -389.22 286.51
3875 -488.31 907.42
3876 -878.77 334.09
3877 -620.79 929.03
3878 -840.44 210.29
3879 -512.03 925.76
3880 -729.47 110.89
3881 -516.22 437.44
3882 -543.35 337.87
3883 -420.21 335.76
3884 -794.91 39.51
3885 -577.78 735.25
3886 -998.84 114.76
3887 -756.07 106.86
3888 -835.78 571.91
3889 -222.95 333.93
3890 -605.87 589.52
3891 -288.13 711.26
3892 -1004.81 849.17
3893 -30.46 273.44
3894 -170.2 180.77
3895 -291.66 542.49
3896 -979.94 264.19
3897 -602.06 807.88
3898 -508.17 887.81
3899 -927.32 1022.27
3900 -93.04 667.6
3901 -782.36 476.1
3902 -976.48 62.89
3903 -1028.32 902.95
3904 -601.4 147.78
3905 -737.3 222.27
3906 -298.05 178.28
3907 -1027.45 1025.44
3908 -269.88 273.86
3909 -454.63 422.43
3910 -964.93 833.61
3911 -462.32 110.81
3912 -283.22 280.39
3913 -139.2 35.39
3914 -422.18 791.39
3915 -823.51 431.04
3916 -271.66 515.23
3917 -578.12 970.39
3918 -844.34 219.15
3919 -760.45 970.96
3920 -164.24 416.74
3921 -988.54 468.76
3922 -858.72 855.81
3923 -100.68 986.99
3924 -380.43 493.12
3925 -691.25 948.83
3926 -30.65 709.88
3927 -354.79 124.58
3928 -159.97 707.39
3929 -863.3 887.51
3930 -683.07 975.67
3931 -461.9 657.81
3932 -599.2 954.73
3933 -538.4 404.54
3934 -346.51 808.06
3935 -195.8 663.38
3936 -103.14 904.27
3937 -95.6 155.35
3938 -506.86 326.38
3939 -184.02 196.28
3940 -116.12 251.81
3941 -961.69 875.28
3942 -364.38 540.29
3943 -218.68 681
3944 -933.03 917.87
3945 -864.54 52.98
3946 -75.31 587.1
3947 -906.36 690.97
3948 -66.51 674.51
3949 -453.57 415.76
3950 -50.14 806.54
3951 -46.33 13.89
3952 -169.24 546.8
3953 -237.7 141.94
3954 -731.74 676.11
3955 -292.44 421.73
3956 -661.53 847.86
3957 -752.67 225.14
3958 -270.66 1025.91
3959 -914.78 971.35
3960 -388.85 174.7
3961 -761.8 114.84
3962 -805.81 464.16
3963 -109.67 639.16
3964 -419.45 872.33
3965 -14.39 956.76
3966 -970.66 863.11
3967 -774.44 454.25
3968 -596.19 504.42
3969 -545.05 1012.14
3970 -798.39 298.93
3971 -511.32 837.5
3972 -427.16 430.92
3973 -427.83 628.51
3974 -570.87 697.82
3975 -237.04 707.13
3976 -821.98 324.24
3977 -788.41 998.85
3978 -1002.53 598.79
3979 -835.64 262.6
3980 -583.89 786.5
3981 -1014.14 214.56
3982 -668.81 525.55
3983 -394.49 759.58
3984 -107.24 236
3985 -928.45 939.55
3986 -748.05 905.64
3987 -701.08 804.29
3988 -403.81 146.21
3989 -208.55 493.44
3990 -171.57 339.2
3991 -663.44 445.6
3992 -808.97 993.55
3993 -956.87 816.37
3994 -443.5 147.02
3995 -933.53 763.51
3996 -978.07 1027.39
3997 -917.46 283.19
3998 -407.29 617.88
3999 -218.4 282.95
4000 -193.5 514.53
4001 -784.69 511.38
4002 -286.67 306.07
4003 -845.8 850.3
4004 -314.74 55
4005 -394.2 25.36
4006 -864.48 486.31
4007 -844.39 422.17
4008 -209.54 644.45
4009 -791.47 772.26
4010 -900.29 17.56
4011 -409.47 60.52
4012 -343.71 213.89
4013 -196.29 691.45
4014 -974.41 751
4015 -630.06 808.22
4016 -290.6 532.43
4017 -203.03 779.27
4018 -600.57 577.27
4019 -1025.8 19.83
4020 -45.19 915.31
4021 -766.15 391
4022 -813.17 909.67
4023 -918.64 581.54
4024 -718.32 387.24
4025 -798.32 45.64
4026 -106.16 589.61
4027 -168.02 178.8
4028 -870.25 843.4
4029 -565.4 364.32
4030 -143.54 180.18
4031 -77.14 166.46
4032 -310.26 827.66
4033 -375.93 280.17
4034 -300 910.83
4035 -797.15 766.25
4036 -128.26 738.72
4037 -1012.91 534.3
4038 -480.36 305.95
4039 -57.71 902.56
4040 -948.2 169.68
4041 -123.81 856.04
4042 -399.36 418.88
4043 -233.28 291.84
4044 -20.68 240.61
4045 -814.32 798.69
4046 -329.67 557.74
4047 -356.4 891.46
4048 -536.15 639.93
4049 -521.77 96.85
4050 -863.11 836.15
4051 -939.39 683.44
4052 -582.26 991.37
4053 -268.32 923.31
4054 -796.87 33.62
4055 -596.82 719.56
4056 -546.6 80.59
4057 -499.47 720.63
4058 -376.99 945.96
4059 -551.09 732.76
4060 -895.97 397.67
4061 -955.41 729.93
4062 -592.39 196.64
4063 -201.1 282.81
4064 -379.67 493.06
4065 -300.22 87.39
4066 -135.35 213.78
4067 -569.67 210.61
4068 -498.44 717.61
4069 -115.75 202.51
4070 -922.07 266.31
4071 -740.42 712.57
4072 -404.2 439.67
4073 -750.15 210.9
4074 -308.18 781.2
4075 -543.39 665.77
4076 -366.7 175.15
4077 -765.31 469.81
4078 -117.14 323.62
4079 -816.68 966.41
4080 -418.32 496.81
4081 -75.11 481.42
4082 -692.04 553.67
4083 -635.8 644.78
4084 -847.3 161.48
4085 -821.32 751.55
4086 -435.12 740.37
4087 -544.57 532.74
4088 -108.16 839.33
4089 -985.05 265.72
4090 -931.49 416.34
4091 -985.01 499.44
4092 -333.77 269.2
4093 -592.82 721.33
4094 -658.74 450.92
4095 -947.73 774.02
4096 -226.45 441.59
4097 -995.26 1022.85
4098 -3.15 283.01
4099 -444.49 602.07
4100 -324.62 850.45
4101 -561.83 630.33
4102 -527.6 124.27
4103 -963.6 77.4
4104 -736.64 0.28
4105 -416.63 284.17
4106 -783.61 639.14
4107 -272.86 372.64
4108 -458.49 88.39
4109 -539.31 230.2
4110 -1004.22 481.76
4111 -923.35 851.56
4112 -209.93 201.67
4113 -878.2 889.61
4114 -856.2 213.09
4115 -34.54 687.22
4116 -288.55 545.35
4117 -669.62 989.89
4118 -431.81 180.67
4119 -180.96 997.74
4120 -252.91 139.46
4121 -143.12 991.11
4122 -728.27 401.04
4123 -882.95 809.5
4124 -10.7 157.77
4125 -639.53 786.78
4126 -609.35 379.44
4127 -974.64 927.4
4128 -788.01 819.28
4129 -396.89 823.84
4130 -482.06 1008.74
4131 -918.61 824.96
4132 -150.37 135.14
4133 -315.81 952.75
4134 -921.49 582.19
4135 -86.17 890.29
4136 -852.4 538.92
4137 -939.96 622.81
4138 -403.31 945.2
4139 -467.49 158.44
4140 -945.22 807.53
4141 -157.97 78.02
4142 -1005.42 525.57
4143 -709.38 103.61
4144 -291.98 128.95
4145 -502.21 470.79
4146 -266.75 774.04
4147 -909.18 391.82
4148 -315.57 417.13
4149 -363.84 589.52
4150 -450.81 601.58
4151 -111.5 450.01
4152 -43.82 667.74
4153 -583.94 415.99
4154 -574.43 840.65
4155 -619.18 415.95
4156 -887.49 884.17
4157 -380.75 777.15
4158 -245.29 228.43
4159 -357.38 454.65
4160 -925.44 537.27
4161 -675.83 224.12
4162 -1009.46 163.2
4163 -973.85 949.54
4164 -903.58 689.56
4165 -262.14 308.69
4166 -123.22 325.39
4167 -357.65 767.17
4168 -547.68 560.56
4169 -372.21 306.11
4170 -722.06 486.63
4171 -341.8 991.39
4172 -104.06 580.55
4173 -808.98 722.55
4174 -541.72 349.35
4175 -251.14 530.89
4176 -119.53 438.17
4177 -994.89 291.5
4178 -212.04 99.99
4179 -789.55 939.74
4180 -612.95 86.62
4181 -805.53 416.22
4182 -154.39 736.17
4183 -267.73 527.71
4184 -833.82 702.07
4185 -553.22 639.94
4186 -995.85 526.89
4187 -471.96 895.02
4188 -982.1 70.91
4189 -813.79 645.47
4190 -147.36 494.82
4191 -297.51 35.93
4192 -327.43 266.89
4193 -760.4 263.4
4194 -567.66 932.99
4195 -384.13 520.96
4196 -937.18 545.13
4197 -645.82 160.67
4198 -688.38 456.09
4199 -522.68 913.55
4200 -918.01 886.72
4201 -778.13 46.9
4202 -941.92 249.38
4203 -320.3 221.1
4204 -866.57 259.54
4205 -754.37 105.09
4206 -534.54 378.45
4207 -9.86 416.4
4208 -44.33 861.98
4209 -130.49 770.26
4210 -655.74 1005.51
4211 -521.65 514.63
4212 -675.3 957.44
4213 -384.53 138.47
4214 -416.55 728.2
4215 -585.92 907.21
4216 -318.63 699.08
4217 -948.47 335.06
4218 -949.68 625.08
4219 -884.62 633.29
4220 -102.9 151.77
4221 -530.22 1003.51
4222 -390.92 637.44
4223 -863.94 933.6
4224 -674.86 435.25
4225 -411.76 994.44
4226 -480.07 695.13
4227 -623.57 933.41
4228 -436.41 519.89
4229 -219.09 372.63
4230 -644.36 852.96
4231 -916.56 169.53
4232 -898.11 963
4233 -559.08 836.03
4234 -440.32 183.31
4235 -335.08 414.7
4236 -389.22 543.22
4237 -545.19 229.82
4238 -134.42 144.66
