%%index real_part   imaginary_part
2293 2293 2293
1 8.1 10.26
2 6.13 3.64
3 22.62 20.8
4 15.37 7.42
5 3.58 22.34
6 18.34 12.16
7 3.29 25.61
8 2.79 10.43
9 1.48 14.58
10 1.24 11.35
11 0.02 17.96
12 18.12 4.89
13 13.56 8.24
14 14.31 23.23
15 22.63 4.58
16 8.37 19.7
17 16.86 4.73
18 19.05 14.5
19 15.45 13.48
20 3.34 1.94
21 14.1 19.03
22 18.64 21.68
23 25.64 17.39
24 25.5 14.95
25 0.31 1.12
26 12.61 0.74
27 25.15 19.85
28 2.1 4.73
29 21.48 12.71
30 10.82 9.93
31 3.63 18.11
32 16.37 12.71
33 20.73 14.01
34 1.49 9.42
35 11.37 10.18
36 3.21 4.84
37 20.04 18.99
38 10.39 15.38
39 4.33 13.2
40 14.33 9.89
41 4.15 24.16
42 18.02 20.46
43 18.71 3.3
44 9.54 13.64
45 23.57 14.19
46 25.83 13.88
47 0.59 20.72
48 8.73 16.2
49 19.14 21.32
50 5.51 3.74
51 2.1 24.03
52 17.03 2.24
53 11.14 15.67
54 2.87 20.94
55 4.83 15.48
56 7.16 10.72
57 5.18 2.5
58 5.8 18.7
59 6.34 23.89
60 5.61 8.86
61 22.74 23.43
62 18.15 5.44
63 15.16 23.33
64 12.18 20.4
65 24.15 1.82
66 19.38 11.21
67 13.45 19.77
68 9.44 10.41
69 24.87 24.6
70 7.6 12.32
71 23.04 3.7
72 25.72 8.28
73 0.99 21.75
74 19.64 5.52
75 14.39 0.85
76 24.29 25.25
77 24.21 4.65
78 1.99 16.44
79 4.37 13.37
80 15.2 7.69
81 18.9 22.04
82 15.81 8.58
83 12.51 25.87
84 17.99 25.26
85 5.1 4.9
86 2.12 19.11
87 1.4 2.14
88 17.41 1.84
89 7.36 21.91
90 22.76 11.06
91 3.83 15.27
92 19.93 21.05
93 5.02 2.05
94 8.94 15.44
95 16.65 2.91
96 24.95 24.14
97 0.24 9.55
98 2.94 14.76
99 14.02 6.27
100 4.69 20.94
101 14.05 12.64
102 14.79 6.81
103 8.65 8.97
104 4.88 6.2
105 10.78 9.54
106 18.33 21.17
107 9.74 14.62
108 16.67 12.26
109 21.22 8.28
110 11.19 25.61
111 17.28 11.87
112 14.94 10.14
113 24.91 11.04
114 10.84 17.89
115 6.35 6.45
116 19.1 15.53
117 15.87 13.92
118 16.42 1.41
119 1.13 24.52
120 1.58 21.3
121 9.99 11.92
122 20.06 19.92
123 6.18 19.74
124 2.02 4.25
125 23.38 20.93
126 6.8 13.22
127 23.36 8.18
128 12.75 15.27
129 0.68 15.79
130 15.77 23.59
131 6.64 7.03
132 14.47 8.87
133 3.8 22.51
134 14.56 4.89
135 19.72 24.45
136 3.89 16.14
137 10.06 3.71
138 23.45 23.95
139 21.72 9.77
140 24.22 25.48
141 12.7 19.11
142 20.81 24.54
143 13.81 3.58
144 12.9 7.56
145 24.67 14.49
146 15.04 2.67
147 5.06 5.32
148 21.35 3.52
149 1.93 8.86
150 7.31 9.91
151 19.58 21.65
152 25.37 11.21
153 2.68 23.16
154 0.45 22.82
155 15.82 24.41
156 11.04 24.67
157 23.22 22.04
158 25.63 5.85
159 13.42 4.55
160 19.05 12.53
161 15.2 12.09
162 10.93 1.61
163 24.65 13.78
164 22.64 6.29
165 9.72 0.59
166 22.24 23.47
167 2.2 22.82
168 19.99 15.13
169 5.48 4.89
170 3.3 13.96
171 12.64 21.3
172 10.87 7.86
173 13.71 3.38
174 7.93 10.5
175 16.55 1.13
176 6.75 20.5
177 22.12 25.27
178 13.05 17.68
179 23.97 20.77
180 14.88 3.21
181 0.68 1.22
182 24.04 4.65
183 19.78 2.89
184 1.3 18.03
185 6 18.78
186 7.61 24.12
187 5.98 12.16
188 9.06 18.48
189 22.5 19.69
190 14.35 16.99
191 5.02 13.05
192 5.84 21.1
193 12.78 20.66
194 15.43 18.89
195 22.1 10.76
196 11.98 23.84
197 2.49 16.3
198 12.71 3.54
199 21.58 15.79
200 2.1 14.01
201 12.13 21.1
202 0.78 9.71
203 21.71 18.11
204 5.33 9.84
205 20.35 18.21
206 24.78 19.68
207 14.78 18.89
208 13.55 24.14
209 17.03 1.56
210 5.84 22.51
211 20.35 6.65
212 16.47 11.34
213 14.89 22.84
214 6.15 3.19
215 17.2 3.99
216 18.61 8.25
217 11.48 22.86
218 14.97 19.39
219 22.75 7.19
220 18.92 20.3
221 7.5 10.62
222 3.52 11.22
223 9.36 22.28
224 17.37 17.07
225 13.58 19.91
226 0.56 23.21
227 2.08 7.93
228 24.29 10.56
229 13.75 16.97
230 20.96 23.97
231 25.74 24.47
232 21.33 7.09
233 0.48 11.23
234 11.94 3.83
235 17.65 16.75
236 1.37 24.39
237 9.61 25.16
238 21.44 24.41
239 15.49 12.5
240 6.41 6.33
241 3.55 22.59
242 24.05 0.5
243 11.06 25.15
244 16.12 15.86
245 7.35 18.33
246 16.8 4.6
247 11.69 7.1
248 11.85 5.66
249 9.49 5.69
250 15.96 17.31
251 15.7 1.14
252 19.82 10.85
253 9.27 18.84
254 5.34 15.27
255 21.6 18.28
256 8.39 11.75
257 5.77 18.67
258 17.82 6.44
259 15.83 16.83
260 9.16 1.46
261 25.58 23.18
262 4.28 19.49
263 25.15 4.79
264 4 9.65
265 0.97 2.16
266 22.82 19.96
267 24.34 10.19
268 22.55 16.65
269 25.44 7.61
270 19.41 1.89
271 7.17 14.56
272 7.24 1.8
273 1.77 12.94
274 23.3 18.58
275 13.57 17.6
276 8.3 6.46
277 19.47 6.67
278 11.47 6.11
279 15.76 18.62
280 14.3 15.47
281 2.96 10.25
282 20.45 11.13
283 1.78 1.3
284 2.43 10.52
285 12.42 1.22
286 15.78 21.84
287 17.16 13.11
288 19.57 16.54
289 9.13 12.45
290 4.05 16.87
291 16.86 16.22
292 22.89 5.88
293 11.99 3.85
294 22.48 1.88
295 17.36 1.75
296 5.53 4.3
297 15.43 13.84
298 8.66 19.5
299 4.02 17.21
300 18.43 11.09
301 0.45 9.96
302 23.07 8.22
303 24.76 11.13
304 23.59 10.17
305 20.56 1.41
306 11.15 21.16
307 1.04 4.94
308 8.8 8.05
309 9.93 13.03
310 8.31 24.8
311 3.1 20.81
312 2.17 13.84
313 0.86 18.54
314 9.75 10.83
315 21.92 4.88
316 14.85 2.19
317 3.93 15.89
318 1.03 5.44
319 9.13 22.21
320 23.63 24.62
321 19.78 3.7
322 8.64 8.78
323 10.35 14.35
324 1.38 17.44
325 16.24 13.81
326 2.14 3.21
327 10.57 12.87
328 5.41 4.32
329 15.15 11.43
330 9.84 15.16
331 10.87 11.08
332 20.49 24.69
333 23.65 8.32
334 4.54 21.52
335 20.14 6.79
336 10.49 2.17
337 4.47 7.45
338 21.8 12.65
339 23.62 8.35
340 22.16 16.7
341 19.92 7.38
342 20.25 24.3
343 2.62 24.01
344 9.45 25.66
345 8.35 11.3
346 15.9 19.29
347 11.5 12.74
348 21.07 10.39
349 5.92 2.67
350 9.46 25.61
351 21.3 0.06
352 1.03 13.47
353 0.13 19.29
354 1.64 22.83
355 13.54 23.75
356 5.13 17.32
357 15.63 0.98
358 24.99 18.91
359 12.09 11.77
360 23.07 1.96
361 14.77 20.44
362 0.71 12.97
363 16.89 19.79
364 22.47 21.78
365 14.91 22.81
366 16.39 25.45
367 12.93 3.73
368 23.02 17.43
369 14.26 6.58
370 4.33 18.19
371 9.51 21.32
372 15.82 2.98
373 15.41 18.66
374 23.96 8.34
375 3.82 1.51
376 21.95 14.55
377 21.05 12.12
378 5.91 16.18
379 11.96 11.94
380 8.75 21.9
381 21.36 20.39
382 17.64 25.14
383 10.09 8.29
384 14.87 8.19
385 0.38 17.88
386 6.72 12.72
387 9.22 3.41
388 15.6 22.55
389 24.41 24.64
390 0.15 13.56
391 2.11 2.23
392 7.87 15.62
393 5.81 23.16
394 9.1 13.79
395 3.21 11.29
396 25.21 11.37
397 4.04 24.57
398 6.86 16.85
399 25.04 14.13
400 6.01 15.25
401 21.49 18.94
402 15.88 12.74
403 2.81 4.72
404 3.36 5.48
405 19.04 1.22
406 22.97 23.03
407 12.65 14.67
408 5.36 4.85
409 12.16 11.98
410 23.28 7.98
411 19.36 15.37
412 13.95 16.01
413 6.86 16.92
414 5.05 14.33
415 3.59 25.43
416 18.37 4.59
417 17.33 25.08
418 23.32 8.25
419 13.73 13.66
420 14.88 20.2
421 17.23 0.29
422 8.49 5.37
423 10.22 23.41
424 2.91 13.85
425 15.35 22.38
426 11.76 19.71
427 9.72 2.23
428 19.15 25.71
429 7.56 16.59
430 16.02 24.21
431 22.32 11.15
432 3.76 1.91
433 10.17 7.17
434 20.83 20.6
435 14.81 17.42
436 11.24 9.71
437 8.6 25.56
438 22.97 19.73
439 1.1 18.83
440 15.21 19.41
441 13.12 16.45
442 18.69 20.49
443 13.72 22.85
444 6.96 11.84
445 3.57 21.29
446 25.96 16.5
447 18.41 25.89
448 7.06 3.72
449 24.33 22.1
450 7.05 21.41
451 5.12 6.66
452 6.22 18.29
453 5.54 13.73
454 0.08 22.72
455 16.13 6.64
456 23.09 8.81
457 3.31 3.25
458 19.62 9.3
459 14.67 17.03
460 12.32 20.1
461 10.6 18.24
462 11.66 5.81
463 9.53 22.54
464 12.16 12.24
465 7.66 1.38
466 1.56 12.73
467 5.02 6.3
468 13.55 7.79
469 4.51 4.08
470 10.72 13.63
471 15.97 14.16
472 10.93 1.34
473 4.16 19.28
474 3.83 4.56
475 18.18 18.83
476 4.6 9.68
477 15.49 22.31
478 18.85 16.26
479 22.02 18.54
480 19.93 24.53
481 11.27 3.68
482 3.51 21.49
483 22.8 9.81
484 13.9 17.06
485 24.22 20.83
486 8.99 24.62
487 19.48 14.19
488 0.99 19.93
489 18.01 23.65
490 16.48 4.82
491 14.5 10.19
492 6.5 14.6
493 24.38 3.99
494 22.54 18.87
495 10.93 20.41
496 17.61 9.99
497 25 15.72
498 25.53 21.12
499 5.71 15.33
500 10.16 13.43
501 5.58 23.45
502 5.16 19.16
503 6.61 18.58
504 9.75 6.15
505 4.49 18.14
506 2.33 19.76
507 8.36 19
508 16.51 2.36
509 14.75 6.75
510 1.16 6.57
511 10.08 19.2
512 8.92 12.29
513 0.94 2.61
514 17.94 8.46
515 15.41 0.17
516 23.62 2.1
517 14.78 20.99
518 7.1 22.3
519 2.45 14.91
520 7.05 16.85
521 10.61 6.94
522 19.46 2.91
523 5.27 18.98
524 25.73 3.5
525 10.07 13.54
526 6.75 20.41
527 0.22 20.16
528 22.77 15.67
529 17.65 1.16
530 1.33 8.23
531 10.33 7.07
532 21.58 18.47
533 14.77 18.64
534 7.55 2.68
535 19.54 10.74
536 11.21 14.61
537 17.52 23.67
538 16.65 4.67
539 8.17 16.31
540 23.37 9.9
541 23.83 11.77
542 25.45 4.12
543 13.32 24.06
544 18.74 15.74
545 23.97 4.97
546 5.56 13.6
547 6.07 1.82
548 20.46 1.15
549 3.83 14.37
550 25.11 21.54
551 10.15 16.89
552 14.57 10.32
553 15 21.19
554 5.02 24.74
555 2.17 16.69
556 21.98 2.39
557 0.04 19.52
558 11.1 21.43
559 4.69 13.36
560 11.85 3.85
561 17.45 2.66
562 4.49 17.42
563 18.57 17.04
564 5.41 18.47
565 14.01 15.92
566 0.34 4.53
567 14.85 17.68
568 12.87 8.43
569 7.17 23.37
570 7.59 17.89
571 20.29 2.86
572 22.39 23.09
573 18.53 13.85
574 1.21 -7.49
575 4.86 -23.22
576 19.41 -6.58
577 24 -15.83
578 6.88 -17.42
579 9.89 -10.09
580 0.02 -12.29
581 10.34 -17.43
582 9.11 -0.36
583 2.31 -18.72
584 9.61 -15.51
585 7.4 -3
586 5.87 -17.2
587 7.82 -21.21
588 9.06 -21.78
589 22.79 -0.35
590 17.09 -3.79
591 10.38 -1.66
592 17.49 -4.02
593 21.44 -1.9
594 12 -17.89
595 23.71 -24.86
596 16.29 -12.02
597 5.9 -8.05
598 0.77 -18.92
599 8.43 -8.21
600 11.21 -3.91
601 14.63 -9.36
602 24.09 -10.6
603 6.38 -22.45
604 22.8 -0.68
605 23.99 -22.7
606 24.36 -7.42
607 11.44 -8.37
608 3.8 -9.37
609 1.27 -0.41
610 25.27 -15.8
611 21.34 -24.98
612 7.03 -9.08
613 2 -1.24
614 2.97 -1.33
615 5.24 -3.96
616 6.84 -7.7
617 11.83 -19.87
618 16.33 -4.93
619 25.13 -18.21
620 8.43 -6.65
621 7.59 -23.13
622 25.02 -6.79
623 16.17 -12.56
624 12.97 -2.82
625 18.62 -10.96
626 9.94 -5.76
627 14.84 -13.96
628 8.72 -10.49
629 5.34 -10.36
630 14.32 -5.21
631 12.92 -4.1
632 17.5 -21.16
633 19.62 -18.27
634 4 -7.83
635 8 -18.75
636 9.4 -12.44
637 19.23 -9.12
638 21.68 -8.43
639 4.77 -2.92
640 7.4 -8.65
641 14.41 -23.4
642 4.88 -10.86
643 21.36 -22.77
644 7.13 -7.13
645 12.34 -20.22
646 24.33 -14.98
647 10.14 -18.78
648 11.05 -9.35
649 10.7 -23.28
650 9.56 -15.06
651 1.5 -18.7
652 1.82 -18.96
653 20.91 -14.25
654 10.7 -17.02
655 25.67 -25.69
656 16.61 -18.1
657 2.97 -7.6
658 23.89 -21.49
659 22.14 -17.85
660 12.07 -5.03
661 20.01 -2.01
662 20.79 -3.92
663 13.27 -23.67
664 20.96 -25.37
665 7.95 -23.97
666 10.2 -4.52
667 23.48 -2.97
668 17.22 -5.54
669 22.57 -18.4
670 11.61 -1.92
671 20.03 -15.76
672 16.89 -2.22
673 17.23 -16.52
674 8.37 -14.78
675 19.81 -13.38
676 15.39 -13.96
677 17.89 -7.34
678 5.02 -3.7
679 22.59 -24.68
680 16.18 -25.98
681 24.02 -4.54
682 7.51 -0.38
683 25.44 -21.5
684 7.42 -18.26
685 13.7 -22.01
686 11.78 -19.03
687 14.77 -1.25
688 17.77 -2.67
689 10.97 -6.01
690 12.91 -0.14
691 14.11 -4.79
692 12.13 -2.3
693 25.52 -25.52
694 24.2 -17.15
695 10.65 -22.12
696 0.66 -7.9
697 8.28 -8.67
698 23.7 -1.7
699 19.96 -7.73
700 23.26 -24.64
701 11.2 -7.66
702 2.44 -2.56
703 24.75 -25.97
704 25.5 -20.21
705 20.36 -9.73
706 14.52 -12.41
707 8.23 -1.99
708 1.51 -20.17
709 4.85 -7.76
710 3.88 -19.23
711 1.14 -9.02
712 11.22 -24.06
713 25.76 -2.94
714 4.19 -8.92
715 1.08 -13.24
716 14.43 -20.98
717 23.54 -12.28
718 5.78 -16.87
719 11.08 -22.3
720 25.55 -5.28
721 11.22 -24.96
722 20.47 -14.07
723 1.76 -19.45
724 1.21 -15.5
725 8.74 -0.13
726 9.16 -24.61
727 16.2 -3.4
728 25.86 -20.38
729 22.82 -15.96
730 22.73 -23.58
731 18.56 -17.42
732 23.23 -11.16
733 2.03 -9.62
734 25.44 -3.01
735 1.81 -6.63
736 25.12 -24.99
737 6.58 -13.03
738 0.01 -19.59
739 9.1 -8.35
740 8.48 -20.74
741 19.36 -11.36
742 8.28 -11.16
743 5.54 -3.08
744 12.56 -1.66
745 25.24 -21.88
746 13.31 -9.29
747 13.97 -11.32
748 14.47 -10.54
749 13.55 -9.52
750 16.16 -13.91
751 12.91 -8.88
752 15.44 -15.28
753 2.39 -19.49
754 21.36 -15.45
755 3.71 -11.49
756 16.37 -23.37
757 8.53 -16.59
758 19.67 -24.65
759 0.32 -7.6
760 3.48 -6.24
761 15.53 -19.08
762 23.93 -16.79
763 1.33 -23.03
764 6.55 -12.4
765 0.31 -8.4
766 10.81 -16.23
767 25.03 -6.74
768 0.24 -0.25
769 9.22 -1.43
770 6.44 -15.12
771 12.49 -12.93
772 3.53 -22.82
773 14.99 -21.03
774 2.63 -23.2
775 22.96 -8.83
776 21.44 -6.11
777 16.43 -6.02
778 3.05 -19.37
779 5.77 -11.28
780 13.21 -3.12
781 19.36 -25.6
782 6.35 -24.02
783 17.79 -18.39
784 13.34 -0.11
785 15.23 -1.01
786 7.46 -13.31
787 10.13 -21.25
788 16.28 -4.51
789 21.24 -18.64
790 21 -12.43
791 12.06 -18.2
792 24.22 -16.44
793 9.81 -22.01
794 7.3 -20.79
795 23.92 -9.1
796 8.7 -20.51
797 18.53 -17.28
798 3.19 -15.05
799 8.68 -3.84
800 24.37 -10.06
801 23.37 -23.92
802 12.69 -5.83
803 10.35 -1.02
804 19.66 -2.97
805 8.92 -5.59
806 17.31 -14.66
807 24.62 -20.98
808 17 -9.06
809 3.85 -8.43
810 17.53 -17.82
811 12.33 -1.77
812 12.57 -19.76
813 8.81 -24.38
814 2.22 -9.29
815 19.35 -11.02
816 2.46 -20.11
817 25.94 -16.72
818 11.26 -15.15
819 18.12 -3.81
820 2.92 -4.92
821 13.11 -20.56
822 9.06 -20.24
823 3.3 -11.73
824 13.69 -19.58
825 11.4 -7.15
826 2.45 -5.22
827 24.98 -17.25
828 15.63 -8.54
829 17.83 -1.32
830 12.34 -11.37
831 5.48 -11.18
832 21.42 -14.8
833 3.95 -24.95
834 2.76 -6.68
835 5.13 -15.59
836 3.67 -25.21
837 12.97 -18.24
838 23.49 -12.73
839 6.32 -16.27
840 16.94 -4.7
841 3.45 -11.24
842 2.5 -12.91
843 21.46 -21.95
844 23.27 -11.65
845 16.55 -13.29
846 18 -3.13
847 11.45 -22.03
848 14.5 -13.42
849 20.11 -8.92
850 18.03 -10.79
851 10 -18.76
852 4.52 -21.7
853 1.96 -22.97
854 6.76 -2.01
855 0.24 -8.28
856 19.52 -17.22
857 4.14 -3.69
858 25.64 -15.54
859 1.2 -19.12
860 6.41 -16.44
861 13.09 -17.75
862 7.3 -17.93
863 5.36 -18.07
864 20.51 -21.81
865 0.12 -18.99
866 11.75 -12.55
867 1.77 -10.12
868 0.61 -9.79
869 5.32 -3.73
870 5.53 -0.89
871 18.11 -5.56
872 9.25 -18.58
873 8.12 -15.77
874 8.89 -2.42
875 18.86 -9.32
876 1.07 -8.83
877 0.76 -25.47
878 17.54 -1.9
879 23.71 -25.64
880 12.15 -12.06
881 18.13 -23.83
882 1.47 -17.42
883 1.21 -19.9
884 17.16 -21.6
885 22.49 -6.54
886 12.1 -22.69
887 15.27 -14.6
888 23.9 -14.88
889 17.3 -16.92
890 0.24 -6.79
891 9.14 -3.68
892 3.15 -20.84
893 22.74 -9.91
894 3.07 -20.7
895 0.28 -13.97
896 5.32 -15.23
897 6.65 -18.41
898 12.31 -6.79
899 2.39 -1.39
900 7.93 -3.47
901 19.69 -18.4
902 0.52 -13.55
903 21.95 -2.48
904 19.4 -24.42
905 24.74 -6.77
906 10.45 -13.17
907 1.53 -7.88
908 11.31 -7.13
909 21.35 -24.27
910 5.76 -14.39
911 3.62 -21.63
912 14.04 -11.08
913 17.87 -3.79
914 24.7 -19.87
915 16.87 -13.78
916 6.18 -6.63
917 13.71 -4.08
918 6.56 -6.7
919 24.65 -9.66
920 9.96 -19.49
921 0.18 -23.39
922 24.79 -20.41
923 1.54 -1.71
924 19.5 -10.11
925 24.5 -16.41
926 12.04 -25.26
927 10.34 -21.64
928 18.95 -19.6
929 13.48 -21.73
930 9.51 -17.66
931 17.81 -23.87
932 1.95 -9.21
933 9.43 -25.04
934 2.23 -2.03
935 21.52 -8.08
936 24.99 -12.19
937 6.6 -15.22
938 16.93 -23.79
939 7.9 -1.67
940 11.6 -10.43
941 3.21 -25.92
942 15.08 -23.65
943 10.77 -13.55
944 9.28 -8.03
945 25.69 -17.77
946 15.64 -12.31
947 15.04 -11.03
948 10.07 -11.11
949 13.15 -24.48
950 0.08 -12.3
951 24.49 -2.19
952 17.42 -25.08
953 16.39 -24.62
954 19.81 -1.87
955 5.83 -17.81
956 17.73 -5.41
957 22.58 -9.04
958 22.6 -6.81
959 14.84 -7.36
960 25.13 -25.4
961 5.24 -8.06
962 12.61 -8.3
963 19.41 -20.28
964 12.28 -22.68
965 2.51 -0.08
966 2.28 -12.37
967 4.97 -20.52
968 19.14 -13.22
969 8.61 -21.36
970 13.17 -6.47
971 5.41 -14.44
972 23.49 -24.42
973 5.23 -1.99
974 2.87 -20.09
975 13.01 -13.59
976 15.17 -21.53
977 3.83 -18.25
978 6.06 -1.78
979 17.99 -16.76
980 16.85 -18.34
981 4.71 -14.02
982 8.54 -12.65
983 19.39 -3.2
984 24.56 -21.21
985 1.68 -2
986 16.45 -5.25
987 3.67 -0.61
988 2.61 -13.94
989 1.55 -2.42
990 9.54 -25
991 20.53 -14.56
992 0.34 -24.71
993 20.02 -17.88
994 2.17 -6.4
995 24.74 -5.53
996 19.55 -19.02
997 25.19 -22.98
998 0.18 -2.09
999 23.3 -18.58
1000 20.58 -18.27
1001 23.52 -24.99
1002 25.6 -11.03
1003 24.97 -20.72
1004 23.14 -21.73
1005 14.26 -20.04
1006 2.13 -6.68
1007 24.92 -2.31
1008 13.72 -2.47
1009 2.39 -12.46
1010 17.99 -15.89
1011 8.91 -1.13
1012 17.63 -11.54
1013 13.63 -8.1
1014 0.68 -17.82
1015 10.09 -10.94
1016 3.45 -14.78
1017 25.82 -1.13
1018 21.85 -22.57
1019 11.83 -18.31
1020 5.88 -12.52
1021 12.72 -0.09
1022 21.92 -8.01
1023 10.48 -5.16
1024 17.62 -9.64
1025 25.53 -12.87
1026 7.52 -9.61
1027 21.15 -1.96
1028 3.58 -25.16
1029 16.98 -8.79
1030 13.25 -23.78
1031 12.57 -20.59
1032 21.72 -16.7
1033 6.79 -5.91
1034 17.74 -11.1
1035 17.14 -18.62
1036 12.23 -23.62
1037 5.63 -3.86
1038 9.03 -8.16
1039 11.32 -9.63
1040 22.5 -0.65
1041 10.27 -10.86
1042 6.34 -4.03
1043 22.71 -24.94
1044 7.73 -9.93
1045 7.71 -7.21
1046 21.32 -14.5
1047 24.72 -20.28
1048 0.19 -17.04
1049 21.66 -5.52
1050 17.66 -17.94
1051 15.56 -12.8
1052 16.67 -3.9
1053 5.58 -14.72
1054 24.35 -19.22
1055 13.39 -16.9
1056 21.28 -14.38
1057 11.93 -23.66
1058 16.13 -1.63
1059 11.56 -8.64
1060 15.85 -23.86
1061 5.89 -19.27
1062 7.08 -11.17
1063 21.73 -4.61
1064 10.13 -7.27
1065 18.73 -10.92
1066 23.72 -21.32
1067 18.74 -1.82
1068 10.06 -7.91
1069 20.65 -24.32
1070 8.74 -8.41
1071 22.79 -8.05
1072 25.23 -23.55
1073 25.18 -8.72
1074 17.36 -15.36
1075 6.75 -4.26
1076 17.05 -0.73
1077 5.42 -12.64
1078 17.25 -24.13
1079 24.93 -20.68
1080 5.6 -20.91
1081 9.75 -11.18
1082 13 -22.84
1083 24.28 -2.49
1084 20.33 -23.06
1085 25 -18.93
1086 0.98 -22.59
1087 20.14 -21.79
1088 24.04 -0.22
1089 15.58 -12.84
1090 10.62 -8.92
1091 3.18 -15.85
1092 2.49 -1.68
1093 19.33 -8.6
1094 22.8 -13.27
1095 1.7 -11.78
1096 22.97 -21.92
1097 18.77 -11.45
1098 7.46 -3.49
1099 20.08 -17.05
1100 9.98 -1.79
1101 24.38 -19.08
1102 8.39 -4.49
1103 4.71 -12.05
1104 24.89 -25.95
1105 8.88 -13.81
1106 3.67 -3.04
1107 4.72 -12.06
1108 14.18 -25.68
1109 12.95 -17.57
1110 3.36 -10.99
1111 0.43 -8.17
1112 13.14 -0.33
1113 23.34 -19.2
1114 3.77 -20.6
1115 15.91 -17.42
1116 4.02 -7.28
1117 11.77 -7.82
1118 19.87 -12.42
1119 12.37 -16.48
1120 23.81 -12.28
1121 15.32 -14.77
1122 0.83 -21
1123 20.69 -20.04
1124 5.14 -8.54
1125 13.05 -1.16
1126 9.34 -8.5
1127 2.35 -13.48
1128 0.21 -16
1129 10.61 -25.69
1130 10.64 -3.98
1131 11.26 -0.52
1132 1.86 -14.66
1133 20.6 -16.55
1134 7.03 -21.73
1135 8.02 -6.98
1136 15.27 -24.37
1137 19.37 -23.34
1138 10.91 -16.11
1139 18.17 -14.06
1140 15.23 -9.57
1141 18.07 -5.22
1142 18.7 -18.09
1143 8.09 -13.94
1144 13.63 -18.91
1145 22.9 -12.22
1146 6.27 -24.27
1147 -12.94 -1.68
1148 -18.24 -8.13
1149 -3.87 -7.54
1150 -8.04 -18.79
1151 -17.16 -5.41
1152 -22.27 -23.32
1153 -6.95 -4.06
1154 -18.12 -0.7
1155 -10.27 -25.12
1156 -4.34 -0.87
1157 -12.48 -2.34
1158 -9.8 -16.56
1159 -9.48 -14.1
1160 -0.32 -23.44
1161 -15.23 -25.9
1162 -1.58 -6.59
1163 -14.73 -21.69
1164 -3.24 -13.34
1165 -25.66 -12.12
1166 -17.53 -4.8
1167 -21.64 -16.82
1168 -14.4 -13.8
1169 -8.03 -22.11
1170 -21.23 -0.05
1171 -0.92 -18.3
1172 -14.17 -19.09
1173 -9.66 -6.93
1174 -21.03 -23.97
1175 -14.93 -12.66
1176 -12.56 -21.35
1177 -1.95 -4.17
1178 -25.86 -7.66
1179 -14.53 -10.2
1180 -22.32 -22.62
1181 -1.43 -14.19
1182 -24.53 -7.37
1183 -14.69 -16.59
1184 -12.71 -12.94
1185 -12.99 -22.72
1186 -15.03 -7.94
1187 -20.56 -7.43
1188 -14.36 -22.72
1189 -20.69 -4.22
1190 -16.88 -9.39
1191 -4.75 -9.63
1192 -13.8 -22.96
1193 -4.62 -0.22
1194 -3.94 -7.18
1195 -3.81 -19.15
1196 -0.86 -19.78
1197 -20.67 -24.76
1198 -15.35 -25.4
1199 -12.34 -9.36
1200 -25.61 -2.06
1201 -3.53 -18.85
1202 -0.28 -8.16
1203 -4.88 -24.09
1204 -21.83 -14.65
1205 -17.56 -19.09
1206 -2.72 -6.23
1207 -3.19 -15.83
1208 -9.57 -10.04
1209 -10.75 -1.33
1210 -14.01 -13.51
1211 -0.81 -14.56
1212 -13.32 -14.87
1213 -14.27 -21.48
1214 -24.37 -2.67
1215 -24.26 -20.13
1216 -12.98 -23.98
1217 -6.14 -1.79
1218 -19.4 -6.79
1219 -21.44 -4.54
1220 -23.63 -15.23
1221 -14.98 -13
1222 -22.36 -19.88
1223 -23.44 -18.17
1224 -13.02 -5.93
1225 -12.97 -8.19
1226 -22.75 -1.03
1227 -9.43 -13.78
1228 -2.79 -3.59
1229 -25.79 -17.22
1230 -11.36 -1.16
1231 -25.14 -24.05
1232 -19.36 -17.86
1233 -24.65 -24.8
1234 -3.34 -12.76
1235 -21.51 -13.61
1236 -20.14 -20.49
1237 -14.37 -10.49
1238 -22.18 -16.5
1239 -22.43 -5.34
1240 -13.53 -9.2
1241 -3.76 -2.92
1242 -16.71 -3.81
1243 -7.4 -13.19
1244 -4.41 -19.5
1245 -20.66 -7.19
1246 -24.76 -9.29
1247 -20.68 -13.32
1248 -5.64 -11.64
1249 -17.92 -19.33
1250 -0.47 -2.5
1251 -22.99 -13.43
1252 -17.44 -20.61
1253 -4.63 -4.89
1254 -10.23 -13.62
1255 -16.35 -1.06
1256 -3.99 -17.28
1257 -21.09 -20.11
1258 -0.82 -14.22
1259 -7.72 -2.5
1260 -3.21 -24.75
1261 -8.05 -21.9
1262 -2.74 -1.98
1263 -7.14 -2.73
1264 -15.58 -1.9
1265 -4.4 -25.07
1266 -12.5 -16.05
1267 -4.18 -20.91
1268 -19.32 -23.47
1269 -4.61 -8.81
1270 -3.4 -23.07
1271 -14.36 -20.96
1272 -8.59 -0.91
1273 -15.13 -9.45
1274 -11.95 -9.41
1275 -1.69 -16.37
1276 -5.79 -8.69
1277 -4.19 -3.26
1278 -25.51 -2.05
1279 -3.95 -11.33
1280 -10.4 -15.09
1281 -24.67 -1.87
1282 -16.3 -16.43
1283 -13.9 -2.85
1284 -5.19 -9.63
1285 -6.7 -18.51
1286 -7 -8.59
1287 -9.5 -21.06
1288 -24.04 -9.11
1289 -12.05 -18.15
1290 -2.04 -9.99
1291 -12.2 -13.74
1292 -17 -7.83
1293 -3.4 -16.39
1294 -1.73 -16.51
1295 -25.12 -7.35
1296 -2.74 -5.65
1297 -22.08 -23.79
1298 -20.17 -19.04
1299 -22.19 -3.5
1300 -15.54 -25.36
1301 -1.47 -2.9
1302 -17.48 -16.06
1303 -25.17 -4.49
1304 -22.64 -15.52
1305 -19.04 -11.22
1306 -24.96 -24.68
1307 -0.03 -24.76
1308 -15.16 -15.96
1309 -25.99 -3.43
1310 -4.3 -10.41
1311 -16.06 -25.12
1312 -22.91 -0.56
1313 -19.6 -5.67
1314 -9.17 -10.6
1315 -3.48 -15.8
1316 -12.22 -24.71
1317 -14.77 -4.95
1318 -9.44 -23.22
1319 -12.75 -7.47
1320 -18.69 -25.6
1321 -24.28 -25.31
1322 -24.07 -17.66
1323 -1.14 -17.83
1324 -14.78 -6.75
1325 -17.16 -1.14
1326 -0.26 -19.08
1327 -19.64 -7.23
1328 -12.9 -16.69
1329 -20.82 -6.77
1330 -22.57 -15.59
1331 -7.83 -24.3
1332 -3.26 -2.31
1333 -25.53 -22.6
1334 -23.59 -6.22
1335 -5.83 -5.8
1336 -24.63 -16.29
1337 -7.95 -23.63
1338 -15.47 -16.23
1339 -22.98 -2.61
1340 -3.75 -4.25
1341 -16.86 -14.15
1342 -14.9 -23.53
1343 -14.23 -10.5
1344 -10.79 -21.32
1345 -10.91 -9.05
1346 -0.87 -0.88
1347 -3.19 -18.74
1348 -8.87 -4.13
1349 -3.88 -2.73
1350 -2.05 -6.46
1351 -22.75 -9.71
1352 -7.34 -0.69
1353 -16.92 -24.22
1354 -0.84 -16.33
1355 -20.59 -7.42
1356 -15.09 -4.59
1357 -21.65 -11.45
1358 -15.47 -3.99
1359 -25.31 -9.88
1360 -12.45 -0.27
1361 -1.15 -3.75
1362 -22.49 -13.32
1363 -10.98 -23.87
1364 -20.12 -5.36
1365 -5.35 -8.38
1366 -18.09 -22.17
1367 -16.38 -2.1
1368 -19.85 -18.95
1369 -9.29 -0.82
1370 -8.25 -20.69
1371 -18.8 -3.88
1372 -8.85 -23.34
1373 -20.86 -14.45
1374 -17.85 -17.84
1375 -18.11 -13.69
1376 -17.44 -23.82
1377 -4.67 -12.79
1378 -10.66 -13.94
1379 -12.82 -9.17
1380 -17.55 -4.78
1381 -20.47 -18.17
1382 -13.8 -3.16
1383 -22.11 -10.86
1384 -11.68 -7.65
1385 -21.86 -24.92
1386 -22.32 -19.93
1387 -10.8 -8.18
1388 -16.16 -5.17
1389 -23.02 -5.66
1390 -19.35 -1.53
1391 -25.36 -8.65
1392 -14.96 -4.32
1393 -18.26 -23.55
1394 -6.72 -25.62
1395 -23.92 -24.6
1396 -16.78 -24.27
1397 -20.95 -18.4
1398 -3.26 -24.1
1399 -25.27 -17.06
1400 -15.99 -14.94
1401 -2.4 -21.13
1402 -22.83 -12.31
1403 -11.01 -6.72
1404 -5.9 -12.99
1405 -14.53 -1.55
1406 -10.2 -18.77
1407 -23.09 -7.41
1408 -4.96 -25.17
1409 -18.31 -8.87
1410 -7.48 -5.2
1411 -22.99 -16.24
1412 -8.64 -17.78
1413 -15.88 -17.94
1414 -9 -5.42
1415 -13.88 -15.15
1416 -3.8 -18.51
1417 -24.35 -9.8
1418 -16.52 -0.63
1419 -7.15 -9.36
1420 -10.91 -15.94
1421 -8.72 -15.2
1422 -22.61 -14.63
1423 -13.8 -25.33
1424 -8.21 -21.09
1425 -0.29 -6.12
1426 -15.88 -9.21
1427 -0.99 -23.28
1428 -8.74 -18.04
1429 -23.46 -16.87
1430 -25.54 -17.74
1431 -3.78 -11.34
1432 -14.67 -22.86
1433 -17.01 -2.13
1434 -11.49 -24.71
1435 -14.66 -24.16
1436 -6.88 -15.92
1437 -4.55 -16.9
1438 -16.23 -23.01
1439 -18.1 -11.88
1440 -11.52 -17.96
1441 -1.17 -11.91
1442 -2.71 -1.4
1443 -19.44 -2.16
1444 -12.55 -11.45
1445 -22.72 -10.42
1446 -15.28 -5.61
1447 -2.47 -0.5
1448 -22.15 -3.95
1449 -2.67 -13.01
1450 -11.17 -1.16
1451 -17.08 -10.85
1452 -1.75 -11.58
1453 -8.59 -21.63
1454 -7.51 -17.98
1455 -3.47 -0.7
1456 -6.13 -19.03
1457 -13.95 -4.64
1458 -0.33 -2.37
1459 -13.82 -0.91
1460 -11.33 -12.88
1461 -12.02 -4.06
1462 -24.08 -0.62
1463 -24.09 -14.49
1464 -1.5 -13.75
1465 -14.91 -20.28
1466 -5.13 -6.2
1467 -11.3 -5.99
1468 -21.15 -6.88
1469 -18.39 -19.89
1470 -14.11 -22.18
1471 -8.74 -21.86
1472 -20.02 -20.25
1473 -16.14 -16.21
1474 -17.13 -20.35
1475 -0.76 -23.48
1476 -1.55 -2.46
1477 -22.6 -12.78
1478 -1.27 -19.15
1479 -6.91 -14.22
1480 -8.5 -22.3
1481 -22.02 -21.82
1482 -21.34 -7.16
1483 -7.56 -0.84
1484 -20.73 -10.01
1485 -6.19 -25.95
1486 -15.33 -8.85
1487 -22.62 -8.45
1488 -24.67 -9.36
1489 -23.23 -12.76
1490 -3.76 -15.8
1491 -11.78 -23.99
1492 -10.77 -5.31
1493 -24.47 -1.91
1494 -9.65 -5.57
1495 -21.39 -24.9
1496 -20.72 -11.67
1497 -18.83 -10.93
1498 -11.77 -16.06
1499 -19.59 -0.4
1500 -19.87 -6.5
1501 -8.87 -25.79
1502 -1.76 -9.21
1503 -12.09 -25.01
1504 -5.29 -0.43
1505 -9.75 -2.84
1506 -0.84 -9.06
1507 -7.89 -15.06
1508 -10.49 -11.61
1509 -17.18 -6.36
1510 -5.26 -20.14
1511 -5.81 -6.09
1512 -17.02 -19.51
1513 -3.09 -18.17
1514 -18.57 -2.79
1515 -2.82 -22.69
1516 -16 -12.44
1517 -15.17 -5.21
1518 -23.75 -17.76
1519 -11.72 -20.78
1520 -23.63 -3.04
1521 -12.1 -14.99
1522 -23.57 -24.47
1523 -3.6 -20
1524 -19.88 -8.06
1525 -2.2 -14.31
1526 -20.4 -18.67
1527 -5.7 -1.54
1528 -19.71 -4.95
1529 -1.26 -8.79
1530 -25 -12.28
1531 -18.24 -23.6
1532 -2.82 -15
1533 -0.29 -0.94
1534 -15.24 -0.57
1535 -23.13 -5.53
1536 -20.52 -6.39
1537 -4.86 -2.76
1538 -22.76 -18.1
1539 -19.68 -1.99
1540 -16.3 -10.16
1541 -22.35 -21.89
1542 -16.95 -4.22
1543 -2.69 -21.57
1544 -23.89 -10.66
1545 -16.46 -3.96
1546 -1.56 -22.89
1547 -5.42 -2.22
1548 -22.68 -23.9
1549 -17.99 -25.23
1550 -4.76 -11.93
1551 -18.32 -15.13
1552 -17.89 -18.8
1553 -4.42 -16.71
1554 -12.22 -8.17
1555 -11.85 -24.11
1556 -13.52 -22.04
1557 -0.26 -8.21
1558 -23.3 -4.47
1559 -8.65 -2.96
1560 -0.44 -21.19
1561 -18.09 -18.63
1562 -20.85 -21.52
1563 -19.43 -17.03
1564 -16.26 -11.06
1565 -22.99 -11.42
1566 -20.07 -14.54
1567 -7.34 -8.83
1568 -19.06 -11.96
1569 -13.65 -5.29
1570 -3.4 -5.28
1571 -1.32 -25.51
1572 -1.24 -10.44
1573 -8.43 -21.11
1574 -24.07 -24.54
1575 -19.74 -10.6
1576 -3.23 -18.03
1577 -13.55 -5.35
1578 -22.38 -17.6
1579 -2.66 -0.5
1580 -5.45 -6.16
1581 -20.7 -19.17
1582 -21.53 -25.52
1583 -5.01 -2.04
1584 -0.85 -14.59
1585 -19.88 -18.66
1586 -11.69 -23.77
1587 -8.21 -14.72
1588 -9.83 -12.93
1589 -5 -10.16
1590 -20.76 -1.42
1591 -19.45 -24.74
1592 -23.61 -23.99
1593 -15.6 -0.53
1594 -1.03 -19.99
1595 -0.15 -11.78
1596 -24.48 -6.48
1597 -25.53 -20.85
1598 -16.41 -20.01
1599 -8.6 -4.54
1600 -16.72 -10.79
1601 -8.56 -22
1602 -10.73 -2.42
1603 -8.87 -16.78
1604 -20.46 -20.56
1605 -21.99 -13.87
1606 -6.13 -15.23
1607 -13.22 -8.96
1608 -9.49 -3.74
1609 -17.25 -22.34
1610 -1.65 -4.05
1611 -4.05 -17.4
1612 -5.77 -0.13
1613 -20.14 -3.58
1614 -1.64 -15.71
1615 -0.5 -22.26
1616 -18.27 -18.37
1617 -14.31 -9.06
1618 -19.36 -22.52
1619 -17.08 -23.18
1620 -11.06 -13.83
1621 -3.06 -6.59
1622 -9.08 -10.71
1623 -14.46 -9.8
1624 -25.67 -12.09
1625 -16.14 -5.71
1626 -16.64 -1.32
1627 -20.97 -20.2
1628 -17.3 -15.93
1629 -5.64 -15.11
1630 -4.89 -18.95
1631 -4.84 -25.66
1632 -2.25 -23.16
1633 -13.2 -19.15
1634 -9.85 -21.61
1635 -2.96 -4.29
1636 -4.4 -14.43
1637 -25.15 -6.02
1638 -9.35 -7
1639 -19.1 -7.13
1640 -6.36 -9.02
1641 -3.86 -2.76
1642 -22.96 -23
1643 -6.46 -18.35
1644 -0.98 -7.79
1645 -20.26 -12.1
1646 -5.29 -5.87
1647 -22.56 -25.1
1648 -11.77 -7.54
1649 -3.15 -9.76
1650 -7.57 -21.62
1651 -10.06 -6.12
1652 -5.66 -11.98
1653 -12.5 -2.73
1654 -9.86 -8.53
1655 -11.07 -5.6
1656 -8.37 -16.22
1657 -6.75 -14.93
1658 -0.8 -24.85
1659 -6.64 -13.21
1660 -18.83 -1.78
1661 -7.66 -0.9
1662 -19.52 -17.64
1663 -25.18 -4.22
1664 -13.98 -5.29
1665 -20.44 -21.86
1666 -21.5 -15.08
1667 -20.58 -24.02
1668 -0.75 -1.16
1669 -9.7 -7.08
1670 -12.69 -4.13
1671 -13.87 -20.77
1672 -3.23 -14.58
1673 -13.43 -14.14
1674 -20.87 -4.03
1675 -25.34 -13.6
1676 -8.02 -13.71
1677 -24.87 -7
1678 -4.74 -1.55
1679 -6.84 -24.06
1680 -19.92 -12.24
1681 -1.32 -1.28
1682 -25.3 -8.94
1683 -10.1 -21.9
1684 -2.99 -19.57
1685 -17.22 -13.32
1686 -1.62 -9.2
1687 -23.78 -5.1
1688 -19.24 -24.37
1689 -21.92 -11.21
1690 -18.33 -7.64
1691 -14.87 -21.26
1692 -21.78 -0.36
1693 -1.91 -13.74
1694 -11.8 -0.52
1695 -12.77 -2.27
1696 -23.08 -25.24
1697 -8.18 -14.09
1698 -10 -22.38
1699 -9.48 -11.81
1700 -18.65 -6.51
1701 -15.71 -0.7
1702 -25.32 -13.79
1703 -5.68 -13.49
1704 -18.22 -12.09
1705 -19.73 -21.13
1706 -16.39 -10.56
1707 -4.44 -8.6
1708 -22.34 -12.18
1709 -6.22 -6.35
1710 -2.14 -1.67
1711 -20.43 -18.99
1712 -0.61 -25.22
1713 -15.13 -2.62
1714 -7.95 -10.61
1715 -17.12 -24.61
1716 -18.83 -20.12
1717 -7.92 -0.35
1718 -13.84 -18.16
1719 -23.77 -7.12
1720 -2.25 25.58
1721 -3.66 17.5
1722 -0.1 12.17
1723 -17.87 8.1
1724 -7.97 15.96
1725 -11.15 24.09
1726 -17.09 10.12
1727 -2.86 5.59
1728 -8.21 17.7
1729 -21.83 17.99
1730 -10.12 9.68
1731 -3.8 6.47
1732 -0.34 2.96
1733 -14.64 5.24
1734 -12.37 14.18
1735 -7.28 12.41
1736 -3.91 8.14
1737 -20.31 4.47
1738 -12.57 23.53
1739 -7.01 12.18
1740 -10.28 14.07
1741 -17.71 18.17
1742 -23.76 20.89
1743 -6.11 20.57
1744 -6.09 25.49
1745 -9.17 21.46
1746 -21.45 16.21
1747 -12.69 6.49
1748 -11.74 21.79
1749 -3.49 1.33
1750 -13.74 17.63
1751 -25.77 10.77
1752 -15.24 11.17
1753 -2.22 20.09
1754 -6.27 21.34
1755 -2.93 2.76
1756 -20.93 10.07
1757 -24.48 20.64
1758 -8.73 12.21
1759 -5.22 4.59
1760 -19.57 8.34
1761 -24.56 14.39
1762 -20.88 15.02
1763 -10.81 11.25
1764 -12.59 0.14
1765 -17.77 14.3
1766 -18.6 19.85
1767 -24.55 17.55
1768 -11.64 1.36
1769 -22.7 20.29
1770 -23.05 11.43
1771 -21.51 19.15
1772 -7.31 11.5
1773 -17.23 19.99
1774 -18.11 16.05
1775 -24.39 22.45
1776 -4.36 11.68
1777 -20.23 16.47
1778 -1.73 25.25
1779 -18.91 5.04
1780 -12.87 7.84
1781 -21.21 10.69
1782 -2.24 5.47
1783 -0.35 13.28
1784 -7.58 7.4
1785 -18.83 16.58
1786 -9.73 24.15
1787 -3.18 7.86
1788 -21.38 17.05
1789 -0.62 20.41
1790 -16.87 13.49
1791 -18.69 18.53
1792 -9.01 21.23
1793 -14 12.92
1794 -17.97 4.26
1795 -5.62 6.92
1796 -17.61 24.36
1797 -23.35 0.83
1798 -7.64 13.37
1799 -20.77 23.7
1800 -14.28 15.22
1801 -13.37 7.12
1802 -14.99 24.02
1803 -8.59 16.55
1804 -4.49 10.37
1805 -17.38 9.21
1806 -1.74 14.88
1807 -10.11 10.07
1808 -23 4.27
1809 -2.05 17.64
1810 -18.08 8.49
1811 -0.37 7.67
1812 -2.03 3.21
1813 -16.58 23.72
1814 -21.42 9.67
1815 -18.41 4.87
1816 -11.99 9.71
1817 -1.25 25.3
1818 -9.38 20.5
1819 -4.87 9.84
1820 -19.05 13.87
1821 -2.75 15.77
1822 -25.85 14.31
1823 -12.11 6.38
1824 -17.54 16.37
1825 -18.38 14.16
1826 -15.36 9.62
1827 -12.83 18.75
1828 -16.47 17.39
1829 -20.58 22.93
1830 -21.32 11.89
1831 -15.12 12.99
1832 -12.29 7.32
1833 -21.34 16.37
1834 -19.73 21.67
1835 -3.06 19.74
1836 -9.51 12.78
1837 -20.62 5.81
1838 -12.2 9.36
1839 -25.73 6.73
1840 -14.41 3.74
1841 -6.89 18.11
1842 -4.38 3.77
1843 -21.16 19.72
1844 -10.18 20.85
1845 -6.75 9.26
1846 -22.25 5.5
1847 -6.34 15.39
1848 -25.29 2.07
1849 -17.26 1.69
1850 -21.43 19.02
1851 -25.33 20.33
1852 -0.14 4.94
1853 -7.83 19.95
1854 -20.2 5.86
1855 -3.13 1.08
1856 -12.72 8.61
1857 -12.39 10.02
1858 -23.26 17.1
1859 -11.96 1.07
1860 -10.34 7.44
1861 -12.95 12.23
1862 -1.62 0.11
1863 -21.7 12.81
1864 -14.5 0.91
1865 -13.46 12.97
1866 -7.3 3.45
1867 -1.92 12.79
1868 -0.26 7.44
1869 -6.83 9.75
1870 -10.83 20.46
1871 -22.59 9.96
1872 -13.5 23.55
1873 -8.18 2.5
1874 -23.1 10.76
1875 -11.73 20.14
1876 -6.37 0.96
1877 -20.59 18.2
1878 -5.01 1.51
1879 -21.95 16.3
1880 -3.27 13.04
1881 -16.49 2.93
1882 -15.72 10.57
1883 -11.53 18.41
1884 -21.68 15.98
1885 -3.96 18.36
1886 -21.84 6.52
1887 -23.59 20.07
1888 -16.1 9.34
1889 -13.63 5.77
1890 -19.43 13.2
1891 -14.16 25.36
1892 -11.08 19.32
1893 -14.36 2.27
1894 -18.57 16.09
1895 -22.65 3.83
1896 -6.76 21.84
1897 -6.41 13.15
1898 -25.08 22.48
1899 -5.98 11.47
1900 -23.35 20.77
1901 -20.81 3.46
1902 -23.53 19.2
1903 -22.06 11.92
1904 -11.22 13.63
1905 -0.83 9.69
1906 -2.57 4.65
1907 -17.5 8.51
1908 -10.79 13.65
1909 -23.27 5.86
1910 -9.69 22.88
1911 -18.73 19.92
1912 -0.59 16.45
1913 -6.45 18.66
1914 -4.13 25.68
1915 -13.97 12.43
1916 -15.89 1.49
1917 -14.21 2.3
1918 -14.22 13.42
1919 -20.58 10.27
1920 -13.49 18.96
1921 -17.14 21.41
1922 -23.45 16.06
1923 -23.24 8.64
1924 -14.5 1.76
1925 -24.64 20.51
1926 -14.43 17.71
1927 -8.16 10.89
1928 -3.56 8.55
1929 -8.23 14.61
1930 -20.56 1.21
1931 -22.22 15.72
1932 -18.02 10.45
1933 -17.39 10.43
1934 -20.71 25.76
1935 -12.25 11.97
1936 -0.91 1.72
1937 -17.78 3.39
1938 -12.03 17.88
1939 -19.64 15.02
1940 -3.05 20.05
1941 -5.28 11.8
1942 -22.7 11.01
1943 -19.56 13.44
1944 -21.57 19.78
1945 -20.99 21.31
1946 -4.55 9.65
1947 -20.1 17.22
1948 -1.65 16.09
1949 -15.85 5.01
1950 -16.99 15.88
1951 -17.6 21.62
1952 -25.01 11.42
1953 -3.3 2.91
1954 -11.45 4.56
1955 -18.13 16.46
1956 -2.26 14.51
1957 -19.04 23.41
1958 -4.37 18.48
1959 -12.26 12.6
1960 -1.43 19.46
1961 -3.11 7.26
1962 -18 5.98
1963 -22.07 16.73
1964 -21.75 13.17
1965 -3.06 5.44
1966 -1.07 6.26
1967 -17.68 14.18
1968 -17.09 19.6
1969 -24.17 20.98
1970 -4.96 2.55
1971 -10.58 9.82
1972 -7.24 0.74
1973 -19.23 3.62
1974 -9.74 11.61
1975 -24.6 5.49
1976 -6.27 11.17
1977 -17.15 1.71
1978 -18.45 17.79
1979 -4.97 13.22
1980 -12.18 7.72
1981 -13.98 1.55
1982 -15.73 13.25
1983 -6.86 25.18
1984 -13.68 6.83
1985 -2.9 24.55
1986 -8.37 18.64
1987 -19.38 7
1988 -10.62 9.13
1989 -14.27 12.61
1990 -11.63 13.88
1991 -25.05 12.87
1992 -14.58 11.42
1993 -22.74 9.72
1994 -16.46 0.55
1995 -1.79 1.71
1996 -3.26 2.64
1997 -15.9 15.77
1998 -14.95 18.99
1999 -19.34 16.28
2000 -8.35 22.15
2001 -14.79 15.76
2002 -22.76 16.72
2003 -19.38 8.18
2004 -14.31 0.9
2005 -14.78 7.65
2006 -20.52 19.46
2007 -24.41 13.83
2008 -17.07 2.62
2009 -22.7 21.15
2010 -22.86 7.53
2011 -10.18 24.49
2012 -7.79 19.64
2013 -6.15 19.6
2014 -3.4 16.26
2015 -12.42 25.5
2016 -8.78 11.75
2017 -21.99 1.21
2018 -2.91 5.55
2019 -25.97 15.37
2020 -23.02 10.75
2021 -23.73 14.76
2022 -22.11 17.54
2023 -13.69 22.14
2024 -10.81 13.19
2025 -20.72 10.39
2026 -2.4 1.19
2027 -20.83 4.9
2028 -18.02 10.19
2029 -0.46 0.99
2030 -20.01 21.42
2031 -7.17 12.88
2032 -7.61 2.79
2033 -1.86 22.69
2034 -12.06 4.05
2035 -14.8 1.84
2036 -16.6 9.09
2037 -20.15 12.53
2038 -2.2 12.71
2039 -25.9 1.36
2040 -11.75 13.01
2041 -14.21 14.15
2042 -12.57 14.16
2043 -17.87 9.04
2044 -3.55 4.6
2045 -0.02 18.33
2046 -24.73 17.08
2047 -19.88 0.72
2048 -23.41 25.87
2049 -3.92 15.26
2050 -10.62 2.99
2051 -5.6 12.24
2052 -18.29 1.22
2053 -7.46 19.28
2054 -20.64 20.49
2055 -1.03 0.88
2056 -8.55 6.4
2057 -14.08 15.24
2058 -17.8 21.13
2059 -25.73 5.95
2060 -17.81 14.88
2061 -5.96 19.27
2062 -13.51 16.54
2063 -9.93 19.36
2064 -8.63 4.44
2065 -7.44 7.37
2066 -19.61 19.25
2067 -14 13.04
2068 -6.32 5.43
2069 -25.92 14.98
2070 -9.38 0.97
2071 -0.89 0.95
2072 -9.71 17.94
2073 -13.07 14.97
2074 -14.44 1.52
2075 -9.92 6.32
2076 -25.59 6.25
2077 -16.32 15.88
2078 -9.25 13.11
2079 -17.55 0.25
2080 -7.63 17.88
2081 -4.65 18.51
2082 -25.08 20.76
2083 -0.19 18.65
2084 -1.15 24.92
2085 -25.89 19.64
2086 -14.11 10.54
2087 -2.48 20.3
2088 -2.79 23.83
2089 -18.87 9.07
2090 -15.39 17.24
2091 -17.01 2.79
2092 -18.67 14.98
2093 -21.61 7.33
2094 -1.11 1.92
2095 -13.32 6.69
2096 -25.2 2.26
2097 -23.02 17.98
2098 -4.15 24.28
2099 -23.21 16.74
2100 -10.38 24.83
2101 -9.37 16.62
2102 -4.45 24.49
2103 -15.84 5.37
2104 -7.96 7.24
2105 -18 8.71
2106 -5.02 23.35
2107 -5.85 9.02
2108 -9.87 17.22
2109 -12.66 20.99
2110 -1.68 10.98
2111 -6.76 25.99
2112 -11.49 20.4
2113 -18.69 3.79
2114 -14.05 9.16
2115 -7.99 9.42
2116 -19.56 17.95
2117 -16.44 17.36
2118 -16.25 24.01
2119 -24.78 25.81
2120 -2.04 24.21
2121 -15.08 10.3
2122 -12.84 7.07
2123 -17.81 14.46
2124 -9.45 22.72
2125 -1.22 4.47
2126 -4.46 11.13
2127 -5.53 7.99
2128 -5.3 9.47
2129 -18.64 17.74
2130 -20.68 12.87
2131 -4.82 0.63
2132 -11.52 14.25
2133 -5.78 14.78
2134 -14.59 21.29
2135 -19.51 4.56
2136 -8.39 16.64
2137 -17.23 2.11
2138 -16.57 21.23
2139 -11.47 9.04
2140 -13.51 0.02
2141 -4.67 6.22
2142 -7.73 11.5
2143 -20.97 10.21
2144 -21.47 13.03
2145 -19.42 7.13
2146 -1.29 16.16
2147 -4.41 24.24
2148 -13.02 6.33
2149 -1.62 3.71
2150 -1.8 21.14
2151 -11.78 14.65
2152 -16.77 10.19
2153 -5.42 22.53
2154 -25.09 0.86
2155 -0.89 10.42
2156 -16.64 12.6
2157 -17.62 5.56
2158 -9.29 24.37
2159 -4.92 12.6
2160 -13.25 24.29
2161 -14.45 24.34
2162 -16.1 14.54
2163 -20.87 12.38
2164 -16.09 3.12
2165 -24.26 16.02
2166 -4.67 11.41
2167 -21.6 3.56
2168 -19.61 14.96
2169 -15.83 20.55
2170 -4.97 18.7
2171 -24.83 10.24
2172 -15.8 21.61
2173 -13.5 16.45
2174 -22.57 18.62
2175 -16.91 18.42
2176 -16.76 9.83
2177 -17.89 24.88
2178 -11.26 6.86
2179 -3.5 6.29
2180 -22.31 20.87
2181 -6.29 21.29
2182 -18.37 20.5
2183 -9.47 21.41
2184 -15.96 11.99
2185 -24.21 25.3
2186 -9.54 14.45
2187 -10.06 23.04
2188 -13.5 18.86
2189 -5 17.08
2190 -9.5 3.59
2191 -6.94 15.43
2192 -14.31 19.78
2193 -0.64 24.84
2194 -5.13 19.09
2195 -13.97 23.67
2196 -18.96 20.96
2197 -15.46 13.78
2198 -9.19 4.85
2199 -16.84 18.45
2200 -11.27 18.68
2201 -7.13 8.58
2202 -5.62 14.33
2203 -0.72 10.72
2204 -1.8 12.64
2205 -16.24 5.72
2206 -21.16 11.31
2207 -24.61 23.18
2208 -15.54 2.99
2209 -22.09 25.26
2210 -16.45 14.19
2211 -9.15 3.58
2212 -17.36 2.93
2213 -7.78 18.14
2214 -10.59 20.07
2215 -6.27 18.15
2216 -0.73 15.39
2217 -3.72 13.41
2218 -17.65 25.87
2219 -12.52 4.44
2220 -3.69 12.97
2221 -17.8 22.28
2222 -12.98 24.85
2223 -1.84 16.42
2224 -9.2 2.53
2225 -10.24 17.45
2226 -21.03 25.65
2227 -2.58 12.92
2228 -5.06 5.91
2229 -19.51 3.88
2230 -22.03 9.17
2231 -24.56 25.78
2232 -6.71 16.28
2233 -16.16 21.81
2234 -19.77 24.36
2235 -4.86 2.68
2236 -18.48 23.46
2237 -15.83 22.66
2238 -13.08 5.46
2239 -1.51 17.68
2240 -9.13 22.28
2241 -15.45 11.76
2242 -24.68 23.69
2243 -3.6 11.55
2244 -15.44 23.26
2245 -6.43 23.11
2246 -22.9 4.99
2247 -21.28 24.52
2248 -13.85 23.13
2249 -15.02 11.44
2250 -7.64 7.62
2251 -5.09 19.88
2252 -16.54 0.12
2253 -5.58 20.92
2254 -6.12 23.15
2255 -19.43 0.62
2256 -12.38 8.78
2257 -6.47 2.41
2258 -13.96 11.06
2259 -1.84 10.07
2260 -0.71 3.4
2261 -8.4 1.79
2262 -0.31 17.13
2263 -14.26 23.2
2264 -8.64 7.68
2265 -15.31 3.28
2266 -16.68 9.8
2267 -9.92 13.92
2268 -2.36 7.23
2269 -4.38 9.02
2270 -9.64 8.49
2271 -10.79 17.33
2272 -19.74 22.02
2273 -0.6 17.26
2274 -20.85 7.71
2275 -4.63 2.44
2276 -23.76 15.08
2277 -6.21 6.55
2278 -3.75 17.59
2279 -25.28 20.48
2280 -17.28 12.39
2281 -22.19 8.11
2282 -22.03 7.97
2283 -8.72 25.63
2284 -8.66 17.91
2285 -0.4 6.62
2286 -23.95 11.82
2287 -1.37 4.71
2288 -15.49 11.22
2289 -18.93 21.49
2290 -17.46 10.35
2291 -25.43 17.08
2292 -23.64 15.22
2293 -6.81 25.17
