%%index real_part   imaginary_part
1538 1538 1538
1 2.37 19.37
2 4.87 18.06
3 4.56 8.8
4 12.94 17.74
5 13.26 18.28
6 10.95 9.89
7 8.2 8.67
8 8.09 15
9 11.63 2.1
10 6.98 1.04
11 17.44 8.21
12 16.36 15.93
13 3.38 1.71
14 9.67 5.82
15 14.45 14.93
16 14.3 0.1
17 18.17 0.34
18 9.14 2.69
19 3.96 6.25
20 4.53 5.61
21 15.5 17.22
22 5.89 15.49
23 14.01 3.7
24 9.33 17.51
25 18.55 9.16
26 17.38 16.31
27 15.76 19.51
28 1.22 13.74
29 3.08 2.67
30 17.6 14.42
31 14.52 17.53
32 17.87 11.9
33 14.6 16.21
34 2.47 7.02
35 12.63 2.08
36 19.3 7
37 6.01 8.13
38 15.36 8.71
39 6.22 3.54
40 12.71 4.69
41 4.52 4.77
42 4.29 13.61
43 10.87 3.8
44 6.47 9.03
45 3.45 13.95
46 11.48 4.07
47 19.5 17.98
48 17.71 9.35
49 16.37 17.62
50 19.7 0.18
51 10.71 9
52 0.66 2.52
53 11.23 0.24
54 3.79 16.02
55 4.23 17.46
56 5.75 0.02
57 13.63 12.27
58 16.07 13.56
59 2.6 4.5
60 18.45 6.07
61 13.66 6.05
62 7.55 9.93
63 19.28 13.16
64 10.78 8.79
65 12.49 19.18
66 11.7 14
67 16.52 3.2
68 6.97 12.36
69 11.9 7.76
70 5.22 10.76
71 14.3 19.65
72 11.92 14.49
73 8.06 7.93
74 15.95 11.52
75 17.59 10.66
76 0.23 14.4
77 7.85 11.25
78 7.94 7.79
79 16.58 10.65
80 9.83 2.24
81 16.25 9.07
82 15.8 5.06
83 17.42 16.29
84 7.57 2.77
85 17.05 12.85
86 16.02 16.31
87 10.81 11.35
88 2.8 11.47
89 2.99 18.87
90 9.53 18.75
91 16.67 4.1
92 18.87 9.76
93 1.07 4.52
94 18.69 6.81
95 12.58 1.17
96 10.25 8.53
97 13.59 12.35
98 8.64 9.57
99 15.86 14.53
100 10.9 16.22
101 12.53 12.91
102 7.78 6.93
103 18.4 3.34
104 5.73 14.1
105 12.85 4.91
106 9.01 15.26
107 8.55 13.04
108 17.56 11.4
109 1.74 9.62
110 10.8 19.77
111 8.3 14.32
112 6.67 4.57
113 14.14 5.41
114 3.47 18.83
115 18.57 10
116 6.43 17.89
117 4.82 14.63
118 1.49 17.73
119 11.83 3.22
120 11.65 7.23
121 2.49 8.2
122 1.24 0.66
123 12.07 11.04
124 4.19 2.32
125 2.09 13.81
126 11.65 14.99
127 19.56 13.92
128 2.85 1.84
129 0.67 17.22
130 10.74 6.32
131 4.22 19.25
132 13.88 17.17
133 14.9 12.56
134 19.31 18.89
135 6.12 6.73
136 18.45 10.96
137 15.15 8.62
138 3.18 19.69
139 2.01 10.74
140 8.07 7.37
141 2.36 7.62
142 1.54 19.72
143 1.56 5.44
144 2.66 4.4
145 14.24 5.75
146 5 13.4
147 14.09 1.98
148 14.55 2.4
149 1.3 12.51
150 2.76 17.38
151 8.34 10.94
152 19.56 1.21
153 0.9 3.49
154 17.75 6.27
155 13.64 6.43
156 14.06 5.82
157 5.54 19.53
158 8.49 19.12
159 3.52 10.62
160 16.38 11.16
161 8.08 1.29
162 3.27 4.9
163 10.83 5.7
164 18.21 1.34
165 2.24 12.13
166 3.07 0.98
167 5.71 10.59
168 17.6 6.16
169 12.43 6.62
170 16.57 15.36
171 4.7 9.59
172 9.12 14.15
173 13.28 10.25
174 4.39 17.62
175 12.3 16.8
176 1.61 0.77
177 5.68 3.9
178 13.12 8.41
179 9.75 16.51
180 12.16 14.86
181 15.84 12
182 6.11 18.75
183 8.43 5.07
184 15.21 7.23
185 6.11 0.86
186 13.98 11.79
187 5.94 10.82
188 4.59 6.62
189 7.76 19.22
190 19.55 8.98
191 13.28 3.58
192 7.49 1.16
193 9.57 18.96
194 18.99 4.13
195 18.99 2.85
196 18.37 14.67
197 13.42 18.35
198 3.43 4.48
199 15.23 1.86
200 6.24 18.64
201 10.43 1.35
202 12.17 0.22
203 10.37 19.9
204 2.64 0.28
205 9.26 18.13
206 1.72 2.19
207 6.88 6.06
208 5.02 12.73
209 16.86 19.97
210 2.82 7.53
211 2.2 19.38
212 17.73 4.71
213 12.71 19.15
214 4.53 1.16
215 19.81 7.95
216 9.3 10.77
217 14.52 13.76
218 17.18 4.99
219 8.79 4.89
220 3.02 19.83
221 5.54 18.05
222 4.12 8.26
223 0.99 12.42
224 12.4 12.66
225 3.72 1.38
226 0.76 18.74
227 3.46 5.92
228 8.59 18.49
229 3.18 16.17
230 7.64 13.12
231 3.9 6.51
232 3.79 0.46
233 8.97 1.94
234 10.35 0.98
235 0.81 17.76
236 19.34 16.89
237 5.16 9.87
238 2.3 6.98
239 19.64 9.67
240 11.05 18.22
241 0.48 6.88
242 12.81 11.81
243 13.83 3.94
244 3.64 4.92
245 18.05 17.01
246 3.52 11.28
247 11.75 5.47
248 7.41 7.31
249 11.81 0.72
250 2.01 17.76
251 14.65 16.14
252 6.02 1.35
253 8.33 19.81
254 13.01 8.32
255 10.06 11.49
256 18.38 4.06
257 19.4 10.54
258 18.01 14.71
259 19.63 13.23
260 13.76 1.65
261 16.45 17.68
262 3.15 0.8
263 11.63 11.72
264 15.97 14.08
265 11.84 3.45
266 3.11 17.98
267 19.33 10.02
268 13.35 9.13
269 0.97 11.18
270 2.67 6.36
271 10.43 11.03
272 5.1 1.05
273 19.28 9.83
274 6.58 3.11
275 8.28 18.92
276 0.12 3.86
277 8.18 8.25
278 19.98 3.28
279 17.36 19.81
280 6.78 19.47
281 17.45 12.73
282 2.75 9.9
283 19.03 0.3
284 15 16.1
285 2.47 3.53
286 18.08 17.67
287 2.25 16.42
288 9.77 3.18
289 9.81 1.53
290 0.45 19.87
291 3.73 18.09
292 6.35 0.58
293 7.38 11.91
294 15.24 9.85
295 9.32 8.26
296 4.51 2.03
297 15.45 10.29
298 14.11 7.26
299 6.89 18
300 1.53 9.11
301 10.3 12.88
302 9.3 19.62
303 2.8 12.55
304 14.09 19.07
305 18.94 12.62
306 14.23 18.06
307 2.16 6.19
308 18.1 4.1
309 13.95 9.54
310 1.33 13.34
311 18.89 6.79
312 17.08 5.84
313 16.63 14.34
314 12.35 14.71
315 3.82 7.04
316 19.92 17.4
317 17.02 14.13
318 10.2 9.22
319 11.81 19.83
320 15.97 4.29
321 5.88 14.27
322 0.46 13.72
323 17.83 8.04
324 1.11 2.08
325 18.94 11.78
326 2.1 2.44
327 11.8 17.84
328 15.7 2.7
329 17.42 11.95
330 18.99 11.57
331 8.98 4.76
332 2.41 2.43
333 15.17 6
334 9.35 12.62
335 0.43 6.98
336 4.77 5.32
337 2.57 6.31
338 14.36 5.23
339 10.83 0.4
340 15.7 15.47
341 1.43 9.78
342 11.14 17.8
343 0.51 16.75
344 8.71 6.84
345 18.42 1.45
346 6.21 11.22
347 13.66 10.92
348 16.92 12.15
349 8.29 8.83
350 19.34 9.8
351 18.64 8.72
352 18.56 4.11
353 12.87 1.21
354 1.61 12.92
355 11.91 3.7
356 13.48 17.32
357 18.64 16.86
358 13.61 8.14
359 14.99 19.15
360 4.12 5.84
361 17.07 16.93
362 11.37 13.86
363 6.01 14.25
364 3.08 8.29
365 1.61 17.82
366 6.54 5.94
367 13.58 0.26
368 1.47 5.1
369 1.54 6.45
370 13.67 6.61
371 7.45 16.97
372 13.83 10.68
373 18.82 6.09
374 8.77 7.45
375 16.81 17.33
376 14.26 12.89
377 6.75 13.88
378 8.13 5.63
379 17.45 16.28
380 14.1 14.74
381 0.68 19.06
382 2.84 4.17
383 12.79 14.26
384 4.23 7.84
385 14.45 -14.34
386 14.83 -17.91
387 12.11 -1.9
388 11.51 -8.67
389 19.64 -10.93
390 8.27 -0.28
391 16.7 -16.45
392 13.86 -6.05
393 15.21 -3.45
394 3.26 -1.99
395 0.25 -16.18
396 15.24 -17.36
397 5.05 -0.94
398 18.72 -1.61
399 9.45 -17.85
400 15.71 -6.48
401 7.91 -7.42
402 12.84 -10.54
403 19.21 -0.02
404 14.47 -4.35
405 8.16 -2.37
406 2.35 -6.26
407 12.32 -4.86
408 8.31 -16.21
409 1.72 -11.05
410 7.23 -15.09
411 15.98 -1.98
412 6.44 -2.47
413 7.6 -1.03
414 18.88 -5.16
415 15.16 -17.05
416 7.99 -14.59
417 5.14 -3.07
418 6.61 -0.83
419 8.71 -7.87
420 13.77 -1.09
421 7.35 -16.87
422 1.73 -16.12
423 12.33 -3.19
424 14.24 -13.56
425 8.66 -14.05
426 19.55 -1.47
427 7.47 -4.64
428 5.67 -5.99
429 14.68 -15.07
430 15.65 -4.56
431 2.67 -9.84
432 16.44 -3.64
433 8 -11.33
434 19.21 -3.05
435 4.14 -16.71
436 13.58 -16.5
437 12.62 -11.5
438 14.69 -15.31
439 8.87 -8.47
440 6.04 -12.46
441 13.93 -1.05
442 5.69 -5.6
443 11.59 -1.4
444 16.48 -11.37
445 19.45 -9.79
446 3.16 -15.65
447 2.81 -2.12
448 16.98 -19.6
449 2.65 -10.81
450 11.04 -16.19
451 16.21 -10.32
452 5.34 -8.14
453 3.45 -8.83
454 17.3 -3.55
455 16.01 -15.85
456 16.9 -3.34
457 12.46 -9.95
458 11.35 -6.12
459 17.49 -7.58
460 17.37 -11.35
461 10.52 -0.46
462 6.1 -0.53
463 3.65 -13.34
464 4.15 -3.08
465 2.79 -6.31
466 16.63 -18.72
467 6.86 -19
468 7.83 -1.97
469 9.04 -13.84
470 13.21 -8.65
471 15.52 -5.06
472 15.01 -10.11
473 19.75 -11.5
474 19.08 -9.88
475 1.24 -17.24
476 1.22 -16.46
477 0.51 -11.76
478 8.62 -7.33
479 10.41 -4.17
480 14 -16.3
481 15.02 -13.21
482 12.21 -14.15
483 19.64 -1.88
484 15.72 -3.57
485 15.74 -8.68
486 13.74 -12.45
487 6.09 -14.78
488 6.29 -12.27
489 2.16 -5.84
490 6.61 -5.37
491 5.35 -3.4
492 18.68 -7.83
493 15.16 -9.39
494 17.08 -7.31
495 3.61 -9.1
496 2.31 -14.6
497 8.75 -2.15
498 4.03 -18.04
499 1.61 -8.39
500 0.59 -3.28
501 15.73 -0.88
502 15.66 -14.34
503 6.61 -5.34
504 11.19 -5.47
505 14.37 -12.29
506 19.21 -17.8
507 5.63 -3.24
508 12.63 -17.9
509 8.73 -4.32
510 13.42 -13.23
511 7.83 -15.86
512 1.53 -15.73
513 17.29 -16.58
514 8.49 -5.56
515 12.36 -2.43
516 3.31 -12.61
517 10.47 -11.62
518 16.96 -2.49
519 7.97 -0.6
520 12.9 -11.67
521 9.47 -5.86
522 9.1 -12.11
523 13.53 -18.63
524 2.95 -5.26
525 2.01 -5.78
526 5.16 -16.37
527 15.62 -9.85
528 9.95 -6.69
529 15.78 -12.91
530 15.34 -1.97
531 14.58 -11.66
532 3.28 -2.17
533 4.67 -8.57
534 9.17 -3.77
535 18.96 -16.16
536 2.02 -5.59
537 17.71 -8.44
538 7.07 -14.64
539 3.42 -14.76
540 0.55 -13.54
541 9.91 -5.44
542 18.81 -9.23
543 15.93 -9.05
544 5.48 -8.76
545 14.25 -11.71
546 3.37 -0.83
547 6.52 -8.83
548 0.92 -10.18
549 17.47 -11.19
550 10.87 -10.1
551 15.69 -16.43
552 4.87 -16.41
553 14.58 -16.92
554 11.69 -15.46
555 9 -18
556 6.96 -15.76
557 4.99 -2.43
558 15 -5.77
559 14.54 -4.44
560 16.15 -0.49
561 4.84 -8.79
562 1.15 -19.53
563 13.23 -11.36
564 6.08 -2.07
565 15.69 -10.7
566 10.65 -0.47
567 16.89 -14.91
568 11.83 -19.05
569 14.51 -14.99
570 12.99 -7.04
571 6.32 -7.04
572 12.99 -19.96
573 5.73 -14.84
574 19.28 -8
575 8.49 -3.79
576 16.11 -15.44
577 18.49 -16.85
578 8.21 -17.26
579 2.85 -15.24
580 9.46 -17.81
581 18.29 -18.55
582 16.98 -0.11
583 19.16 -18.7
584 13.69 -8.81
585 19.38 -17.2
586 7.76 -10.2
587 13.68 -5.7
588 4.06 -0.75
589 8.75 -2.94
590 6.73 -3.35
591 2.31 -0.76
592 17.61 -2.84
593 3.62 -0.8
594 19.56 -5.83
595 7.16 -10
596 12.07 -9.02
597 9.13 -5.45
598 7.67 -9.05
599 17.86 -11.82
600 12.54 -1.36
601 11.57 -0.76
602 9.99 -0.3
603 1.05 -8.77
604 11.71 -14.05
605 17.4 -9.81
606 14.09 -18.45
607 4.81 -19.71
608 4.03 -11.71
609 1.06 -11.96
610 1.96 -3.59
611 16.13 -8.22
612 17.2 -14.03
613 6.6 -5.27
614 0.61 -4.87
615 9.76 -4.46
616 8.75 -13.15
617 13.45 -1.33
618 10.1 -18.74
619 12.79 -18.02
620 11.35 -5.34
621 3.79 -10.2
622 13.43 -5.45
623 17.16 -12.12
624 7.6 -0.99
625 8.1 -1.74
626 13.48 -9.56
627 7.11 -4.24
628 13.03 -10.68
629 15.56 -13.71
630 1.7 -13.64
631 6.79 -8.84
632 10.17 -10.45
633 12.71 -3.76
634 1.78 -3.79
635 9.13 -5.5
636 19.22 -13.14
637 2.11 -16.44
638 12.09 -12.66
639 17.17 -19.27
640 4.53 -19.69
641 12.78 -5.27
642 9.51 -18.01
643 8.7 -19.89
644 17.13 -2.54
645 16.18 -7.78
646 16.62 -2.35
647 12.8 -6.49
648 13.77 -10.31
649 17.62 -9.03
650 14.53 -15.56
651 12.22 -10.28
652 10.24 -13.76
653 9.94 -14.33
654 17.12 -2.33
655 5.55 -10.63
656 15.9 -1.65
657 19.66 -18.33
658 1.74 -5.42
659 11.48 -11.88
660 3.18 -18.87
661 1.22 -11.19
662 17.68 -19.8
663 13.63 -17.54
664 6.57 -14.98
665 14.06 -11.26
666 5.06 -1.11
667 18.39 -6.28
668 4.13 -15.3
669 1.16 -11.85
670 2.48 -1.25
671 6.42 -6.71
672 8.56 -1.9
673 7.32 -9.6
674 1.49 -10.3
675 9.18 -2.33
676 13.52 -8.19
677 11.52 -10.4
678 11.47 -11.2
679 6.18 -5.15
680 19.93 -18.04
681 2.67 -0.24
682 10.04 -4.99
683 3.82 -4.58
684 19.95 -14.17
685 18.94 -8.5
686 18.73 -2.43
687 7.86 -8.88
688 18.49 -7.29
689 17.59 -18.7
690 1.03 -3.5
691 11.69 -6.77
692 0.7 -14.55
693 9.28 -3.21
694 11.89 -12.17
695 13.73 -18.98
696 2.75 -11.82
697 0.34 -19.93
698 4.51 -12.79
699 10.49 -7.68
700 16.18 -4.47
701 10.42 -12.95
702 1.84 -14.91
703 2.2 -1.8
704 0.51 -3.85
705 7.35 -19.79
706 10.09 -1.54
707 16.1 -2.56
708 5.78 -10.79
709 6.48 -5.38
710 4.36 -1.19
711 13.01 -3.73
712 3.66 -7.11
713 3.43 -16.87
714 4.55 -11.7
715 19.69 -17.44
716 10.39 -4.25
717 2.68 -13.63
718 15.44 -15.75
719 19.6 -4.88
720 8.2 -15.95
721 1.01 -6.95
722 13.04 -18.29
723 12.6 -17.11
724 6.01 -2.34
725 3.53 -2.6
726 9.85 -10.38
727 1.01 -0.06
728 16.94 -17.04
729 12.26 -7.96
730 5.4 -5.01
731 9.27 -11.95
732 9.1 -19.32
733 15.07 -11.95
734 0.36 -8.06
735 4.01 -14.68
736 5.15 -8.56
737 10.37 -8.55
738 5.66 -18.19
739 0.53 -6.49
740 12.61 -11.68
741 5.58 -4.06
742 4.13 -5.98
743 3.02 -10.11
744 18.08 -4.59
745 9.6 -15.28
746 10.75 -7
747 6.32 -18.87
748 14.35 -3.38
749 11.44 -4.92
750 19.6 -14.71
751 6.79 -18.98
752 7.53 -8.27
753 6.47 -0.68
754 10.69 -16.71
755 8.39 -10.52
756 18.11 -6.82
757 12.8 -17.49
758 11.13 -5.76
759 10.35 -19.35
760 18.15 -12.73
761 19.73 -19.95
762 2.35 -12.43
763 15.81 -9.58
764 14.5 -0.22
765 18.45 -7.25
766 9.75 -17.62
767 9.41 -8.76
768 9.44 -17.28
769 -14 -15.88
770 -9.93 -3.65
771 -13.99 -5.91
772 -6.93 -8.04
773 -13.8 -6.79
774 -9.66 -18.06
775 -10.79 -4.15
776 -7.62 -7.82
777 -0.25 -14.04
778 -3.62 -13.49
779 -13.71 -16.06
780 -6.83 -1.64
781 -2.78 -12.16
782 -0.92 -0.11
783 -0.91 -12.2
784 -11.6 -13.88
785 -1.05 -18.43
786 -4.35 -1.53
787 -13.09 -15.04
788 -5.36 -11.28
789 -12.86 -10.41
790 -18.08 -15.02
791 -2.84 -3.65
792 -1.21 -5.71
793 -2.72 -6.61
794 -6.19 -8.36
795 -10 -16.44
796 -12.12 -16.55
797 -16.66 -16.31
798 -8.51 -16.57
799 -13.97 -17.57
800 -16.01 -3.63
801 -5.17 -15.03
802 -13.59 -3.88
803 -18.68 -1.78
804 -12.2 -18.95
805 -17.5 -11.54
806 -18.71 -10.28
807 -19.51 -0.34
808 -10.48 -3.44
809 -11.8 -2.24
810 -2.2 -16.67
811 -16.74 -5.33
812 -1.64 -14.32
813 -10.89 -13.4
814 -14.5 -13.67
815 -17.3 -4.87
816 -3.42 -14.03
817 -17.91 -5.99
818 -7.78 -17.01
819 -19.49 -0.11
820 -15.17 -3.5
821 -13.78 -16.99
822 -0.85 -13.88
823 -17.32 -16.82
824 -19.06 -11.33
825 -11.53 -12.65
826 -17.98 -1.26
827 -19.1 -8.27
828 -5.2 -19.62
829 -13.29 -13.52
830 -18.39 -3.22
831 -17.25 -14.11
832 -0.11 -5.33
833 -5.86 -18.68
834 -18.79 -11.41
835 -14.91 -5.35
836 -5.86 -13.96
837 -11.36 -12.21
838 -12.55 -10.24
839 -5.09 -12.2
840 -4.85 -15.13
841 -19.91 -16.62
842 -8.42 -2.83
843 -5.97 -19.02
844 -12.54 -17.14
845 -0.36 -2.78
846 -16.9 -14.45
847 -19.78 -17.61
848 -16.29 -0.53
849 -11.94 -9.16
850 -18.04 -15.08
851 -12.56 -10.37
852 -6.1 -3.9
853 -14.14 -3.92
854 -16.12 -18.66
855 -13.79 -19.24
856 -19.38 -0.98
857 -7.33 -17.23
858 -16.25 -11.32
859 -8.46 -13.31
860 -16.09 -8.79
861 -6.76 -12.34
862 -9.95 -16.51
863 -0.56 -10.06
864 -19.22 -9.76
865 -8.36 -16.02
866 -6.39 -17.26
867 -4.69 -0.92
868 -4.84 -16.02
869 -18.2 -18.83
870 -1.59 -0.97
871 -5.47 -15.51
872 -12.74 -0.98
873 -12.3 -12.8
874 -6.11 -8.99
875 -1.3 -4.29
876 -16.63 -5.73
877 -5.76 -11.58
878 -1.64 -10.11
879 -19.87 -6.33
880 -2.35 -4.39
881 -1.65 -11.76
882 -12.68 -12.27
883 -11.81 -6.34
884 -8.7 -1.05
885 -5.54 -10.01
886 -5.52 -10.29
887 -14.79 -14.53
888 -7.33 -1.79
889 -14.3 -10.62
890 -14.91 -16.97
891 -6.22 -19.13
892 -10.71 -15.06
893 -5.17 -11.98
894 -1.83 -12.36
895 -16.75 -8.57
896 -0.33 -7.71
897 -19.98 -1.92
898 -8.27 -16.53
899 -1.1 -15.31
900 -5.32 -0.49
901 -10.78 -6.64
902 -1.17 -14.36
903 -16.15 -9.1
904 -19.72 -12.03
905 -12.52 -13.98
906 -13.11 -18.15
907 -13.21 -18.74
908 -14.24 -3.82
909 -16.18 -18.39
910 -6.96 -19.6
911 -7.31 -16.45
912 -18.38 -10.81
913 -7.34 -10.81
914 -6.12 -10.17
915 -14.18 -8.45
916 -18.61 -14.96
917 -9.32 -8.48
918 -17.58 -3.31
919 -15.34 -9
920 -2.98 -17.3
921 -15.45 -7.86
922 -10.12 -16.09
923 -19.91 -12.19
924 -14.1 -4.36
925 -3.96 -19.62
926 -19.59 -4.58
927 -15.39 -14.79
928 -5.6 -1.49
929 -15.18 -6.25
930 -18.22 -11.72
931 -10.2 -9.36
932 -17.85 -0.36
933 -3.67 -19.53
934 -12.05 -18.95
935 -16.26 -2.53
936 -13.91 -15.03
937 -14.64 -15.23
938 -10.94 -4.03
939 -11.91 -18.07
940 -1.21 -5.04
941 -9.62 -19.4
942 -14.19 -0.81
943 -2.3 -5.01
944 -14.79 -3.32
945 -18.56 -1.01
946 -10.37 -13.01
947 -13.37 -8.77
948 -8.3 -11.74
949 -10.7 -0.56
950 -6.61 -0.35
951 -18.9 -10.48
952 -9.23 -0.52
953 -8.07 -13.54
954 -15.13 -0.18
955 -5.22 -19.99
956 -19.39 -16.35
957 -17.16 -18.37
958 -3.38 -17.1
959 -0.42 -2.98
960 -3.99 -1.69
961 -18.23 -18.99
962 -7.76 -17.89
963 -13.15 -15.12
964 -15.69 -19.58
965 -3.45 -3.85
966 -17.85 -2.3
967 -6.35 -2.35
968 -19.41 -7.09
969 -7.27 -14.42
970 -14.41 -14.54
971 -10.89 -16.01
972 -14.38 -17.32
973 -14.43 -11.57
974 -18.08 -1.29
975 -6.5 -18.37
976 -17.36 -2.07
977 -3.48 -4.73
978 -19.86 -8.64
979 -8.22 -16.64
980 -4.01 -19.07
981 -1.37 -15.19
982 -17.54 -1.87
983 -12.48 -11.24
984 -5.67 -0.47
985 -18.54 -3.27
986 -19.28 -0.08
987 -0.93 -9.43
988 -4.53 -17.19
989 -2 -18.88
990 -17.25 -2.61
991 -8.2 -8.5
992 -13.24 -18.14
993 -10.3 -11.69
994 -11.85 -13.1
995 -15.69 -2.05
996 -17.24 -19.38
997 -1.25 -0.58
998 -11.83 -14.79
999 -18.78 -17.25
1000 -0.52 -17.5
1001 -1.1 -17.32
1002 -10.28 -19.81
1003 -0.52 -2.03
1004 -0.91 -14.81
1005 -17.42 -2.52
1006 -11.02 -18.17
1007 -19.83 -9.14
1008 -0.83 -7.78
1009 -0.88 -10.13
1010 -12.18 -16.2
1011 -15.59 -0.09
1012 -0.68 -9.43
1013 -7.74 -0.36
1014 -17.62 -12.51
1015 -10.01 -6.52
1016 -7.37 -18.14
1017 -1.47 -11.11
1018 -16.67 -17.65
1019 -12.46 -1.99
1020 -8.03 -17.58
1021 -19.27 -13.4
1022 -2.54 -19.06
1023 -6.84 -2.62
1024 -12.76 -6.9
1025 -3.1 -11.25
1026 -11.34 -8.46
1027 -1.41 -2.21
1028 -6.1 -12.02
1029 -8.05 -9.15
1030 -19.2 -3.72
1031 -5.38 -18.06
1032 -12.7 -6.57
1033 -4.22 -6.86
1034 -12.37 -9.37
1035 -10.47 -0.2
1036 -13.6 -0.41
1037 -2.99 -9.75
1038 -15.89 -16.14
1039 -6.56 -13.35
1040 -4.6 -8.65
1041 -17.12 -9.67
1042 -15.4 -19.47
1043 -15.01 -2.05
1044 -11.21 -1.5
1045 -8.74 -3.07
1046 -4.65 -13.93
1047 -0.5 -14.13
1048 -0.99 -0.87
1049 -13.76 -8.24
1050 -8.44 -16.88
1051 -0.81 -4.24
1052 -17.51 -5.56
1053 -5.22 -3.8
1054 -17.16 -13.4
1055 -5.58 -11.79
1056 -4.98 -5.28
1057 -8.27 -6.22
1058 -8.27 -0.38
1059 -5.41 -3.29
1060 -9.88 -19.48
1061 -13.41 -14.15
1062 -8.28 -18.05
1063 -18.93 -17.43
1064 -9.19 -12.79
1065 -9.68 -12.69
1066 -16.93 -17.63
1067 -6.71 -10.49
1068 -17.82 -17.96
1069 -11.37 -11.94
1070 -3.73 -18.5
1071 -7.3 -16.95
1072 -3.17 -12.23
1073 -12.61 -15.58
1074 -2.39 -11.44
1075 -14.45 -1.54
1076 -15.7 -15.79
1077 -13.84 -11.38
1078 -12.34 -7.5
1079 -0.3 -12.77
1080 -5.47 -1.53
1081 -2.69 -13.5
1082 -7.51 -5.92
1083 -7.41 -9.4
1084 -1.34 -5.33
1085 -7.35 -18.78
1086 -19.25 -8.59
1087 -0.82 -14.66
1088 -10.24 -5.94
1089 -0.9 -16.96
1090 -18.5 -16.15
1091 -11.94 -15.35
1092 -10.26 -17.72
1093 -5.23 -5.78
1094 -2.08 -6.12
1095 -7.65 -5.53
1096 -19.03 -7.55
1097 -16.99 -10.34
1098 -3.27 -10.06
1099 -15.4 -4.4
1100 -6.7 -4.61
1101 -16.73 -2.75
1102 -0.93 -9.47
1103 -15.41 -17.55
1104 -14.51 -11.17
1105 -7.32 -16.32
1106 -15.19 -16.54
1107 -14.26 -19.26
1108 -8.57 -8.97
1109 -15.09 -19.49
1110 -8.54 -10.65
1111 -1.72 -6.27
1112 -0.13 -11.09
1113 -1.16 -2.23
1114 -10.16 -3.4
1115 -11.54 -0.08
1116 -6.35 -16.86
1117 -6.34 -8.27
1118 -9.34 -7.29
1119 -1.98 -5.27
1120 -1.59 -7.38
1121 -3.92 -12.83
1122 -12.09 -0.31
1123 -9.28 -18.18
1124 -1.2 -4.18
1125 -14.83 -4.38
1126 -10.65 -9.74
1127 -4.36 -0.07
1128 -2.31 -10.78
1129 -17.71 -5.52
1130 -5.6 -12.47
1131 -9.33 -9.25
1132 -1.04 -15.47
1133 -2.76 -19.19
1134 -4.47 -10.38
1135 -17.76 -8.27
1136 -1.1 -9.58
1137 -9.89 -1.68
1138 -3.39 -16.71
1139 -0.9 -2.7
1140 -10.6 -8.11
1141 -17.85 -19.25
1142 -19.33 -4.77
1143 -19.07 -2.21
1144 -11.25 -1.64
1145 -14.11 -16.78
1146 -6.03 -0.37
1147 -15.85 -6.96
1148 -9.68 -7.07
1149 -0.98 -2.13
1150 -10.4 -17.67
1151 -7.25 -18.74
1152 -3.95 -11.5
1153 -11.74 -0.67
1154 -6.89 7.34
1155 -15.45 12.64
1156 -11.89 17.49
1157 -2.26 16.82
1158 -2.56 11.22
1159 -16.38 1.33
1160 -1.64 17.33
1161 -17.71 10.49
1162 -0.98 7.67
1163 -18.27 17.08
1164 -2.73 14.18
1165 -11.85 19.25
1166 -1.51 16.66
1167 -11.68 2.62
1168 -6.81 5.46
1169 -16.32 3.42
1170 -16.06 13.7
1171 -11.19 15.29
1172 -15.64 11.48
1173 -6.22 16.97
1174 -1.83 18.2
1175 -19.05 2.61
1176 -16.62 3.47
1177 -14.66 0.28
1178 -17.36 17.6
1179 -15.3 12.93
1180 -15.7 3.62
1181 -0.28 7.15
1182 -9.78 0.74
1183 -6.2 11.96
1184 -18.91 16.59
1185 -13.82 2.53
1186 -1.34 14.97
1187 -9.97 8.53
1188 -5.51 16.98
1189 -18.7 16.2
1190 -18.81 7.34
1191 -14.33 17.76
1192 -18.04 18.95
1193 -0.08 8.99
1194 -5.45 18.93
1195 -2.55 15.38
1196 -2.54 1.15
1197 -5.41 6.35
1198 -1.83 15.84
1199 -12.43 11.62
1200 -17.67 0.74
1201 -19.24 6.25
1202 -14.79 19.01
1203 -19.52 9.21
1204 -8.93 3.82
1205 -14.68 18.22
1206 -19.5 11.26
1207 -10.22 9.01
1208 -18 17.55
1209 -0 10.3
1210 -5.68 3.45
1211 -8.13 6.07
1212 -12.42 8.22
1213 -4.06 13.54
1214 -8.68 14.25
1215 -18.52 0.02
1216 -9.79 9.87
1217 -12.41 17.76
1218 -10.49 8.1
1219 -15.44 11.93
1220 -13.67 19.43
1221 -10.69 10.12
1222 -2.65 13.18
1223 -14.25 0.91
1224 -14.73 0.66
1225 -7.63 14.25
1226 -0.32 0.42
1227 -12.16 19.28
1228 -16.35 16.26
1229 -14.03 16.23
1230 -19.77 8.55
1231 -18.43 12.55
1232 -13.83 13.08
1233 -1.19 10.84
1234 -6.29 4.33
1235 -7.28 0.15
1236 -10.28 19.96
1237 -16.66 1.49
1238 -5.93 12.93
1239 -17.11 10.91
1240 -5.16 0.66
1241 -1.08 8.27
1242 -11.07 9
1243 -5.26 13.25
1244 -13 7.42
1245 -15.98 19.3
1246 -15.37 16.29
1247 -9.37 17.93
1248 -12.29 9.21
1249 -17.06 14.08
1250 -14.24 18.58
1251 -2.06 7.86
1252 -9.35 8.04
1253 -4.49 18.73
1254 -13.16 15.28
1255 -19.47 1.61
1256 -13.4 1.85
1257 -10.85 0.55
1258 -17.32 4.47
1259 -15.42 19.64
1260 -2.46 13.84
1261 -10.13 11.4
1262 -9.33 1.35
1263 -10.56 3.03
1264 -17.11 5.14
1265 -3.72 11.14
1266 -19 14.87
1267 -2.91 9.3
1268 -11.55 11.88
1269 -10.68 7.41
1270 -12.54 4.72
1271 -6.57 10.15
1272 -14.23 5.94
1273 -13.93 0.94
1274 -4.1 15.07
1275 -8.92 9.35
1276 -4.27 10.08
1277 -11.44 2.57
1278 -9.12 17.12
1279 -2.26 5.52
1280 -0.19 9.76
1281 -4.63 5.98
1282 -18.81 2.71
1283 -14.59 11.07
1284 -18.48 10.36
1285 -18.6 5.28
1286 -15.43 14.54
1287 -0.48 8.69
1288 -13.16 9.66
1289 -4.74 17.93
1290 -7.29 17.26
1291 -10.87 17.18
1292 -3.27 11.56
1293 -8.69 2.31
1294 -11.35 12.4
1295 -2.16 10.95
1296 -0.46 11.54
1297 -14.26 6.79
1298 -17.86 19.27
1299 -13.15 12.37
1300 -17.65 19.86
1301 -14.4 11.76
1302 -0.45 13.09
1303 -6.27 18.4
1304 -16.34 13.61
1305 -14.4 14.53
1306 -11.71 3.63
1307 -18.71 8.79
1308 -14.62 14.99
1309 -7.39 7.4
1310 -1.88 5.97
1311 -1.04 13.07
1312 -19.86 5.86
1313 -8.65 18.82
1314 -11.19 1.25
1315 -1.11 1.8
1316 -17.08 12.37
1317 -8.98 19.04
1318 -17.44 1.06
1319 -18.19 15.25
1320 -13.31 13.78
1321 -0.93 12.59
1322 -1.38 5.02
1323 -3.53 19.65
1324 -7.05 16
1325 -5.5 14.44
1326 -7.51 12.45
1327 -18.31 10.06
1328 -12.4 10.9
1329 -12.15 6.96
1330 -12.29 3.59
1331 -19.48 16.78
1332 -15.82 9.37
1333 -10.43 8.46
1334 -7.24 16.79
1335 -10.57 8.63
1336 -4.74 0.55
1337 -9.09 11.51
1338 -11.16 9.65
1339 -9.17 12.63
1340 -7.07 1.73
1341 -14.19 18.19
1342 -8.25 18.11
1343 -9.01 16.02
1344 -2.99 0.65
1345 -7.77 4.68
1346 -1.46 15.28
1347 -8.17 7.25
1348 -19.24 0.81
1349 -1.12 18.61
1350 -10.76 10
1351 -10.55 15.21
1352 -6.72 19.02
1353 -8.67 3.16
1354 -15.79 1.4
1355 -6.66 1.37
1356 -19.56 6.39
1357 -8.02 4.37
1358 -0.39 11.34
1359 -11.99 17.03
1360 -1.71 6.9
1361 -2.18 3.28
1362 -14.06 6.69
1363 -11.02 13.88
1364 -12.49 16.82
1365 -6.82 15.66
1366 -10.88 6.77
1367 -5.79 17.37
1368 -4.05 1.12
1369 -2.53 17.99
1370 -19.36 19.85
1371 -9.76 12.71
1372 -17.08 18.92
1373 -10.26 17.78
1374 -18.33 0.99
1375 -7.9 5.78
1376 -12.58 3.56
1377 -13.77 13.6
1378 -7.48 10.16
1379 -6.98 8.32
1380 -3.98 3.49
1381 -10.26 13.8
1382 -14.69 14.86
1383 -15.99 16.06
1384 -14.05 18.75
1385 -2.12 2.04
1386 -14.75 16.93
1387 -15.85 15.4
1388 -13.18 15.35
1389 -16.34 9.64
1390 -18.94 15.03
1391 -18.59 7.76
1392 -1.37 15.04
1393 -5.21 12.36
1394 -0.68 8.85
1395 -12.35 12.19
1396 -9.52 4.67
1397 -3.05 6.13
1398 -5.71 7.73
1399 -6.48 19.04
1400 -4.6 3.28
1401 -0.21 12.12
1402 -7.52 2.87
1403 -18.22 19.59
1404 -12.75 0.7
1405 -15.73 18.09
1406 -5.85 11.69
1407 -10.25 17.84
1408 -10.21 7.22
1409 -19.6 15.46
1410 -11.18 14.41
1411 -19.08 15.47
1412 -5.12 0.7
1413 -8.43 2.14
1414 -4.7 10.84
1415 -14.12 18.44
1416 -10.56 9.31
1417 -12.18 17.86
1418 -17.45 18.09
1419 -2.31 13.93
1420 -12.02 13.72
1421 -8.93 18.05
1422 -15.89 1.39
1423 -8.62 19.18
1424 -14.65 9.62
1425 -4.04 11.74
1426 -7.21 5.83
1427 -6.53 6.64
1428 -12.3 12.33
1429 -6.69 18.48
1430 -16.92 17.01
1431 -9.84 4.34
1432 -2.2 7.49
1433 -5.58 5.54
1434 -19.47 3.17
1435 -0.41 7.89
1436 -9.46 15.01
1437 -16.41 9.34
1438 -8.52 8.88
1439 -2.02 8.55
1440 -0.29 6.69
1441 -12.52 6.06
1442 -16.23 11.02
1443 -6.87 2.57
1444 -4.58 8.53
1445 -9.06 17.09
1446 -1.43 1.5
1447 -12.51 2.42
1448 -7.97 7.15
1449 -13.84 18.09
1450 -9.51 7.44
1451 -5.98 14.25
1452 -3.59 2.49
1453 -14.89 2.39
1454 -14.46 12.11
1455 -18.81 16.92
1456 -6.5 18.27
1457 -12.81 14.85
1458 -0.95 6.25
1459 -14.79 3.2
1460 -0.29 5.53
1461 -7.03 7.37
1462 -9.8 5.24
1463 -12.39 3.07
1464 -1.16 17.77
1465 -8.73 6.23
1466 -0.48 14.19
1467 -0.21 18.23
1468 -4.14 4.07
1469 -19.71 18.62
1470 -15.54 18.6
1471 -16.87 2.04
1472 -0.41 5.57
1473 -15.34 13.2
1474 -16.41 1.36
1475 -10.41 10.13
1476 -1.03 16.7
1477 -1.95 0.97
1478 -4.04 10.83
1479 -12.12 17.86
1480 -4.1 5.2
1481 -2.92 4.37
1482 -2.61 8.1
1483 -15.7 6.65
1484 -5.27 6.75
1485 -5.36 15.41
1486 -0.97 4.34
1487 -13.43 5.75
1488 -18.96 1.38
1489 -6.27 8.77
1490 -2.43 15.37
1491 -15.59 16.68
1492 -17.65 3.46
1493 -17.81 1.06
1494 -18.93 1.69
1495 -10.42 9.93
1496 -14.3 6.55
1497 -14.65 13.34
1498 -3.51 0.43
1499 -7.19 10.35
1500 -9.28 8.78
1501 -13.12 16.07
1502 -5.34 10.25
1503 -15.16 6.55
1504 -18.85 4.3
1505 -3.19 1.43
1506 -18.11 1.28
1507 -4.74 2.31
1508 -3.37 15.77
1509 -17.46 2.55
1510 -16 5.82
1511 -15.89 7.88
1512 -4.74 13.82
1513 -14.26 10.55
1514 -4.42 8.25
1515 -0.56 4.97
1516 -1.04 17.23
1517 -11 17.2
1518 -7.28 6.38
1519 -14.21 6.16
1520 -7.59 6.13
1521 -7.41 0.92
1522 -3.23 9.23
1523 -5 15.67
1524 -18.22 10.13
1525 -19.47 5.98
1526 -17.39 17.74
1527 -11.56 15.37
1528 -9.44 2.13
1529 -13.91 9.34
1530 -14.31 17.38
1531 -14.61 17.99
1532 -15.19 18.87
1533 -8.78 5.62
1534 -15.3 2.47
1535 -8.6 6.51
1536 -7.43 6.42
1537 -15.65 19.53
1538 -15.2 14.19
