%%index real_part   imaginary_part
3278 3278 3278
1 4.98 25.43
2 26.1 18.39
3 10.32 34.28
4 5.34 13.62
5 20.58 28.46
6 14.69 3.42
7 33.93 12.85
8 8.92 35.84
9 16.78 14.19
10 4.59 8.23
11 20.45 13.7
12 20.01 15.56
13 33.36 21.71
14 35.59 32.73
15 30.7 3.05
16 18 17.73
17 36.13 25.21
18 11.01 6.11
19 9.25 35.97
20 26.43 16.35
21 9.29 29.83
22 32.2 30.64
23 28.48 32.75
24 36.46 3.12
25 11.35 34.79
26 0.01 3.05
27 8.13 21.32
28 32.56 20.03
29 4.28 3.5
30 6.55 30.15
31 9.88 24.51
32 1.24 14.07
33 20.18 8.01
34 33.51 12.25
35 18.12 29.43
36 10.78 11.46
37 4.11 27.42
38 22.17 4.99
39 8.11 22.11
40 8.42 20.63
41 13.2 8.99
42 19.83 8.44
43 17.99 21.34
44 14.36 14.39
45 6.54 22.27
46 36.3 20.91
47 34.98 16.43
48 13.96 37.54
49 11.79 6.69
50 25.64 9.47
51 20.94 29.92
52 8.86 36.43
53 30.94 14.57
54 36.68 20.55
55 30.7 28.57
56 27.08 7.11
57 5.07 5.9
58 16.76 8.92
59 12.83 23.06
60 34.85 31.12
61 3.55 19.38
62 25.33 22.68
63 22.22 28.06
64 34.75 28.81
65 27.81 23.54
66 4.98 11.91
67 10.34 10.75
68 14.84 3.36
69 23.91 30.8
70 10.9 3.04
71 37.67 16.61
72 12.03 37.98
73 36.42 4.74
74 17.32 28.8
75 11.44 11.26
76 30.64 14.18
77 36.86 4.52
78 32.58 7.49
79 36.3 10.6
80 23.66 18.85
81 30.76 26.11
82 26.38 28.64
83 32 30.63
84 23.43 3.22
85 33.79 17.91
86 24.04 34.33
87 23.84 33.46
88 27.73 36.08
89 16.4 22.26
90 33.52 7.05
91 10.75 17.36
92 21.88 26.16
93 23.17 37.13
94 9.74 16.46
95 35.31 21.48
96 37.11 33.4
97 13.57 17.6
98 10.23 25.5
99 18.24 35.09
100 15.01 33.66
101 19.52 3.55
102 37.02 28.57
103 26.65 32.88
104 17.14 26.75
105 33.8 32.57
106 11.94 12.67
107 28.35 34.08
108 33.21 33.82
109 1.81 13.53
110 24.53 32.47
111 27.88 26.64
112 6.24 23.64
113 0.66 30.97
114 28.06 16.47
115 1.66 8.43
116 11.98 32.59
117 23.17 10.7
118 5.58 11
119 27.27 11.82
120 33.92 12.24
121 24.91 12.6
122 8.68 7.86
123 31.2 4.79
124 7.84 31.41
125 25.89 33.01
126 11.18 21.89
127 35.05 15.77
128 8.74 17.42
129 23.42 35.72
130 33.67 26.32
131 20.92 14.6
132 25.3 7.65
133 8.18 6.09
134 7.43 20.4
135 32.64 24.97
136 37.57 3.35
137 11.21 9.08
138 3.39 35.77
139 29.19 31.94
140 26.95 11.23
141 33.12 17.08
142 22.37 0.13
143 7.08 30.17
144 17.41 20.63
145 8.95 30.5
146 7.1 13.08
147 10.26 29.87
148 25.48 21.92
149 4.32 18.44
150 32.93 32.92
151 36.27 26.48
152 35.56 32.51
153 19.8 37.01
154 30.95 0.95
155 1.7 0.51
156 17.59 9.42
157 37.08 24.34
158 16.52 29.48
159 12.11 6.16
160 26.18 23.45
161 26.06 10.59
162 29.98 33.28
163 6.72 36.32
164 6.28 17.47
165 12.39 0.56
166 27.04 1.21
167 23.24 0.18
168 26.71 14.13
169 4.6 5.05
170 5.56 9.18
171 18.61 6.31
172 30.65 12.68
173 4.16 17.69
174 13.37 36.69
175 11.67 5.8
176 5.91 1.55
177 24.35 37.73
178 36.05 35.89
179 15.36 31.07
180 21.15 4.33
181 33.06 17.27
182 6.98 10.19
183 24.32 18.31
184 12.88 23.21
185 32.4 18.45
186 24.76 7.96
187 20.64 13.01
188 20.22 6.93
189 33.15 14.33
190 9.65 23.11
191 14.18 6.82
192 6.55 15.56
193 2.97 0.53
194 21.12 32.12
195 25.97 18.34
196 25.13 4.27
197 3.98 21.03
198 28.86 21.63
199 6.85 17.83
200 36.28 3.74
201 11.71 1.25
202 3.78 12.56
203 19.49 21.87
204 25.72 13.52
205 36.63 14.64
206 10.98 35.37
207 2.45 2.33
208 2.86 17.53
209 11.65 5.43
210 13.29 13.5
211 7.29 37.62
212 10.18 0.42
213 11.58 0.79
214 18.62 1.04
215 32.31 18.43
216 9.2 16.9
217 18.98 6.02
218 17.41 2.5
219 16.02 0.48
220 4.64 5.14
221 30.03 4.17
222 6.5 15.63
223 33.16 32.49
224 37.92 36.88
225 1.9 34.34
226 23.48 13.21
227 3.15 36.71
228 37.5 33.66
229 34.71 4.25
230 12.2 18.13
231 24.55 29.02
232 24.56 21.4
233 13.42 5.54
234 33.54 31.49
235 26.15 18.96
236 12.65 0.18
237 5.33 18.19
238 2.2 8.67
239 7.55 28.02
240 24.36 29.64
241 32.37 36.97
242 35.68 37.36
243 33.03 35.52
244 29.3 24.71
245 4.84 19.26
246 37.8 3.5
247 14.43 18.91
248 13.97 13.88
249 7.37 27.85
250 8.82 9.51
251 37.22 23.05
252 30.76 21.47
253 30.15 4.55
254 22.09 32.96
255 24.6 27.22
256 15.72 35.97
257 35.34 18.97
258 6.01 2.92
259 27.63 19.89
260 1.15 24.83
261 28.34 21.99
262 2.91 28.47
263 4.35 32.29
264 22.14 6.4
265 5.44 1.24
266 24.29 20.48
267 31.48 4.66
268 36.73 17.05
269 1.53 13.15
270 29.89 20.83
271 8.32 15.65
272 34.62 7.61
273 0.06 5.66
274 25.55 30.16
275 16.99 27.69
276 11.69 16.22
277 6.69 34.85
278 29.14 4.12
279 10.52 0.56
280 29.33 2.81
281 23.29 15.96
282 10.14 15.62
283 22.2 6.29
284 8.96 8.88
285 19.23 13.25
286 28.91 0.86
287 35.99 17.07
288 22.74 15.05
289 34.73 36.05
290 15.27 10.29
291 16.04 13.73
292 0.1 26.96
293 31.08 22.73
294 12.82 29.25
295 32.06 31.12
296 9.09 4.15
297 9.29 6.87
298 2.69 19.23
299 17.63 31.49
300 34.27 11.65
301 2.03 26.38
302 5.46 25.18
303 29.75 0.03
304 25.6 17.72
305 17.53 26.49
306 2.22 2.87
307 19.35 33.57
308 7.83 2.32
309 21.09 12.43
310 33.08 20.65
311 24.8 4.67
312 11.55 4.17
313 12.92 34.09
314 17.11 14.24
315 15.41 20.08
316 8.46 13.38
317 28.08 17.45
318 17.48 3.44
319 21.16 19.83
320 8.32 32.6
321 35.48 0.7
322 23.79 0.06
323 29.91 6.35
324 8.31 31.62
325 14.27 2.52
326 7.2 3.39
327 35.08 1.07
328 24.69 8.27
329 22.51 10
330 19.6 3.8
331 6.7 27.44
332 6.89 17.59
333 21.03 24.3
334 33.65 13.89
335 8.5 31.72
336 21.94 3.98
337 31.56 33.5
338 1.85 7.73
339 1.36 12.99
340 15.52 10.16
341 3.07 15.63
342 6.23 22.72
343 20.51 0.15
344 10.16 30.92
345 24.24 5.02
346 21.98 19.28
347 36.87 20.46
348 6.76 28.88
349 4.77 19.91
350 3.15 29.93
351 23.43 2.79
352 25.81 25.09
353 32.82 17
354 19.51 17.19
355 27.35 34.18
356 1.34 35.03
357 9.27 19.95
358 20.1 7.57
359 28.01 29.78
360 24.32 19.78
361 1.07 3.77
362 24.23 8.31
363 26.71 37.94
364 9.37 20.51
365 12.44 21
366 23.8 12.52
367 37.61 25.4
368 4.4 1.13
369 18.32 21.96
370 7.66 23.91
371 10.47 35.2
372 17.15 9
373 6.09 9.26
374 28.57 37.25
375 8.56 23.62
376 27.39 4.41
377 12.72 9.63
378 9.57 3.14
379 13.17 28.95
380 11.96 8.47
381 20.99 25.62
382 13.02 25.28
383 26.41 10.13
384 32.09 6.94
385 20.37 6.74
386 3.94 29.27
387 0.28 20.36
388 19.15 10.61
389 37.38 33.89
390 19.52 9.72
391 14.13 7.94
392 17.57 8.91
393 12.06 16.38
394 7.33 16.67
395 25.14 25.23
396 2.37 19.29
397 34.09 35.65
398 7.78 4.91
399 1.37 22.51
400 18.77 29.39
401 20.67 11.27
402 31.63 12.23
403 22.84 10.47
404 6.36 12.78
405 12.02 22.22
406 30.17 25.88
407 24.32 26.16
408 32.06 37.26
409 15.93 36.38
410 13.13 1.39
411 10.21 30.59
412 28.25 5.03
413 37.46 33.82
414 18.33 25.55
415 6.47 0.84
416 12.11 37.1
417 11.33 16.66
418 27.13 33.26
419 35.57 23.69
420 7.92 23.01
421 10.9 9.59
422 25.27 27.61
423 26.87 24.74
424 12.64 19.33
425 10.25 4.81
426 35.4 25.77
427 20.32 9.98
428 5.8 15.17
429 30.25 19.79
430 20.63 13.66
431 2.28 36.72
432 15.38 22.26
433 17.52 13.62
434 26.83 4.51
435 17.04 15.09
436 14.21 34.75
437 24.36 27.94
438 4.2 1.48
439 10.34 13.24
440 7.57 16.84
441 32.14 10.11
442 20.09 32.49
443 9.67 14.46
444 34.25 15.41
445 29.07 1.92
446 0.64 6.4
447 28.66 31.36
448 34.5 5.54
449 37.57 35.71
450 12.8 23.33
451 9.61 16.61
452 34.08 16.53
453 18.02 23.49
454 36.73 0.28
455 17.13 17.88
456 27.99 33.82
457 28.32 0.79
458 15.25 10.08
459 15.01 37.99
460 29.43 1.03
461 34.95 33.61
462 26.97 30.07
463 25.13 15.14
464 12.85 12.99
465 25.84 24.7
466 3.31 15.17
467 31.71 35.45
468 20.95 37.39
469 37.68 1.25
470 19.13 9.2
471 5.03 6.33
472 7.12 9.12
473 8.72 33.35
474 22.86 11.89
475 12.92 23.73
476 8.86 14.29
477 33.88 37.4
478 14.54 25.35
479 0.34 21.01
480 7.71 27.39
481 32.08 15.71
482 2.68 0.54
483 37.94 15.31
484 16.56 23.63
485 22.36 27.14
486 33.47 35.69
487 34.33 16.91
488 1.78 2.59
489 14.48 5.05
490 18.31 14.16
491 28.45 16.93
492 16.33 27.17
493 4.05 13.85
494 24.38 20.39
495 9.78 4.39
496 9.62 21.61
497 22.15 31.38
498 8.7 12.31
499 25.46 22.09
500 11.23 25.26
501 12.48 9.82
502 16.25 34.22
503 26.33 8.81
504 3.39 18.03
505 32.19 30.34
506 9.27 11.22
507 27.91 12.16
508 15.53 15.12
509 35.51 31.96
510 25.88 1.91
511 23.52 34.81
512 28.19 35.5
513 9.81 35.2
514 19.29 26.41
515 13.68 35.28
516 34.62 20.05
517 5.79 15.68
518 14.01 12.88
519 20.43 32.13
520 24.47 17.4
521 28.62 4.15
522 5.83 23.26
523 0.38 8.06
524 2.02 21.37
525 12.8 25.41
526 22.22 27.9
527 25.41 25.85
528 23.05 1.93
529 28.35 24.74
530 22.02 31.86
531 3.43 4.03
532 9.23 8.17
533 21.05 9.23
534 3.36 23.24
535 2.65 31
536 24.67 17.35
537 2.61 20.79
538 28.85 30.51
539 3.4 2.99
540 17.92 20.4
541 10.3 16.2
542 4.05 2.14
543 4.07 25.23
544 11.98 16.62
545 10.49 32.42
546 25.97 23.52
547 31.69 13.92
548 23.15 35.2
549 20.45 4.26
550 24.79 16.03
551 33.38 12.62
552 22.93 11.46
553 31.49 25.51
554 18.02 3.31
555 23.71 34.89
556 2.62 35.94
557 0.08 23.53
558 0.29 34.19
559 12.82 31.68
560 26.1 1.79
561 25.31 12.83
562 26.75 3.6
563 28.32 8.53
564 12.79 1.43
565 17.46 0.29
566 2.43 27.1
567 0.57 2.37
568 27.88 25.37
569 28.68 21.58
570 8 7.91
571 5.85 3.91
572 27.44 10.62
573 34.33 5.94
574 37.62 17.25
575 19.04 36.67
576 11.5 15.24
577 8.36 6.36
578 4.41 0.26
579 1.69 36.69
580 36.98 6.72
581 33.83 8.67
582 11.04 1.42
583 16.31 23.92
584 7.5 0.93
585 36.36 34.51
586 0.42 15.5
587 15.64 4.21
588 37.67 17.38
589 34.64 11.98
590 0.17 26.81
591 4.06 15.68
592 11.56 11.68
593 1.46 1.94
594 0.63 15.97
595 22.7 30.67
596 1.34 27.14
597 18.08 8.05
598 31.97 1.91
599 30.36 34.39
600 30.9 1.47
601 16.98 28.72
602 22.45 20.84
603 0.22 32.62
604 34.12 22.13
605 10.94 24.38
606 2.07 23.82
607 25.02 4.52
608 6.47 3.15
609 8.65 26.48
610 8.67 7.1
611 23.76 20.87
612 28.92 37.53
613 1.44 3.84
614 27.75 22.89
615 13.88 21.32
616 12.04 20.65
617 3.49 30.86
618 15.01 34.5
619 8.15 31.24
620 17.62 0.65
621 24.47 19.09
622 23.62 9.21
623 12.37 1.01
624 27.49 19.61
625 26.71 10.54
626 31.41 25.68
627 25.22 2
628 5.84 11.85
629 34.74 16.18
630 27.03 33.6
631 5.77 0.14
632 20.53 1.07
633 25.09 36.79
634 30.03 25.06
635 25.71 22.76
636 3.86 9.65
637 8.39 1.71
638 2.72 17
639 36.61 20.76
640 20.82 19.74
641 34.94 14.84
642 16.84 14.23
643 26.08 11.68
644 27.87 12.21
645 7.81 12.34
646 2 16.9
647 7.49 13.58
648 1.89 22.53
649 9.59 22.11
650 6.87 31.92
651 31.1 24.83
652 26.54 0.25
653 6.77 1.49
654 11.77 18.78
655 28.04 5.38
656 9.75 32.59
657 8.82 24.99
658 36.67 26.59
659 0.8 24.42
660 26.28 16.06
661 22.48 36.13
662 1.24 28.28
663 2.34 19.5
664 3.61 3.13
665 24.58 11.93
666 36.76 0
667 27.78 17.68
668 19.17 14.82
669 33.61 34.55
670 29.46 30.94
671 25.53 13.17
672 27.68 1.21
673 27.8 23.87
674 37.81 15.88
675 21.46 18.13
676 5.78 15.61
677 33.41 5.95
678 25.45 7.02
679 37.68 35.75
680 9.69 18.58
681 8.1 24.26
682 3.94 8.45
683 12.8 35.88
684 32.44 12.63
685 5.57 35.93
686 11.1 13.42
687 14.63 20.62
688 34.01 28.31
689 6.19 31.95
690 12.08 23.34
691 0.95 27.65
692 23.12 7.39
693 3.93 34.36
694 32.12 0.09
695 8.19 3.61
696 17.39 31.33
697 29.3 16.3
698 3.7 10.85
699 23.48 4.1
700 2.03 25.66
701 1.08 29.05
702 1.19 2.66
703 30.97 15.71
704 9.67 35.2
705 20.54 26.68
706 5.85 11.27
707 18.66 11.01
708 7.38 28.98
709 18.59 12.12
710 5.25 29.02
711 22.35 26.79
712 32.61 22.65
713 33.5 13.65
714 7.28 36.31
715 23.98 18.99
716 37.56 9.31
717 1.49 25.06
718 2.78 28.28
719 15 32.46
720 21.14 1.97
721 2.76 25.07
722 36.08 16.52
723 35.02 10.95
724 23.07 32.98
725 24 15.61
726 4.4 28.32
727 12.97 35.87
728 1.05 37.01
729 35.33 36
730 16.99 8.33
731 7.16 10.83
732 35.89 6.07
733 34.35 8.66
734 30.64 28.19
735 19.68 0.88
736 25.95 3.31
737 19.83 22.45
738 33.4 24.03
739 8.54 16.85
740 21.98 7.99
741 36.31 22.06
742 19.94 26.39
743 14.92 0.81
744 36.81 10.51
745 8.36 1.77
746 12.6 5.32
747 11.39 5.04
748 3.22 0.02
749 17.73 35.27
750 36.15 33.87
751 26.7 37.42
752 11.39 24.1
753 37.65 8.53
754 14.9 6.79
755 14.78 8.19
756 19.78 36.88
757 14.79 2.61
758 3.42 1.72
759 1.75 29.72
760 21.01 2.23
761 7.55 10.11
762 4.67 33.62
763 23.16 8.47
764 5.74 7.9
765 3.77 2.89
766 29.83 31.41
767 7.03 30.47
768 28.52 3.22
769 37.53 34.2
770 4.4 32.94
771 31.82 3.83
772 6.45 13.7
773 15.42 36.14
774 17.38 9.87
775 1.63 6.69
776 6.32 0.39
777 23.53 36.7
778 7.17 10.99
779 18.89 8.69
780 1.11 2.43
781 33.84 12.18
782 32.17 30.94
783 34.17 30.39
784 26.6 12.21
785 7.15 23.22
786 27.06 20.52
787 34.22 28.5
788 26.64 23.03
789 22.42 1.16
790 7.85 6.02
791 33.93 24.05
792 12.28 3.69
793 14.68 19.47
794 28.16 19.45
795 11.41 23.1
796 24.8 29.27
797 11.74 34.77
798 27.17 18.98
799 20.71 35.43
800 20.65 5.29
801 25.81 27.87
802 7.89 37.23
803 22.26 22.03
804 12.71 34.53
805 30.07 34.21
806 9.78 20.56
807 13.77 26
808 34.99 22.06
809 31.04 28.45
810 3.07 14.68
811 33.47 4.45
812 28.74 17.4
813 25.9 7.21
814 4.64 17.91
815 23.2 8.61
816 36.48 14.82
817 3.57 0.53
818 22.56 33.89
819 19.94 25.84
820 22.05 -35.27
821 7.35 -12.01
822 27.54 -21.35
823 5.42 -21.12
824 1.1 -14.05
825 28.73 -36.46
826 30.43 -31.69
827 11.09 -24.21
828 31.42 -21.17
829 1.09 -36.99
830 35.13 -25.59
831 29.93 -13.81
832 3.87 -23.13
833 19.03 -33.5
834 10.86 -26.43
835 13.23 -0.97
836 12.99 -22.43
837 5.79 -10.1
838 20.75 -30.05
839 6.1 -11.21
840 9.67 -11.37
841 5.06 -34.84
842 10.57 -29.62
843 12.79 -5.68
844 32.19 -31.51
845 19.1 -3.4
846 17.22 -29.32
847 14.46 -0.55
848 34.06 -21.09
849 37.04 -33.49
850 34.46 -6.92
851 29.36 -1.79
852 1.42 -36.97
853 18.54 -35.15
854 35.88 -22.17
855 23.06 -14.17
856 0.53 -35.07
857 26.69 -17.64
858 23.32 -11.1
859 4.61 -1.48
860 4.89 -17.52
861 36.36 -13.24
862 13.79 -11.63
863 22.24 -12.82
864 35.83 -37.37
865 6.3 -10.8
866 12.6 -21.82
867 20.79 -25.18
868 11.85 -3.54
869 15.23 -28.86
870 5.03 -9.73
871 6.8 -0.29
872 17.93 -5.56
873 6.18 -33.49
874 24.49 -30.78
875 37.82 -10.79
876 13.55 -29.38
877 30.53 -36.18
878 0.53 -16.87
879 16.24 -14.77
880 25.58 -36.36
881 20.18 -12.06
882 26.76 -27.7
883 31.24 -30.5
884 21.36 -0.61
885 37.86 -8.47
886 8.76 -15.91
887 21.47 -6.66
888 29.67 -16.21
889 8.99 -17.17
890 27.96 -5.69
891 35.07 -8.81
892 7 -31.04
893 9.91 -27.61
894 31.9 -7.53
895 33.41 -26.15
896 0.22 -19.48
897 36.7 -15.6
898 35.62 -16.5
899 17.12 -29.94
900 27.93 -8.5
901 24.41 -16.98
902 13.17 -36.69
903 4.43 -35.4
904 14.57 -32.36
905 0.05 -13.42
906 22.24 -32.05
907 25.09 -24.65
908 3.78 -18.76
909 15.81 -35
910 12.68 -35.68
911 6.69 -11.22
912 16.34 -2.42
913 18.92 -5.39
914 35.34 -13.96
915 11.98 -36.04
916 4.55 -25.27
917 13.49 -36.39
918 23.31 -7.24
919 1.6 -17.92
920 20.86 -37.88
921 21.46 -29.18
922 15.83 -32.62
923 13.38 -8.55
924 33.08 -9.13
925 6.81 -29.19
926 29.94 -7.76
927 37.7 -13.5
928 8.42 -8.28
929 11.77 -18.62
930 6.19 -33.28
931 20.55 -23.75
932 11.67 -0.26
933 7.5 -23.56
934 31 -34.98
935 24.39 -36.62
936 27.8 -13.87
937 8.49 -35.37
938 33.44 -33.15
939 31.8 -11.4
940 2.59 -28.52
941 25.8 -0.62
942 3.64 -32.53
943 30.34 -15.02
944 33.65 -12.06
945 7.34 -4.11
946 17.38 -1.84
947 29.62 -17.42
948 30.5 -29.05
949 15.56 -37.12
950 35.74 -13.03
951 16.42 -29.47
952 26.84 -15.07
953 37.74 -24.91
954 25.83 -22.28
955 2.33 -31.55
956 21.69 -17.95
957 2 -17.65
958 32.68 -14.85
959 16.44 -32.34
960 25.97 -28.33
961 19.69 -13.3
962 20.24 -32.88
963 13.45 -11.31
964 37.95 -12.75
965 25.78 -29.01
966 10 -25.21
967 29.8 -4.2
968 18.63 -36.84
969 10.65 -29.55
970 12.62 -6.47
971 13.94 -12.98
972 20.15 -23.83
973 0.68 -15.94
974 10.29 -14.83
975 32.68 -17.12
976 30.43 -25.78
977 20.66 -3.89
978 4.72 -12.67
979 14.94 -34.12
980 14.65 -4.67
981 29.89 -30.24
982 34.44 -24.66
983 13.02 -11.21
984 30.28 -4.6
985 0.59 -23.67
986 26.17 -4.9
987 18.25 -14.53
988 30.47 -8.33
989 23.16 -18.94
990 25.58 -30.28
991 7.59 -7.37
992 11.26 -7.53
993 9.73 -28.25
994 13.89 -15.99
995 10.18 -24.67
996 16.92 -18.07
997 4.73 -2.07
998 13.29 -2.88
999 35 -17.75
1000 30.95 -33.09
1001 0 -35.59
1002 1.64 -19.12
1003 27.45 -7.77
1004 26.71 -32.12
1005 13.92 -2.14
1006 9.51 -3.82
1007 11.35 -21.51
1008 1.29 -20.77
1009 26.28 -21.08
1010 35.28 -4.7
1011 22.77 -36.47
1012 28.06 -14.2
1013 6.6 -17.02
1014 34.78 -30.87
1015 25.97 -3.61
1016 28.72 -27.73
1017 36.37 -15.49
1018 23.26 -30.37
1019 14.01 -25.83
1020 27.97 -11.98
1021 5.32 -17.45
1022 0.97 -37.48
1023 9.77 -16.67
1024 37.76 -29.78
1025 34.48 -36.06
1026 34.53 -24.56
1027 0.76 -8.78
1028 25.8 -24.59
1029 6.99 -34.88
1030 28.01 -12.1
1031 29.35 -32.96
1032 10.45 -18.74
1033 0.63 -27.73
1034 15.56 -33.71
1035 35.21 -14.64
1036 32.09 -33.05
1037 22.05 -2.53
1038 19.21 -22.58
1039 3.88 -31.82
1040 19.4 -8.49
1041 33.05 -27.89
1042 36.67 -5.45
1043 19.57 -23.33
1044 9.73 -24.47
1045 26.1 -26.56
1046 21.52 -37.75
1047 8.01 -17.45
1048 7.18 -31.97
1049 27.68 -8.64
1050 23.28 -12.26
1051 7.31 -14.42
1052 16.95 -6.89
1053 29.48 -29.36
1054 12.71 -36.16
1055 34.17 -33.36
1056 23.25 -21.63
1057 27.09 -18.74
1058 4.07 -11.44
1059 25.44 -36.18
1060 24.74 -13.81
1061 13.56 -13.54
1062 30.99 -35.78
1063 19.27 -21.57
1064 19.73 -27.7
1065 1.96 -36.47
1066 12.89 -32.53
1067 1.42 -9.28
1068 28.16 -29.85
1069 17.53 -20.42
1070 5.31 -2.87
1071 24.51 -3.23
1072 21.97 -18.08
1073 29.53 -3.12
1074 1.3 -26.05
1075 29.38 -6.49
1076 20.03 -15.56
1077 13.34 -32.46
1078 16.03 -2.54
1079 30.24 -22.13
1080 20.6 -25.28
1081 19.81 -32.21
1082 3.49 -33.5
1083 14.87 -21.23
1084 31.18 -21.17
1085 24.05 -32.4
1086 35.63 -26.01
1087 6.09 -0.08
1088 30.72 -19.61
1089 35.18 -25.14
1090 31.63 -21.54
1091 37.1 -26.56
1092 21.02 -3.18
1093 5.73 -1.96
1094 24.09 -26.57
1095 13.85 -35.97
1096 19.7 -34.21
1097 29.71 -33.66
1098 6.41 -12.71
1099 33.89 -6.58
1100 28.51 -27.11
1101 15.12 -9.46
1102 9.54 -15.66
1103 35.27 -21.22
1104 35.88 -29.78
1105 13.32 -21.97
1106 10.53 -19.04
1107 22.22 -1.94
1108 3.9 -31.55
1109 9.64 -17.47
1110 4.97 -17.51
1111 13.72 -23.49
1112 8.67 -24.67
1113 37.39 -32.96
1114 29.06 -4.61
1115 31.72 -22.8
1116 32.26 -9.09
1117 24.76 -8.85
1118 19.59 -3.8
1119 33.58 -11.55
1120 33.53 -6.99
1121 26.03 -36.42
1122 0.36 -6.06
1123 27.14 -10.26
1124 17.25 -31.78
1125 0.81 -36.78
1126 11.8 -22.22
1127 36.42 -4.05
1128 37.01 -9.99
1129 14.6 -35.81
1130 20.61 -17.6
1131 26.69 -35.85
1132 6.7 -14.87
1133 8.19 -13.45
1134 25.01 -15.81
1135 22.8 -31.29
1136 29.71 -20.54
1137 16.12 -10.84
1138 10.62 -19.59
1139 13.37 -32.78
1140 21.09 -27.87
1141 1.62 -14.18
1142 18.23 -22.41
1143 32.4 -0.04
1144 25.37 -6.77
1145 24.37 -9.01
1146 6.86 -35.5
1147 1.89 -13.06
1148 16.04 -3.08
1149 8.41 -10.08
1150 30.89 -3.05
1151 13.11 -31.21
1152 31.57 -12.12
1153 31.71 -18.75
1154 13.54 -4.19
1155 21.59 -34.6
1156 0.3 -24.15
1157 8.56 -23.21
1158 23.25 -8.05
1159 14.82 -2.96
1160 1.49 -10.62
1161 35.64 -28.71
1162 31.3 -35.87
1163 28.47 -37.53
1164 9.61 -9.34
1165 1.91 -36.88
1166 19.62 -30.02
1167 31.66 -4.54
1168 23.29 -13.19
1169 17.39 -25.37
1170 11.49 -26.35
1171 12.5 -28.5
1172 13.71 -11.79
1173 19.84 -10.58
1174 3.07 -26.48
1175 26.62 -24.19
1176 4.42 -32.08
1177 29.96 -24.26
1178 23.79 -35.72
1179 34.58 -9.95
1180 8.84 -22.92
1181 14.94 -36.49
1182 3.03 -28.46
1183 31.17 -8.6
1184 23.49 -15.85
1185 31.72 -0.08
1186 28.58 -24.5
1187 36.29 -33.75
1188 6.33 -31.81
1189 20.29 -7.65
1190 21.36 -9.4
1191 3.49 -8.91
1192 33.17 -25.79
1193 13.03 -22.97
1194 22.44 -8.48
1195 31.4 -9.62
1196 8.11 -31.28
1197 11.26 -35.86
1198 33.98 -0.67
1199 6.04 -31.96
1200 32.04 -8.99
1201 33.49 -37.76
1202 33.51 -22.63
1203 16.44 -21.3
1204 28.96 -1.85
1205 0.77 -26.26
1206 35.17 -1.84
1207 27.63 -31.78
1208 6.27 -19.87
1209 28.35 -2.67
1210 12.29 -28.72
1211 22 -21.76
1212 9.14 -9.92
1213 0.11 -22.79
1214 16.75 -5.13
1215 14.12 -6.15
1216 5.92 -0.31
1217 22.94 -9.62
1218 30.92 -1.43
1219 30.8 -28.91
1220 17.17 -11.4
1221 13.25 -31.58
1222 14.88 -3.86
1223 23.73 -30.4
1224 22.59 -21.16
1225 11.88 -3.61
1226 25.37 -24.4
1227 23.85 -23.4
1228 8.19 -24.03
1229 29.16 -23.96
1230 30.12 -14.46
1231 14.78 -32.81
1232 4.43 -25.56
1233 16.51 -27.24
1234 7.67 -24.87
1235 25.8 -9.32
1236 30.42 -14.36
1237 18.23 -1.05
1238 20.97 -7.3
1239 28.46 -31.48
1240 35.09 -5.57
1241 19.49 -2.34
1242 25.75 -11.98
1243 36.02 -5.34
1244 18.83 -23.46
1245 27.45 -16.7
1246 11.51 -0.47
1247 26.03 -31.75
1248 20.99 -5.46
1249 19.86 -4.54
1250 3.38 -18.19
1251 22.07 -7.66
1252 36.23 -33.8
1253 3.11 -2.3
1254 23.31 -19.2
1255 14.29 -21.09
1256 23.44 -9.92
1257 21.91 -33.79
1258 28.65 -0.71
1259 24.17 -9.45
1260 15.67 -9.48
1261 9.95 -13.62
1262 7.37 -27.19
1263 22.17 -25.5
1264 19.57 -17.89
1265 25.6 -4.03
1266 1.21 -22.95
1267 8.28 -9.67
1268 1.5 -37.44
1269 18.65 -0.91
1270 22 -24.81
1271 34.73 -22.46
1272 7.77 -7.44
1273 35.67 -8.16
1274 7.13 -36.43
1275 35.43 -21.85
1276 24.99 -22.81
1277 1.52 -34.91
1278 22.41 -21.89
1279 29.3 -23.69
1280 17.25 -31.5
1281 16.46 -16.9
1282 26.57 -18.46
1283 17.91 -14.26
1284 15.17 -17.59
1285 4.4 -26.08
1286 10.54 -37.17
1287 34.14 -28.66
1288 26.34 -7.84
1289 6.27 -31.81
1290 5.18 -33.48
1291 7.81 -31.22
1292 17.65 -19.7
1293 3.59 -9.33
1294 33.02 -2.07
1295 23.09 -32.89
1296 11.79 -1.79
1297 20.26 -29.07
1298 5.33 -27.88
1299 7.48 -27.69
1300 15.77 -20.5
1301 9.2 -1.4
1302 19.58 -15.83
1303 23.67 -5.34
1304 26.67 -7.93
1305 30.93 -19.46
1306 2.21 -31.86
1307 3.08 -0.74
1308 10.07 -19.86
1309 11.45 -6.67
1310 29.08 -32.61
1311 23.93 -34.55
1312 25.62 -30.39
1313 9.79 -6.19
1314 23.4 -30.96
1315 2.98 -17.27
1316 8.2 -1.17
1317 6.52 -12.18
1318 17.52 -27.78
1319 25.23 -19.72
1320 1.18 -33.72
1321 17.1 -7.68
1322 8.42 -30.91
1323 12.78 -20.18
1324 16.37 -8.01
1325 30.15 -24.23
1326 20.78 -7.45
1327 27.36 -16.08
1328 22.27 -35.93
1329 28.89 -37.15
1330 5.95 -35.19
1331 25.88 -21.39
1332 33.58 -14.15
1333 31.45 -32.4
1334 14.12 -2.62
1335 36.34 -18.69
1336 26.37 -4.83
1337 35.74 -15.44
1338 35.62 -24.32
1339 32.33 -0.04
1340 24.28 -13.99
1341 10.96 -24.48
1342 30.08 -34.58
1343 32.51 -0.32
1344 27 -14.35
1345 1.06 -12.92
1346 34.32 -32.95
1347 9.1 -26.94
1348 21.35 -29.9
1349 32.52 -2.55
1350 10.76 -24.99
1351 19.34 -20.39
1352 35.83 -37.14
1353 12.98 -6.61
1354 6.65 -33.46
1355 36.97 -7.31
1356 21.32 -30.93
1357 17.04 -37.46
1358 27.3 -13.4
1359 17.28 -11.55
1360 14 -16.3
1361 11.25 -7.86
1362 34.81 -10.32
1363 29.74 -9.87
1364 12.43 -7.68
1365 22.19 -13.78
1366 34.17 -23.19
1367 11.85 -3.54
1368 10.15 -32.01
1369 16.99 -14.35
1370 21.67 -6.32
1371 26.78 -5.48
1372 4.94 -32.51
1373 35.43 -5.82
1374 17.37 -32.25
1375 0.07 -4.23
1376 12.1 -31.37
1377 31.21 -11.33
1378 21.2 -8.91
1379 6.11 -22.95
1380 26.26 -23.15
1381 35.87 -28.3
1382 31.84 -22.43
1383 5.96 -37.24
1384 13.6 -31.51
1385 37.84 -22.95
1386 17.96 -24.79
1387 8.82 -26.62
1388 32.44 -22.9
1389 6.67 -6.25
1390 0.01 -1.33
1391 22.23 -6.75
1392 7.6 -1.63
1393 0.06 -15.44
1394 27.92 -18.32
1395 3.48 -6.17
1396 34.47 -16.18
1397 0.61 -28.87
1398 28.11 -17.84
1399 11.35 -34.1
1400 19.05 -31.23
1401 18.02 -0.71
1402 16.85 -37.01
1403 11.44 -26.84
1404 22.62 -0.81
1405 2.15 -7.63
1406 3.9 -12.15
1407 13.78 -13.9
1408 29.34 -1.02
1409 19.35 -13.84
1410 20.01 -8.78
1411 24.96 -12.35
1412 3.22 -6
1413 23.84 -15.1
1414 0.72 -20.85
1415 14.09 -24.72
1416 25.43 -19.77
1417 8.31 -21.63
1418 0 -31.81
1419 32.62 -9.27
1420 16.9 -22.62
1421 34.77 -24.29
1422 0.19 -10.33
1423 11.35 -10.55
1424 13.91 -19.06
1425 27.84 -30.7
1426 32.57 -33.92
1427 29.44 -4.33
1428 8.95 -25.31
1429 35.69 -15.29
1430 2.01 -9.67
1431 18.96 -11.78
1432 22.93 -16.96
1433 10.77 -16.79
1434 26.06 -22.93
1435 7.55 -5.4
1436 19.21 -32.49
1437 4.82 -31.84
1438 31.91 -19.41
1439 0.47 -16.17
1440 36.4 -7.82
1441 31.26 -17.83
1442 11.68 -30.97
1443 18.29 -22.71
1444 27.52 -20.63
1445 19.82 -15.98
1446 17.28 -19.05
1447 36.01 -0.79
1448 17.58 -29.73
1449 14.67 -36.31
1450 31.23 -33.17
1451 27.66 -11.74
1452 5.59 -12.44
1453 31.85 -32.48
1454 0.17 -37.5
1455 34.85 -21.84
1456 29.2 -36.57
1457 29.55 -28.11
1458 2.34 -2.88
1459 23.52 -37.36
1460 4.86 -29.86
1461 10.91 -32.86
1462 33.65 -11.66
1463 3.39 -8.93
1464 34.76 -2.76
1465 35.93 -18.06
1466 19.33 -27.99
1467 2.43 -25.59
1468 9.59 -14.44
1469 3.46 -23.81
1470 35.17 -9.76
1471 8.34 -0.31
1472 28.43 -26.37
1473 29.26 -27.41
1474 16.29 -30.77
1475 12.16 -4.3
1476 37.16 -21.15
1477 22.33 -23.07
1478 21.52 -22.34
1479 25.1 -25.72
1480 33.31 -18.28
1481 35.79 -12.55
1482 27.66 -14.64
1483 18.6 -27.75
1484 13.56 -37.25
1485 36.53 -22.06
1486 22.38 -0.25
1487 26.63 -6.87
1488 23.8 -2.33
1489 22.62 -17.89
1490 11.71 -2.09
1491 12.76 -34.78
1492 9.38 -10.87
1493 33.21 -24.61
1494 12.34 -30.9
1495 0.71 -9.83
1496 11.9 -35.17
1497 1.33 -36.5
1498 26.25 -1.56
1499 28.33 -19.93
1500 3.99 -29.33
1501 29.59 -26.87
1502 23.26 -26.37
1503 18.22 -7.74
1504 15.15 -36.59
1505 28.2 -2.85
1506 37.63 -26.86
1507 27.25 -2.97
1508 17.1 -9.01
1509 29.44 -11.99
1510 11.34 -29.44
1511 26.61 -30.15
1512 18.17 -23.25
1513 14.33 -17.46
1514 37.39 -33.95
1515 25.28 -32.19
1516 21.06 -3.39
1517 19.28 -6.39
1518 3.65 -33.84
1519 32.43 -37.51
1520 2.36 -18.8
1521 35.18 -22.64
1522 15.13 -29.51
1523 28.05 -24.44
1524 25.95 -32.23
1525 13.2 -9.01
1526 1.16 -37.29
1527 12.06 -29.33
1528 8.8 -8.85
1529 4.8 -26.4
1530 10.11 -8.19
1531 1.1 -30.09
1532 26 -31.17
1533 16.53 -20.39
1534 9.42 -29.66
1535 37.98 -10.97
1536 33.61 -1.3
1537 20.33 -24.69
1538 0.65 -0.26
1539 32.49 -10.38
1540 8.91 -26.6
1541 15.41 -7.69
1542 26.55 -10.07
1543 18.93 -27.48
1544 5.4 -35.35
1545 5.54 -23.73
1546 5.34 -15.51
1547 36.2 -34.17
1548 16.56 -20.87
1549 2.05 -14.73
1550 25.7 -15.5
1551 16.8 -2.03
1552 26.72 -10.83
1553 11.09 -37.13
1554 37.04 -27.37
1555 5.49 -33.11
1556 30.32 -7.95
1557 7.55 -20.91
1558 10.39 -18.87
1559 16.22 -16
1560 1.73 -5.31
1561 10.34 -11.29
1562 7.46 -34.6
1563 6.99 -8.54
1564 23.27 -13.54
1565 29.04 -9.04
1566 11.07 -0.5
1567 0.85 -7.84
1568 34.49 -27.32
1569 6.21 -1.47
1570 34.58 -33.53
1571 31.01 -11.71
1572 32.62 -26.9
1573 35.3 -0.56
1574 16.56 -32.53
1575 27.36 -13.52
1576 14.33 -7.81
1577 31.93 -37.7
1578 8.24 -21.79
1579 24.85 -0.92
1580 9.96 -21.03
1581 11.05 -15.89
1582 13.25 -10.56
1583 37.88 -11.91
1584 13.38 -9.75
1585 32.8 -6.09
1586 17.8 -37.48
1587 15.9 -25.81
1588 15.89 -1.94
1589 23.99 -13.2
1590 16.25 -32.45
1591 29.79 -13.35
1592 2.57 -30.58
1593 3.9 -23.72
1594 24.65 -0.33
1595 21.37 -18.27
1596 34.17 -34.61
1597 7.17 -21.94
1598 23.37 -36.94
1599 36.21 -34.57
1600 2.67 -26.27
1601 25.75 -20.54
1602 35.87 -9.99
1603 1.46 -31.18
1604 6.38 -13.77
1605 35.74 -25.45
1606 28.33 -12.15
1607 4.74 -27.53
1608 13.26 -30.9
1609 31.24 -36.16
1610 16.43 -27.43
1611 13.56 -4.13
1612 26.07 -2.12
1613 1.07 -10.26
1614 6.83 -0.97
1615 27.24 -26.8
1616 9.34 -37.02
1617 36.54 -4.52
1618 35.7 -7.22
1619 20.99 -27.52
1620 14.97 -31.6
1621 5.76 -18.73
1622 35.79 -32.82
1623 25.73 -0.02
1624 25.7 -11.05
1625 28 -8.49
1626 12.62 -4.13
1627 33.78 -3.56
1628 13.82 -28.21
1629 18.7 -24.37
1630 13.17 -10.18
1631 36.72 -7.95
1632 1.99 -22.52
1633 19.26 -35.26
1634 24.78 -27.21
1635 10.33 -2.25
1636 10.5 -29.28
1637 13.62 -5.61
1638 33.15 -8.29
1639 -8.86 -1.35
1640 -37.36 -20.85
1641 -14.51 -36.86
1642 -29.95 -11.98
1643 -29.72 -10.29
1644 -24.18 -33.29
1645 -5.47 -10.42
1646 -7.89 -37.35
1647 -11.39 -31.72
1648 -18.5 -37.4
1649 -16.13 -30.65
1650 -22.42 -5.29
1651 -24.09 -26.47
1652 -32.08 -22.45
1653 -20.26 -37.71
1654 -28.59 -27.24
1655 -37.61 -29.13
1656 -17.51 -27.95
1657 -29.46 -14.12
1658 -13.93 -36.98
1659 -32.28 -10.7
1660 -10.64 -0.11
1661 -26.99 -27.27
1662 -20.99 -18.54
1663 -7.46 -0.38
1664 -31.04 -1.5
1665 -34.31 -23.6
1666 -12.07 -4.98
1667 -27.43 -9.92
1668 -9.63 -33.67
1669 -12.43 -9.7
1670 -28.35 -27.74
1671 -7.22 -1.57
1672 -5.21 -7.86
1673 -6.85 -26.2
1674 -36.9 -19.15
1675 -8.78 -28.65
1676 -17.92 -37.06
1677 -7.12 -35.77
1678 -25.68 -0.92
1679 -29.94 -14.59
1680 -0.19 -8.24
1681 -13.22 -26.25
1682 -36.17 -1.78
1683 -24.97 -2.66
1684 -1.88 -35.32
1685 -14.59 -26.93
1686 -28.5 -30.23
1687 -0.09 -21.81
1688 -37.53 -33.71
1689 -14.86 -34.46
1690 -25.11 -25.95
1691 -25.01 -13.17
1692 -0.46 -32.56
1693 -23 -32.14
1694 -8.73 -26.14
1695 -23.9 -14.94
1696 -30.71 -36.44
1697 -27.74 -37.13
1698 -29.31 -28.88
1699 -15.72 -4.23
1700 -31.16 -31.19
1701 -23.42 -19.83
1702 -3.64 -21.66
1703 -17.38 -13.03
1704 -9.5 -30.69
1705 -18.64 -21.76
1706 -34.93 -24.13
1707 -18.69 -5.66
1708 -37.8 -24.92
1709 -2.58 -3.69
1710 -8.15 -36.05
1711 -24.01 -26.49
1712 -25.62 -0.86
1713 -19.26 -3.27
1714 -7.5 -6.45
1715 -37.64 -34.99
1716 -16.82 -0.67
1717 -22.33 -23.06
1718 -25.61 -9.99
1719 -30.2 -29.23
1720 -13 -35.11
1721 -10.77 -10.85
1722 -16.51 -37.45
1723 -24.37 -18.98
1724 -12.2 -5.83
1725 -31.4 -26.96
1726 -15.45 -20.35
1727 -21.22 -6.93
1728 -10.2 -30.59
1729 -37.04 -30
1730 -16.51 -7.22
1731 -35.41 -36.68
1732 -11.26 -22.86
1733 -22.37 -9.27
1734 -0.5 -36.87
1735 -23.51 -14.57
1736 -25.42 -13.5
1737 -12.96 -23.8
1738 -4.78 -31.45
1739 -37.28 -26.85
1740 -15.81 -6.5
1741 -26.86 -20.2
1742 -27.13 -20.78
1743 -13.37 -37.6
1744 -19.12 -26.85
1745 -23.6 -1.93
1746 -28.13 -35.64
1747 -20.5 -21.01
1748 -30.28 -1.39
1749 -27.79 -4.87
1750 -19.44 -20.31
1751 -33.81 -2.82
1752 -16.14 -6.87
1753 -0.32 -36.29
1754 -14.67 -10.44
1755 -16.95 -27.13
1756 -36.85 -30.48
1757 -2.79 -33.33
1758 -22.45 -15.51
1759 -31.88 -5.68
1760 -7.62 -3.57
1761 -1.21 -17.48
1762 -0.5 -35.75
1763 -26.67 -11.23
1764 -16.1 -20.3
1765 -2.61 -5.98
1766 -36.32 -25.07
1767 -21.46 -25.95
1768 -13.76 -14.46
1769 -24.9 -11.3
1770 -27.95 -28.43
1771 -10.44 -31.37
1772 -26.7 -26.81
1773 -4.32 -13.23
1774 -18.91 -11.15
1775 -4.25 -36.2
1776 -5.21 -16.05
1777 -13.81 -32.98
1778 -6.22 -5.71
1779 -15.53 -30
1780 -25.5 -11.84
1781 -26.43 -18.15
1782 -6.1 -23.82
1783 -0.28 -9.89
1784 -10.72 -19.86
1785 -37.82 -14.7
1786 -8.08 -0.67
1787 -27.48 -10.26
1788 -23.49 -24.3
1789 -35.46 -21.32
1790 -9.05 -31.92
1791 -9.98 -29.23
1792 -24.21 -14.26
1793 -9.49 -13.31
1794 -5.31 -19.95
1795 -21.32 -25.02
1796 -32.69 -20.33
1797 -6.15 -9.75
1798 -9.17 -0.79
1799 -10.18 -33.95
1800 -10.65 -19.89
1801 -20.56 -10
1802 -9.78 -18.73
1803 -5.04 -37.57
1804 -10.41 -22.79
1805 -16.71 -30.02
1806 -10.77 -8.98
1807 -12.76 -16.21
1808 -29.52 -24.5
1809 -33.98 -11.77
1810 -36.8 -24.35
1811 -6.68 -17.3
1812 -16.57 -31.49
1813 -21.81 -12.83
1814 -8.78 -25.74
1815 -35.15 -21.51
1816 -21.03 -8.96
1817 -17.21 -7.24
1818 -34.33 -30.81
1819 -15.6 -22.25
1820 -3.79 -6.74
1821 -5.25 -32.31
1822 -10.53 -4.08
1823 -28.59 -18.01
1824 -29.79 -29.57
1825 -5.45 -24.57
1826 -3.87 -18.11
1827 -1.12 -12.13
1828 -14.49 -9.96
1829 -25.23 -12.45
1830 -33.96 -12.79
1831 -21.75 -22.38
1832 -19.14 -6.51
1833 -37.32 -0.97
1834 -12.74 -15.47
1835 -11.74 -14.92
1836 -36.76 -6.06
1837 -10.14 -16.99
1838 -24.52 -36.81
1839 -17.9 -0.73
1840 -14.82 -5.83
1841 -13.46 -23.35
1842 -35.49 -18.69
1843 -18.18 -4.11
1844 -16.56 -1.5
1845 -14.29 -5.41
1846 -27.79 -2.05
1847 -8.56 -36.05
1848 -26.54 -8.94
1849 -13.93 -7.89
1850 -12.33 -1.28
1851 -7.34 -25.67
1852 -32.18 -0.61
1853 -37.42 -7.01
1854 -7.74 -18.71
1855 -14.06 -6.85
1856 -30.2 -22.57
1857 -30.78 -27.53
1858 -31.64 -27.69
1859 -18.71 -0.48
1860 -5.89 -37.72
1861 -29.29 -33.01
1862 -20.58 -23.21
1863 -21.67 -37.86
1864 -35.27 -9.12
1865 -37.92 -35.6
1866 -12.8 -37.12
1867 -37.74 -7.27
1868 -3.8 -6.98
1869 -15.21 -26.68
1870 -33.53 -1.06
1871 -13.15 -29.28
1872 -8.33 -25.74
1873 -4.95 -33.46
1874 -33.94 -29.49
1875 -18.73 -23.67
1876 -8.2 -1.84
1877 -14.57 -10.03
1878 -37.41 -28.78
1879 -37.9 -36.24
1880 -23.36 -34.68
1881 -33.8 -37.82
1882 -34.61 -36.16
1883 -32.67 -23.06
1884 -1.27 -0.41
1885 -1.48 -9.88
1886 -28.68 -34.8
1887 -12.06 -4.15
1888 -37.61 -26.53
1889 -7.54 -6.54
1890 -19.73 -33.56
1891 -35.4 -26.28
1892 -25.83 -27.93
1893 -18.71 -1.49
1894 -37.73 -25.24
1895 -11.44 -8.13
1896 -7.95 -12.61
1897 -0.3 -7.24
1898 -19.83 -32.09
1899 -22.02 -32.97
1900 -32.37 -21.1
1901 -7.42 -13.02
1902 -17.18 -12.58
1903 -1.11 -19.49
1904 -26.03 -16.79
1905 -12.35 -36.18
1906 -13.98 -7.76
1907 -25.21 -37.27
1908 -0.76 -1.81
1909 -27.05 -5.92
1910 -14.05 -28.01
1911 -30.15 -0.49
1912 -35.25 -11.52
1913 -5.61 -30.45
1914 -25.42 -6.6
1915 -27.7 -17.16
1916 -30.18 -19.79
1917 -32.37 -35.13
1918 -6.14 -9.36
1919 -15.68 -23.01
1920 -21.19 -21.69
1921 -18.97 -17.55
1922 -6.35 -35.17
1923 -26.5 -6.18
1924 -12.1 -7.11
1925 -24.65 -15.55
1926 -5.56 -15.67
1927 -16.71 -16.8
1928 -36.77 -30.33
1929 -36.94 -22.33
1930 -29.01 -13.71
1931 -23.02 -16.16
1932 -2.81 -21.19
1933 -20.08 -6.92
1934 -29.93 -8.95
1935 -30.64 -25.28
1936 -4.83 -2.64
1937 -27.33 -11.61
1938 -17.79 -11.18
1939 -7.82 -15.83
1940 -20.9 -19.41
1941 -24.6 -21.99
1942 -28.31 -15.98
1943 -8.31 -3.32
1944 -15.17 -27.08
1945 -2.79 -34.77
1946 -12.94 -6.18
1947 -16.89 -25.81
1948 -32.73 -5.27
1949 -14.23 -26.49
1950 -13.77 -14.18
1951 -16.82 -34.39
1952 -8.01 -18.61
1953 -19.31 -33.67
1954 -11.5 -15.32
1955 -24.26 -27.13
1956 -0.64 -32.4
1957 -10.38 -10.86
1958 -3.7 -28.95
1959 -18.03 -8.22
1960 -32.51 -18.87
1961 -25.05 -10.34
1962 -25.68 -34.97
1963 -2.25 -31.47
1964 -19.96 -20.41
1965 -24.12 -16.48
1966 -2.39 -33.74
1967 -3.87 -30.46
1968 -26.14 -10.4
1969 -15.25 -23.18
1970 -1.84 -37.64
1971 -21.57 -1.51
1972 -1.89 -2.48
1973 -31.44 -21.47
1974 -29.69 -5.6
1975 -13.99 -0.99
1976 -0.86 -24.21
1977 -21.18 -1.05
1978 -22.04 -26.54
1979 -36.47 -23.43
1980 -29.43 -4
1981 -27.26 -22.59
1982 -15.06 -31.83
1983 -31.75 -31.13
1984 -5.84 -3.2
1985 -30.36 -36.52
1986 -27.55 -35.2
1987 -27.2 -13.93
1988 -24.93 -29.45
1989 -24.57 -10.16
1990 -11.16 -16.62
1991 -30.35 -0.56
1992 -29.13 -12.02
1993 -28.08 -13.54
1994 -26.49 -13.17
1995 -6.7 -26.55
1996 -11.15 -7.45
1997 -28.8 -33.96
1998 -16.62 -15.73
1999 -18.93 -22.55
2000 -21.08 -11.98
2001 -36.7 -0.81
2002 -4.27 -10.63
2003 -29.6 -25.9
2004 -36.07 -29.2
2005 -35.34 -16.17
2006 -6.26 -36.75
2007 -10.77 -27.7
2008 -30.76 -35.39
2009 -0.09 -0.85
2010 -16.92 -8.77
2011 -16.22 -6.79
2012 -30.27 -28.07
2013 -5.8 -7.02
2014 -19.1 -36.41
2015 -37.91 -14.25
2016 -15.07 -29.7
2017 -2.33 -36.61
2018 -24.52 -8.86
2019 -0.06 -21.46
2020 -27.15 -12.11
2021 -10.86 -35.4
2022 -25.1 -33.41
2023 -20.33 -11.15
2024 -1.52 -7.38
2025 -16.16 -9.94
2026 -16.73 -18.44
2027 -8.52 -21.9
2028 -28.93 -36.52
2029 -24.46 -3.84
2030 -18.1 -37.55
2031 -29.25 -24.37
2032 -12.51 -22.69
2033 -31.55 -21.1
2034 -4.56 -26.55
2035 -0.66 -31.61
2036 -18.53 -31.72
2037 -16.65 -11.52
2038 -22.67 -33.16
2039 -2.54 -36.98
2040 -8.92 -24.19
2041 -4.63 -8.22
2042 -30.13 -15.17
2043 -3.22 -2.67
2044 -6.52 -21.06
2045 -10.13 -17.2
2046 -31.09 -24.62
2047 -36.83 -1.38
2048 -22.48 -5.6
2049 -32.15 -30.38
2050 -13.51 -16.57
2051 -10.29 -22.33
2052 -33.85 -32.04
2053 -27.2 -16.46
2054 -4.97 -8.04
2055 -21.75 -19.27
2056 -27.49 -13.89
2057 -18.59 -15.91
2058 -18.58 -19.62
2059 -30.2 -11.33
2060 -28.53 -25.1
2061 -1.24 -2.33
2062 -3.71 -21.62
2063 -16.75 -0.07
2064 -19.97 -15.72
2065 -32.29 -10.9
2066 -33.24 -33.48
2067 -27.53 -32.1
2068 -10.56 -18.61
2069 -26.66 -6.25
2070 -15.04 -15.53
2071 -18.95 -37.93
2072 -15.84 -4.54
2073 -13.68 -27.06
2074 -0.39 -34.43
2075 -11.05 -33.41
2076 -35.74 -18.44
2077 -2.06 -1.82
2078 -1.89 -28.98
2079 -6.7 -8.33
2080 -19.24 -21.87
2081 -17.35 -28.51
2082 -22.61 -4
2083 -12.13 -34.4
2084 -30.18 -33.17
2085 -0.23 -28.31
2086 -28.25 -34.74
2087 -28.8 -19.18
2088 -8.24 -6.09
2089 -30.04 -4.49
2090 -37.9 -36.15
2091 -16.59 -3.1
2092 -4.92 -25.16
2093 -16.14 -8.17
2094 -16.51 -34.33
2095 -18.2 -12.36
2096 -2.87 -25.27
2097 -18.79 -25.08
2098 -11 -25.48
2099 -10.18 -30.92
2100 -21.24 -30.7
2101 -27.45 -10.41
2102 -19.11 -1.01
2103 -7.1 -18.25
2104 -12.26 -16.87
2105 -15.02 -37.15
2106 -29.77 -1.68
2107 -26.85 -21.13
2108 -18.82 -34.69
2109 -31.02 -4.99
2110 -6.88 -24.85
2111 -12.12 -0.75
2112 -15.35 -9.75
2113 -24.76 -20.43
2114 -2.88 -15.87
2115 -8.58 -34.94
2116 -34.87 -24.12
2117 -25.13 -25.55
2118 -33.32 -15.98
2119 -22.37 -21.75
2120 -10.42 -7.59
2121 -9.27 -37.39
2122 -10.04 -2.19
2123 -36.88 -36.12
2124 -30.64 -28.86
2125 -15.72 -19.43
2126 -9.7 -37.52
2127 -36.79 -17.36
2128 -37.8 -25.05
2129 -30.44 -13.07
2130 -10.01 -2.68
2131 -16.32 -1.02
2132 -16.09 -34.4
2133 -1.9 -30.97
2134 -14.72 -11.42
2135 -19.01 -24.27
2136 -13.18 -25.15
2137 -16.86 -28.28
2138 -15.93 -23.22
2139 -14.09 -5.27
2140 -24.7 -36.09
2141 -25.13 -19.33
2142 -26.21 -23.92
2143 -0.49 -23.92
2144 -37 -26.01
2145 -18.21 -30.93
2146 -31.96 -36.53
2147 -22.46 -24.05
2148 -6.54 -37.57
2149 -10.99 -24.36
2150 -0.16 -21.27
2151 -35.94 -30
2152 -9.81 -13.34
2153 -36.57 -4.32
2154 -9.59 -15.26
2155 -13.35 -2.18
2156 -11.03 -34.29
2157 -9.73 -0.48
2158 -13.92 -37.24
2159 -14.78 -10.22
2160 -3.16 -12.92
2161 -0.98 -22.51
2162 -8.57 -24.64
2163 -24.21 -23.44
2164 -37.32 -4.63
2165 -15.42 -35.21
2166 -16.73 -37.48
2167 -12.83 -13.36
2168 -7.21 -16.06
2169 -31.32 -0.92
2170 -30.62 -16.8
2171 -2.62 -6.67
2172 -34.67 -31.17
2173 -30.41 -12.35
2174 -22.58 -10.6
2175 -13.04 -34.71
2176 -19.23 -25.74
2177 -12.38 -3.54
2178 -16.5 -17.32
2179 -21.95 -26.11
2180 -23.32 -15.83
2181 -15.31 -37.38
2182 -2.26 -29.58
2183 -7.64 -17.66
2184 -8.1 -9.47
2185 -15.8 -0.97
2186 -35.16 -28.24
2187 -21.41 -18.42
2188 -30.77 -21.36
2189 -21.48 -3.35
2190 -27.58 -15.35
2191 -3.09 -34.52
2192 -27.59 -36.33
2193 -15.65 -4.99
2194 -31.11 -6.09
2195 -21.92 -27.13
2196 -16.03 -5.95
2197 -35.53 -26.76
2198 -33.94 -7.81
2199 -6.81 -5.18
2200 -33.67 -31.57
2201 -21.81 -22.61
2202 -3.03 -30.83
2203 -14.19 -32.75
2204 -25.62 -33.8
2205 -11.16 -35.67
2206 -21.72 -15.2
2207 -13.54 -3.77
2208 -36.29 -0.83
2209 -6.92 -18.71
2210 -7.84 -29.4
2211 -24.87 -18.37
2212 -34.65 -13.39
2213 -21.21 -22.41
2214 -17.11 -30.59
2215 -13.68 -28.02
2216 -12.63 -12.78
2217 -33.13 -35.5
2218 -19.77 -5.18
2219 -0.98 -9.33
2220 -34.52 -7.39
2221 -22.59 -1.66
2222 -5.44 -7.76
2223 -8.59 -25.65
2224 -6.37 -3.73
2225 -22.65 -5.04
2226 -23.41 -3.73
2227 -17.13 -9.52
2228 -31.93 -20.06
2229 -2.17 -27.86
2230 -7.4 -0.56
2231 -13.34 -15.86
2232 -2.88 -9.55
2233 -14.73 -8.48
2234 -7.33 -12.17
2235 -19.56 -15.71
2236 -6.9 -3.85
2237 -1.14 -31.67
2238 -19.33 -12.34
2239 -5.59 -9.73
2240 -4.29 -15.22
2241 -18.95 -17.76
2242 -27.28 -27.7
2243 -37.28 -25.6
2244 -15.46 -10.74
2245 -11.3 -28.98
2246 -34.36 -22.86
2247 -32.41 -24.65
2248 -22.65 -26.76
2249 -0.93 -36.66
2250 -3.9 -29.98
2251 -23.35 -20.49
2252 -3.68 -10.8
2253 -12.66 -24.49
2254 -23.75 -12.53
2255 -27.75 -18.25
2256 -36.01 -17.56
2257 -7.27 -8.71
2258 -34.31 -14.81
2259 -25.55 -34.07
2260 -14.57 -1.3
2261 -24.16 -26.38
2262 -2.55 -10.93
2263 -37.69 -8.1
2264 -6.76 -25.2
2265 -6.7 -28.14
2266 -10.63 -0.18
2267 -10.98 -30.05
2268 -6.07 -3.84
2269 -16.37 -23.64
2270 -31.41 -19.34
2271 -36.9 -6.13
2272 -4.36 -18.94
2273 -33.76 -33.69
2274 -19.29 -28.19
2275 -29.49 -10.83
2276 -37.21 -33.86
2277 -34.32 -5.18
2278 -2.8 -1.76
2279 -16.48 -23.53
2280 -13.68 -37.08
2281 -37.27 -23.18
2282 -4.76 -24.31
2283 -17.67 -10.25
2284 -23.42 -0.35
2285 -9.21 -34.05
2286 -29.7 -16.83
2287 -35.78 -8.11
2288 -31.33 -34.06
2289 -13.77 -31.54
2290 -4.37 -2.14
2291 -36 -5.27
2292 -37.97 -31.11
2293 -32.87 -21.84
2294 -7.38 -2.77
2295 -29.37 -0.88
2296 -24.06 -21.06
2297 -34.89 -28.64
2298 -28.42 -18.34
2299 -18.69 -14.57
2300 -0.14 -13.84
2301 -30.67 -27.9
2302 -25.54 -29.84
2303 -15.42 -28.45
2304 -11.51 -8.39
2305 -10.53 -29.19
2306 -23.98 -5.41
2307 -36.52 -36.05
2308 -19.9 -23.95
2309 -16.24 -20.91
2310 -21.79 -16.8
2311 -37.86 -7.62
2312 -25.78 -35.38
2313 -15.72 -24.27
2314 -0.84 -16.2
2315 -30.04 -34.42
2316 -24.32 -28.5
2317 -20.34 -22.72
2318 -2.69 -1.38
2319 -9.77 -25.28
2320 -6 -3.73
2321 -9.14 -20.3
2322 -7.88 -29.98
2323 -5.46 -35.18
2324 -18.09 -17.3
2325 -34.1 -21.7
2326 -18.84 -1.89
2327 -26.79 -23.48
2328 -9.75 -6.63
2329 -22.83 -4.51
2330 -0.93 -0.12
2331 -28.62 -14.88
2332 -27.12 -14.78
2333 -16.16 -0.49
2334 -25.77 -19.33
2335 -23.06 -15.46
2336 -25.28 -31.77
2337 -13.28 -21.72
2338 -18.9 -33.16
2339 -12.46 -18.74
2340 -2.44 -37
2341 -28.41 -36.08
2342 -21.56 -10.81
2343 -17.44 -17.2
2344 -21.71 -31.32
2345 -31.44 -2.27
2346 -6.67 -12.17
2347 -16.47 -22.06
2348 -12.07 -33.79
2349 -4.65 -22.15
2350 -37.61 -27.37
2351 -21.14 -27.71
2352 -11.44 -24.9
2353 -9.58 -23.94
2354 -4.68 -30.34
2355 -18.86 -22.05
2356 -9.65 -34.65
2357 -7.46 -36.79
2358 -5.51 -31.22
2359 -24.54 -24.9
2360 -16.69 -27.23
2361 -28.92 -7.5
2362 -19.08 -12.89
2363 -36.2 -7.39
2364 -29.54 -31.16
2365 -20.53 -2.85
2366 -30.57 -29.16
2367 -5.58 -31.19
2368 -17.14 -31.53
2369 -13.39 -15.16
2370 -26.73 -11.34
2371 -7.99 -32.26
2372 -20.57 -36.39
2373 -19.13 -4.97
2374 -19.39 -26.09
2375 -4.84 -5.67
2376 -13.17 -36.09
2377 -10.98 -33.76
2378 -30.67 -32.25
2379 -14.93 -9.18
2380 -1.56 -22.21
2381 -2.89 -35.46
2382 -28.66 -32.13
2383 -15.18 -35.99
2384 -2.68 -35.32
2385 -8.66 -28.57
2386 -12.35 -29.41
2387 -17.32 -6.18
2388 -11.15 -32.93
2389 -21.02 -36.45
2390 -31.64 -30.55
2391 -18.16 -25.86
2392 -11.14 -34.33
2393 -28.59 -18.66
2394 -17.36 -3.81
2395 -15.54 -5.52
2396 -30.51 -18.92
2397 -2.57 -7.96
2398 -33.47 -10.69
2399 -8.01 -17.75
2400 -35.85 -36.15
2401 -17.09 -6.19
2402 -1.89 -10.2
2403 -32.65 -23.93
2404 -22.39 -13.05
2405 -33.12 -15.67
2406 -31.05 -5.55
2407 -1.89 -2.8
2408 -10.98 -4.19
2409 -35.52 -20
2410 -15.04 -28.34
2411 -36.79 -13.07
2412 -10.55 -7.55
2413 -7.76 -28.88
2414 -8.64 -6.02
2415 -4.18 -5.29
2416 -1.01 -34.01
2417 -6.21 -10.79
2418 -34.72 -2.9
2419 -5.47 -0.87
2420 -6.06 -19.11
2421 -14.19 -28.11
2422 -30.91 -26.64
2423 -30.83 -16.08
2424 -25.6 -31.41
2425 -11.28 -17.88
2426 -20.47 -2.64
2427 -37.72 -10.07
2428 -0.95 -31.02
2429 -26.56 -35
2430 -2.3 -37.11
2431 -33.12 -30.74
2432 -3.53 -3.31
2433 -6.21 -28.86
2434 -19.25 -0.26
2435 -8.89 -1.21
2436 -29.32 -14.83
2437 -3.47 -12.6
2438 -18.2 -11.76
2439 -5.17 -23.83
2440 -3.71 -5.8
2441 -35.97 -5.97
2442 -16.04 -24.18
2443 -6.72 -25.21
2444 -22.21 -6.52
2445 -33.15 -33.28
2446 -15.55 -14.03
2447 -17.34 -17.8
2448 -36.18 -8.6
2449 -36.38 -13.08
2450 -3.81 -17.43
2451 -21.78 -34.8
2452 -9.4 -33.13
2453 -34.41 -25.26
2454 -0.61 -27.61
2455 -22.93 -29.11
2456 -35.08 -4.32
2457 -18.02 -10.42
2458 -35.63 -2.65
2459 -36.69 14.26
2460 -37.06 9.37
2461 -23.4 31.84
2462 -1.16 14.61
2463 -23.22 30.27
2464 -32.87 37.34
2465 -6.29 11.12
2466 -7.92 36.68
2467 -21.33 28.08
2468 -4.86 17.33
2469 -34.46 17.75
2470 -36.38 5.47
2471 -37.31 19.39
2472 -29.82 33.46
2473 -25.63 6.85
2474 -21.11 16.97
2475 -26.34 24.32
2476 -18.17 20.17
2477 -24.31 11.75
2478 -31.54 19.33
2479 -8.2 37.05
2480 -10.17 26.41
2481 -14.61 14.49
2482 -32.09 18.1
2483 -35.43 35.94
2484 -5.21 36.95
2485 -4.42 21.41
2486 -2.8 3.59
2487 -26.58 31.25
2488 -0.1 22.14
2489 -1.12 14.21
2490 -0.54 10.73
2491 -20.43 27.46
2492 -28.73 8.23
2493 -17.08 6.74
2494 -5.79 22.27
2495 -0.2 25.28
2496 -29.3 5.48
2497 -23.58 14.81
2498 -12.76 23.39
2499 -22.35 10.53
2500 -31.94 7.49
2501 -11.09 16.29
2502 -9.55 24.27
2503 -8.41 37.67
2504 -13.88 37.17
2505 -9.91 9.53
2506 -26.52 3.94
2507 -12.17 30.34
2508 -26.6 17.25
2509 -29.05 18.78
2510 -6.06 21.91
2511 -27.39 29.25
2512 -6.07 35.36
2513 -20.76 2.5
2514 -13.03 8.35
2515 -15.84 32.63
2516 -10.92 34.5
2517 -20.77 16.45
2518 -5.64 9.99
2519 -9.17 29.18
2520 -28.24 9.05
2521 -12.99 8.6
2522 -0.94 16.76
2523 -34.01 14.69
2524 -33.47 17.06
2525 -0.97 14.58
2526 -5.84 29.05
2527 -26.42 17.88
2528 -20.38 1.43
2529 -37.3 36.7
2530 -20.85 33.42
2531 -29.92 4.66
2532 -21.12 31.77
2533 -31.29 2.21
2534 -20.91 26.76
2535 -35.81 2.46
2536 -11.06 11.15
2537 -27.91 0.33
2538 -15.02 1.52
2539 -18.58 13.45
2540 -28.03 10.49
2541 -1.54 9.07
2542 -26.95 23.39
2543 -24.82 17.48
2544 -5.7 9.34
2545 -32.28 13.64
2546 -18.31 26.55
2547 -9.85 13.72
2548 -15.93 28.95
2549 -17.71 3.14
2550 -33.12 36.84
2551 -10 5.05
2552 -5.38 6.18
2553 -35.22 27.43
2554 -2.88 9.92
2555 -9.93 15.8
2556 -24.87 20.44
2557 -5.83 0.99
2558 -18.48 3.34
2559 -12.68 20.18
2560 -33.82 13.7
2561 -29.78 6.96
2562 -20.68 3.65
2563 -32.6 29.15
2564 -21.81 26.13
2565 -14.5 1.84
2566 -34.41 16.93
2567 -12.63 14.02
2568 -3.45 1.79
2569 -1.23 9.85
2570 -25.65 33.86
2571 -16.3 11.16
2572 -12.15 2.04
2573 -5.38 11.65
2574 -31.83 20.15
2575 -33.86 7.59
2576 -4.07 17.18
2577 -20.83 15.16
2578 -33.83 14.28
2579 -2.41 15.44
2580 -17.28 17.64
2581 -34.57 6.43
2582 -20.45 13.69
2583 -5 36.72
2584 -8.57 23.91
2585 -9.29 6.23
2586 -6.91 23.74
2587 -15.3 15.11
2588 -26.76 19.06
2589 -1.22 10.2
2590 -17.79 10.12
2591 -27.3 24.6
2592 -29.28 11.39
2593 -25.67 10.13
2594 -15.09 25.11
2595 -4.75 17.6
2596 -24.04 21.89
2597 -25.1 28.84
2598 -27.56 6.49
2599 -19.92 30.1
2600 -25.85 36.13
2601 -21.87 18.73
2602 -33.84 32.76
2603 -13.83 26.69
2604 -36.89 12.13
2605 -22.25 4.57
2606 -29.17 16.69
2607 -28.08 11.55
2608 -11.2 9.97
2609 -35.08 5.27
2610 -22.87 26.3
2611 -10.19 1.83
2612 -30.67 8.91
2613 -4.93 35.3
2614 -16.92 9.75
2615 -7.88 24.85
2616 -5.59 32.3
2617 -27.06 19.27
2618 -7.96 28.95
2619 -3.08 30.41
2620 -24.5 6.85
2621 -13.06 14.85
2622 -15.92 5.19
2623 -15.16 30.66
2624 -35.93 27.13
2625 -4.95 12.24
2626 -3.59 10.33
2627 -19.24 15.14
2628 -1.96 23.78
2629 -33.53 24.17
2630 -0.55 18.89
2631 -13.19 30.93
2632 -12.2 33.66
2633 -24.61 29.77
2634 -11.71 9.68
2635 -6.06 17.22
2636 -32.07 36.21
2637 -3.41 19.12
2638 -1.31 10
2639 -37.13 18.57
2640 -30.82 26.76
2641 -37.09 31.6
2642 -8.74 23.93
2643 -9.72 7.86
2644 -21.55 0.23
2645 -19.12 5.25
2646 -36.19 11.62
2647 -7.28 21.83
2648 -3.12 37.91
2649 -9.6 31.9
2650 -0.64 14.83
2651 -13.05 15.66
2652 -24.3 32.71
2653 -4.71 16.46
2654 -35.03 15.13
2655 -3.9 31.36
2656 -24.96 17.37
2657 -3.31 30.51
2658 -0.37 23.23
2659 -23.46 2.55
2660 -7.8 11.45
2661 -23.07 32.1
2662 -5.45 5.99
2663 -33.43 30.36
2664 -13.78 8.57
2665 -23.41 5.03
2666 -10.21 14.42
2667 -36.65 36.46
2668 -4.44 24.03
2669 -1.17 3.37
2670 -24.25 1.47
2671 -8.37 32.59
2672 -14.62 0.74
2673 -23.97 1.2
2674 -3.75 4.52
2675 -15.97 36.95
2676 -31.05 1.07
2677 -34.59 1.04
2678 -20.92 26.02
2679 -34.59 30.02
2680 -35.05 24.22
2681 -28.16 20
2682 -7.98 34.78
2683 -20.81 26.82
2684 -19.71 12.42
2685 -3.42 11.5
2686 -6.09 5.96
2687 -34.22 1.31
2688 -2.51 10.24
2689 -14.76 9.71
2690 -8.66 33.78
2691 -34.85 30.73
2692 -21.29 29.23
2693 -17.25 31.44
2694 -23.46 31.74
2695 -17.96 3.37
2696 -23.37 10.03
2697 -6.81 8.13
2698 -24.47 20.88
2699 -33.3 17.15
2700 -28.65 6.18
2701 -1.66 26.24
2702 -27.55 24.27
2703 -34.51 35.89
2704 -7.6 19.58
2705 -15.36 11.27
2706 -31.52 5.79
2707 -24.54 1.74
2708 -33.18 14.81
2709 -36.07 3.8
2710 -34.69 8.17
2711 -18.2 16.04
2712 -13.69 20.06
2713 -30.46 14.54
2714 -21.21 0.16
2715 -33.86 25.77
2716 -14.01 11.86
2717 -25.65 35.52
2718 -22.93 31.09
2719 -12.67 11.68
2720 -12.47 30.54
2721 -25.85 28.04
2722 -29.78 5.99
2723 -10.33 12.39
2724 -5.71 14.48
2725 -22.65 8.4
2726 -13.96 2.4
2727 -11.99 30.38
2728 -34.44 17.17
2729 -17.33 4.45
2730 -19.74 17.65
2731 -29.51 13.19
2732 -0.24 23.28
2733 -16.37 6.69
2734 -18.37 23.17
2735 -5.23 29.04
2736 -8.6 30.85
2737 -26.36 31.08
2738 -33 27.9
2739 -4.39 36.69
2740 -34.62 0.71
2741 -3.12 16.56
2742 -8.94 0.1
2743 -17.28 4.63
2744 -9.08 5.38
2745 -23.03 34.61
2746 -37.33 28.83
2747 -3.63 4.07
2748 -0.28 27.09
2749 -12.26 20
2750 -0.56 18.65
2751 -1.02 7.02
2752 -27.62 9.17
2753 -37.07 27.39
2754 -15.6 22.62
2755 -12.86 30.98
2756 -9.55 1.74
2757 -1.85 5.5
2758 -10.13 8.01
2759 -2.92 19.13
2760 -5.26 19.21
2761 -37.56 15.47
2762 -19.54 32.11
2763 -21.2 3.19
2764 -12.71 19.82
2765 -28 22.99
2766 -30.01 13.28
2767 -11.97 18.54
2768 -35.45 9.15
2769 -31.78 0.56
2770 -31.55 13.06
2771 -4.32 34.16
2772 -1.66 30.62
2773 -28.15 6.17
2774 -25.3 11.79
2775 -20.52 31.07
2776 -8.55 20.09
2777 -14.2 20.09
2778 -12.8 17.61
2779 -26.96 35.41
2780 -9.92 25.52
2781 -28.32 16.96
2782 -25.02 29.45
2783 -0.6 29.81
2784 -30.37 22.48
2785 -25.06 21.9
2786 -18.06 13.44
2787 -33.58 29.38
2788 -35.56 19.72
2789 -21.03 23.74
2790 -16.81 12.38
2791 -32.47 3.56
2792 -13.17 25.36
2793 -32.5 8.68
2794 -33.61 25.97
2795 -3.01 21.46
2796 -27.94 33.05
2797 -24.5 20.85
2798 -12.66 14.96
2799 -37.44 14.62
2800 -36.53 5.04
2801 -8 24.5
2802 -15.89 6.11
2803 -15.36 3.59
2804 -27.33 2.97
2805 -15.35 25.91
2806 -29.47 33.66
2807 -10.55 37.35
2808 -35.55 32.16
2809 -9.66 5.05
2810 -26.51 20.68
2811 -15.73 12.67
2812 -23.05 16.45
2813 -31.41 29.75
2814 -6.37 35.71
2815 -30.27 30.86
2816 -6.88 32.42
2817 -28.06 0.28
2818 -31.39 12.29
2819 -15.26 32.94
2820 -20.85 20.72
2821 -5.9 20.14
2822 -19.49 1.85
2823 -34.01 16.45
2824 -21.5 17.04
2825 -37.72 5.67
2826 -7.87 37.53
2827 -15.98 4.97
2828 -34.72 30.92
2829 -18.15 9.4
2830 -29.78 30.61
2831 -14.56 10.43
2832 -0.23 26.18
2833 -0.48 4.62
2834 -27.08 21.14
2835 -31.38 5.26
2836 -25.4 9.93
2837 -11.78 37.28
2838 -15.74 6.89
2839 -13.45 7.8
2840 -2.99 26.76
2841 -26.3 13.17
2842 -7.66 10.86
2843 -31.3 4.28
2844 -3.2 31.9
2845 -24.52 11.46
2846 -11.41 22.5
2847 -0.21 28.6
2848 -22.74 1.16
2849 -22.3 0.69
2850 -5.95 11.82
2851 -21.75 15.68
2852 -14.96 31.36
2853 -27.77 23.06
2854 -20.38 20.22
2855 -8.99 3.23
2856 -5.92 23.37
2857 -34.24 35.29
2858 -29.09 3.11
2859 -35.01 27.54
2860 -28.52 32.3
2861 -6.32 11.05
2862 -1.65 1.93
2863 -3.09 6.53
2864 -34.74 24.39
2865 -25.73 25.39
2866 -30.59 2.7
2867 -23.58 37.01
2868 -22.07 7.56
2869 -27.78 2.87
2870 -6.1 4.45
2871 -27.82 36.77
2872 -23.58 1.55
2873 -4.66 13.58
2874 -30.65 14.68
2875 -36.5 1.67
2876 -12.73 21.17
2877 -12.63 32.34
2878 -0.88 3.9
2879 -17.82 15.72
2880 -30.64 25.14
2881 -27.84 5.55
2882 -4.56 23.23
2883 -20.31 2.94
2884 -5.82 16.15
2885 -10.12 37.62
2886 -25.91 1.44
2887 -30.51 27.47
2888 -3.05 11.5
2889 -15.7 35.17
2890 -26.37 33.7
2891 -6.4 3.72
2892 -36.06 28.62
2893 -32.52 19.03
2894 -24.27 26.46
2895 -13.61 1.86
2896 -7.42 6.43
2897 -29.67 30.97
2898 -23.44 1.5
2899 -7.18 1.5
2900 -1.12 29.26
2901 -20.22 17.3
2902 -6.77 27.04
2903 -28.06 12.74
2904 -37.43 9.83
2905 -33.05 5.76
2906 -37 25.8
2907 -16.42 28.97
2908 -10 35.06
2909 -13.05 10.95
2910 -12.81 23.8
2911 -30.23 26.66
2912 -9.15 9.75
2913 -0.78 11.42
2914 -12.93 32.59
2915 -13.37 7.96
2916 -25.26 14.05
2917 -30.61 33.6
2918 -35.86 21.56
2919 -31.39 20.67
2920 -15.95 35.29
2921 -23.1 15.96
2922 -6.94 14.95
2923 -1.54 29.04
2924 -29.51 6.46
2925 -30.26 14.59
2926 -30.77 31.85
2927 -3.6 22.5
2928 -33.92 1.92
2929 -24.04 31.9
2930 -1.86 36.37
2931 -1.95 37.41
2932 -22.53 16.65
2933 -0.21 32.56
2934 -4.76 20.39
2935 -7.21 21.12
2936 -26.6 10.23
2937 -14.71 19.83
2938 -10.87 33.54
2939 -29.53 16.25
2940 -20.36 2.39
2941 -34.24 11.31
2942 -33.81 2.65
2943 -4.57 37.84
2944 -21.27 19.26
2945 -17.63 28.61
2946 -17.55 23.13
2947 -29.3 9.1
2948 -31.19 2.08
2949 -22.48 29.51
2950 -2.15 35.95
2951 -35.7 19.21
2952 -1.04 28.76
2953 -13.82 12.41
2954 -18.18 11.91
2955 -14.3 5.35
2956 -6.19 0.54
2957 -3.19 10.54
2958 -37.91 2
2959 -10.78 35.29
2960 -15.42 21.18
2961 -33.83 17.94
2962 -27.04 32.97
2963 -35.06 25.14
2964 -6.17 20.23
2965 -7.7 9.06
2966 -17.79 8.33
2967 -26.61 5.41
2968 -7.34 18.83
2969 -30.74 2.43
2970 -35.31 25.53
2971 -15.59 34.57
2972 -7.11 3.5
2973 -33.02 18.79
2974 -5.6 34.54
2975 -17.72 33.33
2976 -13.27 10.54
2977 -5.52 3.08
2978 -28.22 29.83
2979 -1.59 30.1
2980 -28.68 23.91
2981 -21.76 36.81
2982 -4.22 8.47
2983 -16.82 10.37
2984 -2.33 1.09
2985 -26.62 9.56
2986 -6.13 27.16
2987 -20.18 4.21
2988 -12.52 2.77
2989 -37.31 15.2
2990 -0.05 18.12
2991 -28.67 6.56
2992 -9.64 2.84
2993 -22.2 23.71
2994 -5.33 27.38
2995 -13.29 23.79
2996 -22.6 23.53
2997 -21.52 35.06
2998 -34.95 16.35
2999 -17.44 0.34
3000 -9.9 26.8
3001 -15.96 33.58
3002 -37.79 5.56
3003 -8.33 36.14
3004 -2.87 12.32
3005 -19.96 7.64
3006 -3.72 30.44
3007 -33.29 0.15
3008 -13.38 13.36
3009 -2.74 17.49
3010 -30.8 18.71
3011 -31.76 16.04
3012 -2.62 4.92
3013 -10.79 15.28
3014 -15.62 27.09
3015 -15.9 17.75
3016 -13.33 15.05
3017 -20.61 21.38
3018 -9.05 13.13
3019 -14.97 18.46
3020 -15.62 1.44
3021 -31.88 34.93
3022 -24.61 19.35
3023 -32.71 16.69
3024 -23.7 37.99
3025 -8.23 35.46
3026 -3.02 16.5
3027 -10.95 1.99
3028 -17.28 5.64
3029 -32.73 21.74
3030 -1.5 22.42
3031 -37.47 0.15
3032 -21.54 4.35
3033 -17.48 20.08
3034 -0.54 20.11
3035 -21.55 21.97
3036 -8.43 16.17
3037 -35.52 15.43
3038 -21.65 33.04
3039 -22.55 19.75
3040 -17.21 7.35
3041 -13.38 30.78
3042 -22.3 20.23
3043 -15.39 13.85
3044 -35.59 1.58
3045 -24 37.65
3046 -27.32 26.61
3047 -20.49 13
3048 -22.6 10.86
3049 -20.49 37.97
3050 -11.47 23.15
3051 -28.84 4.04
3052 -9 19.9
3053 -14.94 15.88
3054 -25.15 30.65
3055 -27.52 37.49
3056 -19.8 4.37
3057 -14.12 2.9
3058 -16.75 4.1
3059 -33.2 19.04
3060 -18.69 3.87
3061 -20 8.72
3062 -21.72 8.01
3063 -8.4 2.49
3064 -29.99 6.33
3065 -19 28.89
3066 -22.46 30.98
3067 -12.88 37.36
3068 -4.76 31.46
3069 -13.63 17.34
3070 -6.35 29.91
3071 -23.8 30.67
3072 -23.1 26.15
3073 -30.25 37.93
3074 -8.49 29.37
3075 -33.24 14.97
3076 -23.7 27.18
3077 -24.71 4.77
3078 -34.78 7.42
3079 -3.27 22.63
3080 -3.05 16.29
3081 -9.27 22.27
3082 -21.63 15.03
3083 -36.01 11.67
3084 -29.01 15.91
3085 -7.83 11.64
3086 -4.31 35.37
3087 -13.04 31.63
3088 -21.08 27.41
3089 -8.31 32.82
3090 -9.79 29.57
3091 -8.27 3.55
3092 -35.84 33.49
3093 -30.44 22.51
3094 -7.14 22.15
3095 -0.44 33.71
3096 -17.99 37.71
3097 -14.74 37.24
3098 -10.91 29.14
3099 -7.06 2.27
3100 -13.91 29.45
3101 -26.82 4.41
3102 -36.04 7.75
3103 -24.68 29.38
3104 -24.2 19.13
3105 -0.22 32.99
3106 -26.07 23.52
3107 -19.01 8.5
3108 -31.01 13.43
3109 -35.58 11.45
3110 -34.69 27.67
3111 -16.91 25.55
3112 -24.79 4.2
3113 -33.34 21.17
3114 -23.45 25.22
3115 -16.67 29.92
3116 -23.85 26.88
3117 -24.15 33.01
3118 -24.4 21.9
3119 -30.55 0.36
3120 -22.87 0.12
3121 -23.64 30.77
3122 -1.27 0.46
3123 -13.9 32.18
3124 -33.15 21.8
3125 -11.48 1
3126 -26.55 29.84
3127 -34.04 17.91
3128 -1.08 2.86
3129 -17.61 18.91
3130 -0.35 24.53
3131 -2.94 23.8
3132 -18.82 24.21
3133 -8.11 27.09
3134 -27.45 32.74
3135 -22.38 28.18
3136 -20.95 12.33
3137 -12.79 8.03
3138 -29.73 11.75
3139 -33.55 16.21
3140 -17.22 24.88
3141 -16.73 34.55
3142 -14.46 33.29
3143 -25.68 12.77
3144 -21.2 5.07
3145 -29.6 32.81
3146 -18.61 21.56
3147 -7.77 22.06
3148 -11.16 26.95
3149 -21.69 5.4
3150 -23.1 0.61
3151 -2.46 33.6
3152 -3.63 6.05
3153 -7.32 4.78
3154 -10.51 33.36
3155 -9.76 30.4
3156 -16.47 17.25
3157 -12.55 26.49
3158 -28.79 30.94
3159 -25.53 27.75
3160 -22.56 11.99
3161 -23.07 6.65
3162 -28.72 30.69
3163 -19.65 30.84
3164 -25.76 1.88
3165 -30.01 3.34
3166 -36.94 10.86
3167 -6.44 22
3168 -16.3 30.09
3169 -14.97 13.76
3170 -6.16 26.81
3171 -6.07 24.74
3172 -2.75 12.16
3173 -32.62 8.14
3174 -25.41 31.54
3175 -33.06 20.15
3176 -26.8 9.97
3177 -30.18 18.13
3178 -0.5 17.52
3179 -8.92 11.83
3180 -4.7 26.26
3181 -26.65 28.46
3182 -12.46 31.16
3183 -12.78 33.09
3184 -36.37 28.76
3185 -17.57 17.27
3186 -4.01 32.06
3187 -6.22 13.16
3188 -21.3 34.29
3189 -27.83 0.84
3190 -20.99 8.71
3191 -8.2 22.89
3192 -30.55 37.31
3193 -16.84 0.39
3194 -12.22 31.05
3195 -19.31 15.28
3196 -5.74 6.44
3197 -37.61 35.48
3198 -30.57 18.2
3199 -36.48 12.39
3200 -29.66 18.47
3201 -12.53 5.58
3202 -18.74 23.2
3203 -9.01 18.75
3204 -9.11 2.05
3205 -0.28 36.84
3206 -11.26 30.1
3207 -18.93 8.49
3208 -36.4 31.33
3209 -24.38 25.29
3210 -2.58 0.14
3211 -6.59 33.21
3212 -30.7 8.32
3213 -16.05 33.72
3214 -35.63 12.79
3215 -31.26 14.53
3216 -20.11 16.81
3217 -29.53 5.79
3218 -14.06 28.38
3219 -30.43 0.54
3220 -26.91 23.17
3221 -4.79 20.23
3222 -28.72 27.69
3223 -21.02 23.73
3224 -11.02 16.64
3225 -16.79 7.4
3226 -2.61 13.6
3227 -11.45 12.9
3228 -8.62 22.83
3229 -35.63 17.02
3230 -31.55 6.25
3231 -12.58 28.89
3232 -24.21 3.19
3233 -31.57 4.12
3234 -4.66 0.27
3235 -12.97 13.52
3236 -33.75 31.57
3237 -21.26 7.28
3238 -31.01 14
3239 -30.64 4.28
3240 -1.2 31.56
3241 -34.68 9.43
3242 -22.33 31.34
3243 -16.17 8.13
3244 -25.15 20.47
3245 -16.24 13.8
3246 -32.22 8.23
3247 -0.94 28.83
3248 -32.95 18.43
3249 -8.22 32.51
3250 -8.03 27.13
3251 -10.23 10.71
3252 -18 31.3
3253 -7.3 21.01
3254 -14.82 11.01
3255 -32.09 37.95
3256 -36.9 16.02
3257 -9.36 28.78
3258 -26.43 10.76
3259 -31.23 15.06
3260 -28.86 3.11
3261 -0.86 9.48
3262 -27.83 12.6
3263 -31.03 1.8
3264 -34.31 22.78
3265 -1.43 28.78
3266 -1.49 31.86
3267 -25.16 1.18
3268 -22.2 9.01
3269 -9.55 21.99
3270 -21.94 37.02
3271 -4.56 3.64
3272 -32.42 10.36
3273 -21.12 3.45
3274 -18.51 10.38
3275 -13.49 14.36
3276 -13.36 36.89
3277 -11.5 14.35
3278 -5.67 3.19
