%%index real_part   imaginary_part
2448 2448 2448
1 63.49 5.4
2 36.8 8.85
3 33.28 17.6
4 12.01 37.47
5 14.02 47.32
6 63.55 34.58
7 15.13 61.89
8 24.84 31.82
9 10.26 2.69
10 39.06 14.62
11 59.32 35.63
12 18.99 28.96
13 41.2 1
14 51.08 35.73
15 60.8 18.3
16 23.7 17.97
17 6.34 58.29
18 55.42 40.02
19 57.01 19.15
20 0.47 1.43
21 15.53 5.03
22 0.92 43.54
23 9.37 30.66
24 12.88 5.28
25 19.9 19.63
26 34.79 51.94
27 14.9 58.75
28 59.75 53.78
29 23.51 56.1
30 53.92 44.84
31 42.33 63.84
32 56.13 57.14
33 31.16 28.2
34 47.35 45.55
35 26.5 1.69
36 6.72 47.82
37 25.36 42.03
38 52.22 53.17
39 58.45 14.25
40 33.89 65.1
41 51.04 57.88
42 50.63 2.68
43 56.46 45.47
44 15.09 23.9
45 2.74 59.49
46 57.33 3.02
47 39.68 24.6
48 52.8 26.99
49 52.06 50.37
50 52.06 13.67
51 41.01 12.57
52 54.6 58.79
53 25.48 45.89
54 60.15 40.82
55 19.44 17.93
56 55.33 28.04
57 10.24 4.49
58 29.48 39.96
59 63.87 46.22
60 19.23 44.57
61 27.11 46.13
62 50.25 56.09
63 17.08 0.8
64 51.17 16.57
65 30.24 3.14
66 61.23 37.23
67 9.54 5.25
68 30.67 29.36
69 49.7 14.54
70 32.48 24.82
71 32.38 3.15
72 53.16 21.81
73 41.3 42.62
74 2.36 16.64
75 61.21 18.69
76 64.82 21.59
77 11.68 22.33
78 2.65 49.08
79 45.17 8.28
80 56.95 53.82
81 4.57 9.42
82 60.19 52.18
83 61.06 59.64
84 8.18 24.86
85 49.68 44.77
86 47.92 20.18
87 21.52 61.58
88 17.72 14.6
89 31.24 62.82
90 61.03 20.08
91 41.68 5.97
92 7.82 59.85
93 22.45 32.88
94 41.17 10.47
95 43.81 1.63
96 56.57 11.64
97 43.34 27.91
98 21.55 50.76
99 9.63 38.41
100 17.18 9.25
101 8.96 38.83
102 34.42 44.62
103 59.22 30.48
104 6.82 52.14
105 51.75 3.98
106 9.95 1.85
107 41.22 6.95
108 39.83 17.78
109 7.77 63.68
110 44.83 60.52
111 6.16 51.59
112 59.02 35.4
113 65.68 29.03
114 1.44 60.09
115 3.34 54.83
116 7.19 18.62
117 42.76 12.3
118 22.3 21.13
119 7.27 35.98
120 19.48 29.12
121 30.97 59.02
122 45.49 29.43
123 26.73 6.2
124 49.4 19.33
125 59.37 14.03
126 45.14 7.75
127 22.67 45.06
128 8.09 38.16
129 32.25 1.87
130 56.71 9.53
131 7.67 15.11
132 27.42 63.9
133 64.55 50.43
134 65.93 49.72
135 58.37 5.82
136 44.37 19.41
137 28.36 23.34
138 9.06 23.86
139 22.71 55.1
140 48.65 37.98
141 45.73 61.61
142 40.67 27.79
143 65.95 47.92
144 49.8 28.28
145 17.33 32.2
146 26.83 20.03
147 63.45 25
148 54.95 54.25
149 17.5 62
150 1.82 54.88
151 53.81 9.87
152 12.73 25.71
153 29.1 16.17
154 50.79 21.8
155 39.3 31.33
156 26.94 33.44
157 61.23 19.04
158 46.48 47.13
159 9.41 40.7
160 52.42 30.28
161 50.31 26.74
162 51.74 13.26
163 47.03 27.28
164 23.28 20.21
165 54.61 64.53
166 8.4 4.63
167 9.86 42.42
168 38.12 21.14
169 22.46 38.96
170 4.3 2.43
171 15.4 61.76
172 60.32 10.76
173 57.9 56.15
174 30.86 40.81
175 50.61 1.31
176 7.58 62.8
177 10.06 14.45
178 41.73 38.84
179 59.06 36.62
180 35.15 65.02
181 49.17 47.67
182 3.62 23.08
183 23.74 59.03
184 32 21.26
185 23.69 46.2
186 41.96 15.82
187 6.1 18.61
188 8.77 15.81
189 36.14 64
190 44.84 19.15
191 15.95 20.75
192 14.72 52.42
193 25.26 5.54
194 42.16 35.98
195 14.52 63.84
196 25.04 56.83
197 13.91 63.69
198 56.72 28.66
199 29.44 37.65
200 63.37 2.24
201 63.58 53.13
202 51.27 18.86
203 34.67 3.69
204 47.21 60.04
205 13.19 4.81
206 5.08 5.57
207 57.99 8.66
208 59.72 19.81
209 55.79 62.78
210 40.14 35.88
211 6.24 49.83
212 47.52 65.18
213 7.36 20.15
214 37.33 38.24
215 20.01 36.8
216 23.94 34.7
217 53.56 17.59
218 0.8 9.21
219 48.77 1.75
220 52.08 27.54
221 33.11 41.48
222 50.14 57.17
223 56.5 4.63
224 1.41 43.87
225 59.27 25.81
226 9.64 21.07
227 20.26 65.51
228 65.19 57.16
229 8.92 27.62
230 64.43 16.04
231 50.74 8.45
232 5.57 1.89
233 56.62 17.83
234 19.58 6.37
235 33.91 18.91
236 60.39 5.67
237 42.36 46.55
238 51.18 24.05
239 47.44 32.86
240 38.19 32.11
241 53.18 40.72
242 19.75 47.83
243 18.51 7.44
244 14.59 64.46
245 14.5 6.95
246 15.41 58.54
247 39.95 44.77
248 62.6 20.98
249 6.87 30.57
250 49.48 61.7
251 46.89 20.31
252 0.86 23.39
253 47.44 23.25
254 35.63 52.04
255 18.15 28.89
256 49.13 7.82
257 55.65 5.33
258 58.3 48.4
259 46.87 8.16
260 15.12 52.41
261 44.95 40.89
262 65.18 10.05
263 31.03 18.9
264 28.99 61.78
265 37.01 17.42
266 37.73 57.99
267 15.38 17.9
268 41.16 38.59
269 4.15 42.34
270 5.23 10.79
271 18.62 22.3
272 7.16 33.88
273 16.29 53.79
274 41.48 44.98
275 10.91 42.68
276 63.09 36.12
277 46.17 35.38
278 54.28 62.28
279 58.06 56.72
280 8.14 62.79
281 54.78 8.59
282 26.5 25.4
283 43.51 49.68
284 26.02 47.18
285 37.49 47.67
286 49.49 10.78
287 44.66 35.63
288 23.43 36.17
289 60.67 60.95
290 17.15 44.43
291 14.55 5.58
292 40.96 14.25
293 10.53 60.72
294 51.44 8.76
295 51.07 48.11
296 36.23 39.1
297 64.5 39.85
298 3.05 62.73
299 23.43 42.02
300 23.69 29.08
301 19.38 60.92
302 10.08 52.7
303 22.88 64.04
304 38.52 13.03
305 57.46 17.55
306 2.66 55.67
307 49.44 6.01
308 46.25 43.62
309 31.91 39.49
310 21.61 11.21
311 50.31 16.98
312 36.36 57.84
313 34.09 28.34
314 4.36 39.41
315 48.01 57.52
316 31.96 7.57
317 39.79 1.39
318 44.96 21.56
319 34.59 42.19
320 59.75 17.48
321 52.67 5.57
322 57.1 41.93
323 65.07 36.12
324 9.61 37.35
325 28.08 30.98
326 27.49 10.74
327 48.1 12.4
328 20.26 63.85
329 16.78 61.71
330 32.75 4.14
331 11.71 44.32
332 25.23 44.24
333 65.8 31.02
334 7.22 4.19
335 1.19 13.92
336 19.49 46.49
337 22.42 53.87
338 3.51 10.6
339 27.47 21.49
340 32 58.64
341 48.91 55.56
342 47.48 59.49
343 57.34 10.53
344 6.25 1.74
345 5.88 8.12
346 31.96 39
347 17.24 63.11
348 28.13 57.2
349 40.91 62.57
350 10.49 35.35
351 61.36 42.11
352 9.5 29.98
353 20.1 17.78
354 39.28 58.53
355 51.17 47.58
356 37.14 5.28
357 44.29 13.6
358 24.14 18.62
359 65.88 35.63
360 23.27 9.91
361 48.91 5.76
362 48.39 55.24
363 25.96 45.68
364 21.77 56.04
365 4.92 0.87
366 42.98 32.26
367 41.76 0.28
368 18.07 32
369 24.53 61.87
370 43.45 36.87
371 21.67 55.23
372 2.83 60.11
373 58.25 65.96
374 15.11 26.97
375 16.4 58.13
376 43.41 38.38
377 7.14 65.32
378 24.52 25.8
379 61.36 33.1
380 13.5 25.81
381 58.07 0.28
382 0.57 36
383 2.01 33.83
384 9.22 64.16
385 35.03 26.54
386 15.77 52.67
387 46.78 36.22
388 36.18 64.13
389 4.62 18.55
390 10.68 51.29
391 3.19 21.03
392 65.87 54.09
393 59.41 10.34
394 22.96 24.39
395 29.72 54.78
396 34.58 36.46
397 6.47 21.79
398 35.14 35.15
399 33.31 54
400 14.54 44.37
401 10.56 47.86
402 18.08 9.84
403 7.97 36.87
404 55.42 54.26
405 19.07 12.59
406 33.62 45.63
407 13.24 22.27
408 12.13 33.49
409 37.4 6.66
410 40.96 14.61
411 30.6 1.12
412 2.43 9.54
413 24.22 37.07
414 4.59 37.58
415 61.47 37.05
416 18.92 64.65
417 8.49 51.55
418 22.42 37
419 4.79 61.98
420 8.58 57.37
421 37 23.86
422 25.65 21.72
423 34.74 50.24
424 36.42 17.3
425 31.92 51.66
426 52.79 11.38
427 0.45 62.52
428 13.11 34.74
429 51.84 24.67
430 61.72 17.7
431 16.35 47.31
432 32.87 60.16
433 31.17 4.37
434 0.35 34.81
435 26.18 15.48
436 18.86 54.45
437 10.18 63.18
438 26.95 24.04
439 41.34 24.44
440 10.1 63.37
441 54.28 7.26
442 3.78 62.89
443 31.64 54.73
444 58.92 62.41
445 14.11 17.48
446 44.32 34.16
447 28.33 9.99
448 14.36 56.71
449 5.04 39.02
450 34.02 14.71
451 3.17 31.23
452 7.93 52.88
453 10.92 58.87
454 17.31 14.4
455 11.78 52.27
456 39.05 27.41
457 3.83 0.06
458 34.31 22.36
459 18.77 14.99
460 11.99 27.23
461 40.91 32.89
462 22.4 56.31
463 26.54 48.76
464 1.3 36.76
465 30.99 31.59
466 42.34 35.32
467 1.73 34.16
468 6.55 29.79
469 44.2 12.65
470 44.44 23.86
471 30.8 55.98
472 35.56 63.02
473 19.38 34.63
474 29.14 3.87
475 10.62 38.15
476 50.56 41.13
477 10.97 31.05
478 13.82 6.96
479 23.24 37.51
480 48.62 15.12
481 29.97 54.24
482 22.4 24.96
483 34.28 31.7
484 23.87 8.48
485 11.86 12.48
486 47.98 2.32
487 44.86 42.66
488 56.81 17.54
489 0.93 64.24
490 15.91 19.95
491 40.61 57.07
492 22.12 0.48
493 52.96 51.58
494 23.09 15.46
495 30.59 10.21
496 64.45 5.72
497 10.2 60.56
498 26.26 0.37
499 54.37 44.48
500 36.48 50.13
501 31.97 0.24
502 22.42 18.46
503 15.52 10.83
504 54.59 58.76
505 58.23 61.97
506 53.04 4.51
507 50.51 32.84
508 18.42 54.69
509 4.15 16.99
510 6.72 21.04
511 6.28 34.74
512 8.82 5.17
513 51.07 16.48
514 40.49 14.6
515 44.26 39.44
516 19.2 56.49
517 8.96 55.75
518 46.11 41.63
519 34.39 4
520 45.5 34.7
521 18.73 26.62
522 59.47 32.54
523 0.75 48.76
524 65.76 57.41
525 12.45 4.91
526 19.17 6.48
527 57.18 18.73
528 35.22 28
529 22.12 21.77
530 61.21 55.23
531 45.72 0.38
532 35.66 14.42
533 35.57 34.2
534 17.73 15.77
535 29.99 3.96
536 10.1 63.23
537 29.77 48.73
538 31.49 49.09
539 40.51 30.53
540 14.96 10.77
541 62.78 52.96
542 5.7 34.13
543 41.65 33.48
544 55.25 20.44
545 55.19 63.78
546 43.68 29.98
547 23.92 34.91
548 48.64 13.34
549 29.11 59.49
550 42.97 0.37
551 63.6 59.11
552 21.36 53.08
553 15.69 6.89
554 16.94 32.37
555 22.67 56.2
556 43.17 31.9
557 45.56 19.45
558 32.45 28.39
559 28.35 21.21
560 64.51 1.22
561 31.2 17.54
562 31.97 42.2
563 55.54 34.65
564 28.14 14.61
565 60.5 64.18
566 36.81 50.64
567 17.24 58.1
568 44.52 58.17
569 4.06 32.93
570 2.66 40.98
571 6.89 26.73
572 25.7 25.35
573 53.74 31.97
574 53.18 58.15
575 59.37 16.09
576 13.15 51.7
577 7.42 4.1
578 38.75 45.12
579 59.74 42.48
580 20.18 46.41
581 31.05 54.24
582 25.87 56.99
583 28.68 48.29
584 60.75 49.91
585 24.89 32.75
586 59.48 63.41
587 22.76 11.3
588 43.27 19.19
589 11.34 56.02
590 6.11 9.98
591 41.2 50.24
592 54.34 64.78
593 43.9 48.62
594 25.1 6.61
595 53.02 17.16
596 50.93 45.29
597 15.8 18.08
598 45.89 56.32
599 40.23 44.49
600 11.24 20.16
601 17.57 65.12
602 10.43 50.24
603 3.43 19.85
604 9.87 53.7
605 63.68 60.3
606 24.06 61.5
607 60.28 18.4
608 1.02 12.4
609 19.01 38.19
610 34.87 5.65
611 30.46 51.55
612 3.63 19.8
613 10.12 -25.78
614 4.27 -29.05
615 49.21 -50.35
616 49.48 -61.03
617 45.28 -46.31
618 0.16 -39.43
619 27.13 -28.23
620 2.05 -10.04
621 5.54 -4.34
622 22.74 -26.11
623 18.03 -45.35
624 17.54 -3.29
625 8.94 -16.56
626 2.12 -31.93
627 31.26 -18.92
628 44.7 -5.75
629 14.32 -41.38
630 5.26 -28.5
631 23.53 -43.06
632 23.37 -34.26
633 7.69 -48.33
634 56.09 -23.53
635 13.09 -14.34
636 18.68 -58.14
637 18.26 -64.16
638 43.51 -20.95
639 24.24 -15.81
640 32.38 -40.57
641 6.5 -12.7
642 31.62 -34.5
643 19.77 -37.76
644 58.67 -55.84
645 18.34 -34.1
646 11.16 -63.93
647 11.71 -21.4
648 3.73 -14.05
649 17.1 -64.92
650 13.26 -59.82
651 31.49 -30.2
652 28.36 -11.47
653 11.94 -29.27
654 45.08 -5.87
655 25.96 -36.18
656 28.4 -11.46
657 45.96 -32.46
658 49.75 -39.54
659 29.38 -65.74
660 13.36 -42.42
661 19.87 -27.25
662 48.65 -4.04
663 18.09 -11.1
664 10.02 -52.38
665 25.73 -35.19
666 65.39 -23.28
667 14.27 -57.22
668 20.49 -7.27
669 58.66 -26.21
670 41.91 -65.57
671 56.56 -18.62
672 30.61 -4.31
673 43.85 -36.52
674 15.78 -14.36
675 36.3 -52.76
676 14.01 -29.14
677 33.18 -56.17
678 1.27 -62.66
679 28.56 -30.79
680 65.99 -11.29
681 14.09 -54.29
682 45.51 -44.9
683 52.18 -7.89
684 34.1 -45.52
685 45.1 -44.84
686 63.47 -10.02
687 59.85 -15.18
688 51.7 -7.6
689 21.96 -17.23
690 3.99 -47.01
691 55.67 -58.26
692 27.95 -63.52
693 60.18 -22.86
694 33.17 -29.22
695 20.03 -22.74
696 56.56 -33.16
697 12.07 -13.64
698 21.53 -15.59
699 61.12 -43.77
700 22.61 -35.16
701 24.7 -19.74
702 34.92 -65.6
703 7.2 -18.55
704 35.78 -20.62
705 47.15 -8.68
706 0.94 -19.29
707 16.81 -36.83
708 39.21 -28.89
709 37.63 -56.51
710 58.78 -6.38
711 19.07 -37.18
712 50.83 -49.34
713 64.93 -31.14
714 8.91 -51.88
715 21.04 -39.57
716 59.31 -11.04
717 56.17 -25.26
718 43.82 -28.23
719 28.38 -42.89
720 51.58 -59.12
721 57.94 -9.53
722 25.88 -32.04
723 60.94 -54.27
724 44.79 -65.09
725 5.48 -12.09
726 49.28 -17.09
727 45.95 -24.55
728 35.21 -13.63
729 45.03 -24.4
730 63.98 -23.64
731 14.2 -45.6
732 4.86 -57.29
733 65.05 -4.37
734 47.27 -48.68
735 21.33 -6.95
736 16.48 -12.37
737 44.41 -13.27
738 1.54 -42.37
739 20.98 -18.87
740 10.49 -25.85
741 42.94 -5.98
742 10.05 -39.29
743 52.92 -2.41
744 26.82 -45.26
745 48.42 -11.47
746 57.07 -4.32
747 41.13 -62.63
748 46.52 -61.94
749 24.14 -40.18
750 47.13 -7.31
751 19.68 -45.47
752 38.26 -43.14
753 65.03 -43.62
754 62.49 -39.81
755 45.18 -20.01
756 5.52 -6.98
757 46.27 -22.13
758 24.54 -15.57
759 40.36 -12.71
760 24.19 -30.88
761 35.2 -22.78
762 64.93 -60.78
763 56.72 -10.34
764 30.04 -45.46
765 52.77 -60.39
766 19.38 -11.18
767 33.84 -6.46
768 50.08 -57.65
769 10.98 -32.87
770 32.4 -26.09
771 12.6 -56.16
772 57.81 -37.92
773 33.02 -38.39
774 51.11 -61.88
775 26.76 -7.38
776 9.68 -54.82
777 49.6 -61.97
778 51.83 -8.62
779 54.08 -19.85
780 14.24 -15.87
781 6.57 -40.85
782 26.83 -13.14
783 50.31 -40.41
784 7.28 -56.43
785 62.05 -61.29
786 30.98 -19.21
787 36.65 -8.65
788 47.04 -22.79
789 18.67 -3.67
790 56.57 -32.15
791 0.49 -24.96
792 0.45 -0.26
793 8.88 -50.1
794 49.47 -52.28
795 2.15 -42.48
796 62.85 -43.23
797 56.37 -54.25
798 28.66 -23.69
799 59.64 -40.69
800 15.5 -15.47
801 34.68 -55.69
802 64.34 -46.48
803 48.8 -50.85
804 34.05 -24.91
805 36.58 -46.99
806 51.47 -24.62
807 4.4 -37.08
808 0.7 -51.92
809 38.2 -13.28
810 55.76 -50.17
811 27.4 -19.88
812 8.13 -52.62
813 55.83 -17.77
814 37.98 -16.31
815 31.78 -49.47
816 18.69 -53.49
817 13.49 -45.98
818 30.84 -62.55
819 21.46 -41.81
820 2.33 -64.89
821 3.03 -58.05
822 29.13 -53.8
823 39.73 -7.44
824 0.24 -29.83
825 59.52 -57.45
826 56.85 -35.53
827 22.15 -20.92
828 18.21 -44.5
829 60.82 -57.5
830 20.49 -56.2
831 23.21 -6.12
832 52.11 -18.7
833 15.26 -16.22
834 58.04 -62.47
835 40.88 -36.72
836 8.29 -39.89
837 27.69 -43.91
838 51.35 -16.94
839 26.29 -46.94
840 17.92 -51.6
841 21.13 -19.81
842 40.73 -8.77
843 32.8 -22.8
844 59.82 -58.95
845 28.67 -7.14
846 13.26 -59.83
847 12.54 -51.88
848 2.1 -44.89
849 41.36 -27.8
850 44.04 -39.66
851 13.55 -61.76
852 39.68 -52.34
853 3.28 -41.25
854 1.71 -4.55
855 35.67 -29.58
856 28.91 -19.63
857 7.93 -36.32
858 38.64 -3.65
859 42.12 -40.73
860 27.39 -11.98
861 5.82 -4.79
862 56.67 -20.17
863 65.07 -18.36
864 25.68 -38.29
865 11.96 -19.95
866 15.72 -3.72
867 35.58 -5.03
868 46.28 -34.92
869 39.47 -18.39
870 27.49 -27.52
871 47.15 -54.67
872 4.51 -56.4
873 39.57 -55.08
874 9.33 -43.16
875 55.14 -15.69
876 0 -36.72
877 36.42 -40.48
878 38.36 -36.19
879 8.49 -35.49
880 34.96 -64.04
881 47.29 -65.97
882 5 -30.2
883 65.12 -16.87
884 14.78 -30.81
885 58.33 -18.12
886 6.79 -42.27
887 32.68 -39.48
888 8.09 -11.3
889 33.98 -51.77
890 1.47 -17.42
891 33.67 -2.65
892 43.13 -46.99
893 17.19 -49.61
894 19.1 -15.5
895 13.54 -25.68
896 5.17 -33.58
897 63.79 -40.35
898 36.75 -10.17
899 40.98 -42.43
900 60.55 -51.53
901 27.81 -33.31
902 52.32 -46.86
903 37.69 -40.01
904 25.78 -60.41
905 57.35 -5.67
906 8.32 -6.77
907 53.77 -4.54
908 54.15 -30.98
909 46.48 -50.48
910 55.68 -52.77
911 20.36 -39.54
912 13.9 -60.85
913 5.02 -63.67
914 40.1 -50.65
915 36.18 -25.53
916 58.84 -34.66
917 61.04 -43.51
918 17.52 -24.68
919 19.09 -32.73
920 17.93 -22.83
921 9.12 -55.97
922 60.51 -26.25
923 57.23 -42.41
924 26.89 -48.67
925 14.96 -17.23
926 56.78 -16.57
927 11.42 -35.32
928 12.51 -4.68
929 34.85 -61.97
930 21.5 -52.62
931 0.8 -5.03
932 48.55 -59.86
933 18.55 -41.36
934 8.1 -45.59
935 47.94 -17.16
936 7.13 -26.03
937 31.8 -57.07
938 33.48 -1.65
939 29.84 -2.56
940 19.79 -60.38
941 56.47 -44.8
942 59.65 -56.09
943 40.29 -47.42
944 43.39 -6.16
945 38.3 -9.14
946 59.7 -44.41
947 17.79 -18.62
948 59.99 -21.77
949 1.36 -36.34
950 33.03 -2.09
951 7.64 -49.31
952 19.9 -40.16
953 21.33 -18.96
954 21.52 -53.38
955 27.28 -51.17
956 9.5 -20.84
957 56.45 -63.28
958 44.7 -48.67
959 34.35 -30.75
960 39.89 -1.61
961 46.02 -6.66
962 25.28 -33.59
963 55.36 -43.33
964 13.68 -64.79
965 0.88 -36.25
966 65.08 -26.23
967 0.39 -54.04
968 7.01 -18.98
969 51.88 -1.25
970 52.42 -8.05
971 8.41 -58.69
972 55.97 -41.44
973 24.11 -64.87
974 9.14 -14.19
975 15.8 -58.47
976 44.65 -49.03
977 62.15 -41.34
978 18.67 -49.45
979 48.25 -31.03
980 46.8 -11.87
981 38.1 -28.65
982 16.7 -45.88
983 44.38 -18.02
984 19.27 -3.23
985 11.28 -9.79
986 48 -51.21
987 26.66 -65.22
988 43.61 -37.97
989 31.68 -30.29
990 2.28 -52.75
991 15.3 -47.48
992 2.34 -26.45
993 9.91 -56.97
994 22.01 -21.01
995 12.41 -37.68
996 0.33 -2.81
997 28.22 -50.51
998 48.05 -17.03
999 65.78 -52.12
1000 61.91 -1.32
1001 52.54 -56.59
1002 55.81 -43.91
1003 61.4 -58.72
1004 2.53 -33.42
1005 65.69 -27.08
1006 54.08 -4.82
1007 31.27 -14.99
1008 5.97 -56.42
1009 56.96 -20.7
1010 58.38 -7.5
1011 55.83 -3.37
1012 33.4 -58.72
1013 55.27 -63.57
1014 49.7 -15.46
1015 16.78 -34.58
1016 25.17 -25.13
1017 3.05 -48.84
1018 21.08 -14.98
1019 27.92 -43.97
1020 50.58 -23.62
1021 28.44 -7.13
1022 22.12 -38.66
1023 8.61 -39.23
1024 39.46 -7.61
1025 60.63 -65.57
1026 2.94 -31.84
1027 4.08 -29.99
1028 27.56 -15.86
1029 31.32 -38.88
1030 7.46 -11.26
1031 36.4 -27.63
1032 10.47 -12.15
1033 6.65 -18.97
1034 42.46 -31.56
1035 34.7 -34.57
1036 41.7 -27.04
1037 45.23 -42.66
1038 15.89 -43.34
1039 30.48 -33.36
1040 32.93 -34.87
1041 46.24 -25.11
1042 55.1 -15.39
1043 31.25 -50.32
1044 2.72 -62.19
1045 7.45 -42.1
1046 3.73 -55.7
1047 1.85 -23.37
1048 21.86 -59.72
1049 4.8 -8.5
1050 22.59 -43.85
1051 50.41 -39.5
1052 16.16 -43.81
1053 0.68 -29.64
1054 42.52 -11.58
1055 46.45 -31.16
1056 35.79 -9.45
1057 4.36 -26.69
1058 56.54 -4.42
1059 0.61 -35.62
1060 57.24 -38.78
1061 28.49 -53.58
1062 10.96 -60.97
1063 34.21 -9.86
1064 18.37 -12.34
1065 35.71 -39.02
1066 58.04 -20.48
1067 64.3 -20.13
1068 29.29 -53.73
1069 65.31 -64.98
1070 9.66 -5.82
1071 15.27 -25.28
1072 31.5 -45.45
1073 49.87 -65.16
1074 34.78 -22.04
1075 40.34 -50.48
1076 17.59 -5.54
1077 0.51 -2.83
1078 12.7 -8.07
1079 20.41 -14.24
1080 32.78 -10.59
1081 31.07 -56.13
1082 10.26 -24.83
1083 12.56 -8.89
1084 7.87 -19.07
1085 24.89 -57.39
1086 16.67 -17.53
1087 42.51 -19.69
1088 18.85 -48.17
1089 49.73 -26.38
1090 56.39 -33.15
1091 38.69 -24.08
1092 6.43 -7.98
1093 16.05 -18.72
1094 32.96 -64.65
1095 9.24 -15.98
1096 51.63 -65.75
1097 4.1 -19.84
1098 28.73 -41.41
1099 60.49 -62.18
1100 53.57 -16.13
1101 13.18 -19.38
1102 39.07 -49.76
1103 11.46 -55.69
1104 61.6 -37.44
1105 4.59 -61.19
1106 64.79 -31.51
1107 39.49 -43.28
1108 62 -5.23
1109 3.88 -35.06
1110 30.56 -8.49
1111 53.76 -58.65
1112 58.01 -16.2
1113 57.61 -37.38
1114 33.56 -0.26
1115 16.39 -31.62
1116 51.01 -0.65
1117 50.41 -9.1
1118 64.79 -3.6
1119 20.57 -41.39
1120 36.59 -39.91
1121 5.42 -25.16
1122 47.97 -14.9
1123 20.13 -24.43
1124 59.49 -23.49
1125 31.98 -3.54
1126 41.71 -3.58
1127 19.78 -65.26
1128 36.64 -13.24
1129 13.5 -56.91
1130 22.54 -49.72
1131 50.37 -9.42
1132 18.52 -53.07
1133 36.19 -14.31
1134 55.7 -62.83
1135 36.75 -56.76
1136 61.45 -5.81
1137 20.72 -21.69
1138 46.13 -43.42
1139 0.91 -20.37
1140 3.43 -19.14
1141 22.72 -12.42
1142 11.68 -45.14
1143 37.9 -22.02
1144 12.94 -27.85
1145 11.57 -51.41
1146 60.83 -15
1147 47.59 -41.47
1148 35.3 -58.87
1149 35.22 -63.3
1150 33.59 -4.52
1151 55.86 -5.97
1152 27.67 -29.04
1153 51.98 -10.58
1154 10.47 -53.32
1155 6.46 -32.41
1156 44.83 -13.91
1157 38.57 -29.19
1158 30.73 -36.04
1159 43.41 -10.48
1160 41.41 -23.19
1161 38.19 -34.5
1162 55.49 -15.76
1163 8.63 -65.3
1164 62.61 -24.79
1165 29.32 -43.85
1166 29.35 -9.72
1167 18.28 -64.7
1168 54.8 -36.54
1169 23.86 -4.26
1170 36.67 -65.27
1171 58.7 -9.84
1172 18.55 -61.03
1173 10.59 -31.28
1174 21.28 -49.29
1175 6.48 -33.52
1176 2.02 -62.69
1177 12.45 -24.2
1178 23.5 -57.52
1179 61.83 -0.6
1180 23.97 -65.63
1181 9.35 -4.67
1182 3.37 -53.32
1183 3.38 -7.15
1184 11.41 -58.17
1185 57.45 -6.76
1186 16.61 -27.61
1187 2.16 -29.67
1188 60.95 -35.16
1189 63.97 -58.27
1190 25.79 -61.75
1191 58.44 -4.46
1192 28.66 -7.33
1193 44.37 -50.41
1194 51.01 -31.68
1195 10.84 -40.21
1196 44.88 -54.51
1197 21.35 -65.71
1198 6.87 -27.78
1199 19.95 -24.74
1200 11.02 -63.8
1201 25.41 -56.92
1202 20.6 -7.15
1203 21.84 -7.09
1204 65.36 -61.07
1205 56.83 -19.81
1206 24.27 -4.67
1207 57.53 -28.79
1208 58.73 -32.45
1209 64.14 -35.9
1210 55.63 -23.26
1211 11.77 -54.5
1212 54.21 -14.04
1213 41.82 -33.13
1214 37.39 -61.08
1215 58.89 -41.29
1216 32.22 -48.41
1217 55.57 -63.82
1218 4.92 -32.34
1219 27.41 -11.41
1220 31.22 -49.8
1221 34 -63.76
1222 6.08 -35.02
1223 1.47 -5.05
1224 40.95 -64.81
1225 -22.07 -45.13
1226 -33.63 -10.11
1227 -24.15 -13.37
1228 -46.5 -21.85
1229 -62.45 -45.49
1230 -20.78 -17.89
1231 -45.82 -55.34
1232 -32.69 -32.52
1233 -64.86 -35.39
1234 -26.32 -37.61
1235 -0.93 -26.28
1236 -3.56 -37.07
1237 -51.61 -14.45
1238 -19.5 -9.64
1239 -53.97 -53.08
1240 -11.74 -39.98
1241 -50.09 -55.57
1242 -2.94 -45.37
1243 -46.74 -53.76
1244 -33.25 -49.44
1245 -46.85 -43.2
1246 -12.06 -54.03
1247 -0.08 -26.67
1248 -41.59 -24.27
1249 -61.88 -64.94
1250 -4.74 -47.43
1251 -64.02 -42.34
1252 -56.79 -8.31
1253 -63.47 -49.63
1254 -36.72 -55.82
1255 -29.8 -30.97
1256 -20.54 -27.98
1257 -7.35 -13.89
1258 -1.65 -23.48
1259 -52.44 -33.62
1260 -56.34 -14.42
1261 -47.97 -33.29
1262 -39.48 -2.4
1263 -26.68 -48.05
1264 -47 -60.59
1265 -42.03 -2.08
1266 -23.94 -31.26
1267 -19.09 -40.05
1268 -3.21 -60.26
1269 -50.08 -16.57
1270 -47.54 -39.93
1271 -1.91 -13.88
1272 -7.29 -47.6
1273 -5.08 -54.78
1274 -1.92 -8.94
1275 -2.88 -37.04
1276 -49.85 -58.26
1277 -40.19 -50.85
1278 -32.91 -23.33
1279 -63.45 -46.39
1280 -27.99 -59.43
1281 -24.69 -19
1282 -38.57 -51.94
1283 -46.2 -23.31
1284 -39.88 -41.78
1285 -15.71 -9.8
1286 -23.68 -0.94
1287 -48.54 -63.14
1288 -31.45 -30.97
1289 -19.43 -33.14
1290 -4.18 -33.37
1291 -25.64 -22.31
1292 -7.16 -54.03
1293 -56.88 -65.83
1294 -46.22 -19.59
1295 -58.54 -54.33
1296 -7.33 -8.21
1297 -39.67 -62.76
1298 -20.07 -25.43
1299 -1.21 -65.39
1300 -9.19 -39.47
1301 -40.41 -62.45
1302 -39.11 -32.87
1303 -43.36 -2.47
1304 -15.13 -4.56
1305 -17.46 -62.79
1306 -64.62 -19.31
1307 -52.86 -43.1
1308 -22.45 -5.79
1309 -4.9 -43.74
1310 -11.6 -48.19
1311 -35.92 -42.97
1312 -39.73 -64.45
1313 -23.88 -55.12
1314 -54.51 -59.8
1315 -33.27 -25.1
1316 -21.55 -63.71
1317 -10.1 -53.2
1318 -35.19 -60.66
1319 -44.75 -32.99
1320 -29.78 -50.32
1321 -49.15 -62.21
1322 -18.83 -28.41
1323 -13.72 -36.01
1324 -59.27 -20.8
1325 -2.99 -64.14
1326 -41.11 -50.39
1327 -48.85 -18.43
1328 -7.55 -14.84
1329 -54.16 -52.25
1330 -56.87 -62.07
1331 -39.3 -0.95
1332 -54.15 -57.94
1333 -32.13 -28.92
1334 -61.91 -2.86
1335 -53.18 -10.88
1336 -52.61 -5.22
1337 -33.63 -15.85
1338 -51.86 -5.44
1339 -26.24 -26.87
1340 -25.01 -24.66
1341 -9.05 -8.75
1342 -27.18 -45.65
1343 -40.01 -37.42
1344 -3.2 -14.26
1345 -55.85 -28.18
1346 -29.13 -60.07
1347 -52.02 -29.15
1348 -37.59 -62.81
1349 -65.67 -18.15
1350 -8.55 -33.51
1351 -18.25 -32.38
1352 -48.23 -61.16
1353 -0.6 -51.88
1354 -58.27 -13.62
1355 -38.28 -6.36
1356 -15.11 -62.8
1357 -42.45 -26.85
1358 -43.8 -42.29
1359 -36.07 -61.99
1360 -24.17 -47
1361 -41.07 -25.92
1362 -34.59 -53.3
1363 -29.63 -27.09
1364 -24.76 -6.19
1365 -19.22 -29.31
1366 -61.69 -33.31
1367 -28.47 -37.47
1368 -2.87 -43.92
1369 -37.06 -8.59
1370 -14.95 -40.66
1371 -37.46 -9.34
1372 -15.72 -30.06
1373 -51.88 -59.44
1374 -55.43 -59.52
1375 -40.52 -21.95
1376 -27.4 -59.12
1377 -25.94 -61.11
1378 -1.73 -61.99
1379 -47.7 -55.58
1380 -18.89 -26.49
1381 -59.81 -0.92
1382 -17.91 -60.1
1383 -17.54 -1.8
1384 -10.4 -20.78
1385 -40.96 -54.61
1386 -43.47 -25.35
1387 -34.94 -12.43
1388 -51.39 -59.19
1389 -52.71 -0.34
1390 -1.81 -20.34
1391 -13.46 -6.75
1392 -1.87 -29.21
1393 -4.73 -39.4
1394 -28.98 -49.12
1395 -9.61 -52.43
1396 -53.36 -27.39
1397 -21.49 -48.94
1398 -50.75 -50.79
1399 -5.58 -39.04
1400 -27.65 -40.67
1401 -45.54 -46.54
1402 -38.49 -50.64
1403 -43.84 -14.48
1404 -60.34 -3.4
1405 -23.74 -10.07
1406 -62.35 -62.16
1407 -4.89 -37.2
1408 -56.13 -43.74
1409 -26.86 -9.62
1410 -62.06 -19.11
1411 -26.03 -36.47
1412 -19.42 -28.94
1413 -13.73 -47.52
1414 -0.08 -49.69
1415 -24.36 -64.83
1416 -24.9 -7.25
1417 -57.9 -3.9
1418 -63.91 -42.91
1419 -46.32 -35.74
1420 -25.33 -37.77
1421 -13.45 -49.58
1422 -0.31 -21.68
1423 -65.42 -18.35
1424 -7.49 -56.44
1425 -55.07 -26.28
1426 -42.28 -49.07
1427 -57.53 -15.1
1428 -62.63 -41.22
1429 -24.91 -5.27
1430 -49.62 -42.23
1431 -49.49 -28.79
1432 -12.21 -54.04
1433 -10.48 -41.39
1434 -56.65 -55.64
1435 -27.42 -56.8
1436 -40.38 -15.98
1437 -37.67 -20.39
1438 -38.74 -40.69
1439 -10.65 -16.61
1440 -42.9 -25.76
1441 -8.83 -65.73
1442 -14.83 -64.7
1443 -39.92 -0.37
1444 -51.16 -56.98
1445 -33.22 -44.35
1446 -7.14 -14.3
1447 -47.87 -62.23
1448 -37.62 -64.87
1449 -34.04 -58.35
1450 -49.15 -7.79
1451 -23.77 -61.46
1452 -61.37 -3.05
1453 -23.27 -40.96
1454 -57.58 -34.12
1455 -39.4 -33.92
1456 -13.17 -14
1457 -58.22 -27.75
1458 -28.12 -7.53
1459 -64.51 -32.14
1460 -10.49 -58.8
1461 -52.63 -11.25
1462 -7.48 -63.15
1463 -41.54 -34.5
1464 -26.85 -24.62
1465 -32.41 -9.58
1466 -50.56 -55.52
1467 -38.09 -35.71
1468 -56.19 -45.94
1469 -59.58 -61.36
1470 -8.81 -27.29
1471 -41.29 -32.98
1472 -60.73 -21.98
1473 -9.03 -13.03
1474 -45.17 -2.38
1475 -40.7 -7.55
1476 -64.32 -35.18
1477 -11.85 -6.85
1478 -41.35 -5.81
1479 -9.95 -53.4
1480 -42.5 -47.72
1481 -37.24 -21.89
1482 -57.6 -27.07
1483 -52.53 -9.34
1484 -50.22 -47.79
1485 -9.09 -46.11
1486 -58.61 -38.55
1487 -60.54 -29.9
1488 -42.94 -32.86
1489 -14.76 -49.09
1490 -56.64 -1.63
1491 -36.82 -34.99
1492 -41.84 -34.49
1493 -19.82 -48.67
1494 -15.59 -17.2
1495 -44.44 -29.77
1496 -51.66 -58.1
1497 -19.17 -15.69
1498 -4.55 -22.78
1499 -4.58 -51.22
1500 -31.33 -54.77
1501 -27.33 -59.19
1502 -2.61 -23.94
1503 -36.32 -1.39
1504 -50.48 -45.55
1505 -26.71 -51.09
1506 -20.08 -20.65
1507 -55.14 -63.53
1508 -25.72 -41.44
1509 -58.64 -54.48
1510 -18.25 -20.84
1511 -12.94 -37.09
1512 -32.3 -49.44
1513 -6.22 -11.63
1514 -62.85 -16.37
1515 -5.14 -56.32
1516 -49.51 -7.7
1517 -11.16 -11.99
1518 -58.9 -52.13
1519 -11.2 -47.48
1520 -12.09 -22.91
1521 -23.08 -37.91
1522 -14.96 -11.69
1523 -53.14 -12.22
1524 -0.7 -20.21
1525 -41.05 -45.78
1526 -62.39 -64.47
1527 -47.91 -33.51
1528 -24.66 -8.21
1529 -24.58 -33.66
1530 -23.98 -1.03
1531 -8.73 -9.25
1532 -0.76 -7.5
1533 -39.15 -19.89
1534 -46.89 -59.67
1535 -16.58 -29.87
1536 -1.79 -58.99
1537 -4.68 -39.66
1538 -31.4 -62.27
1539 -62 -57.82
1540 -17.13 -11.62
1541 -55.61 -37.05
1542 -50.08 -59.04
1543 -46.78 -17.05
1544 -50.71 -8.74
1545 -9.77 -5.36
1546 -60.13 -8.69
1547 -61.71 -64.02
1548 -63.43 -60.9
1549 -54.57 -14.38
1550 -44.26 -44.33
1551 -16.84 -50.67
1552 -3.85 -25.57
1553 -21.84 -21.52
1554 -58.87 -14.77
1555 -5.91 -17.85
1556 -34.42 -10
1557 -48.56 -61.52
1558 -12.57 -64.03
1559 -6.77 -29.34
1560 -14.23 -63.28
1561 -51.5 -62.07
1562 -39.61 -8.36
1563 -3.26 -47.21
1564 -41.12 -37.05
1565 -15.38 -37.35
1566 -1.54 -19.38
1567 -44.95 -11.74
1568 -33.26 -5.39
1569 -65.68 -46.31
1570 -43.68 -5.65
1571 -61.17 -5.59
1572 -1.12 -57.63
1573 -55.66 -43.74
1574 -7.08 -13.69
1575 -56.5 -41.95
1576 -17.54 -0.83
1577 -9.2 -42
1578 -2.73 -57.16
1579 -7.73 -57.98
1580 -29.34 -43.85
1581 -42.75 -23.11
1582 -14.37 -30.88
1583 -15.8 -1.22
1584 -27.06 -47.63
1585 -53.29 -15.48
1586 -21.08 -4.74
1587 -41.89 -48.46
1588 -5.72 -1.72
1589 -60.93 -11.07
1590 -53.03 -58.33
1591 -59.16 -51.43
1592 -6.95 -50.09
1593 -20.77 -47.88
1594 -39.87 -9.69
1595 -33.06 -28.5
1596 -31.13 -3.21
1597 -13.61 -55.34
1598 -56.56 -45.5
1599 -27.14 -8.93
1600 -24.42 -17.62
1601 -1.89 -59.95
1602 -21.93 -25.02
1603 -26.74 -43.78
1604 -34.38 -7.18
1605 -65.51 -21.67
1606 -52.63 -0.93
1607 -51.02 -58.67
1608 -40.56 -59.58
1609 -48.79 -5.8
1610 -34.3 -59.95
1611 -42.68 -61.38
1612 -50.72 -65.44
1613 -44.94 -56.29
1614 -44.75 -41.28
1615 -38.43 -51.6
1616 -25.07 -3.17
1617 -7.71 -40.32
1618 -63.62 -26.53
1619 -33.71 -13.97
1620 -15.16 -32
1621 -32.93 -33.22
1622 -5.41 -1.79
1623 -40.9 -63.48
1624 -3.28 -25.49
1625 -19.44 -3.21
1626 -64.59 -17.1
1627 -62.06 -62.12
1628 -31.94 -49.31
1629 -4.12 -20.53
1630 -6.13 -10.69
1631 -59.38 -42.55
1632 -16.87 -10.73
1633 -37.26 -1.09
1634 -60.58 -60.01
1635 -26.02 -4.97
1636 -17.71 -55.26
1637 -57.06 -38.47
1638 -15.47 -23.12
1639 -48.62 -11.48
1640 -14.69 -64.27
1641 -15.38 -47.58
1642 -43.71 -58.81
1643 -21.64 -56.96
1644 -11.49 -55.17
1645 -65.86 -25.76
1646 -2.31 -17.63
1647 -7.88 -38.76
1648 -19.37 -64.7
1649 -38.24 -45.14
1650 -29.63 -13.95
1651 -3.21 -64.26
1652 -16.25 -47.34
1653 -49.98 -39.79
1654 -30.79 -31.73
1655 -30 -12.12
1656 -59.71 -45.49
1657 -17.82 -24.9
1658 -15.87 -16.94
1659 -6.11 -39.46
1660 -65.23 -27.36
1661 -24.51 -51.49
1662 -24.25 -47.06
1663 -25.29 -32.39
1664 -57.05 -43.62
1665 -37.09 -63.53
1666 -41.31 -20.68
1667 -2.02 -19.82
1668 -59.62 -37.08
1669 -2.81 -52.01
1670 -64.13 -24.41
1671 -49.42 -12.34
1672 -16.76 -37.36
1673 -54.3 -1.24
1674 -20.23 -12.15
1675 -39.52 -39.93
1676 -4.94 -19.46
1677 -46.04 -43.55
1678 -55.47 -29.19
1679 -52.33 -50.85
1680 -48.38 -46.52
1681 -1.21 -2.94
1682 -22.77 -3.21
1683 -40.3 -48.75
1684 -34.76 -16.39
1685 -20.32 -22.63
1686 -14.49 -12.42
1687 -49.78 -49.27
1688 -30.03 -31.26
1689 -43.41 -17.61
1690 -37.06 -50.26
1691 -49.24 -62.45
1692 -19.53 -42.01
1693 -50.72 -29.29
1694 -59.66 -9
1695 -55.52 -37.06
1696 -40 -42.05
1697 -45.26 -56.73
1698 -19.01 -42.29
1699 -58.68 -19.56
1700 -21.72 -33.29
1701 -45.71 -58.53
1702 -41.8 -36.21
1703 -1.47 -9.02
1704 -6.15 -5.83
1705 -56.1 -24.41
1706 -0.38 -43.21
1707 -64.74 -39.34
1708 -48.15 -19.91
1709 -28.91 -49.47
1710 -0.05 -41.82
1711 -63.39 -63.96
1712 -34.21 -19.57
1713 -61.87 -22.17
1714 -21.26 -53.22
1715 -20.52 -34.07
1716 -26.6 -42.98
1717 -13.19 -0.23
1718 -54.77 -2.4
1719 -53.76 -60.19
1720 -64.12 -60.92
1721 -17.66 -43.86
1722 -62.72 -64.5
1723 -63.94 -16.4
1724 -45.39 -24.4
1725 -45.74 -26.85
1726 -24.81 -45.44
1727 -44.54 -22.65
1728 -44.82 -38.55
1729 -25.77 -40.41
1730 -8.48 -0.08
1731 -22.58 -46.29
1732 -26.05 -14.61
1733 -17.01 -35.78
1734 -9.49 -60.34
1735 -55.27 -4.77
1736 -28.15 -7.61
1737 -51.63 -52.45
1738 -48.37 -4.4
1739 -28.8 -49.57
1740 -55.95 -27.77
1741 -52.73 -54.06
1742 -10.71 -60.28
1743 -32.83 -31.27
1744 -5.68 -55.53
1745 -35.14 -58.61
1746 -18.42 -59.69
1747 -8.3 -57.72
1748 -7.02 -44.47
1749 -18.34 -4.83
1750 -9.61 -16.51
1751 -3.64 -53.13
1752 -39.58 -17.28
1753 -21.68 -34.8
1754 -63.89 -21.95
1755 -29.24 -30
1756 -18.06 -53.84
1757 -27.65 -15.98
1758 -26.77 -28.77
1759 -63.83 -40
1760 -12.13 -11.98
1761 -5.67 -32.97
1762 -4.21 -30.56
1763 -54.55 -59.49
1764 -64.32 -11.24
1765 -27.75 -6.89
1766 -60.02 -53.45
1767 -50.26 -10.92
1768 -45.72 -13.12
1769 -14.6 -5.94
1770 -35.95 -43.61
1771 -10.98 -43.84
1772 -39.34 -33.53
1773 -41.83 -38.63
1774 -12.63 -0.12
1775 -12.1 -39.66
1776 -52.15 -4.29
1777 -34.85 -63.29
1778 -56.78 -56.36
1779 -1.6 -2.92
1780 -9.82 -34.62
1781 -1.6 -8.88
1782 -65.32 -49.36
1783 -62.49 -51.86
1784 -57.8 -45.04
1785 -2.17 -11.09
1786 -34.45 -7.27
1787 -40.81 -13.15
1788 -31.3 -7.8
1789 -53.44 -16.64
1790 -35.82 -23.46
1791 -27.75 -65.54
1792 -62.83 -21.97
1793 -57.85 -42.12
1794 -45.04 -33.13
1795 -47.27 -59.46
1796 -47.86 -34.38
1797 -63.27 -48.87
1798 -34.73 -47.18
1799 -5.74 -59.76
1800 -50.37 -6.06
1801 -58.85 -7.91
1802 -0.59 -64.34
1803 -6.14 -33.66
1804 -29.82 -11.41
1805 -34.87 -59.58
1806 -38.64 -45.16
1807 -46.65 -42.14
1808 -63.78 -14.99
1809 -27.64 -38.51
1810 -11.49 -22.35
1811 -56.73 -8.92
1812 -57.79 -59.35
1813 -20.05 -33.52
1814 -6.8 -6.05
1815 -12.11 -25.79
1816 -33.7 -57.17
1817 -55.52 -50.48
1818 -18.15 -13.81
1819 -25.23 -41.18
1820 -14.29 -27.49
1821 -52.18 -39.62
1822 -61.29 -32.45
1823 -47.45 -32.83
1824 -50.86 -59.07
1825 -60.94 -9.09
1826 -18.01 -62.35
1827 -35.22 -51.68
1828 -64.72 -55.33
1829 -40.9 -55.27
1830 -60.58 -5.53
1831 -42.22 -53.01
1832 -37.49 -7.81
1833 -21.62 -11.26
1834 -52.45 -35.16
1835 -42.18 -26.37
1836 -0 -46.26
1837 -12.71 7.88
1838 -40.71 61.29
1839 -33.88 39.68
1840 -48.78 25.58
1841 -1.45 28.83
1842 -60.03 46.31
1843 -15.16 36.68
1844 -25.95 58.75
1845 -43.8 56.06
1846 -22.59 20.54
1847 -28.35 20.03
1848 -31.29 39.61
1849 -54.29 29.49
1850 -55.87 17.74
1851 -43.52 30.47
1852 -38.35 55.87
1853 -30.68 56.24
1854 -29.92 58.59
1855 -63.69 44.08
1856 -52.43 58.22
1857 -18.06 65.14
1858 -35.82 25.98
1859 -64.26 33.22
1860 -2.81 41.3
1861 -41.36 42.06
1862 -62.09 25.4
1863 -65.01 49.23
1864 -12.72 27.39
1865 -24.65 53.31
1866 -63.3 48.11
1867 -17.5 2.18
1868 -37.94 15.18
1869 -7.77 27.7
1870 -5.79 47.38
1871 -39.61 5.46
1872 -50.12 37.74
1873 -63.73 37.19
1874 -4.41 19.95
1875 -40.77 61.99
1876 -38.05 52.74
1877 -12.15 16.13
1878 -44.88 34.15
1879 -41.06 11.16
1880 -43.99 57.6
1881 -19.24 65.71
1882 -47.41 41.3
1883 -56.48 36.74
1884 -64.45 19.35
1885 -46.26 43.77
1886 -28.75 49.76
1887 -21.5 19.87
1888 -36.58 12.87
1889 -12.34 19.23
1890 -15.22 20.51
1891 -7.26 53.11
1892 -3.24 32.8
1893 -0.95 19.41
1894 -10.09 48.12
1895 -19.25 21.53
1896 -21.24 54.09
1897 -29.39 18.01
1898 -54.75 2.66
1899 -1.53 65.39
1900 -22.68 53.2
1901 -36.96 47.79
1902 -47.18 51.43
1903 -43.82 37.99
1904 -57.22 17.76
1905 -17.8 56.17
1906 -43.28 51.97
1907 -18.77 25.06
1908 -44.47 26.05
1909 -53.69 65.24
1910 -20.77 34.08
1911 -22.17 52.46
1912 -4.47 42.01
1913 -24.19 31.08
1914 -9.99 59.23
1915 -25.95 5.25
1916 -32.56 32.67
1917 -63.62 42.44
1918 -14.43 13.75
1919 -11.03 41.45
1920 -31.62 5.65
1921 -57.62 8.35
1922 -33.41 54.42
1923 -14.47 55.91
1924 -55.15 57.4
1925 -25.49 47.69
1926 -34.15 9.92
1927 -31.46 47.66
1928 -58.27 18.15
1929 -56.9 35.17
1930 -19.94 2.26
1931 -34.94 16.85
1932 -59.29 52.51
1933 -45.78 12.08
1934 -53.53 7.72
1935 -58.9 36.33
1936 -44.69 64.67
1937 -53.1 30.04
1938 -65.48 12.1
1939 -3.51 47.09
1940 -8.3 54.63
1941 -44.08 29
1942 -56.18 42.46
1943 -40.13 55.06
1944 -24.23 48.45
1945 -30.24 31.03
1946 -47.88 44.18
1947 -10.21 65.18
1948 -56.78 20.7
1949 -7.94 55.99
1950 -26.32 44.32
1951 -42.99 46.36
1952 -10.41 50.53
1953 -62.64 9.61
1954 -36.23 9.89
1955 -44.04 45.67
1956 -54.19 44.53
1957 -0.51 1.64
1958 -56.7 23.89
1959 -51.87 40.64
1960 -5.67 14.94
1961 -38.64 16.11
1962 -60.81 33.08
1963 -53.78 28.37
1964 -18.36 51.59
1965 -29.91 41.24
1966 -21.61 24.2
1967 -8.74 52.43
1968 -41.56 11.54
1969 -21.43 50.9
1970 -10.09 11.79
1971 -56.33 44.99
1972 -46.64 64.28
1973 -1.69 56.84
1974 -11.01 37.34
1975 -31.8 53.56
1976 -3.67 16.68
1977 -49.76 49.96
1978 -12.33 64.48
1979 -50.08 17.06
1980 -58.31 10.21
1981 -34.42 13.99
1982 -45.94 13.92
1983 -25.46 22.68
1984 -53.1 21.51
1985 -33.3 26.41
1986 -50.92 63.19
1987 -61.47 3.15
1988 -39.52 11.08
1989 -48.43 42.68
1990 -30.25 50.53
1991 -46.73 59.75
1992 -23.24 33.92
1993 -32.41 10.02
1994 -27.08 15.09
1995 -25.31 16.49
1996 -10 64.91
1997 -58.35 39.25
1998 -61.93 55.95
1999 -56.98 63.33
2000 -23.74 49.03
2001 -46.22 3.8
2002 -6.96 54.19
2003 -65.27 21.21
2004 -63.89 46.48
2005 -10.53 27.22
2006 -20.98 28.14
2007 -41.59 57.26
2008 -1.28 23.74
2009 -38.83 8
2010 -4.01 7.89
2011 -6.8 64.14
2012 -16.91 14.01
2013 -49.48 65.16
2014 -62.49 12.84
2015 -41.39 40.46
2016 -44.27 65.76
2017 -53.95 1.13
2018 -1.86 30.75
2019 -11.23 32.74
2020 -59.97 45.28
2021 -52.94 21.76
2022 -58.54 60.47
2023 -18.21 28.53
2024 -36.53 59.83
2025 -1.72 57.04
2026 -34.71 20.06
2027 -34.08 54.04
2028 -32.72 51.62
2029 -43.99 63.08
2030 -37.55 29.22
2031 -8.5 19.38
2032 -0.04 61.34
2033 -26.09 41.97
2034 -8.71 1.9
2035 -47.18 16.84
2036 -18.12 48.2
2037 -42.67 13.65
2038 -42.18 10.66
2039 -50.01 60.88
2040 -31.45 58.24
2041 -12.3 31.25
2042 -19.3 45.68
2043 -10.82 25.9
2044 -22.99 52.02
2045 -60.76 54.81
2046 -53.72 40.06
2047 -14.92 3.26
2048 -24.75 53.76
2049 -35.18 41.01
2050 -37.37 12.99
2051 -61.19 61.89
2052 -9.54 35.01
2053 -45.67 37.87
2054 -12.27 31.24
2055 -23.48 9.21
2056 -40.46 23.24
2057 -2.92 15.31
2058 -41.21 59.76
2059 -25.31 13.75
2060 -48.08 43.72
2061 -17.78 20.07
2062 -2.86 15.32
2063 -3.08 32.7
2064 -53.23 7.13
2065 -20.12 17.79
2066 -59.2 4.12
2067 -39.13 15.32
2068 -32.71 48.26
2069 -13.5 64.33
2070 -7.54 44.98
2071 -2.23 16.51
2072 -31.82 48
2073 -21.29 50.67
2074 -43.94 52.55
2075 -9.8 26.12
2076 -25.71 5.55
2077 -20.87 7.1
2078 -19.33 28.57
2079 -35.71 3.48
2080 -21.27 6.56
2081 -10.69 35.35
2082 -50.67 59.99
2083 -42.25 29.34
2084 -27.67 17.38
2085 -41.89 55.75
2086 -51.78 35.21
2087 -62.74 23.64
2088 -8.31 63.12
2089 -49.68 63.55
2090 -23.67 31.78
2091 -37.33 59.48
2092 -0.58 49.38
2093 -57.48 58.2
2094 -61.68 19.91
2095 -6 6.71
2096 -42.06 62.47
2097 -56.46 62.21
2098 -25.55 26.74
2099 -23.64 12.23
2100 -1.99 32.75
2101 -1.96 65.53
2102 -23.17 33.29
2103 -30.42 44.22
2104 -41.77 11.01
2105 -42.79 59.62
2106 -32.62 44.96
2107 -28.35 59.64
2108 -51.84 33.2
2109 -32.64 19.83
2110 -26.54 27.05
2111 -3.04 18.16
2112 -59.89 2.6
2113 -8.86 59.51
2114 -5.74 64.96
2115 -31.71 32.51
2116 -11.56 53.25
2117 -0.07 13.2
2118 -36.94 34.74
2119 -25.27 30.49
2120 -24.11 12.72
2121 -57.68 47.58
2122 -41.22 56.73
2123 -3.45 65.55
2124 -19.38 6.58
2125 -33.63 15.61
2126 -13.29 25.44
2127 -7.57 36.68
2128 -9.71 7.18
2129 -51.67 16.43
2130 -28.46 60.97
2131 -48.23 62.9
2132 -10.1 40.03
2133 -54.29 27.82
2134 -58.31 47.05
2135 -39.29 13.56
2136 -61.14 61.94
2137 -52.67 10.49
2138 -10.05 15.88
2139 -22.46 35.64
2140 -51.26 29.43
2141 -34.4 35.62
2142 -51.82 64.55
2143 -51.26 41.97
2144 -37.92 61.53
2145 -56.5 36.93
2146 -13.35 0.39
2147 -19.94 18.25
2148 -46.07 23.46
2149 -50.03 53.75
2150 -46.83 17.9
2151 -13.84 2.84
2152 -13.33 41.97
2153 -37.37 46.03
2154 -15.68 23.38
2155 -32.34 59.83
2156 -29.45 0.94
2157 -45.01 0.74
2158 -22.23 15.27
2159 -56.32 9.79
2160 -26.24 60.15
2161 -40.06 26.35
2162 -24.12 39.6
2163 -42.58 39.52
2164 -27.27 49.72
2165 -1.62 6.13
2166 -8.97 8.1
2167 -29.59 60.99
2168 -41.02 22.3
2169 -45.69 0.96
2170 -60.8 56.7
2171 -37.16 57.55
2172 -58.29 3.77
2173 -64.57 16.18
2174 -5.49 14.52
2175 -54.19 54.89
2176 -60.76 31.74
2177 -5.34 28.26
2178 -47.3 18.89
2179 -2.61 27.44
2180 -33.57 8.58
2181 -16.68 49.75
2182 -44.74 42.54
2183 -44.36 25.8
2184 -26.76 19.77
2185 -55.99 3.57
2186 -61.12 1.08
2187 -4.86 27.16
2188 -43.34 53.41
2189 -47.45 3.43
2190 -37.84 28.35
2191 -60.09 15.17
2192 -43.43 32.61
2193 -31.02 44.95
2194 -6.39 24.73
2195 -12.83 13.15
2196 -62.9 19.48
2197 -41.54 9.04
2198 -34.84 21.17
2199 -40.94 19.91
2200 -23.48 41.12
2201 -42.21 10.45
2202 -37.61 64.13
2203 -31.06 26.59
2204 -30.02 60.47
2205 -22.83 12.52
2206 -27.69 47.38
2207 -59.51 16.92
2208 -41.4 50.64
2209 -54.89 24.53
2210 -37.68 47.79
2211 -1.28 47.25
2212 -56.29 14.11
2213 -35.28 42.82
2214 -42.25 4.65
2215 -45.77 55.74
2216 -0.19 45.26
2217 -43.39 21.98
2218 -48.57 37.81
2219 -32.28 8.45
2220 -0.49 58.11
2221 -19.02 34.63
2222 -31.08 7.7
2223 -37.86 12.53
2224 -16.59 6.48
2225 -33.79 6.28
2226 -53.53 33.79
2227 -47.9 35.07
2228 -57.42 23.34
2229 -7.51 62.7
2230 -52.44 13.19
2231 -58.45 53.28
2232 -54.79 52.64
2233 -3.97 35.84
2234 -23.82 16.88
2235 -54.52 15.77
2236 -50.41 3.83
2237 -11.54 53.06
2238 -65.59 15.49
2239 -1.49 28.92
2240 -35.2 61.7
2241 -29.5 35.28
2242 -49.88 2.25
2243 -5.11 56.92
2244 -53.63 41.3
2245 -34.01 12.62
2246 -65.91 40.07
2247 -6.23 26.47
2248 -41.83 34.22
2249 -30.62 55.72
2250 -5.5 45.17
2251 -49.01 19.14
2252 -6.2 35.43
2253 -30.44 40.07
2254 -2.99 51.32
2255 -26.54 31.93
2256 -46.73 17.72
2257 -65.49 56.04
2258 -26.49 30.61
2259 -51.43 4.61
2260 -17.23 14.12
2261 -33.71 19.45
2262 -25.44 62.66
2263 -30.88 19.47
2264 -9.19 1.27
2265 -25.97 61.51
2266 -60.17 60.21
2267 -9.16 54.5
2268 -28.57 45.9
2269 -10.74 19.12
2270 -30.57 11.08
2271 -8.32 37.28
2272 -6.85 11.31
2273 -41.92 7.82
2274 -12.43 33.34
2275 -26.98 27.36
2276 -26.33 29.66
2277 -5.85 60.69
2278 -14.16 51.77
2279 -32.56 36.73
2280 -11.76 2.88
2281 -63.09 58.53
2282 -47.03 51.46
2283 -31.36 51.78
2284 -4.9 55.12
2285 -0.21 21.62
2286 -58.9 35.48
2287 -46.79 54.05
2288 -61.87 65.75
2289 -12.61 22.71
2290 -29.59 8.3
2291 -17.49 39.59
2292 -13.81 55.92
2293 -41.69 2.86
2294 -19.11 7.49
2295 -10.37 53.78
2296 -46.31 30.88
2297 -61.86 7.47
2298 -38.77 6.87
2299 -61.99 6.74
2300 -28.36 43.67
2301 -13.15 41.72
2302 -29.78 0.78
2303 -46.06 59.94
2304 -62.18 5.17
2305 -59 58.67
2306 -11.79 5.29
2307 -61.22 10.49
2308 -58.87 5.12
2309 -12.61 16.43
2310 -49.73 11.98
2311 -22.38 22.99
2312 -9.98 30.05
2313 -16.44 18.24
2314 -4.5 48.75
2315 -26.42 57.95
2316 -13.2 32.86
2317 -13.17 19.1
2318 -13.04 22.5
2319 -27.67 59.23
2320 -31.42 54.74
2321 -60.04 20.67
2322 -10.68 22.73
2323 -27.85 34.78
2324 -30.73 3.55
2325 -15.54 40.47
2326 -63.46 14.47
2327 -24.04 37.92
2328 -35.69 7.44
2329 -35.71 20
2330 -11.95 40.19
2331 -52.58 62.13
2332 -15.23 4.67
2333 -27.17 45.27
2334 -38.5 7.8
2335 -42.06 34.37
2336 -55.04 3.92
2337 -26.66 15.62
2338 -29.92 45.25
2339 -48.8 34.03
2340 -8.5 40.18
2341 -54.65 43.86
2342 -61.31 5.96
2343 -58.92 58.21
2344 -12.21 10.52
2345 -30.23 8.15
2346 -49.81 3.68
2347 -53.88 62.33
2348 -41.6 65.04
2349 -52.36 15.05
2350 -28.94 14.1
2351 -63.55 7.95
2352 -23.57 63.51
2353 -42.76 3.73
2354 -37.76 33.02
2355 -7.2 5.08
2356 -28.47 46.27
2357 -31.75 41.37
2358 -33.58 23.78
2359 -13.82 4.2
2360 -12.35 25.31
2361 -8.51 44.05
2362 -40.39 62.16
2363 -40.73 62.39
2364 -56.97 15.99
2365 -9.62 6.61
2366 -14.56 19.91
2367 -17.42 7.17
2368 -56.42 17.66
2369 -30.2 39.7
2370 -44.79 28.18
2371 -53.97 37.4
2372 -12.77 7.26
2373 -10.56 65.25
2374 -3.45 25.87
2375 -51.18 24.38
2376 -47.95 61.32
2377 -37.01 39.21
2378 -35.61 22.34
2379 -17.86 57.26
2380 -63.87 6.1
2381 -5.53 27.48
2382 -14.17 57.96
2383 -55.14 2.48
2384 -42.18 4.59
2385 -12.29 19.34
2386 -36.26 20.97
2387 -7.75 0.27
2388 -65.52 49.03
2389 -8.9 63.83
2390 -22.21 48.49
2391 -43.81 39.6
2392 -12.81 49.69
2393 -51.55 60.34
2394 -51.6 27.94
2395 -34.04 3.41
2396 -10.41 29
2397 -0.48 19.1
2398 -21.58 4.1
2399 -8.69 35.14
2400 -54.48 63.76
2401 -64.26 0.51
2402 -46.3 24.74
2403 -53.29 51.53
2404 -49.37 45.82
2405 -7.83 62.19
2406 -15.31 51.1
2407 -34.79 31.16
2408 -25.51 7.64
2409 -35.59 20.35
2410 -23.76 56.63
2411 -19.63 49.15
2412 -2.25 13.7
2413 -17.8 20.11
2414 -55.25 3.35
2415 -1.12 6.02
2416 -6.53 23.25
2417 -27.51 44.9
2418 -30.43 52.83
2419 -12.17 14.8
2420 -56.51 13.8
2421 -44.43 65.52
2422 -30.68 51.34
2423 -58.99 13.22
2424 -33.57 35.71
2425 -26.35 28.58
2426 -57.25 36.86
2427 -50.56 45.98
2428 -45.62 59.51
2429 -62.86 47.88
2430 -53.9 14.39
2431 -17.17 43.5
2432 -1.92 39.95
2433 -26.78 44.68
2434 -39.01 32.36
2435 -25.68 18.47
2436 -17.99 9.04
2437 -60.39 4.11
2438 -62.86 28.2
2439 -63.91 53.38
2440 -61.48 30.43
2441 -1.29 24.26
2442 -49.77 52.73
2443 -46.24 31.37
2444 -13.26 29.39
2445 -23.3 22.63
2446 -45.65 46.68
2447 -20.64 40.47
2448 -64.68 47.58
