%%index real_part   imaginary_part
526 526 526
1 11.84 13.26
2 17.2 6.65
3 5.49 12.88
4 11.93 6.41
5 0.06 3.93
6 1.21 2.91
7 4.13 4.81
8 2.71 18.22
9 19.78 9.92
10 4.96 16.19
11 2.81 8.41
12 9.93 0.16
13 19.11 9
14 12.78 18.02
15 18.94 16.86
16 10.12 13.46
17 0.11 10.78
18 7.18 10.84
19 17.26 5.61
20 9.54 19.11
21 5.54 17.32
22 5.65 14.27
23 12.5 13.2
24 3.12 11.89
25 11.6 15.8
26 4.22 11.6
27 11.76 14.41
28 3.41 14.15
29 12.17 14.4
30 11.26 16.19
31 13.17 14.63
32 5.41 4.9
33 15.75 13.29
34 2.42 16.11
35 18.75 16.53
36 17.37 15.48
37 9.75 4.29
38 17.49 3.02
39 14.91 5.77
40 1.58 4.13
41 19.25 6.51
42 4.44 5.8
43 3.47 11.02
44 8.94 7.86
45 7.57 19.16
46 13.8 3.72
47 12.14 0.75
48 17.56 2.73
49 18.85 11.41
50 7.94 19.98
51 15.46 1.12
52 5.41 8.83
53 11.86 5.21
54 14.51 2.91
55 10.56 10.29
56 0.33 16.09
57 5.41 9.82
58 4.36 4.77
59 16.15 12.4
60 11.56 13.3
61 0.54 3.73
62 4.48 5.36
63 11.62 12.68
64 7.62 2.04
65 5.54 13.99
66 15.11 19.08
67 7.92 1
68 6.21 0.52
69 6.95 3.3
70 17.11 4.24
71 0.33 17.52
72 7.34 17.44
73 5.74 9.26
74 1.66 15.22
75 8.52 1.89
76 9.14 16.75
77 2.11 12.58
78 8.78 17.14
79 2.7 17.25
80 11.24 16.4
81 19.01 8.24
82 9.24 6.35
83 6.88 6.93
84 13.75 18.98
85 3.22 17.35
86 14.87 10.86
87 11.83 7.08
88 16.34 5.73
89 0.95 17.57
90 2.98 1.53
91 18.28 12.99
92 9.09 12.13
93 9.27 3.91
94 1.17 17.88
95 17.8 11.98
96 0.22 12.41
97 2.29 16.81
98 7.26 12.99
99 11.97 12.69
100 10.04 1.01
101 15.4 18.71
102 5.79 8.44
103 14.17 7.23
104 4.8 5.66
105 10.71 18.65
106 15.16 11.3
107 3.43 12.51
108 16.42 4.26
109 2.14 16.23
110 8.21 1.11
111 17.05 3.46
112 0.28 11.95
113 4.94 19.34
114 12.03 7.54
115 12.08 16.91
116 15.63 2.07
117 10.51 7.48
118 14.71 4.94
119 14.12 8.21
120 10.38 3.03
121 17.85 4.83
122 17.34 5.54
123 9.8 1.29
124 17.52 17.29
125 18.4 15.46
126 18.93 9.25
127 1.2 15.45
128 14.79 2.73
129 13.79 6.15
130 6.58 6.82
131 12.42 9.39
132 16.87 -5.73
133 10.68 -2.93
134 14.66 -15.1
135 1.65 -4.8
136 13.16 -5.04
137 14.11 -19.51
138 4.32 -10.5
139 7.79 -3.91
140 2.9 -1.84
141 11.09 -9.72
142 5.17 -5.35
143 11.6 -15.81
144 1.96 -19.97
145 10.31 -5.39
146 14.79 -12.07
147 17.8 -2.73
148 9.19 -15.18
149 10.29 -12
150 0.33 -3.85
151 12.42 -15.46
152 14.97 -13.49
153 7.51 -6.53
154 13.96 -19.29
155 4.65 -18.83
156 8.55 -0.38
157 5.73 -19.26
158 15.08 -13.72
159 17.21 -17.33
160 6.25 -0.56
161 12.63 -7.53
162 13.78 -4.56
163 3.26 -13.96
164 5.96 -2.97
165 10.35 -17.07
166 12.54 -9.81
167 6.82 -6.29
168 16.34 -7.51
169 10.33 -14.34
170 16.69 -10.3
171 14.21 -18.5
172 17.77 -5.24
173 2.48 -19.94
174 0.8 -16.37
175 16.93 -19.7
176 10.75 -10.57
177 15.13 -13.09
178 7.05 -4.53
179 11.03 -18.39
180 15.47 -16.53
181 6.35 -4.9
182 14.71 -11.53
183 2.56 -16.69
184 11.03 -11.05
185 4.87 -12.89
186 11.4 -7.72
187 16.48 -19.08
188 2.55 -12.69
189 9.06 -18.97
190 18.67 -3.35
191 17.44 -5.99
192 19.08 -12.94
193 0.99 -12.57
194 14.48 -9.65
195 9.71 -15.54
196 3.96 -13.47
197 5 -19.58
198 16.27 -18.67
199 13.24 -7.57
200 3.98 -7.31
201 18.55 -1.64
202 0.72 -15.38
203 8.07 -15.04
204 17.53 -6.79
205 13.66 -0.65
206 6.65 -19.72
207 12.66 -11.1
208 3.67 -9.25
209 2.43 -13.65
210 12.72 -1.68
211 15.15 -12.14
212 11.72 -16.68
213 18.88 -0.16
214 11.25 -11.51
215 18.82 -12.12
216 17.28 -15.23
217 14.14 -0.9
218 19.46 -18.01
219 8.32 -5.73
220 6.39 -16.99
221 16.71 -1.99
222 13.09 -13.04
223 5.81 -9.37
224 6.54 -0.29
225 1.97 -8.24
226 3.9 -19.26
227 19.47 -0.64
228 4.32 -19.14
229 10.66 -18.35
230 13.99 -15.57
231 14.33 -13
232 13.9 -11.28
233 12.81 -8.47
234 14.2 -13.36
235 13.87 -1.13
236 3.12 -0.59
237 17.15 -10.58
238 3.47 -19.74
239 3.55 -6.49
240 18.25 -10.02
241 12.8 -5.52
242 9.68 -2.16
243 4.82 -12.27
244 14.14 -14.01
245 9.58 -15.48
246 12.01 -8.14
247 2.94 -3.91
248 15.9 -5.91
249 2.8 -15.75
250 16.88 -10.11
251 14.22 -0.19
252 10.78 -3.53
253 6.79 -14.9
254 1.39 -14.25
255 7.79 -10.34
256 19.38 -19.64
257 5.32 -0.6
258 16.39 -9.06
259 3.07 -13.67
260 12.67 -14.06
261 2.2 -16.18
262 3.61 -4.68
263 -14.12 -5.14
264 -4.41 -19.52
265 -13.15 -0.44
266 -0.63 -4.81
267 -11.86 -10.89
268 -5.79 -11.41
269 -9.19 -18.65
270 -12.51 -10.7
271 -13.87 -0.5
272 -4.62 -11.89
273 -0.96 -2.71
274 -16.38 -1.02
275 -15.08 -7.55
276 -3.73 -9.06
277 -13.74 -0.8
278 -9.46 -10.87
279 -13.91 -7.86
280 -8.3 -13.87
281 -18.68 -7.06
282 -1.47 -12.46
283 -3.87 -10.55
284 -9.2 -7.27
285 -1.49 -16.58
286 -17.09 -1.72
287 -17.13 -15.36
288 -18.08 -1.71
289 -6.25 -18.09
290 -9.17 -17.98
291 -7.04 -4.85
292 -9.17 -16.42
293 -7.29 -4.31
294 -15.69 -18.63
295 -12.5 -4.72
296 -15.3 -7.52
297 -19.98 -14.71
298 -5.26 -16.78
299 -7.57 -7.37
300 -3.96 -17.98
301 -3.22 -9.06
302 -7.95 -4.57
303 -9.8 -0.36
304 -1.97 -6.03
305 -7.53 -16.06
306 -4.43 -14.66
307 -11.09 -18.1
308 -2.41 -13.61
309 -12.24 -1.9
310 -6.63 -18.1
311 -9.14 -8.27
312 -2.98 -1.93
313 -18.71 -9.12
314 -16.5 -8.24
315 -9.74 -9.8
316 -18.87 -3.98
317 -8.55 -12.97
318 -16.85 -6.82
319 -16.37 -18.35
320 -17.93 -2.34
321 -17.01 -3.9
322 -2 -5.89
323 -19.5 -8.1
324 -13.52 -7.93
325 -9.56 -15.26
326 -3.53 -0.15
327 -5.61 -18.7
328 -7.83 -10.03
329 -1.79 -7.84
330 -17.65 -7.85
331 -11.83 -11.54
332 -8.03 -16.52
333 -6.86 -3.9
334 -5.77 -4.88
335 -10.74 -6.75
336 -10.65 -3.71
337 -13.12 -7.75
338 -19.37 -16.18
339 -7.63 -12.62
340 -7.88 -12.9
341 -16.57 -17.19
342 -15.9 -14.94
343 -4.97 -2.18
344 -10.03 -7.25
345 -15.1 -6.77
346 -1.83 -7.68
347 -7.72 -10.45
348 -14.35 -9.86
349 -18.26 -18.1
350 -4.85 -3.64
351 -10.87 -9
352 -16.76 -19.02
353 -18.72 -3.99
354 -16.61 -19.65
355 -12.55 -6.36
356 -3.55 -8.02
357 -6.48 -9.13
358 -14.83 -2.97
359 -13.74 -11.45
360 -1.74 -4.86
361 -16.06 -12.36
362 -6.33 -3.57
363 -13.43 -3.78
364 -5.4 -0.68
365 -7.85 -15.21
366 -4.22 -10.25
367 -9.28 -18.72
368 -2.72 -4.5
369 -4.15 -8
370 -17.88 -2.85
371 -10.87 -0.23
372 -12.88 -4.96
373 -7.93 -17.35
374 -12.33 -7.71
375 -12.58 -5.2
376 -1.08 -14.07
377 -1.17 -12.16
378 -19.47 -7.42
379 -11.62 -18.12
380 -13.34 -4.87
381 -15.13 -19.47
382 -18.2 -17.56
383 -5.58 -7.93
384 -19.45 -0.92
385 -3.77 -9.73
386 -9.96 -17.34
387 -2.3 -18.17
388 -19.04 -2.84
389 -14.08 -13.75
390 -18.95 -14.89
391 -12.49 -10.18
392 -2.34 -3.56
393 -10.98 -13.66
394 -11.78 -1.81
395 -6.69 2.6
396 -2.08 8.64
397 -9.72 5.34
398 -16.79 3.8
399 -8.24 15.3
400 -8.56 16.24
401 -13.58 15.53
402 -17.22 18.52
403 -4.89 19.4
404 -13.16 16.27
405 -11.16 18.97
406 -9.15 15.63
407 -19.19 3.65
408 -0.83 15.01
409 -16.83 10.17
410 -16.3 16.14
411 -4.78 7.04
412 -15.9 1.9
413 -5.7 14.51
414 -13.33 12.69
415 -8.93 17.46
416 -12.99 1.89
417 -3.94 6.04
418 -5.44 10.22
419 -10.01 8.83
420 -11.32 2.12
421 -17.76 4.69
422 -8.35 3.99
423 -2.52 0.47
424 -14.17 12.7
425 -8.84 19.35
426 -9.91 10.47
427 -15.89 17.15
428 -11.66 9.33
429 -2.02 5.11
430 -2.57 8.51
431 -10.41 14.48
432 -0.52 19.08
433 -9.3 14.35
434 -6.7 9.48
435 -11.61 2.83
436 -7.53 1.54
437 -9.05 12.89
438 -16.88 15.88
439 -12.1 11.57
440 -14.45 11.05
441 -5.04 0.95
442 -18.1 4.36
443 -17.22 0.93
444 -9.56 13.28
445 -1.79 19.24
446 -17.24 12.13
447 -11.22 15.72
448 -13.59 17.76
449 -10.77 4.04
450 -6.88 3.81
451 -8.87 5.9
452 -2.31 14.41
453 -13.81 17.92
454 -13.02 19.19
455 -13.77 5.91
456 -10.38 7.47
457 -15.35 18.81
458 -3.27 8.48
459 -5.28 12.57
460 -15.34 16.35
461 -8.49 10.6
462 -6.32 12.58
463 -13.87 3.23
464 -10.79 3.44
465 -7.25 4.64
466 -14.06 1.19
467 -19.12 16.13
468 -17.57 16.37
469 -19.08 12.93
470 -2.37 10.59
471 -1.58 12.85
472 -15.19 12.75
473 -4.76 16.94
474 -13.03 1.98
475 -18.33 10.04
476 -4.16 8.37
477 -0.96 10.34
478 -13.57 10.49
479 -17.45 14.83
480 -19.47 7.89
481 -9.08 8.22
482 -7.87 17.05
483 -13.42 8.21
484 -4.66 5.45
485 -19.56 12.5
486 -8.88 10.55
487 -3.31 1.15
488 -1.61 4.07
489 -9.57 11.59
490 -5.15 14.64
491 -3.02 7.9
492 -18.25 9.32
493 -3.33 3.98
494 -18.81 15.34
495 -3.23 4.3
496 -12.52 1.8
497 -18.85 15.84
498 -7.57 0.4
499 -5.85 15.79
500 -8.29 12.23
501 -2.79 8.93
502 -10.08 0.69
503 -8.28 9.62
504 -4.73 15.21
505 -9.86 17.85
506 -5.76 9.88
507 -2.72 12.88
508 -0.38 4.01
509 -2.87 9.57
510 -13.87 19.19
511 -0.99 6.11
512 -1.95 6.4
513 -6.8 3.36
514 -19.15 9.52
515 -5.27 16.17
516 -5.1 10.96
517 -11.66 11.58
518 -4.72 18.71
519 -13.92 19.94
520 -1.32 9.45
521 -2.86 7.3
522 -0.18 7.08
523 -14.61 5.58
524 -15.16 0.56
525 -3.27 17.48
526 -7.11 12.55
