%%index real_part   imaginary_part
4661 4661 4661
1 50.89 50.29
2 15.38 28.99
3 47.89 20.2
4 48.65 48.11
5 42.97 2.6
6 36.76 10.31
7 30.48 42.53
8 27.82 1.57
9 49.92 34.58
10 0.29 4.86
11 5.41 42.8
12 30.5 45.38
13 40.04 32.51
14 29.5 18.01
15 5.36 0.58
16 18.39 8.14
17 37.13 23.77
18 11.49 1.29
19 49.41 33.03
20 3.15 27.67
21 37.98 40.38
22 50.43 7.43
23 9 16.46
24 18.56 26.26
25 31.12 26.44
26 36.76 18.86
27 31.76 36.54
28 36.57 15.26
29 0.8 19.8
30 39.9 33.59
31 41.73 6.16
32 49.45 25.81
33 27.11 46.38
34 27.41 8.94
35 36.61 44.04
36 32.42 50.08
37 5.51 42.11
38 6.57 50.37
39 44.15 14.51
40 8.47 25.14
41 11.52 42.8
42 27.34 45.24
43 8.5 43.28
44 11.09 31.43
45 13.02 9.3
46 34.98 18.51
47 44.33 22.27
48 16.65 51.95
49 8.9 19.44
50 31 11.59
51 9.67 13.03
52 3.15 30.94
53 29.31 15.19
54 49.22 29.24
55 2.38 21.47
56 12.27 5.7
57 50.94 33.42
58 24.71 7.13
59 38.56 26.96
60 3.79 35.8
61 21.83 19.1
62 41.37 6.29
63 6.25 14.16
64 1.12 6.02
65 37.13 15.15
66 47.7 32.12
67 11.06 46.81
68 29.52 50.85
69 47.62 40.38
70 29.37 26.74
71 32.44 17.52
72 50.95 41.64
73 16.29 50.9
74 45.39 23.66
75 26.98 22.37
76 41.47 49.18
77 22.99 48.81
78 10.98 30.84
79 4.38 29.24
80 11.91 31.62
81 11.75 41.52
82 3.85 7.62
83 25.99 22.81
84 30.71 33.37
85 8.11 21.61
86 39.14 27.6
87 36.76 8.08
88 26.5 38.09
89 29.27 1.05
90 23.42 39.41
91 4.11 4.25
92 1.06 32.41
93 30.77 27.11
94 4.35 31.56
95 11.19 2.68
96 44.2 16.27
97 43.41 22.94
98 13.27 15.57
99 48.94 36.92
100 6.54 11.51
101 39.11 24.57
102 0.17 13.2
103 18.81 43.4
104 44.45 26.68
105 14.09 48.08
106 0.33 35.4
107 35.33 18.21
108 12.84 20.91
109 20 14.11
110 16.79 17.19
111 0.98 31.19
112 21.65 28.51
113 44.08 44.39
114 29.32 2.44
115 13.95 8.54
116 33.11 3.38
117 36.1 20.59
118 31.51 33.29
119 27.49 2.91
120 50.99 43.48
121 46.4 9.1
122 46.83 18.84
123 7.27 29.74
124 11.37 7.67
125 24.87 27.27
126 25.98 28.16
127 24.19 45.37
128 37.77 47.63
129 17.6 16.27
130 44.33 34.61
131 5.51 51.07
132 39.18 25.44
133 6.73 41.61
134 44.52 18.69
135 10.18 1.74
136 10.85 11.03
137 49.39 4.58
138 34.32 5.68
139 13.36 24.18
140 51.46 45.69
141 41.37 5.75
142 51.12 44.96
143 8.12 13.56
144 49.35 4.41
145 39.02 25.72
146 24.79 41.68
147 34.65 12.05
148 1.66 11.98
149 30.67 8.9
150 10.65 13.7
151 24.73 40.85
152 12.96 21.5
153 46.7 41.64
154 13.83 47.28
155 8.5 8.06
156 33.33 32.81
157 25.77 49.87
158 30.96 32.46
159 4.39 33.89
160 7.61 47.83
161 37.52 10.94
162 22.99 32.41
163 11.91 39.69
164 48.59 24.66
165 38.36 42.58
166 50.96 7.24
167 28.74 30.62
168 20.26 11.92
169 26.72 42.97
170 51.03 34.09
171 14.9 35.22
172 0.62 51.89
173 51.87 8.2
174 42.09 51.1
175 46.93 4.26
176 15.2 49.71
177 49.64 51.97
178 39.66 5.72
179 49.9 29.07
180 39.17 36.26
181 43.5 3.78
182 34.4 38.13
183 17.57 39.77
184 30.74 22.19
185 4.28 11.82
186 47.04 49.29
187 49.18 38.71
188 46.91 15.18
189 14.28 49.05
190 20.84 4.52
191 21.75 28.74
192 28.71 3.56
193 9.28 38.91
194 15.98 16.38
195 20.16 7.18
196 10.97 3.16
197 8.81 11.66
198 18.95 12.89
199 35.08 45.91
200 5.73 17.21
201 14.51 6.89
202 13.12 20.29
203 35.48 31.21
204 47.79 8.03
205 32.07 17.28
206 46.02 16.63
207 20.19 1.83
208 40.74 42.26
209 6.64 49
210 4.18 24.25
211 27.41 46.32
212 25.5 34.67
213 47.57 3.74
214 49.65 44.46
215 9.67 50.17
216 5.06 3.38
217 23.68 43.7
218 22.92 18.18
219 45.73 26.68
220 43.96 18.71
221 2.86 25.81
222 47.16 5.51
223 47.77 23.05
224 20.05 3.42
225 27.67 21.93
226 16.25 43.76
227 45.95 22.6
228 26.35 41.75
229 34.21 9.04
230 7.22 43.52
231 46.91 11.41
232 22.63 31.8
233 49.99 38.11
234 12.79 13.07
235 51.3 11.24
236 4.57 4.75
237 10.26 2.16
238 44.74 51.73
239 3.16 25.55
240 47.48 12.79
241 24.07 50.35
242 20.96 11.73
243 21.01 18.03
244 27.07 14.83
245 6.35 22.74
246 34.15 1.81
247 33.62 20.78
248 6.89 24.31
249 37.38 31.61
250 10.37 19.68
251 43.96 36.69
252 38.85 14.95
253 14.68 21.74
254 47.3 51.11
255 11.91 37.36
256 3.24 10.3
257 22.04 3.5
258 41.05 43.72
259 6.55 43.05
260 13.79 16.13
261 37.46 32.42
262 20.73 15.47
263 39.78 19.08
264 18.21 47.14
265 14.83 44.68
266 29.37 28.59
267 43.54 26.31
268 48.05 35.75
269 34.86 25.74
270 30.63 10.87
271 21.18 14.29
272 37.32 33.87
273 25.59 10.74
274 1.79 26.37
275 10.02 51.66
276 51.6 35.1
277 18.09 47.49
278 34.09 20.33
279 15.48 25.39
280 18.08 0.31
281 28.9 49.83
282 24.14 14.97
283 50.72 39.96
284 13.7 39.71
285 18.11 1.11
286 34.92 44.33
287 26.2 39.29
288 17.55 20.24
289 14.14 19.31
290 18.97 19.34
291 21.96 24.16
292 39.17 18.58
293 38.91 40.06
294 13.45 21.27
295 21.58 21.91
296 19.74 51.05
297 14.03 18
298 5.96 11.4
299 18.64 32.27
300 33.38 39.18
301 31.52 36.75
302 43.56 35.83
303 23.59 25.24
304 44.56 9.11
305 47.97 37.73
306 29.42 11.53
307 30.11 17.93
308 25.51 36.11
309 5.38 36.55
310 6.46 6.49
311 5.54 46.48
312 12.48 45.73
313 5.13 19.57
314 19.37 37.96
315 25.15 43.29
316 28.04 0.75
317 4.1 24.19
318 49.43 39.12
319 48.23 27.7
320 32.95 9.51
321 40.57 44.2
322 29.66 10.37
323 46.49 38.2
324 22.75 22.69
325 48.7 19.39
326 33.4 48.74
327 9.99 2.25
328 41.34 45.88
329 51.37 15.12
330 25.94 8.71
331 28.99 24.52
332 16.23 1.98
333 41.11 33.09
334 28.31 33.18
335 42.7 4.86
336 16.59 9.27
337 39.16 31.27
338 36.99 46.25
339 36.46 1.17
340 20.57 7.75
341 24.01 33.17
342 2.94 1.97
343 15.37 34
344 16.64 11.8
345 20.52 34.26
346 26.3 42.58
347 12.09 17.03
348 17.64 42.53
349 23.72 20.72
350 25.58 45.96
351 22.75 33.94
352 32.73 42.17
353 3.94 9.91
354 30.61 17.72
355 44.99 7.93
356 41.1 51.18
357 20.67 36.52
358 38.04 44.04
359 3.84 3.56
360 37.83 2.69
361 12.79 43.88
362 28.43 31.65
363 22.19 44.4
364 13.12 46.08
365 7.56 13.43
366 14.89 6.23
367 15.92 30.31
368 7.74 47.62
369 32.86 19.87
370 47.32 38.35
371 5.05 25.86
372 29.9 36.42
373 47.98 45.24
374 48.81 15.95
375 38.16 19.34
376 30.75 2.16
377 33.81 50.95
378 43.36 7.18
379 1.26 23.52
380 4.47 24
381 30.23 28.34
382 26.17 19.36
383 14.98 46.16
384 33.55 1.44
385 39.79 15.37
386 8.75 28.87
387 32.81 12.37
388 5.61 38.65
389 2.6 28.79
390 15.65 21.94
391 43.62 40.76
392 7.24 46.4
393 1.59 44.96
394 36 50.6
395 22.6 22.37
396 50.72 40.48
397 7.84 20.36
398 34.04 44.41
399 45.85 42.35
400 5.72 15.59
401 11.98 33.65
402 13.54 14.47
403 20.64 44.79
404 41.1 19.15
405 8.62 42.77
406 31.53 4.75
407 18.68 19.76
408 12.72 6.29
409 4.89 20.27
410 42.64 16.25
411 4.73 47.02
412 34.9 8.88
413 1.3 32.09
414 22.44 16.94
415 0.05 47.15
416 48.32 47.68
417 29.67 12.03
418 24.34 9.86
419 48.54 17.84
420 8.61 32.96
421 5.23 24.68
422 44.44 7.66
423 13.96 23.91
424 44.18 24.69
425 40.94 38.37
426 0.91 2.35
427 11.23 13.19
428 45.28 35.81
429 20.27 32.05
430 27.21 35.25
431 50.45 20.32
432 51.87 43.05
433 0.92 47.65
434 13.49 24.21
435 24.69 16.98
436 41.66 22.1
437 49.28 29.93
438 1.84 1.62
439 26.31 11.24
440 49.62 13.55
441 15.9 34.77
442 47.96 50.53
443 1.87 46.65
444 26.71 8.77
445 44.02 22.14
446 9.99 21.44
447 12.49 42.47
448 5.64 9.86
449 1.6 32.93
450 49.91 19.13
451 8.75 26.29
452 4.22 7.09
453 8.72 6.04
454 17.28 25.59
455 39.14 2.55
456 37.33 34.42
457 0.48 22.56
458 17.21 0.81
459 9.58 2.35
460 44.01 11.44
461 0.4 1.6
462 11.6 2
463 11.87 32.42
464 13.35 17.24
465 3.9 32.99
466 7.28 30.79
467 5.4 12.65
468 18.69 31.03
469 4.62 14.12
470 36.2 3.5
471 37.92 11.28
472 33.84 21.53
473 22.34 38.4
474 8.27 51.05
475 30.02 31.93
476 1.05 0.29
477 2.29 30.42
478 10.84 32.17
479 16.94 33.68
480 14.67 43.72
481 42.03 20.84
482 33.49 41.48
483 20.51 47.43
484 29.08 19.71
485 23.21 44.65
486 3.93 13.28
487 2.33 9.13
488 15.06 5.29
489 23.86 44.19
490 43.64 23.33
491 43.14 1.88
492 51.83 44.7
493 44.39 45.44
494 46.64 10.67
495 21.91 9.33
496 30.17 28.84
497 37.84 11.94
498 26.9 31.19
499 50.9 6.35
500 18.52 3.98
501 36.78 41.63
502 18.28 41.97
503 47.26 39.11
504 50.82 33.34
505 24.2 38.64
506 40.53 42.47
507 2.69 15.34
508 28.3 40.36
509 18.55 47.08
510 4.42 42.47
511 19.31 40.47
512 19.93 2.11
513 33.3 5.15
514 31.02 46.83
515 18.33 51.72
516 41.35 17.06
517 26.55 3.11
518 9.74 7.64
519 40.98 21.81
520 8.45 8.57
521 18.56 32.7
522 48.05 16.5
523 24.38 21.25
524 16.33 43.87
525 34.34 42.94
526 50.93 40.27
527 42.39 21.17
528 26.32 18.86
529 33.22 43.21
530 42.94 24.86
531 9.44 51.55
532 22.19 32.29
533 39.93 35.99
534 25.32 31.93
535 8.02 48.44
536 48.66 1.3
537 17.8 46.1
538 15.35 44.71
539 36.59 9.71
540 20.17 51.21
541 7 38.45
542 7.63 19.1
543 5.48 16.91
544 8.13 1.47
545 26.34 38.7
546 5.78 51.07
547 50.88 3.3
548 39.3 27.97
549 27.42 38.82
550 2.78 12.62
551 13.92 2.97
552 49.07 51.44
553 11.68 51.25
554 8.96 31.95
555 50.68 15.79
556 2.24 29.13
557 15.75 5.68
558 22.6 9.87
559 11.35 40.75
560 27.46 30.73
561 49.32 5.21
562 8.51 0.76
563 48.25 48.2
564 2.54 15.33
565 27.96 43.19
566 46.16 5.32
567 24.29 9.4
568 28.17 10.76
569 42.71 35.97
570 51.76 4.65
571 1.3 8.91
572 14.59 2
573 31.4 17.05
574 5.81 4.71
575 35.44 10.27
576 15.48 0.79
577 21.07 0.28
578 48.49 43.51
579 6.85 17.32
580 8.51 51.03
581 23.88 2.33
582 11.73 22.2
583 32.96 48.17
584 51.66 7.43
585 12.08 43.19
586 0.1 18.94
587 20.94 13.39
588 49.96 14.69
589 19.41 19.86
590 30.13 23.29
591 24.08 22.37
592 42.18 13.13
593 4.65 12.67
594 29.99 38.67
595 5.22 31.02
596 33.35 38.51
597 8.71 48.62
598 12.31 12.6
599 20.03 9.19
600 0.38 11.97
601 30.91 51.64
602 13.03 0.48
603 34.69 19.38
604 6.76 30.51
605 1.81 21.62
606 11.52 36.9
607 17.55 45.41
608 6.09 1.7
609 7.89 22.2
610 1.22 36.08
611 42.11 13.11
612 29.26 2.09
613 14.7 18.34
614 27.53 41.57
615 21.07 34.73
616 34.37 47.43
617 15.43 19.5
618 38.88 14.92
619 12.96 50.13
620 39.27 13.17
621 50.07 14.77
622 27.7 50.79
623 0.49 15.62
624 5.35 33.79
625 37.4 8.38
626 41.02 26.09
627 28.19 47.03
628 13.38 18.28
629 27.37 42.89
630 45.14 8.43
631 3.87 48.44
632 15.95 47.04
633 9.96 38.82
634 36.95 22.35
635 35.52 42.44
636 5.21 43.75
637 42.54 1.11
638 36.26 32.92
639 34.23 10.56
640 18.94 9.13
641 35.22 39.15
642 34.19 27.48
643 13.28 30.93
644 21.82 15.09
645 23.52 40.66
646 4.62 34.49
647 29.53 46.91
648 33.74 40.09
649 10.45 7.01
650 49.46 38.21
651 29.96 13.49
652 34.13 22.19
653 22.63 40.03
654 50.59 37.91
655 14.56 4.87
656 11.54 37.05
657 12.54 17.3
658 48.24 45.73
659 8.82 25.82
660 34 37.58
661 20.07 51.87
662 14.3 38.63
663 26.72 17.12
664 24.14 15.56
665 21.3 4.69
666 37.71 41.12
667 11.31 18.78
668 6.81 19.84
669 25.27 1.47
670 6.34 5.4
671 9.98 39.83
672 5.13 17.88
673 31.14 22.52
674 15.86 1.37
675 6.48 7.48
676 26.87 49.87
677 4.02 26.55
678 11.2 41.18
679 24.26 30.74
680 2.96 2.86
681 43.98 13.08
682 31.87 40.67
683 28.03 22.81
684 24.28 38.68
685 11.61 1.3
686 8.65 50.14
687 35.55 21.59
688 11.63 33.3
689 2.2 14.69
690 22.17 27.49
691 44.88 8.68
692 2.75 16.57
693 5.75 48.9
694 27.65 13.95
695 16.81 49.53
696 10.62 50.13
697 38.8 28.31
698 51.13 42.49
699 48.69 14.83
700 35.65 42.93
701 41.08 8.3
702 49.41 11.82
703 45.12 44.15
704 6.84 9.04
705 36.54 47.32
706 4 48.53
707 13.1 29.42
708 45.85 26.28
709 40.23 38.37
710 3.43 41.02
711 39.15 24.57
712 20.4 14.05
713 24.06 25.95
714 8.3 39.05
715 29.99 40.27
716 16.1 11.47
717 23.29 38.59
718 30.74 13.51
719 22.56 35.93
720 50.78 5.1
721 1.63 26.62
722 23.56 22.3
723 48.58 34.26
724 40.15 17.41
725 6.43 4.34
726 48.43 43.58
727 25.15 45.58
728 39.05 16.83
729 3.89 16.73
730 5.01 14.87
731 26.34 33.88
732 39.99 21.11
733 34.62 17.15
734 20.61 18.73
735 23.83 24.7
736 18.84 19.39
737 41.69 44.98
738 27.24 42.41
739 27.34 38.28
740 10.14 34.92
741 26.5 33.78
742 46.88 6.57
743 23.4 19.18
744 35.91 1.46
745 16.33 27.29
746 28.69 8.44
747 29.55 10.2
748 46.87 16.68
749 2.93 31.7
750 23.92 35
751 2.39 26.76
752 19.75 42.77
753 33.18 11.61
754 49.89 14.51
755 16.95 28.04
756 9.82 27.55
757 34.12 43.46
758 30.16 24.23
759 45.21 5.52
760 0.34 33.59
761 42.04 29.06
762 6.78 48.55
763 32.76 39.11
764 38.33 1.66
765 36.66 35.69
766 29.98 10.26
767 1.03 6.58
768 18.19 17.25
769 51.28 1.73
770 29.77 35.6
771 11.15 16.24
772 27.22 7.12
773 50.87 45.27
774 18.31 5.38
775 6.49 44.08
776 21.14 38.17
777 2.25 48.53
778 3.17 27.93
779 49.11 35.01
780 38.22 41.5
781 51.76 1.29
782 27.39 16.2
783 0.97 0.79
784 22.04 45.58
785 48.7 0.26
786 16.5 51.82
787 6.94 7.85
788 20.64 43.72
789 16.62 25.33
790 17.41 6.48
791 12.17 23.11
792 39.17 6.07
793 1.52 14.42
794 16.95 42.34
795 51.36 50.63
796 19.45 3.18
797 38.9 51.13
798 19.44 46.84
799 40.43 7.4
800 7.66 41.49
801 8.83 4.65
802 12.51 43.68
803 2.92 35.29
804 8.62 0.67
805 26.67 39.06
806 10.17 45.55
807 51.62 38.85
808 20.79 16.86
809 26.72 1.15
810 19.3 37.75
811 8.45 26.09
812 44.74 6.27
813 1.12 14.87
814 22.27 31.7
815 40.71 9.07
816 13.72 49.45
817 41.13 49.54
818 0.35 45.75
819 46.43 11.57
820 50.63 28.49
821 22.04 21.1
822 27.47 28.33
823 45.19 41.19
824 9.86 48.27
825 1.54 39.44
826 33.05 29.16
827 35.44 9.99
828 44.38 45.31
829 25.01 4.08
830 13.15 14.66
831 31.63 13.73
832 30.79 26.87
833 20.63 20.77
834 51.86 50.67
835 27.16 34.58
836 23.2 50.5
837 26.83 49.21
838 38.4 50.68
839 46.95 39.54
840 26.98 15.78
841 44.94 16.01
842 26 8.03
843 1.34 47.9
844 19.5 37.9
845 0.56 45.88
846 27.13 32.65
847 7.53 51.72
848 40.01 5.92
849 24.11 47.68
850 30.26 39.87
851 38.37 51.28
852 16.01 1.46
853 19.66 13.2
854 0.75 21.93
855 37.71 34.13
856 50.14 27.73
857 3.29 50.17
858 46.08 43.66
859 29.57 24.15
860 18.03 33.1
861 13.76 49.65
862 49.37 45.16
863 18.61 40.81
864 36.49 37.38
865 25.26 10.24
866 9.52 34.27
867 3.25 11.63
868 44.36 25.53
869 47.46 22.92
870 5.05 45.11
871 40.36 33.17
872 31.35 3.2
873 46.86 11.17
874 2.85 44.95
875 26.05 43.95
876 41.61 20.88
877 33.57 7.33
878 48.14 38.98
879 24.37 19.7
880 29.94 0.15
881 1.94 17.15
882 48.3 6.99
883 32.52 5.2
884 28.12 40.66
885 1.29 47.51
886 48.2 0.69
887 23.41 9.18
888 39.87 27.55
889 40.02 37.8
890 29.75 42.72
891 31.13 33.6
892 40.93 19.36
893 25.87 32.22
894 51.92 37.08
895 4.75 17.76
896 34.91 49.38
897 4.37 6.7
898 11.9 31.21
899 39.4 4.42
900 19.45 7.54
901 27.75 40.69
902 17.39 15.65
903 10.73 51.17
904 36.97 5.27
905 47.99 50.75
906 32.35 34.24
907 21.13 46.64
908 26.86 40.81
909 45.41 47
910 12.76 46.3
911 43.69 50.16
912 4.86 15.19
913 46.4 15.58
914 20 36.28
915 11.34 1.32
916 9.54 39.45
917 22.63 39.1
918 38.27 26.93
919 51.72 33.36
920 32.11 42.76
921 25 47.72
922 9.88 31.99
923 20.8 46.13
924 8.65 36.75
925 31.05 33.73
926 31.89 21.41
927 4.12 42.26
928 5.85 4.28
929 40.56 50.53
930 19.37 45.37
931 0.35 19.43
932 6.53 28.91
933 3.85 22.98
934 23.86 12.32
935 22.6 3.57
936 18.81 23.49
937 3.48 15.12
938 28.78 28.7
939 32.97 43.8
940 45.05 37.43
941 26.37 31.54
942 21.81 24.95
943 29.23 30.49
944 48.54 47.18
945 40.55 37.31
946 4.74 15.92
947 44.83 8.42
948 50.92 30.79
949 43.11 16.2
950 39.3 22.78
951 13.8 33.23
952 48.36 25.63
953 21.85 17.28
954 28.61 25.14
955 10.57 2.82
956 1.89 21.66
957 14.13 36.94
958 15.44 23.7
959 18.88 10.88
960 48.2 31.5
961 47.42 26.95
962 2.9 20.46
963 51.26 7.78
964 43.5 1.82
965 44.13 9.89
966 43.13 30.8
967 23.96 5.93
968 42.73 39.49
969 32.15 13.33
970 16.16 38.86
971 28.05 42.72
972 47.19 18.05
973 9.27 9.7
974 20.59 30.15
975 9.65 28.15
976 22.62 16.79
977 4.77 24.6
978 32.38 25.52
979 46.87 23.55
980 33.45 43.4
981 22.21 6.52
982 12.45 44.1
983 51.11 13.69
984 27.02 22.7
985 29.09 31.26
986 41.5 10.7
987 48.27 5.14
988 14.84 36.69
989 34.36 5.54
990 1.21 2.95
991 39.26 11.54
992 36.14 43.36
993 16.88 44.04
994 15.59 36.04
995 27.44 31.27
996 37.79 16.56
997 28.18 17.17
998 30.86 17.76
999 7.99 27.29
1000 26.07 25.41
1001 36.11 37.08
1002 9.74 15.58
1003 19.79 51.91
1004 5.45 44.1
1005 47.06 21.68
1006 33.22 26.19
1007 17.55 1.84
1008 45.88 36.88
1009 20.92 1.95
1010 0.75 29
1011 45.56 15.88
1012 33.06 6.06
1013 23.83 41.27
1014 16.56 31.44
1015 4.85 51.34
1016 36.42 42.64
1017 25.74 8.49
1018 8.4 13.68
1019 25.3 13.05
1020 34.73 33.37
1021 27.08 39.88
1022 41.73 15.95
1023 0.83 12.15
1024 33.63 35.61
1025 32.13 41.27
1026 5.16 34.38
1027 40.44 45.22
1028 34.49 5.74
1029 37.18 31.79
1030 31.13 18.57
1031 28.73 9.56
1032 18.05 35.07
1033 16.27 2.47
1034 15.53 45.97
1035 27.34 41.58
1036 48.98 17.78
1037 33.74 2.43
1038 34.1 38.71
1039 41.85 2.09
1040 10.89 15.73
1041 50.11 21.98
1042 15.2 35.57
1043 41.31 6.08
1044 37.87 17.21
1045 35.79 26.49
1046 36.05 17.01
1047 19.6 12.52
1048 34.52 21.62
1049 15.59 35.88
1050 44.98 50.05
1051 35.35 10.46
1052 12.89 41.96
1053 28.68 17.09
1054 38.71 46.99
1055 30.25 38.05
1056 8.03 17.12
1057 0.69 28.36
1058 34.44 42.76
1059 7.97 42
1060 36.01 39.84
1061 4.85 11.28
1062 23.81 39.59
1063 9.21 43.97
1064 27.85 6.33
1065 23.9 24.81
1066 2.79 40.35
1067 30.32 7.25
1068 43.87 15.68
1069 30.19 26.52
1070 12.57 50.1
1071 15.22 27.96
1072 4.33 40.12
1073 30.88 35.43
1074 25.43 6.29
1075 46.13 6.38
1076 17.66 9.44
1077 16.55 18.5
1078 10.48 8.99
1079 34.84 25.77
1080 18.1 5.85
1081 46.21 26.26
1082 1.04 20.89
1083 4.09 44.05
1084 18.57 12.43
1085 30.05 1.8
1086 29.77 31.14
1087 19.26 12.79
1088 48.22 1.62
1089 7.91 17.67
1090 24.05 21.65
1091 50.61 21.57
1092 7.59 9.23
1093 37.75 15.17
1094 8.46 18.07
1095 43.45 40.11
1096 14.38 46.08
1097 14.97 5.18
1098 49.23 34.94
1099 14.89 38.58
1100 40.38 35.32
1101 14.46 44.94
1102 5.73 37.67
1103 39.29 1.24
1104 18.91 1.95
1105 43.12 47.21
1106 36.3 10.48
1107 39.24 9.25
1108 43.94 43.89
1109 29.49 44.51
1110 32.62 0.4
1111 14 40.46
1112 45.64 14.52
1113 49.46 28.97
1114 35.07 10.39
1115 45.71 12.35
1116 24.81 23.46
1117 9.13 27.69
1118 28.93 30.54
1119 0.01 15.95
1120 30.68 47.85
1121 25.85 43.13
1122 19.91 14.98
1123 6.87 13.09
1124 5.6 11.85
1125 31.78 3.88
1126 44.34 5.75
1127 20.27 45.78
1128 42.28 37.98
1129 15.89 37.26
1130 17.13 25.35
1131 16.33 9.6
1132 37.29 41.95
1133 20.49 44.99
1134 8.94 14.23
1135 29.6 20.51
1136 31.16 39.62
1137 22.12 3.45
1138 36.07 51.07
1139 10.93 28.99
1140 0.4 41.67
1141 47.42 10.23
1142 4.01 44.74
1143 30.73 35.22
1144 20.48 13.81
1145 39.17 14.14
1146 23.75 37.61
1147 27.56 23.02
1148 16.01 28.56
1149 42.79 15.58
1150 3.61 44.47
1151 51.61 39.91
1152 43.37 34.77
1153 33.85 21.73
1154 18.25 27.44
1155 36.63 12.3
1156 42.05 18.65
1157 11.39 51.58
1158 34.8 46.06
1159 27.4 9.64
1160 23.79 3.28
1161 8.41 34.09
1162 5.11 15.06
1163 43.62 3.5
1164 19.08 40.65
1165 0.64 1.94
1166 41.85 -22.69
1167 24.98 -0.26
1168 21.99 -0.74
1169 47.7 -26.35
1170 6.17 -40.24
1171 26.41 -32.34
1172 51.44 -48.22
1173 9.81 -37.81
1174 14.97 -34.24
1175 5.04 -37.21
1176 19.3 -38.76
1177 1.82 -13.45
1178 36.47 -43.93
1179 32.58 -12.97
1180 14.91 -3.55
1181 45.76 -33.23
1182 1.01 -4.76
1183 5.51 -38.27
1184 32.14 -23
1185 30.77 -20.73
1186 1.07 -38.32
1187 34.54 -5.18
1188 10.51 -20.03
1189 2.27 -11.87
1190 49.08 -45.01
1191 31.77 -26.83
1192 7.81 -35.9
1193 27.84 -1.12
1194 14.09 -44.28
1195 15.36 -27.94
1196 28.69 -29
1197 1.28 -28.64
1198 14.91 -29.7
1199 20.23 -26.31
1200 47.05 -47.06
1201 0.9 -18.52
1202 43.22 -15.64
1203 35.68 -2.96
1204 14.84 -1.74
1205 46.75 -5.47
1206 32.31 -31.44
1207 15.35 -46.04
1208 14.68 -40.12
1209 32.4 -10.71
1210 6.17 -48.29
1211 44.81 -15.28
1212 43.93 -34.87
1213 32.09 -46.1
1214 39.93 -6.84
1215 21.42 -0.32
1216 18.84 -34.98
1217 18.15 -22.32
1218 44.81 -10.07
1219 31.33 -1.83
1220 7.3 -7.65
1221 39.09 -45.6
1222 7.16 -39.61
1223 47.25 -21.96
1224 32.67 -21.85
1225 18.14 -47.18
1226 10.46 -38.85
1227 41.24 -30.48
1228 24.58 -2.39
1229 28.76 -21.33
1230 41.18 -12.51
1231 15.02 -17.7
1232 7.55 -8.02
1233 37.61 -33.17
1234 2.52 -0.36
1235 8.01 -16.94
1236 10.54 -9.82
1237 16.96 -14.62
1238 36.59 -37.23
1239 7.08 -12.21
1240 26.91 -36.78
1241 23.63 -44.74
1242 23.22 -37.38
1243 7.29 -32.39
1244 1.73 -15.32
1245 47.36 -3.57
1246 21.28 -42.91
1247 18.45 -29.9
1248 11.07 -28.83
1249 29.19 -4.07
1250 21.01 -13.59
1251 42.93 -4.72
1252 19.34 -51.08
1253 36.31 -7.89
1254 39.63 -3.93
1255 40.72 -10.91
1256 23.17 -34.06
1257 19.44 -31.87
1258 12.27 -13.92
1259 29.24 -46.26
1260 49.83 -33.52
1261 24.43 -44.12
1262 22.02 -19.11
1263 15.46 -42.88
1264 46.95 -33.09
1265 14.2 -44.65
1266 49.37 -35.49
1267 2.09 -5.14
1268 32.55 -36.24
1269 40.17 -5.92
1270 16.83 -39.7
1271 21.77 -48.41
1272 28.29 -40
1273 1.92 -8.73
1274 2.99 -8.08
1275 41.6 -50.69
1276 42.81 -20.35
1277 6.98 -14.03
1278 24.43 -12.84
1279 13.45 -22.45
1280 34.62 -38.91
1281 22.4 -47.18
1282 0.32 -51.52
1283 35.76 -44.01
1284 49.93 -0.39
1285 7.62 -23.93
1286 39.87 -34.28
1287 22.28 -48.91
1288 5.64 -16.16
1289 24.24 -43.73
1290 9.94 -28.16
1291 16.03 -13.84
1292 47.39 -20.27
1293 33.11 -23.01
1294 12.98 -19.82
1295 26.25 -14.09
1296 9.27 -47.61
1297 47.13 -16.17
1298 8.18 -29.11
1299 29.5 -30.89
1300 22.34 -6.11
1301 40.39 -4.64
1302 1.55 -10.21
1303 45.89 -30.2
1304 41.45 -7.2
1305 2.88 -37.65
1306 51.49 -18.91
1307 39.18 -18.91
1308 9.44 -14.4
1309 1.75 -39.82
1310 1.91 -22.43
1311 18.04 -28
1312 44.18 -11.18
1313 40.29 -32.69
1314 31.1 -19.88
1315 26 -37.31
1316 9.48 -1.44
1317 31.18 -33.91
1318 31.63 -11.03
1319 37.75 -25.07
1320 10.73 -21.08
1321 7.51 -40.63
1322 27.06 -29.74
1323 44.15 -46.7
1324 34.52 -36.51
1325 6.94 -13.42
1326 8.94 -3.95
1327 15.13 -44.5
1328 25.19 -20.64
1329 40.53 -22.94
1330 27.77 -4.29
1331 25.25 -34.05
1332 15.96 -37.25
1333 48.29 -4.43
1334 49.03 -15.12
1335 3.72 -1.56
1336 9.72 -7.76
1337 5.02 -11.24
1338 5.94 -36.78
1339 40.81 -16.69
1340 30.11 -7.98
1341 11.93 -47.75
1342 7.77 -39.06
1343 27.22 -46.58
1344 37.04 -32.96
1345 4.77 -15.75
1346 49.8 -12.81
1347 17.59 -30.03
1348 1.98 -33.29
1349 15.93 -33.4
1350 34.96 -51.01
1351 26.29 -19.65
1352 30.89 -44.68
1353 48.99 -31.32
1354 48.01 -4.35
1355 31.85 -37.8
1356 1.08 -45.65
1357 0.23 -11.3
1358 5.88 -8.85
1359 9.34 -27.45
1360 43.21 -42.92
1361 23.26 -33.63
1362 31.18 -8.53
1363 9.34 -40.85
1364 41.77 -33.17
1365 51.7 -25.27
1366 44.93 -44.25
1367 36.94 -26
1368 5.32 -43.34
1369 15.22 -1.45
1370 39.25 -20.85
1371 34.02 -47.07
1372 6.38 -7.85
1373 16.71 -34.25
1374 9.71 -31.78
1375 42.23 -45.57
1376 27.2 -20.44
1377 48.49 -13.49
1378 21.86 -6.39
1379 7.08 -5.84
1380 50.63 -11.63
1381 3.88 -6.78
1382 32.78 -43.56
1383 2.43 -8.34
1384 9.79 -5.62
1385 46 -17.65
1386 32.24 -16.57
1387 24.42 -28.02
1388 10.28 -6.14
1389 37.93 -8.65
1390 2.22 -39.51
1391 27.47 -28.16
1392 9.17 -48.95
1393 22.86 -43.48
1394 49.32 -50.55
1395 10.18 -29.94
1396 36.72 -47.96
1397 7.04 -33.58
1398 9.45 -37.03
1399 42.65 -9.47
1400 46.64 -38.76
1401 3.33 -4.17
1402 32.2 -46.41
1403 0.55 -27.76
1404 36.41 -10
1405 49.51 -6
1406 1.68 -6.16
1407 3.11 -44.5
1408 35.98 -10.85
1409 9.4 -25.97
1410 23.43 -0.83
1411 16.31 -39.1
1412 40.21 -27.67
1413 12.7 -23.35
1414 0.35 -49.66
1415 36.42 -22.88
1416 27.05 -14.51
1417 8.92 -7.28
1418 35.04 -7.25
1419 17.25 -9.48
1420 15.48 -38.97
1421 45.13 -34.28
1422 46.3 -36.69
1423 47.54 -15.76
1424 9.25 -30.29
1425 50.64 -24.47
1426 31.09 -32.68
1427 27.88 -14.95
1428 38.3 -19.3
1429 36.48 -40.58
1430 30.98 -6.17
1431 20.69 -40.43
1432 47.71 -25.56
1433 32.81 -29.61
1434 39.09 -50.27
1435 37.24 -17.59
1436 19.39 -22.1
1437 6.79 -49.9
1438 33.18 -13.7
1439 11.51 -21.85
1440 46.32 -42.44
1441 42.64 -10.15
1442 25.1 -25.42
1443 12.24 -18.52
1444 26.63 -30.92
1445 4.62 -48.73
1446 37.16 -5.61
1447 50.69 -25.31
1448 2.92 -0.39
1449 50.66 -51.03
1450 36.14 -9.54
1451 51.16 -3.42
1452 1.32 -3.53
1453 36.75 -5.95
1454 47.32 -34.51
1455 44.47 -15.78
1456 45.45 -9.17
1457 2.11 -35.11
1458 21.16 -38.07
1459 36.52 -14.35
1460 30.6 -15.31
1461 40.44 -41.14
1462 14.45 -35.28
1463 35.67 -39.14
1464 38.17 -36.89
1465 46.43 -1.85
1466 5.28 -22.31
1467 25.84 -45.59
1468 19.06 -26.12
1469 28.15 -30.12
1470 13.42 -33.91
1471 43.08 -20.62
1472 23.26 -6.88
1473 44.95 -45.19
1474 27.06 -11.94
1475 27.25 -29.47
1476 18.61 -5.67
1477 8.47 -15.69
1478 2.83 -0.58
1479 37.48 -44.15
1480 46 -41
1481 11.31 -51.43
1482 12.55 -18.8
1483 44.93 -4.68
1484 34.8 -51.13
1485 33.04 -21.08
1486 9.23 -15.74
1487 22.62 -24.12
1488 36.83 -0.01
1489 11.95 -35.1
1490 32.09 -11.9
1491 37.09 -39.2
1492 2.89 -18.23
1493 18.81 -45.56
1494 5.23 -5.73
1495 46.73 -23.81
1496 23.25 -18.76
1497 37.56 -25.57
1498 30.25 -35.8
1499 34.93 -50.01
1500 38.62 -32.57
1501 48.31 -35.5
1502 7.62 -15.37
1503 15.38 -38.46
1504 21.56 -11.98
1505 43.4 -27.33
1506 34.05 -1.65
1507 19.88 -28.49
1508 41.57 -36.94
1509 10.19 -6.22
1510 30.03 -46.81
1511 13.57 -24.45
1512 50.02 -1.28
1513 4.6 -18.65
1514 36.19 -47.79
1515 47.88 -7.06
1516 42.56 -22.81
1517 38.18 -44.19
1518 50.17 -17.7
1519 29.68 -21.08
1520 48.41 -19.73
1521 40.91 -40.6
1522 17.09 -30.46
1523 34.92 -28.31
1524 34.53 -6.67
1525 21 -45.12
1526 17.57 -32.09
1527 0.89 -34.57
1528 20.74 -35.11
1529 30.9 -5.5
1530 32.08 -4.93
1531 27.74 -26.78
1532 38.49 -22.64
1533 7.86 -33.44
1534 2.52 -36.67
1535 23.92 -5.07
1536 45.67 -18.45
1537 16.43 -32.35
1538 8.67 -10.77
1539 36.96 -51.36
1540 12 -10.72
1541 42.81 -5.96
1542 8.05 -29.57
1543 32.2 -43.71
1544 16.73 -28.79
1545 1.25 -11.1
1546 5.4 -48.81
1547 38.97 -48.51
1548 29.96 -11.41
1549 15.6 -46.83
1550 51.9 -0
1551 18.46 -39.53
1552 39.4 -45.58
1553 23.87 -34.89
1554 1.77 -48.07
1555 26.32 -28.35
1556 34.31 -13.77
1557 10.86 -17.13
1558 28.36 -9.88
1559 38.67 -43.06
1560 21.68 -45.09
1561 41.9 -7.44
1562 3.96 -46.6
1563 25.54 -48.39
1564 43.23 -1.44
1565 1.44 -41.14
1566 48.19 -10.65
1567 23.75 -39.42
1568 22.32 -35.6
1569 51.19 -47.62
1570 23.97 -43.61
1571 24.91 -25.51
1572 10.17 -25.8
1573 35.68 -35.77
1574 46.36 -38.53
1575 51.15 -41.88
1576 16.84 -35.56
1577 49.69 -8.57
1578 4.97 -20.8
1579 22.24 -23.23
1580 12.37 -48.2
1581 6.85 -23.69
1582 11.11 -28.09
1583 11.69 -50.13
1584 45.75 -0.95
1585 12.09 -30.4
1586 3.92 -37.25
1587 30.57 -37
1588 40.29 -33.61
1589 20.14 -33.78
1590 43.18 -2.17
1591 37.74 -19.29
1592 27.87 -8.02
1593 28.83 -2.95
1594 26.18 -0.36
1595 16.08 -18.59
1596 42.28 -6.07
1597 34.16 -22.93
1598 40.58 -20.92
1599 41.39 -13.37
1600 43.78 -34.34
1601 39.11 -1.48
1602 6 -15.22
1603 48.83 -37.2
1604 18.98 -46.3
1605 48.47 -16.97
1606 3.79 -10.16
1607 37.71 -1.73
1608 4.68 -51.18
1609 19.06 -14.54
1610 0.65 -30.86
1611 4.46 -35.14
1612 25.59 -42.94
1613 31.38 -38.62
1614 0 -14.18
1615 16.04 -20.77
1616 41.78 -11.3
1617 26.52 -3.15
1618 7.87 -47.78
1619 9.6 -23.35
1620 7.84 -26.86
1621 4.54 -6.08
1622 7.81 -31.15
1623 49.85 -9.77
1624 24.31 -32.02
1625 10.88 -16.91
1626 0.05 -24.97
1627 35.43 -15.34
1628 21.49 -25.65
1629 39.83 -34.33
1630 22.62 -41.01
1631 0.31 -3.87
1632 26.54 -12.4
1633 27.71 -26.83
1634 17.7 -34.41
1635 28.79 -37.31
1636 10.91 -45.06
1637 43.74 -0.86
1638 10.63 -38.25
1639 18.27 -41.59
1640 26.03 -2.47
1641 46.96 -29.15
1642 12.02 -26.08
1643 19.25 -49.91
1644 32.24 -33.51
1645 22.52 -26.6
1646 49.99 -22.38
1647 34.79 -42.35
1648 36.7 -44.05
1649 26.47 -30.02
1650 34.85 -2.4
1651 14.98 -22.78
1652 43.16 -45.77
1653 32.02 -6.72
1654 15.84 -1.8
1655 23.79 -50.29
1656 46.96 -9.39
1657 35.47 -18.75
1658 36.18 -26.5
1659 27.53 -22.25
1660 16.37 -35.94
1661 6.32 -17.57
1662 7.92 -14.37
1663 6.42 -8.63
1664 38.65 -44.62
1665 14.54 -0.41
1666 23.2 -21.51
1667 34.8 -49.05
1668 23.29 -33.88
1669 35.68 -34.34
1670 0.15 -39.13
1671 48.52 -26.99
1672 13.26 -47.11
1673 41.14 -51.52
1674 41.29 -49.44
1675 33.38 -16.67
1676 34.25 -5.66
1677 39.55 -39.71
1678 15.86 -42.17
1679 2.32 -45.98
1680 46.39 -2.52
1681 43.55 -16.86
1682 33.43 -37.11
1683 38.52 -45.87
1684 28.21 -4.73
1685 11.38 -22.2
1686 16.72 -28.36
1687 42.99 -27.43
1688 46.47 -29.98
1689 27.43 -32.13
1690 16.33 -35.76
1691 8.94 -28.33
1692 35.56 -50.58
1693 8.27 -48.5
1694 42.48 -51.43
1695 21.47 -10.59
1696 46.98 -4.39
1697 9.03 -13.02
1698 26.41 -28.41
1699 0.66 -47.55
1700 37.27 -2.62
1701 50.5 -12.05
1702 39.48 -21.51
1703 51.5 -9.01
1704 8.67 -33.95
1705 17.71 -46.45
1706 22.78 -25
1707 43.1 -46.17
1708 42.67 -25.87
1709 44.82 -18.89
1710 49.01 -0.67
1711 24.59 -14.29
1712 46.83 -43.99
1713 39.92 -1.14
1714 16.21 -21.24
1715 43.38 -40.59
1716 20.16 -21
1717 42.52 -41.88
1718 18.41 -7.64
1719 41.59 -42.02
1720 36.47 -27.08
1721 19.6 -26.82
1722 20.99 -26.77
1723 20.16 -10.7
1724 29.6 -31.19
1725 51.38 -12.98
1726 27.27 -26.61
1727 38.12 -23.97
1728 44.63 -22.1
1729 10.86 -45.56
1730 1.67 -8.84
1731 29.85 -2.24
1732 11.64 -21.83
1733 29.47 -39.89
1734 29.91 -30.06
1735 24.66 -38.58
1736 13.4 -33.9
1737 28.19 -44.27
1738 22.49 -1.92
1739 0.63 -48.36
1740 28.86 -0.09
1741 46.22 -0.01
1742 43.51 -4.14
1743 45.76 -51.86
1744 45.43 -36.14
1745 12.51 -24.15
1746 26.39 -47.1
1747 16.94 -9.88
1748 49.77 -5.56
1749 3.14 -13.93
1750 0.52 -47.2
1751 29.1 -27.8
1752 20.07 -33.44
1753 2.88 -24.81
1754 21.17 -42.57
1755 10.18 -23.03
1756 23.05 -17.56
1757 41.22 -23.93
1758 23.79 -34.08
1759 37.74 -34.98
1760 7.13 -17.22
1761 31.85 -50.25
1762 27.65 -1.05
1763 26.13 -16.31
1764 49.76 -25.42
1765 20.62 -29.27
1766 5.07 -17.8
1767 18.77 -17.24
1768 42.06 -44.67
1769 2.76 -21.65
1770 12.21 -30.75
1771 48.31 -32.46
1772 4.39 -35.26
1773 36.86 -37.53
1774 40.04 -28.19
1775 12.93 -22.6
1776 40.38 -14.69
1777 15.74 -12.3
1778 28.61 -16.03
1779 41.46 -9.39
1780 38.66 -26.38
1781 44.18 -29.6
1782 46.85 -43.74
1783 3.93 -10.95
1784 0.13 -36.91
1785 15.66 -6.69
1786 39.15 -12.34
1787 15.12 -31.5
1788 17.03 -43.55
1789 39.26 -19.5
1790 42.1 -5.07
1791 39.29 -0.19
1792 32.02 -50
1793 14.04 -22.55
1794 31.95 -8.63
1795 2.53 -23.02
1796 20.14 -18.61
1797 29.87 -14.24
1798 44.71 -14.99
1799 19.42 -33.8
1800 40.49 -12.36
1801 24.7 -2.61
1802 34.11 -47.17
1803 38.72 -7.34
1804 26.84 -18.66
1805 43.26 -45.5
1806 13.21 -36.47
1807 1.99 -30.55
1808 1.1 -45.23
1809 1.87 -16.03
1810 6.57 -33.05
1811 51.67 -23.92
1812 38.16 -26.72
1813 9.23 -29.54
1814 30.87 -50.4
1815 10.76 -28.66
1816 50.79 -19.36
1817 14.53 -2.99
1818 10.33 -32.9
1819 51.56 -20.77
1820 33.79 -4.7
1821 8.69 -42.82
1822 40.89 -47.01
1823 7.76 -10.68
1824 46.24 -42
1825 23.05 -29.15
1826 1.08 -0.81
1827 47.05 -42.24
1828 19.79 -6.76
1829 5.16 -4.29
1830 0.47 -50.66
1831 37.54 -15.93
1832 18.92 -51.26
1833 51.68 -19.6
1834 7.89 -48.77
1835 1.47 -18.76
1836 29.11 -41.69
1837 4.22 -10.16
1838 40.37 -18
1839 8 -11.98
1840 41.14 -34.61
1841 2.94 -31.06
1842 40.82 -42.22
1843 48.98 -50
1844 21.81 -8.61
1845 26.79 -21.67
1846 37.6 -22.28
1847 41.06 -31.86
1848 51.46 -4.52
1849 1.29 -40.74
1850 27.02 -26.87
1851 16.56 -22.29
1852 51.97 -4.13
1853 22.14 -40.3
1854 0.29 -40.34
1855 42.47 -49.66
1856 48.24 -8.95
1857 51.17 -45.42
1858 43.42 -37.07
1859 13.2 -15.67
1860 37.34 -32.75
1861 22.55 -40
1862 39.38 -42.46
1863 14.5 -31.13
1864 39.39 -6.36
1865 33.23 -15.8
1866 5.61 -14.41
1867 18.55 -17.32
1868 5.62 -5.58
1869 13.45 -8.21
1870 5.87 -25.43
1871 34.38 -3.92
1872 49.34 -21.64
1873 6.71 -1.07
1874 36.27 -8.28
1875 8.55 -19.91
1876 27.43 -41.13
1877 31.6 -31.1
1878 10.23 -34.33
1879 40.69 -46.1
1880 29.42 -49.62
1881 12.04 -21.93
1882 6.77 -35.03
1883 8.14 -50.11
1884 25.84 -31.91
1885 5.35 -21.59
1886 25.51 -51.23
1887 20.87 -39.73
1888 8.33 -42.38
1889 18.18 -47.1
1890 34.54 -44.6
1891 33.73 -26.74
1892 25.36 -9.97
1893 11.83 -32.85
1894 46.48 -35.6
1895 0.74 -0.52
1896 41.97 -23.9
1897 26.46 -32.3
1898 30.41 -48.74
1899 28.66 -34.6
1900 4.19 -23.77
1901 23.01 -1.53
1902 8.78 -49.22
1903 7.12 -43.88
1904 6.51 -17.11
1905 29.23 -25.31
1906 19.57 -41.05
1907 18.54 -30.49
1908 11.34 -44.93
1909 48.05 -30.37
1910 30.9 -5.82
1911 49.25 -48.8
1912 29.1 -40.39
1913 37.14 -23.71
1914 6.31 -27.04
1915 50.81 -33.32
1916 34.85 -30.02
1917 46.76 -41.34
1918 0.75 -11.15
1919 28.27 -1.89
1920 46.72 -7.26
1921 48.31 -5.5
1922 35.99 -14.29
1923 7.22 -14.85
1924 45.23 -14.86
1925 20.68 -3.28
1926 0.08 -43.65
1927 32.04 -37.45
1928 9.16 -48.7
1929 43.26 -36.7
1930 37.54 -34.99
1931 13.01 -9.6
1932 50.94 -39.91
1933 51.07 -7.78
1934 29.19 -51.69
1935 6.95 -27.34
1936 0.36 -23.91
1937 38.2 -3.26
1938 37.64 -3.88
1939 18.74 -45.42
1940 16.22 -30.87
1941 42.04 -6.94
1942 44.4 -35.82
1943 32.53 -41.6
1944 26.31 -21.08
1945 4.08 -43.31
1946 0.91 -31.37
1947 19.29 -17.09
1948 44.39 -51.86
1949 19.07 -18.36
1950 13.22 -21.58
1951 45.49 -45.55
1952 48.81 -33.1
1953 36.98 -51.21
1954 44.64 -1.97
1955 0.36 -23.24
1956 49.71 -28.38
1957 12.21 -42.4
1958 32.01 -9.63
1959 30.71 -12.26
1960 3.57 -25.84
1961 5.21 -2.31
1962 38.93 -4.49
1963 23.87 -44.02
1964 29.9 -31.32
1965 20.43 -42.94
1966 36.49 -43.12
1967 43.75 -33.44
1968 32.66 -0.83
1969 22.32 -48.25
1970 39.02 -44.82
1971 21.2 -22.69
1972 13.09 -36.73
1973 13.88 -33.41
1974 45.67 -12.62
1975 38.46 -12.11
1976 14.43 -16.77
1977 21.26 -11.2
1978 3.22 -20.88
1979 0.2 -12.65
1980 23.11 -33.13
1981 43.77 -40.15
1982 21.6 -27.13
1983 47.48 -35.52
1984 51.3 -2.26
1985 47.08 -17.8
1986 40.49 -38.32
1987 42.57 -16.28
1988 17.22 -21.11
1989 33.73 -4.45
1990 36.08 -30.41
1991 47.18 -39.72
1992 50.92 -50.51
1993 38.91 -35.96
1994 48.61 -21.66
1995 2.79 -39.12
1996 27.27 -19.73
1997 46.86 -14.09
1998 17.13 -48.87
1999 18.65 -42.34
2000 8.14 -16.43
2001 2.75 -13.73
2002 49.54 -16.16
2003 37.27 -45.32
2004 17.29 -14.76
2005 45.17 -19
2006 6.72 -1.38
2007 19.41 -40.36
2008 24.32 -25.16
2009 46.83 -6.33
2010 12.97 -40.46
2011 8.19 -17.14
2012 50.75 -7.76
2013 4.64 -22.57
2014 12.91 -15.89
2015 51.84 -42.81
2016 4.55 -40.57
2017 4.73 -2.6
2018 15.44 -21.61
2019 36.37 -42
2020 28.53 -32.74
2021 1.64 -49.06
2022 37.42 -2.77
2023 27.94 -21.05
2024 46.9 -29.27
2025 17.73 -42.29
2026 26.95 -7.87
2027 15.64 -45.44
2028 16.01 -25.71
2029 41.6 -39.8
2030 30.61 -48.44
2031 37.01 -8.96
2032 11.56 -2.68
2033 24.29 -9.27
2034 18.79 -46.53
2035 27.27 -8.66
2036 5.73 -47.32
2037 17.62 -48.43
2038 17.48 -10.67
2039 7.46 -13.08
2040 3.37 -12.39
2041 39.78 -44.71
2042 5.67 -30.32
2043 23.55 -3.42
2044 10.74 -21.68
2045 37.64 -32.67
2046 41.64 -41.36
2047 44.04 -42.18
2048 51.45 -1.2
2049 47.73 -35.86
2050 44.52 -37.76
2051 33.09 -42.52
2052 38.95 -17.77
2053 47.97 -18.23
2054 31.31 -23.96
2055 3.87 -22.95
2056 15.67 -34.68
2057 32.52 -43.65
2058 14.6 -40.86
2059 10.55 -4.08
2060 36.75 -25.34
2061 34.22 -15.71
2062 5.89 -26.39
2063 47.12 -45.79
2064 29.65 -24.86
2065 10.63 -10.37
2066 20.42 -41.69
2067 26.99 -11.24
2068 29.47 -26.89
2069 50.85 -22.96
2070 13.43 -8.78
2071 10.98 -2.72
2072 13.9 -48.62
2073 37.49 -11.02
2074 15.1 -48.02
2075 40.88 -15.56
2076 31.27 -19.38
2077 13.29 -23.11
2078 16.9 -37.17
2079 10.03 -27.93
2080 38.31 -46.55
2081 3.76 -20.66
2082 51.42 -26.25
2083 1.14 -30.75
2084 21.23 -28.89
2085 5.19 -0
2086 22.24 -34.67
2087 31.29 -16.17
2088 27.2 -3.66
2089 51.68 -36.3
2090 51.86 -9.82
2091 48.72 -40.57
2092 11.68 -31.14
2093 35.83 -10.02
2094 37.95 -48.1
2095 10.17 -13.38
2096 1.57 -43.78
2097 18.03 -13.93
2098 12.21 -0.99
2099 29.89 -19.18
2100 38.7 -33.44
2101 35.63 -2.6
2102 38.3 -8.94
2103 12.61 -34.45
2104 18.75 -13.5
2105 42.84 -31.81
2106 20.38 -38.14
2107 17.28 -7.09
2108 17.11 -51.58
2109 15.2 -20.63
2110 34.01 -22.58
2111 33.89 -25.37
2112 6.83 -35.58
2113 36.58 -19.44
2114 6.14 -19.04
2115 20 -33.99
2116 36.59 -44.84
2117 21.31 -3.64
2118 5.61 -22.89
2119 3.91 -1.44
2120 33.25 -24.36
2121 10.5 -14.28
2122 21.37 -21.16
2123 40.26 -47.3
2124 15.93 -6
2125 48.1 -3.47
2126 48.36 -17.47
2127 1.05 -29.99
2128 16.96 -22.71
2129 9.27 -5.15
2130 6.66 -23.1
2131 15.95 -29.28
2132 0.44 -10.78
2133 1.19 -37.26
2134 38.7 -6.05
2135 49.93 -24.63
2136 6.43 -39.47
2137 8.63 -27.96
2138 23.26 -27.8
2139 1.32 -48.9
2140 19.89 -6.72
2141 43.71 -49.42
2142 46.94 -35.77
2143 6.49 -12.28
2144 17.44 -11.9
2145 35 -35.28
2146 32.08 -43.62
2147 2.4 -18.47
2148 23.25 -32.52
2149 6.09 -23.12
2150 47.75 -9.95
2151 49.43 -4.03
2152 51.51 -2.18
2153 49.5 -25.58
2154 42 -42.29
2155 49.01 -18.34
2156 15.76 -29.41
2157 13.19 -40.72
2158 20.53 -30.22
2159 9.64 -39.2
2160 22.48 -37.97
2161 49.11 -12.17
2162 30.64 -2.57
2163 2.61 -19.04
2164 42.16 -1.9
2165 31.37 -28.23
2166 51.78 -5.43
2167 27.13 -48.32
2168 21.91 -51.29
2169 41.58 -44.15
2170 10.49 -11.91
2171 41.33 -6.12
2172 14.36 -45.77
2173 24 -22.04
2174 9.24 -34.89
2175 40.38 -33.64
2176 13.33 -51.24
2177 21.33 -37.5
2178 24.06 -43.98
2179 13.4 -43.47
2180 19.7 -33.74
2181 39.17 -12.29
2182 8.62 -39
2183 38.29 -33.82
2184 25.97 -50.05
2185 29.48 -27.87
2186 1.51 -3.98
2187 49.75 -18.81
2188 8.37 -15.88
2189 50.77 -41.27
2190 42.44 -37.13
2191 3.9 -6.68
2192 44.18 -3.77
2193 47.75 -25.23
2194 36.22 -35.76
2195 17.5 -28.67
2196 40.97 -23.44
2197 10.44 -24.19
2198 6.01 -17.11
2199 15.16 -48.73
2200 44.13 -51.5
2201 3.48 -44.64
2202 30.98 -45.64
2203 29.04 -1.23
2204 10.03 -39.35
2205 44.01 -47.34
2206 2.02 -0.47
2207 4.24 -47.91
2208 40.66 -13.72
2209 49.48 -19.52
2210 48.19 -24.89
2211 15.85 -14.98
2212 39.17 -4.68
2213 21.79 -26.3
2214 42.55 -12.7
2215 12.2 -36.95
2216 29.6 -34.68
2217 47.85 -15.68
2218 36.43 -28.1
2219 15.45 -24.89
2220 39.75 -46.46
2221 14.45 -7.46
2222 22.89 -41.77
2223 3.49 -18.7
2224 38.22 -11.56
2225 3.97 -0.97
2226 35.47 -34.41
2227 39.1 -19.82
2228 46.12 -42.16
2229 2.86 -28.41
2230 13.37 -4.2
2231 6.4 -15.06
2232 50.26 -10.49
2233 38.59 -2.25
2234 46.67 -2.22
2235 16.2 -21.56
2236 48.55 -34.42
2237 24.2 -30.66
2238 49.36 -19.44
2239 50.52 -47.21
2240 15.71 -35.58
2241 37.51 -2.49
2242 41.84 -51.18
2243 41.35 -44.13
2244 20.55 -3.48
2245 7.68 -44.21
2246 26.8 -1.44
2247 31.45 -14.09
2248 16.34 -44.58
2249 46.8 -18.04
2250 7.12 -30.53
2251 32.48 -30.53
2252 9.19 -3.67
2253 42.64 -24.2
2254 19.41 -26.07
2255 9.65 -41.16
2256 11.18 -35.12
2257 1.83 -14.68
2258 6.82 -1.02
2259 4.5 -10.7
2260 22.43 -46.89
2261 15.85 -12.19
2262 26.28 -49.23
2263 41.82 -47.3
2264 32.86 -10.14
2265 8.2 -4.14
2266 34.67 -39.98
2267 11.18 -40.68
2268 12.88 -11.38
2269 37.45 -1.82
2270 10.5 -51.81
2271 34.94 -14.62
2272 29.31 -21.68
2273 22.7 -4.29
2274 14.99 -3.65
2275 18.06 -46.73
2276 6.92 -37.42
2277 2.18 -33.91
2278 48.73 -0.72
2279 30.38 -11.52
2280 15.66 -29.59
2281 17.57 -6.1
2282 46.78 -17.86
2283 48.76 -48.27
2284 50.09 -27.18
2285 27 -34.22
2286 48.84 -8.6
2287 49.8 -29.46
2288 1.27 -45.67
2289 16.84 -40.03
2290 34.76 -16.26
2291 21.2 -34.9
2292 36.33 -9.2
2293 9.92 -23.38
2294 34.9 -33.06
2295 30.17 -7.82
2296 13.93 -18.09
2297 35.95 -15.27
2298 11.54 -28.23
2299 22.94 -32.71
2300 34.45 -9.64
2301 37.76 -17.46
2302 14.44 -50.82
2303 12.01 -3.08
2304 43.11 -15.71
2305 51.49 -28.86
2306 31.28 -25.87
2307 2.59 -20.69
2308 44.08 -35.14
2309 35.72 -12.51
2310 39.86 -26.98
2311 45.07 -13.9
2312 29.17 -21.31
2313 49.54 -48.54
2314 48.78 -40.71
2315 17.87 -40
2316 5.46 -50.75
2317 49.57 -23.15
2318 26.24 -19.9
2319 3.13 -9.59
2320 5.97 -36.87
2321 30.27 -2.62
2322 23.32 -37.25
2323 39.91 -32.86
2324 12.9 -34.92
2325 29.42 -23.64
2326 37.54 -0.76
2327 22.07 -22.5
2328 38.56 -14.71
2329 22.94 -39.13
2330 27.14 -2.86
2331 -1.62 -40.82
2332 -11.97 -0.12
2333 -39.55 -18.71
2334 -47.82 -5.73
2335 -42.61 -42.68
2336 -12.83 -1.79
2337 -6.57 -40.4
2338 -21.26 -3.67
2339 -38.59 -46.48
2340 -18.12 -34.16
2341 -34.92 -16.01
2342 -6.03 -23.18
2343 -37.89 -24.51
2344 -31.17 -12.12
2345 -14.98 -8.84
2346 -17.18 -6.31
2347 -25.95 -36.12
2348 -22.36 -48.67
2349 -2.41 -13.5
2350 -23.71 -18.18
2351 -39.5 -12.54
2352 -0.94 -36.54
2353 -40.21 -46.07
2354 -8.07 -41.72
2355 -23.89 -46.32
2356 -29.85 -45.72
2357 -16.9 -26.33
2358 -50.85 -3.41
2359 -15.53 -22.32
2360 -50.68 -30.02
2361 -3.85 -50.03
2362 -1.68 -35.38
2363 -32.05 -29.8
2364 -10.83 -24.04
2365 -42.22 -1.98
2366 -34.04 -34.54
2367 -19.08 -29.72
2368 -43.31 -2.5
2369 -44.23 -26.81
2370 -21.13 -18.91
2371 -32.15 -16.12
2372 -42.45 -18.5
2373 -21.91 -16.57
2374 -38.89 -8.82
2375 -38.84 -37.44
2376 -3 -5.09
2377 -40.47 -10.21
2378 -7.54 -4.68
2379 -28.72 -20.53
2380 -42.03 -18.37
2381 -0.91 -38.46
2382 -35.71 -24.08
2383 -26.58 -39.51
2384 -33.84 -46.54
2385 -13.45 -18.81
2386 -2.45 -2.97
2387 -40.99 -45.6
2388 -10.18 -44.91
2389 -1.73 -10.91
2390 -15.87 -16.59
2391 -21.69 -8.1
2392 -37.83 -18.87
2393 -43.07 -29.68
2394 -17.73 -45.37
2395 -11.74 -19.79
2396 -25.78 -7.77
2397 -51.37 -32.17
2398 -39.2 -9.49
2399 -4.03 -25.95
2400 -12.29 -21.04
2401 -43.53 -37.01
2402 -30.61 -14.74
2403 -27.17 -32.53
2404 -43.44 -8.31
2405 -44.43 -48.43
2406 -4.53 -7.31
2407 -45.71 -33.64
2408 -11.32 -9.88
2409 -3.26 -36.78
2410 -24.1 -29.06
2411 -4.35 -34.52
2412 -14.7 -49.88
2413 -26.89 -3.72
2414 -49.19 -1.9
2415 -22.95 -30.92
2416 -35.45 -9.48
2417 -24.23 -14.48
2418 -14.53 -14.07
2419 -41.9 -51.4
2420 -47.83 -5.97
2421 -32.81 -34.33
2422 -35.49 -19.88
2423 -29.77 -46.04
2424 -30.82 -46.82
2425 -43.4 -0.55
2426 -35.07 -22.44
2427 -39.84 -15.27
2428 -18.99 -17.29
2429 -19.2 -14.73
2430 -13.18 -16.18
2431 -45.19 -9.67
2432 -43.67 -48.63
2433 -30.22 -36.94
2434 -36.34 -6.21
2435 -31.7 -20.13
2436 -21.98 -51.7
2437 -39.1 -12.51
2438 -26.07 -25
2439 -19.82 -36.39
2440 -36.94 -4.9
2441 -46.86 -30.74
2442 -13.53 -20.02
2443 -37.31 -34.71
2444 -49.44 -32.52
2445 -16.22 -24.03
2446 -1.22 -10.62
2447 -26.78 -28.93
2448 -13.87 -44.9
2449 -18.63 -5
2450 -44.65 -17.74
2451 -36.96 -50.33
2452 -30.37 -34.16
2453 -7.16 -24.06
2454 -27.98 -4.44
2455 -9.34 -46.5
2456 -44.76 -12.92
2457 -0.46 -23.73
2458 -6.44 -6.29
2459 -6.33 -5.3
2460 -48.85 -3.88
2461 -34.03 -42.07
2462 -19.01 -50.08
2463 -10.5 -8.81
2464 -33.33 -32.88
2465 -50.62 -29.13
2466 -27.46 -25.99
2467 -27.67 -35.58
2468 -27.17 -5.83
2469 -10.28 -34.83
2470 -48.85 -3.15
2471 -35.59 -39.14
2472 -10.87 -41.61
2473 -47.9 -36.06
2474 -8.88 -17.31
2475 -40.72 -21.75
2476 -11.82 -5.73
2477 -23.33 -42.27
2478 -18.6 -30.83
2479 -31.24 -33.83
2480 -10.96 -51.93
2481 -45.44 -49.38
2482 -32.97 -38.43
2483 -11.78 -21.11
2484 -23.46 -27.66
2485 -30.81 -22.06
2486 -9.21 -20.31
2487 -29.44 -14.4
2488 -17.98 -39.6
2489 -24.44 -44.86
2490 -14.61 -46.38
2491 -19.64 -32.68
2492 -22.95 -26.44
2493 -24.79 -42.97
2494 -24.81 -9.07
2495 -28.52 -4.03
2496 -1.42 -35.77
2497 -41.72 -41.49
2498 -30.12 -1.91
2499 -29.57 -1.51
2500 -23.57 -1.59
2501 -41.42 -27.9
2502 -9.82 -0.3
2503 -7.43 -18.87
2504 -11.73 -47.33
2505 -41.71 -31.87
2506 -12.55 -45.87
2507 -39.83 -9.35
2508 -0.33 -3.02
2509 -31.61 -12.62
2510 -36.18 -44.66
2511 -47.95 -8.13
2512 -49.62 -5.12
2513 -7.03 -37.68
2514 -39.19 -27.75
2515 -48.86 -4.12
2516 -32.02 -30.28
2517 -50.11 -38.28
2518 -24.67 -9.36
2519 -4.69 -5.54
2520 -4.93 -3.93
2521 -49.8 -13.93
2522 -23.28 -17.48
2523 -40.02 -37.63
2524 -17.77 -43.13
2525 -3.31 -19.63
2526 -47.28 -1.95
2527 -7.07 -51.27
2528 -36.95 -44.91
2529 -40.18 -33.62
2530 -37.74 -43.66
2531 -41.46 -4.56
2532 -42.84 -37.28
2533 -46.65 -7.09
2534 -12.63 -35.04
2535 -38.97 -18.86
2536 -32.79 -37.08
2537 -22.08 -36.77
2538 -41.92 -23.6
2539 -34.25 -10.1
2540 -49.25 -7.69
2541 -29.17 -37.57
2542 -36.84 -44.54
2543 -4.97 -36.24
2544 -17.87 -41.31
2545 -0.49 -12.67
2546 -17.23 -23.13
2547 -8.42 -41.95
2548 -16.57 -8.07
2549 -43.11 -22.59
2550 -41.45 -48.72
2551 -33.81 -49.6
2552 -1.89 -41.77
2553 -13.37 -3.89
2554 -33.52 -43.81
2555 -19.03 -15.14
2556 -0.71 -30.77
2557 -42.83 -48.2
2558 -51.96 -5.07
2559 -13.9 -47.8
2560 -27.99 -17.83
2561 -8.49 -14.39
2562 -23.87 -45.22
2563 -20.82 -36.43
2564 -7.02 -40.44
2565 -37.16 -31.45
2566 -29.06 -15.99
2567 -5.76 -18.97
2568 -42.39 -30.95
2569 -42.29 -38.65
2570 -1.8 -23.91
2571 -22.2 -9.32
2572 -5.52 -22.03
2573 -46.63 -13.04
2574 -28.36 -5.48
2575 -42.84 -8.53
2576 -42.45 -4.36
2577 -17.1 -18.85
2578 -3.28 -14.32
2579 -22.28 -37.92
2580 -36.9 -29.82
2581 -45.81 -7.44
2582 -45.94 -13.96
2583 -12.43 -19.1
2584 -25.27 -3.85
2585 -27.76 -2.72
2586 -31.56 -46.59
2587 -16.63 -17.48
2588 -50.04 -37.08
2589 -10.09 -30.78
2590 -39.31 -26.41
2591 -50.29 -20.45
2592 -39.3 -49.28
2593 -11.6 -34.91
2594 -20.84 -42.58
2595 -20.4 -1.4
2596 -8.85 -25.26
2597 -39.22 -33.73
2598 -20.35 -22.31
2599 -45.68 -19.17
2600 -41.42 -45.63
2601 -40.22 -21.44
2602 -6.44 -20.98
2603 -25.59 -24.37
2604 -3.15 -4.49
2605 -50.42 -35.68
2606 -23.65 -9.99
2607 -7.27 -48.71
2608 -51.14 -10.95
2609 -1.53 -38.4
2610 -39.8 -19.98
2611 -12.76 -41.45
2612 -42.7 -16.17
2613 -6 -51.98
2614 -38.68 -11.06
2615 -4.69 -51.68
2616 -40.64 -28.1
2617 -49.08 -12.43
2618 -36.81 -47.09
2619 -51.58 -42.19
2620 -45.39 -7.48
2621 -36.99 -17.52
2622 -33.75 -17.04
2623 -27.99 -11.79
2624 -50.19 -32.89
2625 -20.4 -49.04
2626 -38.49 -5.51
2627 -21.69 -33.16
2628 -0.67 -29.2
2629 -7.78 -47.21
2630 -46.9 -39.35
2631 -34.97 -12.47
2632 -24.9 -35.54
2633 -50.15 -51.57
2634 -41.77 -29.23
2635 -4.24 -17.25
2636 -34.77 -35.16
2637 -0.21 -41.23
2638 -1.02 -16.52
2639 -49.42 -47.72
2640 -44.77 -18.73
2641 -24.25 -17.82
2642 -18.5 -50.78
2643 -47.5 -13.46
2644 -8.67 -19.17
2645 -6.52 -3.28
2646 -15.75 -23.09
2647 -26.16 -9.01
2648 -8.59 -8.18
2649 -4.93 -24.31
2650 -9.09 -50.36
2651 -1.04 -9.17
2652 -17.93 -43.86
2653 -27.91 -1.25
2654 -48.98 -18.95
2655 -5.21 -44.85
2656 -10.67 -9.27
2657 -8.05 -48.98
2658 -10.44 -48.69
2659 -15.87 -3.56
2660 -6.84 -38.63
2661 -29.25 -41.91
2662 -50.93 -42.12
2663 -50.3 -3.41
2664 -47.24 -7.52
2665 -25.4 -22.75
2666 -31.93 -4.33
2667 -48.2 -26.44
2668 -47.22 -49.86
2669 -36.33 -43.63
2670 -36.48 -11.72
2671 -20.99 -41.54
2672 -6.04 -14.67
2673 -11.36 -29.04
2674 -32.6 -36
2675 -22.64 -27.23
2676 -36.67 -6.97
2677 -49.09 -19.41
2678 -22.82 -35.6
2679 -10.64 -14.91
2680 -37.66 -18.06
2681 -41.92 -36.04
2682 -30 -37.11
2683 -34.97 -38.12
2684 -49.27 -25.22
2685 -36.94 -38.83
2686 -47.89 -33.75
2687 -48.42 -25.45
2688 -2.5 -1.94
2689 -37.94 -7.78
2690 -2.54 -2.62
2691 -9.59 -28.1
2692 -47.51 -39.21
2693 -42.33 -26.2
2694 -41.11 -37.85
2695 -3.92 -0.97
2696 -4.53 -46.3
2697 -31.41 -13.36
2698 -51.48 -34.53
2699 -27.28 -33.91
2700 -20.74 -48.75
2701 -50.02 -31.74
2702 -5.2 -16.63
2703 -18.57 -46.44
2704 -2.22 -27.22
2705 -29.84 -24.04
2706 -0.14 -24.28
2707 -11.49 -6.96
2708 -33.16 -47.66
2709 -33.51 -1.82
2710 -2.79 -22.28
2711 -16.58 -4.95
2712 -18.31 -26.84
2713 -9.38 -15.51
2714 -49.42 -37.31
2715 -1.58 -4.18
2716 -35.92 -18.16
2717 -2.32 -51.6
2718 -13.56 -41.12
2719 -35.86 -20.89
2720 -12.45 -15.79
2721 -7.59 -13.71
2722 -20.67 -12.6
2723 -27.78 -19.09
2724 -40.43 -21.35
2725 -43.63 -28.81
2726 -33.77 -43.23
2727 -18.07 -27.73
2728 -43.25 -19.6
2729 -24.44 -46.97
2730 -51.15 -8.19
2731 -26.36 -26.02
2732 -45.15 -2.6
2733 -11.24 -48.2
2734 -36.61 -6.71
2735 -42.02 -47.11
2736 -28.34 -49.07
2737 -9.67 -49.62
2738 -36.23 -49.01
2739 -18.36 -37.45
2740 -14.26 -24.66
2741 -35.41 -29.52
2742 -24.77 -15.55
2743 -2.68 -21.01
2744 -15.98 -35.54
2745 -43.74 -27.12
2746 -1.14 -34.66
2747 -37.26 -37.62
2748 -33.82 -13.81
2749 -20.53 -48.5
2750 -11.13 -18.43
2751 -15.5 -30.07
2752 -47.21 -39.47
2753 -36.48 -44.69
2754 -49.66 -31.44
2755 -4.11 -22.37
2756 -19.41 -31.45
2757 -14.52 -39.52
2758 -8.53 -44.18
2759 -47.25 -17.2
2760 -44.32 -44.04
2761 -26.7 -38.99
2762 -44.13 -12.99
2763 -26.8 -31.48
2764 -27.98 -25.95
2765 -11.9 -14.85
2766 -12.45 -39.12
2767 -46.11 -46.93
2768 -39.62 -7.66
2769 -39.11 -30.6
2770 -20.49 -37.29
2771 -36.26 -43.22
2772 -30.74 -7.42
2773 -19.12 -50.78
2774 -15.99 -6.8
2775 -50.84 -14.37
2776 -20.88 -8.31
2777 -40.82 -25.54
2778 -5.02 -13.01
2779 -6.48 -35.15
2780 -50 -0.52
2781 -7.16 -18.39
2782 -13.32 -10.45
2783 -18.12 -1.28
2784 -51.4 -20.46
2785 -25.27 -24.75
2786 -15.97 -39.41
2787 -46.83 -9.53
2788 -8.32 -14.23
2789 -21.03 -13.95
2790 -28.33 -43.83
2791 -19.66 -19.87
2792 -12.93 -16.73
2793 -29.75 -8.49
2794 -43.64 -37.47
2795 -5.52 -36.23
2796 -22.14 -9.16
2797 -39.14 -12.68
2798 -33.48 -2.98
2799 -23.45 -24.78
2800 -49.53 -32.88
2801 -39.81 -48.72
2802 -25.78 -13.5
2803 -47.25 -34.64
2804 -16.12 -1.62
2805 -45.45 -16.29
2806 -3.68 -11.97
2807 -28.7 -32.63
2808 -41.12 -36.14
2809 -21.61 -25.97
2810 -10.21 -0.28
2811 -28.97 -27.13
2812 -7.34 -51.87
2813 -2.86 -16.11
2814 -40.89 -40.82
2815 -41.23 -45.83
2816 -10.07 -38.42
2817 -19.44 -48.56
2818 -31.21 -35.85
2819 -37.47 -14.69
2820 -50.5 -14.85
2821 -26.82 -50.44
2822 -31.08 -21.71
2823 -5.85 -23.04
2824 -49.02 -39.72
2825 -7.53 -46.98
2826 -41.64 -26.75
2827 -46.14 -36.5
2828 -0.61 -48.98
2829 -5.32 -49
2830 -10.35 -9.02
2831 -14.96 -14.07
2832 -10.64 -20.43
2833 -23.8 -1.92
2834 -36.13 -9.37
2835 -43.74 -28.8
2836 -27.24 -34.64
2837 -23.87 -38.08
2838 -9.12 -25.84
2839 -13.57 -29.72
2840 -44.22 -25.66
2841 -0.41 -21.1
2842 -5.6 -33.86
2843 -50.36 -14.08
2844 -11.08 -25.73
2845 -2.27 -23.21
2846 -4.8 -40.96
2847 -9.39 -17.23
2848 -19.15 -15.44
2849 -44.33 -33.19
2850 -9.99 -3.28
2851 -5.44 -36.07
2852 -22.15 -4.76
2853 -30.6 -29.31
2854 -26.55 -50.8
2855 -24.46 -11.69
2856 -0.31 -18.78
2857 -20.16 -44.4
2858 -6.48 -25.43
2859 -51.16 -18.53
2860 -9.26 -37.08
2861 -26.04 -20.95
2862 -38.18 -14.06
2863 -49.03 -2.95
2864 -3.67 -24.85
2865 -47.66 -41.36
2866 -44.96 -33.18
2867 -5.46 -1.1
2868 -49.94 -34.63
2869 -0.95 -36.07
2870 -15.28 -24.49
2871 -10.79 -25.42
2872 -37.34 -15.6
2873 -41.03 -30.96
2874 -49.49 -43.82
2875 -48.42 -7.72
2876 -28.67 -26.27
2877 -40.33 -41.99
2878 -12.46 -14.86
2879 -7.23 -37.36
2880 -46.25 -16.13
2881 -16.84 -2.89
2882 -23.52 -6.73
2883 -41.36 -22.3
2884 -25.89 -40.98
2885 -32.99 -42.32
2886 -35.26 -41.18
2887 -4.78 -43.79
2888 -22.75 -20.6
2889 -31.94 -13.33
2890 -21.05 -39.76
2891 -14.03 -47.88
2892 -37.87 -49.73
2893 -32.11 -2.36
2894 -7.25 -50.34
2895 -33.99 -6.86
2896 -29.28 -1.5
2897 -8.23 -50.83
2898 -21.14 -20.32
2899 -9.3 -17.11
2900 -26.95 -47.03
2901 -3.73 -42.29
2902 -34.08 -29.73
2903 -17.85 -28.03
2904 -41.37 -24.35
2905 -31.63 -49.79
2906 -45.68 -29.94
2907 -27.67 -45.66
2908 -15.55 -51.07
2909 -49.41 -27.3
2910 -1.69 -42.32
2911 -43.82 -31.41
2912 -30.24 -30.97
2913 -51.29 -19.57
2914 -4.2 -18.9
2915 -33.46 -28.11
2916 -18.4 -50.68
2917 -28.41 -37.19
2918 -13.23 -20.01
2919 -44.36 -46.27
2920 -11.58 -22.12
2921 -0.06 -43.52
2922 -37.18 -24.78
2923 -23.86 -47.26
2924 -42.08 -20.25
2925 -10.57 -21.27
2926 -20.2 -43.77
2927 -22.74 -21.91
2928 -9 -17.97
2929 -36.87 -41.55
2930 -17.66 -32.73
2931 -31.41 -18.33
2932 -23.05 -36.07
2933 -23.6 -27.34
2934 -41.13 -3.8
2935 -25.92 -35.48
2936 -27 -0.72
2937 -25.5 -25.98
2938 -40.76 -31.71
2939 -51.96 -16.88
2940 -38.16 -30.85
2941 -22.62 -30.06
2942 -19.49 -25.88
2943 -43.85 -12.89
2944 -2.44 -48.02
2945 -28.75 -48.25
2946 -34.1 -39.63
2947 -43.22 -27.68
2948 -22.54 -5.15
2949 -8.95 -14.82
2950 -50.3 -11.68
2951 -31.92 -2.39
2952 -47.9 -44.83
2953 -24.54 -24.94
2954 -41.83 -36.66
2955 -15.51 -44.02
2956 -41.6 -47.51
2957 -21.39 -5.66
2958 -38.07 -9.1
2959 -24.64 -32.77
2960 -48.54 -8.03
2961 -47.66 -1.39
2962 -48.59 -30.64
2963 -3.32 -38.88
2964 -21.22 -19.13
2965 -50.33 -31.79
2966 -34.19 -39.05
2967 -31.88 -49.77
2968 -22.72 -30.09
2969 -34.27 -23.94
2970 -15.96 -32.07
2971 -47.1 -49.79
2972 -22.97 -5.57
2973 -34.19 -16.49
2974 -16.78 -9.04
2975 -17.07 -6.83
2976 -27.74 -13.32
2977 -43.97 -32.26
2978 -38.66 -24.33
2979 -10.98 -14.81
2980 -46.6 -7.89
2981 -14.46 -28.84
2982 -26.61 -28.79
2983 -26.4 -46.34
2984 -18.28 -16.85
2985 -48.92 -8.68
2986 -6.47 -1.76
2987 -26.85 -44.02
2988 -28.04 -48.96
2989 -25.52 -28.56
2990 -2.91 -12.34
2991 -25.67 -42.59
2992 -42.37 -30.65
2993 -22.5 -37.16
2994 -51.97 -29.04
2995 -36.93 -33.49
2996 -10.33 -46.57
2997 -42.89 -51.39
2998 -13.25 -4.46
2999 -21.32 -17.29
3000 -25.97 -51.05
3001 -20.33 -18.24
3002 -29.79 -51.96
3003 -16.44 -47.19
3004 -43.27 -5.83
3005 -18.17 -41.96
3006 -32.56 -46.19
3007 -24.84 -11.36
3008 -16.04 -42.45
3009 -19.49 -47.35
3010 -48.36 -16.01
3011 -30.11 -4.42
3012 -23.33 -26.21
3013 -50.19 -21
3014 -5.81 -4.1
3015 -3.15 -19.51
3016 -5.28 -31.79
3017 -51.27 -23.49
3018 -38.2 -35.07
3019 -8.42 -15.72
3020 -5.68 -29.47
3021 -23.66 -46.11
3022 -25 -5.76
3023 -48.22 -16.03
3024 -11.38 -41.04
3025 -5.06 -15.71
3026 -39.66 -27.26
3027 -20.99 -2.69
3028 -23.69 -30.51
3029 -34.62 -19.18
3030 -38.7 -29.5
3031 -28.81 -5.29
3032 -28.78 -11.5
3033 -46.57 -28.09
3034 -11.33 -34.5
3035 -11.98 -22.51
3036 -16.62 -17.01
3037 -22.78 -35.64
3038 -51.67 -41.62
3039 -30.67 -38.52
3040 -2.23 -30.57
3041 -25.35 -3.25
3042 -5.94 -9.41
3043 -39.93 -13.86
3044 -33.05 -49.15
3045 -46.17 -42.07
3046 -47.36 -39.27
3047 -18.29 -22.99
3048 -18.6 -43.67
3049 -26.17 -12.86
3050 -2.89 -29.93
3051 -14.46 -38.15
3052 -41.32 -19.51
3053 -28.66 -4.76
3054 -43.28 -8.51
3055 -6.61 -26.85
3056 -49.62 -13.04
3057 -41.97 -51.48
3058 -13.35 -3.56
3059 -20.23 -49.42
3060 -39.49 -13.92
3061 -20.71 -14.4
3062 -4.91 -2.38
3063 -46.05 -39
3064 -19.38 -43.03
3065 -40.48 -20.22
3066 -25.9 -22.27
3067 -41.78 -2.95
3068 -7.71 -34.74
3069 -43.25 -37.96
3070 -32.33 -18.52
3071 -31.56 -49.86
3072 -16.87 -29.95
3073 -33.51 -21.53
3074 -18.96 -30.22
3075 -44.14 -21.26
3076 -3.19 -25.97
3077 -28.35 -32.37
3078 -19.37 -27.62
3079 -18.66 -22.4
3080 -10.15 -38.75
3081 -9.02 -26.66
3082 -29.61 -3.57
3083 -38.31 -18.32
3084 -23.81 -4.85
3085 -42.89 -29.56
3086 -46.95 -4.14
3087 -34.1 -41.97
3088 -11.5 -31.34
3089 -9.56 -35.13
3090 -4.4 -49.98
3091 -43.48 -21.22
3092 -1.59 -7.59
3093 -35.21 -19.83
3094 -9.76 -20.96
3095 -27.23 -21.39
3096 -48.06 -39.43
3097 -43 -36.25
3098 -22.09 -45.19
3099 -17.56 -48.83
3100 -45.91 -45.9
3101 -50.05 -8.45
3102 -50.42 -8.38
3103 -39.72 -32.15
3104 -34.8 -29.45
3105 -46.95 -49.28
3106 -18.5 -39.2
3107 -14.31 -5.95
3108 -45.31 -39.61
3109 -28.09 -17.05
3110 -5.96 -22.59
3111 -10.02 -3.32
3112 -7.09 -21.54
3113 -34.26 -20.54
3114 -36.89 -29.19
3115 -42.61 -51.82
3116 -27.8 -30.8
3117 -39.19 -8.18
3118 -7.85 -45.74
3119 -42.71 -26.91
3120 -43.72 -42.66
3121 -49.38 -5.19
3122 -11.14 -29.74
3123 -17.36 -11.7
3124 -48.27 -4.45
3125 -27.04 -45.45
3126 -16.3 -21.75
3127 -43.3 -4.58
3128 -44.64 -23.39
3129 -20.1 -25.56
3130 -44.9 -29.53
3131 -8.34 -10.72
3132 -18.9 -20.7
3133 -33.97 -15.05
3134 -9.48 -26.76
3135 -36.94 -24.68
3136 -49.39 -1.2
3137 -30.95 -34.32
3138 -13.54 -8.54
3139 -32.51 -15.83
3140 -28.8 -9.81
3141 -31.57 -7.56
3142 -31.66 -45.1
3143 -36.02 -42.39
3144 -15.95 -24.31
3145 -21.36 -4.12
3146 -34.36 -8.85
3147 -49.08 -49.22
3148 -12.27 -20.79
3149 -15.07 -50.57
3150 -23.25 -21.76
3151 -22.96 -0.01
3152 -34.33 -20.65
3153 -48.71 -21.43
3154 -4.78 -15.4
3155 -25.21 -29.22
3156 -4.3 -33.59
3157 -46.21 -24.3
3158 -34.21 -35.97
3159 -27.8 -30.23
3160 -1.88 -50.16
3161 -26.54 -49.16
3162 -46.39 -3.76
3163 -24.55 -43.14
3164 -41.71 -6.66
3165 -47.94 -7.14
3166 -7.15 -32.48
3167 -20.65 -38.43
3168 -7.86 -9.01
3169 -24.41 -17.36
3170 -46.59 -12.65
3171 -13.76 -17.14
3172 -8.97 -50.89
3173 -2.38 -7.97
3174 -5.73 -43.18
3175 -8.87 -30.18
3176 -27.35 -7.61
3177 -11.37 -2.93
3178 -46.07 -41.26
3179 -15.44 -3.45
3180 -10.59 -3.3
3181 -35.78 -11.39
3182 -49.82 -37.27
3183 -46.28 -4.44
3184 -21.8 -25.2
3185 -5.37 -38.21
3186 -22.87 -35.91
3187 -2.33 -19.13
3188 -46.63 -51.36
3189 -42.55 -4.71
3190 -2.42 -0.36
3191 -27.49 -18.94
3192 -41.39 -49.29
3193 -38.55 -38.86
3194 -9.83 -35.46
3195 -6.28 -1.99
3196 -32.9 -20.43
3197 -5.7 -42.06
3198 -14.02 -30.72
3199 -3.93 -19.5
3200 -5.71 -3.35
3201 -39.26 -9.3
3202 -47.96 -48.1
3203 -47.47 -9.11
3204 -33.35 -42.59
3205 -42.95 -5.54
3206 -44 -35.77
3207 -33.06 -18.44
3208 -24.82 -33.39
3209 -16.85 -39.13
3210 -41.12 -2.18
3211 -22.61 -42.65
3212 -32.71 -41.55
3213 -20.27 -47.83
3214 -15.33 -46.74
3215 -50.09 -43.72
3216 -20.55 -40.56
3217 -36.66 -4.87
3218 -33.51 -16.51
3219 -7.1 -51.65
3220 -5.19 -14.86
3221 -50.63 -17.57
3222 -3.53 -49.19
3223 -30.58 -51.21
3224 -38.34 -47.87
3225 -50.05 -14.95
3226 -5.6 -46.98
3227 -36.53 -40.18
3228 -36.01 -5.84
3229 -20.1 -24.33
3230 -16.05 -51.34
3231 -7.42 -37.71
3232 -42.58 -36.6
3233 -20.63 -44.09
3234 -43.74 -24.09
3235 -6.47 -47.25
3236 -12.82 -16.46
3237 -13.65 -24.62
3238 -23.83 -35.87
3239 -51.27 -11.76
3240 -26.71 -29.69
3241 -44.2 -49.32
3242 -5.03 -51.84
3243 -5.68 -48.25
3244 -20.58 -41.04
3245 -7.91 -25.78
3246 -11.49 -4.16
3247 -8.28 -15.33
3248 -7.42 -21.59
3249 -13.21 -28.92
3250 -24.17 -18.69
3251 -35.15 -19.68
3252 -44.31 -4.52
3253 -7.91 -48.8
3254 -28.08 -35.66
3255 -13.36 -7.18
3256 -24.03 -2.8
3257 -2.64 -25.08
3258 -21.33 -29.06
3259 -18.1 -27.84
3260 -1.62 -9.44
3261 -33.12 -26.01
3262 -41.35 -32.63
3263 -2.22 -41.4
3264 -37.84 -16.29
3265 -34.98 -15.43
3266 -2.64 -10.02
3267 -34.06 -37.65
3268 -1.98 -46.95
3269 -30.61 -41.97
3270 -49.16 -30.06
3271 -32.86 -11.49
3272 -4.09 -40.71
3273 -17.77 -3.02
3274 -30.86 -25.43
3275 -2.39 -35.87
3276 -29.41 -0
3277 -32.63 -35.51
3278 -44.43 -38.28
3279 -2.57 -34.86
3280 -17.81 -30.28
3281 -7.82 -5.08
3282 -42.73 -20.45
3283 -34.92 -41.88
3284 -31.85 -44.71
3285 -22.78 -33.06
3286 -12.07 -48.53
3287 -37.24 -23.16
3288 -45.71 -16.17
3289 -41.6 -3.01
3290 -6.41 -24.57
3291 -44.1 -11.51
3292 -47.02 -3.34
3293 -41.62 -24.73
3294 -27.11 -6.97
3295 -37.25 -11.71
3296 -16.79 -44.93
3297 -32.9 -45.07
3298 -34.95 -27.05
3299 -19.76 -15.83
3300 -16.41 -34.33
3301 -30.86 -10.06
3302 -33.23 -28.48
3303 -44.65 -35.63
3304 -38.64 -26.94
3305 -19.03 -1.77
3306 -13.28 -12.57
3307 -15.91 -30.65
3308 -3.39 -27.82
3309 -34.8 -25.05
3310 -36.77 -50.02
3311 -10.47 -39.57
3312 -32.65 -21.08
3313 -48.13 -10.9
3314 -26.73 -35.12
3315 -36.97 -15.9
3316 -25.96 -10.66
3317 -39.14 -15.84
3318 -51.47 -26.71
3319 -21.17 -31.8
3320 -33.57 -5.63
3321 -18.21 -40.21
3322 -18.86 -46.86
3323 -42.2 -1.64
3324 -26.7 -41.77
3325 -7.32 -25
3326 -32.1 -30.99
3327 -0.07 -17.79
3328 -28.69 -12.75
3329 -15.39 -48.21
3330 -12.11 -22.94
3331 -33.6 -0.37
3332 -35.73 -5.59
3333 -32.31 -40.27
3334 -20.07 -2.72
3335 -27.87 -1.48
3336 -9.21 -21.16
3337 -35.54 -13.6
3338 -15.25 -47.6
3339 -4.89 -25.75
3340 -18.27 -9.47
3341 -40.46 -12.21
3342 -49.53 -50.37
3343 -30.64 -40.53
3344 -36.74 -26.22
3345 -16.69 -46.04
3346 -13.93 -48.85
3347 -21.97 -17.81
3348 -6.08 -17.18
3349 -39.42 -2.28
3350 -23.28 -45.67
3351 -14.84 -15.29
3352 -28.9 -32.5
3353 -28.1 -50.38
3354 -43.65 -11.67
3355 -21.14 -32.99
3356 -12.73 -9.93
3357 -27.82 -9.6
3358 -50.13 -10.26
3359 -4 -6.47
3360 -20.03 -34.88
3361 -51.25 -20.69
3362 -6.03 -1.48
3363 -18.66 -21.22
3364 -43.02 -12.11
3365 -5.79 -6.08
3366 -40.89 -14.31
3367 -46.81 -40.15
3368 -6.05 -17.79
3369 -29.46 -42.43
3370 -42.94 -49.71
3371 -27.16 -50.6
3372 -27.72 -23.19
3373 -33.45 -2.98
3374 -28.97 -45.38
3375 -47.78 -4.98
3376 -45.19 -16.52
3377 -18 -47.03
3378 -35.78 -51.22
3379 -30.86 -4.18
3380 -29.78 -26.8
3381 -8.63 -36.65
3382 -44.32 -18.68
3383 -3.99 -22.96
3384 -13.39 -50.37
3385 -15.6 -33.46
3386 -51.58 -23.86
3387 -47.05 -42.76
3388 -13.27 -27.31
3389 -40.21 -48.03
3390 -1.01 -42.24
3391 -26.29 -35.99
3392 -50.54 -46.2
3393 -45.43 -44.29
3394 -48.48 -34.32
3395 -28.65 -43.81
3396 -28.46 -45.78
3397 -12.46 -4.8
3398 -27.77 -40.3
3399 -38.67 -16.46
3400 -17.44 -8.68
3401 -32.54 -2.28
3402 -12.56 -17.02
3403 -11.85 -47.12
3404 -43.15 -25.83
3405 -35.6 -0.06
3406 -3.57 -11.68
3407 -25.4 -9.89
3408 -2.18 -2.12
3409 -3.96 -38.35
3410 -30.16 -18.18
3411 -31.49 -0.13
3412 -4.94 -26.14
3413 -14.44 -43.95
3414 -27.93 -32.71
3415 -8.91 -1.12
3416 -22.92 -45.37
3417 -29.92 -8.98
3418 -4.1 -35.48
3419 -28.84 -9.29
3420 -28.88 -14.77
3421 -45.97 -12.44
3422 -22.33 -32.45
3423 -34.57 -19.37
3424 -5.73 -44.03
3425 -29.74 -6.06
3426 -6.19 -35.89
3427 -10.04 -9.23
3428 -20.7 -11.13
3429 -11.36 -24.48
3430 -45.12 -48.64
3431 -9.53 -20.28
3432 -29.26 -35.56
3433 -19.05 -39.45
3434 -48.75 -33.36
3435 -15.65 -47.89
3436 -27.85 -45.15
3437 -25.6 -9.62
3438 -48.51 -17.7
3439 -9.73 -27.7
3440 -33.76 -2.24
3441 -38.14 -6.99
3442 -16.22 -39.95
3443 -18.61 -15.7
3444 -40.18 -36.93
3445 -1.09 -29.97
3446 -50.25 -0.83
3447 -36.39 -10.62
3448 -17.6 -27.51
3449 -28.39 -22.96
3450 -38.37 -33.87
3451 -27.02 -11.56
3452 -40.7 -33.74
3453 -51.44 -20.14
3454 -47.84 -37.22
3455 -39.46 -9.18
3456 -16.17 -49.12
3457 -4.6 -45.12
3458 -8.82 -51.92
3459 -4.37 -42.73
3460 -20.7 -16.53
3461 -36.88 -5.46
3462 -35.6 -38.48
3463 -33.51 -40.79
3464 -11.76 -1.2
3465 -35.07 -29.43
3466 -40.99 -17.65
3467 -51.4 -10.09
3468 -49.76 -49.22
3469 -34.44 -50.84
3470 -27.54 -13.12
3471 -10.25 -41.42
3472 -2.07 -11.24
3473 -11.16 -34.37
3474 -25.1 -30.41
3475 -46.94 -35.05
3476 -40.51 -13.32
3477 -51.8 -51.34
3478 -40.14 -43.63
3479 -44.84 -0.84
3480 -30.27 -19.42
3481 -4.59 -27.91
3482 -5.53 -38.78
3483 -36 -3.99
3484 -22.36 -22.81
3485 -35.93 -37.96
3486 -27.39 -17.42
3487 -28.66 -13.7
3488 -48.07 -48.98
3489 -27.39 -7.34
3490 -42.39 -40.69
3491 -21.54 -41.86
3492 -41.2 -50.42
3493 -42.06 -40.86
3494 -41.7 -48.86
3495 -16.28 -2.42
3496 -49.85 19.97
3497 -6.76 40.4
3498 -11.91 22.9
3499 -45.71 42.76
3500 -48.25 34.27
3501 -19.22 29.65
3502 -43.35 23.64
3503 -20.62 15.4
3504 -22.75 6.95
3505 -15.16 48.01
3506 -5.39 32.66
3507 -50.61 36.7
3508 -45.09 46.6
3509 -43.46 8.19
3510 -10.61 34.79
3511 -2.77 27.27
3512 -15.67 8.46
3513 -31.37 29.05
3514 -39.33 27.58
3515 -29.38 25.08
3516 -22.25 35.58
3517 -26.74 16.12
3518 -31.52 33.13
3519 -7.6 14.88
3520 -30.42 21.79
3521 -2.46 22.76
3522 -26.99 35.81
3523 -30.41 20.59
3524 -28.78 20.08
3525 -22.39 41.4
3526 -36.19 39.39
3527 -15.37 44.68
3528 -21.73 51.86
3529 -46.96 14.26
3530 -39.35 28.59
3531 -12.17 43.86
3532 -7.98 29.12
3533 -10.25 6.44
3534 -21.32 39.51
3535 -9.3 37.37
3536 -27.66 51.74
3537 -35.56 31.28
3538 -19.39 2.65
3539 -42.25 33.49
3540 -22.89 15.69
3541 -22.6 32.16
3542 -24.85 7.08
3543 -26.46 37.98
3544 -0.24 14.1
3545 -42.69 40.95
3546 -32.81 7.11
3547 -36.24 22.39
3548 -28.83 8.32
3549 -15.35 14.01
3550 -51.39 17.67
3551 -17.42 44.17
3552 -23.46 27.05
3553 -49.22 20.5
3554 -1.99 10.37
3555 -26.07 6.99
3556 -39.15 44.41
3557 -51.49 48.67
3558 -34.65 31.52
3559 -45.63 45.48
3560 -1.95 2.42
3561 -9.53 3.84
3562 -26.23 34.76
3563 -10.6 13.29
3564 -46.83 22.58
3565 -40.26 25.95
3566 -18.13 46.22
3567 -40.79 25.2
3568 -45.7 9.11
3569 -19.48 5.53
3570 -32.04 47.69
3571 -7.62 45.55
3572 -9.75 38.71
3573 -18.24 26.64
3574 -20.12 11.92
3575 -14.34 31.39
3576 -35.23 22.07
3577 -24.35 43.4
3578 -24.21 28.99
3579 -51.57 34.96
3580 -8.91 19.04
3581 -32.78 7.35
3582 -32.55 46.56
3583 -3.67 41.09
3584 -46.62 45.77
3585 -8.99 23.16
3586 -36.23 26.66
3587 -32.9 16.61
3588 -43.25 13.5
3589 -25.43 51.14
3590 -30.53 30.89
3591 -0.96 7.29
3592 -50.69 33.28
3593 -10.27 44.84
3594 -47.32 22.91
3595 -9.47 29.37
3596 -36.72 23.75
3597 -18.32 42.26
3598 -31.35 36.8
3599 -30.57 21.99
3600 -12.67 25.98
3601 -20.16 7.08
3602 -23.7 16.43
3603 -29.93 1.06
3604 -19.72 34.47
3605 -13.37 22.88
3606 -30.18 17.77
3607 -51.06 33.85
3608 -26.69 48.39
3609 -38.82 28.85
3610 -6.22 22.01
3611 -13.29 48.3
3612 -38.56 10.47
3613 -47.27 31.61
3614 -1.6 37.43
3615 -11.41 45.36
3616 -0.45 33.8
3617 -17.75 51.1
3618 -19.68 43.67
3619 -26.14 15.2
3620 -38.09 6.93
3621 -24.7 7.03
3622 -40.89 35.79
3623 -51.7 43.28
3624 -20.14 35.1
3625 -24.64 6.05
3626 -2.35 45.88
3627 -4.35 37.93
3628 -17.54 8.43
3629 -45.86 19.14
3630 -12.51 38.66
3631 -39.98 24.8
3632 -23.9 12.96
3633 -4.63 5.73
3634 -20.94 11.1
3635 -18.03 50.29
3636 -5.33 26.55
3637 -29.86 42.74
3638 -1.54 13.74
3639 -48.84 29.56
3640 -35.61 41.2
3641 -35.09 21.48
3642 -7.41 5.48
3643 -13.91 6.96
3644 -26.11 44.47
3645 -50.66 27.3
3646 -0.1 38.62
3647 -19.1 38.64
3648 -44.38 43.52
3649 -2.62 43.25
3650 -9.06 32.84
3651 -7.39 40.18
3652 -50.44 14.39
3653 -28.13 4.77
3654 -1.85 51.98
3655 -8.71 44.5
3656 -13.98 4.99
3657 -10.47 11.32
3658 -18.28 40.92
3659 -0.91 43.91
3660 -19.21 11.91
3661 -50.53 51.57
3662 -38.22 38.83
3663 -49.87 37.15
3664 -47.92 50.12
3665 -30.96 0.49
3666 -8.19 4.99
3667 -19.38 5.87
3668 -10.64 6.63
3669 -6.62 15.04
3670 -7.54 32.01
3671 -37 15.33
3672 -46.17 41.04
3673 -29.96 47.48
3674 -6.91 12.45
3675 -24.37 50.4
3676 -49.97 45.64
3677 -32.47 42.42
3678 -47.1 3.71
3679 -1.83 49.86
3680 -50.35 43.02
3681 -48.01 32.79
3682 -6.18 26.07
3683 -32.7 34.92
3684 -49.96 36.34
3685 -16.36 6.84
3686 -41.69 25.02
3687 -14.06 1.36
3688 -16.36 35.86
3689 -48.32 11.55
3690 -9.95 42.79
3691 -36.43 40.21
3692 -50.15 7.92
3693 -11.64 36.42
3694 -34.28 12.77
3695 -3.8 13.47
3696 -13.79 0.16
3697 -26.23 19.33
3698 -2.25 39.49
3699 -43.36 6.93
3700 -13.78 19.73
3701 -44.75 27.24
3702 -28.6 3.47
3703 -39.34 6.82
3704 -18.37 12.49
3705 -3.28 3.18
3706 -10.91 47.84
3707 -3.76 39.72
3708 -43.66 28.58
3709 -41.36 34.92
3710 -15.92 25.95
3711 -26.11 12.68
3712 -32.01 49.23
3713 -4.24 0.34
3714 -26.79 1.79
3715 -21.52 47.6
3716 -22.84 40.57
3717 -11.57 33.8
3718 -8.14 18.97
3719 -31.46 18.43
3720 -21.61 26.51
3721 -41.87 2.26
3722 -9.5 0.04
3723 -28.62 45.63
3724 -48.08 1.17
3725 -46.64 17.98
3726 -50.18 12
3727 -28.75 20.75
3728 -40.61 30.2
3729 -51.51 32.99
3730 -28.6 15.4
3731 -23.5 40.55
3732 -22.35 51.44
3733 -37.93 2.59
3734 -21.02 30.49
3735 -24.52 36.91
3736 -39.18 42.63
3737 -10.19 14.39
3738 -27.55 16.2
3739 -17.37 38.81
3740 -24.32 23.63
3741 -3.15 12.01
3742 -0.28 22.5
3743 -20.22 51.42
3744 -32.41 8.41
3745 -43.34 19.73
3746 -27.81 28.53
3747 -47.5 14.84
3748 -36.95 50.16
3749 -48.18 33.43
3750 -18.35 5.97
3751 -16.12 20.7
3752 -2.62 25.05
3753 -41.25 26.31
3754 -13.12 30.17
3755 -21.32 6.63
3756 -38.16 4.96
3757 -27.47 43.99
3758 -43.41 5.97
3759 -14.38 15.21
3760 -2.47 43.34
3761 -19.88 5.72
3762 -40.08 30.28
3763 -28.44 15.38
3764 -16.33 25.03
3765 -50.52 24.62
3766 -12.85 34.68
3767 -7.73 14.64
3768 -40.95 15.47
3769 -13.16 48.99
3770 -23.14 21.6
3771 -26.56 34.48
3772 -45.99 28.82
3773 -34.79 21.55
3774 -36.77 4.92
3775 -48.26 16.7
3776 -41.94 39.24
3777 -17.52 35.66
3778 -18.56 30.03
3779 -22.58 13.48
3780 -5.63 34.9
3781 -37.1 21.11
3782 -3.27 38
3783 -1.47 44.84
3784 -9.35 11.75
3785 -33.35 34.15
3786 -16.63 0.01
3787 -28.83 27.43
3788 -48.99 30.14
3789 -35.06 31.15
3790 -15.37 1.28
3791 -8.04 50.84
3792 -34.51 5.31
3793 -2.86 45.08
3794 -6.56 1.07
3795 -35.97 44.97
3796 -33.6 31.71
3797 -17.71 40.6
3798 -33.44 36.87
3799 -48.62 38.7
3800 -20.85 10.31
3801 -10.32 49.49
3802 -24.93 5
3803 -35.14 6.67
3804 -5.34 41.44
3805 -10.24 37.72
3806 -36.57 20.71
3807 -45.55 18.28
3808 -11.36 38.6
3809 -39.67 15.93
3810 -8.9 37.44
3811 -17.16 43.17
3812 -31.77 42.5
3813 -46.9 2.39
3814 -41.1 32.73
3815 -43.04 43.52
3816 -8.54 29.47
3817 -2 20.88
3818 -47.07 0.99
3819 -9.95 37.14
3820 -42.39 0.42
3821 -40.65 20.19
3822 -38.47 46.48
3823 -33.08 1.72
3824 -17.66 49.83
3825 -35.27 40.27
3826 -31.44 26.56
3827 -36.59 19.95
3828 -41.87 30.73
3829 -30.98 31.49
3830 -42.53 30.97
3831 -27.96 41.54
3832 -10.42 51.07
3833 -0.06 29.96
3834 -34.63 5.5
3835 -25.44 10.01
3836 -49.72 44.54
3837 -39.02 33.61
3838 -35.34 36.19
3839 -1.54 20.1
3840 -27.89 1
3841 -27.56 36.82
3842 -24.29 26.86
3843 -5.59 12.15
3844 -11.16 14.16
3845 -12.65 36.58
3846 -26.12 1.7
3847 -0.77 8.14
3848 -38.1 4.07
3849 -29.09 20.36
3850 -49.89 40.25
3851 -32.79 22.05
3852 -3.66 47.62
3853 -51.33 19.81
3854 -7.43 39
3855 -7.52 0.88
3856 -5.22 35.33
3857 -10.19 2.61
3858 -34.28 29.51
3859 -11.2 35.3
3860 -19.88 45.45
3861 -47.15 23.85
3862 -31.99 13.53
3863 -37.12 15.44
3864 -35.8 37.62
3865 -25.87 14.21
3866 -36.26 1.22
3867 -48.84 6.67
3868 -46 7.44
3869 -46.45 15.69
3870 -16.57 1.44
3871 -4.29 21.49
3872 -24.1 21.79
3873 -18.83 14.48
3874 -49.78 6.39
3875 -51.84 49.55
3876 -21.4 37.19
3877 -18.24 14.51
3878 -29.95 20.92
3879 -26.06 3.36
3880 -37.09 33.28
3881 -34.5 51.93
3882 -26.12 40.87
3883 -48.31 50.86
3884 -14.55 20.13
3885 -41.09 10.28
3886 -51.3 31.13
3887 -20.44 45.38
3888 -7.86 23.4
3889 -29.79 6.79
3890 -4.34 25.16
3891 -10.35 49.15
3892 -31.18 45.27
3893 -33.71 48.11
3894 -51.47 9.14
3895 -42.42 7.77
3896 -27.22 4.08
3897 -12.47 24.92
3898 -43.3 1.35
3899 -41 28.31
3900 -38.59 5.85
3901 -4.5 30.09
3902 -23.47 5.41
3903 -28.82 44.47
3904 -18.78 50.85
3905 -24.01 26.13
3906 -42.81 23.13
3907 -35.92 1.89
3908 -50 21.99
3909 -31.13 17.63
3910 -25.4 17
3911 -40.6 41.07
3912 -33.51 0.62
3913 -21.49 1.08
3914 -29.39 24.81
3915 -50.19 10.49
3916 -40.58 35.5
3917 -40.92 22.21
3918 -14.68 31.57
3919 -30.42 17.74
3920 -11.39 33.47
3921 -24.12 21.96
3922 -23.85 2.2
3923 -24.2 8.04
3924 -25.67 41.37
3925 -6.37 22.85
3926 -11.93 18.59
3927 -38.73 14.5
3928 -15.58 45.44
3929 -37.78 8.23
3930 -38.24 44.97
3931 -47.99 35.97
3932 -6.18 26.83
3933 -25.92 36.91
3934 -22.17 40.39
3935 -21.86 23.87
3936 -45.83 33.57
3937 -3.29 13.5
3938 -21.54 17.68
3939 -26.57 27.49
3940 -17.87 47.21
3941 -33.32 0.47
3942 -14.97 29.8
3943 -42.76 20.05
3944 -28.28 30.55
3945 -43.04 48.06
3946 -51.55 14.53
3947 -8.88 39.03
3948 -43.47 5.74
3949 -13.65 2.32
3950 -26.19 33.16
3951 -34.25 3.03
3952 -16.53 20.02
3953 -5.22 37.55
3954 -32.56 38.07
3955 -0.8 31.8
3956 -32.27 50.43
3957 -47.75 34.12
3958 -21.69 47.24
3959 -45.31 6.04
3960 -2.1 49.98
3961 -32.03 3.87
3962 -42.9 1.66
3963 -26.92 8.43
3964 -10.75 1.89
3965 -35.06 40.57
3966 -43.6 36.95
3967 -24.49 17.31
3968 -22.38 27.65
3969 -13.72 29.72
3970 -29.04 2.95
3971 -20.9 34.04
3972 -16.16 28.83
3973 -43.59 16.66
3974 -22.7 5.37
3975 -22.87 36.9
3976 -40.77 44.32
3977 -13.5 2.9
3978 -30.85 51.19
3979 -20.61 40.42
3980 -48.51 9.13
3981 -13.6 23.19
3982 -40.5 7.63
3983 -35.28 38.09
3984 -35.33 10.89
3985 -33.36 16.52
3986 -50.56 31.89
3987 -8.72 2.26
3988 -38.44 34.24
3989 -39.62 0.31
3990 -4.73 28.66
3991 -20.99 10.49
3992 -32.92 45.5
3993 -12.22 2.01
3994 -9.96 31.29
3995 -40.42 0.35
3996 -23.54 6.47
3997 -33.63 2.02
3998 -7.64 31.56
3999 -9.97 16.91
4000 -33.44 10.49
4001 -42.39 43.33
4002 -45.6 32
4003 -33.77 18.63
4004 -18.95 51.56
4005 -28.23 21.39
4006 -51.4 23.68
4007 -36.71 49.22
4008 -18.75 32.32
4009 -11.62 16.45
4010 -16.8 28.71
4011 -35.19 19.56
4012 -41.11 40.34
4013 -19.9 16.82
4014 -1.25 48.75
4015 -26.76 29.88
4016 -40.73 34.69
4017 -34.22 36.67
4018 -3.31 1.85
4019 -1.42 15.99
4020 -4.9 22.26
4021 -13.46 29.65
4022 -46.39 4.3
4023 -4.15 50.17
4024 -34.14 13.14
4025 -41.86 15.77
4026 -35.33 50.94
4027 -6.8 44.57
4028 -28.91 24.44
4029 -40.71 26.71
4030 -24.11 30.16
4031 -32.38 15.48
4032 -19.67 12.84
4033 -14.7 34.12
4034 -17.63 22.98
4035 -12.76 35.64
4036 -13.29 22.53
4037 -46.35 26.23
4038 -43.92 7.68
4039 -40.34 50.5
4040 -14.27 26.07
4041 -44.53 30.2
4042 -42.29 17.13
4043 -41.57 51.34
4044 -45.57 19.2
4045 -49.37 49.81
4046 -32.81 37.2
4047 -17.56 49.27
4048 -31.39 0.48
4049 -23.47 32.26
4050 -15.9 49.02
4051 -39.07 36.23
4052 -29.98 48.71
4053 -23.91 33.42
4054 -31.93 21.91
4055 -15.5 12.26
4056 -42.46 13.72
4057 -30.85 8.03
4058 -26.89 32.76
4059 -19.48 39.95
4060 -37.76 20.46
4061 -25.18 16.85
4062 -14.12 18.57
4063 -19.05 42.75
4064 -42.53 13.03
4065 -10.05 10.04
4066 -13.8 25.96
4067 -22.67 49.12
4068 -50.07 43.78
4069 -33.21 46.59
4070 -6.85 30
4071 -43.72 48.71
4072 -24.27 16.83
4073 -17.11 42.1
4074 -30.05 51.16
4075 -39.15 36.6
4076 -20.97 35.33
4077 -1.9 12.33
4078 -22.6 2.62
4079 -15.65 40.47
4080 -50.52 13.14
4081 -39.1 45.23
4082 -42.35 31.84
4083 -23.62 29.29
4084 -23.88 40.42
4085 -37.94 4.84
4086 -21.07 50.25
4087 -15.09 49.19
4088 -39.29 45.34
4089 -12.03 51.72
4090 -36.32 17.34
4091 -0.67 51.18
4092 -31.03 24.82
4093 -27.44 22.09
4094 -10.56 1.64
4095 -34.3 43.09
4096 -36.32 28.6
4097 -27.96 21.4
4098 -50.69 46.2
4099 -2.14 51.59
4100 -23.95 42.1
4101 -40.35 40.09
4102 -37.28 45.02
4103 -5.89 22.96
4104 -42.21 44.09
4105 -9.43 17.92
4106 -36.62 26.53
4107 -18.87 29.62
4108 -51.71 35.17
4109 -36.81 46.31
4110 -37.41 29.79
4111 -25.92 19.11
4112 -8.03 41.25
4113 -2.97 1.88
4114 -20.99 26.25
4115 -16.35 5.12
4116 -12.73 12.46
4117 -25.01 24.22
4118 -47.19 50.01
4119 -42.1 30.9
4120 -16.34 37.4
4121 -31.45 19.05
4122 -16.19 0.96
4123 -36.13 50.33
4124 -12.16 35.42
4125 -13.21 40.47
4126 -27.1 49.57
4127 -6.35 6.65
4128 -28.06 2.66
4129 -28.91 9.32
4130 -33.96 16.57
4131 -29.04 45.26
4132 -37 46.69
4133 -44.7 2.05
4134 -0.47 32.19
4135 -37.11 2.32
4136 -40.89 16.81
4137 -37.29 36.09
4138 -1.94 5.08
4139 -40.5 40.94
4140 -29.41 14.1
4141 -31.2 21.24
4142 -27.89 24.04
4143 -26.7 37.55
4144 -14.39 23.47
4145 -40.05 23.13
4146 -35.91 48.36
4147 -43.05 17.09
4148 -19.14 20.91
4149 -20.63 3.28
4150 -25.12 19.61
4151 -3.94 25.26
4152 -9.35 14.02
4153 -19.1 41.23
4154 -30.17 11.29
4155 -25.4 27.13
4156 -48.37 27.11
4157 -18.67 24.12
4158 -9.67 43.78
4159 -15.26 12.89
4160 -36.02 43.58
4161 -39.94 3.31
4162 -39.92 39.45
4163 -8.36 50.52
4164 -1.8 26.58
4165 -13.71 48.51
4166 -21.78 26.92
4167 -8.46 17.65
4168 -26.4 31.13
4169 -9.95 27.57
4170 -22.22 24.09
4171 -18.72 2.87
4172 -26.99 18.59
4173 -29.89 37.39
4174 -50.28 4.18
4175 -47.76 45.15
4176 -15.98 1.82
4177 -41.27 35.71
4178 -1.75 23.42
4179 -50 17.16
4180 -13.67 3.55
4181 -49.99 11.71
4182 -48.88 35.45
4183 -34.11 6.46
4184 -1.55 23.28
4185 -14.9 44.06
4186 -46.93 23.77
4187 -9.88 33.62
4188 -19.02 21.92
4189 -26.1 39.77
4190 -32.93 36.82
4191 -6.17 41.38
4192 -44.61 16.43
4193 -39.86 47.44
4194 -32.12 46.36
4195 -49.91 37.86
4196 -17.1 45.8
4197 -29.25 15.43
4198 -21.89 13.98
4199 -4.79 30.88
4200 -22.94 23.44
4201 -14.73 39.21
4202 -20.83 37.39
4203 -7.31 24.61
4204 -12.38 7.37
4205 -44.2 0.93
4206 -9.84 12.83
4207 -29.27 17.89
4208 -13.33 2.45
4209 -48.82 36.65
4210 -22.51 45.46
4211 -6.78 14.25
4212 -29.68 7.13
4213 -40.64 3.55
4214 -34.44 19.09
4215 -10.05 12.95
4216 -0.16 5.38
4217 -10.3 24.78
4218 -49.39 20.99
4219 -28.37 37.13
4220 -38.07 9.78
4221 -42.13 40.09
4222 -5.98 15.43
4223 -17.88 19.4
4224 -4.05 38.83
4225 -51.81 14.7
4226 -48.48 46.09
4227 -20.74 26.11
4228 -29.67 26.16
4229 -12.78 9.38
4230 -41.85 12.11
4231 -37.01 22.83
4232 -47.62 42.01
4233 -30.53 47.31
4234 -32.45 45.01
4235 -22.31 26.42
4236 -14.51 38.04
4237 -1.47 12.45
4238 -51.37 40.01
4239 -46.36 38.87
4240 -21.1 22.95
4241 -36.56 13.7
4242 -39.81 17.58
4243 -11.26 5.3
4244 -34.21 17.48
4245 -49.11 24.04
4246 -46.88 24.06
4247 -14.08 34.13
4248 -48.96 10.02
4249 -22.55 44.61
4250 -19.03 48.93
4251 -2.49 12.39
4252 -24.84 1.06
4253 -8.59 23.48
4254 -10.36 43.73
4255 -14.68 2.95
4256 -16.65 31.46
4257 -16.56 51.24
4258 -24.07 23.99
4259 -41.47 27.82
4260 -19.39 6.28
4261 -30.34 38.59
4262 -40.24 14.27
4263 -43.81 11.94
4264 -4.55 4.72
4265 -1.66 14.36
4266 -26.75 43.1
4267 -11.68 23.67
4268 -47.16 19.11
4269 -10.85 39.79
4270 -10.27 25.04
4271 -24.02 45.05
4272 -11.82 46.44
4273 -18.43 40.58
4274 -35.92 35.89
4275 -42.17 7.91
4276 -14.02 3.31
4277 -37.1 40.03
4278 -51.98 2.26
4279 -6.98 28.91
4280 -43.28 24.05
4281 -34.68 28.16
4282 -19.36 37.55
4283 -4.67 46.36
4284 -1.68 34.04
4285 -7.08 35.04
4286 -28.09 11.95
4287 -6.39 50.62
4288 -6.72 39.91
4289 -43.32 24.83
4290 -0.26 42.64
4291 -45.96 1.01
4292 -41.05 14.28
4293 -36.06 31.06
4294 -7.98 8.55
4295 -32.6 10.56
4296 -6.25 18.78
4297 -4.33 15.28
4298 -29.17 25.61
4299 -7.65 28.52
4300 -11.56 30.85
4301 -10.32 34.25
4302 -32.87 39.66
4303 -47.09 16.71
4304 -9.06 39.59
4305 -49.75 5.94
4306 -6.95 9.32
4307 -43.12 43.71
4308 -42.3 15.52
4309 -24.07 27.18
4310 -37.75 50.28
4311 -36.58 4.68
4312 -39.48 44
4313 -37.13 40.91
4314 -17.44 36.17
4315 -34.54 44.78
4316 -46.55 48.52
4317 -3.7 44.86
4318 -9.58 46.94
4319 -2.05 18.32
4320 -24.26 18.64
4321 -47.49 51.8
4322 -43.52 31.21
4323 -46.74 38.61
4324 -13.8 1.34
4325 -51.62 38.33
4326 -10.53 19.07
4327 -11.07 3.72
4328 -12.15 17.54
4329 -1.71 48.2
4330 -8.5 49.11
4331 -45.64 36.26
4332 -29.12 3.05
4333 -49.99 49.34
4334 -15.66 6.22
4335 -44.39 19.56
4336 -19.36 39.92
4337 -38.66 39.88
4338 -26.49 30.4
4339 -31.74 0.92
4340 -6.77 7.81
4341 -26.88 50.88
4342 -2.6 17.31
4343 -34.85 5.47
4344 -21.19 14.76
4345 -11.87 4.08
4346 -40.34 29.69
4347 -0.26 25.03
4348 -22.38 36.99
4349 -10.73 17.77
4350 -37.33 5.56
4351 -13.01 3.12
4352 -43 24.22
4353 -2.62 19.19
4354 -39.63 37.02
4355 -12.35 34.37
4356 -0.77 46.4
4357 -11.71 39.24
4358 -44.71 3.38
4359 -37.66 14.08
4360 -18.17 33.43
4361 -30.64 17.05
4362 -42.09 26.03
4363 -11.02 30.91
4364 -16.2 31.99
4365 -5.07 21.76
4366 -44.4 21.06
4367 -45.28 18.08
4368 -4.79 35.41
4369 -39.95 47.9
4370 -49.79 44.42
4371 -38.83 0.3
4372 -7.06 50.57
4373 -21.47 50.54
4374 -32.15 19.3
4375 -0.73 26.65
4376 -11.22 50.32
4377 -24.35 31.37
4378 -10.28 20.83
4379 -20.34 2.9
4380 -24.66 46.01
4381 -15.07 25.42
4382 -11.02 17.06
4383 -19.99 8.35
4384 -23.77 15.82
4385 -8.24 27.46
4386 -27.77 21.57
4387 -39.66 47.07
4388 -13.14 34.83
4389 -2.13 28.65
4390 -22.82 45.29
4391 -11.13 2.86
4392 -1.76 34.04
4393 -2.88 35.48
4394 -38.38 31.56
4395 -25.57 23.22
4396 -16.16 30.56
4397 -15.15 8.16
4398 -16.51 27.19
4399 -43.01 35.14
4400 -30.13 40.29
4401 -29.38 18.77
4402 -33.37 5.9
4403 -8.25 36.56
4404 -32.73 46.51
4405 -7.32 29.91
4406 -32.77 3.55
4407 -37.59 18.45
4408 -21.45 2.05
4409 -33.62 7.99
4410 -31.22 7.84
4411 -5.92 7.19
4412 -15.36 14.9
4413 -42.09 21.07
4414 -23.74 51.39
4415 -7.2 0.62
4416 -19.4 1.87
4417 -7.77 4.1
4418 -40.66 0.77
4419 -14.8 35.54
4420 -13.45 21.39
4421 -24.94 22.12
4422 -8.09 13.75
4423 -15.8 30.06
4424 -38.05 29.54
4425 -4.9 49.42
4426 -24.14 36.79
4427 -51.7 10.83
4428 -31.9 7.02
4429 -6.41 9.31
4430 -9.94 23.16
4431 -25.03 33.14
4432 -37.24 29.34
4433 -49.63 0.32
4434 -35.87 45.43
4435 -34.34 12.43
4436 -34.55 49.32
4437 -30.59 26.81
4438 -4.87 10.16
4439 -39.7 46.4
4440 -11.34 10.44
4441 -14.76 12.13
4442 -22.96 35.48
4443 -42.5 14.46
4444 -43.29 22.38
4445 -13.07 16.44
4446 -17.1 1.23
4447 -50.09 38.1
4448 -5.95 2.34
4449 -15.29 47.72
4450 -8.15 9.34
4451 -6.66 49.64
4452 -24.45 10.22
4453 -20.38 4.78
4454 -51.18 48.84
4455 -7.28 27.61
4456 -7.26 10.52
4457 -13.53 22.04
4458 -4.02 49.74
4459 -20.12 4.03
4460 -39.99 47.32
4461 -48.55 0.71
4462 -38.82 5.09
4463 -26.96 46.65
4464 -9.89 12.29
4465 -21.63 42.25
4466 -7.41 18.05
4467 -28.27 47.81
4468 -0.59 31.86
4469 -28.7 16.18
4470 -11.31 51.77
4471 -29.82 3.51
4472 -45.07 18.57
4473 -16.31 43.35
4474 -14.9 49.1
4475 -11.94 3.95
4476 -4.67 2.9
4477 -27.51 8.49
4478 -22.66 11.01
4479 -23.3 21.99
4480 -12.25 32.56
4481 -18.13 12.45
4482 -8.26 19.66
4483 -19.05 13.92
4484 -30.1 8.86
4485 -28.15 15.27
4486 -38.3 8.93
4487 -27.5 25.49
4488 -16.84 31.38
4489 -28.48 43.81
4490 -47.77 31.75
4491 -2.17 7.94
4492 -16.43 19.96
4493 -30.97 49.2
4494 -19.2 6.62
4495 -6.7 21.79
4496 -34.24 50.97
4497 -38.15 44.35
4498 -6.27 10.02
4499 -18.88 5.2
4500 -40 3.9
4501 -12.83 14.56
4502 -40.05 26.3
4503 -25.2 40.34
4504 -51.67 4.9
4505 -4.17 21.2
4506 -29.14 14.96
4507 -34.92 25.86
4508 -23.06 13.1
4509 -19.72 33.41
4510 -22.72 42.26
4511 -41.23 45.94
4512 -5.81 24.48
4513 -34.51 46.91
4514 -0.11 12.08
4515 -35.5 20.91
4516 -35.47 7.63
4517 -1.46 48.34
4518 -4.2 43.05
4519 -15.47 26.66
4520 -47.87 3.87
4521 -18.84 19.64
4522 -13.02 25.01
4523 -38.11 21.28
4524 -22.22 36.08
4525 -45.87 25.35
4526 -38.81 44.94
4527 -17.43 2.62
4528 -49.53 44.62
4529 -4.71 51.94
4530 -40.37 17.17
4531 -24.8 7.73
4532 -4.07 23.85
4533 -34.42 45.78
4534 -20.45 8.27
4535 -31.67 49.89
4536 -37.05 16.32
4537 -8.85 18.03
4538 -39.31 50.07
4539 -1.67 46.97
4540 -39.84 9.53
4541 -22 47.54
4542 -17.69 26.66
4543 -19.28 39.43
4544 -6.89 15.22
4545 -51.91 43.51
4546 -51.25 47.26
4547 -38.63 24.72
4548 -38.02 3.32
4549 -31.12 21.05
4550 -38.46 6.47
4551 -42.31 30.31
4552 -48.34 23.51
4553 -21.58 51.17
4554 -13.66 3.17
4555 -12.71 23.26
4556 -38.32 1.5
4557 -28.16 34.71
4558 -41.66 4.01
4559 -38.76 14.97
4560 -6.48 48.55
4561 -11.33 38.67
4562 -30.91 5.73
4563 -28.58 17.49
4564 -38.54 16.94
4565 -42.93 27.22
4566 -5.53 25.01
4567 -16.04 33.25
4568 -51.94 1.87
4569 -5.04 37.63
4570 -28.41 33.12
4571 -34.62 37.27
4572 -39.5 34.25
4573 -5.79 30.31
4574 -45.28 29.16
4575 -45.23 44.55
4576 -31.22 51.76
4577 -25.02 24.09
4578 -41.58 10.14
4579 -46.6 21.12
4580 -48.34 47.64
4581 -40.17 37.53
4582 -38.3 21.39
4583 -23.26 4.22
4584 -9.37 38.24
4585 -19.36 47.82
4586 -0.62 5.3
4587 -39.55 21.51
4588 -51.82 7.64
4589 -4.33 45.34
4590 -5.41 12.62
4591 -31.9 17.08
4592 -41.17 36.64
4593 -14.3 4.92
4594 -26.04 50.27
4595 -45.92 8.9
4596 -13.95 41.9
4597 -11.29 34.09
4598 -38.31 0.26
4599 -38.5 2.07
4600 -17.42 47.68
4601 -0.98 25.39
4602 -46.9 18.04
4603 -45.2 8.06
4604 -20.92 14.24
4605 -26.86 49.53
4606 -14.62 26.34
4607 -10.98 26.28
4608 -31.21 3.79
4609 -21.59 44.8
4610 -1.7 24.77
4611 -14.68 15.51
4612 -17.12 15.65
4613 -15.91 25.97
4614 -47.57 22.96
4615 -18.64 21.94
4616 -14.85 12.99
4617 -50.55 39.15
4618 -14.73 9.75
4619 -43.51 43.75
4620 -41.29 35.65
4621 -9.99 37.89
4622 -12.17 3.91
4623 -27.22 40.49
4624 -33.29 10.9
4625 -35.68 48.81
4626 -31.84 2.51
4627 -37.69 17.88
4628 -11.37 48.97
4629 -19.93 21.12
4630 -43.06 6.94
4631 -19.93 6.09
4632 -12.76 25.43
4633 -35.18 18.48
4634 -10.24 27.49
4635 -30.67 46.21
4636 -51.62 51.53
4637 -22.96 40.66
4638 -48.68 11.8
4639 -42.22 17.7
4640 -14.52 29.97
4641 -0.01 45.42
4642 -11.3 13.88
4643 -30.37 37.7
4644 -6.82 22.68
4645 -49.14 17.82
4646 -23.92 17.41
4647 -42.84 17.08
4648 -3.08 4.2
4649 -51.22 45.55
4650 -39.76 32.84
4651 -51.89 29.89
4652 -38.07 6.91
4653 -18.71 22.85
4654 -40.56 34.75
4655 -32.25 8.93
4656 -2.36 22.6
4657 -36.48 32.26
4658 -17.96 33.18
4659 -23.38 34.38
4660 -0.2 44.3
4661 -9.71 20.53
