%%index real_part   imaginary_part
4931 4931 4931
1 5.01 22.32
2 98.02 37.2
3 30.4 28.99
4 46.05 2.57
5 80.59 142.43
6 142.4 106.8
7 11.83 71.53
8 48.99 26.82
9 32.58 114.1
10 80.07 72.38
11 128.99 104.39
12 26.8 45.68
13 87.65 18.26
14 16.68 113.45
15 27 140.52
16 65.36 54.95
17 92.16 32.01
18 61 20.39
19 68.48 122.56
20 24.51 9.58
21 116.38 51.59
22 123.12 23.91
23 96.25 30.73
24 47.36 29.11
25 101.49 128.84
26 135.75 127.43
27 30.11 133
28 53.78 19.55
29 35.52 20.28
30 63.32 115.98
31 27.94 62.52
32 94.53 128.69
33 6.08 120.1
34 2.18 58.06
35 67.64 120.08
36 28.67 26.7
37 96.13 86.54
38 117.27 8.79
39 83.42 94.91
40 80.75 67.15
41 51.58 87.44
42 122.96 119.02
43 138.57 127.21
44 4.5 33.75
45 52.25 76.62
46 139.14 67.82
47 53.51 80.19
48 102.81 136.2
49 96.78 105.11
50 82.19 105
51 34.22 21.42
52 10.48 13.38
53 67.69 32.87
54 127.78 30.27
55 97.43 8.12
56 141.08 111.05
57 87.07 6.01
58 133.23 121.04
59 57.31 128.17
60 61.79 40.25
61 108.07 109.57
62 46.76 103.45
63 142.17 64.11
64 71.74 52.1
65 59.62 95.95
66 19.89 10.94
67 24.32 93.84
68 29.23 30.37
69 60.65 92.02
70 2.66 59.54
71 27.59 60.6
72 112.13 0.74
73 24.3 114.67
74 2.36 102.36
75 45.13 81.62
76 93.71 64.15
77 70.12 55.73
78 119.84 42.99
79 95.09 69.3
80 22.25 48.58
81 105.04 11.71
82 8.07 42.15
83 118.04 31.89
84 26.43 37.31
85 96.85 81.21
86 141.81 29.09
87 75.35 124.44
88 141.63 110.95
89 115.83 2.17
90 129.31 0.99
91 110.66 17.97
92 73.7 80.02
93 123.02 83.31
94 9.61 96.06
95 1.64 75.11
96 132.35 77.38
97 22.05 9.21
98 41.1 140.42
99 34.73 140.1
100 78.31 67.53
101 142.14 34.1
102 61.07 122.65
103 136.12 120.01
104 122.18 59.7
105 106.22 108.95
106 29.44 108.5
107 91.04 119.4
108 59.71 5.66
109 101.72 116.58
110 94.22 69.32
111 49.23 5.89
112 15.1 83.57
113 80.99 71.28
114 113.9 101.72
115 71.77 18.25
116 97.87 94.74
117 119.91 70.91
118 93.44 15.94
119 121.17 113.03
120 78.98 72.62
121 83.64 84.39
122 60.79 10.95
123 16.61 77.21
124 50.79 120.51
125 92.35 20.86
126 72.27 2.01
127 131.1 44.1
128 115.39 87.37
129 91.61 114.62
130 132.87 131.81
131 129.07 20.38
132 136.81 87.74
133 6.21 105.98
134 76.01 87.25
135 62.39 127.38
136 68.77 57.52
137 68.47 48.56
138 125.77 32.08
139 9.59 130.6
140 53.98 79.08
141 126.62 4.47
142 48.57 126.25
143 116.14 114.72
144 86.34 66.48
145 100.82 64.75
146 130.65 121.73
147 112 86.89
148 49.88 124.46
149 114.23 118.21
150 102.59 28.41
151 85.93 79.15
152 127.71 73.88
153 105.96 56.92
154 90.05 13
155 92.08 18.08
156 22.55 1.03
157 127.29 121.22
158 92.95 116.64
159 40.13 100.43
160 22.19 81.81
161 106.07 140.95
162 130.36 55.36
163 36.83 75.07
164 95.8 37.24
165 65.66 53.58
166 132.73 55.39
167 129.27 54.11
168 111.04 19.96
169 32.96 92.23
170 110.31 58.09
171 59.12 27.57
172 5.79 35.38
173 9.03 43.41
174 46.37 1.26
175 128.6 94.68
176 138.15 114.08
177 26.44 91.67
178 69.26 125.51
179 65.28 108.79
180 19.38 22.06
181 122.97 130.94
182 42.05 54.63
183 74.6 11.76
184 103.99 55.61
185 113.7 107.56
186 37.65 116.83
187 54.73 75.35
188 21.28 43.45
189 44.71 63.76
190 60.96 67.65
191 38.73 75.83
192 24.5 56.11
193 38.63 65.18
194 30.97 139.28
195 18.34 103.91
196 137.37 95.87
197 7.51 43.83
198 55.59 81.94
199 137.56 82.11
200 92.19 62.11
201 81.46 10.78
202 86.13 129.85
203 75.82 136.19
204 102.48 9.94
205 77.59 23.05
206 98.89 20.44
207 76.56 18.85
208 129.55 123.39
209 22.2 17.71
210 24.14 63.04
211 15.92 40.54
212 129.9 18.51
213 2.97 23.43
214 8.06 42.49
215 104.6 140.53
216 53.84 2.77
217 35.14 88.58
218 81.78 42.49
219 52.43 110.96
220 134.02 41.26
221 107.22 32.55
222 51.4 89.91
223 115.82 40.78
224 104.01 83.47
225 3.51 138.02
226 81.09 128.15
227 49.18 19.43
228 88.38 67.99
229 13 52.16
230 95.21 141.96
231 1.74 20.13
232 108.71 6.05
233 48.55 82.4
234 50.37 93.01
235 134.27 3.5
236 36.05 41.39
237 33.82 1.02
238 87.32 132.97
239 73.44 6.64
240 47.19 48.34
241 79.01 76.96
242 141.91 30.8
243 98.79 128.2
244 82.88 87.3
245 131.78 14.31
246 34.44 80.61
247 86.67 36.04
248 118.45 45.68
249 138.69 37.74
250 41.24 25.82
251 112.73 32.49
252 33.51 77.3
253 112.79 3.55
254 55.71 120.83
255 71.69 43.24
256 120.2 5.42
257 36.22 7.71
258 38.43 21.63
259 11.45 37.53
260 51.85 23.83
261 104.44 0.24
262 36.28 131.81
263 80.01 48.11
264 131.37 57.25
265 83.07 121.23
266 10.72 29.62
267 9.44 98.32
268 101.87 89.75
269 113.1 122.23
270 22.47 60.11
271 65.53 87.32
272 95.03 45.19
273 66.83 4.28
274 41.81 35.98
275 59.81 78.28
276 124.04 139.18
277 128 66.77
278 17.41 62.85
279 120.1 110.53
280 88.76 5.78
281 35.4 60.18
282 61.02 2
283 137.27 44.84
284 24.08 19.9
285 125.53 107.38
286 51.7 92.07
287 137.27 93.58
288 97.86 49.25
289 130.75 106.62
290 87.42 42.2
291 38.38 47.56
292 16.85 68.47
293 131.32 68.9
294 36.44 34.26
295 40.05 108.42
296 71.12 125.2
297 127.21 120.97
298 22.82 132.15
299 54.57 24
300 131.38 92.42
301 41.49 82.62
302 33.2 85.6
303 37.37 81.28
304 90.42 33.59
305 121.31 25.12
306 118.2 34.85
307 103.32 16.69
308 85.6 135.06
309 26.32 137.16
310 5.1 122.04
311 6.76 111.89
312 89.87 76.23
313 110.9 36.49
314 60.5 112.69
315 107.63 22.47
316 105.09 94.4
317 82.53 51.64
318 132.93 40.81
319 119.92 119.9
320 2.03 80.35
321 17.72 98.23
322 114.93 120.23
323 14.81 23.56
324 17.72 103.05
325 127.61 41.14
326 55.55 22.83
327 1.58 134.37
328 73.39 2.42
329 17.63 112.48
330 134.95 36.41
331 130.81 125.26
332 33.91 142.56
333 85.89 70.34
334 47.25 69.36
335 52.23 62.82
336 18.05 94.8
337 117.55 69.96
338 93.52 35.5
339 41.07 132.37
340 76.03 13.77
341 36.6 25.68
342 62.58 131.58
343 36.53 38.18
344 7.66 135.97
345 29.38 54.16
346 81.95 45.13
347 44.69 62.71
348 35.58 18.38
349 87.74 33.1
350 95.92 128.35
351 80.15 42.49
352 112.45 16.5
353 97.52 100.22
354 89.59 108.5
355 122.27 138.6
356 21.28 68.14
357 56.73 61.39
358 2.09 83.86
359 122.35 93.26
360 49.94 9.75
361 100.4 54.25
362 19.49 131.89
363 7.27 47.61
364 80.71 55.07
365 40.42 140.53
366 40.03 33.64
367 95.66 23.09
368 123.31 55
369 20.5 50.18
370 45.78 115.43
371 40.57 45.29
372 106.68 67.07
373 53.45 97.3
374 93.08 108.77
375 21.04 78.33
376 132.58 0.03
377 34.44 121.44
378 71.57 9.07
379 64.14 41.72
380 84.77 9.29
381 88.45 7.08
382 30.17 124.8
383 36.81 41.11
384 91.29 56.01
385 28.44 102.83
386 5.13 39.6
387 106.67 69.01
388 68.84 14.33
389 25.63 62.64
390 140.97 18.92
391 64.47 46.67
392 70.64 130.56
393 42.15 1.44
394 88.68 142.21
395 54.02 8.82
396 15.9 30.45
397 12.26 142.47
398 86.1 91.6
399 50.13 94.59
400 99.94 34.4
401 119.52 78.57
402 50.1 7.59
403 67.45 83.19
404 48.35 118.94
405 40.39 93.08
406 139.75 46.33
407 79.41 7.38
408 8.82 112.91
409 14.65 24.08
410 32.9 97.5
411 127.96 68.67
412 68.15 94.33
413 88.45 42.74
414 39.85 11.25
415 91.17 138.58
416 119.67 42.31
417 49.91 67.69
418 53.4 26.77
419 48.24 117.36
420 112.96 4.28
421 50.61 134.15
422 141.53 12.23
423 125.15 32.54
424 56.62 7.36
425 7.38 139.8
426 65.47 135.05
427 131.9 37.86
428 80.6 36.14
429 92.92 77.35
430 118.45 22.97
431 65.29 41.09
432 11.31 95.12
433 24.41 17.72
434 37.6 110.23
435 114.51 118.17
436 109.32 7.56
437 65.31 67.64
438 100.18 107.86
439 17.74 47.46
440 89.78 59.33
441 96.9 25.12
442 108.51 12.26
443 93.92 85.8
444 20.15 91.63
445 114.61 43.84
446 130.46 41.12
447 38.76 82.42
448 2.66 44.29
449 11.52 108.69
450 83.87 85.78
451 138.86 126.04
452 50.68 50.19
453 15.05 61.17
454 108.64 53.39
455 15.24 78.31
456 5.96 55.42
457 113.2 112.14
458 54.94 114.47
459 63.1 109.65
460 10.49 120.61
461 18.73 80.23
462 65.17 43.47
463 87.76 103.01
464 68.7 67.83
465 10.61 99.29
466 127.85 9.57
467 105.29 51.99
468 113.17 35.53
469 134.44 22.86
470 101.18 78.81
471 36.75 6.68
472 118.82 107.14
473 124.13 52.48
474 19.13 76.28
475 53.89 44.23
476 124.47 75.14
477 118.62 118.14
478 78.15 46.64
479 17 63.38
480 65.19 49.38
481 104.47 73.13
482 125.13 50.04
483 131.1 66.76
484 89.63 95.3
485 76.63 122.54
486 31.75 93.33
487 57.47 15.9
488 113.9 53.09
489 129.38 38.6
490 128.35 133.03
491 110.7 85.79
492 60.94 12.34
493 104.51 131.84
494 52.22 41.61
495 90.99 121.51
496 51.64 19.94
497 69.98 97.99
498 21.75 79.29
499 31.59 58.08
500 83.15 13.9
501 107.23 10.74
502 26.65 17.42
503 70.51 67.22
504 105.82 140.55
505 33.11 102.41
506 90.73 136.7
507 6.04 0.81
508 132.65 54.19
509 95.8 110.55
510 89.06 87.39
511 107.33 89.32
512 44.31 43.23
513 122.52 79.84
514 137.92 111.58
515 125.49 56.64
516 67.38 123.59
517 141.01 89.72
518 13.95 94.03
519 137.11 114.05
520 118.98 22.29
521 61.51 27.22
522 73.55 66.71
523 120.9 67.56
524 80.63 108.72
525 53.11 119.23
526 111.07 72.22
527 115.45 62.97
528 142.81 12.38
529 26.48 140.49
530 54.13 40.25
531 66.37 8.97
532 1.22 24.04
533 20.59 109.9
534 80.95 60.69
535 128.5 14.7
536 87.44 102.46
537 71.69 47.02
538 17.1 63.51
539 29.23 95.12
540 71.35 97.73
541 26.95 127.87
542 93.36 39.42
543 97.32 44.92
544 87.94 138.69
545 35.94 123.8
546 35.3 44.59
547 68.63 102.31
548 69.22 82.04
549 142.73 134.75
550 51.97 52.69
551 57.67 128.23
552 77.77 41.94
553 105.45 129.37
554 81.49 94.87
555 95.13 37.21
556 67.6 55.36
557 140.3 24.6
558 69.53 17.96
559 13.65 94.62
560 120.94 59.99
561 104.58 95.11
562 99.95 58.76
563 140.8 75.74
564 113.01 71.69
565 124.38 140.53
566 28.29 21.98
567 63.92 84.58
568 116.47 8.58
569 103.46 71.9
570 109.11 100.48
571 12.84 101.11
572 125.71 79.23
573 142.71 10.14
574 7.28 97.76
575 14.75 58.88
576 10.99 30.74
577 89.51 21.86
578 0.12 110.94
579 39.63 87.31
580 130.37 113.13
581 135.11 66.54
582 53.64 61.18
583 69.76 101.56
584 30.46 27.11
585 127.59 75.74
586 33.85 42.09
587 23.84 140.43
588 53.09 16.57
589 114.33 23.55
590 82.43 105.89
591 136.63 31.61
592 53.47 138.94
593 9.41 128.66
594 72.98 53.59
595 69.24 94.56
596 63.62 105.87
597 24.05 61.35
598 19.91 117.26
599 1.37 93.81
600 26.56 95.89
601 40.5 128.96
602 28.91 60.41
603 76.98 64.34
604 87.89 82
605 90.41 93.84
606 125.45 72.84
607 68.79 129.57
608 115.23 81.44
609 37.55 78.2
610 75.28 90.73
611 53.6 106.79
612 25.14 138.91
613 113.17 77.65
614 28.47 90.58
615 88.99 114.55
616 100.51 55.03
617 17.96 129.5
618 96.36 129.43
619 113.95 140.47
620 91.31 41.26
621 16.62 61.37
622 93.46 119.28
623 57.72 85.41
624 66.13 65.69
625 13.43 95.27
626 59.06 43.94
627 39.85 67.03
628 1.69 129.72
629 122.82 10.02
630 27.09 75.68
631 33.23 68.82
632 100.84 30.13
633 62.08 51.19
634 94.18 54.2
635 140.98 33.03
636 139.92 88.01
637 64.29 14.61
638 2.54 90.38
639 58.6 24.53
640 22.32 68.68
641 112.62 72.03
642 41.58 126.9
643 113.63 54.99
644 65.01 88.79
645 21.47 138.97
646 64.79 137.63
647 24.76 100.22
648 53.94 22.63
649 122.36 86.84
650 22.39 5.12
651 93.14 120.34
652 134.95 64.84
653 57.74 14.43
654 84.49 137.5
655 108.7 116.34
656 90.89 106.81
657 90.72 123.84
658 35.83 35
659 123.79 106.87
660 102.84 3.36
661 140.99 47.79
662 5.01 70.16
663 138.31 68.27
664 12.11 58.95
665 64.08 117.67
666 95.02 80.03
667 47.39 14.22
668 74.17 86.97
669 126.99 105.13
670 124 61.18
671 25 92.69
672 119.05 117.41
673 9.41 18.24
674 27.63 11.88
675 60.77 35.73
676 83.52 32.99
677 103.15 58.76
678 127.04 88.53
679 4.49 0.99
680 118.66 41.67
681 24.22 114.09
682 30.83 70.68
683 60.18 71.61
684 79.27 105
685 68.71 89.69
686 39.39 105.79
687 80.2 139.23
688 14.47 60.96
689 72.85 135.14
690 27.87 87.62
691 23.13 133.62
692 94.9 111.39
693 102.44 28.81
694 29.8 124.46
695 23.14 106.93
696 123.54 5.46
697 121.67 92.88
698 21.5 11.37
699 18.9 84.37
700 31.06 3.29
701 109.08 87.61
702 83.84 115.97
703 33.94 91.8
704 129.46 0.83
705 88.45 9.31
706 142.93 14.33
707 28.24 111.58
708 42.91 140.35
709 121.82 130.69
710 140.14 72.71
711 78.18 47.48
712 140.36 120.69
713 34.58 102.37
714 43.74 64.38
715 67.67 53.48
716 141.09 74.8
717 47.78 33.75
718 28.08 81.93
719 82.76 127.24
720 136.55 14.54
721 74.4 73.73
722 87.84 39
723 36.35 102.64
724 135.85 130.75
725 60.47 60.69
726 108.17 35.52
727 58.73 41.17
728 0.54 8.06
729 72.44 93.31
730 49.32 44.28
731 21.6 140.12
732 76.39 47.41
733 31.87 114.9
734 99.14 104.47
735 21.54 114.63
736 90.89 138.21
737 34.21 95.94
738 101.1 35.73
739 23.48 116.09
740 33.78 139.48
741 32 129.47
742 27.64 44.48
743 52.54 136.25
744 132.08 28.18
745 117.98 124.98
746 24.62 38.4
747 85.82 139.59
748 111.49 101.02
749 108.01 117.69
750 134.84 113.16
751 108.37 129.55
752 82.49 82.73
753 118.46 45.11
754 18.2 86.12
755 82.6 44.47
756 76.46 51.98
757 141.98 17.12
758 10.37 104.11
759 34.81 51.52
760 33.51 142.45
761 83.38 55.32
762 51.91 103.65
763 61.67 26.2
764 46.41 65.92
765 81.6 72.21
766 104.28 38.25
767 23.51 92.5
768 137.61 89.3
769 32.42 44.49
770 88.96 12.81
771 110.31 115.02
772 34.66 22.43
773 29.06 109.3
774 63.34 45.03
775 90 109.39
776 21.71 96.85
777 103.03 30.38
778 102.1 73.62
779 42.07 67.22
780 139.43 51.03
781 89.29 26.19
782 118.69 100.72
783 47.02 15.32
784 59.81 113.3
785 28.63 124.96
786 96.98 51.3
787 119.25 138.95
788 7.77 34.16
789 79.19 5.31
790 114.7 71.11
791 70.49 71.71
792 4.62 38.94
793 15.08 30.52
794 97.74 106.72
795 14.76 57.15
796 83.35 139.7
797 142.94 6.57
798 21.89 59.04
799 74.87 92.48
800 74.44 127.22
801 35.52 103.5
802 1.97 73.94
803 108.1 57.29
804 108.12 55.26
805 126.38 89.81
806 18.52 125.35
807 21.29 99.39
808 32.43 23.14
809 32.39 36.37
810 93.53 32.69
811 29.39 92.67
812 99.24 79.4
813 40.96 74.85
814 24.33 23.65
815 53.39 18.35
816 121.86 98.77
817 29.71 88.92
818 48.73 26.35
819 81.62 137.81
820 130.14 13.86
821 139.21 110.52
822 66.91 5.67
823 74.33 17.5
824 53.87 99.34
825 34.55 9.24
826 101.91 49.92
827 129.32 63.95
828 41.32 103.67
829 29.84 72.81
830 91.16 65.66
831 21.43 83.24
832 74.68 115.54
833 141.9 96.67
834 137 123.41
835 137.27 126.04
836 93.56 124.15
837 32.34 133.48
838 7.98 62.99
839 64.85 9.19
840 18.44 107.38
841 14.3 99.4
842 20.35 120.35
843 126.55 46.15
844 21.48 61.68
845 29.86 13.39
846 96.63 15.16
847 130.71 96.81
848 50.48 28.31
849 54.25 32.13
850 15.17 90.01
851 71.16 48.52
852 84.53 11.25
853 74.24 6.02
854 15.21 138.03
855 102.41 139.09
856 95.49 79.17
857 56.53 19.24
858 110.91 18.37
859 125.57 85.6
860 98.99 132.39
861 4.55 57.95
862 11.76 98.15
863 28.98 37.78
864 69.91 62.25
865 9.26 83.23
866 34.28 130.6
867 44.37 125.94
868 131.96 21.33
869 16.36 21.13
870 17.22 49.69
871 128.87 21.3
872 40.54 15.24
873 79.13 87.92
874 30.52 53.97
875 43.36 107.22
876 22.17 32.03
877 130.18 47.91
878 85.7 33.93
879 141.7 61.69
880 1.92 58.13
881 45.74 53.48
882 36.42 81.72
883 103.05 135.63
884 13.77 70.9
885 23.12 21.94
886 43.24 76.51
887 137.27 8.99
888 142.43 129.3
889 40.27 118.92
890 83.14 75.47
891 107.5 83.63
892 34.06 7.83
893 87.29 140.21
894 58.9 22.28
895 80.42 85.99
896 42 60.82
897 45.07 28.68
898 21.31 123.94
899 97.37 5.12
900 27.06 35.08
901 111.6 120.49
902 32 115.82
903 102.12 105.87
904 127.32 31.43
905 106.9 44.91
906 128.54 67.46
907 120.82 116.92
908 114.13 65.13
909 87.41 65.11
910 53.62 30.03
911 136.38 24.83
912 99.03 95.62
913 76.57 38.45
914 89.09 120.35
915 57.95 30.94
916 8.43 116.16
917 88.98 26.55
918 34.95 85.95
919 117.38 93.63
920 138.54 19.27
921 132.25 126.8
922 100.72 26.61
923 91.74 110.07
924 77.7 117.38
925 4.41 81.67
926 106.51 131.33
927 83.95 43.31
928 81.76 62.54
929 85.41 17.52
930 48.46 27.86
931 46.54 0.37
932 72.44 102.41
933 45.36 38.04
934 131.67 9.91
935 74.7 65.26
936 94.58 29.74
937 56.35 63.96
938 76.55 97.83
939 72.21 50.61
940 132.28 11.26
941 142.59 122.14
942 22.46 141.31
943 106.38 83.54
944 3.59 104.22
945 34.6 48.79
946 94.68 97.57
947 102.51 81.14
948 21.71 24.13
949 34.04 50.39
950 18.18 10.38
951 85.64 108.75
952 75.23 112.76
953 113.11 141.99
954 95.12 54.3
955 65.56 42.32
956 66.99 84.41
957 128.24 110.67
958 96.74 89.45
959 96.19 91.62
960 42.94 100.33
961 100.42 130.8
962 114.46 137.62
963 64.27 59.93
964 12.85 136.17
965 49.08 98.32
966 109.59 31.03
967 46.31 134.72
968 36.24 87.34
969 141.64 16.43
970 104.27 131.36
971 118.29 109.73
972 77.4 28.26
973 117.71 103.54
974 97.68 76.66
975 33.99 116.43
976 104.23 140.62
977 37.77 36.94
978 142.39 121.21
979 16.91 102.04
980 102.88 12.24
981 88.79 111.51
982 103.23 69.47
983 59.33 135.11
984 54.06 41.99
985 30.36 103.5
986 70.23 60.85
987 89.12 51.17
988 11.71 50.15
989 126.82 109.35
990 82.78 109.4
991 107.02 63.33
992 100.27 89.53
993 113.27 1.79
994 6.36 2.19
995 59.95 130.18
996 98.69 109.24
997 81.24 5.75
998 43.38 104.44
999 3.44 140.57
1000 101.07 97.44
1001 60.81 79.32
1002 130.49 73.82
1003 123.98 52.45
1004 18.81 44.73
1005 11.13 107.8
1006 73.65 4.11
1007 139.17 20.67
1008 67.99 76.45
1009 78.64 11.96
1010 142.14 74.35
1011 86.11 138.59
1012 1.34 0.35
1013 7.31 24.35
1014 21.93 90.24
1015 90.2 56.27
1016 38.11 25.52
1017 1.87 8.02
1018 60.47 25.61
1019 115.86 125.85
1020 136.17 124.8
1021 31.44 126.99
1022 50.18 66.82
1023 0.27 27.61
1024 85.09 20.69
1025 140.56 124.43
1026 120.03 129.75
1027 130.1 83.68
1028 108.03 23.89
1029 114.14 39.93
1030 96.21 32.48
1031 58.01 61.34
1032 69.36 36.84
1033 107.97 59.88
1034 88.25 32.36
1035 14.16 80.83
1036 110.34 126.94
1037 96.28 45.6
1038 118.73 17.53
1039 83.74 142.08
1040 123.51 60.82
1041 47.57 81.31
1042 21.99 100.54
1043 124.44 80.19
1044 22.65 130.02
1045 19.51 141.1
1046 59.44 21.38
1047 58.22 123.04
1048 85.44 31.33
1049 63.69 23.2
1050 104.03 30.69
1051 14.63 123.37
1052 25.98 71.38
1053 134.43 110.91
1054 109.99 47.23
1055 10.58 75.17
1056 13.48 136.03
1057 93.57 58.15
1058 40.87 35.47
1059 22.5 120.53
1060 118.63 63.52
1061 84.9 87.53
1062 67.57 80.6
1063 14.45 45.64
1064 68.84 10.01
1065 86.22 123.66
1066 104.03 29.88
1067 3.78 3.37
1068 114.28 32.53
1069 79.77 138.21
1070 70.38 126.8
1071 22.35 135.87
1072 96.54 129.39
1073 21.86 115.92
1074 138.98 137.41
1075 103.45 89.88
1076 79.93 17.13
1077 0.25 90.87
1078 136.52 4.5
1079 60.03 14.7
1080 138.36 62.36
1081 137.76 3.25
1082 6.62 1.92
1083 34.45 141.54
1084 136.75 23.43
1085 52.75 16.74
1086 9.61 109.66
1087 96.05 120.62
1088 93.54 106.16
1089 3.09 20.43
1090 12.84 135.04
1091 54.7 9.07
1092 99.94 92.77
1093 142.8 54.95
1094 115.18 93.46
1095 58.35 105.35
1096 11.13 13.06
1097 14.98 53.11
1098 51.66 63.27
1099 132.22 94.96
1100 111.7 90.93
1101 57.59 41.97
1102 19.59 23.84
1103 32.52 56.16
1104 122.12 15.66
1105 53.22 81.13
1106 90.2 134.96
1107 130.25 107.92
1108 65.4 47.15
1109 43.13 32.57
1110 137.93 83.1
1111 96.16 101.48
1112 11.6 6.06
1113 69.33 13.67
1114 108.63 108.78
1115 102.23 58.56
1116 3.05 122.85
1117 3.69 16.83
1118 118.51 68.17
1119 129.35 81.73
1120 19.87 0.15
1121 37.63 85.09
1122 95.54 110.07
1123 59.74 24.89
1124 57.46 63.46
1125 3.56 102.88
1126 106.88 97.91
1127 103.97 99.72
1128 113.39 21
1129 129.78 75.83
1130 36.91 124.54
1131 104.4 89.02
1132 8.37 85.48
1133 56.17 10.61
1134 137.87 29.4
1135 29.56 42.52
1136 30.14 14.74
1137 27.33 112.71
1138 137.6 125.68
1139 46.14 132.6
1140 92.48 97.59
1141 52.5 49.7
1142 51.94 101.88
1143 122.89 59
1144 37.35 67.86
1145 49.4 12.19
1146 3.73 74.26
1147 62.26 56.32
1148 112.46 57.62
1149 132.55 118.44
1150 63.48 107.33
1151 24.59 64.63
1152 34.34 93.62
1153 76.3 51.92
1154 87.04 28.95
1155 29.06 24.96
1156 74.66 82.04
1157 40.93 127.08
1158 88.6 29.13
1159 96.99 66.34
1160 78.53 125.95
1161 102.73 48.91
1162 105.24 127.79
1163 42.41 22
1164 42.96 120.22
1165 84.55 77.48
1166 142.11 106.44
1167 57.07 109.14
1168 63.58 33.46
1169 107.93 35.89
1170 60.86 7.63
1171 89.67 136.99
1172 23.59 135.52
1173 21.65 33.12
1174 99.46 112.2
1175 95.15 21.16
1176 70.08 80.52
1177 65.31 100.41
1178 24.93 77.84
1179 100.58 10.24
1180 87.73 67.89
1181 31.33 42.13
1182 53.79 86.84
1183 120.3 133.92
1184 26.82 19.89
1185 27.52 130.75
1186 124.74 87.68
1187 125.72 19.72
1188 98.36 5.34
1189 20.06 49.9
1190 71.06 54.83
1191 135.35 115.21
1192 118.14 43.66
1193 24.02 103.18
1194 113.42 45.59
1195 113.48 124.6
1196 69.25 103.67
1197 93.04 47.34
1198 83.78 25.56
1199 45.46 115.86
1200 103.62 110.6
1201 100.8 118.5
1202 40.74 130.88
1203 136.22 83.53
1204 133.43 139.11
1205 50.94 13.28
1206 31.02 107.01
1207 53.2 88.81
1208 48.99 51.68
1209 97.28 122.74
1210 6.87 64.93
1211 71.13 113.28
1212 17.62 76.12
1213 101.69 21.17
1214 137.03 101.41
1215 114.53 49.67
1216 25.17 97.65
1217 85.54 72.34
1218 12.87 65.92
1219 62.03 124.28
1220 40.09 48.82
1221 58.35 15.49
1222 104.3 116.63
1223 25.31 14.07
1224 136.82 55.81
1225 23.26 122.59
1226 92.88 0.69
1227 122.33 94.39
1228 115.56 13.02
1229 16.95 126.54
1230 33.21 109.6
1231 109.77 131.49
1232 60.83 58.39
1233 124.31 -97.83
1234 79.12 -119.22
1235 70.56 -88.86
1236 104.35 -119.21
1237 138.36 -128.91
1238 142.99 -111.17
1239 23.98 -20.67
1240 45.79 -39.33
1241 40.02 -92.76
1242 44.16 -41.19
1243 54.21 -64.87
1244 48.42 -62.24
1245 74.36 -116.69
1246 105.18 -81.63
1247 140.02 -41.14
1248 138.97 -68.53
1249 44.75 -23.85
1250 15.23 -120.61
1251 142.34 -17.83
1252 3.74 -119.58
1253 133.27 -137.7
1254 15.38 -49.25
1255 88.58 -59.77
1256 9.54 -106.69
1257 4.88 -31.12
1258 96 -53.7
1259 115.94 -104.61
1260 78.3 -1.42
1261 128.57 -92.83
1262 133.97 -86
1263 11.53 -28.12
1264 51.97 -32.46
1265 55.6 -101.8
1266 119.63 -67.21
1267 89.31 -54.94
1268 49.65 -25.9
1269 120.67 -125.11
1270 41.88 -110.55
1271 119.76 -66.26
1272 142.9 -51.42
1273 7.64 -27.16
1274 131.77 -95.9
1275 142.84 -26.11
1276 118.94 -112.6
1277 101.12 -128.42
1278 13.54 -12.43
1279 44.89 -112.66
1280 116.98 -111.03
1281 80.76 -3.01
1282 57.96 -139.14
1283 22.04 -72.6
1284 54.71 -10.13
1285 23.2 -142.71
1286 111.49 -142.11
1287 50.54 -142.96
1288 27.12 -111.4
1289 109.82 -103.7
1290 129.81 -61.41
1291 31.01 -12.19
1292 43.13 -105.75
1293 20.7 -34.66
1294 4.32 -102.19
1295 115.74 -111.12
1296 114.13 -23.82
1297 19.96 -53.51
1298 28.63 -29.09
1299 84.74 -87.52
1300 87.24 -128.86
1301 127.97 -107.94
1302 107.9 -101.25
1303 115.17 -81.03
1304 41.74 -37.54
1305 98.96 -127.52
1306 139.71 -28.55
1307 36.83 -32.49
1308 67.15 -39.84
1309 44.55 -57.53
1310 25.65 -116.99
1311 140.82 -17.29
1312 116.32 -139.79
1313 71.4 -63.3
1314 7.83 -1.95
1315 33.33 -13.15
1316 23.61 -140.59
1317 98.84 -18.31
1318 99.34 -131.52
1319 71.58 -116.54
1320 101.06 -141.08
1321 72.16 -27.54
1322 105.56 -97.77
1323 40.13 -108.99
1324 69.04 -75.23
1325 49.23 -84.68
1326 4.49 -94.7
1327 137.01 -92.57
1328 12.87 -120.82
1329 25.29 -110.93
1330 124.08 -66.22
1331 63.81 -58.63
1332 122.46 -50.22
1333 38.74 -65.18
1334 38.72 -124.32
1335 24.93 -12.84
1336 40.39 -139.78
1337 140.07 -97.09
1338 108.6 -48.47
1339 123.7 -82.72
1340 69.92 -34.64
1341 31.86 -75.45
1342 25.02 -74.41
1343 52.23 -25.87
1344 136.81 -83.42
1345 6.64 -123.05
1346 84.2 -20.41
1347 70.63 -70.46
1348 135.64 -63.66
1349 44.98 -11.89
1350 24.74 -76.88
1351 119.18 -69.91
1352 69.52 -110.65
1353 61.64 -116.25
1354 101.49 -35.12
1355 69.77 -42.34
1356 20.32 -28.41
1357 102.82 -101.63
1358 30.03 -45.34
1359 31.28 -57.58
1360 37.63 -69.36
1361 135.29 -37.93
1362 108.39 -121.83
1363 88.01 -62.93
1364 120.34 -3.55
1365 125.95 -35.51
1366 105.43 -47.6
1367 60.77 -102.13
1368 120.9 -77.47
1369 112.6 -122.41
1370 67.28 -79.39
1371 107.8 -84.89
1372 89.04 -87.6
1373 35.46 -113.14
1374 27.72 -21.59
1375 90.95 -66.75
1376 104.68 -110.87
1377 135.22 -83.25
1378 48.7 -115.59
1379 21.66 -80.23
1380 115.75 -71.56
1381 119.17 -4.61
1382 106.74 -123.7
1383 58.17 -82.46
1384 61.88 -130.16
1385 66.55 -73.29
1386 60.7 -129.16
1387 119.28 -76.87
1388 47.01 -52.27
1389 73.86 -11.74
1390 78.49 -74.74
1391 88.13 -67.34
1392 53.11 -85.69
1393 58.28 -80.36
1394 63.11 -101.81
1395 75.89 -125.46
1396 130.07 -35.86
1397 62.08 -97.58
1398 37.05 -139.33
1399 126.49 -22.78
1400 141.59 -1.45
1401 130.61 -95.56
1402 29.43 -59.3
1403 111.57 -9.41
1404 21.15 -76.45
1405 53.71 -87.95
1406 12.29 -2.17
1407 87.86 -141.84
1408 124.72 -65.4
1409 69.73 -48.67
1410 31.13 -44.84
1411 126.22 -2.63
1412 2.73 -18.21
1413 60.06 -45.31
1414 113.61 -39.78
1415 86.75 -89.08
1416 41.64 -112.2
1417 28.5 -74.36
1418 129.29 -71.08
1419 50.05 -42.59
1420 130.55 -7.45
1421 9.62 -103.76
1422 5.12 -142.84
1423 65.25 -0
1424 94.19 -129.85
1425 31.69 -37.5
1426 40.13 -125.33
1427 46.06 -14.91
1428 105.74 -88.39
1429 128.17 -106.12
1430 52.2 -76.35
1431 45.56 -71.93
1432 48.81 -93.85
1433 67.45 -119.58
1434 64.7 -35.11
1435 88.08 -20.02
1436 26.3 -97.77
1437 97.61 -0.22
1438 45.74 -31.42
1439 63.79 -65.38
1440 102.89 -139.94
1441 122.27 -95.48
1442 12.92 -45.54
1443 133.93 -25.33
1444 33.97 -118.66
1445 97.54 -21.63
1446 139.08 -131.7
1447 128.07 -45.62
1448 67.72 -90.41
1449 28.04 -52.52
1450 72.54 -132.42
1451 87.19 -116.12
1452 18.86 -1.36
1453 32.78 -87.33
1454 55.23 -64.61
1455 61.55 -96.58
1456 94.58 -15.12
1457 106.19 -86.34
1458 14.19 -107.5
1459 128.69 -97.12
1460 21.27 -48.16
1461 36.86 -83.23
1462 31.37 -17.35
1463 107.77 -21.93
1464 119.97 -99.09
1465 134.04 -135.81
1466 11.46 -95.03
1467 96.39 -78.23
1468 68.08 -75.84
1469 140.45 -31.7
1470 30.8 -123.32
1471 40.96 -104.52
1472 93.38 -125.38
1473 89.89 -4.15
1474 3.8 -107.57
1475 58.26 -121.1
1476 106.85 -25.07
1477 42.43 -95.12
1478 19.58 -138.22
1479 94.31 -52.72
1480 91.05 -42.07
1481 39.63 -85.35
1482 66.11 -102.51
1483 35.36 -38.54
1484 70.24 -36.71
1485 17.03 -78.33
1486 85.38 -101.04
1487 128.95 -58
1488 107.67 -35.76
1489 0.34 -75.84
1490 99.46 -111.47
1491 136.55 -58.6
1492 56.24 -63.31
1493 58.53 -81.5
1494 134.22 -121.34
1495 65.94 -55.36
1496 43.24 -82.27
1497 87.31 -105.57
1498 46.63 -11.87
1499 48.58 -25.19
1500 103.52 -19.4
1501 22.96 -65.62
1502 26.14 -91.42
1503 127.19 -8.91
1504 130.27 -133.81
1505 4.81 -30.05
1506 134.17 -86.73
1507 7.04 -141.36
1508 125.38 -47.41
1509 71.28 -111.09
1510 68.98 -116.6
1511 55.87 -39.74
1512 2.31 -14.74
1513 26.61 -0.18
1514 25.37 -94.46
1515 113.86 -75.19
1516 43.33 -31.42
1517 25.36 -136.83
1518 2.74 -114.99
1519 8.33 -55.07
1520 85.12 -133.02
1521 122.27 -13.14
1522 57.02 -76.29
1523 26.23 -31.84
1524 142.93 -39.4
1525 13 -0.03
1526 39.77 -114.43
1527 129.17 -114.39
1528 17.1 -87.6
1529 39.06 -12.78
1530 133.5 -87.99
1531 119.41 -55.45
1532 49.28 -33.83
1533 51.35 -47.3
1534 102.37 -97.54
1535 133.08 -59.68
1536 72.82 -44.5
1537 23.31 -112.36
1538 1.2 -129.84
1539 71.76 -95.06
1540 95.09 -46.65
1541 18.09 -84.76
1542 101.67 -37.38
1543 27.5 -49.78
1544 62.57 -118.77
1545 63.77 -66.57
1546 24.54 -98.59
1547 34.94 -85.7
1548 133 -119.34
1549 73.88 -86.29
1550 2.97 -92.38
1551 39.4 -109.49
1552 78.85 -75.79
1553 108.15 -62.71
1554 60.3 -125.57
1555 29.22 -36.91
1556 24.19 -57.91
1557 95.3 -92.83
1558 142.62 -28.39
1559 4.16 -122.8
1560 91.89 -107.71
1561 63.3 -113.45
1562 56.16 -18.95
1563 138.29 -98.24
1564 41.54 -46.16
1565 41.06 -114.7
1566 81.19 -90.03
1567 22.83 -80.46
1568 45.7 -62.56
1569 45.13 -33.5
1570 115.94 -8.52
1571 66.43 -119.87
1572 115.23 -42.65
1573 71.04 -64.25
1574 89.58 -17.37
1575 27.6 -120.73
1576 91.18 -38.47
1577 57.43 -136.42
1578 137.18 -4.34
1579 96.03 -98.24
1580 69.94 -81.24
1581 28.28 -39.61
1582 22.6 -53.65
1583 116.21 -96.63
1584 130.13 -68.3
1585 76.82 -63.86
1586 86.26 -5.59
1587 48.25 -45.77
1588 110.03 -104.01
1589 23.9 -119.29
1590 142.54 -56.61
1591 140.6 -51.5
1592 44.92 -90.73
1593 95.07 -100.55
1594 55.8 -39.1
1595 120.35 -93.62
1596 133.24 -28.26
1597 81.92 -51.15
1598 4.78 -12.84
1599 126.66 -100.65
1600 67.04 -37.43
1601 43.03 -106
1602 8.77 -55.82
1603 62.35 -91.28
1604 113.09 -21.32
1605 77.93 -86.25
1606 137.75 -112.64
1607 105.89 -121.06
1608 78.61 -85.19
1609 26.81 -103.48
1610 54.11 -36.93
1611 65.2 -49.68
1612 100.83 -89.87
1613 102.71 -49.64
1614 52.81 -8.13
1615 45.57 -131.89
1616 94.89 -22.37
1617 78.19 -88.6
1618 82.4 -6.18
1619 27.51 -140.54
1620 129.31 -98.01
1621 67.65 -7.96
1622 129.02 -124.06
1623 111.77 -76.06
1624 36.55 -64.64
1625 101.57 -138.59
1626 90.79 -90.66
1627 37.53 -69.29
1628 118.93 -48.63
1629 56.76 -42.76
1630 31.65 -28.75
1631 96.64 -102.33
1632 93.45 -29.06
1633 35.24 -31.84
1634 74.9 -32.85
1635 130.87 -62.75
1636 70.72 -61.22
1637 87.8 -101.04
1638 34.11 -102.26
1639 23.9 -56.58
1640 97.69 -70.66
1641 63.84 -125.48
1642 97.29 -45.48
1643 139.63 -3.89
1644 46.65 -73.23
1645 4.5 -98.92
1646 103.77 -123.82
1647 9.88 -101.14
1648 35.5 -54.23
1649 132.6 -45.12
1650 10.4 -110.41
1651 74.15 -22.99
1652 26.56 -126.64
1653 85.9 -18.95
1654 121.05 -60.67
1655 33.85 -12.33
1656 40.33 -75.74
1657 23.75 -0.21
1658 4.1 -137.62
1659 67.85 -20.38
1660 21.82 -50.75
1661 77.09 -117.87
1662 121.54 -125.6
1663 82.35 -86.97
1664 34.61 -14.04
1665 124.45 -71.95
1666 140.47 -90.53
1667 119.69 -101.12
1668 120.08 -24.03
1669 130.22 -62.6
1670 120.45 -0.65
1671 76.4 -21.07
1672 66.8 -17.78
1673 57.92 -2.67
1674 68.57 -70.9
1675 24.17 -28.3
1676 3.17 -90.4
1677 118.52 -101.26
1678 90.75 -124.71
1679 138.76 -57.87
1680 32.34 -125.36
1681 72.9 -22.73
1682 26.38 -29.81
1683 99.36 -95.11
1684 14.71 -3.46
1685 4.11 -86.58
1686 10.17 -37.68
1687 55.46 -126.03
1688 128.7 -76.97
1689 50.39 -15.91
1690 44.21 -54.28
1691 47.2 -74.56
1692 78.34 -47.38
1693 74.62 -22.72
1694 126.11 -26.09
1695 53.98 -115.9
1696 138.63 -60.97
1697 90.79 -29.4
1698 124.51 -67.53
1699 70.99 -92.67
1700 36.26 -41.75
1701 79.43 -120.63
1702 6.18 -46.43
1703 25.93 -37.42
1704 53.33 -37.41
1705 137.21 -76.32
1706 7.89 -97.54
1707 1.92 -41.41
1708 109.65 -131.75
1709 14.85 -122.06
1710 94.96 -92.76
1711 10.73 -68.83
1712 98.23 -136.12
1713 60.65 -4.04
1714 142.24 -79.74
1715 24.01 -34.17
1716 57.32 -35.5
1717 127.45 -103.45
1718 140.87 -63.5
1719 100.91 -10.38
1720 132.23 -51.2
1721 5.74 -140.64
1722 84.57 -42.64
1723 31.39 -53.18
1724 77.77 -51.22
1725 46.5 -46.24
1726 17.59 -29.73
1727 22.85 -102.76
1728 9.32 -18.34
1729 0.61 -129.03
1730 20.2 -8.56
1731 44.06 -24.62
1732 128.07 -77.52
1733 43.54 -74.04
1734 129.94 -28.46
1735 79.66 -46.98
1736 44.62 -119.17
1737 18.81 -130.92
1738 86.63 -129.2
1739 37.42 -50.21
1740 141.97 -66.92
1741 96.65 -129.45
1742 89.21 -16.57
1743 34.91 -22.03
1744 8.06 -98.53
1745 9.62 -81.04
1746 105.67 -73.78
1747 8.3 -99.2
1748 30.24 -136.26
1749 21.73 -51.84
1750 98.82 -17.19
1751 136.36 -3.91
1752 37.36 -45.97
1753 32.17 -12.18
1754 107.91 -123.99
1755 47.91 -115.11
1756 101.56 -106.88
1757 123.45 -47.08
1758 69.11 -93.29
1759 94.35 -60.89
1760 44.45 -122.69
1761 53.47 -103.97
1762 60.17 -7.12
1763 0.39 -107.29
1764 61.66 -135.94
1765 10.13 -67.64
1766 71.55 -63
1767 108.97 -49.01
1768 106.71 -108.91
1769 135.42 -43.66
1770 15.78 -71.62
1771 81.03 -40.33
1772 132.94 -19.86
1773 113.16 -107
1774 24.89 -104.57
1775 84.27 -64.51
1776 71 -114.87
1777 121.99 -40.26
1778 50.08 -33.69
1779 26.63 -24.9
1780 92.54 -111.74
1781 77.26 -82.28
1782 33.82 -21.1
1783 130.01 -43.24
1784 132.42 -140.53
1785 114.68 -122.44
1786 65.29 -5.2
1787 25.07 -52.71
1788 62.23 -100.75
1789 62.33 -40.75
1790 7.78 -132.65
1791 104.52 -49.12
1792 89.38 -78.78
1793 112.47 -83.51
1794 108.42 -41.98
1795 10.72 -41.63
1796 123.91 -103.48
1797 124.58 -133.51
1798 79.27 -60.25
1799 103.31 -14.12
1800 39.08 -68.69
1801 73.9 -74.99
1802 30.22 -6.89
1803 107.65 -1.49
1804 87.76 -137.97
1805 127.62 -26.98
1806 76.1 -95.54
1807 31.32 -89.14
1808 75.18 -68
1809 109.99 -46.31
1810 87.94 -40.6
1811 46.6 -23.23
1812 13.74 -114.38
1813 31.63 -73.71
1814 87.83 -93.01
1815 18.71 -37.46
1816 14.97 -126.91
1817 133.8 -138.13
1818 42.14 -45.19
1819 85.69 -0.97
1820 27.95 -129.9
1821 127.96 -70.31
1822 16.46 -6.57
1823 120.1 -16.28
1824 108.11 -91.64
1825 34.76 -87.09
1826 12.84 -98.58
1827 69.96 -81.36
1828 12.07 -72.11
1829 22.12 -4.11
1830 87.1 -2.42
1831 31.85 -86.35
1832 127 -102.07
1833 49.79 -68.18
1834 69.15 -26.14
1835 58.56 -135.48
1836 62.79 -97.11
1837 6.2 -43.52
1838 105.32 -124.77
1839 73.41 -126.3
1840 115.91 -70.44
1841 71.54 -10.69
1842 137.58 -128.76
1843 57.87 -44.02
1844 93.65 -6.65
1845 54.6 -125.51
1846 68.87 -37.75
1847 139.83 -86.45
1848 11.63 -52.87
1849 124.54 -46.62
1850 39.1 -80.79
1851 80.42 -85.62
1852 129.15 -4.41
1853 129.19 -86.62
1854 115.45 -136.99
1855 109.95 -59.6
1856 115.82 -88.36
1857 74.12 -38.49
1858 82.51 -110.4
1859 19.57 -131.99
1860 114.51 -33.17
1861 70.92 -74.17
1862 17.63 -85.9
1863 41.29 -113.27
1864 16.89 -29.26
1865 12.57 -68.35
1866 10.98 -101.51
1867 105.93 -138.51
1868 82.14 -42.65
1869 36.64 -92.12
1870 54.24 -54.59
1871 142.95 -49.12
1872 87.61 -72.58
1873 39.98 -119.6
1874 11.11 -72.65
1875 105.82 -59.56
1876 133.73 -125.62
1877 114.04 -79.26
1878 49.54 -8.36
1879 83.15 -12.34
1880 80.69 -111.95
1881 70.47 -141.24
1882 136.76 -137.19
1883 36.84 -78.92
1884 73.56 -121.42
1885 78.53 -119.01
1886 25.13 -127.8
1887 102.91 -124
1888 100.6 -15.26
1889 87.91 -142.89
1890 59.45 -111.72
1891 139.86 -96.25
1892 78.04 -50.19
1893 104.07 -110.91
1894 25.77 -127.58
1895 96.53 -89.74
1896 133.51 -106.46
1897 3.18 -69.52
1898 5.44 -127.27
1899 105.69 -40.02
1900 16.03 -79
1901 109.33 -86.74
1902 67.74 -86.68
1903 4.47 -69.24
1904 69.13 -70.87
1905 39.59 -137.9
1906 91.16 -31.11
1907 126.82 -81.97
1908 95.4 -26.2
1909 56.3 -87.89
1910 80.16 -121.17
1911 130.16 -55.35
1912 124.88 -70.67
1913 100.46 -133.34
1914 75.88 -130.32
1915 111.85 -108.67
1916 52.41 -137.44
1917 81.12 -78.18
1918 4.42 -22.67
1919 93.54 -131.11
1920 126.02 -119.07
1921 7.18 -35.65
1922 117.63 -74.18
1923 2.9 -134
1924 124.42 -70.03
1925 93.73 -104.72
1926 17.07 -107.1
1927 34.77 -126.41
1928 116.75 -44.47
1929 77.32 -37.75
1930 3.42 -49.63
1931 89.59 -46.17
1932 26.87 -55.83
1933 124.02 -27.72
1934 61.35 -31.29
1935 52.88 -74.57
1936 110.22 -44.37
1937 21.07 -60.07
1938 96.59 -130.37
1939 57.41 -69.49
1940 31.21 -78.01
1941 42.11 -53.66
1942 37.07 -93.81
1943 138.28 -122.4
1944 17.15 -56.34
1945 8.49 -118.12
1946 66.81 -66.09
1947 24.44 -98.09
1948 28.33 -93.68
1949 27.49 -5.47
1950 80.04 -89.68
1951 134.06 -80.38
1952 140.45 -92.78
1953 80.16 -12.13
1954 81.63 -94.04
1955 74.58 -40.09
1956 93.75 -15.36
1957 109.17 -19.21
1958 141.62 -33.34
1959 89.68 -6.98
1960 27.62 -61.29
1961 127.39 -98.17
1962 53.26 -94.44
1963 45.12 -8.83
1964 59.82 -81.59
1965 28.28 -72.62
1966 55.52 -139.86
1967 135.17 -64.86
1968 76.99 -98.49
1969 95.05 -72.33
1970 112.42 -61.14
1971 76.51 -26.63
1972 45.85 -108.69
1973 142.03 -88.2
1974 140.7 -89.99
1975 8.28 -88.71
1976 89.4 -25.33
1977 22.29 -38.19
1978 92.55 -142.67
1979 126.78 -67.41
1980 42.55 -9.37
1981 51.76 -12.06
1982 76.92 -0.59
1983 99.08 -43.93
1984 18.78 -56.44
1985 20.1 -51.14
1986 123.29 -131.2
1987 96.89 -96.61
1988 87.34 -26.14
1989 18.65 -95.92
1990 87.15 -130.56
1991 12.89 -72.46
1992 110.65 -33.55
1993 78.74 -80.7
1994 5.12 -105.72
1995 17.62 -62.53
1996 120.11 -93.19
1997 93.79 -69.38
1998 15.83 -54.04
1999 13 -49.87
2000 3.53 -34.61
2001 68.33 -33.1
2002 32.24 -126.83
2003 55.49 -22.22
2004 20.66 -22.1
2005 9.66 -74.15
2006 3.61 -10.33
2007 43.88 -68.08
2008 5.78 -16.78
2009 122.51 -25.15
2010 87.68 -56.42
2011 6.62 -140.13
2012 112.03 -64.79
2013 21.35 -2.93
2014 98.32 -30.38
2015 64.99 -79.87
2016 112.98 -101.86
2017 131.21 -133.32
2018 58.06 -47.74
2019 69.84 -43.7
2020 117.85 -78.72
2021 134.57 -79.5
2022 4.58 -23.98
2023 40.77 -80.97
2024 106.12 -10.37
2025 112.31 -65.8
2026 62.93 -96.32
2027 63.64 -118.93
2028 24.38 -77.48
2029 107.86 -130.51
2030 67.39 -122.71
2031 127.09 -29.85
2032 65.69 -82.89
2033 130.63 -115.3
2034 61.52 -123.75
2035 104.99 -57.47
2036 39.49 -36.38
2037 60.36 -96.56
2038 34.53 -89.6
2039 99.97 -3.65
2040 69.45 -140.66
2041 93.98 -114.8
2042 90.74 -34.9
2043 112.38 -60.14
2044 47.66 -17.64
2045 42.87 -77.24
2046 9.61 -115.05
2047 54.94 -26.96
2048 44.78 -120.82
2049 101.57 -88.09
2050 48.08 -106.31
2051 45.21 -109.08
2052 62.64 -87.57
2053 79.69 -8.09
2054 11.75 -142.7
2055 42.88 -82.18
2056 53.99 -126.72
2057 18.63 -39.38
2058 99.53 -47.25
2059 64.89 -33.53
2060 13.3 -4.19
2061 119.24 -107.77
2062 37.25 -68.43
2063 46.26 -76.7
2064 67.31 -127.56
2065 136.39 -50.35
2066 16.44 -115.39
2067 105.48 -38.6
2068 92.21 -124.6
2069 124.3 -42.18
2070 124.36 -103.96
2071 133.21 -24.18
2072 109.09 -80.87
2073 128.12 -8.84
2074 42.37 -65.62
2075 69.81 -50.02
2076 60.31 -101.19
2077 26.63 -91.57
2078 70.79 -97.56
2079 82.12 -72.89
2080 123.24 -138.1
2081 13.01 -121.03
2082 16.63 -42.2
2083 23.81 -21.01
2084 63.19 -108.85
2085 115.33 -50.63
2086 120.34 -90.08
2087 27.95 -8.06
2088 16.9 -86.43
2089 54.57 -13.08
2090 108.62 -104.8
2091 108.51 -26.9
2092 118.47 -25.93
2093 123.49 -135.14
2094 65.03 -46.26
2095 86.88 -108.14
2096 86.17 -90.8
2097 35.52 -99.89
2098 120.9 -5.33
2099 16.7 -59.33
2100 12.49 -86.62
2101 79.22 -34.55
2102 42.62 -35.35
2103 121.78 -9.69
2104 68.29 -105.04
2105 112.36 -78.87
2106 105.77 -33.91
2107 105.36 -77.88
2108 70.02 -81.24
2109 30.02 -131.38
2110 96.52 -37.58
2111 30.9 -19.42
2112 119.31 -85.21
2113 136.06 -66.42
2114 28.28 -142.73
2115 131.87 -9.76
2116 89.84 -40.77
2117 76.12 -113.61
2118 123.31 -132.46
2119 140.02 -100.42
2120 36.29 -94.12
2121 30.56 -109.39
2122 44.27 -142.06
2123 125.82 -135.92
2124 124.3 -16.81
2125 99.91 -58.36
2126 77.78 -123.34
2127 65.56 -130.81
2128 54.24 -99.61
2129 1.86 -58.62
2130 113.91 -82.52
2131 25.81 -36.26
2132 6.87 -60.75
2133 95.73 -4.45
2134 7.39 -32.7
2135 126.83 -92.75
2136 59.14 -89.2
2137 133.78 -14.39
2138 52.83 -5.93
2139 22.75 -116.6
2140 77.48 -34.14
2141 14.48 -122.66
2142 13 -12.26
2143 14.39 -125.56
2144 41.19 -67.24
2145 52.28 -16.25
2146 98.03 -57.62
2147 20.89 -123.61
2148 30.58 -104.91
2149 137.61 -116.62
2150 66.37 -37.97
2151 127.17 -23.96
2152 83.87 -28.04
2153 33.97 -117.95
2154 137.07 -136.71
2155 27.85 -102.24
2156 127.43 -71.55
2157 129.33 -87.85
2158 70.42 -140.43
2159 110.19 -46.24
2160 108.01 -14.13
2161 71.75 -64.99
2162 45.6 -63.05
2163 24.96 -92.64
2164 111.78 -76.18
2165 16.67 -65.09
2166 89.06 -35.15
2167 63.19 -0.84
2168 21.31 -75.45
2169 69.16 -142.69
2170 101.93 -15.38
2171 132.45 -142.53
2172 87.39 -131.88
2173 129.31 -118.78
2174 67.54 -14.81
2175 28.94 -142.02
2176 64.01 -32.55
2177 95.6 -100.69
2178 95.85 -109.61
2179 88.31 -23.08
2180 88.18 -64.63
2181 2.3 -104.98
2182 8.34 -79.76
2183 12.21 -111.02
2184 110.71 -29.65
2185 45.03 -126.9
2186 126.43 -115.16
2187 104.05 -34.48
2188 55.78 -70.82
2189 85.63 -135.88
2190 134.91 -123.32
2191 58.4 -114.57
2192 117.78 -55.92
2193 68.06 -11
2194 79.61 -70.63
2195 37.78 -58.89
2196 20.88 -24.79
2197 7.07 -40.09
2198 8.11 -74.74
2199 104.4 -19.28
2200 48.7 -21.34
2201 136.5 -6.43
2202 86.44 -32.14
2203 102.96 -97.55
2204 135.96 -44.74
2205 70.59 -91.12
2206 108.21 -127.87
2207 40.79 -128.99
2208 42.51 -83
2209 56.15 -11.37
2210 70.27 -122.12
2211 3.91 -139.46
2212 36.55 -136.67
2213 68.41 -56.5
2214 121.31 -90.18
2215 111.52 -29.81
2216 81.77 -27.01
2217 59.15 -105.02
2218 105.1 -70.73
2219 115.47 -64.64
2220 12.76 -98.06
2221 82.93 -43.06
2222 74.57 -120.97
2223 60.97 -26.24
2224 37.62 -117.09
2225 96.21 -19.65
2226 16.11 -10.41
2227 4.08 -2.65
2228 59.15 -98.18
2229 45.36 -118.01
2230 4.83 -37.46
2231 64.48 -13.88
2232 21.42 -132.12
2233 59.85 -26.15
2234 90.79 -126.52
2235 127.1 -77.84
2236 120.91 -103.55
2237 81.53 -67.03
2238 138.8 -98
2239 72.09 -45.02
2240 110.19 -78.94
2241 89.35 -25.31
2242 73.48 -28.82
2243 127 -138.95
2244 113.96 -132.63
2245 27.1 -29.36
2246 88.76 -21.31
2247 10.43 -137.1
2248 20.25 -110.19
2249 139.23 -115.8
2250 50.65 -13.57
2251 117.12 -123.34
2252 92.89 -74.08
2253 29.08 -101.17
2254 48.72 -134.21
2255 70.15 -101.18
2256 29.01 -15.91
2257 44.74 -16.5
2258 57.97 -102.49
2259 137.64 -74.26
2260 103.63 -28.94
2261 95.77 -67.26
2262 61.36 -94.91
2263 107.62 -106.21
2264 124.53 -127.14
2265 140.71 -103.86
2266 129.72 -77.7
2267 8.78 -17.35
2268 118.53 -125.13
2269 116.35 -83.39
2270 87.09 -69.77
2271 85.68 -43.5
2272 105.53 -116.1
2273 121.11 -32.94
2274 9.73 -20.5
2275 94.96 -18.27
2276 85.54 -113.36
2277 110.79 -47.74
2278 10.95 -3.9
2279 33.56 -75.42
2280 81.8 -38
2281 115.71 -76.79
2282 94.15 -114.04
2283 96.17 -124.49
2284 110.4 -69.68
2285 41.97 -69.52
2286 15.55 -54.49
2287 73.11 -30.17
2288 63.12 -121.08
2289 141.58 -96.74
2290 115.02 -72.85
2291 88.73 -93.55
2292 141.29 -57.56
2293 106.98 -102.04
2294 34.46 -54.76
2295 138.28 -140.55
2296 74.34 -18.78
2297 132.82 -110.99
2298 138.01 -25.49
2299 140.69 -86
2300 58.04 -105.41
2301 62.43 -39.66
2302 69.84 -73.59
2303 51.67 -135.54
2304 89.29 -35.48
2305 10.85 -95.78
2306 91.85 -61.31
2307 118.87 -2.1
2308 6.66 -135.66
2309 92.94 -128.37
2310 125.92 -86.65
2311 105.43 -88.22
2312 101.74 -102.79
2313 30.8 -95.26
2314 83.78 -142.27
2315 104.68 -28.5
2316 113.68 -141.82
2317 117.94 -24.11
2318 62.18 -86.04
2319 24.04 -26.61
2320 24.91 -8.47
2321 115.3 -80.41
2322 82.51 -116.76
2323 109.42 -136.69
2324 122.06 -134.7
2325 78.35 -104.88
2326 50.11 -104.99
2327 110.3 -40.78
2328 38.56 -54.37
2329 53.64 -141.1
2330 72.12 -24.86
2331 69.21 -60.84
2332 84.96 -88.33
2333 31.37 -44.15
2334 116.28 -49.66
2335 58.13 -100.94
2336 38.35 -141.2
2337 114.96 -75.95
2338 69.64 -23.39
2339 15.09 -126.91
2340 134.31 -48.7
2341 56.21 -93.44
2342 36.74 -41.42
2343 141.31 -23.51
2344 21.62 -75.31
2345 2.69 -51.95
2346 112.8 -139.26
2347 84.59 -71.9
2348 18.57 -100.28
2349 6.94 -115.97
2350 73.91 -134.86
2351 133.06 -110.59
2352 89.06 -14.78
2353 38.17 -7.54
2354 36.97 -15.7
2355 64.4 -53.26
2356 49.22 -28.29
2357 115.23 -23.14
2358 46.65 -85.97
2359 63.8 -113.55
2360 68.02 -113.79
2361 110.06 -112.01
2362 40.92 -83.34
2363 40.62 -51.65
2364 70.14 -59.49
2365 96.87 -93.08
2366 106.19 -46.57
2367 61.36 -86.93
2368 140 -97.77
2369 113.47 -2.05
2370 100.84 -79.49
2371 107.78 -80.4
2372 103.54 -7.06
2373 138.55 -125.54
2374 141.61 -52.71
2375 69.03 -59.35
2376 28.37 -66.63
2377 52.5 -36.09
2378 133.26 -114.81
2379 76.82 -138.64
2380 88.73 -105.93
2381 9.5 -30.7
2382 20.15 -97.44
2383 52.22 -116.38
2384 20.96 -62.67
2385 142.17 -68.21
2386 5.61 -121.8
2387 128.86 -106.95
2388 135.01 -11.67
2389 64.39 -124.42
2390 86.29 -133.62
2391 102.78 -133.42
2392 72.03 -17.18
2393 131.99 -12.28
2394 7.92 -107.81
2395 70.74 -111.34
2396 142.04 -142.17
2397 142.14 -125.77
2398 1.67 -64.71
2399 127.39 -51.36
2400 22.09 -22.63
2401 1.43 -126.56
2402 136.03 -73.23
2403 84.9 -32.82
2404 59.76 -128.05
2405 21.19 -51.81
2406 87.75 -48.57
2407 65.76 -123.97
2408 136.25 -62.3
2409 27.12 -100.27
2410 68.61 -1.18
2411 0.35 -0.38
2412 126.15 -113.17
2413 80.41 -142.49
2414 96.37 -30.35
2415 52.98 -64.8
2416 93.88 -118.47
2417 48.7 -99.94
2418 132.76 -132.43
2419 117.48 -36.12
2420 87.94 -95.04
2421 0.61 -138.68
2422 119.65 -78.21
2423 140.52 -66.37
2424 69.17 -15.43
2425 16.61 -70.16
2426 70.54 -40.3
2427 56 -62.48
2428 107.5 -99.22
2429 129.57 -136.41
2430 103.73 -60.87
2431 81.86 -39.55
2432 42.01 -100.13
2433 89.56 -33.08
2434 69.21 -31.77
2435 126.81 -64.05
2436 105.25 -59.67
2437 137.88 -29.95
2438 141.84 -127.42
2439 142.85 -37.92
2440 108.08 -68.01
2441 108.32 -61.98
2442 124.47 -35.63
2443 37.37 -21.32
2444 60.25 -134.49
2445 52.36 -23.94
2446 109.01 -66.5
2447 23.63 -36.75
2448 69.83 -8.03
2449 85.32 -113.19
2450 34.24 -139.04
2451 101.23 -114.66
2452 1.61 -42.01
2453 26.44 -141.64
2454 36.56 -0.45
2455 68.47 -71.81
2456 36.32 -47.17
2457 128.32 -79.31
2458 3.15 -63.31
2459 54.8 -22.69
2460 46.63 -63.4
2461 129.9 -9.68
2462 46.43 -58.16
2463 66.19 -56.05
2464 26.24 -116.27
2465 14.83 -8.52
2466 -123.18 -106.01
2467 -5.02 -116.07
2468 -17.23 -27.31
2469 -27.76 -76.98
2470 -51.32 -53.79
2471 -100.96 -141.75
2472 -78.06 -87.64
2473 -7.95 -131.8
2474 -11.49 -126.73
2475 -92.65 -108.27
2476 -117.95 -103.64
2477 -18.81 -125.07
2478 -38.12 -21.39
2479 -40.18 -85
2480 -139.04 -64.37
2481 -27.38 -55.01
2482 -73.6 -21.74
2483 -49.05 -32.4
2484 -11.91 -90.83
2485 -47.15 -76.82
2486 -121.09 -63.23
2487 -53.39 -50.63
2488 -39.44 -101.68
2489 -85.41 -61.34
2490 -72.13 -50.93
2491 -57.1 -35.07
2492 -17.14 -47.08
2493 -68.47 -75.91
2494 -63.43 -100.79
2495 -22.16 -108.65
2496 -66.19 -59.48
2497 -81.22 -95.06
2498 -29.98 -42.31
2499 -35.67 -130.28
2500 -109.62 -41.89
2501 -105.12 -82.82
2502 -133.45 -133.23
2503 -91.91 -61.03
2504 -122.37 -75.41
2505 -28.87 -34.33
2506 -114.92 -51.5
2507 -1.11 -85.97
2508 -18.88 -34.58
2509 -135.37 -115.1
2510 -126.28 -82.31
2511 -44.31 -60.05
2512 -12.11 -49.47
2513 -91.78 -125.54
2514 -15.34 -42.1
2515 -83.99 -127.45
2516 -112.79 -27.48
2517 -17.71 -91.64
2518 -9.67 -5.77
2519 -81.18 -109.63
2520 -46.48 -34.57
2521 -131.59 -110.05
2522 -98.54 -18.4
2523 -98.5 -132.7
2524 -104.81 -117.42
2525 -102.26 -90.88
2526 -7.93 -88.09
2527 -40.08 -3.57
2528 -31.63 -20.05
2529 -107.67 -34.38
2530 -64.36 -92.49
2531 -22.49 -48.66
2532 -42.82 -34.15
2533 -39.92 -40.21
2534 -52.36 -98.02
2535 -132.59 -23.63
2536 -36.2 -1.36
2537 -65.28 -121.18
2538 -13.41 -134.75
2539 -109.17 -20.78
2540 -111.66 -20.74
2541 -11.35 -113.95
2542 -20.05 -22.12
2543 -87.69 -51.43
2544 -85.81 -97.2
2545 -46.7 -52.36
2546 -3.54 -52.69
2547 -86.85 -69.19
2548 -11.92 -46.37
2549 -1.39 -29.29
2550 -98.44 -109.8
2551 -111.16 -36.5
2552 -60.2 -134.65
2553 -126.4 -78.96
2554 -99.75 -119.13
2555 -139.87 -138.09
2556 -109.05 -68.41
2557 -136.05 -8.22
2558 -105.17 -31.62
2559 -128.82 -80.74
2560 -133.1 -93.51
2561 -3.2 -78.04
2562 -4.24 -39.17
2563 -131.06 -135.57
2564 -21.87 -61.68
2565 -74.01 -34.97
2566 -71.47 -120.31
2567 -14.48 -87.69
2568 -23.66 -34.19
2569 -10.33 -140.88
2570 -135.98 -123.41
2571 -94.34 -7.2
2572 -60.95 -4.55
2573 -81.69 -87.4
2574 -25.14 -23.12
2575 -116.63 -67.51
2576 -2.56 -60.77
2577 -2.46 -22.36
2578 -14.93 -52.32
2579 -16.52 -133.52
2580 -25.49 -82.32
2581 -105.16 -90.53
2582 -80.75 -142.48
2583 -33.67 -119.64
2584 -117.53 -104.41
2585 -130.34 -44
2586 -96.73 -13.03
2587 -63.1 -81.68
2588 -71.6 -14.68
2589 -83.32 -1.79
2590 -69.3 -142.27
2591 -105.56 -102.48
2592 -124.84 -117.38
2593 -26.7 -108.02
2594 -1.06 -42.29
2595 -27.14 -88.75
2596 -81.8 -72.07
2597 -71.55 -132.3
2598 -108.94 -19.55
2599 -26.48 -7.74
2600 -97.27 -128.99
2601 -44.54 -13.82
2602 -141.03 -51
2603 -111.2 -107.64
2604 -109.43 -69.63
2605 -114.42 -51.52
2606 -56.52 -81.26
2607 -101.16 -76.98
2608 -87.52 -38.36
2609 -126.18 -30.39
2610 -119.14 -88.58
2611 -17.65 -10.32
2612 -142.62 -57.94
2613 -123.02 -134.72
2614 -142.47 -11.08
2615 -42.6 -6.5
2616 -20.33 -96.74
2617 -50.26 -87.14
2618 -97.31 -63.88
2619 -36.03 -18.46
2620 -115.5 -109.26
2621 -47.52 -7.46
2622 -84.44 -29.03
2623 -112.91 -5.69
2624 -36.08 -74.49
2625 -20.07 -141.61
2626 -8.93 -57.74
2627 -18.2 -83.25
2628 -74.97 -54.07
2629 -110.68 -141.22
2630 -4.73 -119.96
2631 -73.7 -10.28
2632 -142.94 -70.58
2633 -36.98 -26.48
2634 -90.46 -97.25
2635 -63.52 -73.01
2636 -80.47 -62.97
2637 -137.52 -13.56
2638 -64.77 -67.44
2639 -141.93 -9.95
2640 -8.57 -3.37
2641 -61.11 -19
2642 -4.77 -63.02
2643 -19.62 -79.32
2644 -123.06 -79.75
2645 -56.71 -130.3
2646 -43.1 -127.79
2647 -100.89 -32.94
2648 -59.42 -88.56
2649 -88.34 -137.87
2650 -67.89 -52.41
2651 -17.9 -8.86
2652 -67.94 -50.88
2653 -118.32 -12.42
2654 -67.89 -132.72
2655 -136.09 -117.25
2656 -38.78 -76.46
2657 -42.01 -99.73
2658 -36.05 -43.55
2659 -25.82 -61.63
2660 -94.45 -61.63
2661 -46.43 -82.54
2662 -18 -40.07
2663 -128.63 -49.84
2664 -44.72 -122.94
2665 -32.35 -73.97
2666 -128.35 -15.13
2667 -66.01 -50.25
2668 -108.19 -53.3
2669 -43.02 -86.86
2670 -106.63 -33.09
2671 -12.07 -81.63
2672 -38.36 -47.93
2673 -91.49 -54.08
2674 -18.23 -119.93
2675 -38.57 -19.83
2676 -4.89 -112.68
2677 -9.75 -130.52
2678 -82.88 -22.89
2679 -2.84 -40.91
2680 -114.88 -127.6
2681 -45.25 -80.71
2682 -33.49 -100.24
2683 -56.06 -111.27
2684 -55.13 -141.68
2685 -77.29 -1.6
2686 -83.23 -64.28
2687 -112.22 -89.37
2688 -45.97 -24.12
2689 -46.57 -106.23
2690 -126.06 -64.21
2691 -79.41 -130.66
2692 -20.7 -130.96
2693 -56.37 -89.17
2694 -130.08 -103.59
2695 -133.71 -104.73
2696 -42.45 -4.48
2697 -104.72 -35.97
2698 -49.76 -75.94
2699 -120.14 -17.78
2700 -19.38 -7.41
2701 -71.69 -54.44
2702 -0.81 -5.14
2703 -74.78 -40.91
2704 -4.14 -46.78
2705 -13.51 -121.35
2706 -11.54 -130.21
2707 -20.69 -92.93
2708 -39.1 -32.24
2709 -135.83 -77.06
2710 -38.8 -71.7
2711 -76.18 -126.55
2712 -65.04 -81.25
2713 -59.71 -83.43
2714 -3.73 -114.8
2715 -122.21 -36.85
2716 -91.29 -68.64
2717 -119.3 -50.9
2718 -137.34 -92.1
2719 -41.41 -51.08
2720 -74.95 -141.48
2721 -128.69 -54.92
2722 -4.85 -86.49
2723 -118.74 -6.38
2724 -128.97 -89.47
2725 -18.17 -14.09
2726 -43.16 -24.77
2727 -106.02 -139.88
2728 -80.31 -108.2
2729 -125.52 -68.25
2730 -105.1 -129.56
2731 -55.2 -104.73
2732 -58.16 -53.4
2733 -48.02 -31.5
2734 -128.1 -52.5
2735 -50.98 -89.43
2736 -46.88 -60.06
2737 -3.55 -82.2
2738 -134.1 -51.73
2739 -141.21 -24.81
2740 -84.43 -120.07
2741 -1.84 -61.9
2742 -58.78 -127.59
2743 -138.32 -10.38
2744 -78.63 -41.61
2745 -73.7 -23.36
2746 -30.62 -86.26
2747 -139.66 -128.9
2748 -62.93 -88.78
2749 -43.8 -90.2
2750 -36.64 -48.03
2751 -108.09 -140.3
2752 -125.02 -83.52
2753 -37.77 -14.17
2754 -84.5 -116.13
2755 -138.72 -35.98
2756 -0.41 -25.93
2757 -56.05 -43.09
2758 -98.99 -104.71
2759 -3.33 -96.89
2760 -120.25 -34.63
2761 -120.89 -77.03
2762 -108.45 -7.87
2763 -142.17 -20.07
2764 -110.27 -73.9
2765 -24.46 -42.97
2766 -85.8 -49.43
2767 -35.47 -132.55
2768 -49.24 -67.82
2769 -86.47 -73.25
2770 -11.75 -133.75
2771 -16.68 -82.2
2772 -27.81 -12.16
2773 -116.88 -118.25
2774 -72.14 -126.8
2775 -63.95 -22.73
2776 -2.28 -49.4
2777 -102.79 -87.36
2778 -107.43 -110.73
2779 -87.16 -101.97
2780 -47.46 -120.23
2781 -26.66 -111.62
2782 -3.69 -133.26
2783 -103.61 -62.14
2784 -37.91 -52.94
2785 -89.21 -47.08
2786 -31.8 -49.66
2787 -61.83 -8.41
2788 -126.67 -59.61
2789 -43.42 -81.23
2790 -103.96 -101.33
2791 -7.73 -107.37
2792 -97.26 -106.24
2793 -119.49 -13.05
2794 -115.02 -107.21
2795 -84.44 -63.65
2796 -32.27 -65
2797 -100.79 -13.63
2798 -121.29 -35.97
2799 -134.43 -61.4
2800 -108.48 -16.2
2801 -65.86 -80.64
2802 -134.57 -140.29
2803 -56.9 -30.21
2804 -111.44 -118.24
2805 -76.58 -2.84
2806 -12.74 -72.4
2807 -81.16 -129.83
2808 -45.4 -110
2809 -74.21 -103.18
2810 -23.83 -17.42
2811 -127.95 -61.18
2812 -74.81 -101.63
2813 -40.12 -85.74
2814 -49.66 -98.62
2815 -114.82 -77.07
2816 -60.23 -15.14
2817 -57.95 -83.2
2818 -113.42 -51.8
2819 -72.57 -17.38
2820 -20.22 -81.86
2821 -56.79 -51.67
2822 -84.02 -32.96
2823 -45.48 -40.47
2824 -0.65 -129.43
2825 -49.37 -22.22
2826 -83.4 -70.01
2827 -28.64 -34.32
2828 -22.58 -60.73
2829 -16.35 -114.28
2830 -48.35 -72.24
2831 -132.91 -131.17
2832 -116.89 -11.1
2833 -62.9 -47.86
2834 -65.24 -87.31
2835 -71.7 -37.99
2836 -135.18 -85.47
2837 -20.95 -31.01
2838 -71.48 -76.21
2839 -62.64 -111.96
2840 -134.18 -117.66
2841 -44.67 -112.01
2842 -48.86 -74.58
2843 -135.31 -118.83
2844 -135.63 -116.96
2845 -46.21 -54.18
2846 -42.35 -86.5
2847 -97.6 -36.12
2848 -129.5 -61.76
2849 -6.08 -63.02
2850 -101.02 -51.75
2851 -39.74 -123.3
2852 -11.31 -93.2
2853 -71.93 -106.21
2854 -75.17 -128.31
2855 -5.49 -134.57
2856 -6.11 -66.35
2857 -43.45 -50.16
2858 -71.51 -100.49
2859 -74.45 -35.76
2860 -135.46 -64.14
2861 -7.64 -120.66
2862 -59.3 -34.81
2863 -142.1 -7.76
2864 -70.79 -91.33
2865 -0.08 -5.18
2866 -128.48 -74.33
2867 -70.05 -85.34
2868 -48.55 -42.31
2869 -73.14 -141.99
2870 -36.08 -123.73
2871 -92.6 -78.64
2872 -31.32 -42.19
2873 -45.2 -136.06
2874 -74.34 -102.84
2875 -23.98 -119.66
2876 -142.84 -66.81
2877 -4.14 -77.15
2878 -84.91 -104.67
2879 -53 -3.24
2880 -53.94 -58.22
2881 -132.55 -98.6
2882 -40.94 -84.94
2883 -127.25 -105.13
2884 -104.12 -135.01
2885 -115.74 -102.92
2886 -38.56 -42.72
2887 -84.92 -110.87
2888 -103.93 -69.88
2889 -75.24 -32.64
2890 -9.3 -80.79
2891 -4.6 -1.75
2892 -78.9 -9.15
2893 -113.82 -8.75
2894 -57.51 -66.33
2895 -124.56 -69.34
2896 -24.94 -111.46
2897 -53.4 -16.63
2898 -24.28 -65.88
2899 -57.89 -83.18
2900 -43.1 -128.4
2901 -73.65 -76.16
2902 -44.03 -81.66
2903 -54.06 -61.09
2904 -93.73 -50.48
2905 -131.27 -129.31
2906 -131.06 -103.04
2907 -14.71 -135.88
2908 -47.15 -112.48
2909 -81.33 -128.53
2910 -100.39 -104.66
2911 -118.64 -108.41
2912 -125.05 -125.33
2913 -93.73 -29.05
2914 -112.23 -51.85
2915 -82.78 -54.14
2916 -32.82 -57.85
2917 -42.03 -13.43
2918 -74.52 -76.85
2919 -29.85 -96.09
2920 -127.92 -25.25
2921 -128.29 -63.65
2922 -102.05 -18.5
2923 -33.5 -0
2924 -31.05 -6.2
2925 -13.38 -114.84
2926 -80.25 -131.44
2927 -16.29 -34.55
2928 -63.6 -107.82
2929 -16.68 -110.02
2930 -21.17 -78.35
2931 -136.2 -99.46
2932 -112.89 -53.99
2933 -33.37 -35.23
2934 -33.84 -44.41
2935 -115.18 -108.74
2936 -29.39 -18.77
2937 -82.79 -100.48
2938 -3 -131.44
2939 -40.16 -116.3
2940 -88.14 -79.58
2941 -68.02 -99.07
2942 -133.62 -25.39
2943 -35.74 -84.32
2944 -96.86 -54.22
2945 -35.09 -52.42
2946 -54.4 -118.03
2947 -74.55 -28.29
2948 -63.52 -24.29
2949 -114.22 -10.44
2950 -119.18 -142.88
2951 -18.65 -86.4
2952 -89.4 -51.1
2953 -39.54 -3.97
2954 -120.27 -92.41
2955 -28.99 -79.71
2956 -35.78 -65.41
2957 -136.32 -142.53
2958 -129.37 -71.92
2959 -126.14 -29.06
2960 -127 -83.24
2961 -103.79 -18.23
2962 -92.04 -38.4
2963 -108.21 -80.86
2964 -91.3 -58.08
2965 -57.96 -79.43
2966 -22.84 -113.01
2967 -21.11 -122.14
2968 -126.11 -14.76
2969 -107.17 -60.65
2970 -42.88 -103.38
2971 -71.31 -38.68
2972 -38.22 -124.18
2973 -53.1 -110.15
2974 -41.74 -70.11
2975 -10.35 -81.76
2976 -2.51 -25.74
2977 -109.67 -114.15
2978 -52.01 -94.55
2979 -55.15 -74.88
2980 -11.32 -45.84
2981 -15.85 -113.12
2982 -137.78 -79.68
2983 -139.96 -36.96
2984 -0.13 -120.89
2985 -126.79 -104.14
2986 -45.34 -88.54
2987 -69.72 -100.62
2988 -67.77 -129.08
2989 -56.2 -25.35
2990 -107.11 -109.51
2991 -37.78 -66.55
2992 -83.22 -12.15
2993 -9.22 -4.45
2994 -124.85 -37.76
2995 -129.12 -64.38
2996 -80.02 -38.69
2997 -20.89 -1.97
2998 -84.45 -74.8
2999 -52.69 -17.86
3000 -122 -130.1
3001 -75.64 -82
3002 -39.62 -69.86
3003 -55.95 -47.89
3004 -118.76 -9.91
3005 -21.95 -112.15
3006 -81.22 -82.87
3007 -140.54 -59.73
3008 -109.7 -66.97
3009 -104.73 -6.77
3010 -71.15 -137.07
3011 -32.77 -90.85
3012 -138.34 -8.17
3013 -82.97 -53.66
3014 -71.52 -125.31
3015 -112.41 -38.18
3016 -22.7 -96.04
3017 -22.91 -90.58
3018 -40.99 -62.32
3019 -72.23 -78.86
3020 -93.53 -16.75
3021 -99.62 -139.7
3022 -56.43 -31.75
3023 -98.72 -97.17
3024 -103.94 -68.65
3025 -62.73 -105.97
3026 -99.34 -77.61
3027 -131.3 -141.02
3028 -51.68 -94.68
3029 -76.99 -116.79
3030 -57.49 -123.21
3031 -121.77 -91.93
3032 -39.51 -80.19
3033 -45.03 -1.68
3034 -126.06 -80.5
3035 -97.25 -117.26
3036 -16.49 -76.59
3037 -10.87 -99.39
3038 -99.08 -72.92
3039 -44.1 -12.11
3040 -20.61 -105.54
3041 -40.15 -9.35
3042 -7.37 -119.95
3043 -71.64 -73.97
3044 -47.76 -104.57
3045 -84.78 -51.15
3046 -0.08 -105.25
3047 -42.44 -109.08
3048 -110.76 -85.11
3049 -68.13 -87.47
3050 -107.26 -139.35
3051 -72.94 -22.38
3052 -24.3 -123.75
3053 -99.19 -129.33
3054 -43.97 -123.38
3055 -131.45 -45.81
3056 -55.16 -64.58
3057 -41.53 -74.12
3058 -5.1 -108.05
3059 -69.63 -15.69
3060 -66.85 -52.86
3061 -60.64 -56.93
3062 -23.01 -112.45
3063 -54.57 -103.08
3064 -93.08 -36.3
3065 -32.65 -25.22
3066 -93.13 -102.86
3067 -129.13 -8.11
3068 -137.45 -117.43
3069 -0.33 -85.32
3070 -33.66 -83.94
3071 -5.52 -131.78
3072 -108.43 -134.34
3073 -99.4 -47.05
3074 -62.75 -113.53
3075 -68.91 -71.55
3076 -31 -32.12
3077 -1.57 -129.55
3078 -89.64 -54.02
3079 -135.84 -101.66
3080 -29.41 -85.24
3081 -45.1 -25.49
3082 -79.12 -122.54
3083 -142.49 -31.23
3084 -19.07 -119.09
3085 -60.03 -142.82
3086 -34.13 -52.73
3087 -44.08 -65.55
3088 -112.61 -142.56
3089 -15.61 -46
3090 -117.55 -77.88
3091 -12.52 -84.52
3092 -71.08 -5.55
3093 -105.09 -59.61
3094 -63.8 -63.24
3095 -5.48 -0.45
3096 -25.94 -93.21
3097 -72.75 -96.1
3098 -29.85 -7.59
3099 -126.68 -72.24
3100 -117.58 -48.92
3101 -101.66 -43.72
3102 -109.27 -8.71
3103 -53.79 -48.26
3104 -94.26 -124.4
3105 -59.28 -114.92
3106 -56.45 -114.33
3107 -22.4 -117.32
3108 -33.94 -30.05
3109 -138.81 -30.02
3110 -30.47 -97.74
3111 -47.95 -46.81
3112 -142.91 -101.94
3113 -109.53 -120.7
3114 -95.46 -29.76
3115 -124.2 -93.21
3116 -136.93 -70.04
3117 -124.28 -82.86
3118 -33.64 -103.21
3119 -130.13 -35.07
3120 -7 -127.9
3121 -1.75 -91.94
3122 -66.26 -108.97
3123 -139.02 -24.16
3124 -54.18 -100.2
3125 -54.94 -134.83
3126 -38.64 -84.65
3127 -43.59 -102.89
3128 -126.11 -84.07
3129 -16.35 -55.64
3130 -5.86 -78.57
3131 -51.14 -140.55
3132 -80.42 -142.79
3133 -5.52 -32.42
3134 -113.01 -16.58
3135 -47.01 -135.66
3136 -84.6 -22.53
3137 -131.5 -48.76
3138 -118.44 -7.86
3139 -10.59 -30.04
3140 -67.39 -29.62
3141 -16.8 -65.53
3142 -70.95 -8.55
3143 -92.62 -105.91
3144 -18.56 -99.58
3145 -80.68 -108.97
3146 -106.53 -69.94
3147 -69.73 -131.82
3148 -66.76 -89.47
3149 -106.05 -120.78
3150 -15.96 -36.77
3151 -104.83 -10.06
3152 -104.35 -100.56
3153 -10.94 -138.85
3154 -25.9 -79.79
3155 -11.94 -21.53
3156 -132.59 -138.81
3157 -4.37 -28.74
3158 -37.17 -106.06
3159 -62.64 -142.51
3160 -11.01 -55.73
3161 -28.19 -0.32
3162 -132.14 -20.06
3163 -12.05 -0.45
3164 -121.23 -101.42
3165 -40.72 -20.62
3166 -76.21 -137.19
3167 -140.27 -2.55
3168 -141.4 -37.56
3169 -117.35 -53.73
3170 -120.79 -69.82
3171 -65.64 -129.29
3172 -60.55 -12.9
3173 -118.96 -115.53
3174 -17.56 -97.73
3175 -55.98 -38.6
3176 -38.93 -74.09
3177 -94.15 -84.18
3178 -84.63 -73.59
3179 -77.54 -106.2
3180 -126.83 -108.38
3181 -5.09 -118.26
3182 -120.81 -60.04
3183 -0.12 -2.36
3184 -101.61 -119.21
3185 -91.56 -19.99
3186 -51.81 -124.92
3187 -137.82 -14.2
3188 -32.25 -112.36
3189 -112.61 -113.78
3190 -54.91 -95.33
3191 -26.43 -25.6
3192 -12.3 -139.36
3193 -69.95 -23.1
3194 -129.31 -96.93
3195 -62.31 -4.49
3196 -122.75 -15.66
3197 -121.22 -67.4
3198 -115.28 -3.08
3199 -122.3 -23.86
3200 -43.85 -119.41
3201 -101.34 -116.38
3202 -130.58 -95.66
3203 -110.55 -96.16
3204 -112.47 -65.35
3205 -17.68 -80.16
3206 -105.76 -24.38
3207 -20.74 -89.63
3208 -112.74 -20.58
3209 -117.51 -136.21
3210 -43.23 -1.57
3211 -62.75 -82.34
3212 -52.26 -68.5
3213 -71.59 -86.49
3214 -110.35 -24.54
3215 -46.48 -96.41
3216 -69.79 -11.2
3217 -9.39 -4.82
3218 -3.5 -102.89
3219 -70.76 -119.94
3220 -57.1 -115.97
3221 -42.87 -133.96
3222 -80.6 -65.39
3223 -85.97 -109.13
3224 -102.35 -50.34
3225 -51.91 -106.01
3226 -45.35 -48.1
3227 -116.6 -114.66
3228 -58.15 -0.14
3229 -70.2 -90.71
3230 -89.64 -71.02
3231 -127.74 -116.68
3232 -121.5 -61.95
3233 -67.36 -137.13
3234 -114.07 -27.53
3235 -0.5 -138.12
3236 -129.09 -73.7
3237 -41.61 -88.9
3238 -55.03 -112.21
3239 -19.55 -127.58
3240 -136.11 -14.38
3241 -108 -116.98
3242 -134.16 -83.99
3243 -84.13 -127.13
3244 -120.36 -94.83
3245 -22.85 -11.33
3246 -128.02 -67.01
3247 -31.48 -7.59
3248 -47.25 -9.04
3249 -36.57 -98.85
3250 -139.49 -63.84
3251 -137.54 -82.6
3252 -28.5 -28.1
3253 -140.31 -36.15
3254 -66.26 -83.53
3255 -0.44 -62.38
3256 -81.88 -59.37
3257 -45.88 -10.96
3258 -138.09 -118.56
3259 -70.39 -130.01
3260 -141.35 -115.46
3261 -84.99 -138.76
3262 -48.88 -28.89
3263 -37.93 -18.99
3264 -20.36 -96.13
3265 -16.97 -74.51
3266 -59.63 -16.86
3267 -90.48 -57.04
3268 -93.19 -88.13
3269 -74.18 -133.32
3270 -98.22 -61.97
3271 -23.87 -74.62
3272 -85.59 -37.11
3273 -12.67 -69.75
3274 -56.77 -126.2
3275 -98.66 -128.59
3276 -124.35 -100.64
3277 -129.53 -86.17
3278 -105.17 -30.23
3279 -126.36 -24.46
3280 -1.49 -125.53
3281 -44.91 -45.86
3282 -102.9 -61.12
3283 -6.25 -135.4
3284 -125.72 -98.61
3285 -63.11 -125.96
3286 -57.58 -126.46
3287 -20.57 -86.98
3288 -59.25 -45.69
3289 -74.42 -78.77
3290 -64.36 -18.54
3291 -119.18 -75.6
3292 -18.78 -45.71
3293 -121.47 -105.71
3294 -32.7 -26.47
3295 -9 -7.35
3296 -53.21 -34.19
3297 -140.84 -99.44
3298 -91.84 -13.11
3299 -14.25 -49.61
3300 -32.57 -120.08
3301 -103.54 -77.36
3302 -21.34 -135.68
3303 -38.37 -26.64
3304 -105.41 -126.11
3305 -1.66 -15.31
3306 -90.92 -72.29
3307 -118 -120.84
3308 -129.08 -109.7
3309 -136.17 -141.99
3310 -6.35 -18.78
3311 -98.49 -47.69
3312 -49.65 -105.08
3313 -20.72 -141.85
3314 -48.47 -44.01
3315 -66.61 -34.97
3316 -112.33 -81.04
3317 -73.72 -72.68
3318 -99.32 -36.19
3319 -64.82 -14.62
3320 -29.93 -107.25
3321 -36.54 -66.48
3322 -89.85 -120.85
3323 -133.07 -57.06
3324 -56.06 -75.93
3325 -140.23 -28.76
3326 -121.98 -107.93
3327 -70.01 -141.24
3328 -140.1 -28.63
3329 -72.65 -90.73
3330 -28.22 -45.57
3331 -29.13 -139.26
3332 -114.46 -43.07
3333 -124.78 -5.38
3334 -65.52 -70.78
3335 -80.55 -46.61
3336 -113.09 -140.97
3337 -118.83 -117.09
3338 -31.16 -59.94
3339 -38.39 -11.42
3340 -85.71 -132.74
3341 -0.19 -81.14
3342 -79.39 -64.69
3343 -138.84 -70.2
3344 -63.46 -122.01
3345 -70.1 -114.01
3346 -12.8 -137.2
3347 -37.28 -1.75
3348 -7.13 -127.26
3349 -55.05 -19.06
3350 -111.19 -72.65
3351 -70.63 -135.6
3352 -12.22 -81.29
3353 -43.75 -91.98
3354 -5.92 -88.9
3355 -124.16 -127.67
3356 -65.81 -91.63
3357 -58.84 -124.35
3358 -97.07 -47.72
3359 -26.73 -54.69
3360 -25.7 -63.05
3361 -57.26 -142.35
3362 -1.11 -38.5
3363 -22.77 -140.06
3364 -61.64 -8.24
3365 -126.42 -123.34
3366 -18.46 -29.84
3367 -111.13 -99.57
3368 -48.55 -76.2
3369 -22.1 -57.4
3370 -42.07 -54.47
3371 -48.63 -3.26
3372 -127.61 -10.41
3373 -58.13 -107.47
3374 -19.16 -127.21
3375 -47.26 -84.87
3376 -129.74 -90.39
3377 -128.89 -104.52
3378 -4.1 -130.85
3379 -139.1 -54.18
3380 -80.04 -65.75
3381 -95.59 -25.04
3382 -124.61 -1.03
3383 -77.23 -109.24
3384 -69.16 -30.16
3385 -130.15 -1.86
3386 -5.12 -111.24
3387 -121.65 -35.78
3388 -45.78 -35.26
3389 -19.47 -36.78
3390 -24.17 -110.46
3391 -57.85 -66.73
3392 -73.78 -10.92
3393 -44.29 -89.27
3394 -45.97 -77.88
3395 -46.15 -40.39
3396 -65.43 -126.02
3397 -29.57 -141.74
3398 -10.5 -92.56
3399 -122.72 -106.8
3400 -11.18 -79.67
3401 -47.91 -12.4
3402 -93.7 -16.31
3403 -97.09 -72.08
3404 -11.38 -139.48
3405 -106.95 -116.56
3406 -85.81 -81.08
3407 -137.52 -67.32
3408 -13.59 -62.11
3409 -140 -38.81
3410 -79.21 -59.57
3411 -88.11 -88.67
3412 -87.42 -47.16
3413 -42.25 -117.68
3414 -127 -97.92
3415 -80.11 -21.97
3416 -79.89 -138.19
3417 -57.02 -30.54
3418 -102.62 -76.12
3419 -118.12 -11.11
3420 -30.19 -16.53
3421 -97.61 -127.59
3422 -51.92 -18.52
3423 -80.64 -92.13
3424 -130.94 -65.51
3425 -27.6 -123.16
3426 -68.83 -112.67
3427 -62.36 -115.71
3428 -135.91 -13.25
3429 -13.7 -104.61
3430 -29.1 -119.92
3431 -17.63 -93.81
3432 -124.36 -109
3433 -87.64 -74.65
3434 -85.76 -129.5
3435 -3.03 -62.76
3436 -47.36 -18.47
3437 -36.99 -100.64
3438 -95.29 -99.28
3439 -67.31 -117.63
3440 -97.79 -83.24
3441 -98.43 -94.92
3442 -113.15 -69.15
3443 -127.92 -17.79
3444 -24.92 -106.07
3445 -128.51 -141.62
3446 -137.96 -54.03
3447 -65.55 -3.14
3448 -77.79 -21.84
3449 -8.34 -55.71
3450 -118.47 -66.07
3451 -130.06 -56.9
3452 -60.06 -22.83
3453 -24.63 -24.05
3454 -44.21 -12.36
3455 -141.12 -137.47
3456 -134.91 -44.52
3457 -113.67 -142.07
3458 -62.39 -105.06
3459 -113.65 -98.6
3460 -142.74 -87.31
3461 -43.86 -1.68
3462 -4.82 -137.7
3463 -62.06 -11.93
3464 -67.64 -128.13
3465 -96.72 -115.93
3466 -29.83 -43.12
3467 -111.47 -83.78
3468 -10.36 -135.41
3469 -50.29 -136.11
3470 -33.1 -54.57
3471 -99.09 -48.41
3472 -47.49 -25.01
3473 -32.59 -115.29
3474 -70.89 -12.4
3475 -99.71 -48.77
3476 -50.45 -70.63
3477 -110.86 -46.1
3478 -58.03 -55.28
3479 -85.93 -75.44
3480 -48.37 -125.68
3481 -71.32 -39.66
3482 -25.96 -123.72
3483 -18.66 -39.79
3484 -78.42 -36.32
3485 -136.41 -68.95
3486 -117.37 -111.52
3487 -39.05 -138.03
3488 -110.32 -67.38
3489 -79.78 -71.65
3490 -120.42 -38.21
3491 -11.36 -82.01
3492 -128.11 -27.87
3493 -128.67 -24.74
3494 -100.19 -43.15
3495 -71.35 -117.13
3496 -13.79 -51.08
3497 -31.81 -142.67
3498 -39.46 -85.27
3499 -24.12 -50.47
3500 -119.42 -20.41
3501 -34.45 -17.53
3502 -12.56 -139.31
3503 -109.21 -73.51
3504 -2.16 -122.88
3505 -63.61 -91.51
3506 -30.53 -25.1
3507 -98.49 -120.5
3508 -2.24 -15.64
3509 -104.31 -129.69
3510 -103.82 -102.43
3511 -10.52 -32.66
3512 -32.33 -20.13
3513 -105.4 -87.85
3514 -40.84 -117.32
3515 -137.73 -129.52
3516 -49.58 -62.78
3517 -59.1 -29.18
3518 -102.69 -62.14
3519 -87.55 -70.83
3520 -19.35 -7.37
3521 -77.99 -53.68
3522 -31.18 -49.88
3523 -111.04 -79.01
3524 -65.7 -33.43
3525 -38.38 -72.36
3526 -7.54 -26.52
3527 -92.17 -94.42
3528 -39.27 -39.88
3529 -59.72 -54.57
3530 -86.62 -125.63
3531 -45.42 -54.45
3532 -129.15 -136.2
3533 -100.86 -7.04
3534 -77.87 -134.37
3535 -44.26 -90.93
3536 -1.62 -97.22
3537 -49.62 -24.78
3538 -103.79 -32.8
3539 -111.75 -63.19
3540 -135.55 -26.49
3541 -98.53 -7.14
3542 -101.56 -0.09
3543 -85.49 -47.7
3544 -4.79 -43.36
3545 -25.99 -2.21
3546 -102.18 -91.41
3547 -130.13 -71.41
3548 -78.45 -133.86
3549 -125.23 -133.52
3550 -81.45 -58.85
3551 -13.07 -72.01
3552 -96.79 -83.07
3553 -18.4 -108.22
3554 -28.41 -57.58
3555 -129.59 -130.15
3556 -39.81 -66.48
3557 -112.09 -130.64
3558 -80.86 -141.38
3559 -41.74 -54.59
3560 -102.32 -85.66
3561 -79.59 -67.73
3562 -41.67 -107.03
3563 -97.89 -112.25
3564 -102.77 -120.12
3565 -35.97 -125.64
3566 -54.65 -41.22
3567 -26.82 -94.57
3568 -59.79 -8.45
3569 -111.55 -45.22
3570 -77.89 -133.72
3571 -57.2 -0.67
3572 -131.31 -117.71
3573 -18.61 -26.29
3574 -126.4 -69.18
3575 -57.36 -105.87
3576 -30.6 -131.25
3577 -95.28 -39.47
3578 -8.72 -72.27
3579 -94.92 -95.69
3580 -78.33 -111.49
3581 -55.24 -33.41
3582 -127.98 -35.5
3583 -89.47 -127.58
3584 -75.32 -90.29
3585 -126.53 -58.03
3586 -104.22 -10.21
3587 -30.44 -40.73
3588 -112.55 -92.53
3589 -18.71 -49.05
3590 -11.92 -95.95
3591 -129.72 -121.59
3592 -18.07 -88.05
3593 -62.84 -82
3594 -80.21 -26.79
3595 -40.81 -60.28
3596 -93.7 -61.06
3597 -96.57 -141.57
3598 -126.15 -124.2
3599 -117.02 -43.04
3600 -3.59 -58.47
3601 -114.2 -100.55
3602 -141.29 -107.81
3603 -102.87 -1.65
3604 -96.22 -13.36
3605 -11.83 -24.1
3606 -2.7 -10.67
3607 -1.24 -141.56
3608 -126.08 -20.77
3609 -93.08 -109.6
3610 -26.89 -63.3
3611 -124.36 -36.41
3612 -80.5 -23.11
3613 -4.31 -123.45
3614 -69.02 -63.65
3615 -24.64 -121.33
3616 -124.41 -72.61
3617 -82.95 -41.37
3618 -88.54 -25.22
3619 -38.58 -88.34
3620 -112.44 -41.76
3621 -97.95 -50.41
3622 -94.49 -17.66
3623 -83.95 -99.19
3624 -111.32 -77.58
3625 -43.4 -34.04
3626 -115.97 -138.21
3627 -18.32 -70.28
3628 -50.74 -53.48
3629 -19.65 -68.15
3630 -92.01 -119.76
3631 -94.89 -89.82
3632 -131.19 -73.42
3633 -1.16 -80.36
3634 -25.7 -76.73
3635 -21.01 -39.74
3636 -135.67 -40.67
3637 -58.33 -118.97
3638 -120.68 -132.69
3639 -112.79 -142.29
3640 -78.85 -89
3641 -129.73 -13.19
3642 -128.99 -51.82
3643 -7.82 -50.57
3644 -118.73 -36.73
3645 -59.01 -73
3646 -19.82 -113.26
3647 -89.2 -10.91
3648 -136.79 -8.01
3649 -130.26 -90.36
3650 -32.62 -19.5
3651 -60.17 -8.27
3652 -29.76 -70.81
3653 -60.5 -118.5
3654 -20.31 -7.45
3655 -141.97 -30.29
3656 -89 -99.16
3657 -53.51 -128.71
3658 -36.28 -120.52
3659 -14.25 -61.33
3660 -134.33 -12.01
3661 -27.79 -73.27
3662 -129.7 -11.15
3663 -64.68 -116.99
3664 -64.35 -123.49
3665 -45.51 -51.94
3666 -105.74 -142.49
3667 -70.31 -8.2
3668 -126.71 -135.5
3669 -142.95 -130.81
3670 -63.63 -49.54
3671 -5.71 -141.93
3672 -30.16 -55.15
3673 -32.67 -59.22
3674 -120.55 -66.44
3675 -123.98 -92.45
3676 -68.24 -14.41
3677 -71.08 -8.77
3678 -125.77 -100.46
3679 -80.95 -135.77
3680 -90.23 -92.64
3681 -92.14 -28.99
3682 -37.19 -52.97
3683 -45.48 -19.45
3684 -52.78 -66.42
3685 -115.97 -90.95
3686 -135.4 -18.93
3687 -74.09 -121.68
3688 -37.9 -22.56
3689 -89.01 -9.28
3690 -101.73 -60.97
3691 -75.38 -115.51
3692 -124.28 -26.97
3693 -127.43 -3.47
3694 -41.76 -9.57
3695 -102.22 -110.91
3696 -139.9 -131.99
3697 -87.49 -51.36
3698 -116.33 -34.09
3699 -100.52 132.97
3700 -126.44 26.11
3701 -45.05 119.01
3702 -97.69 118.85
3703 -43.93 21.66
3704 -30.94 38.11
3705 -99.08 35.46
3706 -7.97 132.68
3707 -62.17 76.99
3708 -125.98 132.26
3709 -141.83 92.13
3710 -105.56 70.26
3711 -59.25 101.05
3712 -54.93 102.46
3713 -39.07 49.26
3714 -84.75 73.78
3715 -99.9 42.11
3716 -18.12 68.2
3717 -89.57 47.47
3718 -69.13 18.33
3719 -56.44 133.5
3720 -25.97 2.59
3721 -37.79 58.05
3722 -135.04 33.94
3723 -68.72 99.97
3724 -94.62 20.54
3725 -90.8 67.56
3726 -71.13 57.18
3727 -62.16 52.57
3728 -101.84 28.59
3729 -102.37 101.23
3730 -45.87 89.11
3731 -14.31 104.79
3732 -54.78 109.51
3733 -127.85 6.4
3734 -139.91 26.43
3735 -29.03 86.81
3736 -1.86 68.4
3737 -4.86 66.82
3738 -69.31 39.42
3739 -59.96 119.11
3740 -89.19 20.93
3741 -123.63 53.28
3742 -105.86 62.84
3743 -91.43 42.79
3744 -46.55 110.22
3745 -56.33 96.33
3746 -103.64 92.42
3747 -104.45 116.17
3748 -122.57 15.43
3749 -41.86 134.82
3750 -78.64 22
3751 -135.92 116.41
3752 -40.24 126.02
3753 -22.45 140.79
3754 -19.42 109.55
3755 -33.01 127.93
3756 -38.22 108.61
3757 -28.45 13.64
3758 -56.44 46.6
3759 -13.82 22.41
3760 -118.74 5.51
3761 -0.45 115.67
3762 -88.84 124.9
3763 -42.85 104.9
3764 -96.73 68.42
3765 -90.42 84.72
3766 -103.65 77.89
3767 -60.91 83.35
3768 -126.66 0.89
3769 -12.97 83.36
3770 -68.3 3.08
3771 -111.69 91.5
3772 -105.14 9.04
3773 -55.64 42.66
3774 -65.07 64.1
3775 -69.61 114.98
3776 -87.65 86.33
3777 -68.24 70.06
3778 -77.49 33.5
3779 -101.92 111.09
3780 -98.33 31.22
3781 -11.63 94.86
3782 -80.73 58.99
3783 -105.4 72.54
3784 -58.43 64.39
3785 -112.99 20.89
3786 -112.39 29.25
3787 -38.29 127.2
3788 -26.87 120.06
3789 -41.16 139.45
3790 -111.43 137.46
3791 -80.8 13.3
3792 -128.88 56.08
3793 -89.58 51.56
3794 -65.17 63.37
3795 -140.11 94.02
3796 -45.89 20.51
3797 -125.02 8.74
3798 -126.81 29.14
3799 -139.06 87.42
3800 -108.32 42.24
3801 -117.01 109.05
3802 -138.78 123.23
3803 -100.29 57.82
3804 -54.27 68.17
3805 -62.63 43.98
3806 -102.8 22.7
3807 -124.3 0.43
3808 -97.51 88.68
3809 -54.58 70.89
3810 -67.43 19.69
3811 -85.72 51.69
3812 -105.96 15.84
3813 -44.99 67.74
3814 -57.68 89.77
3815 -34.53 41.05
3816 -52.62 68.52
3817 -48.76 54.06
3818 -111.88 48.4
3819 -116.57 51.57
3820 -95.55 23.15
3821 -91.37 81.73
3822 -127.68 100.87
3823 -46.56 118.19
3824 -91.6 82.2
3825 -101.89 101.14
3826 -55.35 16.04
3827 -31.88 44.61
3828 -14.87 18.31
3829 -10.6 122.39
3830 -20.44 72.55
3831 -43.6 90.65
3832 -1.71 73.07
3833 -23.99 92.36
3834 -46.45 113.59
3835 -39.26 43.09
3836 -124.82 44.53
3837 -2.4 33.15
3838 -8.35 109.5
3839 -48.7 48.96
3840 -52.62 99.95
3841 -18.51 53.11
3842 -0.24 107.98
3843 -126.29 95.92
3844 -75.31 15.11
3845 -133.19 39.42
3846 -130.07 95.76
3847 -71.35 33.79
3848 -126.15 131.79
3849 -4.9 140.86
3850 -40.95 75.12
3851 -119.65 89.69
3852 -122.84 68.29
3853 -34.8 122.06
3854 -28.02 33.71
3855 -36.19 129.02
3856 -39.14 80.65
3857 -91.15 100.22
3858 -53.14 84.9
3859 -100.02 74.44
3860 -113.86 128.46
3861 -126.74 90.21
3862 -124 3.46
3863 -135.25 100.61
3864 -98.47 9.67
3865 -84.79 42.67
3866 -132.36 41.95
3867 -110.24 106.97
3868 -86.03 14.73
3869 -93.96 2.04
3870 -33.59 16.57
3871 -142.74 32.67
3872 -132.9 118.25
3873 -60.15 90.89
3874 -22.34 43.04
3875 -74.02 17.17
3876 -9.9 38.72
3877 -42.18 103.28
3878 -60.89 36.42
3879 -91.61 79.95
3880 -122.63 16.37
3881 -103.84 78.93
3882 -42.9 14.51
3883 -74.76 71.08
3884 -118.65 128.93
3885 -2.5 25.73
3886 -58.4 9.24
3887 -127.49 47.77
3888 -138.66 48.3
3889 -136.87 90.16
3890 -107.34 63.52
3891 -4.77 113.41
3892 -73.7 19.76
3893 -101.71 46.95
3894 -29.43 134.59
3895 -53.48 50.32
3896 -129.25 54.58
3897 -114.61 14.32
3898 -130.93 29.15
3899 -60.6 46.38
3900 -72.11 106.58
3901 -115.82 108.63
3902 -13.4 33.03
3903 -126.86 2.83
3904 -92.99 9.06
3905 -118.11 23.25
3906 -136.66 102.85
3907 -122.62 122.88
3908 -26.83 67.36
3909 -104.48 81.33
3910 -34.17 101.78
3911 -13.36 60.48
3912 -74.81 20.43
3913 -95.1 30.5
3914 -76.88 62.74
3915 -26.32 58.23
3916 -23.86 51.51
3917 -84.54 44.66
3918 -47.49 82.78
3919 -91.84 113.92
3920 -137.17 140.48
3921 -100.34 66.95
3922 -46.83 130.84
3923 -100.72 125.48
3924 -109.33 119.19
3925 -123.49 62.2
3926 -122.69 0.5
3927 -66.45 39.38
3928 -69.88 100.02
3929 -19.76 64.08
3930 -122.31 3.76
3931 -55.27 91.6
3932 -38.78 3.17
3933 -85.95 42.33
3934 -13.26 86.27
3935 -129.27 80.31
3936 -49.79 7.43
3937 -40.79 132.13
3938 -114.61 142.14
3939 -20.85 141.52
3940 -60.72 126.46
3941 -29.49 1.35
3942 -40.73 40.41
3943 -140.43 141.46
3944 -62.54 110.61
3945 -16.89 62.71
3946 -56.83 41.85
3947 -90.54 117.68
3948 -17.01 95.61
3949 -38.88 79.01
3950 -61.85 75.79
3951 -128.75 70.68
3952 -59.81 111.64
3953 -13.3 26.54
3954 -25.06 76.95
3955 -60.41 34.16
3956 -81.03 131.31
3957 -74.24 89.9
3958 -88.37 121.76
3959 -134.89 117.2
3960 -82.43 53.43
3961 -95.29 54.3
3962 -28.98 139.27
3963 -91.88 88.35
3964 -24.37 91.51
3965 -24.31 33.29
3966 -6.49 131.74
3967 -100.38 55.58
3968 -82.12 66.3
3969 -0.25 16.2
3970 -50.36 9.71
3971 -43.54 60.67
3972 -53.09 131.39
3973 -12.67 117.78
3974 -91.98 43.98
3975 -97.42 50.08
3976 -104.38 31.42
3977 -73.21 95.23
3978 -86.1 133.36
3979 -127.4 67.61
3980 -100.9 12.99
3981 -1.73 54.23
3982 -109.81 9.91
3983 -76.22 4.63
3984 -20.84 94.45
3985 -6.68 76.47
3986 -39.66 116.72
3987 -105.12 50.22
3988 -25.01 138.28
3989 -84.78 20.31
3990 -70.4 19.51
3991 -96.45 84.72
3992 -36.95 77.3
3993 -113.19 26.66
3994 -94.28 25.58
3995 -38.57 97.59
3996 -8.82 97.7
3997 -107.62 40.31
3998 -44.94 21.15
3999 -115.6 40.84
4000 -19.83 111.3
4001 -85.03 122.29
4002 -75.03 105.02
4003 -100.3 92.67
4004 -112.98 100.04
4005 -22.08 87.6
4006 -29.33 85.9
4007 -20.21 118.53
4008 -2.2 111.8
4009 -137.38 133.4
4010 -87.99 96.48
4011 -96.7 32.96
4012 -73.27 142.33
4013 -20.48 61.32
4014 -4.68 20.73
4015 -132.04 38.6
4016 -63.41 70.04
4017 -32.06 119.59
4018 -69.26 138.45
4019 -141.01 34.88
4020 -122.48 39.24
4021 -27.67 20.09
4022 -138.63 54.33
4023 -23.14 47.88
4024 -83.8 43.35
4025 -42.35 17.52
4026 -50.48 74.31
4027 -73.64 139.05
4028 -102.9 26.27
4029 -92.53 139.64
4030 -80.76 10.1
4031 -80.14 127.09
4032 -103.68 1.18
4033 -42.15 112.2
4034 -49.6 29.94
4035 -114.7 40.16
4036 -105.78 74.61
4037 -128.94 142.37
4038 -92.77 101.41
4039 -47.28 9.08
4040 -26.61 33.57
4041 -107.88 89.63
4042 -131.2 122.61
4043 -51.41 84.04
4044 -126.2 91.1
4045 -101.21 0.94
4046 -30.55 63.97
4047 -110.67 38.35
4048 -53.08 134.23
4049 -66.69 9.82
4050 -95.5 102.68
4051 -34.29 83.91
4052 -83.29 58.28
4053 -62.21 20.24
4054 -74.84 78.58
4055 -112.16 109.49
4056 -101.64 3.97
4057 -29.11 122.56
4058 -63.61 89.85
4059 -37.95 80.52
4060 -126.98 46.81
4061 -13.3 41.68
4062 -80.04 14.53
4063 -51.28 123.97
4064 -36.31 35.64
4065 -138.32 20.49
4066 -104.4 34.34
4067 -138.14 75.14
4068 -140.9 90.21
4069 -25.8 102.88
4070 -69.37 72.74
4071 -122.24 137.96
4072 -20.04 73.54
4073 -20.39 8.35
4074 -134.39 83.65
4075 -32.99 103.86
4076 -2.55 118.37
4077 -35.42 46.29
4078 -72.79 128.11
4079 -20.75 132.22
4080 -9.71 11.62
4081 -45.96 61.59
4082 -39.25 16.63
4083 -106.85 86.63
4084 -46.51 82.67
4085 -57.94 132.65
4086 -30.13 115.88
4087 -91.94 37.18
4088 -91.05 50.17
4089 -36.35 112.33
4090 -118.72 82.44
4091 -103.33 69.34
4092 -18.15 121.27
4093 -8.9 41.27
4094 -30.49 90.94
4095 -5.09 75.17
4096 -39.28 85.72
4097 -102.35 96.57
4098 -40.2 124.06
4099 -63.73 66.2
4100 -55.85 86.71
4101 -105.12 121.67
4102 -61.37 131.5
4103 -38.68 54.06
4104 -68.92 9.42
4105 -91.86 75.03
4106 -46.89 44.64
4107 -68.43 52.19
4108 -93.46 65.04
4109 -58.51 77.33
4110 -55.02 26.47
4111 -112.19 63.6
4112 -17.17 94.3
4113 -75.36 117.07
4114 -40.27 57.38
4115 -46.61 41.62
4116 -20.29 141.65
4117 -130.15 8.73
4118 -62.8 81.67
4119 -136.61 71.35
4120 -48.9 131.72
4121 -33.36 85.48
4122 -40.19 95.79
4123 -17.84 4.31
4124 -81.64 36.18
4125 -62.65 121.87
4126 -42.47 39.18
4127 -133.48 77.37
4128 -51.44 105.16
4129 -65.06 111.37
4130 -9.99 137.23
4131 -38.4 111.68
4132 -120.41 75.8
4133 -59.99 71.08
4134 -142.43 85.73
4135 -74.45 53.61
4136 -41.61 93.86
4137 -46.65 10.33
4138 -14.64 81.8
4139 -117.98 110.01
4140 -88.88 141.8
4141 -37.98 83.16
4142 -17.53 33.87
4143 -41.56 73.99
4144 -87.88 114.49
4145 -108.72 106.62
4146 -120.82 97.87
4147 -76.19 49.65
4148 -120.73 0.76
4149 -86.49 136.19
4150 -92.32 22.68
4151 -116.54 63.47
4152 -73.8 133.93
4153 -72.73 65.72
4154 -32.73 133.97
4155 -132.77 93.24
4156 -33.4 121.62
4157 -58.01 73.28
4158 -4.27 50.93
4159 -22.42 99.57
4160 -63.2 92.15
4161 -92.54 33.66
4162 -128.83 86.54
4163 -87.3 71.25
4164 -109.96 106.56
4165 -31.77 76.32
4166 -139.79 59.28
4167 -50.21 50.83
4168 -116.55 116.11
4169 -107.08 25.47
4170 -118.71 6.29
4171 -30.43 96.86
4172 -27.14 54.63
4173 -105.56 88.44
4174 -45.02 76.93
4175 -26.08 30.5
4176 -109.68 10.74
4177 -142.8 21.14
4178 -92.39 95.52
4179 -104.6 132.63
4180 -65.95 104.88
4181 -21.16 136.37
4182 -89.73 108.26
4183 -81.37 116.9
4184 -142.37 63.28
4185 -115.09 45.46
4186 -142.32 20.6
4187 -75.23 48.04
4188 -136.49 71.98
4189 -5.91 83.31
4190 -16.33 84.03
4191 -140.29 77.51
4192 -1.17 28.53
4193 -124.05 140.09
4194 -129.72 139.08
4195 -100.96 131.18
4196 -27.07 98.19
4197 -63.45 24.65
4198 -141.55 116.8
4199 -82.61 1.83
4200 -92.81 43.44
4201 -64.04 54.7
4202 -102.75 137.65
4203 -66.63 41.79
4204 -27.62 141.76
4205 -82.79 118.06
4206 -98.09 43.95
4207 -118 125.6
4208 -25.21 1.78
4209 -140.86 99.06
4210 -132.76 57.46
4211 -12.65 1.35
4212 -26 16.83
4213 -133.64 121.63
4214 -25.98 70.07
4215 -113.51 73.25
4216 -30.47 118.79
4217 -113.44 80.07
4218 -121.86 35.74
4219 -34.5 82.59
4220 -103.17 52
4221 -141.47 19.81
4222 -2.41 103.78
4223 -105.56 116.47
4224 -118.05 27.63
4225 -130.61 5.94
4226 -52.81 107.81
4227 -124.65 0.26
4228 -24.41 78.81
4229 -5.88 17.81
4230 -136.58 50.39
4231 -26.18 21.91
4232 -101.98 24.05
4233 -59.8 42.14
4234 -27.25 126.36
4235 -35.36 139.82
4236 -16.64 130.42
4237 -91.2 33.83
4238 -7.31 64.57
4239 -137.72 99.28
4240 -105.23 27.88
4241 -135.7 125.33
4242 -28.12 15.04
4243 -139.38 117.35
4244 -37.68 52.53
4245 -102.93 47.78
4246 -69.7 31.26
4247 -100.83 31.63
4248 -119.3 28.68
4249 -57.57 63.15
4250 -59.98 3.55
4251 -36.5 92.93
4252 -29.29 122.14
4253 -43.71 127.7
4254 -83.99 82.12
4255 -110 38.44
4256 -20.77 91.74
4257 -106.78 5.22
4258 -122.57 48.89
4259 -3.95 5.68
4260 -53.47 62.77
4261 -139.55 106.88
4262 -41.03 25.69
4263 -99.89 142.91
4264 -63.06 62.85
4265 -66.41 14.46
4266 -9.92 25.56
4267 -4.7 5.43
4268 -133.13 39.21
4269 -23.85 93.94
4270 -34.9 119.64
4271 -68.38 36.37
4272 -41.6 55.67
4273 -7.09 77.69
4274 -83.37 66.69
4275 -129.47 11.04
4276 -20.44 39.36
4277 -65.05 28.54
4278 -28.45 106.99
4279 -26.85 21.95
4280 -36.41 137.04
4281 -19.6 138.78
4282 -1.21 91.85
4283 -131.06 69.83
4284 -20.77 36.86
4285 -59.03 57.43
4286 -93.81 55.67
4287 -13.86 127.41
4288 -107.62 135.41
4289 -104.62 66.47
4290 -123.03 93.52
4291 -132.88 91.09
4292 -119.64 45.99
4293 -55.51 100.46
4294 -122.41 50.61
4295 -44.65 82.36
4296 -123.66 61.34
4297 -10.2 64.26
4298 -36.61 27.39
4299 -64.25 43.78
4300 -3.74 102.9
4301 -15.57 123.28
4302 -10.22 97.55
4303 -135.48 74.95
4304 -43.95 20.36
4305 -113.88 97.1
4306 -90.72 23.98
4307 -115.5 6.29
4308 -9.27 112.88
4309 -20.49 28.01
4310 -12.89 131.68
4311 -95.54 65.15
4312 -31.93 136.55
4313 -20.94 8.26
4314 -97.57 68.54
4315 -28.44 130.71
4316 -111 101.31
4317 -55.86 89.53
4318 -67 23.74
4319 -44.1 93.86
4320 -93.48 110.95
4321 -37.46 60.51
4322 -112.32 41.2
4323 -56.6 9.96
4324 -83.49 121.59
4325 -12.79 77.1
4326 -44.77 96.38
4327 -135.45 108.33
4328 -19.12 76.7
4329 -47.76 58.91
4330 -46.62 116.69
4331 -75 121.72
4332 -68.25 60.14
4333 -129.4 33.38
4334 -127.24 135.25
4335 -5.73 30.51
4336 -91.02 123.24
4337 -21.45 88.71
4338 -98.67 105.86
4339 -84.45 78.05
4340 -57.67 84.68
4341 -38.06 97.24
4342 -62.57 102.44
4343 -81.66 76.03
4344 -134.94 127.21
4345 -100.9 31.94
4346 -10.66 84.08
4347 -46.75 32.9
4348 -111.8 78.91
4349 -116.69 33.15
4350 -63.66 141.56
4351 -121.81 24.94
4352 -113.65 57.2
4353 -20.06 45.78
4354 -26.35 114.84
4355 -56.52 7.03
4356 -104.27 84.03
4357 -88.99 140.1
4358 -118.65 69.37
4359 -53.58 73.18
4360 -105.12 110.59
4361 -97.19 11.49
4362 -89.91 115.79
4363 -97.22 0.94
4364 -34.1 58.72
4365 -57.28 116.43
4366 -141.37 0.28
4367 -103.01 81.61
4368 -127.39 112.02
4369 -129.38 25.59
4370 -32.63 10.75
4371 -140.3 42.9
4372 -85.52 136.9
4373 -63.27 131.81
4374 -61.99 61.17
4375 -74.28 19.38
4376 -30.87 24.12
4377 -42.43 74
4378 -74.94 23.3
4379 -82.02 139.65
4380 -113.09 11.56
4381 -57.37 41.83
4382 -123.44 13.98
4383 -28.53 17.38
4384 -88.49 107.84
4385 -21.11 14.91
4386 -103.34 121.12
4387 -17.55 63.93
4388 -52.74 45.86
4389 -9.56 126.34
4390 -2.72 114.74
4391 -41.38 129.36
4392 -60.36 79.11
4393 -102.42 129.33
4394 -125.98 37.83
4395 -94.91 86.96
4396 -128.79 141.59
4397 -12.58 9.28
4398 -72.18 11.76
4399 -22.12 41.11
4400 -101.54 17.68
4401 -41.32 43.23
4402 -9.68 61.88
4403 -10.27 58.87
4404 -87.74 62.42
4405 -79.68 19.83
4406 -51.71 90.46
4407 -72.1 23.58
4408 -9.91 112.08
4409 -52.43 31.52
4410 -118.48 38.42
4411 -37.01 4.34
4412 -13.63 6.8
4413 -18.56 95.11
4414 -38.74 85.81
4415 -6.01 86.2
4416 -31.95 140.29
4417 -59.17 47.34
4418 -8.73 41.63
4419 -104.05 69.44
4420 -134.79 96.47
4421 -89.46 86.26
4422 -109.84 43.51
4423 -58.11 18.56
4424 -95.6 119.76
4425 -15.18 110.54
4426 -114.88 116.6
4427 -123.4 97.71
4428 -49.83 31.03
4429 -116.85 44.48
4430 -33.2 134.09
4431 -131.38 25.38
4432 -72.72 65.15
4433 -106.78 93.08
4434 -19.52 81.46
4435 -80.45 67.84
4436 -11.1 56.84
4437 -2.87 26.91
4438 -90.99 23.46
4439 -0.22 60.98
4440 -74.04 43.59
4441 -17.2 60.92
4442 -15.64 45.92
4443 -76.96 43.12
4444 -133.13 110.99
4445 -102.08 96.33
4446 -121.71 23.33
4447 -88.49 135.99
4448 -86.07 96.96
4449 -80.94 52.27
4450 -22.63 8.11
4451 -64.95 18.39
4452 -90.83 79.25
4453 -102.72 67.82
4454 -31.32 38.82
4455 -127.94 102.94
4456 -66.39 105.36
4457 -53.81 2.14
4458 -90.78 127.55
4459 -95.54 33.29
4460 -129.62 80.91
4461 -6.77 100.14
4462 -93.13 10.85
4463 -10.33 95.26
4464 -50.05 81.72
4465 -89.84 91.27
4466 -12.19 72.69
4467 -8.94 11.79
4468 -125.14 103.02
4469 -44.36 14.18
4470 -19.65 13.46
4471 -21.35 29.3
4472 -76.96 86.04
4473 -70.59 75.16
4474 -108.45 70.27
4475 -8.18 23.13
4476 -25.79 140.59
4477 -8.44 14.95
4478 -12.73 21.45
4479 -103.17 18.78
4480 -12.57 62.79
4481 -38 50.01
4482 -107.33 24.76
4483 -127.78 92.46
4484 -106.65 89.47
4485 -5.45 74.67
4486 -103.97 126.3
4487 -69.34 26.8
4488 -4.48 83.46
4489 -10.73 139.93
4490 -65.58 112.93
4491 -110.52 64.43
4492 -124.91 136.89
4493 -15.34 118.97
4494 -40.27 137.64
4495 -102.95 118.52
4496 -25.53 52.84
4497 -77.61 140.95
4498 -90.42 35.38
4499 -27.37 107.91
4500 -39.58 99.59
4501 -82.89 32.83
4502 -105.15 46.08
4503 -32.06 9.23
4504 -51.68 109.64
4505 -125.09 42.79
4506 -107.22 19.78
4507 -13.67 92.62
4508 -114.11 134.65
4509 -129.3 74.54
4510 -50.06 56.9
4511 -109.74 134.77
4512 -132.73 121.11
4513 -13.5 89.87
4514 -100.31 125.67
4515 -82.26 40.87
4516 -119.22 42.41
4517 -88.49 22.15
4518 -76.9 126.9
4519 -139.06 120.55
4520 -65.86 31.1
4521 -50.88 121.15
4522 -70.77 75.61
4523 -67.26 110.07
4524 -41.61 87.4
4525 -1.3 99.08
4526 -90.86 137.19
4527 -115.31 13.57
4528 -5.96 126.11
4529 -108.78 31.33
4530 -117.72 106.27
4531 -5.69 93.56
4532 -18.23 93.95
4533 -77.85 139.7
4534 -19.78 95.13
4535 -126.23 119.43
4536 -97.58 131.16
4537 -63.77 79.63
4538 -92.22 70.88
4539 -15.28 33.56
4540 -35.16 133.84
4541 -30.55 62.11
4542 -121.2 126.02
4543 -109.13 2.86
4544 -79.71 127.16
4545 -135.96 120.43
4546 -70.99 54.44
4547 -5.39 44.17
4548 -86.39 89.22
4549 -86.87 128.76
4550 -105.19 106.17
4551 -139.86 115.62
4552 -97.77 105.29
4553 -33.17 60.63
4554 -139.71 47
4555 -83.36 93.98
4556 -58.61 31.88
4557 -60.42 113.91
4558 -19.3 36.81
4559 -66.49 26.56
4560 -49.51 99.01
4561 -10.45 104.97
4562 -51.66 23.03
4563 -14.77 61.36
4564 -92.64 138.06
4565 -3.75 101.65
4566 -119.79 100.35
4567 -108.17 0.61
4568 -106.77 74.57
4569 -121.57 141.34
4570 -137.84 6
4571 -37.88 107.45
4572 -78.36 98.97
4573 -38.3 98.31
4574 -27.39 97.66
4575 -99.2 104.8
4576 -112.29 122.42
4577 -2.45 12.17
4578 -119.06 20.96
4579 -61.54 17.23
4580 -21.4 114.22
4581 -71.58 65.29
4582 -111.43 141.19
4583 -72.76 36.75
4584 -80.61 120.72
4585 -126.72 96.85
4586 -61.3 120.98
4587 -76.95 67.13
4588 -22.44 42.19
4589 -42.37 115.26
4590 -122.58 95.35
4591 -74.77 141.57
4592 -56.27 137.39
4593 -15.35 122.75
4594 -42.5 32.33
4595 -3.55 76.89
4596 -44.71 63.9
4597 -107.61 120.65
4598 -59.92 13.14
4599 -133.86 82.9
4600 -36.75 43.06
4601 -21.04 20.1
4602 -87.23 0.58
4603 -42.77 0.51
4604 -18.29 12.19
4605 -107.54 85.14
4606 -129.24 140.87
4607 -135.27 84.84
4608 -64.59 42.51
4609 -120.36 53.14
4610 -32.56 9.61
4611 -73.51 26.43
4612 -49.61 77.27
4613 -135.93 83.64
4614 -23.54 109.53
4615 -9.59 29.31
4616 -49.41 105.82
4617 -8.92 76.15
4618 -122.19 39.17
4619 -51.36 51.69
4620 -39.35 140.48
4621 -40.88 61.43
4622 -3.27 71.11
4623 -16.14 33.15
4624 -131.81 113.38
4625 -122.99 136.5
4626 -19.94 21.37
4627 -1.16 99.02
4628 -85.18 115.07
4629 -81.6 137.09
4630 -68.92 108.73
4631 -117.07 136.72
4632 -115.39 20.86
4633 -60.03 125.99
4634 -80.2 94.58
4635 -92.07 111.39
4636 -29.82 119.55
4637 -93.19 132.95
4638 -68.62 78.61
4639 -48.99 109.33
4640 -102.84 102.95
4641 -26.85 74.5
4642 -76.04 25.3
4643 -140.37 28.01
4644 -67.63 18.23
4645 -29.48 124.49
4646 -20.73 136.55
4647 -14.41 3.55
4648 -129.54 136.13
4649 -133.23 74.44
4650 -88.36 66.74
4651 -88.81 82.3
4652 -117.77 118.18
4653 -99.32 39
4654 -50.86 88.91
4655 -94.39 5.31
4656 -125.34 10.7
4657 -81.52 121.24
4658 -6.25 103.9
4659 -122.13 124.41
4660 -105.9 119.4
4661 -15.48 8.61
4662 -57.68 126.64
4663 -22.29 29.89
4664 -6.86 44.22
4665 -13.48 12.52
4666 -140.35 140.74
4667 -18.44 4.82
4668 -89.34 17.64
4669 -9.08 117.76
4670 -25.6 140.2
4671 -53.42 103.47
4672 -81.71 7.94
4673 -14.36 134.94
4674 -18.87 133.48
4675 -12.41 136.5
4676 -47.63 124.78
4677 -10.94 27.89
4678 -103.3 105.32
4679 -52.06 78.75
4680 -136.79 12.68
4681 -10.42 111.07
4682 -115.89 134.14
4683 -54.31 28.87
4684 -49.15 107.75
4685 -104.96 63.39
4686 -69.38 74.75
4687 -128.21 60.9
4688 -98.37 53.61
4689 -89.61 142.58
4690 -38.6 117.24
4691 -1.54 102.02
4692 -129.91 86.23
4693 -94.07 12.48
4694 -136.75 90.22
4695 -102.9 3.14
4696 -114.21 130.55
4697 -24.21 15.85
4698 -44.72 132.62
4699 -97.37 78.52
4700 -44.43 139.39
4701 -71.15 104.85
4702 -22.76 16.33
4703 -69.94 101.88
4704 -101.46 121.13
4705 -140.89 16.56
4706 -21.1 140.06
4707 -128.82 142.44
4708 -57.44 8.02
4709 -0.76 79.89
4710 -83.03 51.2
4711 -38.75 6.18
4712 -22.03 99.76
4713 -89.38 108.48
4714 -44.01 112.27
4715 -108.67 89.28
4716 -51.13 133.96
4717 -7.3 82.34
4718 -41.22 119.41
4719 -0.06 122.76
4720 -41.84 45.21
4721 -87.79 140.96
4722 -140.4 62.95
4723 -116.49 73.61
4724 -56.03 54.84
4725 -8.56 117.25
4726 -25.95 41.58
4727 -141.35 47.31
4728 -58.32 47.99
4729 -17.26 133.25
4730 -79.53 102.33
4731 -138.81 28.45
4732 -110.79 130.67
4733 -9.6 48.63
4734 -73.92 9.02
4735 -54.23 9.67
4736 -7.63 115.76
4737 -81.23 142.02
4738 -118.16 5.03
4739 -105.39 54.72
4740 -74.49 31.19
4741 -72.77 113.96
4742 -63.79 100.45
4743 -50.96 71.12
4744 -106.9 122.11
4745 -126.96 68.22
4746 -96.68 43.43
4747 -76.62 122.78
4748 -73.93 64.47
4749 -119.01 86.23
4750 -95.9 4.85
4751 -23.14 30.24
4752 -74.79 103.53
4753 -11.08 104.37
4754 -61.62 49.95
4755 -126.66 116.47
4756 -132.95 136.11
4757 -139.08 56.43
4758 -30.08 53.75
4759 -32.86 47.04
4760 -17.79 136.98
4761 -37.41 16.83
4762 -42.13 114.47
4763 -81.46 114.04
4764 -102.79 18.58
4765 -23.44 57.48
4766 -133.24 55.69
4767 -61.74 46.58
4768 -53.47 110.55
4769 -17.5 72.82
4770 -91.81 115.09
4771 -10.73 1.16
4772 -103.12 127.29
4773 -38.04 52.33
4774 -99.38 133.2
4775 -127.18 116.42
4776 -35.77 19.69
4777 -36.68 67.11
4778 -83.67 77.9
4779 -142.01 118.14
4780 -78.14 43.46
4781 -1.67 22.45
4782 -114.55 113.91
4783 -81.46 63.41
4784 -38.75 25.02
4785 -42.64 1.49
4786 -48.17 33.09
4787 -17.38 98.89
4788 -8.22 8.29
4789 -44.01 100.94
4790 -74.36 10.12
4791 -29.81 73.71
4792 -43.35 110.14
4793 -90.56 66.49
4794 -87.16 127.02
4795 -73.01 89.57
4796 -14.54 67.82
4797 -38.73 74.68
4798 -40.62 31.61
4799 -102.16 22.72
4800 -24.21 124.89
4801 -60.5 1.8
4802 -100.69 117.9
4803 -28.72 123.4
4804 -81.34 11.43
4805 -21.56 118.25
4806 -48.97 12.71
4807 -25.37 96.89
4808 -20.39 92.32
4809 -121.86 18.45
4810 -10.55 10.07
4811 -77.89 51.87
4812 -29.08 25.09
4813 -56.71 19.15
4814 -41.87 115.22
4815 -97.11 61.39
4816 -63.19 111.6
4817 -132.02 60.14
4818 -40.54 66.4
4819 -77.83 17.74
4820 -136 121.89
4821 -37.12 1.91
4822 -98.81 87.49
4823 -82.33 108.01
4824 -126.46 21.72
4825 -31.79 61.19
4826 -15.59 137.01
4827 -64.63 12.2
4828 -31.35 44.67
4829 -62.41 23.86
4830 -85.25 118.74
4831 -132.86 16.52
4832 -76.66 50.96
4833 -117.36 121.89
4834 -42.15 19.73
4835 -141.62 97.71
4836 -99.63 35.15
4837 -25.16 81.26
4838 -46.27 100.96
4839 -25.2 10.01
4840 -71.21 29.73
4841 -69.27 102.51
4842 -114.71 132.32
4843 -79.51 133.9
4844 -60.28 48.59
4845 -24.33 141.92
4846 -60.96 2.53
4847 -53.49 14.2
4848 -38.61 40.15
4849 -59.88 73.37
4850 -28.08 80.76
4851 -18.44 58.5
4852 -139.76 30.23
4853 -33.71 43.6
4854 -99.14 43.03
4855 -118.28 58.91
4856 -18.42 27.35
4857 -62.19 44.55
4858 -80.97 35.66
4859 -84.25 141.7
4860 -140.62 141.25
4861 -46.3 11.1
4862 -70.82 104.1
4863 -1.25 2.31
4864 -75.68 109.43
4865 -92.72 61.13
4866 -119.63 6.29
4867 -36.52 111.16
4868 -57.28 18.91
4869 -107.46 115.76
4870 -31.67 13.42
4871 -86.29 82.75
4872 -29.82 95.62
4873 -131.28 5.48
4874 -49.7 13.32
4875 -57.09 72.53
4876 -129.15 92.84
4877 -53.95 103.4
4878 -105.71 102.5
4879 -68.93 55.2
4880 -116.34 38.4
4881 -44.69 64.17
4882 -32.33 138.49
4883 -59.93 126.73
4884 -99.49 89.62
4885 -5.56 69.91
4886 -55.18 33.69
4887 -129.31 91.86
4888 -142.86 85.01
4889 -0.85 117.59
4890 -92.64 49.57
4891 -44.93 57.94
4892 -18.34 124.31
4893 -83.81 98.88
4894 -56.61 26.58
4895 -110.5 9.75
4896 -73.92 29.95
4897 -70.96 57.71
4898 -41.44 8.78
4899 -0.92 33.41
4900 -103.33 43.46
4901 -122.67 6.48
4902 -0.86 15.51
4903 -3.04 108.98
4904 -129.09 0.73
4905 -95.82 3.89
4906 -107.36 78.73
4907 -60.04 140.75
4908 -142.16 28.22
4909 -54.8 0.86
4910 -56.13 55.77
4911 -131.24 67.82
4912 -125.53 32.57
4913 -41.35 104.72
4914 -138.14 69.5
4915 -112.96 87.79
4916 -94.28 0.99
4917 -16.5 92.63
4918 -104.13 140.66
4919 -43.91 65.07
4920 -114.48 90.22
4921 -25.95 139.73
4922 -40.01 78.84
4923 -9.59 131.51
4924 -34.89 39.17
4925 -94.94 64.39
4926 -34.74 91.02
4927 -26.12 128.7
4928 -90.42 17.27
4929 -86.77 112.99
4930 -57.79 85.56
4931 -132.07 102.25
