%%index real_part   imaginary_part
2652 2652 2652
1 17.47 13.08
2 12.07 1.78
3 23.24 5.96
4 12.55 14.56
5 1.16 12.16
6 12.48 14.81
7 3.6 21.28
8 25.95 15.75
9 15.8 10.25
10 16.1 17.25
11 1.62 17.11
12 20.74 12.15
13 6.44 22.75
14 6.98 17.3
15 13.69 5.56
16 10.17 4.61
17 6.4 4.16
18 1.65 22.24
19 1.32 21.16
20 6.32 5.72
21 20.53 21
22 15.28 18.8
23 26.07 15.65
24 25.91 5.75
25 14.52 6.4
26 15.03 15.01
27 18.69 7.66
28 3.41 8.77
29 26.08 16.65
30 13.74 1.91
31 6.53 4.29
32 26.97 23.91
33 10.67 12.93
34 7.09 1.62
35 7.34 3.51
36 24.51 4.93
37 15.25 19.4
38 8.05 12.79
39 10.07 14.32
40 12.24 25.48
41 13.5 24.59
42 23.78 0.27
43 9.05 23.71
44 13.36 0.19
45 2.11 26.65
46 22.46 0.1
47 15.53 8.64
48 13.09 22.43
49 15.58 26.2
50 21.23 11.7
51 16.63 14.44
52 25.36 18.74
53 23.06 4.88
54 10.72 6.42
55 4.9 6.13
56 22.24 22.97
57 23.24 9.92
58 6.63 19.02
59 10.74 23.81
60 14.98 11.52
61 3.14 12.85
62 13.01 10.44
63 24.4 10.2
64 0.92 17.62
65 2.32 4.5
66 18.94 22.16
67 13.9 18.95
68 15.35 17.31
69 15.25 9.96
70 16.09 26.07
71 22.04 11.67
72 13.12 2.86
73 13.4 9.81
74 25.14 19.75
75 22.79 24.14
76 1.51 13.13
77 15.09 17.46
78 0.66 6.04
79 23.66 12.49
80 8.51 1.58
81 23.74 25.98
82 9.45 0.46
83 9.29 10.65
84 20.61 24.8
85 23.88 16.06
86 19.25 1.23
87 22.61 10.44
88 20.25 5.37
89 16.65 9.01
90 6.16 9.92
91 23.05 12.44
92 2.9 26.19
93 5.24 11.14
94 15.16 22.08
95 23.67 1.9
96 19.41 23.67
97 15.65 20.41
98 22.58 1.86
99 18.19 16.46
100 24.04 16.2
101 8.95 15.07
102 17.03 16.3
103 21.67 4.56
104 13.57 1.81
105 11.73 11.32
106 15.29 11.25
107 10.45 7.78
108 10.44 9.71
109 4.8 15.69
110 9.11 17.12
111 5.32 1.47
112 13.4 1.52
113 3.39 12.49
114 1.96 8.99
115 25.19 13.1
116 1.17 17.52
117 6.82 25.66
118 3.22 9.72
119 11.53 20.02
120 4.34 8.31
121 19.57 14.78
122 14.08 19.63
123 2.35 3.02
124 10.23 16.05
125 6.17 7.15
126 0.14 19.34
127 12.39 11.49
128 23.99 13.54
129 22.53 7.3
130 20.4 17.47
131 26.51 12.24
132 10.9 13.09
133 22.81 6.34
134 26.36 14.12
135 22.44 25.87
136 13.65 22.22
137 14.86 6.53
138 1.07 19.26
139 8.31 8.73
140 7.4 2.82
141 22.16 14.48
142 17.5 7.54
143 12.6 7.55
144 14.85 6.01
145 15 8.14
146 11.9 26.77
147 12.86 14.51
148 12.37 22.81
149 1.45 8.68
150 26.07 11.73
151 6.96 15.41
152 13.46 4.24
153 23.5 13.34
154 13.59 14.53
155 17.35 4.81
156 10.82 20.99
157 20.05 4.04
158 3.11 19.84
159 17.37 5.65
160 5.31 9.49
161 9.26 5.37
162 11.4 17.22
163 4.55 22.13
164 22.33 23.78
165 0.03 24.52
166 12.94 12.92
167 17.16 25.51
168 11.85 26.4
169 5.46 13.67
170 10 16.96
171 10.95 14.33
172 18.37 12.34
173 5.18 4
174 1.18 13.01
175 22.5 14.07
176 19.44 6.49
177 15.23 23.28
178 18.41 3.85
179 19.15 19.78
180 17.31 5.26
181 18.18 19.18
182 17.7 21.77
183 12.69 8.35
184 13.54 21.07
185 11.04 9.67
186 24.01 15.06
187 0.41 13.51
188 9.04 6.9
189 19.91 24.11
190 11.19 10.22
191 8.23 15.41
192 3.22 22.15
193 26 23.47
194 7.77 13.15
195 18.42 9.67
196 1.86 16.6
197 11.37 1.12
198 0.99 11.08
199 23.67 15.59
200 25.26 14.53
201 21.12 26.23
202 12.75 22.27
203 2.18 21.53
204 18.64 13.31
205 23.53 13.61
206 20.55 21.35
207 16.51 23.28
208 11.27 23.77
209 9.92 7.03
210 16.71 10.57
211 0.17 19.86
212 20.99 10.09
213 12.69 3.07
214 18.66 21.98
215 1.04 9.36
216 8.6 16.92
217 3.72 22.16
218 16.69 12.87
219 26.18 24.42
220 11.03 26.85
221 12.73 14.23
222 10.51 4.58
223 1.35 2.24
224 0.79 13.31
225 23.88 2.8
226 22.66 17.5
227 19.11 24.05
228 0.12 16.65
229 3.16 4.8
230 5.69 10.3
231 0.23 4.2
232 26.36 14.29
233 0.16 3.95
234 19.89 7.57
235 25.94 17.86
236 5.09 3.92
237 8.51 3.19
238 5.43 7.12
239 20.43 1.38
240 4.18 6.23
241 15.25 8.83
242 24.41 26.85
243 16.5 7.37
244 3.69 24.53
245 7.84 19.66
246 15.38 9.38
247 15.19 26.59
248 22.06 6.26
249 13.83 6.87
250 24.73 14.95
251 18.87 4.3
252 7.49 21.34
253 1.47 18.9
254 20.29 4.45
255 2.2 13.42
256 13.78 24.47
257 15.84 17.45
258 16.34 11.19
259 0.24 23.87
260 16.53 11.56
261 20.94 8.08
262 26.19 23.44
263 2.7 0.66
264 7.53 21.25
265 0.72 8.06
266 12.36 23.79
267 18.13 19.6
268 3.02 11.37
269 15.82 11.12
270 16.07 23.31
271 12.31 18.02
272 0 2.85
273 14.04 19.67
274 16.54 7.86
275 19.42 14.28
276 13.89 24.6
277 21.04 4.89
278 5.55 13.08
279 25.86 23.74
280 4.8 4.6
281 1.39 26.58
282 10.7 8.68
283 20.06 19.53
284 3.65 13.73
285 1.56 0.4
286 18.43 19.72
287 22.57 5.39
288 25.07 9.95
289 17.81 1.13
290 6.94 6.13
291 3.73 1.76
292 25.17 20.83
293 25.43 24.77
294 13.04 3.72
295 8.32 24.29
296 15.4 9.36
297 18.05 1.24
298 20.77 17.62
299 22.87 2.63
300 3.03 15.94
301 8.67 24.44
302 21.35 12.98
303 22.93 22.76
304 23.9 10.94
305 17.08 5.27
306 25.55 22.36
307 16.19 20.81
308 10.11 23.72
309 18.96 14.62
310 3.44 14.67
311 24.03 18.8
312 20.04 10.36
313 0.98 6.6
314 9.23 13.81
315 2.76 23.86
316 12.82 12.27
317 16.77 2.95
318 17.23 25.69
319 9.64 12.71
320 9.5 5.65
321 1.01 18.24
322 3.57 26.57
323 23.29 17.2
324 23.35 5.2
325 19.87 15.25
326 25.57 18.31
327 1.67 8.43
328 15.03 18.62
329 23.95 21.17
330 9.55 24.27
331 1.06 18.23
332 21.18 13.89
333 12.59 17.83
334 22.06 2.94
335 8.59 13.75
336 23.51 23.08
337 22.65 9.61
338 18.33 0.08
339 5.29 18.94
340 25.71 14.68
341 24.51 16.68
342 25.11 24.29
343 7.43 26.18
344 11.88 4.67
345 20.46 4.38
346 22.62 21.43
347 8.33 21.52
348 3.87 8.32
349 11.26 12.44
350 17.71 25.94
351 13.54 11.38
352 20.99 14.22
353 14.3 9.2
354 1.14 3.84
355 10.05 11.11
356 19.32 18.38
357 7.19 7.56
358 25.27 17.43
359 13.62 14.62
360 10.52 10.15
361 23.1 7.08
362 20.12 24.66
363 24.51 22.95
364 8.39 24
365 14.46 0.29
366 11.67 17.62
367 4.84 1
368 10.2 24.18
369 1.03 10.67
370 13.3 2.87
371 21.25 11.08
372 18.64 5.62
373 14.58 19.96
374 26.1 16.91
375 18.58 1.2
376 8.29 9.62
377 7.29 14.69
378 10.64 1.41
379 16.93 23.32
380 23.61 10.56
381 1.18 4.39
382 5.4 8.29
383 23.99 24.55
384 8.22 7.12
385 9.99 25.02
386 0.62 13.04
387 18.67 22.76
388 15.72 19.27
389 0.7 6.25
390 25.97 14.82
391 15.97 19.29
392 25.5 7.26
393 0.2 14.78
394 11.1 9.14
395 11.22 17.13
396 13.05 7.71
397 7.52 12.41
398 1.48 18.45
399 25.57 4.52
400 2.54 1.22
401 14.26 0.09
402 22.85 3.17
403 13.96 5.93
404 3.7 3.1
405 9.44 6.18
406 16.99 2.68
407 1.46 16.93
408 4.71 15.49
409 24.64 20.18
410 10.32 15.81
411 15.05 0.38
412 12.79 14.89
413 6.34 22.57
414 18.61 5.79
415 7.01 23.43
416 15.04 12.68
417 7.37 21.28
418 0.21 10.9
419 5.52 21.33
420 19.03 22.44
421 25.12 6.48
422 23.42 9.03
423 24.52 18.1
424 11.29 1.13
425 8.47 13.68
426 14.07 13.13
427 1.02 23.52
428 10.61 18.38
429 24.18 25.88
430 13.83 2.23
431 14.91 4.19
432 25.47 1.88
433 4.3 22.28
434 16.61 17.21
435 4.17 9.82
436 16.3 8.64
437 9.19 2.29
438 11.91 12.72
439 5.38 6.72
440 20.4 23.2
441 9.33 13.85
442 10.37 7.47
443 17.38 10.35
444 0.75 20.98
445 14.73 14.56
446 10.27 14.59
447 16.47 2.64
448 24.92 0.27
449 17.48 20.77
450 22.11 6.05
451 6.22 21.65
452 15.46 2.93
453 7.18 15.41
454 22.13 0.37
455 15.1 12.56
456 26.41 7.06
457 6.05 24.43
458 26.31 1.3
459 13.8 23.43
460 2.51 18.58
461 6.17 1.54
462 22.7 12.79
463 13.06 22.64
464 7.93 20.63
465 18.2 22.06
466 8.23 21.56
467 24.5 24.42
468 4.36 15.21
469 7.1 4.68
470 8.76 18.01
471 25.07 22.2
472 11.16 26.69
473 0.99 22.65
474 10.6 1.99
475 20.57 6.31
476 26.37 13.12
477 17.43 26.75
478 13.91 22.08
479 7.23 3.49
480 17.07 13.37
481 7.93 25.43
482 14.38 25.3
483 5.03 23.95
484 20.15 18.74
485 1.27 12.13
486 7.34 1.91
487 1.6 17.87
488 13.52 18.5
489 12.01 21.11
490 18.95 24.12
491 1.76 5.58
492 23.85 18.32
493 4.92 19.19
494 14.2 10.77
495 15.66 12.15
496 2.11 22.79
497 21.09 23.59
498 12.07 16.49
499 26.75 17.64
500 2.78 5.22
501 7.14 1.02
502 18.89 10.12
503 20.14 8.74
504 21.38 23.93
505 12.58 5.15
506 2.25 13.33
507 4.65 14.34
508 25.06 26.11
509 9.88 9.58
510 13.25 12.26
511 8.06 17.06
512 13.65 15.36
513 23.37 20.67
514 11.32 25.72
515 3.95 14.64
516 15.67 14.1
517 15.74 2.61
518 2.87 26.08
519 14.54 0.4
520 24.07 24.25
521 10.58 0.12
522 14.46 26.32
523 25.43 6.76
524 7.86 12.52
525 16.31 26.83
526 16.89 21.11
527 1 15.89
528 9.56 22.07
529 12.31 15.89
530 3.54 12.4
531 18.02 7.78
532 10.39 10.73
533 9.81 25.28
534 25.68 4.79
535 2.04 24.35
536 15.99 22.75
537 13.6 4.15
538 2.43 3.46
539 7.5 12.03
540 3.39 10.29
541 22.92 15.33
542 4.22 20.28
543 6.87 15.44
544 4.34 13.79
545 17.71 19.19
546 18.49 7.88
547 18.61 8.74
548 7.02 20.41
549 25.2 19.94
550 8.82 24.23
551 11.5 0.24
552 22.91 24.81
553 19.79 25.1
554 1.66 25.34
555 8.63 18.82
556 7.15 5.05
557 16.85 23.08
558 11.52 11.38
559 16.69 23.73
560 7.44 7.38
561 15.26 7.4
562 7.66 17.45
563 10.86 25.39
564 9.86 14.69
565 3.44 9.06
566 0.83 18.68
567 8.01 14.94
568 13.05 23.74
569 22.09 19.33
570 11.15 14.71
571 11.28 22.24
572 9.84 9.82
573 21.2 1.13
574 16.38 21.37
575 20.27 2.41
576 9.82 15.34
577 5.8 0.06
578 25.45 9
579 15.21 16.66
580 17.25 26.83
581 18.51 18.65
582 6.6 18.08
583 14.82 18.05
584 1.9 11.17
585 17.4 9.91
586 23.68 13.05
587 14.39 1.68
588 21.33 6.52
589 19.41 0.12
590 2.53 10.72
591 26.06 12.69
592 12.75 3.87
593 12.88 23.38
594 4.57 2.72
595 2.56 1.09
596 11.27 21.82
597 12.9 12.59
598 22.16 17.87
599 20.56 0.72
600 2.16 24.06
601 1.63 10.96
602 12.64 17.36
603 23.88 16.03
604 16.15 6.97
605 9.21 16.3
606 20.51 10.2
607 5.6 26.8
608 23.18 6.26
609 0.5 18.48
610 11.09 0.75
611 14.09 3.06
612 15.66 22.36
613 4.75 26.99
614 19.24 10.82
615 26.41 25.31
616 9.27 12.92
617 3.28 1.04
618 17.07 13.43
619 20.41 18.68
620 26.5 24.74
621 26.47 2.62
622 2.42 20.01
623 17.79 5.07
624 15.07 17.13
625 9.4 18.3
626 12.88 17.68
627 4.57 23.5
628 15.01 20.06
629 22.41 9.32
630 26.16 7.25
631 11.69 21.82
632 22.86 26.95
633 13.39 6.49
634 25.18 4.46
635 2.2 25.32
636 0.94 16.2
637 0.74 1.67
638 6.74 21.89
639 12.02 18.53
640 1.35 13.33
641 4.02 12.94
642 9.44 5.76
643 25.82 8.59
644 9.43 24.46
645 23.23 21.23
646 16.05 8.59
647 8.55 7.93
648 14.42 3.44
649 7.9 13.46
650 11.78 4.12
651 20.33 1.62
652 3.3 4.24
653 17.65 21.07
654 4.12 1.56
655 14.9 21.19
656 7.14 24
657 2.76 10.44
658 19.03 16.58
659 5.56 20.1
660 14.34 1.46
661 1.58 1.8
662 9.73 21.91
663 16.87 10.13
664 15.11 -15.67
665 11.32 -24.77
666 26.4 -26.89
667 22.65 -4.65
668 17.24 -21.22
669 14.3 -13.31
670 7.5 -21.36
671 9.88 -20.72
672 4.16 -6.16
673 22.75 -12.64
674 24.27 -23.19
675 16.18 -1.31
676 21.63 -3.13
677 25.04 -17.76
678 19.41 -22.88
679 3.08 -14.92
680 4.21 -7.52
681 25.93 -14.4
682 19.05 -22.13
683 16.35 -21.58
684 26.41 -9.29
685 22.17 -3.66
686 24.38 -25.44
687 4.6 -23.58
688 0.74 -20.07
689 7.78 -18.87
690 11.71 -25.01
691 1.14 -23.96
692 14.72 -6.34
693 2.23 -17.71
694 24.15 -7.13
695 6.17 -5.31
696 19.71 -1.36
697 23.5 -5.1
698 18.21 -3.28
699 4.09 -4.37
700 26.55 -9.14
701 7.58 -17.78
702 14.36 -15.46
703 8.53 -12.19
704 4.06 -15.11
705 4.64 -16.31
706 13.28 -15.77
707 13.64 -5.79
708 15.02 -19.52
709 18.18 -15.87
710 12.7 -12.17
711 5.05 -24.35
712 20.98 -23.93
713 18.73 -20.07
714 24.45 -3.71
715 12.85 -14.34
716 5.12 -24
717 3.98 -20.44
718 24.15 -11.01
719 17.64 -12.51
720 1.83 -19.73
721 8.51 -22.28
722 19.59 -6.63
723 17.67 -13.67
724 21.06 -7.61
725 19.78 -8.85
726 6.21 -6.76
727 22.21 -16.36
728 9.43 -18.71
729 22.42 -5.46
730 19.8 -6.88
731 22.41 -8.27
732 20.23 -16.44
733 0.45 -26.39
734 3.43 -17.38
735 10.12 -18.09
736 4.9 -23.78
737 3.41 -10.15
738 23.82 -24.49
739 23.63 -21.08
740 21.46 -17.88
741 16.16 -7.93
742 24.29 -0.67
743 10.9 -2.89
744 8.35 -6.73
745 5.13 -6.32
746 6.11 -19.67
747 9.11 -0.54
748 18.46 -26.35
749 16.73 -9.57
750 19.18 -21.89
751 18.67 -18.37
752 20.04 -24.08
753 13.1 -13.6
754 26.2 -16.86
755 26.26 -9.73
756 17.66 -20.66
757 12.85 -6.94
758 9.83 -14.96
759 13.21 -23.75
760 21.59 -9.7
761 2.37 -18.34
762 18.89 -0.71
763 0.06 -11.49
764 21.06 -1.87
765 23.76 -8.31
766 18.21 -4.76
767 1.85 -15.43
768 20.55 -11.25
769 19.64 -6.47
770 16.2 -19.75
771 13.42 -18.9
772 17.37 -25.38
773 4.86 -26.27
774 14.55 -0.2
775 1.43 -18.07
776 9.42 -9.14
777 9.85 -3.8
778 15.29 -19.83
779 21.7 -1.43
780 9.75 -0.87
781 5.64 -9.98
782 16.93 -19.48
783 3.73 -26.01
784 5.48 -10.48
785 21.75 -23.37
786 6.8 -13.2
787 11.58 -8.17
788 25.97 -24.17
789 15.89 -16.45
790 26.04 -5.04
791 14.18 -17.32
792 12.65 -8.46
793 19.81 -15.56
794 8.51 -0.94
795 20.34 -6.03
796 16.01 -18.26
797 10.74 -17.5
798 8.03 -24.46
799 26.46 -6
800 20.89 -13.51
801 26.71 -21.22
802 2.39 -0.69
803 16.38 -2.81
804 10.78 -19.88
805 24.92 -5.28
806 22.6 -9.83
807 9.81 -3.63
808 10.71 -26.77
809 0.72 -2.63
810 0.18 -19.22
811 2.01 -12.58
812 21.6 -7.72
813 5.18 -4.27
814 10.27 -2.63
815 7.66 -4.65
816 17.39 -4.17
817 23.38 -25.89
818 1.7 -11.3
819 4.19 -12.77
820 18.05 -12.49
821 13.84 -20.63
822 15.78 -5.17
823 4.95 -23.65
824 17.8 -26.49
825 10.24 -24.19
826 1.29 -17.99
827 25.71 -12.25
828 16.52 -22.89
829 17.04 -22.41
830 18.58 -18.32
831 14.01 -24.7
832 23.59 -8.97
833 20.28 -10.39
834 23.16 -25.29
835 2.3 -24.47
836 9.62 -5.73
837 2.43 -16.14
838 4.32 -16.93
839 16.42 -25.9
840 14.61 -22.12
841 13.11 -26.66
842 3.43 -15.9
843 3.31 -3.34
844 25.76 -19.96
845 2.8 -20.35
846 18.05 -17.34
847 26.32 -16.81
848 0.2 -14.64
849 4.45 -11.12
850 0.11 -14.89
851 12.14 -25.28
852 14.42 -9.73
853 26.66 -14.57
854 4.99 -18.74
855 5.39 -7.61
856 25.79 -19.6
857 0.02 -10.02
858 13.37 -2.23
859 13.71 -3.33
860 23.68 -3.65
861 20.99 -16.51
862 24.84 -6.25
863 12.41 -11.83
864 14.47 -16.56
865 4.45 -16.87
866 15.15 -14.58
867 24.32 -8.12
868 14.21 -21.09
869 4.36 -15.5
870 14.63 -19.21
871 3.33 -9.75
872 19.77 -13.43
873 15.66 -3.36
874 6.69 -24.66
875 1.31 -20.89
876 1.92 -21.9
877 1.15 -13.83
878 17.18 -26.76
879 16.32 -5.09
880 21.96 -4.66
881 19.24 -12.3
882 20.42 -1.63
883 22.72 -8.08
884 15.11 -26.15
885 18.36 -0.08
886 1.35 -2.74
887 16.17 -21.7
888 16.58 -12.65
889 10.31 -23.35
890 8.76 -23.27
891 9.69 -3.15
892 16.98 -10.68
893 10.44 -2.37
894 7.46 -25.68
895 3.34 -18.29
896 3.59 -20.94
897 22.57 -14.11
898 22.19 -15.53
899 14.68 -18.29
900 9.9 -10.3
901 4.57 -24.57
902 19.27 -2.77
903 6.94 -20.74
904 8.62 -0.37
905 23.64 -17.26
906 11.93 -17.38
907 19.59 -24.86
908 0.23 -1.91
909 19.11 -3.03
910 21.32 -26.21
911 20.15 -22.46
912 9.57 -16.43
913 4.96 -15.72
914 25.53 -23.28
915 25.11 -19.65
916 8.74 -26.95
917 21.25 -2.68
918 14.94 -19.53
919 19.9 -1.19
920 9.97 -23.56
921 5.47 -16.54
922 5.92 -21.9
923 15.33 -25.06
924 19.61 -6.15
925 23.88 -7.45
926 21.43 -5.46
927 21.89 -17.03
928 24.27 -4
929 18.8 -18.38
930 2.55 -14.33
931 14.28 -16.91
932 19.59 -11.29
933 3.82 -0.05
934 1.25 -7.54
935 22.62 -23.72
936 4.78 -2.74
937 24.65 -19.61
938 9.19 -10.71
939 8.38 -4.5
940 11.95 -20.33
941 25.79 -5.27
942 13.82 -24.9
943 1.9 -20.68
944 3.58 -11.1
945 16.95 -20.71
946 2.14 -6.13
947 17.42 -22.75
948 22.81 -21.74
949 20.8 -21.24
950 9.48 -15.58
951 18.32 -7.94
952 19.08 -14.27
953 24.98 -15.97
954 12 -1.27
955 13.12 -24.88
956 21.67 -15.47
957 13.38 -11.91
958 24.12 -8.5
959 11.12 -15.28
960 0.51 -0.7
961 6.84 -1.07
962 23.82 -21.18
963 15.92 -15.78
964 10.03 -19.63
965 8.21 -1.24
966 0.7 -19.51
967 25.3 -18.06
968 25.55 -19.78
969 12.58 -14.8
970 12.69 -10.55
971 26.03 -25.7
972 10.62 -7.36
973 7.38 -12.41
974 19.21 -26.26
975 26.96 -18.5
976 11.09 -11.25
977 5.43 -25.32
978 14.11 -7.92
979 19.07 -12.87
980 5.63 -15.66
981 8.17 -18.81
982 9.87 -6.33
983 26.12 -25
984 12.8 -8.42
985 10.5 -3.22
986 1.92 -25.49
987 24.38 -9.53
988 13.46 -4.06
989 21.84 -4.76
990 14.79 -24.19
991 26.96 -21.81
992 20.13 -25.88
993 25.32 -5.39
994 9.78 -25.76
995 14.42 -17.4
996 0.73 -15.41
997 21.75 -14.12
998 12.12 -10.6
999 10.54 -12.39
1000 7.13 -24.92
1001 14.94 -21.04
1002 22.09 -0.57
1003 23.16 -3.84
1004 0.12 -0.07
1005 24.27 -18
1006 4.33 -14.91
1007 13.8 -24.23
1008 21.15 -24.47
1009 14.75 -3.64
1010 12.56 -3.93
1011 10.87 -2.18
1012 16.3 -13.29
1013 15.41 -5.62
1014 9.53 -1.42
1015 17.86 -25.96
1016 11.52 -8.18
1017 8.75 -24.32
1018 1.16 -25.14
1019 25.21 -4.91
1020 14.44 -1.29
1021 7.72 -22.48
1022 11.24 -18.77
1023 7.76 -13.04
1024 16.69 -5.39
1025 9.32 -22.52
1026 24.7 -2.25
1027 15.55 -20.19
1028 17.33 -5.52
1029 25.46 -22.48
1030 12.96 -18.38
1031 18.08 -16.32
1032 5.17 -24.49
1033 14.15 -26.84
1034 23.27 -6.33
1035 26.14 -12.36
1036 26.37 -10.71
1037 21.01 -6.87
1038 19.91 -10.61
1039 7.52 -1.77
1040 24.29 -9.6
1041 3.38 -8.36
1042 20.08 -13.51
1043 19.03 -10.45
1044 5.93 -1.93
1045 20.32 -17.49
1046 25.34 -18.9
1047 7.91 -11.4
1048 2.76 -3.51
1049 1.36 -22.06
1050 25.94 -17.56
1051 1.27 -19.03
1052 25.9 -16.83
1053 0.44 -22.28
1054 15.58 -10.33
1055 11.46 -26.48
1056 7.85 -12.87
1057 26.39 -14.84
1058 16.81 -0.93
1059 2.86 -9.94
1060 0.44 -22.74
1061 6.16 -14.7
1062 17.63 -17.3
1063 12.33 -14.07
1064 0.65 -11.91
1065 2.47 -13.69
1066 5.72 -18.12
1067 7.95 -3.75
1068 17.55 -23.14
1069 6.48 -26.92
1070 26.4 -6.13
1071 10.53 -9.46
1072 15.82 -25.77
1073 18.22 -1.44
1074 11.38 -5.63
1075 1.37 -21.09
1076 0.31 -3.34
1077 12.16 -26.06
1078 4.65 -9.46
1079 21.38 -24.49
1080 11.19 -5.31
1081 14.95 -23.85
1082 0.6 -8.43
1083 23.1 -22.9
1084 14.34 -9.68
1085 7.33 -21.1
1086 3.56 -13.75
1087 4.04 -9.38
1088 10.82 -19.38
1089 16.53 -22.27
1090 16.36 -13.73
1091 8.59 -9.42
1092 8.48 -8.19
1093 17.66 -12.28
1094 9.77 -13.14
1095 9.97 -12.04
1096 8.89 -12.48
1097 20.92 -24.92
1098 20.82 -1.02
1099 2.22 -8.54
1100 2.64 -8.17
1101 13.44 -1.07
1102 10.46 -6.2
1103 17.1 -17.48
1104 12.75 -12.8
1105 18.05 -25.15
1106 7.57 -20.63
1107 20.35 -18.17
1108 3.45 -16.06
1109 20.72 -11.01
1110 14.57 -13.22
1111 25.71 -3.69
1112 1.61 -23.46
1113 16 -11.15
1114 19.69 -13.95
1115 13.64 -18.22
1116 19.3 -22.33
1117 20.05 -18.6
1118 0.61 -21.28
1119 7.08 -1.67
1120 26.82 -4.88
1121 25.52 -25.14
1122 16.31 -7.39
1123 14.97 -10.39
1124 21.4 -19.76
1125 24.5 -8.69
1126 12.38 -0.49
1127 23.95 -23.21
1128 7.36 -5.51
1129 10.99 -4.48
1130 14.22 -18.57
1131 13.9 -16.15
1132 7.76 -25.04
1133 19.32 -6.95
1134 8.62 -26.89
1135 4.77 -26.41
1136 16.07 -26.96
1137 7.36 -21.81
1138 5.2 -23.9
1139 16.66 -22.33
1140 4.03 -26.6
1141 0.09 -14.16
1142 1.9 -7.93
1143 4.97 -15.57
1144 11.57 -0.78
1145 19.36 -15.96
1146 23.63 -25.79
1147 23.84 -24.78
1148 23.26 -4.39
1149 4.28 -7.68
1150 7.09 -23.4
1151 23.37 -0.58
1152 22.39 -14.68
1153 11.58 -3.73
1154 17.58 -0.6
1155 18.72 -19.76
1156 25.45 -21.61
1157 21.07 -10.34
1158 17.43 -0.35
1159 1.13 -17.56
1160 25.04 -2
1161 0.79 -12.01
1162 9.8 -21.67
1163 17.59 -16.15
1164 23.84 -6.06
1165 2.46 -13.39
1166 13.97 -22.45
1167 10.14 -25.83
1168 21.08 -9.37
1169 9.97 -13.24
1170 6.01 -11.67
1171 24.8 -20.21
1172 3.55 -4.46
1173 23.33 -18.87
1174 0.95 -20.98
1175 22.98 -15.98
1176 1 -25.99
1177 20.67 -15.3
1178 22.97 -2.32
1179 8.38 -11.26
1180 24.65 -19.81
1181 6.79 -2.36
1182 1.2 -11.63
1183 12.52 -16.93
1184 21.69 -13.8
1185 25.47 -14.01
1186 7.22 -0.7
1187 5.16 -23.28
1188 6.67 -10.78
1189 4.76 -20.01
1190 9 -7.63
1191 6.62 -19.27
1192 26.09 -10
1193 12.32 -18.81
1194 3.07 -22.06
1195 6.4 -12.22
1196 14.58 -19.25
1197 22.4 -13.19
1198 21.64 -7.3
1199 21.11 -7.92
1200 13.45 -16.33
1201 8.56 -11.1
1202 7.38 -20.67
1203 4.45 -5.24
1204 25.26 -5.58
1205 4.73 -0.74
1206 11.53 -7.26
1207 8.78 -11.35
1208 3.17 -10.62
1209 24.2 -12.62
1210 24.84 -24.76
1211 8.53 -3.6
1212 8.31 -3.94
1213 11.25 -3.93
1214 3.37 -21.47
1215 2.33 -23.88
1216 7.98 -16.82
1217 10.5 -10.89
1218 16.13 -6.89
1219 12.47 -6.47
1220 25.73 -5.91
1221 13.17 -17.2
1222 20.07 -10.26
1223 12.4 -21.95
1224 26.09 -14.76
1225 4.05 -1.13
1226 23.25 -23.93
1227 0.88 -12.58
1228 16.52 -4.57
1229 17.56 -3.65
1230 0.53 -19.89
1231 9.72 -19.89
1232 22.3 -8.51
1233 15.4 -11.74
1234 18.21 -2.96
1235 8.87 -19.39
1236 9.59 -8.47
1237 18.73 -13.57
1238 8.52 -21.19
1239 8.95 -22.66
1240 23.79 -26.14
1241 23.07 -13
1242 25.59 -20.04
1243 16.13 -15.47
1244 19.12 -6.63
1245 26.52 -25.22
1246 9.63 -19.65
1247 19.69 -0.76
1248 4.02 -4.94
1249 26.42 -26.61
1250 19.01 -22.24
1251 3.71 -8.29
1252 21.86 -20.12
1253 14.31 -13.96
1254 1.14 -21.91
1255 21.05 -14.79
1256 0.79 -16.45
1257 1.02 -8.64
1258 24.12 -17.9
1259 24.53 -8.67
1260 6.89 -7.76
1261 18.94 -15.58
1262 7.86 -16.53
1263 12.99 -11.63
1264 2.76 -11.89
1265 25.65 -3.93
1266 12.22 -21.77
1267 14.9 -20.88
1268 26.36 -25.61
1269 12.04 -20.73
1270 8.52 -0.51
1271 16.96 -24.61
1272 6.25 -0.84
1273 18.74 -17.98
1274 26.66 -21.89
1275 2.66 -7.8
1276 14.9 -25.07
1277 6.12 -21.6
1278 24.75 -14.28
1279 17.69 -10.63
1280 14.56 -0.51
1281 13.81 -16.34
1282 1.74 -18.31
1283 8.44 -20.23
1284 13.96 -1.11
1285 20.14 -20.48
1286 18.09 -14.01
1287 14.85 -1.62
1288 11.13 -15.86
1289 10.76 -25.11
1290 24.43 -2.31
1291 0.38 -4.94
1292 18.06 -12.33
1293 18.14 -25.03
1294 8.66 -15.81
1295 7.84 -8.83
1296 16.7 -14.75
1297 6.06 -13.17
1298 6.4 -18.44
1299 11.07 -6.02
1300 26.5 -20.37
1301 7.38 -22.73
1302 24.36 -9.11
1303 16.49 -13.75
1304 11.86 -0.01
1305 2.32 -18.77
1306 23.71 -9.3
1307 13.15 -21.22
1308 19.25 -14.77
1309 22.1 -4.29
1310 4.65 -19.44
1311 7.19 -21.47
1312 7.64 -21.35
1313 4.31 -4.77
1314 10.79 -14.05
1315 25.94 -6.91
1316 2.64 -1.81
1317 10.92 -24.84
1318 11.59 -18.52
1319 10.05 -18.93
1320 10.71 -14.97
1321 24.27 -12.37
1322 25.12 -7.42
1323 13.72 -1.95
1324 24.76 -8.89
1325 1.33 -0.34
1326 13.33 -2.41
1327 -15.28 -0.04
1328 -4.81 -20.98
1329 -26.55 -11.12
1330 -18.03 -7.12
1331 -8.93 -17.01
1332 -6.37 -12.19
1333 -22.24 -11.37
1334 -3.31 -17.96
1335 -24.45 -5.29
1336 -9.19 -14.02
1337 -12.96 -13.25
1338 -15.2 -7.31
1339 -16.2 -18.2
1340 -10.07 -4.48
1341 -25.42 -17.54
1342 -9.1 -23.4
1343 -8.9 -13.7
1344 -24.82 -13.92
1345 -12.56 -26.97
1346 -16.98 -7.37
1347 -11.09 -21.5
1348 -24.39 -14.87
1349 -5.83 -6.33
1350 -3.14 -19.22
1351 -24.76 -21.81
1352 -8.06 -12.33
1353 -11.16 -2.25
1354 -20.45 -14.78
1355 -19.26 -0.37
1356 -9.43 -3.52
1357 -18.45 -17.68
1358 -4.39 -18.53
1359 -23.97 -0.35
1360 -18.85 -20.73
1361 -19.63 -9.54
1362 -22.56 -0.35
1363 -15.23 -22.24
1364 -20.09 -11.47
1365 -22.22 -12.58
1366 -7.39 -23.23
1367 -0.09 -19.98
1368 -22.23 -15.45
1369 -3.23 -11.25
1370 -3.14 -7.21
1371 -2.25 -22.5
1372 -4.7 -4.09
1373 -22.63 -20.7
1374 -12.58 -0.61
1375 -21.35 -11.12
1376 -12.18 -4.43
1377 -4.78 -5.5
1378 -0.74 -26.26
1379 -10.74 -11.53
1380 -24.12 -12.35
1381 -8.58 -5.96
1382 -17.46 -4.51
1383 -19.97 -0.19
1384 -11.45 -12.7
1385 -11.43 -14.72
1386 -1.74 -6.11
1387 -10.21 -13.68
1388 -25.91 -6.45
1389 -7.06 -24.36
1390 -8.48 -3.01
1391 -25.96 -19.93
1392 -16.95 -20.67
1393 -19.93 -3.74
1394 -6.8 -9.21
1395 -21.56 -22.19
1396 -19.67 -3.92
1397 -8.43 -3.15
1398 -21.86 -10.14
1399 -14.36 -19.92
1400 -26.17 -24.83
1401 -3.95 -25.79
1402 -3.99 -0.91
1403 -25.88 -14.16
1404 -3.04 -21.42
1405 -24.43 -5.95
1406 -17.4 -11.52
1407 -23.71 -23.39
1408 -18.66 -7.36
1409 -16.57 -8.17
1410 -21.88 -25.46
1411 -2.38 -11.14
1412 -5.81 -14.56
1413 -24.7 -2.33
1414 -13.78 -0.67
1415 -25.51 -3.58
1416 -20.89 -12.95
1417 -5.38 -20.98
1418 -26.66 -16.4
1419 -10.83 -4.27
1420 -1.74 -2.7
1421 -14.22 -8.26
1422 -23.18 -19.14
1423 -18.02 -2.46
1424 -10.63 -14.84
1425 -4.82 -7.6
1426 -10.26 -5.51
1427 -11.59 -25.72
1428 -19.57 -16.07
1429 -8.26 -0.81
1430 -4.39 -6.35
1431 -10.82 -25.29
1432 -19.27 -25.28
1433 -14.69 -16.21
1434 -12 -18.93
1435 -21.63 -25.52
1436 -25.3 -13.74
1437 -24.4 -0.38
1438 -2.84 -13
1439 -19.36 -15.43
1440 -14.55 -4.99
1441 -2.02 -24.18
1442 -14.42 -16.33
1443 -23.92 -13.62
1444 -14.43 -7
1445 -4.87 -5.18
1446 -3.48 -10.35
1447 -8.63 -7.22
1448 -23.43 -14.27
1449 -6.21 -14.84
1450 -13.36 -26.95
1451 -5.21 -0.84
1452 -19.74 -3.19
1453 -16.19 -21.13
1454 -1.08 -22.58
1455 -19.09 -0.08
1456 -24.26 -15.63
1457 -23.48 -21.12
1458 -26.26 -3.21
1459 -1.73 -20.4
1460 -25.59 -5.21
1461 -15.56 -6.6
1462 -13.82 -20.59
1463 -26.38 -24.2
1464 -12.04 -1.77
1465 -20.24 -5.59
1466 -24.96 -16.93
1467 -11.64 -25.45
1468 -19.59 -17.7
1469 -4.81 -19.35
1470 -19.43 -20.67
1471 -0.83 -23.9
1472 -9.54 -8.22
1473 -11.43 -24.31
1474 -17.72 -0.32
1475 -5.54 -13.16
1476 -11.28 -7.83
1477 -19.94 -21.1
1478 -18.3 -16.63
1479 -9.92 -19.32
1480 -16.44 -21.87
1481 -11.8 -3.17
1482 -1.62 -14.4
1483 -23.62 -14.96
1484 -7.31 -12.73
1485 -6.41 -19.95
1486 -8.38 -26.75
1487 -7.97 -25.76
1488 -14.59 -17.92
1489 -9.77 -10.92
1490 -15.6 -5.31
1491 -4.66 -15.31
1492 -9.41 -18.4
1493 -8.03 -16.12
1494 -26.97 -19.24
1495 -14.11 -17.96
1496 -12.65 -16.41
1497 -22.33 -17.43
1498 -5.39 -14.27
1499 -18.53 -10.47
1500 -3.43 -4.22
1501 -3.97 -16.46
1502 -15.22 -3.33
1503 -12.77 -3.46
1504 -5.9 -2.81
1505 -26.65 -22.54
1506 -10.85 -21.5
1507 -12.91 -22.83
1508 -3.48 -20.27
1509 -12.51 -12.46
1510 -3.42 -3.45
1511 -11.38 -18.14
1512 -0.09 -16.07
1513 -21.87 -25.23
1514 -8.7 -24
1515 -1.22 -13.4
1516 -2.86 -3.65
1517 -6.98 -23.72
1518 -0.18 -9.6
1519 -3.93 -19.76
1520 -15.3 -6.09
1521 -19.11 -3.58
1522 -17.94 -26.16
1523 -10.95 -5.02
1524 -9.01 -21.42
1525 -24.87 -14.98
1526 -6.12 -12.43
1527 -20.03 -9.25
1528 -7.48 -24.73
1529 -21.73 -6.42
1530 -11.34 -7.7
1531 -11.36 -22.95
1532 -19.67 -5.72
1533 -15.32 -9.86
1534 -2.62 -11.38
1535 -8.99 -19.25
1536 -14.36 -9.45
1537 -0.13 -1.1
1538 -24.65 -5.3
1539 -26.72 -11.08
1540 -17.58 -6.66
1541 -10.61 -24.59
1542 -25.36 -15.22
1543 -12.95 -22.16
1544 -1.58 -24.36
1545 -5.06 -7.68
1546 -22.15 -12.92
1547 -18.64 -7.94
1548 -17.81 -6.35
1549 -9.25 -25.48
1550 -17.74 -11.95
1551 -12.92 -18.24
1552 -10.86 -23.62
1553 -1.92 -13.05
1554 -15.65 -0.03
1555 -6.69 -1.64
1556 -17.75 -6.23
1557 -21.45 -8.83
1558 -3.99 -16.11
1559 -4.99 -7.4
1560 -6.6 -24.1
1561 -10.02 -1.57
1562 -9.52 -20.28
1563 -26.63 -20.19
1564 -10.19 -18.85
1565 -22.32 -0.4
1566 -18.64 -19.45
1567 -16.07 -8.25
1568 -12.82 -21.02
1569 -21.06 -17.99
1570 -19.63 -1.48
1571 -7.71 -19.27
1572 -1.1 -1.9
1573 -9.53 -20.69
1574 -19.61 -5.1
1575 -20.72 -14.52
1576 -16.1 -17.74
1577 -11.02 -3.74
1578 -15.45 -17.14
1579 -0.51 -2.17
1580 -2.57 -25.65
1581 -18.1 -22.83
1582 -22.6 -12.73
1583 -6.75 -7.18
1584 -16.69 -8.43
1585 -1.43 -0.81
1586 -20.09 -0.85
1587 -2.75 -0.66
1588 -21.35 -12.71
1589 -9.33 -12.29
1590 -18.33 -5.49
1591 -23.23 -3.05
1592 -25.32 -25.95
1593 -16.09 -7.25
1594 -9.42 -13.77
1595 -3.94 -8.12
1596 -3.96 -3.51
1597 -16.24 -13.57
1598 -12.27 -18.08
1599 -18.03 -22.99
1600 -15.33 -1.96
1601 -21.33 -19.46
1602 -20.13 -26.94
1603 -12.65 -24.09
1604 -0.9 -6
1605 -11.49 -21.99
1606 -25.04 -10.75
1607 -9.71 -7.72
1608 -14.97 -23.36
1609 -1.66 -17.32
1610 -25.45 -15.91
1611 -19.42 -24.12
1612 -10.69 -20.93
1613 -12.01 -8.66
1614 -23.18 -14.48
1615 -7.97 -3.05
1616 -14.03 -11.51
1617 -11.45 -2.3
1618 -17.91 -7.16
1619 -13.17 -15.62
1620 -10.61 -10.33
1621 -21.09 -24.66
1622 -5.39 -0.18
1623 -15.06 -3.8
1624 -21.12 -11.88
1625 -0.8 -16.72
1626 -13.85 -11.09
1627 -5.02 -11.74
1628 -20.41 -16.06
1629 -3.55 -8.56
1630 -11.61 -16.59
1631 -19.62 -11.52
1632 -13.82 -25.64
1633 -24.33 -22.59
1634 -11.21 -23.26
1635 -6.59 -10.5
1636 -26.68 -13.35
1637 -13.53 -0.68
1638 -23 -23.59
1639 -0 -1.59
1640 -9.84 -8.65
1641 -19.74 -19.32
1642 -4.06 -23.69
1643 -4.27 -16.29
1644 -24.85 -15.99
1645 -24.1 -7.82
1646 -19.34 -0.98
1647 -18.14 -16.72
1648 -3.83 -24.69
1649 -12.47 -15.47
1650 -17.49 -15.05
1651 -19.92 -19.06
1652 -11.27 -8.7
1653 -5.29 -24.97
1654 -18.08 -25.79
1655 -7.44 -23.81
1656 -16.13 -0.92
1657 -16.13 -18.71
1658 -26.52 -20.2
1659 -9.19 -20.41
1660 -19.75 -24.37
1661 -16.87 -24.82
1662 -14.54 -3.62
1663 -1.31 -8.01
1664 -15.01 -18.38
1665 -24.95 -5.3
1666 -24.36 -5.5
1667 -5.72 -9.39
1668 -7.36 -0.15
1669 -25.95 -2.54
1670 -26.35 -16.96
1671 -17.89 -24.91
1672 -8.14 -15.49
1673 -0.21 -25.54
1674 -18.95 -7.66
1675 -23.55 -9.4
1676 -7.22 -11.71
1677 -6.85 -4.94
1678 -12.96 -13.29
1679 -23.19 -26.68
1680 -4.98 -19.49
1681 -16.51 -12.66
1682 -13.57 -20.86
1683 -21.02 -22.24
1684 -24.78 -20.93
1685 -10.89 -11.49
1686 -9.4 -24.13
1687 -4.14 -20.3
1688 -18.85 -9.07
1689 -8.25 -4.35
1690 -5.28 -2.32
1691 -5.55 -4.81
1692 -9.75 -4.02
1693 -17.31 -12.4
1694 -12.08 -14.23
1695 -25.24 -5.02
1696 -9.2 -17.06
1697 -10.93 -14.76
1698 -1.52 -22.77
1699 -8.22 -23.47
1700 -7.96 -26.3
1701 -14.95 -10.64
1702 -3.94 -8.88
1703 -17.95 -19.1
1704 -14.97 -14.31
1705 -16.64 -26.21
1706 -22.54 -20.25
1707 -24.28 -13.71
1708 -26.12 -23.81
1709 -2.57 -6.11
1710 -2.66 -2.72
1711 -11.31 -0.81
1712 -7.09 -11.86
1713 -7.64 -13.76
1714 -10.23 -8.61
1715 -7.91 -7.38
1716 -18.02 -9.71
1717 -18.59 -14.39
1718 -25.01 -21.97
1719 -0.8 -1.07
1720 -0.28 -12.98
1721 -6.24 -8.96
1722 -22.68 -14.34
1723 -11.15 -22.04
1724 -1.15 -13.32
1725 -16.04 -13.72
1726 -6.06 -3.81
1727 -7.2 -18.87
1728 -5.63 -13.15
1729 -21.77 -14.84
1730 -22.22 -15.86
1731 -25.57 -21.2
1732 -0.11 -4.77
1733 -18.26 -8.69
1734 -9.76 -25.12
1735 -11.11 -19.06
1736 -1.03 -10.04
1737 -24.38 -8.87
1738 -3.91 -23.71
1739 -1.55 -0.05
1740 -5.3 -23.58
1741 -0.4 -9.11
1742 -0.99 -11.36
1743 -16.03 -26.12
1744 -13.96 -6.62
1745 -22.49 -10.8
1746 -23.53 -0.7
1747 -23.99 -12.58
1748 -21.27 -23.64
1749 -21.77 -15.25
1750 -7.32 -4.03
1751 -5.59 -24.4
1752 -24.79 -26.87
1753 -15.1 -21.49
1754 -21.55 -20.22
1755 -16.8 -16.65
1756 -25.76 -18.37
1757 -2.73 -8.72
1758 -7.84 -26.75
1759 -6.38 -18.76
1760 -21.09 -13.32
1761 -5.55 -20.39
1762 -5.97 -17.62
1763 -14.26 -2.54
1764 -17.8 -18.77
1765 -22.8 -0.55
1766 -24.95 -25.12
1767 -16.51 -1.4
1768 -14.41 -14.26
1769 -7.48 -4.61
1770 -21.26 -8.96
1771 -18.85 -24.29
1772 -6.01 -20.02
1773 -11.3 -21.58
1774 -4.87 -5.38
1775 -18.7 -9.2
1776 -2.59 -17.48
1777 -8.1 -24.25
1778 -26.8 -0.08
1779 -18.85 -13.88
1780 -14.44 -9.12
1781 -25.76 -6.18
1782 -26.1 -3.91
1783 -18.18 -15.27
1784 -19.88 -13.51
1785 -14 -25.66
1786 -14.47 -14.14
1787 -25.68 -5.85
1788 -18.96 -20.49
1789 -17.39 -1.5
1790 -10.7 -23.83
1791 -14.31 -9.09
1792 -24.87 -4.81
1793 -4.9 -13.93
1794 -0.81 -24.67
1795 -25.31 -15.27
1796 -21.45 -6.77
1797 -10.69 -24.07
1798 -12.34 -12.07
1799 -25.59 -20.39
1800 -19.05 -5.22
1801 -10.88 -12.59
1802 -18.44 -6.53
1803 -18.54 -9.56
1804 -11.07 -10.4
1805 -25.75 -8.93
1806 -9.54 -13.29
1807 -18.11 -4.58
1808 -18.51 -7.41
1809 -23.6 -14.53
1810 -2.8 -19.33
1811 -17.62 -21.91
1812 -18.98 -15.78
1813 -0.85 -1.31
1814 -13.22 -4.32
1815 -1.06 -26.44
1816 -3.55 -5.28
1817 -3.33 -11.94
1818 -13.03 -22
1819 -23.92 -13.39
1820 -13.84 -24.1
1821 -1.91 -22.68
1822 -0.26 -23.38
1823 -22.32 -20.02
1824 -7.55 -10.3
1825 -21.15 -18.92
1826 -5.36 -10.36
1827 -17.66 -11.77
1828 -4.61 -24.34
1829 -20.19 -18.51
1830 -9.48 -17.83
1831 -14.63 -21.25
1832 -24.72 -13.03
1833 -26.55 -9.48
1834 -22.87 -10.75
1835 -26.37 -23.48
1836 -10.68 -9.71
1837 -24.62 -1.28
1838 -21.31 -2.46
1839 -4.28 -19.94
1840 -11.86 -1.86
1841 -3.74 -25.43
1842 -10.21 -17.22
1843 -6.09 -12.92
1844 -4.44 -6.34
1845 -24.17 -17.8
1846 -3.57 -13.92
1847 -18.47 -3.33
1848 -12.81 -1.29
1849 -12.04 -18.03
1850 -6.03 -8.69
1851 -9.92 -2.93
1852 -4.22 -16.71
1853 -10.69 -7.54
1854 -0.48 -17.05
1855 -10.43 -14.98
1856 -4.93 -12.35
1857 -21.09 -5.7
1858 -18.62 -15.14
1859 -13 -18.7
1860 -9.5 -23.06
1861 -1.5 -1.7
1862 -5.03 -13.08
1863 -14.37 -19.98
1864 -11.01 -17.84
1865 -18.05 -17.94
1866 -20.87 -8.56
1867 -25.27 -0.98
1868 -0.04 -16.61
1869 -6.66 -0.48
1870 -6.98 -0.53
1871 -4.4 -17.1
1872 -22.8 -11.92
1873 -18.58 -17.01
1874 -8.72 -14.42
1875 -2.01 -4.59
1876 -6.29 -18.22
1877 -4.3 -22.03
1878 -15.01 -11.32
1879 -20.68 -18.68
1880 -1.14 -17.54
1881 -26.1 -3.26
1882 -22.76 -22.01
1883 -11.63 -15.89
1884 -16.38 -22.8
1885 -23.33 -9.81
1886 -18.43 -14.88
1887 -26.8 -19.25
1888 -9.27 -14.23
1889 -20.18 -18.39
1890 -22.98 -17.99
1891 -0.73 -13.71
1892 -8.74 -2.27
1893 -5.11 -5.04
1894 -15.24 -15.28
1895 -5.82 -17.31
1896 -20.57 -16.38
1897 -2.91 -23.45
1898 -3.86 -16.33
1899 -12.14 -14.54
1900 -15.88 -11.76
1901 -26.65 -26.99
1902 -10.77 -7.31
1903 -13.07 -26.45
1904 -17.84 -20.04
1905 -2.55 -24.77
1906 -11.48 -13.82
1907 -7.61 -3.28
1908 -26.84 -11.74
1909 -0.02 -4.24
1910 -21.56 -15.08
1911 -4.46 -24.37
1912 -20.82 -6.65
1913 -22.99 -7.38
1914 -13.44 -16.2
1915 -0.97 -26.65
1916 -18.16 -2.32
1917 -1.16 -0.62
1918 -0.07 -1.93
1919 -13.49 -14.23
1920 -3.52 -17.92
1921 -4.74 -7.56
1922 -10.85 -15
1923 -18.26 -3.88
1924 -8.12 -10.69
1925 -17.3 -18.29
1926 -7.18 -2.68
1927 -0.86 -21.76
1928 -2.14 -19.52
1929 -8.72 -23.85
1930 -15.02 -7.11
1931 -0.95 -9.69
1932 -10.31 -6.18
1933 -26.64 -2.11
1934 -7.86 -10.39
1935 -19.83 -13.13
1936 -20.7 -11.38
1937 -17.9 -24.57
1938 -19.97 -23.07
1939 -25.28 -9.17
1940 -18.98 -1.1
1941 -22.3 -15.58
1942 -10.35 -17.68
1943 -10.2 -23.16
1944 -11.53 -4.01
1945 -2.64 -10.44
1946 -20.14 -26.55
1947 -24.26 -3.6
1948 -24.23 -21.97
1949 -5.36 -23.9
1950 -10.03 -5.1
1951 -8 -16.71
1952 -5.81 -22.25
1953 -18.32 -17.43
1954 -26.6 -25.78
1955 -18.4 -8.13
1956 -23.71 -10.1
1957 -19.3 -13.71
1958 -1.39 -25.58
1959 -21.12 -2.5
1960 -12.94 -4.45
1961 -4 -23.76
1962 -18.88 -24.6
1963 -19.58 -1.26
1964 -16.68 -16.12
1965 -12.74 -16.46
1966 -6.18 -18.24
1967 -13.49 -12.26
1968 -2.69 -11.99
1969 -2.29 -23.34
1970 -4.47 -20.81
1971 -22.43 -20.7
1972 -7.41 -19.7
1973 -18.29 -14.73
1974 -17.23 -0.32
1975 -4.77 -3.93
1976 -19.21 -21.7
1977 -10.82 -0.3
1978 -20.08 -11.1
1979 -18.74 -3.4
1980 -11.39 -9.77
1981 -1.01 -23
1982 -8.26 -9.09
1983 -12.6 -6.02
1984 -20.88 -10.96
1985 -23.29 -14.89
1986 -8.59 -25.35
1987 -9.58 -18.73
1988 -6.46 -7.52
1989 -7.85 -19.39
1990 -23.32 15.22
1991 -9.92 4.14
1992 -4.44 15.53
1993 -18.15 12.26
1994 -15.67 16.05
1995 -17.34 9.89
1996 -24.41 18.58
1997 -0.67 9.87
1998 -15.89 5.68
1999 -8.16 13.27
2000 -19.68 1.3
2001 -26.65 4.45
2002 -23.18 1.28
2003 -8.8 0.75
2004 -20.14 2.65
2005 -9.39 8.17
2006 -12.32 7.98
2007 -15.04 19.31
2008 -4.57 8.28
2009 -15.85 6.19
2010 -7.61 11.76
2011 -21.86 6.19
2012 -16.06 5.02
2013 -10.7 14.05
2014 -18.84 23.48
2015 -24.78 10.38
2016 -14.84 11.53
2017 -12.81 15.95
2018 -16.71 2.54
2019 -23.71 21.61
2020 -21.31 1.37
2021 -9.36 6.1
2022 -16.93 6.63
2023 -6.43 24.4
2024 -22.11 13.03
2025 -16.31 22.29
2026 -20 2.72
2027 -7.75 11.18
2028 -25.23 0.59
2029 -24.07 9.97
2030 -20.36 17.08
2031 -20.13 13.37
2032 -2.32 8.2
2033 -10.74 5.94
2034 -19.07 10.55
2035 -3.45 7.46
2036 -13.56 13.38
2037 -11.53 12.81
2038 -1.73 22.02
2039 -8.05 9.49
2040 -23.3 23.84
2041 -26.57 24.36
2042 -8.54 16.3
2043 -16.89 25.84
2044 -8.81 25.3
2045 -6.9 5.48
2046 -18.85 2.17
2047 -1.89 0.03
2048 -24.49 12.7
2049 -14.77 4.16
2050 -3.14 8.08
2051 -12.99 18.22
2052 -4.03 8.22
2053 -3.24 16.04
2054 -25.53 24.28
2055 -21.13 11.29
2056 -8.66 13.35
2057 -21.18 12.22
2058 -11.06 8.72
2059 -25.54 2.59
2060 -8.08 11.39
2061 -5.09 5.44
2062 -23.99 18.45
2063 -22.67 25.5
2064 -2.66 13
2065 -21.09 10.45
2066 -1.67 5.8
2067 -5.55 7.08
2068 -23.12 24.23
2069 -21.51 8.79
2070 -11.61 13.18
2071 -18.05 15.64
2072 -19.38 11.79
2073 -20.51 12.23
2074 -14.83 21.96
2075 -6.36 10.58
2076 -16.02 14.43
2077 -5.88 2.97
2078 -1.47 4.54
2079 -17.54 1.56
2080 -3.53 4.14
2081 -1.46 11.63
2082 -10.23 5.2
2083 -2.43 25.53
2084 -7.33 24.88
2085 -11.06 23.95
2086 -4.11 10.46
2087 -22.25 2.11
2088 -5.87 15.02
2089 -9.98 7.28
2090 -17.86 12.22
2091 -26.65 16.34
2092 -10.83 6.89
2093 -2.95 24.05
2094 -17.13 12.31
2095 -7.97 20.49
2096 -23.65 20.66
2097 -25.87 9.43
2098 -26.49 6.88
2099 -4.76 19.82
2100 -16.77 6.82
2101 -17.28 7.34
2102 -0.98 12.41
2103 -0.43 12.53
2104 -11.33 6.85
2105 -19.07 10.41
2106 -18.28 2.2
2107 -0.61 10.24
2108 -7.29 2.11
2109 -14.42 3.56
2110 -24.05 24.43
2111 -9.61 22.39
2112 -23.35 20.7
2113 -19.11 8.48
2114 -1.31 22.84
2115 -21.18 23.87
2116 -4.22 9.6
2117 -22.01 2.98
2118 -7.03 23.72
2119 -3.57 13.96
2120 -24.38 18.36
2121 -20.56 14.16
2122 -24.4 7.18
2123 -9.29 21.17
2124 -24.73 4.69
2125 -20.64 15.24
2126 -10.63 13.31
2127 -25.53 21.78
2128 -21.78 25.5
2129 -12.86 9.16
2130 -6.04 14.61
2131 -24.22 25.56
2132 -1.54 1.78
2133 -25.5 10.75
2134 -24.72 8.57
2135 -18.46 20.59
2136 -7.75 13.62
2137 -20.8 12.02
2138 -24.72 5.15
2139 -1.36 3.09
2140 -18.33 13.97
2141 -18.8 13.53
2142 -8.31 20.49
2143 -10.51 17.34
2144 -26.5 3.09
2145 -17.71 14.9
2146 -13.46 24.06
2147 -17.36 6.45
2148 -17.2 15.01
2149 -15.1 15.86
2150 -0.97 6.44
2151 -20.06 6.56
2152 -10.11 8.72
2153 -5.39 13.86
2154 -8.48 7.83
2155 -13.32 25.28
2156 -3.33 18.33
2157 -3.34 5.13
2158 -13.99 3.16
2159 -24.77 13.86
2160 -20.28 5.01
2161 -2.08 7
2162 -13.45 6.74
2163 -21.75 10.96
2164 -18.35 22.18
2165 -20.14 1.38
2166 -7.94 19.32
2167 -1.05 13.21
2168 -18.59 9.57
2169 -8.92 24.96
2170 -14.76 0.07
2171 -9.93 22.25
2172 -0.38 18.09
2173 -21.25 13.27
2174 -18.65 5.89
2175 -10.9 19.03
2176 -26.03 11.93
2177 -10.2 4.5
2178 -15.47 4.01
2179 -17.71 4.95
2180 -24.85 6.82
2181 -26.14 10.85
2182 -24.06 5.8
2183 -6.89 18.71
2184 -8.2 7.18
2185 -25.77 15.82
2186 -11.07 22.96
2187 -14.06 8.7
2188 -13.5 2.97
2189 -8.86 26.83
2190 -10.38 23.67
2191 -0.13 11.28
2192 -15.79 0.94
2193 -4.95 10.33
2194 -15.28 22.78
2195 -2.6 14.18
2196 -25.03 4.66
2197 -10.46 20.26
2198 -11.98 13.62
2199 -20.8 8.87
2200 -24.69 20.18
2201 -7.66 11.09
2202 -11.32 0.28
2203 -3.25 13.24
2204 -13.08 24.82
2205 -13.01 3.63
2206 -14.92 23.46
2207 -15.92 13.14
2208 -23.47 22.23
2209 -18.01 12.39
2210 -26.57 3.28
2211 -7.94 20.61
2212 -13.87 24.61
2213 -2.75 9.92
2214 -18.79 17.37
2215 -2.07 15.07
2216 -26.16 16.49
2217 -8.29 1.26
2218 -14.5 2
2219 -26.82 11.55
2220 -6.7 0.58
2221 -15.57 12.84
2222 -17.5 21.62
2223 -16.85 4.49
2224 -16.89 13.98
2225 -8.78 7.86
2226 -19.99 7.98
2227 -24.11 16.72
2228 -26.64 25.39
2229 -7.28 26.86
2230 -6.45 9.95
2231 -17.96 0.88
2232 -2.14 24.14
2233 -26.14 26.26
2234 -2.33 16.64
2235 -17.23 17.49
2236 -21.85 9.03
2237 -22.18 24.32
2238 -20.33 12.35
2239 -26.33 3.55
2240 -2.94 1.74
2241 -9.73 8.11
2242 -16.35 14.45
2243 -12.84 6.84
2244 -25.23 7.51
2245 -17.47 20.13
2246 -12.53 23.2
2247 -20.34 8.43
2248 -26.21 14.67
2249 -4.31 19.49
2250 -9.98 1.54
2251 -2.1 13.06
2252 -10.38 4.83
2253 -17.18 24.28
2254 -19.35 22.24
2255 -23.98 8.04
2256 -7.67 22.29
2257 -9.75 6.71
2258 -5.08 24.03
2259 -23.06 14.11
2260 -25.76 21.83
2261 -18.03 13.53
2262 -13.49 11.29
2263 -25.96 2.9
2264 -22.39 12.7
2265 -14.25 3.28
2266 -7.86 23.89
2267 -1.72 7.87
2268 -5.15 9.77
2269 -5.01 10.42
2270 -9.98 24.5
2271 -11.32 1.99
2272 -0.23 9.18
2273 -24.73 21.07
2274 -8.18 5.31
2275 -18.66 20.79
2276 -7.33 6.95
2277 -18.24 1.21
2278 -4.11 20.82
2279 -25.04 8.73
2280 -3.53 18.02
2281 -14.91 3.81
2282 -11.68 11.39
2283 -21.16 8.15
2284 -10.1 8.35
2285 -24.38 17.69
2286 -19.69 20.08
2287 -20.78 8.7
2288 -21.29 19.92
2289 -16.75 18.51
2290 -12.31 2.47
2291 -0.94 26.93
2292 -1.14 11.16
2293 -23.5 10.71
2294 -19.44 23.78
2295 -14.8 21.54
2296 -25.36 22.97
2297 -25.88 21.24
2298 -20.91 1.56
2299 -9.92 20.05
2300 -2.26 4.01
2301 -15.62 7.3
2302 -7.52 21.95
2303 -6.39 9.4
2304 -0.92 1.81
2305 -22.8 14.66
2306 -14.59 4.75
2307 -15.91 23.75
2308 -7.46 7.26
2309 -4.04 12.41
2310 -25.47 26.9
2311 -14.39 10.36
2312 -23.12 15.35
2313 -16.92 13.27
2314 -24.84 17.04
2315 -12.57 18.36
2316 -17.18 0.11
2317 -13.58 1.19
2318 -2.12 24.7
2319 -26.51 19.98
2320 -7.64 21.56
2321 -17.83 22.31
2322 -10.58 13.76
2323 -21.02 6.74
2324 -10.67 18.04
2325 -9.46 16.58
2326 -18.46 9.14
2327 -24.5 23.85
2328 -10.13 14.59
2329 -23.15 5.94
2330 -24.3 26.49
2331 -26.6 8.72
2332 -1.44 14.48
2333 -3.7 13.19
2334 -24.69 22.08
2335 -16.64 3.21
2336 -17.04 23.85
2337 -10.61 7.47
2338 -5.73 19.15
2339 -10.19 23.15
2340 -4.25 16.4
2341 -17.06 11.18
2342 -8.03 22.72
2343 -10.31 6.08
2344 -12.02 9.68
2345 -9.18 6.46
2346 -6.7 9.32
2347 -23.8 0.3
2348 -5.01 8.14
2349 -3.22 0.5
2350 -22.23 2.7
2351 -26.56 11.38
2352 -10.37 3.8
2353 -22.95 1.69
2354 -16.37 7.62
2355 -15.54 24.66
2356 -8.84 20.62
2357 -16.34 5.61
2358 -11.69 8.4
2359 -18.08 18.17
2360 -16.15 23.72
2361 -6.04 18.78
2362 -10.61 22.86
2363 -22.52 21.37
2364 -13.39 15.62
2365 -18.33 17.27
2366 -1.65 0.15
2367 -22.47 9.41
2368 -2.62 3.55
2369 -11.17 18.42
2370 -7.6 18.99
2371 -12.62 26.72
2372 -5.33 7.97
2373 -16.37 1.96
2374 -11.66 8.54
2375 -5.26 25.97
2376 -9.28 0.81
2377 -23.67 2.83
2378 -15.72 19.89
2379 -8.51 19.2
2380 -9.47 2.11
2381 -20.78 18.36
2382 -19.29 2.64
2383 -6.19 16.25
2384 -26.19 21.92
2385 -13.91 8.89
2386 -8.61 6.8
2387 -14.77 18.05
2388 -11.54 5.46
2389 -14 22.66
2390 -21.63 23.2
2391 -24.01 19.27
2392 -13.62 3.91
2393 -23.8 12.21
2394 -22.93 2.34
2395 -22.97 23.84
2396 -15.2 23.92
2397 -26.56 16.76
2398 -24.53 7.5
2399 -20.94 24.28
2400 -6.17 23.73
2401 -22.05 26.37
2402 -17.43 6.3
2403 -11.76 1.34
2404 -24 20.49
2405 -16.69 25.76
2406 -9.55 10.15
2407 -5.59 5.22
2408 -17.43 23.17
2409 -17.03 20.91
2410 -17.75 4.88
2411 -1.8 4.53
2412 -12.81 24.48
2413 -23.5 19.89
2414 -8.69 10.34
2415 -25.59 17.44
2416 -16.81 6.38
2417 -12.68 20.64
2418 -13.5 25.76
2419 -19.25 24.44
2420 -14.72 2.02
2421 -12.18 0.46
2422 -5.69 24.28
2423 -11.97 17.77
2424 -11.68 14.64
2425 -19.53 20.53
2426 -25.06 20.96
2427 -18.44 21.33
2428 -5.74 10.87
2429 -12.73 14.94
2430 -23.9 14.43
2431 -20.81 11.33
2432 -23.49 5.23
2433 -22.52 6.49
2434 -22.45 1.52
2435 -3.54 14.77
2436 -6.76 10.18
2437 -7.46 15.72
2438 -25.01 3.97
2439 -18.61 10.95
2440 -4.48 1.22
2441 -22.18 11.14
2442 -24 2.54
2443 -4.93 5.14
2444 -20.08 21.26
2445 -8.7 17.67
2446 -20.52 8.5
2447 -13.73 21.03
2448 -19.05 8.53
2449 -10.05 9.25
2450 -15.55 14.5
2451 -16.2 13.6
2452 -20.84 22.31
2453 -17.8 15.18
2454 -26.14 10.38
2455 -11.6 9.41
2456 -12.08 22.14
2457 -24.69 25.3
2458 -3.44 0.6
2459 -21.86 21.14
2460 -3.33 15.04
2461 -23.54 22.08
2462 -7.64 23.85
2463 -23.91 10.27
2464 -19.53 26.69
2465 -5.71 6.96
2466 -12.08 26.6
2467 -13.43 21.92
2468 -1.62 24.45
2469 -7.83 4.23
2470 -13.64 0.76
2471 -22.91 19.43
2472 -9.25 17.24
2473 -17.84 12.12
2474 -24.78 12.69
2475 -0.73 4.23
2476 -26.31 1.12
2477 -16.49 24.27
2478 -7.54 25.47
2479 -25.16 13.4
2480 -11.89 18.59
2481 -9.71 22.4
2482 -17.32 15.49
2483 -4.46 23.14
2484 -0.37 10.46
2485 -11.23 12.29
2486 -23.24 5.54
2487 -22.78 25.66
2488 -2.3 5.49
2489 -18.18 5.15
2490 -9.38 0.08
2491 -19.72 10.43
2492 -7.7 0.21
2493 -25.69 9.22
2494 -14.14 6.77
2495 -16.88 23.85
2496 -10.77 17.55
2497 -6.05 26.6
2498 -22.74 1.09
2499 -3.08 10.51
2500 -14.33 14.64
2501 -20.18 14.31
2502 -4.49 10.57
2503 -7.59 7.48
2504 -12.63 25.31
2505 -25.39 17.29
2506 -0.73 22.01
2507 -13.75 18.12
2508 -18.86 8.43
2509 -6.72 12.44
2510 -0.81 6
2511 -15.08 23.61
2512 -14.73 11.59
2513 -4.2 21.13
2514 -23.16 1.99
2515 -16.63 7.28
2516 -13.11 2.01
2517 -4.11 9.81
2518 -17.3 17.6
2519 -15.91 11.7
2520 -1.99 21.45
2521 -16.47 5.83
2522 -15.47 21.24
2523 -21.2 3.22
2524 -7.18 25.85
2525 -4.85 0.92
2526 -16.05 7.99
2527 -11.1 11.45
2528 -24.1 3.78
2529 -5.78 15.31
2530 -14.11 20.27
2531 -13.8 13.93
2532 -23.75 0.23
2533 -9.35 17.91
2534 -2.61 5.57
2535 -0.02 16.79
2536 -14.14 23.13
2537 -17.37 8.01
2538 -2.75 2.61
2539 -1.46 11.57
2540 -12.5 9.93
2541 -9.45 24.83
2542 -9.29 20.07
2543 -15.38 20.55
2544 -0.38 24.91
2545 -18.18 21.16
2546 -8.09 14.5
2547 -6.25 23.51
2548 -14.42 23.36
2549 -20.45 7.12
2550 -15.43 17.04
2551 -13.17 12
2552 -20.01 2.57
2553 -23.7 22.06
2554 -6.64 22.77
2555 -24.22 16.68
2556 -6.04 10.66
2557 -3.73 6.67
2558 -18.75 6.85
2559 -4.76 19.11
2560 -4.79 19.13
2561 -25.15 14.47
2562 -10.98 4.41
2563 -19.29 22.92
2564 -3.05 25.4
2565 -6.96 12.75
2566 -24.75 18.48
2567 -12.58 11.65
2568 -6.72 9.28
2569 -5.05 9.28
2570 -25.97 13.36
2571 -15.54 20.8
2572 -0.47 23.53
2573 -3.38 10.79
2574 -21.43 19.22
2575 -2.88 8.14
2576 -22.61 26.22
2577 -22.15 1.03
2578 -23.96 25.11
2579 -23.52 14.45
2580 -0.2 18.53
2581 -1.53 3.48
2582 -15.14 16.47
2583 -25.75 14.11
2584 -23.4 21.86
2585 -26.74 22.33
2586 -16.13 13.89
2587 -10.42 6.8
2588 -17.59 16.6
2589 -0.35 5.32
2590 -13.46 12.02
2591 -2.77 3.23
2592 -22.78 0.6
2593 -25.71 24.92
2594 -12.37 11.26
2595 -2.79 13.75
2596 -17.24 4.09
2597 -20.56 4.33
2598 -18.44 23.9
2599 -18.76 10.84
2600 -6.17 6.36
2601 -11.77 10.02
2602 -16.82 13.82
2603 -3.42 13.71
2604 -19.03 7.41
2605 -10.96 22.29
2606 -25.52 24.02
2607 -16.14 13.73
2608 -3.17 12.83
2609 -24.09 14.85
2610 -1.61 15.55
2611 -11.16 26.89
2612 -22.74 10.37
2613 -7.27 23.25
2614 -7.09 5.7
2615 -3.59 17.55
2616 -0.57 4.78
2617 -18.6 15.36
2618 -20.6 8.91
2619 -7.84 13.54
2620 -8.84 12.63
2621 -1.17 18.8
2622 -24.05 25.88
2623 -3.23 17.31
2624 -23.69 0.23
2625 -7.3 0.33
2626 -18.74 16.82
2627 -0.19 9.98
2628 -6.23 6
2629 -11.7 7.46
2630 -16.53 4.84
2631 -1.14 15.29
2632 -3.66 17.1
2633 -17.53 11.26
2634 -24.81 15.78
2635 -1.41 25.37
2636 -8.7 25.17
2637 -15.57 21.11
2638 -2.94 24.27
2639 -16.02 18.81
2640 -10.66 26.63
2641 -16.45 14.84
2642 -24.83 2.4
2643 -8.4 16.64
2644 -15.62 22.58
2645 -18.95 11.62
2646 -26.92 5.15
2647 -13.77 11.61
2648 -22.88 22.1
2649 -10.88 22.82
2650 -12.72 12.21
2651 -10.38 3.81
2652 -16.44 12.94
