%%index real_part   imaginary_part
5584 5584 5584
1 38.06 18.86
2 33.76 4.18
3 27.42 16.44
4 29.03 7.54
5 30.51 0.71
6 32.78 0.21
7 13.5 29.2
8 5.64 9.95
9 29.56 4.91
10 7.17 17.11
11 7.83 22.53
12 25.5 14.03
13 31.96 21.03
14 17.77 34.57
15 13.58 8.18
16 33.56 11.46
17 22.16 12.65
18 35.61 34.84
19 9.91 10.58
20 17.81 25.64
21 25.86 1.42
22 30.63 18.11
23 28.07 0.36
24 11.8 3.79
25 20.9 25.15
26 8.68 18.97
27 33 28.73
28 17.28 1.71
29 36.28 32.48
30 8.19 35.05
31 14.04 10.86
32 30.03 9.27
33 5.12 36.2
34 14.31 26.64
35 13.29 21.55
36 22.97 38.64
37 24.28 6.67
38 7.03 21.12
39 31.43 19.87
40 6.02 25.35
41 5.33 13.33
42 9.58 21.22
43 22.93 5.85
44 5.86 26.87
45 29.44 20.21
46 37.6 14.05
47 23.32 4.48
48 8.21 35.15
49 22.8 34.96
50 17.51 29.04
51 28.68 3.61
52 10.28 8.01
53 35.65 20.48
54 1.35 23.83
55 10.19 28.09
56 8.94 7.37
57 28.6 22.04
58 34.41 18.53
59 12.92 19.05
60 6.79 1.27
61 15.32 9.88
62 20.89 5.39
63 1.54 6.17
64 2.13 35.62
65 25.66 30.86
66 1.99 19.65
67 34.18 21.86
68 3.35 12.27
69 3.63 30.83
70 19.92 4.7
71 18.6 13.82
72 3.38 28.87
73 14.92 14.72
74 33.77 37.79
75 0.07 34.36
76 5.24 1.56
77 13.47 21.91
78 28.08 32.65
79 29.27 21.54
80 13.4 36.74
81 23.91 15.93
82 37.8 15.4
83 34.19 19.09
84 10.92 8.67
85 13.37 5.34
86 25.68 37.37
87 27.24 31.97
88 7.69 29.06
89 27.86 9.68
90 5.04 8.99
91 10.55 34.45
92 23.88 10.28
93 10.46 24.03
94 13.09 12.97
95 17.23 0.73
96 23.19 26.49
97 9.41 2.14
98 27.75 28.51
99 37.18 11.13
100 16.47 38.67
101 37.04 11.55
102 11.05 3.16
103 38.74 31.8
104 2.48 25.26
105 1.77 34.12
106 29.57 7.52
107 24.33 12.33
108 3.88 14.46
109 33.95 34.79
110 3.04 16.97
111 10.98 18.7
112 27.36 26.23
113 15.74 26.92
114 38.05 16.11
115 15.78 13.92
116 32 22.04
117 31.72 20.35
118 13.15 10.57
119 3.35 31.47
120 33.11 22.16
121 29.68 5.13
122 23.98 23.69
123 5.67 21.53
124 23.84 27.86
125 12.35 7.14
126 32.36 26.89
127 14.12 23.33
128 17.77 20.72
129 36.83 29.87
130 11.31 23.34
131 6.39 20.13
132 1.48 4.31
133 21.4 5.63
134 4.62 21.16
135 4.32 24.76
136 29.89 37.74
137 28.95 1.52
138 29.58 21.39
139 10.25 34.62
140 9.28 14.42
141 2.31 29.12
142 19.97 2.64
143 29.88 22.96
144 20.35 37.75
145 22.09 27.71
146 8.84 31.66
147 3.5 35
148 1.64 10.33
149 38.01 24.9
150 17.18 6.26
151 11.52 9.85
152 11.37 14.59
153 35.98 1.47
154 3.61 1.95
155 22.9 13.75
156 10.39 12.89
157 22.05 31.73
158 15.69 30.37
159 35.64 12.93
160 8.16 36.04
161 35.23 18.73
162 21.26 17.01
163 33.86 38.73
164 31.15 22.9
165 35.68 0.39
166 10.24 15.86
167 30.45 14.73
168 16.2 28.13
169 36.61 33.96
170 15.23 19.82
171 0.23 20.51
172 13.24 25.63
173 17 28.81
174 2.74 28.94
175 32.5 20.16
176 38.89 17.43
177 34.44 28.73
178 34.98 21.15
179 11.57 35.82
180 36.21 33.66
181 10.52 14.78
182 29.51 7.45
183 35.58 8.49
184 9.97 13.23
185 33.05 33.19
186 21.22 25.21
187 18.36 0.81
188 29.62 34.47
189 30.93 2.88
190 23.04 38.88
191 17.31 30.95
192 27.21 29.45
193 18.13 19.27
194 16.09 23.19
195 24.37 29.7
196 12 19.82
197 33.79 2.41
198 17.43 9.03
199 22.27 36.9
200 37.61 27.4
201 20.13 22.84
202 23.65 19.84
203 21.83 6.01
204 8.89 20.79
205 20.68 13.76
206 12.23 38.45
207 28.91 5.51
208 24.79 0.44
209 30.16 8.04
210 5.26 8.4
211 28.23 15.53
212 24.47 23.79
213 32.82 29.54
214 27.44 2.9
215 36.82 22.61
216 12.98 26.06
217 6.9 24.48
218 30.49 4.15
219 24.95 28.73
220 10.01 6.91
221 6.36 13.15
222 18.66 22.24
223 29.21 2.79
224 17.35 4.45
225 19.38 20.37
226 3.42 22.62
227 7.41 8.61
228 5.67 34.41
229 4.83 7.75
230 36.89 33.12
231 20.18 2.66
232 33.66 10.87
233 15.02 33.6
234 23.33 31.67
235 38.58 7.49
236 20.64 0.86
237 29.62 12.47
238 21.78 0.31
239 11.28 19.83
240 7.72 0.14
241 22.76 30.66
242 6.79 17.67
243 19.6 36.69
244 5.44 12.47
245 6.59 24.44
246 33.62 3.33
247 20.72 33.29
248 27.89 28.28
249 20.95 35.75
250 4.24 18.74
251 19.6 27.06
252 7.05 31.41
253 31.72 16.74
254 4.1 28.83
255 28.97 4
256 34.67 18.34
257 3.53 19.25
258 16.94 8.98
259 21.45 23.14
260 8.58 28.91
261 38.76 34.56
262 28.85 3.2
263 38 20.49
264 23.76 17.74
265 4 26.47
266 14.53 34.52
267 26.93 30.12
268 7.87 21.58
269 17.94 26.17
270 36.7 11.97
271 36.83 7.91
272 33.69 38.89
273 8.87 1.37
274 24.51 18.15
275 14.58 30.33
276 32.41 0.61
277 10.33 14.35
278 2.36 22.27
279 7.53 9.33
280 35.8 32.64
281 34.68 11.54
282 2.66 17.86
283 6.96 29.14
284 16.31 10.53
285 29.02 24.9
286 0.34 14.01
287 20.42 26.86
288 28.23 34.03
289 13.18 29.3
290 27.15 20.26
291 20.87 27.77
292 9.64 20.56
293 10.35 37.72
294 14.57 18.52
295 12.16 17.89
296 29.43 17.89
297 35.75 7.84
298 4.5 38.61
299 16.67 3.72
300 35.14 20.82
301 2.35 6.69
302 1.07 35.48
303 30.51 22.78
304 19.6 35.82
305 17.08 11.22
306 6.51 7.75
307 28.31 5.47
308 4.19 22.67
309 2.19 38.67
310 24.08 18.76
311 36.66 14.35
312 28.71 21.03
313 20.64 0.93
314 11.17 0.74
315 28.08 37.31
316 11.53 7.32
317 3.8 30.43
318 20.73 12.6
319 9.43 1.84
320 19.58 1.33
321 15.6 33.03
322 38.51 26.09
323 9.76 11.44
324 17.63 10.22
325 35.51 18.47
326 0.34 2.71
327 23.74 0.69
328 1.62 35.57
329 36.31 5.38
330 10.22 12.8
331 26.64 25.39
332 23.35 28.27
333 1.87 30.44
334 38.8 5.08
335 12.94 17.82
336 11.86 19.38
337 12.99 28.54
338 0.98 17.89
339 28.11 29.27
340 8.74 18.61
341 27.84 31.14
342 31.83 9.08
343 5.66 12.58
344 24.49 33.46
345 13.78 9.49
346 34.89 2.23
347 30.5 7.94
348 38.38 19.24
349 30.84 38.89
350 17.72 5.71
351 25.09 11.3
352 0.85 36.1
353 21.51 5.61
354 34.88 8.35
355 33.49 17.14
356 9.29 11.15
357 26.75 22.33
358 2.44 2.12
359 3.1 38.93
360 9.43 33.45
361 35.68 23.4
362 31.34 5.32
363 31.08 33.7
364 33.59 37.25
365 3.96 29.44
366 1.75 12.31
367 15.93 35.57
368 8.7 9.12
369 17.47 37.44
370 22.11 11.11
371 22.26 18.48
372 8.34 31.4
373 33.52 10.01
374 9.95 10.78
375 11.75 4.15
376 27.55 19.38
377 31.22 8.43
378 3.13 26.42
379 31.19 29.82
380 20.26 4.24
381 23.08 2.67
382 5.76 28.53
383 37.65 0.01
384 4.98 14.47
385 25.58 22.65
386 8.65 27.09
387 26.01 8.84
388 25.37 16.99
389 34.29 20.53
390 31.2 35.32
391 22.22 7.04
392 21.99 26.28
393 20.22 20.96
394 18.3 25.12
395 35.89 12.41
396 15.08 6.09
397 34.62 19.97
398 19.98 20.84
399 35.31 0.8
400 29.97 31.48
401 26.09 28.41
402 4.77 38.62
403 23.14 13.1
404 1.16 30.15
405 32.99 18.43
406 25.48 32.36
407 26.16 22.74
408 11.22 14.99
409 7.64 7.38
410 19.79 29.53
411 35.62 4.53
412 24.5 34.87
413 23.24 37.76
414 38.56 12
415 4.49 26.07
416 15.49 36.05
417 3.2 30.58
418 4.69 20.26
419 17.93 26.34
420 5.77 12.37
421 5.73 11.93
422 2.19 37.77
423 20.29 31.9
424 6.8 13.41
425 3.94 27.93
426 32.46 26.6
427 28.99 7.08
428 5.85 17.96
429 29.96 13.23
430 0.31 11.93
431 15.51 1.97
432 32.56 22.32
433 3.58 18.71
434 6.05 4.77
435 23.66 28.04
436 7.49 18.34
437 23.64 29.39
438 28.81 9.68
439 29.61 4.93
440 32.86 35.62
441 29.74 33.56
442 8.16 26.32
443 11.8 19.73
444 0.49 20.53
445 38.99 9.28
446 11.26 7.32
447 29.64 15.5
448 34.21 11.34
449 22.63 33.22
450 22.26 7.78
451 26.12 7.29
452 4.2 29.75
453 6.95 17.28
454 28.73 33.02
455 36.16 36.57
456 37.65 22.59
457 16.43 33.42
458 20.67 6.81
459 33.87 34.75
460 5.04 21.16
461 28.48 33.86
462 10.36 16.3
463 27.64 19.12
464 19.87 12.09
465 19.87 11.27
466 18.56 9.65
467 6.93 13.51
468 30.8 22.76
469 23.3 13.88
470 17.97 20.53
471 10.65 26.98
472 21.4 16.62
473 29.96 27.08
474 22.84 3.08
475 24.24 24.83
476 26.21 27.88
477 11.7 20.25
478 0.37 4.09
479 16.18 0.34
480 18.13 26.76
481 36.42 36.05
482 10.56 4.21
483 33.49 4.35
484 24.75 8.88
485 29.42 17.8
486 12.3 3.73
487 26.87 1.07
488 34.67 33.71
489 4.31 24.35
490 10.18 25.03
491 20.43 35.07
492 16.32 3.91
493 8 32.13
494 38.99 23.22
495 10.98 24.18
496 27.75 18.12
497 28.85 8.4
498 19.27 38.32
499 8.2 23.35
500 2.15 5.03
501 15.28 5.14
502 12.73 14.45
503 15.68 3.15
504 27.51 14.93
505 7.48 19.99
506 16.07 5.21
507 9.13 27.92
508 27.57 32.39
509 16.61 23.65
510 8.84 27.57
511 13.21 34.12
512 3.52 36.59
513 3.43 3.07
514 26.42 22.8
515 34.35 18.16
516 29.82 35.09
517 17.06 10.63
518 20.3 3.56
519 25.01 32.75
520 20.26 15.33
521 20.55 32.49
522 21.41 36.33
523 36.25 36.2
524 20.85 9.99
525 5.08 20.38
526 15.5 36.21
527 1.33 24.81
528 34.4 25.55
529 15.87 11.28
530 29.44 28.34
531 24.43 17.74
532 28.37 20.27
533 30.35 9.02
534 2.77 16.19
535 31.53 16.36
536 9.85 29.55
537 26.89 13.08
538 16.8 37.79
539 15.3 30.66
540 12.04 5.17
541 8.91 26.9
542 12.71 34.07
543 27.14 16.76
544 28.04 8.12
545 3.98 4.01
546 21.75 25.01
547 12.8 28.42
548 37.44 17.64
549 33.83 4.15
550 27.03 7.73
551 37.28 32.88
552 13.48 4.4
553 3.19 31.69
554 29.87 30.28
555 2.98 18.49
556 12.91 2.92
557 4.51 11.89
558 28.65 25.63
559 1.27 31.65
560 3.18 24.21
561 10.22 5.25
562 1.19 31.45
563 10.09 23.02
564 33.69 6.15
565 20.4 11.44
566 11.85 28.24
567 32.65 25.21
568 17.9 25.33
569 23.14 3.36
570 28.38 8.78
571 18.22 26.12
572 5.53 2.29
573 34.44 29.25
574 28.42 34.18
575 25.91 35.71
576 8.49 31.6
577 24.05 36.14
578 26.68 9.68
579 22.36 1.66
580 19.62 21.38
581 17.14 3.76
582 28.97 31.47
583 17.81 10.79
584 20.68 14.4
585 29.7 1.95
586 34.59 10.06
587 12.35 15.44
588 12.21 1.12
589 2.82 7.8
590 11.03 1.63
591 0.75 28.73
592 25.87 19.52
593 35.73 24.8
594 32.98 20.08
595 2.46 25.61
596 29.37 13.6
597 12.6 26.12
598 36.92 25.87
599 7.79 36.93
600 6.4 18.6
601 35.18 5.01
602 26.97 1.99
603 9.63 15.05
604 29.37 0.18
605 1.81 12.45
606 8.7 1.41
607 27.45 2.56
608 33.88 2.1
609 22.18 30.7
610 17.31 27.86
611 8.98 31.16
612 18.28 14.21
613 7.6 28.1
614 26.03 22.72
615 8.84 21.91
616 26.92 32.43
617 1.94 5.02
618 20.08 14.89
619 15.07 11.57
620 30.54 16.97
621 18.38 23.4
622 25.96 0.25
623 2.35 13.36
624 5.06 27.36
625 22.74 31.05
626 23.21 28.9
627 10.63 31.72
628 27.35 9.01
629 31.74 24.75
630 7.66 14.38
631 7.82 1.58
632 13.13 34.58
633 16.99 9.76
634 27.86 0.73
635 17.7 38.58
636 22.98 19.4
637 19.65 36.09
638 16.97 16.46
639 4.82 28.52
640 20.57 28.55
641 24.97 27.56
642 26.8 11.3
643 20.32 35.6
644 21.35 15.15
645 36.06 13.06
646 21.16 29.01
647 31.11 11.4
648 27.68 34.29
649 35.02 15.62
650 21.72 16.54
651 35.95 13.73
652 17.34 12.22
653 28.68 23.12
654 19.17 1.83
655 30.38 1.02
656 35.1 0.74
657 18.57 16.36
658 19.48 29.43
659 12.1 38.89
660 19.47 8.36
661 37.37 9.16
662 27.08 1.63
663 35.93 36.01
664 19.15 15.77
665 38.83 38.47
666 19.72 1.88
667 14.1 35.78
668 26.43 4.58
669 6.41 10.31
670 17.85 6.6
671 13.86 4.32
672 27.2 13.96
673 10.91 38.95
674 38.84 7.68
675 16.04 23.01
676 38.7 19.31
677 27.47 20.94
678 24.47 26.78
679 10.07 30.92
680 30.39 4.62
681 13.02 9.91
682 13.21 17.64
683 22.22 27.13
684 4.96 0.64
685 13.76 35.16
686 0.48 22.81
687 4.29 34.15
688 34.1 27.68
689 2.88 15.2
690 38.22 1.47
691 20.78 18.93
692 0.87 5.44
693 32.22 15.77
694 7.69 31.86
695 36.48 3.3
696 19.73 38.09
697 16.73 10.51
698 5.16 32.94
699 33.59 6.47
700 2.63 10.12
701 32.93 14.87
702 10.02 3.11
703 37.31 4.75
704 19.95 11.65
705 13.12 1.2
706 26.65 25.69
707 31.13 1.42
708 17.2 34.04
709 26.9 30.88
710 1.7 24.89
711 30.5 24.38
712 2.41 21.43
713 15.37 14.75
714 21.23 7.57
715 24.21 16.48
716 37.88 23.86
717 33.5 24.67
718 29.42 15.42
719 27.07 38.33
720 0.53 10.37
721 3.59 1.19
722 9.14 27.18
723 28.74 34.72
724 33.12 26.34
725 12.23 16.64
726 8.55 34.82
727 17.25 10.26
728 25.01 10.96
729 25.06 0.15
730 23.15 7.24
731 37.63 10.27
732 2.46 22.03
733 37.46 38.65
734 37.98 31.88
735 9.78 25.53
736 33.25 6.04
737 0.74 13.37
738 15.61 9.91
739 36.25 29.49
740 7.13 9.74
741 5.56 16
742 26.26 15.68
743 33.17 29.34
744 29.49 12.28
745 26.04 19.23
746 36.02 20.16
747 3.2 24.67
748 24.32 6.01
749 37.89 1.66
750 33.71 23.31
751 35.87 15.19
752 35.08 34.48
753 5.39 36.61
754 33.62 11.7
755 21.44 9.16
756 25.17 1.76
757 23.96 27
758 23.86 18.95
759 37.75 18.13
760 4.88 20.87
761 2.04 24.8
762 10.47 8.43
763 14.44 5.24
764 13.42 34.8
765 25.63 19.85
766 2.57 8.13
767 10.14 29.02
768 26.63 37.65
769 10.35 15.53
770 31.22 27.78
771 29.54 31.79
772 26.32 17.39
773 3.86 21.02
774 6.68 11.18
775 32.06 2.62
776 27.42 11.56
777 26.51 1.62
778 6.86 37.89
779 1.21 8.47
780 34.85 20.28
781 34.93 33.36
782 29.9 37.42
783 3.59 6.07
784 28.13 24.06
785 12.84 20.47
786 13.26 20.35
787 5.26 3.38
788 30.92 7.1
789 24.81 9.12
790 11.74 37.6
791 16.69 24.39
792 26.01 6.68
793 12.1 4.2
794 19.2 32.87
795 20.67 19.83
796 20.72 21.57
797 26.51 16.6
798 22.68 11.62
799 35.68 30.1
800 11.57 11.81
801 32.16 9.52
802 12.9 31.36
803 38.46 37.42
804 14.06 4.83
805 9.95 30.79
806 16.18 32.33
807 0.01 26.64
808 37.37 3.19
809 36.06 18.63
810 38.47 17.57
811 6.66 24.25
812 1.86 20.19
813 31.81 33.17
814 24.27 31.06
815 3.87 28.5
816 38.02 3.37
817 34.73 3.55
818 8.49 18.45
819 29.8 1.71
820 32.51 22.55
821 22.4 0.75
822 33.92 9.69
823 19.41 22.42
824 2.05 32.29
825 17.38 22.99
826 8.25 8.04
827 28.23 24.04
828 18.21 10.11
829 2.17 21.05
830 17.07 10
831 13.37 12.56
832 22.63 22.61
833 2.06 15.62
834 17.34 31.12
835 21.19 38.38
836 6.66 17.37
837 33.58 4.6
838 33.54 1.58
839 1.39 13.99
840 36.99 3.11
841 11.16 18.77
842 10.33 6.24
843 22.87 0.39
844 27.96 35.06
845 6.06 31.56
846 11.64 12.55
847 35.17 25.96
848 9.1 34.27
849 26.39 4.75
850 4.14 26.44
851 11.33 15.1
852 26.22 10.8
853 18.9 5.92
854 19.91 20.76
855 23.88 20.29
856 6.58 24.42
857 37.18 2.56
858 9.47 23.43
859 19.49 27.57
860 20.13 37.44
861 10.99 32.07
862 25.55 31.77
863 27.04 13.68
864 18.44 34.66
865 28.62 20.95
866 3.58 22.58
867 0.9 0.96
868 13.4 29.8
869 18.09 19.8
870 7.61 0.83
871 25.26 9.49
872 12.05 14.19
873 37.62 29.96
874 18.54 21.52
875 26.48 24.63
876 24.22 38.67
877 37.97 5
878 18.68 10.78
879 12.96 32.53
880 21.01 37.12
881 20.7 2.58
882 10.06 24.59
883 21.91 28.12
884 8.92 23.46
885 24.3 1
886 10.49 16.53
887 37.24 10.56
888 1.52 29.06
889 18.11 3.38
890 34.53 26.58
891 26.26 5.59
892 10.59 19.76
893 37.06 31.75
894 25.28 35.8
895 33.92 11.02
896 20.12 7.29
897 38.4 22.15
898 11.27 30.19
899 14.65 21.32
900 28.84 26.72
901 10.77 38.95
902 17.03 6.86
903 35.92 9.02
904 18.92 25.08
905 12.66 15.03
906 27.15 14.46
907 34.22 6.44
908 38.19 37.74
909 2.06 38.8
910 17.34 31
911 38.29 35.99
912 25.66 37.46
913 35.17 5.22
914 26.54 4.45
915 31.17 10.83
916 17.3 22.9
917 29.76 9.47
918 18.49 1.86
919 26.94 26.69
920 9.24 4.93
921 19.39 7.12
922 13.57 36.39
923 35.14 21.13
924 20.93 12.76
925 11.28 4.72
926 1.71 38.27
927 4.26 10.58
928 22.32 33.89
929 38.35 0.43
930 17.78 16.38
931 0.28 37.04
932 7.51 35.09
933 36.95 30.05
934 24.26 32.52
935 37.46 31.41
936 38.53 33.5
937 30.9 24.37
938 6.51 13.1
939 32.39 27.04
940 31.76 27.44
941 33.24 4.67
942 21.77 1
943 2.41 5.02
944 5.45 5.09
945 27.99 8.28
946 6.33 23.24
947 19.33 28.28
948 19.33 20.36
949 20.41 23.8
950 16.21 4.59
951 5.61 25.39
952 10.76 15.74
953 35.37 36.51
954 31.07 17.27
955 12.24 35.28
956 0.95 30.36
957 31.36 13
958 18.02 29.25
959 1.86 1.29
960 9.58 29.99
961 14.23 29.86
962 19.14 22.43
963 3.79 1.08
964 31.4 5.99
965 17.1 30.72
966 17.11 8.61
967 30.88 22.71
968 20.23 34.4
969 19.19 33.77
970 30.05 12.3
971 3.66 31.43
972 11.95 37.52
973 34.29 2.54
974 3.84 36.49
975 27.49 36.16
976 27.02 13.42
977 35.85 2.72
978 10.33 13.68
979 19.67 7.16
980 37.89 2.73
981 17.87 4.29
982 27 22.52
983 17.92 16.27
984 17.56 14.75
985 33.58 4.64
986 36.07 8.61
987 13.65 37.24
988 7.31 15.55
989 13.04 8.95
990 12.63 11.15
991 31.09 1.53
992 10.78 7.17
993 20.85 34.46
994 2.62 27.63
995 36.88 8.04
996 18.85 8.03
997 37.08 15.75
998 38.54 6.85
999 28.13 22.52
1000 27.16 17.1
1001 32.23 22.71
1002 27.47 30.76
1003 7.31 13.41
1004 28.88 34.78
1005 13.45 26.87
1006 34.93 2.51
1007 9.68 12.06
1008 7.52 6.71
1009 1.86 37.05
1010 6.09 16.67
1011 31.22 38.74
1012 22.02 24.94
1013 38.31 29.3
1014 19.35 28.08
1015 6.19 33.96
1016 17.67 7.51
1017 38.27 5.94
1018 19.35 6.15
1019 8.45 13.1
1020 0.98 9.23
1021 18.26 21.91
1022 33.97 35.91
1023 10.14 27.94
1024 25.99 9.02
1025 25.69 18.52
1026 18.26 38.6
1027 31.06 17.91
1028 14.74 7.8
1029 35.89 30.38
1030 25.34 34.09
1031 9.12 3.08
1032 15.54 10.54
1033 23.21 8.4
1034 28.02 34.9
1035 11.65 31.66
1036 21.09 29
1037 32.43 29.92
1038 25.38 22.59
1039 31.61 10.09
1040 28.61 18.9
1041 18.5 24.82
1042 10.25 7.88
1043 22.2 10.57
1044 8.47 24.99
1045 26.6 19.09
1046 28.69 33.81
1047 11.87 35.73
1048 5.13 5.24
1049 7.66 35.08
1050 27.75 0.67
1051 29.68 25.83
1052 16.75 16.36
1053 38.95 29.63
1054 0.73 9.66
1055 28.56 38.08
1056 23.9 29.34
1057 4.74 8.06
1058 25.15 34.16
1059 26.67 26.95
1060 13.56 33.62
1061 34.96 14.28
1062 11.01 3.26
1063 15.02 7.83
1064 10.44 22.66
1065 23.33 29.2
1066 16.03 5.71
1067 22.07 20.53
1068 11.17 32.79
1069 9.97 28.55
1070 27.63 18.42
1071 15.28 38.53
1072 14.11 19.06
1073 14.22 20.03
1074 14.5 0.27
1075 1.41 8.41
1076 22.69 34.58
1077 5.36 36.37
1078 11.73 1.22
1079 30.4 20.38
1080 10.58 22.17
1081 34.4 21.26
1082 2.79 33.14
1083 33.45 17.47
1084 7.02 20.48
1085 6.42 4.42
1086 3.95 2.18
1087 21.24 21.71
1088 9.26 18.06
1089 24.85 2.98
1090 11.39 30.28
1091 25.86 26.27
1092 30.16 1.61
1093 9.35 31.23
1094 19.13 9.41
1095 38.1 0.76
1096 22.02 36.24
1097 30.38 33.5
1098 18.5 31.33
1099 19.34 24.83
1100 35.77 25.52
1101 34.22 25.76
1102 8.47 0.72
1103 25.3 16.46
1104 25.96 24.25
1105 15.53 17.68
1106 11.47 4.88
1107 13.01 8.92
1108 1.15 9.15
1109 18.57 22.36
1110 29.64 26.8
1111 30.56 24.19
1112 25.22 19.18
1113 11.52 21.94
1114 14.29 4.72
1115 36.76 30.86
1116 24.14 11.06
1117 18.3 31.99
1118 15.97 32.62
1119 17.87 4.61
1120 28.81 9.46
1121 14.34 0.93
1122 9.85 1.28
1123 10.43 27.35
1124 17.23 17.52
1125 5.32 35.52
1126 27.24 7.88
1127 33.58 35.89
1128 25.35 13.46
1129 24.7 6.1
1130 4.48 0.65
1131 18.23 22.46
1132 21.97 28.63
1133 28.77 36.54
1134 8.67 5.47
1135 14.93 14.16
1136 15.09 37.48
1137 38.76 35.79
1138 30.66 24.94
1139 3.46 16.71
1140 13.24 8.89
1141 23.29 15.31
1142 12.2 1.48
1143 21.46 17.88
1144 30.5 5.07
1145 12.24 7.16
1146 36.14 2.51
1147 37.66 30.48
1148 34.54 19.12
1149 31.11 27.43
1150 2.59 10.73
1151 9.21 7.04
1152 3.83 24.21
1153 10.15 15.49
1154 32.2 34.49
1155 10.9 20.14
1156 35.45 12.96
1157 20.96 34.2
1158 19.6 8.65
1159 20.24 3.42
1160 17.1 17.62
1161 20.13 32.49
1162 30.49 14.25
1163 0.89 18.79
1164 13.74 26.03
1165 36.76 32
1166 6.56 22.86
1167 8.07 13.49
1168 28.98 10.39
1169 12.4 18.22
1170 38.36 28.7
1171 9.19 29.82
1172 31.54 2.33
1173 17.5 30.15
1174 1.1 12.14
1175 36.29 37.75
1176 31.24 18.2
1177 38.97 17.42
1178 3.74 22.73
1179 16.28 0.86
1180 32.86 17.48
1181 7.86 20.56
1182 34.05 0.42
1183 17.33 15.93
1184 1.68 30.55
1185 20.25 36.25
1186 27.08 7.56
1187 9.9 35.96
1188 27.12 19.62
1189 38.29 27.4
1190 26.15 34.74
1191 13.94 35.58
1192 20.52 18.39
1193 8.64 13.92
1194 21.3 24.26
1195 9.27 24.92
1196 13 21.69
1197 28.63 17.13
1198 33.07 8.05
1199 38.6 6.97
1200 10.74 2.27
1201 9.83 26.38
1202 23.34 37.82
1203 24.97 19.73
1204 8.14 17.98
1205 13.72 24.26
1206 20.84 34.29
1207 20.21 34.19
1208 15.63 2.36
1209 33.15 35.37
1210 27.82 36.93
1211 19.62 9.94
1212 27.07 1.82
1213 9.88 15.78
1214 22.75 27.66
1215 29.93 16
1216 9.9 1.01
1217 38.84 0.77
1218 27.02 0.77
1219 18.75 31.33
1220 16.59 35.16
1221 36.98 0
1222 1.71 4.95
1223 13.83 24.71
1224 27.6 17.34
1225 21.79 7.98
1226 17.92 16.42
1227 24.77 8.94
1228 24.72 12.52
1229 7.7 34.65
1230 18.17 14.99
1231 16 5.16
1232 12.45 34.6
1233 35.37 22.36
1234 14.69 0.47
1235 3.16 21.64
1236 28.16 31.28
1237 3.75 1.14
1238 32.37 29.87
1239 8.21 17.59
1240 25.57 20.97
1241 4.92 36.53
1242 6.47 11.02
1243 30.06 29.69
1244 31.86 31.19
1245 13.7 37.76
1246 3.92 11.03
1247 6.63 29.7
1248 13.07 16.37
1249 23.37 9.52
1250 31.17 27.76
1251 26.57 26.53
1252 34.19 20.33
1253 17.73 30.32
1254 8.91 27.56
1255 16.05 32.46
1256 29.99 2.01
1257 19.55 20.97
1258 11.66 3.98
1259 2.69 10.61
1260 15.89 4.52
1261 22.08 16.39
1262 7.1 26.34
1263 10.23 35.23
1264 5.76 26.69
1265 21.97 33.6
1266 27.65 4.45
1267 31.3 9.54
1268 7.39 22.84
1269 17.92 10.03
1270 10.02 22.82
1271 24.83 1.5
1272 22.47 1.01
1273 5 11.9
1274 29.03 1.66
1275 12.7 7.69
1276 30.61 5.93
1277 32.27 2.3
1278 37.54 37.71
1279 31.92 10.02
1280 4.63 10.82
1281 21.79 14.89
1282 30.96 38.8
1283 22.65 20.61
1284 37.17 38.35
1285 22.17 8.09
1286 9.59 8.19
1287 15.72 14.53
1288 26.43 38.59
1289 1.25 20.72
1290 34.94 22.99
1291 28.92 20.47
1292 22.78 26.55
1293 31.78 28.71
1294 38.73 27.84
1295 6.18 24.7
1296 0.59 10.88
1297 10.69 27.97
1298 16.1 31.55
1299 37.42 0.86
1300 8.95 14.27
1301 22.46 20.6
1302 2.65 18.55
1303 18.14 38.19
1304 26.43 35.6
1305 19.59 25.91
1306 7.38 28.89
1307 22.96 16.03
1308 5.74 36.68
1309 25.52 15.74
1310 7.96 12
1311 29.4 31.7
1312 27.19 15.08
1313 7.63 7.61
1314 8.47 4.3
1315 18.57 12.58
1316 0.7 23.95
1317 10.02 8.56
1318 14.27 3.35
1319 6.47 34.68
1320 21.59 1.7
1321 37.12 26.07
1322 3.1 35.49
1323 33.18 21.08
1324 4.35 15.37
1325 33.89 26.22
1326 18.93 12.31
1327 27.39 24.29
1328 38.43 7.12
1329 17.94 2.55
1330 15.13 14.42
1331 38.37 36.52
1332 12.6 15.83
1333 25.7 9.39
1334 11.59 26.87
1335 35.09 32.17
1336 25.76 33.18
1337 36.2 33.21
1338 15.3 35.39
1339 18.28 36.9
1340 24.12 19.65
1341 31.96 13.17
1342 4.98 4.05
1343 17.7 26.88
1344 29.43 10.93
1345 25.36 35.64
1346 0.68 12.08
1347 34.43 24.73
1348 1.65 13.28
1349 1.15 21.13
1350 20.82 13.24
1351 13.95 3.77
1352 36.98 14.11
1353 10.5 17.67
1354 15.57 19.8
1355 0.45 35.3
1356 9.47 0.69
1357 4.75 38.94
1358 33.34 20.97
1359 31.91 28.97
1360 25.61 23.77
1361 3.37 18.27
1362 10.52 32.82
1363 7.1 37.8
1364 26.45 18.69
1365 38.46 14.78
1366 18.55 8.27
1367 28.9 19.93
1368 37.6 23.05
1369 3.86 6.92
1370 3.22 14.17
1371 21.38 10.83
1372 17.29 19.21
1373 1.19 32.65
1374 22.62 11.63
1375 35.4 0.62
1376 18.89 15.76
1377 9.58 38.77
1378 5.09 35.93
1379 15.63 23.2
1380 5.5 31.54
1381 7.34 21.61
1382 2.54 30.57
1383 14.63 36.24
1384 4.17 7.66
1385 28.35 25.01
1386 35.84 7.39
1387 33.13 10.73
1388 4.39 14.14
1389 25.77 34.32
1390 34.94 27.01
1391 10.29 28.7
1392 34.99 21.35
1393 18.28 19.87
1394 10.6 1.09
1395 32.63 1.43
1396 23.04 16.1
1397 7.68 -0.97
1398 4.74 -32.1
1399 0.76 -22.31
1400 8.32 -8.91
1401 22.82 -29.11
1402 0.85 -11.68
1403 25.82 -16.95
1404 18.79 -5.24
1405 38.77 -19.12
1406 8.82 -21.25
1407 3.6 -10.07
1408 36.46 -4.81
1409 5.9 -28.41
1410 36.36 -8.06
1411 24.17 -6.06
1412 13.55 -20.41
1413 20.03 -38.37
1414 21.68 -18.29
1415 33.72 -20.8
1416 10.91 -36.52
1417 9.2 -24.07
1418 8.54 -18.28
1419 30.04 -2.55
1420 21.67 -27.34
1421 16.11 -36.34
1422 13.93 -30.49
1423 2.82 -19.72
1424 15.65 -11.39
1425 25.98 -15.25
1426 21.31 -13.01
1427 0.94 -17.67
1428 17.04 -34.86
1429 20.68 -20.98
1430 2.78 -38.72
1431 3.76 -15.4
1432 0.47 -20.21
1433 38.5 -19.48
1434 22.03 -9.02
1435 3.88 -36.06
1436 33.4 -11.22
1437 9.23 -19.99
1438 7.23 -8.33
1439 19.73 -12.06
1440 33.83 -22.88
1441 3.42 -13.23
1442 30.9 -16.14
1443 18.52 -4.36
1444 31.86 -8.94
1445 15.18 -0.2
1446 22.13 -34.64
1447 22.38 -18.94
1448 38.42 -22.6
1449 38.14 -28.4
1450 25.46 -27.98
1451 6.72 -3.02
1452 23.02 -19.87
1453 28.2 -15.96
1454 34.54 -36.77
1455 20.66 -15.45
1456 35.2 -29.37
1457 13.03 -24.08
1458 34.96 -27.1
1459 36.04 -31.55
1460 38.28 -27.83
1461 29.99 -12.22
1462 37.68 -27.93
1463 18.05 -13.37
1464 2.77 -4.63
1465 32.61 -17.2
1466 26.74 -34.76
1467 15.63 -0.33
1468 22.81 -17.28
1469 15.06 -11.35
1470 33.33 -18.35
1471 8.72 -3.24
1472 27.32 -29.53
1473 17.64 -28.27
1474 20.83 -29.8
1475 18.63 -21.2
1476 33.43 -26.63
1477 15.56 -9.63
1478 29.52 -38.63
1479 4.26 -1.13
1480 18.33 -38.82
1481 34.58 -36.87
1482 4.73 -12.6
1483 29.88 -17.73
1484 35.6 -34.06
1485 13.42 -12.46
1486 15.7 -36.45
1487 26.99 -28.66
1488 17.94 -10.54
1489 1.35 -12.15
1490 33.35 -6.29
1491 0.44 -26.5
1492 3.65 -34.3
1493 33.94 -22.52
1494 23.65 -33.18
1495 0.52 -5.72
1496 10.12 -9.51
1497 22.11 -35.1
1498 20.35 -14.85
1499 9.91 -19.51
1500 38.5 -23.47
1501 20.93 -29.85
1502 26.04 -15.2
1503 32.27 -8.92
1504 27.59 -4.98
1505 17.79 -1.14
1506 27.64 -28.46
1507 23.77 -18.23
1508 1.75 -31.3
1509 32 -25.23
1510 30.95 -25.4
1511 2.43 -32.52
1512 35.14 -2.07
1513 23.44 -24.54
1514 11.58 -16.49
1515 0.96 -0.88
1516 37.25 -11.08
1517 32.8 -28.41
1518 37.33 -24.29
1519 29.27 -26.07
1520 27.21 -32.44
1521 21.91 -14.58
1522 32.81 -15.86
1523 14.68 -6.68
1524 38.43 -2.08
1525 27.49 -7.68
1526 1.2 -36.9
1527 6.5 -36.44
1528 28.51 -36.34
1529 20.35 -29.94
1530 37.34 -1.09
1531 18.69 -27.83
1532 17.25 -35.6
1533 20.89 -12.49
1534 38.57 -22.1
1535 15.55 -17.69
1536 32.27 -33.3
1537 16.68 -37.46
1538 11.66 -26.09
1539 28.17 -31.36
1540 0.04 -17.61
1541 15.51 -23.18
1542 27.15 -7.76
1543 11.62 -22.01
1544 19.48 -16.66
1545 17.75 -31.97
1546 27.33 -17.82
1547 20.94 -3.96
1548 16.45 -5.58
1549 34.2 -9.36
1550 27.05 -22.54
1551 16.85 -17.27
1552 22.25 -26.84
1553 20.45 -33.53
1554 25.9 -33.91
1555 19.04 -16.15
1556 6.85 -32.46
1557 7.75 -2.08
1558 30.61 -34
1559 11.66 -19.37
1560 18.87 -11.09
1561 35.44 -35.93
1562 0.89 -7.2
1563 19.3 -23.9
1564 33.26 -23.87
1565 7.41 -14.5
1566 31.78 -21.31
1567 9.16 -24.26
1568 25.32 -15.03
1569 16.47 -29.61
1570 13.28 -18.74
1571 12.2 -3.03
1572 5.11 -20.14
1573 15.14 -26.47
1574 6.85 -3.25
1575 20.86 -26.81
1576 30.26 -32.24
1577 0.44 -17.3
1578 8.73 -37.68
1579 22.55 -19.74
1580 1.76 -2.99
1581 24.31 -29.96
1582 15.23 -1.06
1583 22.62 -0.99
1584 37.12 -8.07
1585 26.81 -6.61
1586 16.16 -11.41
1587 38.07 -6.53
1588 33.01 -27.8
1589 31.05 -14.21
1590 8.54 -7.38
1591 0.62 -12.91
1592 36.74 -38.81
1593 37.49 -1.06
1594 27.32 -6.47
1595 9.46 -21.04
1596 18.52 -35.6
1597 4.19 -1.29
1598 8.8 -1.27
1599 9.34 -33.33
1600 0.94 -13.45
1601 31.38 -36.15
1602 3.69 -23.62
1603 12.42 -30.45
1604 5.66 -4.22
1605 11.6 -4.47
1606 17.39 -20.73
1607 20.54 -18.74
1608 19.8 -21.65
1609 34.64 -25.55
1610 14.11 -14.64
1611 17.76 -11.62
1612 12.92 -32.63
1613 1.43 -21.95
1614 22.8 -28.24
1615 9.21 -10.77
1616 7.93 -23.74
1617 8.37 -1.59
1618 38.56 -18.14
1619 28.88 -27.31
1620 31.79 -11.75
1621 32.48 -8
1622 26.74 -16.7
1623 5.87 -20.54
1624 13.61 -14.06
1625 28.7 -1.51
1626 13.13 -27.72
1627 27.87 -13.98
1628 3.46 -32.57
1629 21.82 -35.82
1630 7.6 -26.26
1631 17.53 -37.55
1632 0.15 -22.05
1633 7.71 -32.42
1634 20.73 -6.23
1635 17.98 -36.59
1636 5.59 -13.52
1637 36.74 -11.46
1638 32 -32.33
1639 7.39 -3.61
1640 5.12 -6.61
1641 1.85 -3.61
1642 17.59 -18.26
1643 11.83 -36.25
1644 33.07 -27.57
1645 14.84 -1.17
1646 38.73 -8.19
1647 30.24 -32.37
1648 32.31 -6.4
1649 12.63 -37.95
1650 3.06 -14.04
1651 34.09 -30.62
1652 9.6 -8.65
1653 8.5 -31.83
1654 2.97 -9.13
1655 22.26 -15.89
1656 26.02 -8.09
1657 32.87 -24.12
1658 27.89 -11.14
1659 38.71 -12.23
1660 13.4 -28.48
1661 36.68 -21.07
1662 20.96 -19.65
1663 26.05 -34.44
1664 33.4 -14.27
1665 34.84 -6.21
1666 36.83 -36.46
1667 12.64 -29.93
1668 29.28 -7.43
1669 16.56 -21.14
1670 4.56 -32.25
1671 7.87 -38.83
1672 30.47 -30.58
1673 2.72 -8.26
1674 20.49 -25.88
1675 21.88 -8.96
1676 30.03 -1.42
1677 21.07 -19.56
1678 15.01 -18.52
1679 32.79 -14.65
1680 20.86 -15.93
1681 19.91 -28.63
1682 26.08 -25.21
1683 0.16 -32.55
1684 14.7 -22.89
1685 22.66 -23.25
1686 29.6 -25.78
1687 17.36 -30.53
1688 6.32 -21.07
1689 14.47 -26.61
1690 3.09 -26.81
1691 34.75 -36.35
1692 23.44 -0.64
1693 19.16 -16.83
1694 38 -5.97
1695 21.9 -19.48
1696 15.63 -19.86
1697 12.59 -9.33
1698 2.89 -9.24
1699 32.13 -12.75
1700 36 -24.11
1701 10.89 -15.79
1702 13.85 -26.6
1703 15.19 -34.77
1704 28.9 -20.17
1705 7.98 -29.66
1706 33.54 -31.99
1707 0.16 -10.26
1708 33.61 -17.98
1709 23.95 -19.32
1710 6.32 -32.61
1711 19.99 -13.37
1712 22.7 -21.96
1713 31.2 -32.58
1714 12.85 -32.11
1715 23.74 -30.85
1716 7.64 -9.86
1717 3.98 -2.15
1718 4.45 -21.49
1719 2.66 -19.18
1720 16.36 -33.35
1721 32.87 -17.17
1722 27.43 -10.9
1723 35.4 -0.55
1724 26.39 -22.04
1725 22.17 -26.87
1726 7.76 -32.72
1727 22.2 -3.16
1728 3.26 -30.47
1729 30.1 -20.92
1730 12.77 -16.11
1731 32.49 -21.37
1732 23.52 -20.41
1733 9.43 -4
1734 23.18 -34.49
1735 28.85 -18.61
1736 35.78 -7.06
1737 24.49 -29.24
1738 29.79 -30.73
1739 20.29 -20.89
1740 15.29 -17.18
1741 17.42 -3.46
1742 13.14 -23.05
1743 21.04 -0.62
1744 21.54 -22.92
1745 6.56 -12.15
1746 1.04 -34.31
1747 22.25 -6.57
1748 10.57 -24.56
1749 20.06 -31.68
1750 17.81 -1.27
1751 8.34 -16.43
1752 13.19 -14.6
1753 12.85 -32.83
1754 21.24 -10.5
1755 34.2 -0.67
1756 10.65 -36.53
1757 20.59 -12.63
1758 19.77 -23.8
1759 14.24 -9.15
1760 21.3 -2.32
1761 4.15 -27.32
1762 33.9 -28.86
1763 14.43 -32.92
1764 32.12 -5.47
1765 6.75 -2.01
1766 24.96 -10.94
1767 32.06 -15.09
1768 15.44 -5.67
1769 16.17 -5.91
1770 6.58 -4.2
1771 1.74 -17.89
1772 30.52 -17.24
1773 8.56 -28.85
1774 38 -11.3
1775 20.14 -29.32
1776 17.65 -26.83
1777 16.69 -24.29
1778 24.74 -12.55
1779 24.54 -37.64
1780 7.17 -17.86
1781 28.8 -31.29
1782 13.9 -38.65
1783 5.32 -21.86
1784 34.3 -35.86
1785 1.07 -28.01
1786 6.91 -1.88
1787 25.64 -9.33
1788 5.7 -4.95
1789 22.77 -34.2
1790 31.05 -11.22
1791 5.57 -3.91
1792 34.73 -9.7
1793 22.25 -28.79
1794 27.43 -20.47
1795 38.33 -14.31
1796 6.61 -2.13
1797 1.78 -34.66
1798 17.52 -27.03
1799 23.9 -13.63
1800 9.16 -12.82
1801 21.23 -31.49
1802 1.82 -22.59
1803 34.07 -7.87
1804 9.6 -7.52
1805 25.26 -17.84
1806 28.28 -1.65
1807 17.87 -30.84
1808 20.63 -24.01
1809 12 -7.64
1810 21.95 -15.58
1811 17.71 -17.85
1812 13.51 -35.08
1813 23.12 -26.02
1814 7.17 -37.56
1815 11.38 -14.54
1816 13.55 -22.85
1817 6.45 -0.13
1818 8.01 -15.37
1819 29.41 -1.52
1820 25.88 -24.13
1821 32.3 -22.19
1822 14.03 -15.16
1823 6.69 -11.17
1824 25.33 -34.66
1825 11.25 -25.21
1826 4.07 -8.28
1827 4.37 -35.48
1828 29.02 -17.58
1829 22.66 -34.01
1830 16.07 -3.71
1831 26.57 -34.05
1832 34.18 -29.62
1833 12.51 -33.02
1834 2.06 -9.71
1835 1.36 -9.44
1836 31.63 -27.94
1837 10.63 -33.66
1838 12.35 -6.67
1839 8.85 -17.32
1840 10.06 -37.68
1841 13.49 -26.62
1842 23.11 -14.13
1843 38.23 -24.38
1844 19.39 -19.65
1845 23.37 -21.9
1846 23.47 -2.98
1847 32.6 -10.94
1848 4.96 -25.17
1849 34.89 -12.63
1850 22.07 -13.54
1851 9 -3.77
1852 37.44 -14.7
1853 21.37 -19.63
1854 4.48 -17.31
1855 22.52 -30.23
1856 17.85 -14.54
1857 35.19 -36.01
1858 21.39 -8.48
1859 28.14 -34.42
1860 17.32 -8.3
1861 11.28 -19.03
1862 29.97 -1.79
1863 33.49 -11.4
1864 24.03 -2.45
1865 15.99 -29.38
1866 33.15 -7.1
1867 21.8 -24.99
1868 12.15 -38.11
1869 22.95 -10.7
1870 8.45 -23.15
1871 37.69 -6.47
1872 3.48 -32.82
1873 8.83 -33.88
1874 35.82 -31.39
1875 0.69 -4.49
1876 23.52 -20.67
1877 28.98 -18.49
1878 29.89 -14.49
1879 16.94 -23.47
1880 13.85 -21.44
1881 28.54 -0.45
1882 31.96 -14.53
1883 20.16 -17.86
1884 35.08 -11.63
1885 34.78 -4.11
1886 10.58 -4.53
1887 4.88 -0.99
1888 2.39 -20.58
1889 12.97 -13.71
1890 18.2 -38.22
1891 19.89 -13.66
1892 32.15 -9.24
1893 23.73 -9.87
1894 0.87 -29.56
1895 12 -8.19
1896 8.64 -21.24
1897 35.77 -8.06
1898 32.45 -8.12
1899 19.76 -23.46
1900 27.57 -28.53
1901 0.59 -15.54
1902 23.06 -5.68
1903 26.26 -5.47
1904 25.7 -25.45
1905 24.67 -0.24
1906 20.42 -11.42
1907 20.66 -12.08
1908 28.48 -20.1
1909 17.18 -11.91
1910 20.1 -29.35
1911 11.59 -29.19
1912 4.77 -35.26
1913 10.9 -14.89
1914 38.35 -37.22
1915 26.76 -30.66
1916 13.73 -33.44
1917 0.12 -27.35
1918 0.34 -36.79
1919 23.24 -32.91
1920 33.15 -32.56
1921 4.98 -15.44
1922 27.52 -21.09
1923 2.19 -32.16
1924 11.59 -17
1925 7.35 -19.38
1926 16.09 -31.69
1927 34.47 -18.95
1928 1.36 -20.86
1929 19.09 -6.37
1930 4.56 -0.71
1931 1.67 -13.37
1932 8.24 -18.29
1933 22.6 -1.8
1934 2.23 -8.58
1935 2.14 -13.36
1936 28.8 -35.38
1937 23.99 -13.64
1938 13.32 -17.33
1939 34.33 -32.71
1940 19.61 -24.91
1941 24.12 -2.69
1942 28.16 -35.7
1943 24.08 -19.59
1944 32.48 -29.52
1945 36.75 -10.69
1946 24.06 -37.04
1947 22.85 -38.42
1948 7.74 -38.82
1949 8.4 -12.97
1950 26.34 -9.97
1951 12.87 -17.06
1952 37.22 -16.14
1953 33.47 -36.87
1954 37.1 -11.54
1955 3.97 -35.33
1956 5.54 -17.71
1957 20.93 -28.09
1958 15.2 -33.7
1959 30.74 -6.01
1960 23.23 -8.69
1961 13.25 -35.01
1962 34.43 -14.81
1963 14.64 -3.63
1964 16.6 -9.7
1965 26.19 -29.56
1966 14.15 -3.94
1967 20.09 -0.07
1968 4.46 -12.37
1969 30.44 -21.08
1970 17.41 -2.56
1971 26.79 -34.41
1972 30.03 -22.95
1973 24.17 -8.72
1974 21.25 -6.23
1975 14.92 -22.43
1976 18.44 -5.48
1977 20.3 -34.7
1978 38.33 -20.4
1979 30.1 -34.94
1980 32.02 -15.93
1981 19.88 -17.29
1982 23.88 -7.17
1983 19.55 -7.49
1984 35.09 -34.86
1985 4.94 -17.51
1986 19.44 -13.51
1987 3.98 -31.73
1988 1.45 -10.47
1989 16.71 -28.16
1990 18.11 -22.71
1991 28.19 -38.15
1992 33.85 -36.56
1993 24.48 -16.01
1994 18.47 -33.18
1995 10.12 -22.1
1996 6.91 -11.5
1997 18.67 -36.52
1998 11.53 -30.8
1999 26.66 -5.74
2000 23.25 -7.62
2001 27.65 -31.61
2002 30.86 -10.22
2003 20.69 -31.64
2004 27.32 -32.32
2005 22.55 -37.4
2006 36.56 -6.43
2007 10.51 -18.26
2008 34.28 -37.93
2009 32.12 -34.99
2010 18.09 -13.75
2011 31.77 -9.76
2012 7.28 -25.01
2013 23.33 -11.45
2014 23.71 -25.33
2015 32.95 -17.51
2016 16.64 -7.97
2017 18.19 -28.13
2018 20.77 -8.51
2019 8.35 -6.4
2020 4.81 -15.61
2021 28.56 -37.42
2022 16.68 -8.89
2023 7.82 -0.08
2024 2.59 -18.48
2025 38.76 -7.46
2026 17.22 -27.21
2027 19.74 -31.53
2028 10.5 -31.02
2029 23.87 -4.07
2030 28.1 -34.22
2031 9.71 -17.83
2032 6.96 -5.75
2033 20.78 -34.42
2034 1.82 -34.25
2035 17.38 -29.13
2036 34.07 -13.15
2037 28.56 -6.94
2038 7.02 -18.27
2039 36.76 -36.39
2040 11.37 -16.14
2041 4.35 -4.04
2042 3.09 -28.6
2043 27.14 -24.09
2044 34.68 -13.6
2045 8.82 -12.02
2046 36.37 -23.78
2047 36.05 -25.05
2048 20.47 -10.85
2049 12.62 -17.83
2050 14.48 -22.29
2051 2.97 -30
2052 36.94 -9.55
2053 34.35 -31.53
2054 35.44 -11.49
2055 27.63 -32.11
2056 36.15 -7.82
2057 3.94 -38.5
2058 30.11 -6.76
2059 20.36 -31.08
2060 10.62 -25.79
2061 17.09 -35.7
2062 21.75 -14.51
2063 25.36 -20.67
2064 38.5 -9.74
2065 38.56 -37.98
2066 28.98 -20.51
2067 36.58 -2.53
2068 34.06 -33.45
2069 5.94 -31.93
2070 31.56 -30.51
2071 38.33 -1.09
2072 0.59 -35.23
2073 3 -9.79
2074 8.39 -30.7
2075 24.01 -23.36
2076 26.59 -19.02
2077 33.53 -8.62
2078 29.29 -9.34
2079 19.09 -26.42
2080 25.4 -35.32
2081 16.83 -18.65
2082 27.7 -21.91
2083 22.88 -20.93
2084 13.87 -22.76
2085 20.79 -28.82
2086 29.91 -12.95
2087 9.19 -26.64
2088 36.43 -37.02
2089 28.72 -12.19
2090 3.07 -5.83
2091 31.37 -20.25
2092 28.87 -29.66
2093 6.53 -32.42
2094 19.84 -19.17
2095 22.01 -32.14
2096 18.31 -12.77
2097 2.2 -38.84
2098 27.29 -7.01
2099 29.77 -25.08
2100 14.9 -8.68
2101 21.64 -18.09
2102 5.73 -12.33
2103 10.35 -30.83
2104 10.54 -3.17
2105 15.52 -6.59
2106 26.84 -20.13
2107 17.32 -7.89
2108 7.83 -23.23
2109 9.92 -23.85
2110 16.99 -27.68
2111 1.45 -31.93
2112 38.29 -2.82
2113 9.83 -3.65
2114 28.73 -26.59
2115 35.27 -7.12
2116 25.21 -11.15
2117 30 -17.91
2118 16.26 -30.95
2119 1.64 -7.87
2120 14.46 -33.32
2121 14.46 -23.68
2122 38.09 -8.82
2123 38.57 -31.78
2124 23.15 -6.92
2125 34.6 -9.5
2126 8.95 -7.66
2127 10.48 -3.57
2128 7.22 -8.25
2129 2.36 -20.31
2130 33.95 -3.47
2131 21.14 -37.63
2132 23.07 -20.17
2133 18.64 -12.14
2134 20.01 -6.85
2135 1.18 -26.8
2136 11.48 -1.99
2137 17.33 -22.16
2138 21.46 -10.57
2139 17.49 -16.91
2140 32.93 -5.61
2141 13.27 -19.62
2142 23.19 -2.88
2143 11.13 -30.27
2144 18.1 -36.94
2145 7.93 -13.49
2146 18.65 -13.05
2147 33.22 -29.08
2148 8.74 -9.24
2149 16.09 -19.38
2150 13.7 -28.76
2151 37.27 -23.79
2152 13.47 -25.18
2153 3.27 -15.61
2154 0.04 -34.93
2155 8.06 -27.29
2156 7.91 -32.97
2157 35.85 -27.85
2158 19.12 -37.62
2159 3.08 -14.51
2160 34.52 -37.22
2161 11.28 -11.02
2162 7.62 -20.69
2163 29.93 -12.02
2164 37.93 -16.36
2165 12.64 -13.55
2166 37.34 -12.63
2167 5.34 -10.92
2168 33.05 -11.82
2169 14.27 -8.61
2170 3.42 -33.09
2171 27.06 -22.34
2172 17.71 -11.33
2173 16.48 -30.43
2174 12.46 -36.84
2175 2.58 -19.56
2176 37.1 -7.99
2177 35.2 -20.38
2178 38.93 -5.72
2179 28.61 -26.14
2180 0.69 -37.86
2181 18.01 -2.25
2182 19.69 -5.55
2183 17.37 -23.35
2184 38.49 -13.74
2185 7.83 -38.17
2186 28.03 -2.91
2187 20.77 -2.41
2188 0.37 -6.74
2189 4.58 -4.77
2190 30.85 -12.83
2191 27.34 -13.69
2192 34.07 -28.96
2193 2.2 -23.55
2194 10.69 -1.52
2195 6.9 -30.81
2196 0.59 -17.9
2197 23.45 -24.92
2198 15.79 -20.28
2199 34.03 -8.35
2200 7.52 -21.8
2201 24.72 -9.38
2202 11.8 -35.55
2203 3.29 -13.01
2204 17.78 -12.17
2205 31.52 -14.4
2206 28.09 -9.63
2207 6.11 -19.87
2208 4.42 -29.68
2209 31.21 -8.32
2210 6.65 -21.63
2211 0.53 -38.11
2212 30.55 -7.24
2213 27.53 -30.5
2214 38.85 -7.35
2215 29.15 -29.08
2216 38.46 -7.37
2217 10.44 -21.39
2218 34.4 -11.26
2219 29.95 -20.26
2220 34.66 -13.18
2221 29.34 -22.48
2222 3.35 -30.27
2223 27.47 -2.97
2224 11.29 -14.29
2225 3.44 -19.68
2226 25.32 -24.47
2227 38.23 -3.97
2228 34.47 -16.87
2229 30.74 -26.76
2230 16.84 -1.85
2231 9.22 -20.9
2232 9.81 -16.31
2233 34.09 -26.19
2234 7.45 -5.22
2235 24.92 -31.57
2236 15.05 -9.63
2237 0.9 -21.78
2238 24.76 -24.92
2239 6.73 -28.37
2240 15.58 -3.57
2241 28.04 -10.17
2242 20.66 -1.9
2243 18.77 -33.8
2244 21.56 -22.65
2245 24.5 -10.52
2246 37.94 -5.93
2247 28.76 -1.25
2248 27.44 -8.75
2249 20.49 -30.37
2250 22.94 -2.41
2251 12.04 -12.94
2252 34.72 -37.99
2253 30.43 -12.94
2254 8.83 -20.48
2255 30.58 -37.16
2256 14.85 -24.41
2257 32.83 -19.62
2258 14.42 -35.51
2259 19.17 -12.61
2260 29.65 -3.51
2261 15.96 -4.67
2262 12.44 -35.11
2263 11.38 -12.24
2264 3.61 -0.88
2265 3.29 -31.88
2266 12.34 -26.56
2267 32.07 -21.85
2268 34.79 -8.06
2269 35.07 -23.51
2270 28.19 -11.15
2271 3.08 -26.65
2272 13.79 -4.05
2273 0.56 -35.92
2274 16.05 -34.74
2275 5.77 -26.25
2276 37.45 -13.22
2277 9.33 -21.73
2278 33.97 -10.89
2279 18.3 -27.23
2280 26.63 -5.1
2281 38.18 -21.59
2282 4.45 -38.97
2283 8.04 -31.26
2284 22.29 -6.76
2285 24.43 -4.11
2286 37.28 -18
2287 22.05 -27.52
2288 24.44 -12.07
2289 7.81 -29.14
2290 22.91 -1.49
2291 14.71 -13.58
2292 2.83 -21.36
2293 32.26 -30.56
2294 18.79 -4.32
2295 9.43 -11.56
2296 0.67 -6.43
2297 6.4 -8.61
2298 7.39 -11.64
2299 24.93 -20.96
2300 31.59 -29.68
2301 8.69 -10.36
2302 37.88 -29.87
2303 9.47 -37.26
2304 33.92 -23.32
2305 31.33 -17.28
2306 37.39 -17.84
2307 0.2 -13.56
2308 5.12 -7.74
2309 12.07 -38.98
2310 18.06 -23.92
2311 36.87 -28.02
2312 4.15 -25.26
2313 36.9 -4.27
2314 25.24 -11.55
2315 8.75 -22.83
2316 0.72 -24.35
2317 15.23 -23.96
2318 22.23 -38.6
2319 29.45 -24.7
2320 9.5 -23.67
2321 2.51 -21.78
2322 35.35 -14.41
2323 22.16 -9.24
2324 15.74 -1.47
2325 31.91 -1.75
2326 36.29 -33.81
2327 20.07 -29.78
2328 1.58 -1.44
2329 19.51 -24.49
2330 14.85 -33.34
2331 18.69 -28.27
2332 13.23 -15.57
2333 15.17 -1.44
2334 26.14 -2.98
2335 26.66 -5.62
2336 33.93 -3.17
2337 17.58 -35.69
2338 12.45 -30.28
2339 38.27 -7.26
2340 15.53 -28.2
2341 23.01 -37.71
2342 35.01 -12.82
2343 20.79 -10.6
2344 35.09 -36.59
2345 37.45 -1.3
2346 36.09 -10.94
2347 33.03 -23.67
2348 25.11 -16.85
2349 19.83 -9.21
2350 21.35 -18.78
2351 28.47 -14.01
2352 17.23 -16.28
2353 14.08 -7.05
2354 20.84 -29.68
2355 18.88 -13.36
2356 12.07 -3.89
2357 16.72 -9.41
2358 26.53 -8.08
2359 12.2 -5.03
2360 12.85 -29.15
2361 7.61 -17.17
2362 8.36 -9.95
2363 26.8 -1.65
2364 10.86 -1
2365 19.78 -14.15
2366 28.17 -38.73
2367 16.02 -15.77
2368 29.34 -12.92
2369 3.6 -30.1
2370 10.98 -11.18
2371 15.08 -29.01
2372 5.94 -29.57
2373 5.18 -38.32
2374 10.87 -32.48
2375 22.63 -17.38
2376 2.07 -23.72
2377 33.67 -30.24
2378 31.89 -10.44
2379 11.44 -21.47
2380 35.63 -10.27
2381 16.53 -37.74
2382 14.51 -31.32
2383 5.24 -32.55
2384 30.17 -11.37
2385 22.56 -15.36
2386 5.37 -8.68
2387 38.25 -5.16
2388 11 -11.32
2389 4.8 -4.43
2390 28.33 -21.87
2391 6.59 -33.95
2392 25.19 -30.41
2393 8.37 -1.27
2394 29.26 -24.61
2395 2.4 -26.33
2396 31.59 -32.41
2397 24.73 -18.93
2398 19 -13.62
2399 24.99 -29.97
2400 12.86 -16.7
2401 25.38 -15.07
2402 20.23 -18.23
2403 29.55 -24.63
2404 35.59 -31.23
2405 20.62 -1.87
2406 35.82 -24.92
2407 22.85 -27.22
2408 35.01 -28.54
2409 20.67 -31.22
2410 25.07 -25.27
2411 18.69 -23.07
2412 9.53 -17.66
2413 31.28 -10.94
2414 8.44 -35.05
2415 12.75 -23.8
2416 38.87 -21.3
2417 0.53 -5.65
2418 36.81 -26.63
2419 25.38 -36.61
2420 38.48 -33.4
2421 19.32 -7.01
2422 34.23 -2.83
2423 37.89 -3.18
2424 1.92 -30.24
2425 23.03 -19.56
2426 10.15 -27
2427 12.18 -2.72
2428 13.67 -26.2
2429 22.26 -10.99
2430 34.79 -22.11
2431 4.41 -2.53
2432 8.19 -2.18
2433 28.81 -11.46
2434 9.07 -6
2435 0.4 -15.2
2436 22.21 -15.08
2437 24.43 -26.24
2438 29.42 -23.96
2439 15.2 -23.32
2440 10.4 -31.35
2441 25.87 -5.75
2442 15 -20.55
2443 7.76 -38.05
2444 16.56 -35.19
2445 18.3 -36.54
2446 0.07 -12.35
2447 14.54 -29.23
2448 8.21 -8.26
2449 20.78 -10.87
2450 26.07 -23.81
2451 38.89 -27.7
2452 14.95 -15.8
2453 0.76 -30.84
2454 21.68 -5.37
2455 4.24 -22.48
2456 28.24 -32.08
2457 13.63 -36.63
2458 35.69 -10.76
2459 6.95 -27.91
2460 25.45 -19.77
2461 32.13 -31.77
2462 22 -25.53
2463 1.31 -14.19
2464 31.58 -36.73
2465 21.54 -28.62
2466 17.32 -18.66
2467 1.98 -27.95
2468 19.79 -32.27
2469 37.65 -2.75
2470 31.75 -2.47
2471 2.07 -9.41
2472 7.05 -27.51
2473 38.27 -15.71
2474 11.14 -10.26
2475 30.03 -6.22
2476 37.99 -4.12
2477 36.17 -29.68
2478 11.39 -27.51
2479 25.25 -37.48
2480 33.62 -3.98
2481 22.64 -14.31
2482 9.79 -11.95
2483 5.22 -31.14
2484 1.41 -29.58
2485 38.58 -10.39
2486 19.81 -33.17
2487 28.2 -1.65
2488 23.88 -33.38
2489 11.16 -27.48
2490 1.22 -2.55
2491 6.67 -2.19
2492 38.4 -0.22
2493 34.25 -3.84
2494 8.84 -10.79
2495 14.77 -27.02
2496 8.86 -3.47
2497 15.42 -4.93
2498 36.08 -18.65
2499 15.75 -20.64
2500 37.56 -37.49
2501 38.18 -15.33
2502 23.51 -18.37
2503 19.27 -27.39
2504 22.39 -14.91
2505 17.46 -30.43
2506 0.14 -23.61
2507 30.35 -24.13
2508 27.97 -38.54
2509 16.86 -32.13
2510 20.15 -36.82
2511 1.29 -31.63
2512 4.09 -29.01
2513 8.66 -16.71
2514 4.87 -1.17
2515 6.18 -24.42
2516 7.27 -3.43
2517 28.32 -11.89
2518 0.28 -37.3
2519 13.22 -8.59
2520 6.54 -22.67
2521 13.8 -30.68
2522 15.82 -6.69
2523 12.75 -5.16
2524 37.29 -4.79
2525 9.13 -36.13
2526 28.77 -24.96
2527 21.5 -10.42
2528 33.65 -0.38
2529 8.07 -36.68
2530 22.1 -38.53
2531 2.96 -20.77
2532 32.66 -35.9
2533 34.2 -31.29
2534 7.4 -32.94
2535 23.13 -8.42
2536 0.11 -13.95
2537 27.16 -36.94
2538 9.62 -22.45
2539 33.76 -7.43
2540 4.57 -14.43
2541 0.39 -3.9
2542 14.32 -0.86
2543 1.24 -28.41
2544 26.1 -8.98
2545 8.51 -9.31
2546 30.08 -15.72
2547 12.62 -17.99
2548 10.28 -23.75
2549 24.21 -14.35
2550 29.29 -24.21
2551 38.16 -8.35
2552 12.81 -35.92
2553 19.37 -26.32
2554 33.75 -28.95
2555 4.38 -14.14
2556 18.04 -5.84
2557 6.7 -11.29
2558 0.71 -38.88
2559 8.86 -7.94
2560 23.77 -26.81
2561 3.53 -23.89
2562 2.89 -14.86
2563 6.13 -22.68
2564 37.03 -19.69
2565 4.9 -30.34
2566 6.21 -27.32
2567 24.25 -10.58
2568 4.42 -25.54
2569 15.49 -4.62
2570 25.28 -5.7
2571 11.54 -26.39
2572 37.69 -10.84
2573 10.73 -18.25
2574 26.19 -38.4
2575 32.73 -26.11
2576 11.01 -10.97
2577 32.35 -36.26
2578 26.46 -20.42
2579 7.63 -38.48
2580 36.34 -24.49
2581 19.34 -19.06
2582 36.16 -10.08
2583 35.62 -4.59
2584 15.73 -1.59
2585 13.81 -18.64
2586 6.03 -8.54
2587 19.38 -25.35
2588 4.6 -4.72
2589 10.64 -30.11
2590 17.23 -37.32
2591 15.81 -10.89
2592 14.68 -34.76
2593 22.7 -15.68
2594 21.68 -2.14
2595 26.64 -36.85
2596 23.43 -25.54
2597 35.62 -6.98
2598 18.09 -20.6
2599 22.19 -38.77
2600 18.41 -1.34
2601 9.88 -3.52
2602 28.87 -30.96
2603 3.21 -29.27
2604 26.9 -1
2605 5.84 -13.85
2606 31.27 -11.65
2607 13.93 -21.65
2608 4.85 -6.95
2609 9.09 -36.63
2610 2.01 -26.53
2611 13.07 -3.25
2612 16.75 -25.44
2613 7.04 -16.22
2614 15.99 -34.84
2615 36.19 -35.75
2616 0.27 -1.92
2617 32.88 -7.07
2618 3.86 -35.67
2619 36.67 -36.09
2620 17.47 -30.77
2621 3.42 -3.51
2622 31.68 -9.74
2623 16.69 -23.88
2624 21.51 -36.53
2625 30.58 -32.3
2626 35.56 -23.52
2627 9.97 -11.17
2628 27.39 -13.31
2629 15.68 -23.53
2630 20.29 -10.9
2631 12.82 -12.87
2632 26.46 -27.08
2633 23.75 -6.71
2634 10.32 -36.85
2635 28.62 -21.42
2636 31.45 -27.79
2637 5.05 -38.56
2638 23.44 -30.65
2639 34.7 -28.26
2640 21.57 -12.48
2641 3.52 -26.28
2642 4.98 -24.65
2643 5.48 -20.01
2644 4.55 -32.37
2645 4.28 -21.16
2646 34.03 -31.36
2647 25.96 -17.1
2648 30.33 -28.02
2649 25.87 -10.72
2650 38.66 -1.66
2651 35.97 -22.01
2652 28.09 -31.12
2653 29.29 -2.03
2654 36.81 -19.06
2655 38.06 -25
2656 18.8 -19.38
2657 11.55 -2.58
2658 29.12 -23.78
2659 23.68 -17.04
2660 38.2 -33.67
2661 32.55 -27.96
2662 12.58 -0.76
2663 35.3 -19.51
2664 36.75 -10.44
2665 12.1 -28.69
2666 11.7 -36.42
2667 35.06 -15.59
2668 17.62 -7.31
2669 32.89 -25.35
2670 17.87 -15.44
2671 2.34 -31.95
2672 2.06 -36.68
2673 21.46 -20.42
2674 37.46 -31.18
2675 32.37 -6.14
2676 1.62 -4.18
2677 11.46 -25.92
2678 12.95 -20.73
2679 31.17 -7.76
2680 36.45 -10.71
2681 8.13 -4.27
2682 19.86 -15.67
2683 29.51 -10.71
2684 36.06 -5.01
2685 26.97 -23.4
2686 16.36 -21.46
2687 19.14 -35.83
2688 23.77 -24.94
2689 17.12 -8.12
2690 20.79 -28.75
2691 32.94 -10.49
2692 36.41 -22.41
2693 4.14 -11.92
2694 19.69 -16.88
2695 27.59 -35.31
2696 7.1 -23.66
2697 6.86 -3.24
2698 13.95 -33.49
2699 6.02 -36.37
2700 27.29 -17.54
2701 0 -0.51
2702 36.34 -11.17
2703 36.11 -25.66
2704 33.78 -21.12
2705 10.87 -14.23
2706 24.72 -15.57
2707 5.51 -11.33
2708 23.26 -28.65
2709 6.54 -16.17
2710 19.01 -10.47
2711 1.65 -34.13
2712 4.9 -26.11
2713 27.12 -8.51
2714 12.4 -18.85
2715 3.91 -0.66
2716 1.17 -0.7
2717 11.87 -10.43
2718 36.09 -5.04
2719 32.68 -8.99
2720 29.74 -30.88
2721 13.97 -11.07
2722 22.41 -15.47
2723 5.12 -19.48
2724 35.66 -13.19
2725 30.18 -18.18
2726 13.32 -15.67
2727 9.3 -31.83
2728 1.35 -18.22
2729 4.59 -3.95
2730 4.61 -13.75
2731 20.97 -8.51
2732 18.94 -12.31
2733 17.35 -32.85
2734 9.36 -22.56
2735 14.44 -11.03
2736 28.62 -0.1
2737 22.09 -34.93
2738 21.94 -12.03
2739 31.74 -33.74
2740 12.92 -18.6
2741 1.79 -22.92
2742 15.76 -32.76
2743 11.98 -17.61
2744 28.08 -23.63
2745 4.9 -23.1
2746 38.13 -0.22
2747 12.53 -25.88
2748 26.25 -24.59
2749 8.15 -36.4
2750 14.95 -3.13
2751 9.75 -29.11
2752 25.05 -4.57
2753 23.13 -31.85
2754 26.59 -7.99
2755 33.11 -15.87
2756 6.32 -7.03
2757 0.8 -2.42
2758 26.55 -28.6
2759 13.23 -19.3
2760 3.4 -22.16
2761 22.38 -24.65
2762 11.53 -2.53
2763 27.13 -2.43
2764 38.83 -5.3
2765 14.95 -2.8
2766 31.92 -14.78
2767 25.87 -24.71
2768 17.56 -24.49
2769 0 -10
2770 32.4 -11.67
2771 18.7 -0.63
2772 3.05 -38.72
2773 34.84 -26.02
2774 6.33 -36.12
2775 19.28 -9.07
2776 1.24 -9.73
2777 18.79 -9.18
2778 11.61 -12.78
2779 24.6 -13.44
2780 16.24 -17.96
2781 0.26 -0.56
2782 31.79 -15.68
2783 7.69 -26.14
2784 36.14 -16.87
2785 28.54 -7.69
2786 8.32 -36.06
2787 3.3 -14.76
2788 1.79 -17.89
2789 21.54 -38.14
2790 14.73 -14.64
2791 24.37 -1.82
2792 17.53 -15.98
2793 -35.28 -10.68
2794 -30.64 -29.14
2795 -14.63 -27.4
2796 -27.96 -7.89
2797 -30.09 -14.89
2798 -2.03 -20.75
2799 -37.62 -37.79
2800 -13 -5.7
2801 -9.28 -33.68
2802 -15.97 -27.85
2803 -6.74 -12.59
2804 -11.73 -24.28
2805 -38.92 -28.28
2806 -36.63 -32.99
2807 -9.97 -30.81
2808 -2.5 -15.16
2809 -11.82 -12.77
2810 -1.17 -33.14
2811 -8.55 -26.45
2812 -2.35 -35.66
2813 -23.93 -6.17
2814 -11.48 -10.9
2815 -23.12 -29.08
2816 -30.28 -24.48
2817 -13.33 -32.41
2818 -6 -7.25
2819 -31.53 -26.6
2820 -22.4 -24.25
2821 -24.76 -31.45
2822 -23.27 -20.03
2823 -2.71 -2.25
2824 -15.02 -32.29
2825 -26.43 -14.54
2826 -8.51 -22.72
2827 -19.38 -2.51
2828 -8.68 -10.86
2829 -28.29 -4.31
2830 -0.91 -20.16
2831 -12.16 -12.41
2832 -5.82 -31.2
2833 -38.45 -25.5
2834 -19.62 -18.34
2835 -10.12 -37.51
2836 -36.48 -3.02
2837 -23.06 -34.88
2838 -37.14 -27.27
2839 -20.56 -25.77
2840 -7.83 -13.16
2841 -3.4 -14.52
2842 -23.55 -16.35
2843 -33.73 -22.78
2844 -33.62 -32.23
2845 -19.91 -23.02
2846 -2.96 -34.53
2847 -26.73 -32.07
2848 -25.09 -15.3
2849 -33.65 -32.71
2850 -31.22 -5.71
2851 -8.74 -11.29
2852 -7.17 -28.7
2853 -16.98 -38.32
2854 -25.09 -11.83
2855 -31.52 -5.06
2856 -26.1 -0.45
2857 -16.8 -34.92
2858 -18.71 -10.65
2859 -10.4 -18.05
2860 -2.08 -19.85
2861 -15.38 -30.31
2862 -29.91 -5.04
2863 -20.34 -3.12
2864 -35.83 -16
2865 -21.72 -21.51
2866 -0.32 -34.57
2867 -24.27 -36.98
2868 -36.3 -7.5
2869 -19.33 -8.77
2870 -20.36 -28.91
2871 -29.36 -18.37
2872 -14.3 -7.46
2873 -24.64 -13.68
2874 -31.74 -0.53
2875 -20.38 -35.04
2876 -26.36 -1.34
2877 -12.9 -35.76
2878 -6.4 -17.27
2879 -0.79 -0.76
2880 -28.8 -9.75
2881 -5.32 -29.03
2882 -27.01 -29.12
2883 -36.62 -36.12
2884 -12.41 -30.83
2885 -27.27 -23.48
2886 -2.85 -32.77
2887 -7.76 -24.15
2888 -37.84 -23.67
2889 -24.2 -32.4
2890 -28.44 -37.1
2891 -38.44 -5.58
2892 -8.87 -22.32
2893 -7.11 -18.86
2894 -19.62 -15.27
2895 -31.55 -7.91
2896 -4.46 -9.42
2897 -38.55 -36.87
2898 -1.51 -31.48
2899 -29.83 -3.69
2900 -33.69 -13.93
2901 -14.22 -18.1
2902 -3.26 -4.07
2903 -27.74 -28.5
2904 -21.9 -8.62
2905 -13.24 -12.95
2906 -25.05 -17.87
2907 -7.71 -19.2
2908 -38.06 -33.92
2909 -16.72 -14.83
2910 -29.26 -18.68
2911 -34.63 -9.27
2912 -13.66 -33.72
2913 -32.72 -34.18
2914 -37.87 -15.18
2915 -35.63 -23.56
2916 -9.18 -0.09
2917 -4.16 -17.37
2918 -6.88 -12.44
2919 -27.58 -31.9
2920 -12.37 -35.3
2921 -20.69 -1.82
2922 -21.02 -4.95
2923 -6.39 -28.41
2924 -10.76 -20.08
2925 -6.29 -23.11
2926 -38.9 -1.02
2927 -34.74 -1.92
2928 -3.62 -13.57
2929 -35.27 -28.47
2930 -19.55 -9.01
2931 -9.1 -38.42
2932 -23.31 -28.73
2933 -8.7 -13.26
2934 -6.17 -30.19
2935 -33.02 -36.28
2936 -38.11 -25.06
2937 -30.01 -21.23
2938 -17.16 -26.65
2939 -7.74 -3.93
2940 -33.56 -27.92
2941 -28.94 -20.55
2942 -22.47 -33.47
2943 -14.56 -31.21
2944 -27.2 -26.09
2945 -35.1 -17.35
2946 -16.77 -7.75
2947 -36.48 -5.21
2948 -24.99 -1.08
2949 -37.8 -6.18
2950 -9.99 -37.68
2951 -23.75 -38.34
2952 -20.57 -9.1
2953 -3.27 -21.28
2954 -25.21 -5.26
2955 -33.18 -17.53
2956 -38.08 -19.78
2957 -20.77 -29.65
2958 -21.86 -28.07
2959 -15.16 -35.33
2960 -13.68 -10.06
2961 -24.33 -17.79
2962 -29.52 -36.97
2963 -5.57 -21.81
2964 -34.52 -15.51
2965 -14.2 -10.89
2966 -10.23 -5.51
2967 -14.61 -5.47
2968 -26.75 -37.33
2969 -10.11 -24.4
2970 -2.94 -19.49
2971 -0.27 -4.29
2972 -1.46 -2.02
2973 -30.1 -21.04
2974 -23.89 -29.84
2975 -7.42 -12.78
2976 -37.09 -5.09
2977 -9.58 -31.75
2978 -14.57 -27.61
2979 -4.13 -15.15
2980 -26.05 -10.09
2981 -15.6 -24.85
2982 -30.32 -3.8
2983 -8.65 -36.73
2984 -28.65 -24.59
2985 -5.08 -18.76
2986 -29.58 -31.59
2987 -1.14 -5.35
2988 -32.91 -31.04
2989 -28.41 -37.76
2990 -11.54 -17.8
2991 -29.41 -35.83
2992 -28.59 -9.64
2993 -4.77 -38.99
2994 -15.15 -10.68
2995 -27.29 -15.42
2996 -1.27 -8.72
2997 -19.04 -10.41
2998 -14.66 -38.11
2999 -23.71 -34.22
3000 -20.5 -4.31
3001 -35.91 -28.79
3002 -1.67 -11.08
3003 -9.65 -4.57
3004 -3.33 -2.1
3005 -26.43 -38.06
3006 -2.41 -21.39
3007 -31.03 -16.84
3008 -16.84 -31
3009 -2.68 -3.33
3010 -18.75 -38.51
3011 -14.75 -29.97
3012 -1.38 -20.03
3013 -25.66 -1.31
3014 -35.53 -16.04
3015 -20.36 -10.37
3016 -0.17 -17.04
3017 -34.64 -23.79
3018 -28.36 -8.36
3019 -10.46 -11.81
3020 -17.39 -38.21
3021 -20.6 -36.89
3022 -14.74 -19.81
3023 -18.33 -19.16
3024 -22.49 -38.1
3025 -37.61 -21.02
3026 -18.51 -2.24
3027 -28.79 -19.88
3028 -21.19 -26.42
3029 -9.98 -15.46
3030 -32.35 -17.73
3031 -2.29 -36.86
3032 -21.65 -0.04
3033 -8.4 -4.45
3034 -22.79 -17.53
3035 -16.74 -25.39
3036 -23.28 -7.7
3037 -27.51 -4.87
3038 -24.03 -5.54
3039 -4.64 -13.37
3040 -1.91 -7.52
3041 -16.28 -9.77
3042 -36.17 -20.42
3043 -14.36 -12.6
3044 -28.06 -18.37
3045 -3.62 -24.35
3046 -22.21 -27.93
3047 -27.98 -12.43
3048 -16.88 -11.39
3049 -35.44 -36.38
3050 -29.29 -7.19
3051 -14.9 -19.71
3052 -24.58 -13.58
3053 -25.64 -9.93
3054 -23.3 -16.13
3055 -23.65 -36.81
3056 -14.1 -25.21
3057 -13.16 -7.45
3058 -20.05 -11.28
3059 -29.65 -34.04
3060 -19.39 -15.63
3061 -4.57 -0.79
3062 -13.22 -9.13
3063 -27.04 -0.07
3064 -3.97 -30.1
3065 -4.82 -30
3066 -10.71 -33.27
3067 -7.85 -19.72
3068 -36.17 -2.81
3069 -18.94 -1.01
3070 -37.82 -20.48
3071 -13.21 -10.11
3072 -24.09 -12.93
3073 -24.21 -32.89
3074 -27.94 -5.14
3075 -27.3 -21.38
3076 -22.17 -14.85
3077 -30.5 -38.39
3078 -38.46 -35.39
3079 -33.01 -18.54
3080 -16.07 -3.43
3081 -36.7 -5.35
3082 -25.07 -33.3
3083 -36.12 -12.07
3084 -19.61 -22.25
3085 -10.25 -22.58
3086 -0.22 -18.43
3087 -37.88 -23.46
3088 -23.88 -24.31
3089 -35.97 -29.61
3090 -11.99 -12.82
3091 -27.67 -30.79
3092 -30.18 -1.68
3093 -4.59 -19.18
3094 -5.24 -36.16
3095 -7.12 -5.13
3096 -10.48 -21.31
3097 -15.62 -11.34
3098 -29.94 -3.08
3099 -31.85 -19.26
3100 -2.84 -10.55
3101 -35.5 -3.1
3102 -33.08 -9.58
3103 -1.41 -34.39
3104 -25 -17.96
3105 -37.3 -37.39
3106 -35.7 -4.52
3107 -12.72 -32.5
3108 -12.68 -26.89
3109 -30.57 -17.32
3110 -28.97 -24.44
3111 -13.28 -37.69
3112 -10.04 -6.97
3113 -10.05 -28.9
3114 -15.68 -0.98
3115 -18.05 -2.9
3116 -12.52 -25.04
3117 -34.63 -14.55
3118 -9.94 -13.13
3119 -37.61 -36.04
3120 -1.95 -2.47
3121 -13.51 -35.92
3122 -29.42 -37.66
3123 -32.07 -26.23
3124 -11.07 -9.62
3125 -34.06 -23.64
3126 -22.34 -1.04
3127 -14.54 -8.34
3128 -4.76 -38.9
3129 -7.4 -24.59
3130 -34.02 -20.44
3131 -6.49 -25.45
3132 -1 -14.06
3133 -27.19 -8.64
3134 -5.68 -17.47
3135 -19.94 -25.81
3136 -22.73 -7.64
3137 -12.82 -33.45
3138 -27.2 -19.67
3139 -29.29 -5.89
3140 -29.53 -38.28
3141 -6.84 -30.87
3142 -0.22 -19.39
3143 -19.29 -21.38
3144 -13.5 -4.98
3145 -31.95 -26.69
3146 -13.14 -15.04
3147 -29.1 -5.96
3148 -14.6 -20.67
3149 -38.14 -23.82
3150 -10.63 -20.28
3151 -34.44 -25.6
3152 -26.57 -0.88
3153 -20.55 -8.26
3154 -20.67 -14.77
3155 -20.57 -17.36
3156 -9.23 -11.21
3157 -37.12 -33.94
3158 -22.84 -15.97
3159 -20.96 -23.94
3160 -11.63 -36.34
3161 -18.9 -20.43
3162 -26.39 -31.3
3163 -19.49 -9.01
3164 -32.83 -1.99
3165 -28.79 -18.63
3166 -11.75 -10.98
3167 -11.86 -30.76
3168 -0.02 -38.32
3169 -20.61 -38.93
3170 -23.81 -27.22
3171 -5.95 -2.19
3172 -3.65 -33.04
3173 -10.02 -4.07
3174 -28.01 -26.49
3175 -30.36 -37.5
3176 -25.45 -7.17
3177 -5.99 -10.26
3178 -19.27 -12.84
3179 -21.35 -25.48
3180 -11.63 -19.62
3181 -30.6 -11.14
3182 -2.9 -23.38
3183 -22.7 -9.98
3184 -16.43 -9.45
3185 -36.67 -10.83
3186 -13.02 -1.24
3187 -1.81 -3.62
3188 -14.21 -23.19
3189 -10.69 -18.35
3190 -16.85 -3.23
3191 -16.92 -2.05
3192 -18.83 -3.3
3193 -22.66 -22.91
3194 -15.91 -5.63
3195 -25.25 -5.01
3196 -22.67 -27.54
3197 -18.44 -23.38
3198 -33.36 -25.58
3199 -2.55 -8.66
3200 -19.49 -17.32
3201 -25.08 -6.74
3202 -10.36 -0.04
3203 -23.23 -26.89
3204 -6.24 -31.09
3205 -1.84 -33.92
3206 -3.49 -29.61
3207 -0.43 -18.76
3208 -2.67 -22.33
3209 -27.96 -29.61
3210 -34.62 -18.58
3211 -13.64 -20.73
3212 -5.11 -24.82
3213 -17.92 -32.08
3214 -1.74 -38.48
3215 -23.32 -20.47
3216 -27.21 -21.24
3217 -21.28 -9.4
3218 -36.3 -5.09
3219 -3.7 -5.51
3220 -6.96 -10.06
3221 -7.2 -5.55
3222 -24.31 -10.45
3223 -0.3 -7.63
3224 -4.77 -33.51
3225 -19.61 -34.78
3226 -16.52 -6.91
3227 -31.73 -33.26
3228 -32.86 -21.63
3229 -27.63 -10.65
3230 -37.64 -34.61
3231 -23.37 -11.95
3232 -21.36 -25.85
3233 -37.46 -12.17
3234 -17.68 -25.18
3235 -2.76 -2.17
3236 -7.72 -31.16
3237 -9.14 -9.96
3238 -24.12 -38.55
3239 -33.06 -9.44
3240 -5.23 -28.89
3241 -35.8 -13.68
3242 -14.46 -21.75
3243 -4.38 -35.06
3244 -6.71 -8.32
3245 -10.45 -32.02
3246 -11.49 -5.36
3247 -37.73 -33.82
3248 -6.99 -32.85
3249 -25.55 -3.72
3250 -5.89 -31.2
3251 -23.36 -28.32
3252 -38.28 -20.13
3253 -19.68 -32.5
3254 -9.47 -29.92
3255 -19.81 -20.27
3256 -1.47 -14.7
3257 -3.97 -23.14
3258 -19.2 -15.93
3259 -30.77 -14.87
3260 -14.41 -32.43
3261 -37.79 -2.23
3262 -3.57 -25.91
3263 -19.76 -4.05
3264 -7.77 -10.57
3265 -9.29 -12.84
3266 -2.16 -13.66
3267 -1.31 -0.17
3268 -0.2 -7.96
3269 -37.89 -20.99
3270 -8.78 -9.67
3271 -30.89 -25.22
3272 -9.36 -10.25
3273 -26.18 -2.38
3274 -17.25 -35.08
3275 -28.52 -24.48
3276 -26.71 -31.67
3277 -18.58 -33.83
3278 -37.88 -30.28
3279 -8.37 -5.86
3280 -18.7 -6.65
3281 -26.83 -24.18
3282 -24.36 -27.38
3283 -35.35 -28.14
3284 -16.66 -31.08
3285 -8.27 -34.24
3286 -20.46 -25.44
3287 -3.22 -6.68
3288 -9.06 -36.35
3289 -32.43 -35.92
3290 -21.4 -26.31
3291 -25.5 -28.47
3292 -23.31 -15.63
3293 -6.92 -11.6
3294 -23.99 -22.19
3295 -35.37 -21.81
3296 -13.52 -3.69
3297 -37.6 -23.2
3298 -18.87 -37.88
3299 -36.48 -33.95
3300 -29.19 -3.05
3301 -35.01 -5.75
3302 -12.43 -17.17
3303 -14.52 -38.23
3304 -35.16 -28.01
3305 -21.84 -14.48
3306 -3.95 -24.08
3307 -0.72 -8.35
3308 -26.47 -27.26
3309 -16.98 -14.16
3310 -35.97 -11.46
3311 -21.68 -19.87
3312 -10.59 -10.49
3313 -15.89 -20.28
3314 -15.23 -29.46
3315 -32.51 -19.89
3316 -25.64 -11.94
3317 -29.11 -35.05
3318 -34.28 -5.59
3319 -1.12 -4.64
3320 -19.12 -36.96
3321 -22.05 -22.97
3322 -37.84 -29.59
3323 -24.38 -22.77
3324 -36.93 -25.31
3325 -36.78 -8.88
3326 -28.75 -33.9
3327 -11.92 -25.98
3328 -7.26 -0.34
3329 -36.33 -34.33
3330 -15.23 -29.01
3331 -1.95 -36.36
3332 -32.41 -8.39
3333 -20.51 -31.06
3334 -3.22 -27.7
3335 -32.18 -21.63
3336 -12.12 -28.86
3337 -19.46 -15.23
3338 -38 -10.96
3339 -3.8 -4.84
3340 -13.72 -35.93
3341 -37.36 -8.1
3342 -34.08 -9.99
3343 -10.33 -16.8
3344 -12.13 -8.86
3345 -37.87 -14.18
3346 -11.55 -33.88
3347 -3.28 -7.34
3348 -5.92 -11.48
3349 -6.7 -30.31
3350 -19.46 -15.67
3351 -5.53 -38.89
3352 -15.12 -31.59
3353 -3.55 -31.51
3354 -36.35 -14.13
3355 -17.58 -13.87
3356 -21.97 -17.59
3357 -27.58 -15.94
3358 -32.74 -17.05
3359 -32.43 -5.44
3360 -26.14 -12.4
3361 -7.28 -37.82
3362 -6.16 -37.69
3363 -16.7 -17.08
3364 -8.39 -18.61
3365 -34.28 -23.4
3366 -23.29 -27.86
3367 -20.45 -7.33
3368 -38.85 -5.94
3369 -20.07 -30.52
3370 -5.4 -3.72
3371 -21.32 -5.17
3372 -21.12 -33.89
3373 -18.47 -16.42
3374 -28.38 -21.38
3375 -33.78 -11.9
3376 -10.73 -15.53
3377 -20.74 -2.07
3378 -19.15 -23.41
3379 -9.54 -37.44
3380 -28.37 -27.55
3381 -22.93 -4.82
3382 -18.68 -19.18
3383 -25.12 -4.38
3384 -2.42 -18.53
3385 -22.25 -12.71
3386 -17.89 -14.34
3387 -9.24 -11.09
3388 -34.04 -0.01
3389 -27.91 -27.71
3390 -7.13 -23.42
3391 -6.47 -22.7
3392 -24.77 -24.38
3393 -8.8 -33.74
3394 -38.7 -11.44
3395 -38.99 -24.86
3396 -36.21 -28.07
3397 -8.26 -22.92
3398 -33.82 -15.89
3399 -34.42 -33.38
3400 -7.1 -3.77
3401 -18.11 -17.67
3402 -35.29 -31.51
3403 -38.04 -27.35
3404 -22.58 -30.33
3405 -21.27 -26.95
3406 -10.65 -29.72
3407 -15.1 -34.27
3408 -29.01 -35.42
3409 -7.87 -30.42
3410 -16.29 -28.71
3411 -24.31 -14.38
3412 -4.83 -20.02
3413 -35.91 -32.57
3414 -33.47 -6.17
3415 -9.94 -31.33
3416 -16.52 -8.09
3417 -0.6 -28.06
3418 -22.93 -12.81
3419 -10.66 -38.64
3420 -26.6 -13.04
3421 -3.76 -31.94
3422 -33.73 -4.77
3423 -7.72 -25.38
3424 -16.81 -23.74
3425 -19.97 -22.11
3426 -36.49 -0.62
3427 -20.64 -5.28
3428 -5.37 -8.84
3429 -15.02 -17.55
3430 -16.4 -6.37
3431 -14.46 -31.48
3432 -27.06 -0.44
3433 -19.78 -21.59
3434 -27.75 -11
3435 -30.56 -30.44
3436 -29.9 -15.35
3437 -26.65 -34.32
3438 -27.22 -24.63
3439 -9.37 -34.37
3440 -17.48 -11.55
3441 -12.17 -35.87
3442 -8.67 -14.97
3443 -30.34 -0.33
3444 -24.4 -14.05
3445 -26.94 -12.88
3446 -5.36 -8.32
3447 -8.77 -2.4
3448 -30.51 -32.43
3449 -10.95 -28.55
3450 -26.51 -19.27
3451 -2.14 -2.51
3452 -4.35 -17.42
3453 -3.05 -28.79
3454 -24.16 -31.57
3455 -4.13 -18.95
3456 -22.34 -2.64
3457 -24.14 -22.82
3458 -29.68 -31.01
3459 -12.58 -22
3460 -34.88 -15.08
3461 -29.93 -0.52
3462 -2.93 -1.24
3463 -33.67 -38.7
3464 -34.77 -33.44
3465 -20.23 -12.14
3466 -14.65 -22.28
3467 -7.22 -22.38
3468 -12.17 -19
3469 -18.1 -10.28
3470 -35.75 -3.86
3471 -13.02 -28.75
3472 -12.57 -19.09
3473 -11.1 -4.68
3474 -26.68 -9.77
3475 -31.38 -23.69
3476 -24.21 -22.56
3477 -30.33 -22.31
3478 -28.53 -33.66
3479 -34.63 -31.52
3480 -4.67 -24.3
3481 -14.1 -22.38
3482 -5.76 -25.84
3483 -12.37 -21.33
3484 -38.13 -24.46
3485 -34.84 -30.47
3486 -20.22 -34.88
3487 -21.49 -8.86
3488 -13.55 -0.31
3489 -10.09 -32.59
3490 -23.8 -7.75
3491 -36.84 -8.99
3492 -31.3 -15.54
3493 -16.72 -28.17
3494 -20.69 -20.83
3495 -12.65 -18.87
3496 -2.26 -31.88
3497 -18.73 -26.75
3498 -15.6 -8.02
3499 -0 -31.1
3500 -22.57 -14.73
3501 -10.61 -34.84
3502 -4.71 -10.31
3503 -17.14 -32.1
3504 -32.22 -24.78
3505 -32.53 -33.75
3506 -3.74 -23.54
3507 -6.6 -30.37
3508 -26.06 -35.04
3509 -23.39 -23.33
3510 -3.2 -14.28
3511 -7.16 -3.56
3512 -36.84 -11.98
3513 -20.01 -25.89
3514 -17.99 -13.44
3515 -34.7 -26.53
3516 -22.38 -8.08
3517 -24.91 -12.83
3518 -5.94 -33.61
3519 -19.39 -3.06
3520 -36.81 -5.68
3521 -35.74 -19.44
3522 -17.34 -1.56
3523 -4.12 -3.35
3524 -26.68 -10.92
3525 -25.2 -34.04
3526 -37.6 -36.4
3527 -9.39 -32.37
3528 -25.78 -2.96
3529 -22.93 -35.92
3530 -23.45 -11.3
3531 -25.9 -18.63
3532 -31.46 -13.35
3533 -7.96 -11.82
3534 -21.4 -4.92
3535 -10.6 -33.87
3536 -20.84 -19.21
3537 -27.29 -7.35
3538 -17.22 -5.7
3539 -16.62 -37.94
3540 -0.5 -4.9
3541 -8.82 -2.83
3542 -2.72 -5.62
3543 -8.59 -18.21
3544 -21.65 -28.5
3545 -7.32 -31.52
3546 -11.15 -6.11
3547 -25.98 -33.23
3548 -6.05 -3.61
3549 -8.54 -1.47
3550 -2.86 -27.45
3551 -14.18 -25.66
3552 -0.53 -23.7
3553 -35.92 -9
3554 -7.94 -17.75
3555 -29.17 -13.55
3556 -22.9 -14.96
3557 -20.58 -38
3558 -23.73 -32.14
3559 -28.16 -29.17
3560 -28.21 -6.39
3561 -19.02 -35.49
3562 -29.72 -0.36
3563 -10.5 -6
3564 -13.99 -3.29
3565 -30.74 -25.56
3566 -18.74 -16.86
3567 -8.08 -12.44
3568 -21.44 -19.28
3569 -4.55 -5.01
3570 -25.08 -35.9
3571 -18.38 -1.25
3572 -6.77 -8.98
3573 -8.64 -38.97
3574 -29.14 -30.5
3575 -4.41 -36.8
3576 -33.29 -24.88
3577 -25.24 -23.43
3578 -35.96 -30.53
3579 -33.82 -3.26
3580 -28.82 -10.95
3581 -34.33 -32.08
3582 -5.53 -8.57
3583 -34.37 -3.42
3584 -8.43 -33.49
3585 -36.92 -6.44
3586 -7.69 -1.03
3587 -10.01 -16.3
3588 -22.79 -20.98
3589 -12.49 -25.17
3590 -22.97 -19.46
3591 -5.34 -16.9
3592 -7.86 -17.27
3593 -15.32 -30.58
3594 -33.85 -11.34
3595 -22.29 -10.15
3596 -3.23 -30.19
3597 -6.28 -17.63
3598 -27.57 -15.28
3599 -16.3 -1.65
3600 -14.62 -3.52
3601 -4.55 -14.22
3602 -37.04 -22.31
3603 -10.82 -21.08
3604 -7.25 -20.84
3605 -7.82 -23.31
3606 -7.73 -30.22
3607 -15.01 -13.16
3608 -4.74 -22.11
3609 -33.45 -30.34
3610 -1.49 -6.11
3611 -3.83 -16.75
3612 -1.9 -11.24
3613 -26.53 -10.11
3614 -11.77 -35.99
3615 -0.51 -10.35
3616 -31.09 -26.39
3617 -16.22 -5.06
3618 -26.14 -29.13
3619 -17.49 -27.04
3620 -17.87 -33.39
3621 -24.61 -25.31
3622 -38.47 -32.13
3623 -15.24 -7.15
3624 -5.01 -10.74
3625 -23.37 -9.7
3626 -32.97 -6.5
3627 -24.26 -27.2
3628 -4.84 -2.39
3629 -38.38 -18.31
3630 -28.66 -23.13
3631 -10.52 -38.89
3632 -4.95 -20.75
3633 -17.41 -33.26
3634 -27.83 -37.61
3635 -32 -2.42
3636 -34.26 -13.22
3637 -12.87 -24.13
3638 -37.8 -1.25
3639 -18.51 -28.12
3640 -5.34 -3.81
3641 -16.83 -2.89
3642 -36.61 -5.83
3643 -14.74 -2.1
3644 -20.41 -8.97
3645 -32.1 -20.64
3646 -27.05 -16.6
3647 -4.87 -10.14
3648 -4.41 -38.52
3649 -37.13 -22.28
3650 -24.71 -38.76
3651 -19.5 -30.13
3652 -21.78 -26.49
3653 -27.74 -32.38
3654 -28.02 -20.59
3655 -24.4 -7.26
3656 -16.67 -0.88
3657 -13.23 -2.24
3658 -10.86 -20.8
3659 -29.78 -27.97
3660 -9.61 -37.79
3661 -15.39 -22.88
3662 -33.03 -36.66
3663 -3.7 -20.27
3664 -10.07 -4.96
3665 -11.24 -1.83
3666 -38.48 -34.78
3667 -22.27 -30.74
3668 -30.64 -21.26
3669 -2.85 -17.54
3670 -24.8 -19.66
3671 -20.54 -33.78
3672 -36.02 -2.47
3673 -23.27 -1.29
3674 -29.26 -7.88
3675 -6.67 -14.05
3676 -4.46 -6.39
3677 -10.57 -28.59
3678 -9.86 -37.49
3679 -3.45 -14.27
3680 -16.1 -19.93
3681 -22.24 -14.69
3682 -12.95 -15.58
3683 -4.37 -12.03
3684 -29.57 -4.6
3685 -24.26 -7.22
3686 -2 -21.89
3687 -30.88 -12.33
3688 -13.62 -5.54
3689 -19.94 -21.68
3690 -35.73 -10.41
3691 -16.8 -33.14
3692 -22.73 -7.71
3693 -6.2 -33.9
3694 -9.17 -0.11
3695 -20.04 -16.17
3696 -37.38 -31.8
3697 -14.9 -9.8
3698 -28.36 -11.34
3699 -15.94 -19.27
3700 -33.02 -25.45
3701 -8.35 -7.72
3702 -26.57 -2.54
3703 -14.61 -6.75
3704 -28.43 -7.72
3705 -24.65 -34.55
3706 -28.69 -31.69
3707 -0.4 -8.97
3708 -3.87 -12.42
3709 -12.53 -6.61
3710 -29.3 -19.57
3711 -12.37 -0.1
3712 -16.42 -27.69
3713 -6.55 -33.79
3714 -20.59 -5.78
3715 -37.76 -22.49
3716 -36.73 -14.61
3717 -23.67 -7.11
3718 -13.86 -30.83
3719 -6.07 -38.28
3720 -1.36 -3.3
3721 -34.99 -30.72
3722 -0.69 -30.05
3723 -10 -2.91
3724 -9.52 -4.57
3725 -24.14 -29.05
3726 -35.67 -6.35
3727 -34.04 -4.03
3728 -5.34 -13.1
3729 -25.4 -1.59
3730 -30.6 -25.93
3731 -8.06 -24.16
3732 -37.79 -34.85
3733 -33.2 -31.74
3734 -37.54 -19.18
3735 -29 -0.27
3736 -30.99 -38.9
3737 -36.48 -31.51
3738 -34.42 -31.69
3739 -3.78 -14
3740 -4.05 -11.47
3741 -17.82 -34.44
3742 -5.99 -7.25
3743 -26.87 -12.86
3744 -20.97 -11.33
3745 -4.79 -13.27
3746 -4.96 -19.09
3747 -14.94 -12.85
3748 -12.11 -10.27
3749 -29.45 -9.15
3750 -15.94 -17.18
3751 -23.6 -19.45
3752 -11.96 -7.94
3753 -7.15 -21.08
3754 -35.08 -13.91
3755 -25.38 -10.93
3756 -12.89 -6.66
3757 -20.43 -4.2
3758 -23.58 -18.88
3759 -36.73 -8.3
3760 -28.09 -12.07
3761 -31.16 -2.52
3762 -21.9 -33.05
3763 -10.85 -13.62
3764 -29.29 -34.01
3765 -18.71 -1.3
3766 -27.28 -6.24
3767 -14.18 -3.32
3768 -30.92 -6.76
3769 -20.67 -27.85
3770 -38.78 -33.53
3771 -1.19 -13.57
3772 -24.29 -19.19
3773 -38.07 -21.62
3774 -36.44 -8.87
3775 -20.94 -35.8
3776 -5.85 -25.53
3777 -26.11 -19.62
3778 -33.25 -27.75
3779 -29.28 -36.96
3780 -5.78 -23.54
3781 -29.78 -9
3782 -12.32 -0.58
3783 -13.87 -11.48
3784 -0.33 -4.24
3785 -37.77 -34.54
3786 -15.64 -6.63
3787 -25.82 -6.48
3788 -34.62 -0.93
3789 -16.33 -31.41
3790 -34.74 -38.58
3791 -25.12 -37.27
3792 -24.42 -1.59
3793 -35.86 -18.75
3794 -16.71 -18.67
3795 -9.73 -26.14
3796 -2.66 -29.01
3797 -29.6 -7.04
3798 -18.52 -14.98
3799 -25.75 -4.47
3800 -6.53 -25.38
3801 -38.53 -31.04
3802 -5.05 -28.69
3803 -29.63 -31.88
3804 -30.81 -7.19
3805 -6.78 -6.96
3806 -11.75 -26.55
3807 -34.66 -31.9
3808 -18.17 -36.17
3809 -22.36 -38.04
3810 -25.19 -2.4
3811 -31.41 -38.62
3812 -6.66 -34.37
3813 -10.36 -28.53
3814 -0.52 -31.7
3815 -18.08 -3.63
3816 -2.19 -13.58
3817 -3.27 -24.14
3818 -17.02 -7.24
3819 -14.44 -0.42
3820 -13.9 -8.83
3821 -2.91 -27.74
3822 -20.64 -25.66
3823 -29.35 -37.57
3824 -36.62 -6.33
3825 -8.73 -19.24
3826 -18.86 -29.33
3827 -24.7 -1.14
3828 -36.2 -32.04
3829 -24.74 -2.58
3830 -12.73 -36.72
3831 -17.82 -10.35
3832 -34.49 -14.93
3833 -28.69 -21.1
3834 -28.04 -19.03
3835 -27.86 -10.65
3836 -38.39 -2.95
3837 -35.13 -37.29
3838 -3.39 -26.55
3839 -32.88 -25.48
3840 -12.24 -7.53
3841 -36.86 -2.61
3842 -3.76 -31.1
3843 -30.66 -29.08
3844 -38.19 -7.48
3845 -5.2 -16.41
3846 -33.28 -11.92
3847 -33.37 -29.55
3848 -11.65 -28.77
3849 -15.32 -23.07
3850 -33.72 -7.21
3851 -10.16 -10.7
3852 -9 -0.64
3853 -27.19 -6.29
3854 -38.3 -12.39
3855 -19.92 -21.08
3856 -23.69 -11.54
3857 -10.17 -24.3
3858 -20.9 -33.97
3859 -2.45 -1.83
3860 -24.76 -20.09
3861 -38.54 -7.66
3862 -37.21 -19.04
3863 -15.33 -0.43
3864 -30.02 -16.38
3865 -23.59 -30.65
3866 -2.36 -31.27
3867 -31.91 -1.28
3868 -7.57 -17.88
3869 -30.27 -20.1
3870 -2.18 -13.39
3871 -24.94 -17.71
3872 -9.53 -25.88
3873 -20.85 -35.11
3874 -4.46 -30.43
3875 -18.05 -29.83
3876 -37.49 -29.23
3877 -9.27 -24.11
3878 -24.54 -3.22
3879 -26.12 -24.61
3880 -16.26 -22.09
3881 -14.36 -17.23
3882 -18.51 -25.14
3883 -4.02 -7.27
3884 -33.89 -32.61
3885 -7 -1.81
3886 -19.52 -3.6
3887 -36 -38.46
3888 -2.09 -29.05
3889 -27.01 -17.85
3890 -8.68 -6.56
3891 -35.79 -6.06
3892 -36.69 -13.69
3893 -23.43 -12.58
3894 -37.19 -22.23
3895 -5.32 -17.07
3896 -1.83 -20.98
3897 -13.64 -26.2
3898 -0.99 -20.34
3899 -20.47 -24.19
3900 -26 -34.89
3901 -38.49 -34
3902 -0.98 -13.05
3903 -9.62 -35.49
3904 -20.86 -3.08
3905 -9.64 -4.15
3906 -10.21 -36.07
3907 -17.28 -12.95
3908 -25.53 -7.9
3909 -36.66 -8.24
3910 -25.31 -30.25
3911 -18.75 -9.5
3912 -35.71 -27.14
3913 -15.01 -38.91
3914 -24.1 -36.7
3915 -0.11 -3
3916 -4.52 -17.63
3917 -30.68 -6.12
3918 -9.13 -5.51
3919 -8.59 -7.82
3920 -11.98 -30
3921 -33.59 -24.75
3922 -37.7 -28.71
3923 -4.14 -18.39
3924 -26.63 -30.75
3925 -22 -1.8
3926 -17.82 -19.47
3927 -14.13 -8.27
3928 -8.19 -21.05
3929 -18.76 -35.66
3930 -38.67 -32.29
3931 -17.44 -25.39
3932 -31.52 -4.19
3933 -16.22 -9.12
3934 -23.47 -1.65
3935 -38.17 -24.81
3936 -17.08 -35.45
3937 -31.68 -0.28
3938 -18.68 -15.78
3939 -7.54 -35.82
3940 -5.14 -12.83
3941 -32.3 -36.06
3942 -11.86 -29.49
3943 -11.54 -7.44
3944 -4.1 -20.05
3945 -19.86 -36.82
3946 -23.22 -10.29
3947 -21.01 -4.83
3948 -13.95 -22.26
3949 -30.43 -37.23
3950 -29.57 -4.94
3951 -7.91 -36.13
3952 -36.41 -7.65
3953 -29.96 -0.6
3954 -3.94 -22.61
3955 -35.45 -5.02
3956 -8.6 -15.61
3957 -6.1 -35.27
3958 -10.23 -20.46
3959 -8.03 -17.64
3960 -15.47 -14.34
3961 -31.15 -34.42
3962 -0.25 -38.69
3963 -28.47 -13.16
3964 -17.92 -20.72
3965 -25.67 -19.9
3966 -17.03 -15.01
3967 -22.66 -33.58
3968 -1.7 -20.97
3969 -4.58 -13.62
3970 -25.16 -5.65
3971 -27.78 -7.55
3972 -3.83 -33.77
3973 -15.23 -33.88
3974 -12.52 -14.06
3975 -34.92 -23.27
3976 -18.69 -27.99
3977 -34.2 -27.08
3978 -7.76 -18.94
3979 -7.18 -23.67
3980 -11.1 -25.68
3981 -1.69 -32.85
3982 -33.96 -34.65
3983 -16.62 -30.88
3984 -12.02 -35.66
3985 -8.83 -27.73
3986 -35.28 -37.19
3987 -31.96 -36.61
3988 -31.49 -0.11
3989 -20.7 -8.19
3990 -37.98 -11.54
3991 -0.53 -16.62
3992 -4.7 -24.19
3993 -10.65 -2.26
3994 -32.45 -18.99
3995 -12.19 -17.84
3996 -11.69 -4.55
3997 -0.21 -20.41
3998 -12.29 -13.17
3999 -9.84 -23.35
4000 -12.08 -24.31
4001 -29.02 -25.19
4002 -22.81 -8.37
4003 -15 -21.98
4004 -36.7 -21.82
4005 -33.36 -35.7
4006 -13.33 -35.68
4007 -20.88 -1.42
4008 -10.2 -24.55
4009 -11.06 -31.53
4010 -16.89 -3.65
4011 -14.73 -23.26
4012 -4.67 -35.11
4013 -9.28 -21.46
4014 -5.81 -16.96
4015 -8.79 -19.12
4016 -11.84 -17.9
4017 -26.27 -37.82
4018 -27.32 -2.17
4019 -23.99 -8.79
4020 -5.5 -25.02
4021 -21.71 -24.88
4022 -32.82 -25.35
4023 -17.42 -10.11
4024 -9.16 -10.54
4025 -14.19 -28.49
4026 -12.75 -26.06
4027 -22.17 -35.44
4028 -17.9 -23.94
4029 -8.42 -31.45
4030 -18.1 -23.72
4031 -9.14 -17.21
4032 -22.55 -36.46
4033 -38.63 -2.93
4034 -11.72 -10.88
4035 -3.42 -30.14
4036 -16.02 -17.22
4037 -10.09 -25.13
4038 -2.76 -16.36
4039 -26.9 -27.52
4040 -23.53 -11.93
4041 -5.51 -8.62
4042 -11.58 -36.28
4043 -27.74 -34.2
4044 -33.17 -29.49
4045 -20.73 -36.16
4046 -20.89 -18.79
4047 -16.25 -29.87
4048 -32.8 -4.45
4049 -21.85 -15.88
4050 -7.03 -5.52
4051 -29.27 -25.27
4052 -17.93 -29.57
4053 -13.46 -0.36
4054 -34.4 -27.21
4055 -6.66 -1.36
4056 -16.5 -18.93
4057 -22.73 -12.17
4058 -13.89 -28.09
4059 -25.1 -11.47
4060 -8.63 -8.07
4061 -26.86 -6.83
4062 -4.22 -36.05
4063 -1.5 -10.64
4064 -33.04 -37.02
4065 -10.06 -29.87
4066 -22.66 -1.07
4067 -37.17 -6.85
4068 -7.22 -8.11
4069 -35.33 -11.63
4070 -19.51 -9.14
4071 -28.08 -2.99
4072 -21.69 -3.54
4073 -31.63 -18.33
4074 -29.81 -35.58
4075 -11.17 -24.25
4076 -31.08 -5.96
4077 -3.01 -5.56
4078 -16.2 -2.82
4079 -0.84 -11.03
4080 -1.9 -10.24
4081 -17.84 -17.42
4082 -24.28 -31.09
4083 -0.2 -22.53
4084 -34.16 -38.02
4085 -8.16 -3.05
4086 -12.57 -21.19
4087 -24.73 -3.76
4088 -22.1 -34.26
4089 -37.36 -23.88
4090 -9.13 -12.91
4091 -18.87 -9.54
4092 -21.62 -7.73
4093 -10.55 -28.41
4094 -0.44 -5.34
4095 -15.58 -17.91
4096 -2.86 -8.87
4097 -7.48 -0.94
4098 -23.47 -27.14
4099 -26.16 -7.68
4100 -17.26 -25.15
4101 -7.35 -1.84
4102 -5.61 -29.83
4103 -31.61 -32.08
4104 -23.49 -27.71
4105 -8.14 -29.97
4106 -7.03 -32.62
4107 -1.36 -33.53
4108 -22.94 -28.65
4109 -33.99 -18.43
4110 -3.87 -29.91
4111 -38.78 -17.1
4112 -18.04 -6.73
4113 -33.87 -7.26
4114 -21.46 -9.04
4115 -34.19 -27.55
4116 -35.91 -6.24
4117 -36.07 -2.54
4118 -2.15 -2.52
4119 -36.75 -28.68
4120 -19.66 -25.64
4121 -25.78 -12.41
4122 -6.95 -33.21
4123 -22.87 -33.66
4124 -13.1 -36.41
4125 -33.84 -24.38
4126 -2.48 -16.97
4127 -30.22 -1.14
4128 -8.4 -27.05
4129 -36.09 -25.09
4130 -20.16 -36.39
4131 -3.63 -37.8
4132 -1.35 -17.07
4133 -26.12 -7.23
4134 -35.91 -10.02
4135 -3.18 -30.39
4136 -3.81 -23.09
4137 -17.31 -28.96
4138 -23.63 -17.28
4139 -14.69 -7.7
4140 -32.08 -4.25
4141 -27.74 -16.06
4142 -17.2 -2.09
4143 -29.14 -18.96
4144 -5.05 -32.13
4145 -29.52 -32.75
4146 -31.55 -31.73
4147 -16.32 -0.67
4148 -14.42 -0.42
4149 -16.96 -3.44
4150 -33.84 -17.86
4151 -1.95 -20.14
4152 -16.63 -37.65
4153 -15.93 -25.78
4154 -1 -1.26
4155 -12.03 -37.14
4156 -14.2 -0.61
4157 -9.22 -0.77
4158 -19.73 -37.93
4159 -31.06 -38.36
4160 -38.63 -31.3
4161 -24.03 -28.1
4162 -28.77 -37.7
4163 -38.13 -1.35
4164 -11.32 -10.72
4165 -28.58 -16.09
4166 -3.76 -6.16
4167 -11.33 -37.05
4168 -30.36 -20.39
4169 -28.17 -33.78
4170 -38.44 -31.36
4171 -38.49 -1.2
4172 -8.49 -20.17
4173 -19.1 -8.71
4174 -14.59 -28.22
4175 -20.52 -11.16
4176 -0.26 -14.22
4177 -12.93 -12.07
4178 -19.94 -35.55
4179 -7.27 -18.58
4180 -2.19 -31.26
4181 -37.42 -35.85
4182 -33.91 -5.95
4183 -26.34 -16.27
4184 -11.05 -25.27
4185 -24.15 -22.03
4186 -29.75 -10.5
4187 -30.67 -23.65
4188 -32.36 -38.24
4189 -27.46 10.77
4190 -21.93 14.48
4191 -35.22 15.5
4192 -27.57 28.71
4193 -25.26 15.67
4194 -34.25 8.52
4195 -7.3 32.54
4196 -35.91 36.45
4197 -3.4 5.73
4198 -22 30.82
4199 -23.61 36.27
4200 -25.82 0.58
4201 -11.08 8.77
4202 -38.94 16.58
4203 -15.82 2.75
4204 -20.04 38.82
4205 -14.3 10.81
4206 -26.31 9.49
4207 -38.2 10.53
4208 -26.2 21.41
4209 -29.93 24.46
4210 -24.52 27.98
4211 -25.43 37.23
4212 -10.48 21.44
4213 -19.78 35.35
4214 -0.14 0.01
4215 -0.59 4.4
4216 -19.69 25.97
4217 -3.55 18.19
4218 -27.46 19.63
4219 -19.45 25.89
4220 -36.7 15.02
4221 -24.51 33.76
4222 -11.81 30.54
4223 -12.95 23.71
4224 -15.69 5.53
4225 -33.51 10.4
4226 -15.15 7.74
4227 -35.7 19.94
4228 -22.82 25.64
4229 -32.17 16.48
4230 -27.4 22.96
4231 -9.93 0.28
4232 -24.99 8.09
4233 -27.72 20
4234 -6.9 13.45
4235 -28.47 8.18
4236 -9.46 11.12
4237 -2.66 20.5
4238 -11.73 21.27
4239 -26.8 22.13
4240 -32.53 33.94
4241 -2.68 27.84
4242 -8.78 8.69
4243 -1.85 38.38
4244 -22.39 31.6
4245 -22.09 1.54
4246 -1.82 10.79
4247 -18.89 32.02
4248 -19.55 26.81
4249 -7.78 7.61
4250 -22.31 32.97
4251 -5.09 3.77
4252 -24.27 31.77
4253 -20.56 14.28
4254 -36.41 36
4255 -30.94 14.89
4256 -3.73 29.95
4257 -6.16 1.15
4258 -7.05 19.03
4259 -11.64 8.01
4260 -9.55 29.44
4261 -1.24 1.25
4262 -33.27 17.89
4263 -12.22 20.13
4264 -34.26 20.34
4265 -14.31 26.52
4266 -30.29 17.58
4267 -16.87 25.93
4268 -1.21 22.08
4269 -25.6 37.44
4270 -13.33 5.14
4271 -2.61 24.06
4272 -25.21 23.58
4273 -3.61 8.77
4274 -23.3 32.27
4275 -29.23 21.77
4276 -23.02 0.37
4277 -18.26 30.47
4278 -18.12 17.3
4279 -5.16 37
4280 -24.52 19.91
4281 -37.49 19.48
4282 -6.41 22.33
4283 -5.41 15.36
4284 -20.32 14.14
4285 -19.28 37.53
4286 -22.6 1.17
4287 -24.75 21.9
4288 -37.19 15.33
4289 -15.12 28.37
4290 -11.14 21.5
4291 -21.87 5.36
4292 -3.35 34.17
4293 -18.99 7.66
4294 -5.66 21.48
4295 -2.39 24.15
4296 -11.15 36.71
4297 -20.04 7.4
4298 -29.28 17.56
4299 -31.7 31.98
4300 -37.03 10.61
4301 -18.3 11.99
4302 -1.41 20.63
4303 -3.49 4.06
4304 -38.95 38.6
4305 -27.62 18.61
4306 -23.97 11.09
4307 -12.78 17.02
4308 -31.2 27.33
4309 -16.33 38.29
4310 -29.97 4.38
4311 -2.09 25.24
4312 -0.16 2.12
4313 -19.69 28.66
4314 -28.16 29.44
4315 -7.57 18.91
4316 -37.42 26.19
4317 -14.35 25.88
4318 -29.94 38.83
4319 -5.96 17.84
4320 -36.45 29.89
4321 -8.5 1.1
4322 -18.12 27.95
4323 -22.8 21.29
4324 -27.1 10.32
4325 -14.71 0.13
4326 -31.89 18.07
4327 -20.2 23.32
4328 -19.5 32.05
4329 -22.49 0.89
4330 -19.8 8.66
4331 -2.38 30.07
4332 -23.47 18.23
4333 -24.58 16.73
4334 -34.57 14.41
4335 -11.82 30.54
4336 -38.17 38.54
4337 -27.49 20.32
4338 -9.13 17.29
4339 -34.14 11.29
4340 -17.94 36.24
4341 -15.31 16.37
4342 -0.69 17.35
4343 -10.4 35.51
4344 -3.92 20.2
4345 -35.38 0.42
4346 -37.01 30.25
4347 -9.48 37.76
4348 -15.49 21.48
4349 -3.41 1.58
4350 -38.65 17.58
4351 -17.13 15.23
4352 -3.07 37.82
4353 -16.11 12.14
4354 -29.96 12.21
4355 -9.45 17.77
4356 -34.14 15.42
4357 -0.3 31.28
4358 -34.32 2.36
4359 -29.08 10.7
4360 -17.64 38.24
4361 -29.49 25.46
4362 -30.75 22.17
4363 -11.17 6.49
4364 -8.08 13.76
4365 -37.87 14.58
4366 -36.33 7.73
4367 -6.55 22.52
4368 -34.66 0.41
4369 -19.14 29.18
4370 -14.48 32.14
4371 -15.09 35.11
4372 -27.39 9.62
4373 -18.5 15.39
4374 -32.61 29.23
4375 -28.48 8.58
4376 -1.57 11.26
4377 -0.95 25.49
4378 -31.99 38.84
4379 -13.6 12.13
4380 -33.23 1.07
4381 -15.32 12.47
4382 -2.51 30.57
4383 -37.5 28.39
4384 -18.57 37.18
4385 -36.84 24.16
4386 -20.27 33.05
4387 -10.2 12.93
4388 -28.32 15.18
4389 -5.42 28.7
4390 -4.81 21.94
4391 -0.72 1.42
4392 -26.91 6.38
4393 -6.22 1.67
4394 -20.32 26.42
4395 -34.01 26.34
4396 -6.34 14.56
4397 -12.65 10.33
4398 -38.72 8.85
4399 -13.55 17.67
4400 -2.83 24.82
4401 -25.39 11.4
4402 -30.85 29.62
4403 -12.32 35.59
4404 -31.82 20.18
4405 -9.64 24.26
4406 -25.68 36.63
4407 -10.53 10.36
4408 -18.55 20.12
4409 -7.54 16.75
4410 -10.61 38.88
4411 -20.96 2.56
4412 -19.41 16.95
4413 -32.33 33.61
4414 -12.28 19.14
4415 -11.48 6.88
4416 -24.8 21.63
4417 -18.77 36.87
4418 -0.99 16.66
4419 -4.36 31.09
4420 -16.36 32.81
4421 -30.44 20.52
4422 -37.4 9.56
4423 -36.2 1.97
4424 -25.24 16.95
4425 -23.35 11.27
4426 -13.83 3.37
4427 -26.85 5.31
4428 -38.92 0.76
4429 -26.42 20.18
4430 -33.58 18.72
4431 -1.35 37.9
4432 -3.3 19.39
4433 -3.57 20.12
4434 -18.74 4.29
4435 -37.1 14.45
4436 -34.97 35.1
4437 -12.18 35.06
4438 -37.03 33.37
4439 -11.32 9.39
4440 -20.66 29.79
4441 -33.16 34.68
4442 -0.99 2.01
4443 -2.77 21.01
4444 -8.71 7.44
4445 -26.16 35.72
4446 -34.62 3.3
4447 -29.21 34.04
4448 -21.68 37.92
4449 -3.21 0.3
4450 -14.75 1.42
4451 -4.04 7.83
4452 -3.89 10.72
4453 -11.61 22.75
4454 -32.14 8.44
4455 -5.75 29.45
4456 -31.65 20.32
4457 -28.85 6.44
4458 -27.45 0.17
4459 -7.61 31.62
4460 -34.86 36.17
4461 -6.99 1.29
4462 -2.85 30.49
4463 -35.93 36.2
4464 -36.5 24.54
4465 -32.48 6.67
4466 -21.02 18.77
4467 -29.49 4.05
4468 -26.8 24.92
4469 -0.88 8.62
4470 -38.07 19.94
4471 -7.78 13.16
4472 -19.6 30.73
4473 -30.9 36.63
4474 -35.77 8.05
4475 -11.74 38.51
4476 -7.32 31.64
4477 -29.65 25.25
4478 -22.45 10.18
4479 -2.24 33.1
4480 -0.77 26.47
4481 -6.24 34.72
4482 -38.77 28.32
4483 -20.76 3.25
4484 -18.39 26.57
4485 -14.03 21.64
4486 -34.8 17.47
4487 -9.2 21.81
4488 -19.44 15.4
4489 -29.98 7.62
4490 -13.65 16.22
4491 -8.86 9.24
4492 -34.5 20.97
4493 -31.15 6.03
4494 -0.13 24.47
4495 -18.47 33.39
4496 -35.64 7.43
4497 -35.75 31.23
4498 -2.01 35.41
4499 -29.51 17.51
4500 -0.15 20.4
4501 -37.87 4.54
4502 -32.88 2.48
4503 -24.4 14.59
4504 -22.21 13.32
4505 -36.06 21.9
4506 -31.15 35.86
4507 -17.84 12.44
4508 -18.47 33.17
4509 -18.64 16.51
4510 -17.43 18.61
4511 -32.56 37.11
4512 -35.87 14.07
4513 -17 29.31
4514 -7.82 37.88
4515 -19.28 7.51
4516 -18.58 14.49
4517 -16.97 18.16
4518 -32.75 12.46
4519 -32.3 8.9
4520 -30.8 15.97
4521 -19.35 29.37
4522 -2.81 22.95
4523 -23.64 37.19
4524 -21.23 27.81
4525 -13.94 3.29
4526 -7.92 38.66
4527 -13.73 7.5
4528 -36.81 4.79
4529 -3.67 37.25
4530 -5.77 5.63
4531 -26.64 22.96
4532 -8.64 24.35
4533 -4.33 4.62
4534 -20.04 8.91
4535 -24.88 36.63
4536 -27 11.84
4537 -2.32 5.24
4538 -9.95 36.34
4539 -25.15 25.96
4540 -35.77 31.18
4541 -37.36 6.61
4542 -14.11 4.7
4543 -16.01 12.09
4544 -10.35 18.44
4545 -30.59 26.21
4546 -16.69 22.64
4547 -14.51 18.23
4548 -29.37 25.33
4549 -34.24 18.84
4550 -16.47 10.41
4551 -28.78 26.65
4552 -38.41 4.48
4553 -8.34 31.1
4554 -24.58 15.88
4555 -14.59 33.49
4556 -7.62 21.36
4557 -32.58 12.95
4558 -31.57 21.73
4559 -1.17 9.59
4560 -35.8 9.44
4561 -32.08 38.28
4562 -17.51 20.01
4563 -6.34 7.59
4564 -32.95 7.89
4565 -24.82 8.11
4566 -2.28 10.42
4567 -21.42 14.6
4568 -6.7 8.21
4569 -24.09 29.76
4570 -30.77 31.29
4571 -20.17 38.68
4572 -12.64 38.39
4573 -27.64 13.75
4574 -23.34 5.21
4575 -21.17 35.33
4576 -34.61 26.67
4577 -7.68 14.25
4578 -28.36 13.13
4579 -27.54 20.55
4580 -35.18 28.83
4581 -0.25 19.88
4582 -34.49 37.46
4583 -6.67 28.2
4584 -25.48 8.71
4585 -7.52 37.28
4586 -36.97 23.78
4587 -29.69 27.69
4588 -2.44 17.13
4589 -28.86 18.34
4590 -14.67 32.31
4591 -26.5 11.03
4592 -31.8 16.81
4593 -36.46 1.7
4594 -22.25 27.68
4595 -17.51 25
4596 -12.4 24.95
4597 -29.93 17.76
4598 -13.48 7.89
4599 -23.13 36.6
4600 -2.41 38.97
4601 -23.75 30.65
4602 -25.87 0.38
4603 -24.03 14.44
4604 -0.3 34.83
4605 -34.66 13.89
4606 -24.92 21.5
4607 -38.31 22.16
4608 -23.87 24.24
4609 -12.92 35.77
4610 -28.29 13.64
4611 -6.12 30.43
4612 -15.71 1.69
4613 -16.11 36.05
4614 -33.66 29.2
4615 -35.69 0.24
4616 -37.41 36.07
4617 -3.97 26.96
4618 -8.92 30.8
4619 -26.64 28
4620 -9.41 9.23
4621 -30.73 22.3
4622 -11.99 34.33
4623 -26.09 36.56
4624 -33.33 3.38
4625 -23.54 0.01
4626 -36.96 29.14
4627 -37.35 29.66
4628 -26.72 13.67
4629 -10.39 14.46
4630 -21.22 27.9
4631 -24.97 7.08
4632 -1.56 26.16
4633 -17.96 35.46
4634 -30.98 10.49
4635 -26.24 12.12
4636 -1.95 1.39
4637 -35.72 24.49
4638 -22.05 13.94
4639 -23.84 29.33
4640 -29.34 22.9
4641 -13.04 8.38
4642 -38.05 27.3
4643 -8.49 17.91
4644 -32.38 32.29
4645 -21.19 18.89
4646 -32.49 21.12
4647 -8.28 13.68
4648 -10.14 34.06
4649 -12.07 26.25
4650 -5.89 2.12
4651 -3.51 5.83
4652 -30.32 7.84
4653 -21.78 6.75
4654 -36.08 19.89
4655 -3.79 13.14
4656 -21.53 32.94
4657 -27.76 23.35
4658 -2.26 27.1
4659 -20.39 36.25
4660 -16.14 34.64
4661 -23.29 2.58
4662 -16.26 16.16
4663 -17.74 31.57
4664 -25.34 32.92
4665 -35.04 29.81
4666 -3.16 31.24
4667 -6.6 6.07
4668 -12.82 33.48
4669 -14.37 34.91
4670 -9.05 16.42
4671 -10.36 18.16
4672 -9.03 30.58
4673 -25.2 38.12
4674 -2.89 11.29
4675 -13.46 6.59
4676 -15.69 19.04
4677 -2.72 36.75
4678 -35.84 31.95
4679 -25.87 20.46
4680 -17.79 28.71
4681 -27.47 28.43
4682 -34.5 20.95
4683 -21.95 34.07
4684 -29.98 14.84
4685 -31.26 36.32
4686 -22 0.04
4687 -37.14 9.14
4688 -14.78 31.03
4689 -9.84 29.87
4690 -36.46 17.68
4691 -4.24 23.3
4692 -27.57 13.16
4693 -12.63 6.96
4694 -33.94 24.42
4695 -20.65 6.03
4696 -34.46 12.73
4697 -1.2 9.12
4698 -4.19 36.49
4699 -12.33 23.15
4700 -26.99 1.7
4701 -8.26 4.6
4702 -13.74 9.99
4703 -8.54 6.4
4704 -36.27 35.05
4705 -13.73 24.9
4706 -9.21 1.26
4707 -20.94 17.97
4708 -31.45 4.3
4709 -35.24 1.09
4710 -7.12 26.39
4711 -0.12 16.89
4712 -26.01 2.59
4713 -0.08 7.84
4714 -30.99 36.73
4715 -5.95 18.93
4716 -23.53 18.98
4717 -35.49 14.21
4718 -27.13 4.8
4719 -0.85 11.55
4720 -36.45 24.41
4721 -32.19 14.58
4722 -0.07 13.18
4723 -17.49 14.13
4724 -15.22 31.52
4725 -18.91 20.25
4726 -37.15 28.87
4727 -37.98 25.55
4728 -33.39 30.68
4729 -34.93 5.58
4730 -24.51 31.9
4731 -11.88 1.88
4732 -16.09 9.05
4733 -20.37 14.89
4734 -32.96 4.23
4735 -35.16 27.74
4736 -3.32 30.41
4737 -11.12 34.87
4738 -10 9.91
4739 -8.95 35.13
4740 -16.38 31.74
4741 -21.61 27.86
4742 -20.93 21.05
4743 -19.26 27.11
4744 -32.69 21.84
4745 -14.74 15.19
4746 -23.6 18.21
4747 -33.78 33.14
4748 -15.55 0.69
4749 -11.44 15.15
4750 -3.89 9.51
4751 -7.44 14.12
4752 -9.99 13.73
4753 -23.64 18.56
4754 -14.69 26.51
4755 -25.78 32.59
4756 -27.97 37.6
4757 -19.65 14.91
4758 -3.03 16.42
4759 -38.26 38.91
4760 -21.63 35.72
4761 -14.93 14
4762 -14.66 6.23
4763 -6.92 9.71
4764 -24.86 30.21
4765 -0.72 24.89
4766 -0.01 35.27
4767 -10 8.16
4768 -33.25 16.53
4769 -4.04 1.16
4770 -1.27 8.94
4771 -14.06 29.82
4772 -5.74 35.76
4773 -13.18 33.72
4774 -1.15 8.77
4775 -5.49 12.44
4776 -32.96 22.78
4777 -29.01 26.95
4778 -36.66 8.62
4779 -6.35 3.46
4780 -28.35 29.05
4781 -31.84 13.59
4782 -21.76 34.88
4783 -18.93 9.37
4784 -10.53 22.53
4785 -31.47 22.98
4786 -20.32 18.33
4787 -15.09 13.06
4788 -7.78 26.06
4789 -2.35 28.28
4790 -8.24 8.93
4791 -31.72 14.37
4792 -2.32 2.21
4793 -17.35 28.25
4794 -31.71 6.5
4795 -3.07 30.23
4796 -4.82 27.58
4797 -29.99 34.92
4798 -5.29 33.1
4799 -16.63 9.92
4800 -32.9 22.34
4801 -1.67 15.63
4802 -28.69 20.75
4803 -7.81 16.77
4804 -12.57 3.99
4805 -19.44 16.69
4806 -31.06 20.81
4807 -29.54 18.68
4808 -7.94 0.9
4809 -7.4 14.42
4810 -5.65 0.65
4811 -34.76 10.48
4812 -12.92 16.99
4813 -11.1 25.75
4814 -35.67 18.21
4815 -1.55 34.25
4816 -10.88 36.1
4817 -17.85 3.23
4818 -26.52 7.09
4819 -11.08 25.66
4820 -9.87 0.09
4821 -27.42 30.53
4822 -16.73 8.45
4823 -9.35 17.97
4824 -38.91 24.67
4825 -31.85 23.28
4826 -1.28 12.08
4827 -29.07 27.61
4828 -14.36 14.2
4829 -38.93 7.69
4830 -2.95 11.03
4831 -8.13 1.48
4832 -11.23 20.35
4833 -27.45 25.98
4834 -19.17 5.27
4835 -5.36 6.05
4836 -4.1 29.04
4837 -5.02 32.79
4838 -18.28 20.84
4839 -13.03 14.37
4840 -5.17 24.71
4841 -36.79 5.88
4842 -33.49 6.45
4843 -27.17 26.86
4844 -34.56 8.85
4845 -19.89 33.62
4846 -35.11 5.03
4847 -31.9 34.54
4848 -21.53 13.86
4849 -19.14 26.87
4850 -32.93 8.22
4851 -4.78 31.02
4852 -31.33 4.55
4853 -31.91 9.8
4854 -30.7 17.13
4855 -2.84 5.95
4856 -11.83 35.87
4857 -9.85 0.63
4858 -34.02 6.33
4859 -21.7 4.54
4860 -38.17 36.1
4861 -2.13 9.11
4862 -4.66 1.8
4863 -15.66 34.03
4864 -21.91 32.71
4865 -8.45 2.32
4866 -0.87 22.36
4867 -33.43 13.23
4868 -23.04 32.2
4869 -10.34 26.35
4870 -38.82 21.26
4871 -18.13 13.18
4872 -20.34 11.65
4873 -24.5 34.5
4874 -0.05 15.36
4875 -12.46 13.73
4876 -22.84 38.22
4877 -7.54 21.11
4878 -16.14 34.02
4879 -27.73 29.72
4880 -32.05 5.57
4881 -34.45 3.7
4882 -16.94 0.44
4883 -32.64 28.89
4884 -16.24 7.5
4885 -28.76 10.5
4886 -30.21 16.06
4887 -34.23 14.41
4888 -16.44 11.55
4889 -33.43 26.26
4890 -0.99 16.49
4891 -22.23 6.89
4892 -28 30.35
4893 -25.38 29.77
4894 -27.01 11.66
4895 -17.24 20.63
4896 -24.34 20.06
4897 -27.02 12.69
4898 -9.1 2.28
4899 -16.3 20.67
4900 -37.69 31.86
4901 -15.44 12.58
4902 -26.99 28.9
4903 -7.97 10.68
4904 -4.46 10.95
4905 -27.44 2.4
4906 -15.81 5.45
4907 -35.8 17.19
4908 -14.48 4.81
4909 -23 28.7
4910 -10.34 2.5
4911 -29.08 1.24
4912 -20.45 34.68
4913 -4.48 17.11
4914 -5.3 36.08
4915 -28.94 20.78
4916 -33.36 3.99
4917 -0.42 5.39
4918 -22.59 27.87
4919 -38.83 8.39
4920 -17.32 27.05
4921 -0.02 33.79
4922 -18.51 33.13
4923 -5.47 3.34
4924 -32.05 32.99
4925 -35.49 28.47
4926 -36.23 3.39
4927 -5.59 32.1
4928 -10.21 24.2
4929 -21.28 10.07
4930 -30.85 22.03
4931 -26.02 11.23
4932 -16.62 31.73
4933 -27.12 32.96
4934 -8.88 0.21
4935 -33.78 26.95
4936 -28.27 26.2
4937 -26.85 33.8
4938 -37.14 7.78
4939 -1.77 32.32
4940 -21.79 36.71
4941 -7.62 4.79
4942 -36.89 25.54
4943 -10.75 13.21
4944 -29.8 14.62
4945 -36.65 32.03
4946 -4.26 21.65
4947 -20.9 30.19
4948 -24.16 27.4
4949 -34.13 9.03
4950 -3.5 0.56
4951 -26.76 28.91
4952 -23.71 31.77
4953 -7.07 21.13
4954 -14.46 28.38
4955 -32.61 8.85
4956 -20.16 3.77
4957 -35.84 1.24
4958 -20.97 24.57
4959 -6.71 7.59
4960 -0.62 11.78
4961 -0.95 4.36
4962 -2.07 11.41
4963 -6.33 21.86
4964 -37.41 32.75
4965 -33.31 1.47
4966 -30.38 1.91
4967 -1.21 27.59
4968 -9.73 15.1
4969 -11 8.28
4970 -23.65 30.71
4971 -2 4.61
4972 -5.85 11.33
4973 -35.9 37.84
4974 -12.95 26.83
4975 -6.13 3.61
4976 -14.49 13.58
4977 -31.51 7.08
4978 -28.94 16.57
4979 -10.32 37.84
4980 -0.31 33.87
4981 -3.31 11.16
4982 -38.75 37.22
4983 -19.84 4.52
4984 -19.32 9.48
4985 -7.71 30.84
4986 -35.45 10.5
4987 -21.83 9.72
4988 -15.08 8.83
4989 -3.18 25.26
4990 -35.39 28.04
4991 -9.14 9.31
4992 -16.39 10.89
4993 -33.98 1.65
4994 -7.01 12.86
4995 -7.73 11.82
4996 -22.98 13.85
4997 -12.07 11.04
4998 -22.08 29.26
4999 -38.74 31.91
5000 -30.27 8.93
5001 -19.43 13.98
5002 -23.7 33.24
5003 -3.07 2.26
5004 -34.04 38.78
5005 -27.82 12.77
5006 -28.6 30.44
5007 -8.85 4.48
5008 -12.65 12.52
5009 -25.38 10.35
5010 -28.69 19.67
5011 -1.04 0.63
5012 -18.2 12.68
5013 -9.46 19.63
5014 -12.54 1.28
5015 -10.21 15.72
5016 -29.7 10.33
5017 -4.57 29.64
5018 -38.43 14.4
5019 -20.71 14.17
5020 -26.94 0.99
5021 -31.43 16.05
5022 -20.54 16.55
5023 -29.07 7.8
5024 -18.15 33.19
5025 -20.38 21.97
5026 -22.6 7.85
5027 -27.05 27.94
5028 -8.57 8.32
5029 -9.61 36.51
5030 -13.23 27.63
5031 -37.96 26.34
5032 -23.51 10.46
5033 -31.38 3.54
5034 -17.71 29.46
5035 -30.45 13.09
5036 -35.67 12.17
5037 -35.24 29.41
5038 -37.21 23.73
5039 -24.44 31.83
5040 -14.8 22.89
5041 -37.26 12.35
5042 -1.29 4.93
5043 -13.25 25.31
5044 -29.34 9.87
5045 -37.5 29.38
5046 -16.73 10.09
5047 -20.55 3.99
5048 -7.53 7.76
5049 -37.22 12.94
5050 -32.55 31.76
5051 -4.93 28.67
5052 -25.6 35.74
5053 -20.47 7.7
5054 -0.53 30.34
5055 -14.23 12.44
5056 -24.79 15.34
5057 -26.79 12.49
5058 -5.32 26.08
5059 -3.47 1.04
5060 -36.95 34.66
5061 -12.27 1.98
5062 -5.97 14.68
5063 -28.96 0.35
5064 -19.81 20.02
5065 -12.78 27.18
5066 -23.37 13.36
5067 -16.63 24.23
5068 -31.93 9.98
5069 -1.32 4.62
5070 -17.06 32.47
5071 -15.33 22.07
5072 -34.56 2.85
5073 -35.46 3.12
5074 -10.68 7.4
5075 -9.58 38.93
5076 -8.43 8.63
5077 -29.83 21.85
5078 -22.2 14.4
5079 -1.94 19.79
5080 -14.49 9.53
5081 -29.42 21.24
5082 -6.48 5.39
5083 -21.89 7.05
5084 -11.67 5.93
5085 -5.92 29.73
5086 -12.8 28.74
5087 -38.11 27.77
5088 -30.89 14.88
5089 -22.28 34.57
5090 -2.03 9.1
5091 -24.25 31.86
5092 -21.23 10.46
5093 -31.39 21.61
5094 -8.92 10.96
5095 -20.49 33.33
5096 -22.1 29.94
5097 -35.33 10.91
5098 -17.96 28.58
5099 -2.03 18.22
5100 -8.95 36.16
5101 -25.9 7.96
5102 -3.25 21.75
5103 -4.15 31.53
5104 -33.63 34.15
5105 -10.77 26.43
5106 -25.81 35.66
5107 -7.12 2.54
5108 -24.15 14.56
5109 -25.52 38.51
5110 -0.37 0.6
5111 -30.54 13.54
5112 -24.45 22.47
5113 -18.57 26.87
5114 -6.09 9.94
5115 -7.1 27.12
5116 -35.08 21.56
5117 -4.31 0.52
5118 -38.57 5.86
5119 -1.01 14.98
5120 -8.93 33.2
5121 -29.86 18.3
5122 -27.36 2.26
5123 -16.82 36.99
5124 -4.02 12.52
5125 -19.64 9.87
5126 -23.41 10.91
5127 -33.38 11.18
5128 -5.57 15.38
5129 -31.84 19.47
5130 -7.6 18.18
5131 -0.74 6.46
5132 -13.5 10.2
5133 -16.06 11.57
5134 -33.07 13.08
5135 -7.28 23.59
5136 -2.89 3
5137 -5.26 4.67
5138 -9.18 30.26
5139 -10.3 22.08
5140 -38.47 13.2
5141 -30.64 36.46
5142 -8.64 22.88
5143 -5.79 25.02
5144 -5.5 20.73
5145 -6.43 37.63
5146 -11.62 13.1
5147 -29.82 7.17
5148 -25.26 25.12
5149 -5.72 6.89
5150 -30.48 19.33
5151 -22.33 19.53
5152 -24.2 0.9
5153 -31.16 34.11
5154 -17.19 0.9
5155 -20.62 8.98
5156 -6.44 23.19
5157 -7.07 12.26
5158 -4.81 21.6
5159 -9.85 19.38
5160 -24.54 10.31
5161 -29.93 16.28
5162 -29.97 36.16
5163 -28.8 20.75
5164 -34.16 22.75
5165 -3.08 2.05
5166 -21.58 25.65
5167 -26.55 31.93
5168 -27.04 13.3
5169 -14.2 25.23
5170 -1.73 11.75
5171 -34.94 34.82
5172 -8.09 8.17
5173 -36.29 9.54
5174 -35.44 12.9
5175 -29.73 7.14
5176 -29.94 20.98
5177 -24.66 27.18
5178 -15.45 20.91
5179 -4.66 14.47
5180 -16.52 10.62
5181 -36.27 14.26
5182 -13.71 5.62
5183 -18.92 30.34
5184 -16.57 8.27
5185 -26.54 33.12
5186 -35.46 18.3
5187 -32.99 29.01
5188 -38.55 11.07
5189 -23.97 36.8
5190 -11.46 2.51
5191 -23.5 21.22
5192 -15.92 2.4
5193 -29.83 9.16
5194 -30.15 31.38
5195 -3 34.49
5196 -16.27 14.19
5197 -19.81 6.79
5198 -4.65 29.98
5199 -38.25 6.25
5200 -6.89 27.74
5201 -7.04 32.31
5202 -22.32 3.36
5203 -20.95 7.55
5204 -11.87 28.39
5205 -30.91 12.45
5206 -33.67 23.33
5207 -25.73 21.93
5208 -37.61 10.6
5209 -9.5 23.08
5210 -25.09 28.77
5211 -10.48 19.02
5212 -25.81 2.36
5213 -38.86 36.82
5214 -4.07 36.98
5215 -25.72 5.63
5216 -37.94 17.49
5217 -27.37 0.28
5218 -7.83 21.27
5219 -10.66 9.32
5220 -21.77 26.22
5221 -10.55 9.09
5222 -31.02 22.97
5223 -1.09 3.8
5224 -26.88 29.64
5225 -25.93 10.59
5226 -29.61 12.97
5227 -21.85 36.41
5228 -1.75 22.94
5229 -20.92 21.71
5230 -27.34 12.35
5231 -29.84 7.64
5232 -7.92 26.28
5233 -15.07 24.73
5234 -34.05 22.27
5235 -9.49 32.26
5236 -2.35 23.35
5237 -13.84 20.04
5238 -30.36 0.9
5239 -30.54 14.93
5240 -25.52 18.24
5241 -37.73 23.99
5242 -21.4 22.65
5243 -6.59 20.58
5244 -3.29 23.16
5245 -3.03 27.51
5246 -35.15 30.63
5247 -24.43 32.87
5248 -18.6 10.59
5249 -32.86 7.03
5250 -0.29 20.17
5251 -11.04 3.35
5252 -29.91 9.16
5253 -10.06 24.88
5254 -0.81 21.27
5255 -7.03 8.12
5256 -32.11 32.85
5257 -16.5 5.76
5258 -26.34 21.04
5259 -11.72 29.61
5260 -18.12 36.15
5261 -34.3 14.75
5262 -15.14 20.79
5263 -31.38 19.73
5264 -33.28 1.26
5265 -21.43 31.76
5266 -2.63 33.57
5267 -10.26 32.48
5268 -24.88 32.54
5269 -21.33 26.84
5270 -2.49 25.7
5271 -26.07 28.36
5272 -1.64 2.12
5273 -29.68 10.1
5274 -0.71 27.98
5275 -31.65 2.4
5276 -23.67 25.36
5277 -7.15 26.95
5278 -14.21 38.81
5279 -1.07 6.06
5280 -5.34 8.49
5281 -9.59 29.03
5282 -29.03 7.98
5283 -8.04 19.85
5284 -14.21 14.91
5285 -8.13 29.38
5286 -25.26 16.7
5287 -18.83 34.21
5288 -5.31 33.43
5289 -28.93 9.51
5290 -18.44 12.54
5291 -37.9 21.59
5292 -9.54 9.63
5293 -9.45 12.58
5294 -25.16 23.75
5295 -32.25 17.04
5296 -13.59 30.5
5297 -38.48 2.84
5298 -29.21 3.62
5299 -18.54 14.05
5300 -10.95 4.42
5301 -21.13 26.67
5302 -28.4 36.21
5303 -37.16 7.48
5304 -23.51 1.23
5305 -13.78 27.1
5306 -9.69 9.47
5307 -19.11 19.2
5308 -31.78 19.23
5309 -3.99 35.08
5310 -13.12 17.94
5311 -15.97 3.76
5312 -13.12 33.24
5313 -36.86 21.97
5314 -36.02 3.33
5315 -7.75 22.92
5316 -10.6 7.97
5317 -11.71 35.4
5318 -10.4 6.52
5319 -7.76 9.87
5320 -36.97 33.92
5321 -4.39 28.06
5322 -8.26 7.66
5323 -33.42 23.5
5324 -26.1 7.57
5325 -32.03 4.93
5326 -8.69 0.23
5327 -33.47 9
5328 -30.98 21.81
5329 -25.14 37.85
5330 -21.78 34.52
5331 -3.5 0.41
5332 -3.34 38.9
5333 -6.42 21.73
5334 -31.6 13.74
5335 -15.18 14.18
5336 -9.76 36.1
5337 -11.28 19.58
5338 -10.6 18.03
5339 -32.12 5.7
5340 -10.63 36.71
5341 -4.46 25.15
5342 -1.68 25.84
5343 -15.17 5.45
5344 -10.82 32.66
5345 -28.18 7.83
5346 -8.25 32.6
5347 -32.5 38.2
5348 -20.93 18.11
5349 -31.85 6.45
5350 -27.15 20.06
5351 -23.68 8.04
5352 -34.14 36.92
5353 -22.47 34.96
5354 -8.19 12.26
5355 -16.49 15.59
5356 -1.74 25.34
5357 -12.19 27.47
5358 -32.92 3.42
5359 -3.6 33.88
5360 -2.72 11.27
5361 -4.87 38.31
5362 -37.51 10.97
5363 -29.08 4.9
5364 -11.35 25.97
5365 -7.03 28.45
5366 -4.01 38.5
5367 -36.42 37.23
5368 -33.19 38.15
5369 -17.94 26.41
5370 -3 8.9
5371 -34.25 34.43
5372 -22.91 4.75
5373 -14.69 13.96
5374 -8.84 23.35
5375 -34.62 24.82
5376 -24.13 11.56
5377 -29.05 7.02
5378 -18.44 29.16
5379 -16.13 25.65
5380 -15.11 29.79
5381 -35.81 29.68
5382 -27.91 19.12
5383 -24.8 0.76
5384 -27.17 28.63
5385 -37.53 3.74
5386 -5.69 30.18
5387 -2.45 32.78
5388 -14.26 28.6
5389 -19.48 23.66
5390 -9.48 23.11
5391 -34.67 21.62
5392 -28.64 33.61
5393 -30.3 31.25
5394 -17.9 8.08
5395 -5.39 7.43
5396 -4.64 0.53
5397 -26.18 8.73
5398 -9.49 0.07
5399 -28.7 11.98
5400 -22.24 4.18
5401 -34.36 33.76
5402 -34.06 27.93
5403 -24.06 4.33
5404 -28 9.33
5405 -32.44 11.06
5406 -32.68 5
5407 -6.14 34.63
5408 -26.88 28.85
5409 -4.45 36.44
5410 -11.39 5.79
5411 -12.84 9.85
5412 -25.1 16.03
5413 -16.11 0.02
5414 -18.52 34.59
5415 -6.29 12.33
5416 -7.09 1.76
5417 -36.22 8.18
5418 -12.51 8.68
5419 -18.01 27.8
5420 -38.86 8.03
5421 -13.04 11.45
5422 -13.6 32.54
5423 -22.39 19.18
5424 -23.14 1.49
5425 -13.8 26.85
5426 -4.22 34.53
5427 -11.57 26.64
5428 -33.19 29.32
5429 -31.43 34.2
5430 -14.05 12.71
5431 -21 37.72
5432 -6.9 27.67
5433 -36.35 24.74
5434 -13.54 25.94
5435 -33.97 15.36
5436 -33.33 13.4
5437 -6.94 14.53
5438 -1.23 7.93
5439 -15.94 35.86
5440 -30.23 24.37
5441 -19.91 29.74
5442 -23.91 1.97
5443 -31.29 38
5444 -0.72 24.62
5445 -4.85 30.24
5446 -28.96 14.77
5447 -3.44 32.37
5448 -18.11 3.39
5449 -29.33 0.79
5450 -22.67 31.65
5451 -12.57 30.82
5452 -6.36 17
5453 -31.46 19.52
5454 -22.9 14.11
5455 -38.49 8.4
5456 -5.67 14.13
5457 -16.1 25.92
5458 -24.92 36.1
5459 -21.72 14.91
5460 -6.15 32.16
5461 -7.93 33.09
5462 -26.47 2.63
5463 -12.54 17.9
5464 -25.21 12.1
5465 -4.76 9.39
5466 -1.22 8.89
5467 -32.41 17.33
5468 -4.37 14.1
5469 -28.21 24.87
5470 -33.28 33.79
5471 -15.44 34.22
5472 -21.14 6.47
5473 -3.57 31.54
5474 -13.97 13.58
5475 -6.74 31.81
5476 -32.42 26.64
5477 -35.8 21.2
5478 -0.1 19.89
5479 -32 9.34
5480 -25.26 25.31
5481 -1.72 4.28
5482 -28.13 26.48
5483 -8.1 34.14
5484 -20.01 0.03
5485 -1.34 36.31
5486 -31.54 20.81
5487 -33.8 16.79
5488 -15.85 20.2
5489 -33.79 37.37
5490 -36.7 29.83
5491 -23.99 8.05
5492 -29.25 36.65
5493 -17.54 20.79
5494 -36.66 35.87
5495 -28.71 17.06
5496 -27.86 22.92
5497 -16.92 30.43
5498 -25.57 23.52
5499 -23.55 25.02
5500 -28.85 13.11
5501 -33.92 24.89
5502 -9.2 27.91
5503 -9.12 28.73
5504 -33.62 25.06
5505 -22.41 10.43
5506 -25 37.85
5507 -35.5 7.4
5508 -34.72 21.78
5509 -18.65 20.56
5510 -5.15 38.9
5511 -29.34 8.36
5512 -6.32 33.01
5513 -17.53 7.26
5514 -38.8 31.89
5515 -6 8.6
5516 -1.02 35.17
5517 -24.09 7.45
5518 -3.7 10.22
5519 -2.8 0.73
5520 -11.16 4.84
5521 -10.21 25.21
5522 -32.62 3.68
5523 -25.46 6.71
5524 -33.8 34.86
5525 -34.76 5.12
5526 -20 38.95
5527 -0.48 25.1
5528 -38.88 26.32
5529 -25.74 24.54
5530 -0.66 38.68
5531 -34.85 38.26
5532 -13.23 1.68
5533 -18.43 26.46
5534 -27.19 23.45
5535 -28.3 21.23
5536 -7.45 5.87
5537 -9.56 38.51
5538 -12.75 7.59
5539 -3.45 35.02
5540 -7.66 14.07
5541 -20.54 38.21
5542 -30.83 34.19
5543 -21.51 21.02
5544 -13.08 30.71
5545 -36.91 14.77
5546 -14.04 13.75
5547 -15.43 0.28
5548 -33.27 33.79
5549 -18.25 1.38
5550 -22.62 21.46
5551 -33.86 7.55
5552 -13.58 36.59
5553 -5.18 4.42
5554 -6.96 32.85
5555 -14.44 15.15
5556 -20.88 21.15
5557 -16.34 34.98
5558 -23.53 12.71
5559 -10.94 5.37
5560 -26.67 36.61
5561 -11.36 15.37
5562 -22.17 1.71
5563 -3.02 33.32
5564 -34.7 16.44
5565 -37.91 21.27
5566 -35.34 24.84
5567 -22.43 0.29
5568 -11.23 9.93
5569 -10.3 34.13
5570 -10.28 18.19
5571 -6.86 24.75
5572 -27.25 31.16
5573 -11.39 29.72
5574 -35.1 11.78
5575 -9.4 28.85
5576 -5.22 29.29
5577 -31 27.28
5578 -21.6 27.4
5579 -11.36 34.02
5580 -22.82 23.83
5581 -9.67 16.79
5582 -17.08 19.16
5583 -35.61 38.63
5584 -1.28 28.31
