%%index real_part   imaginary_part
2603 2603 2603
1 6.12 12.93
2 9.77 39.88
3 0.62 32.2
4 7.79 8.29
5 1.99 38.01
6 9.57 3.58
7 16.7 21.14
8 40.37 31.2
9 7.79 16.82
10 21.18 4.03
11 36.64 11.17
12 22.52 27.57
13 24.04 0.79
14 5.7 0
15 26.08 31.66
16 24.12 20.05
17 39.45 32.2
18 2.93 33.89
19 21.7 19.59
20 16.61 31.24
21 14.34 23.7
22 24.36 26.18
23 16.38 10.56
24 6.9 3.25
25 27.81 3.69
26 14.86 28.09
27 35.18 2.97
28 24.28 37.38
29 16.91 18.22
30 29.41 29.98
31 29.55 1.99
32 13.71 12.53
33 25.94 7.52
34 27.12 16.64
35 27.4 6.65
36 9.87 2.73
37 28.91 0.74
38 11.3 13.75
39 17.01 24.81
40 8.02 18.21
41 25.82 24.34
42 6.83 2.41
43 19.31 20
44 17.75 31.11
45 40.61 36.22
46 38.21 6.16
47 39.21 29.16
48 36.68 10.93
49 7.09 24.15
50 10.32 22.8
51 5.05 34.5
52 35.24 20.19
53 13.47 13.48
54 38.29 5.55
55 3.28 30.48
56 34.34 25.84
57 28.25 29.1
58 8.1 0.17
59 31.28 6.56
60 1.79 5.37
61 11.53 10.41
62 39.57 19.52
63 30.45 9.74
64 13.42 14.77
65 17.1 37.55
66 10.57 23.74
67 23.46 22.15
68 35.64 4.81
69 30.88 36.93
70 5.93 12.45
71 38.29 34.16
72 22.26 40.27
73 19.96 5.06
74 11.63 9.89
75 35.78 30.76
76 0.17 33.94
77 12.46 6.32
78 36.58 19.26
79 34.03 1.92
80 18.99 9
81 32.75 30.65
82 32.33 29.56
83 13.89 15.21
84 31.66 6.49
85 18.94 3.78
86 17.46 37.59
87 36.86 36.76
88 0.82 39.73
89 29.14 36.34
90 26.1 32.97
91 25.91 23.92
92 9.76 26.27
93 25.05 38.38
94 19.82 5.35
95 34.87 18.08
96 28.26 18.33
97 6.89 6.14
98 0.87 19.59
99 26.08 0.3
100 4.08 32.53
101 29.12 24.54
102 40.82 21.55
103 40.8 4.5
104 40.84 21.17
105 13.14 8.46
106 11.9 25.94
107 31.73 18.58
108 36.48 21.67
109 6.54 15.78
110 13.39 15.3
111 33.63 20.93
112 27.08 21.17
113 40.76 20.04
114 20.34 27.95
115 19.49 5.36
116 9.42 3.95
117 5.02 28.13
118 32.64 9.25
119 30.42 25.34
120 33.8 32.48
121 37.95 23.08
122 0.66 25.22
123 26.41 8.2
124 3.51 37.14
125 31.96 12.47
126 33.41 37.42
127 17.59 24.59
128 24.15 40.01
129 26.96 37.87
130 2.23 24.02
131 27.97 25.97
132 13.11 11.65
133 0.42 32.99
134 17.33 25.27
135 37.27 30.84
136 12.93 30.65
137 35.39 34.22
138 21.95 13.59
139 30.26 20.81
140 33.28 4.98
141 1.4 21.22
142 25.34 5.21
143 4.22 18.99
144 15.86 8.49
145 32.51 10.71
146 16.2 38.61
147 29.78 40
148 11.51 8.83
149 34.1 30.21
150 20.05 8.36
151 39.01 30.38
152 3.12 12.5
153 5.62 33.41
154 33.74 4.59
155 9.57 35.88
156 16.1 26.02
157 31.24 10.97
158 9.48 20.96
159 29.46 14.98
160 25.69 4.86
161 2.47 0.49
162 20.02 0.9
163 9.73 11.78
164 0.99 31.53
165 39.9 23.36
166 12.74 0.56
167 13.07 17.43
168 9.84 36.38
169 40.98 39.21
170 34.09 23.1
171 8.13 9.55
172 0.05 29.71
173 9.68 18.89
174 13.39 9.53
175 14.4 18.66
176 39.67 18.61
177 19.51 37.39
178 28.69 18.69
179 29.75 8.76
180 32.12 29.68
181 9.77 28.65
182 5.08 24.38
183 19.77 22.84
184 0.57 35.45
185 17.55 19.75
186 8.82 34.66
187 2.89 5.2
188 3.61 8.87
189 38.93 33.09
190 10.75 17.01
191 35.62 32.85
192 8.76 29.95
193 28.16 34.65
194 22.93 37.46
195 26.14 16.91
196 4.56 34.58
197 17.96 15.43
198 38.27 30.17
199 4.14 17.25
200 16.52 18.36
201 12.02 21.69
202 6.42 25.35
203 13.74 35.44
204 27.53 30.55
205 27.08 11.67
206 3.52 17.81
207 6.76 21.7
208 35.87 12.29
209 8.75 34.92
210 31.36 17.81
211 11.39 14.41
212 29.85 15.44
213 4.61 8.87
214 26.13 6.64
215 25.01 8.75
216 9.97 1.65
217 27 16.55
218 10.99 36.91
219 26.46 20.27
220 31.94 38.53
221 35.86 12.55
222 13.77 35.47
223 6.76 1.62
224 16.06 29.17
225 26.5 36.03
226 9.44 6.42
227 21.87 17.41
228 26.28 18.81
229 25.46 6
230 35.28 31.93
231 33.59 9.47
232 5.54 24.77
233 20.68 40.11
234 19.38 16.54
235 34.59 26.66
236 18.73 10.33
237 25.32 29.45
238 10.59 32.51
239 0.2 11.6
240 6.63 26.65
241 12.6 26.7
242 3.11 36.59
243 14.41 13.99
244 19.99 8.91
245 40.85 39.87
246 28.86 34.79
247 18.56 12.96
248 12.07 34.4
249 9.94 39.24
250 4.43 10.98
251 0.83 24.05
252 12.5 23.16
253 35.19 26.15
254 37.75 2.61
255 8.79 35.39
256 0.61 23.9
257 19.49 21.39
258 14.9 24.24
259 33.16 33.9
260 12.29 14.41
261 8.21 12.53
262 25.49 0.15
263 14.08 26.77
264 4.54 17.08
265 28.06 3.54
266 27.6 8.97
267 11.65 28.89
268 34.56 19.62
269 22.24 5.85
270 20.76 10.83
271 34.73 31.03
272 31.94 0.9
273 25.14 33.75
274 6.17 5.84
275 20.25 37.82
276 9.35 18.47
277 39.14 7.98
278 34.76 14.36
279 10.97 12.22
280 15.77 18.82
281 7.31 39.03
282 6.45 22.89
283 1.51 18.96
284 4.33 20.53
285 31.37 23.75
286 34.3 4.62
287 5.52 4.62
288 17.89 25.24
289 31.08 10.18
290 7.01 24.07
291 22.06 30.86
292 38.84 36.88
293 30.77 40.72
294 32.47 12.12
295 30.94 0.74
296 19.29 27.76
297 9.65 38.25
298 36.74 5.26
299 25.8 11.16
300 14.44 0.07
301 4.69 36.69
302 20.83 7.74
303 32.99 30.73
304 40.92 38.73
305 1.32 2.59
306 33.45 6.93
307 23.33 23.38
308 2.62 10.82
309 22.94 13.1
310 34.36 35.09
311 21.85 12.89
312 30.66 12.66
313 17.92 11.02
314 1.71 26.4
315 26.48 2.72
316 18.93 16.15
317 3.41 10.69
318 20.95 39.77
319 37.5 15.92
320 18.52 20.87
321 7.32 18.34
322 21.24 31.49
323 1.31 30.65
324 23.28 23.86
325 38.48 24.26
326 16.67 16.64
327 8.82 39.85
328 9.88 6.33
329 32.74 26.75
330 8.99 11.59
331 7.26 38.74
332 8.43 27.93
333 26.7 10.67
334 26.6 29.38
335 29.77 2.72
336 21.06 24.64
337 15.13 37.09
338 6.27 21.82
339 4.68 36.97
340 40.75 9.07
341 5.23 2.16
342 21.54 16.42
343 22.75 14.06
344 40.81 31.42
345 22.53 35.01
346 32.75 8.8
347 16.25 9.31
348 19.98 20.71
349 29.61 1.95
350 25.19 26.1
351 30.26 38.91
352 35 25.77
353 6.59 24.92
354 20.89 20.79
355 9.38 31.8
356 13.48 0.16
357 16.58 14.62
358 28.68 35.02
359 4.96 18.85
360 33.39 8.01
361 37.33 27.49
362 36.8 25.14
363 25.37 12.59
364 35.06 36.31
365 0.93 13.99
366 32.42 39.78
367 24.55 31.2
368 35.64 26.42
369 26.74 10.67
370 1.47 36.05
371 36.21 36.12
372 30.26 14.95
373 8.98 32.31
374 10.16 38.46
375 5.47 13.94
376 20.96 2.55
377 7.22 22.33
378 14.44 37.28
379 12.11 32.59
380 26.1 29.02
381 27.8 13.05
382 23.77 17.52
383 23.47 31.88
384 1.55 18.41
385 13.46 29.73
386 24.85 3.02
387 38.49 29.19
388 20.5 34.64
389 32.1 26.99
390 20.46 10.18
391 12.74 37.58
392 39.43 0.42
393 17.22 40.48
394 11.59 12.87
395 0.89 29.34
396 21.91 17.22
397 14.26 8.22
398 40.1 25.2
399 23.13 17.25
400 5.98 0.65
401 24.19 36.59
402 4.3 10.36
403 4 1.2
404 28.2 24.8
405 34.98 36.1
406 12.2 7.66
407 28.6 27.24
408 26.72 31.15
409 3.02 4.82
410 13.68 17.84
411 14.58 24.44
412 32.66 35.59
413 19.79 28.84
414 5.1 11.28
415 32.45 1.92
416 18.03 31.6
417 0.96 15.64
418 16.84 22.33
419 26.65 25.48
420 0.11 24.56
421 32.22 20.64
422 27.4 32.83
423 22.99 19.82
424 4.17 33.65
425 10.49 5.53
426 29.97 17.85
427 32.97 25.07
428 33.43 1.15
429 12.43 11.76
430 34.21 38.53
431 8.66 3.88
432 40.04 31.76
433 33.62 30.14
434 14.63 36.41
435 19.97 19.27
436 19.43 14.74
437 27.09 31.72
438 31.06 5.84
439 39.49 9.08
440 14.62 35.23
441 12.09 29.5
442 34.09 24.11
443 4.79 24.58
444 15.86 26.52
445 3.58 37.74
446 21.15 9.07
447 20.36 12.24
448 1.38 20.19
449 36.12 12.98
450 11.77 36.53
451 30.79 35.62
452 26.34 10.73
453 37.09 16.89
454 5.49 16.4
455 31.16 15.1
456 3.6 20.11
457 23.75 22.77
458 6.35 17.21
459 2.73 28.54
460 25.28 22.21
461 10.81 26.83
462 18.59 5.43
463 5.15 31.17
464 23.67 40.5
465 36.03 20.79
466 15.41 14.96
467 25.69 25.83
468 22.24 21.27
469 17.2 1.3
470 16.4 27.73
471 27.37 7.36
472 9.65 20
473 16.73 10.12
474 18.18 16
475 38.21 39.99
476 25.82 2.46
477 28.42 28.54
478 39.23 3.42
479 2.92 13.09
480 33.88 21.9
481 16.39 18.47
482 23.82 28.82
483 29.61 21.6
484 22.91 5.06
485 32.8 5.81
486 33.69 39.31
487 38.84 19.17
488 8.81 2.34
489 38.86 14.57
490 34.08 26.99
491 8.97 15.6
492 3.14 18.91
493 1.85 16.91
494 30 1.38
495 2.8 25.29
496 2.76 2.41
497 31.23 39.71
498 40.84 26.59
499 11.17 19.84
500 5.18 22.75
501 0.58 23.49
502 22.18 18.39
503 0.26 18.94
504 13.04 30.99
505 37.5 39.12
506 34.24 6.12
507 4.55 5.48
508 22.39 37.39
509 18.29 6.4
510 31.69 31.92
511 34.33 0.61
512 19.85 13.98
513 40.57 24.56
514 23.92 19.69
515 1.44 31.26
516 13.76 8.62
517 27.02 22.54
518 21.01 35.94
519 25.94 27.28
520 4.92 34.05
521 19.69 1.96
522 7.44 39.17
523 15.08 24.25
524 30.65 9.36
525 0.28 12.89
526 13.5 0.87
527 14.85 34.61
528 38.69 33.35
529 12.04 34.94
530 25.2 21.61
531 9.76 34
532 36.07 38.96
533 33.91 36.78
534 2.58 16.08
535 9.13 39.37
536 0.33 7.5
537 26.19 28.82
538 32.59 28.3
539 17.18 20.79
540 33.68 22.25
541 23.12 17.46
542 31.59 6.19
543 19.06 37.97
544 31.91 29.28
545 30.41 10.63
546 24.15 16.11
547 34.6 40.17
548 15.47 19.22
549 14.82 7.03
550 5.4 18.05
551 5.08 23.95
552 32.3 26.25
553 34.07 10.79
554 31.59 23.89
555 25.66 10.25
556 7.23 24.27
557 9.98 7.78
558 25.27 38.82
559 6.62 8.57
560 19.2 36.7
561 32.34 16.56
562 36.25 22.87
563 1.1 25.94
564 32.97 31.25
565 8.3 15.92
566 19.4 17.89
567 23.66 33.9
568 24.22 31.22
569 34.63 16.74
570 6.51 14.81
571 18.6 39.82
572 6.6 13.75
573 32.09 28.59
574 37.16 11.4
575 7.1 18.24
576 34.8 35.88
577 17.75 18.96
578 3.9 9.57
579 40.82 39.37
580 34.82 16.39
581 13.8 28.65
582 1.07 13.22
583 23.96 37.47
584 33.73 25.29
585 40.1 38.11
586 36.93 19.76
587 33.51 17.71
588 25.82 23.06
589 34.46 4.13
590 22.37 1.5
591 37.38 21.08
592 40.05 36.69
593 5.26 14.13
594 33.03 23.47
595 19.39 5.09
596 13.26 26.85
597 40.07 33.19
598 9.18 14.33
599 39.63 2.55
600 40.66 22.43
601 1.2 18.25
602 15.48 36.6
603 18.66 14.23
604 38.88 0.3
605 1.8 32.64
606 12.72 20.25
607 36.46 39.18
608 32.84 32.29
609 35.29 0.73
610 26.34 24.87
611 31.24 13.68
612 26.39 19.12
613 33.45 9.83
614 12.38 15.1
615 17.05 32.08
616 29.86 12.04
617 28.16 38.77
618 12.01 4.34
619 4.65 26.34
620 17.98 9.89
621 9.67 6.45
622 25.16 10.23
623 22.04 5.13
624 26.38 37.52
625 0.91 16.33
626 9.53 32.24
627 10.36 32.15
628 0.98 35.93
629 30.55 23.34
630 34.94 33.88
631 25.44 6.6
632 4.38 23.8
633 28.15 12.61
634 18.47 36.91
635 26.32 32.8
636 18.77 36.46
637 26.21 35.99
638 20.65 23.45
639 40.49 7.25
640 23.59 26.55
641 17.8 20.92
642 12.07 12.64
643 28.09 7.68
644 31.02 33.57
645 26.45 17.64
646 3.77 4.49
647 28.29 31.42
648 23.55 28.67
649 24.58 15.44
650 27.76 1.02
651 17 -30.42
652 25.42 -26.06
653 29.03 -2.21
654 9.47 -25.59
655 11.14 -8.05
656 28.97 -12.58
657 25.22 -8.46
658 36.67 -20.57
659 13.14 -12.32
660 9.48 -6.21
661 10.7 -19.12
662 30.06 -33.77
663 21.44 -39
664 33.96 -12.61
665 13.63 -25.54
666 14.97 -0.25
667 5.83 -30.64
668 12.37 -19.91
669 4.5 -14.38
670 22.43 -1.36
671 13.94 -36.16
672 24.15 -10.41
673 30.98 -18.69
674 10.53 -19.82
675 26.03 -23.64
676 22.28 -40.53
677 33.31 -16.26
678 14.26 -11.34
679 3.47 -13.75
680 39.3 -27.74
681 7.51 -17.11
682 27.27 -33.79
683 12.7 -13.34
684 27.73 -39.64
685 20.53 -17.2
686 32.88 -9.16
687 40.09 -13.99
688 32.68 -16.03
689 35.85 -9.59
690 12.76 -22.73
691 22.27 -0.41
692 16.67 -35.04
693 25.91 -35.1
694 7.85 -10.45
695 38.19 -29.38
696 26.01 -26.67
697 19.46 -4.71
698 38.57 -32.8
699 31.45 -32.16
700 28.88 -4.82
701 34.51 -31.5
702 4.49 -20.77
703 36.8 -33.6
704 2.2 -37.18
705 39.43 -11.18
706 11.59 -35.48
707 29.52 -0.22
708 35.32 -28.26
709 38.71 -34.95
710 2.86 -2.18
711 8.37 -15.42
712 40.65 -8.39
713 0.2 -27.84
714 39.52 -38.23
715 2.05 -11.17
716 1.67 -27.41
717 7.18 -36.56
718 8.69 -6.16
719 22.86 -23.5
720 34.68 -31.41
721 25.89 -21.3
722 21.52 -25.79
723 13.05 -34.93
724 28.89 -36.37
725 38.55 -31.28
726 5.71 -11.27
727 19.66 -26.44
728 13.28 -5.36
729 23.11 -19.86
730 10.55 -11.81
731 18.74 -25.17
732 0.25 -12.22
733 18.39 -25.92
734 28.94 -8.94
735 40.35 -0.25
736 1.07 -2.15
737 27.94 -4.76
738 39.7 -2.12
739 38.49 -20.52
740 10.8 -7.11
741 18.38 -15.56
742 1 -16.51
743 1.4 -38.04
744 37.43 -14.29
745 5.62 -24.51
746 29.2 -6.98
747 39.73 -24.36
748 29.8 -8.98
749 38.44 -17.12
750 37.89 -17.74
751 19.89 -37.8
752 1.56 -38.97
753 20.61 -27.36
754 6.88 -20.78
755 27.89 -18.1
756 33.66 -17.68
757 13.72 -5.27
758 22.84 -34.66
759 28.47 -35.64
760 39.67 -39.79
761 26.29 -34.09
762 17.45 -27.88
763 16.38 -25.02
764 1.14 -6.25
765 3.52 -13.82
766 31.14 -18.56
767 37.05 -2.93
768 30.29 -32.71
769 33.01 -16.66
770 34.76 -16.69
771 13.9 -19.91
772 25.18 -6.94
773 0.6 -7.14
774 1.78 -27.54
775 26.33 -29.08
776 1.69 -0.45
777 7.85 -11.63
778 36.65 -39.67
779 25.44 -24.23
780 17.58 -17.32
781 35.88 -28.96
782 11.42 -7.72
783 19.95 -11.45
784 28.11 -21.23
785 37.93 -11.97
786 31.88 -1.39
787 8.33 -10.83
788 38.49 -36.58
789 23.13 -29.45
790 38.05 -40.27
791 20.24 -8.46
792 40.61 -19.27
793 17.94 -7.62
794 11.37 -36.27
795 33.11 -2.38
796 31.35 -28.95
797 36.68 -7.51
798 18.96 -22.29
799 2.52 -15.63
800 27.6 -26.59
801 27.98 -40.45
802 30.8 -39
803 34.59 -15.83
804 24.8 -28.29
805 7.08 -16.72
806 4.7 -21.86
807 0.13 -6.85
808 14.47 -4.32
809 20.11 -38.59
810 40.97 -25.84
811 34.32 -32.74
812 40.25 -10.84
813 33.13 -30
814 25.15 -18.21
815 24.32 -35.66
816 14.63 -32.28
817 30.28 -31.82
818 6.65 -24.96
819 32.77 -23.87
820 20.11 -10.97
821 12.35 -39.86
822 5.71 -24.82
823 8.66 -33
824 30.59 -40.7
825 5.06 -8.29
826 0.03 -30.57
827 0.41 -39.38
828 7.9 -40.28
829 38.01 -13.07
830 7.73 -33.06
831 24.34 -21.33
832 12.15 -22.36
833 26.84 -34.14
834 17.02 -39.32
835 9.29 -18.62
836 17.48 -16.65
837 0.47 -21.65
838 13.65 -2.71
839 22.93 -29.65
840 37.94 -3.25
841 13.34 -27.99
842 5.9 -37.97
843 37.25 -34.27
844 6.34 -13.8
845 26.38 -13.78
846 35.11 -14.07
847 15.96 -30.24
848 23.39 -26.78
849 25.1 -1.8
850 20.42 -19.93
851 36.58 -13.92
852 35.57 -17.42
853 40.65 -16.58
854 5.23 -28.74
855 11.51 -22.58
856 30.1 -2.18
857 19.67 -4.37
858 38.65 -36
859 29.32 -15.93
860 9.23 -3.99
861 38.59 -14.71
862 24.47 -3.35
863 30.13 -13.55
864 35.87 -6.86
865 26.79 -34.76
866 7.68 -35.82
867 12.24 -22.38
868 18.48 -22.77
869 10.51 -32.42
870 34.52 -23.71
871 5.41 -1.55
872 5.92 -23.62
873 39.14 -25.09
874 20.54 -3.57
875 28.09 -6.99
876 1.22 -29.77
877 12.64 -25.68
878 18.75 -25.69
879 32.56 -1.78
880 16.06 -13.62
881 28.96 -38.87
882 40.77 -23.74
883 5.51 -0.21
884 12.15 -18.25
885 0.97 -36.54
886 38.09 -5.67
887 8.82 -26.9
888 10.99 -23.54
889 27.11 -6.96
890 34.47 -11.05
891 20.35 -34.72
892 19.4 -35.69
893 20.39 -32.99
894 14.29 -38.15
895 31.3 -32.47
896 30.34 -30.35
897 13.09 -19.26
898 39.99 -30.12
899 27.89 -39.12
900 34.67 -11.14
901 37.34 -28.86
902 35.29 -11.28
903 34.82 -5.16
904 32.64 -25.8
905 36.86 -0.46
906 35.18 -26.12
907 20.81 -16.21
908 8.2 -13.59
909 31.26 -20.72
910 12.19 -22.5
911 32.37 -1.08
912 20.35 -22.06
913 11.18 -4.47
914 23.11 -39.86
915 30.53 -39.07
916 6.46 -16.78
917 7.59 -26.87
918 11.55 -21.27
919 6.07 -21.93
920 22.39 -3.19
921 8.83 -22.45
922 38.66 -37.1
923 30.21 -29.65
924 29.89 -26.39
925 28.41 -40.99
926 1.08 -1.09
927 23.15 -19.78
928 3.77 -21.43
929 40.81 -13.85
930 32.44 -26.89
931 23.19 -30.34
932 16.21 -18.42
933 39.69 -10.3
934 32.24 -27.76
935 10.48 -4.77
936 27.22 -34.15
937 30.25 -19.31
938 28.48 -4.41
939 10.32 -39.98
940 39.98 -17.38
941 38.99 -18.25
942 17.55 -0.06
943 1.01 -0.66
944 35.03 -0.85
945 7.26 -0.82
946 10.69 -26.47
947 3.9 -9.97
948 20.28 -26.9
949 34.19 -23.11
950 27.88 -32.04
951 4.71 -24.19
952 2.5 -34.63
953 18.56 -14.49
954 13.47 -30.99
955 27.89 -8.4
956 26.65 -12.45
957 33.03 -5.4
958 6.06 -23.72
959 24.57 -13.56
960 34.91 -20.61
961 6.08 -31.83
962 21.33 -4.6
963 31.5 -30.5
964 12.62 -0.61
965 12.17 -4.21
966 28.4 -20.02
967 13.65 -16.88
968 31.37 -10.43
969 20.94 -32.21
970 20.13 -3.85
971 36.82 -7.83
972 33.75 -5.78
973 29.51 -8.38
974 21.94 -19.33
975 39.94 -33.6
976 3.96 -15.85
977 20.45 -5.02
978 15.05 -25.29
979 25.9 -31.48
980 15.21 -27.67
981 6.69 -17.59
982 34.47 -2.62
983 33.57 -40.87
984 11.6 -24.85
985 8.22 -13.51
986 0.86 -31.74
987 37.52 -24.56
988 32.94 -34.61
989 12.94 -5.55
990 39.16 -34.41
991 9.26 -11.88
992 37.42 -2.12
993 6.93 -9.24
994 40.72 -11.47
995 18.66 -32.83
996 29.94 -14.93
997 38.07 -4.88
998 4.75 -23.41
999 27.78 -30.64
1000 23.67 -16.35
1001 7.09 -15.52
1002 40.09 -24.53
1003 38.66 -24.14
1004 9.21 -11.55
1005 4.96 -31.12
1006 22.52 -27.89
1007 9.53 -34.75
1008 2.99 -39.47
1009 30.46 -16.46
1010 28.81 -23.23
1011 17.68 -8.13
1012 13.01 -17.75
1013 20.69 -35.28
1014 4.44 -17.76
1015 13.63 -7.47
1016 2.52 -28.12
1017 32.17 -0.25
1018 3.91 -1.61
1019 33.68 -9.36
1020 40.48 -13.12
1021 0.02 -38.65
1022 11.92 -1.53
1023 0 -9.55
1024 5.54 -14.91
1025 17.66 -9.98
1026 18.11 -34.35
1027 11.11 -35.34
1028 29.62 -10.64
1029 7.92 -31.8
1030 18.79 -34.07
1031 0.71 -21.56
1032 1.33 -21.31
1033 2.44 -32.88
1034 21.76 -5.24
1035 18.36 -15.65
1036 13.3 -0.77
1037 2.3 -38.9
1038 27.98 -25.22
1039 19.65 -22.82
1040 32.8 -33.52
1041 26.87 -37.31
1042 11.17 -30.44
1043 0.08 -17.5
1044 8.3 -40.8
1045 13.39 -8.01
1046 9.09 -6.62
1047 27.93 -14.1
1048 26.5 -30.94
1049 36.18 -9.9
1050 25.55 -7.27
1051 8.04 -34.06
1052 11.49 -18.37
1053 23.11 -30.86
1054 12.68 -39.47
1055 11.51 -1.76
1056 18.59 -25
1057 14.44 -17.9
1058 35.41 -29.76
1059 9.08 -35.05
1060 22.58 -23.23
1061 29.85 -22.47
1062 36.57 -31.67
1063 1.13 -37.31
1064 6.21 -1.6
1065 8.87 -37.31
1066 30.37 -11.28
1067 29.65 -16.91
1068 27.29 -21.38
1069 19.85 -11.76
1070 34.04 -39.97
1071 23.97 -10.88
1072 28.79 -32.15
1073 0.43 -17.94
1074 11.99 -23.2
1075 5.43 -9.52
1076 31.99 -34.57
1077 4.76 -14.81
1078 11.12 -7.09
1079 8.69 -5.89
1080 22.72 -17.33
1081 28.61 -38.08
1082 34.51 -32.61
1083 13 -37.78
1084 29.06 -20.8
1085 40.29 -12.37
1086 23.26 -1.62
1087 33.77 -2.78
1088 20.72 -11.05
1089 13.77 -34.2
1090 23.24 -12.23
1091 26.32 -39.72
1092 13.53 -34.76
1093 0.85 -10.6
1094 37.01 -24.65
1095 21.5 -30.06
1096 27.14 -18.73
1097 10.35 -9.11
1098 26.41 -0.17
1099 20.97 -2.87
1100 15.24 -14.47
1101 16.09 -20.26
1102 23.04 -38.5
1103 29.07 -29.38
1104 22.59 -23.29
1105 35.52 -1.84
1106 21.09 -25.35
1107 19.11 -0.37
1108 10.97 -34.62
1109 38.8 -19.96
1110 29.54 -6.99
1111 25.72 -19.3
1112 7.94 -36.2
1113 36.37 -15.59
1114 18.46 -34.35
1115 7.83 -16.34
1116 16.12 -13.23
1117 10.73 -3.44
1118 32.83 -18.69
1119 0.98 -39.81
1120 21.17 -34.94
1121 19.29 -16.02
1122 16.39 -21.78
1123 15.41 -17.93
1124 37.89 -27.37
1125 13.88 -13.21
1126 32.51 -5.96
1127 1.16 -19.12
1128 14.24 -40.45
1129 13.33 -37.54
1130 33.4 -32.7
1131 25.45 -0.68
1132 4.12 -8.53
1133 6.74 -36.19
1134 14.52 -16.47
1135 30.93 -7.72
1136 3.26 -15.21
1137 37 -29.75
1138 6.68 -40.18
1139 26.55 -31.93
1140 4.14 -24.09
1141 30.05 -19.95
1142 39.07 -16.17
1143 36.15 -10.74
1144 27.8 -12.31
1145 24.54 -8.48
1146 9.16 -20.2
1147 8.25 -8.99
1148 24.7 -33.8
1149 29.8 -14.99
1150 2.23 -39.22
1151 33.96 -19.73
1152 29 -26.02
1153 25.2 -29.96
1154 20.89 -35.68
1155 39.3 -31.27
1156 10.22 -4.55
1157 0.24 -7.87
1158 39.13 -28.81
1159 0.13 -36.39
1160 3.87 -25.93
1161 5.14 -4.19
1162 13.18 -33.55
1163 26.36 -33.91
1164 28.43 -37.89
1165 15.63 -15.16
1166 14.41 -10.18
1167 36.2 -29.11
1168 18.07 -2.42
1169 17.62 -20.4
1170 10.67 -18.48
1171 2.55 -36.44
1172 23.84 -0.41
1173 29.23 -2.8
1174 39.19 -21.97
1175 6.91 -8.88
1176 13.07 -22.59
1177 15.14 -32.57
1178 5 -26.25
1179 2.66 -21.02
1180 15.7 -33.43
1181 2.62 -38.82
1182 26.93 -30.12
1183 12.06 -38.82
1184 38.75 -24.53
1185 22.53 -9.2
1186 4.65 -28.94
1187 29.36 -4.61
1188 7.41 -28.49
1189 9.46 -38.11
1190 5.99 -26.12
1191 7.71 -36.89
1192 28.46 -19.06
1193 24.83 -2.38
1194 23.4 -33.47
1195 5.42 -7.02
1196 25.36 -39.11
1197 7.75 -28.56
1198 26.39 -31.81
1199 15.34 -19.81
1200 29.01 -3.66
1201 32.6 -17.4
1202 22.01 -13.18
1203 0.67 -0.48
1204 38.59 -8.94
1205 14.58 -30.66
1206 6.07 -24.1
1207 2.16 -1.82
1208 4.2 -14.06
1209 27.05 -6.52
1210 13.54 -7.12
1211 25.75 -32.47
1212 20.04 -38.9
1213 29.71 -33.5
1214 32.83 -25.95
1215 9.13 -24.58
1216 21.5 -0.37
1217 13.55 -0.73
1218 21.74 -23.03
1219 31.97 -34.75
1220 3.93 -39.85
1221 22.96 -26.07
1222 27.89 -10
1223 3.58 -4.64
1224 11.16 -32.09
1225 18.74 -30.63
1226 22.11 -4.22
1227 22.64 -24.01
1228 37.04 -21.67
1229 6.62 -31.88
1230 35.98 -28.87
1231 8.76 -36.27
1232 16.52 -16.48
1233 39.51 -1.84
1234 16.11 -38.26
1235 16.64 -10
1236 36.07 -20.04
1237 9.56 -39.6
1238 3.24 -22.97
1239 34.58 -13.15
1240 2.78 -34.93
1241 39.15 -32.84
1242 15.86 -4.41
1243 5.6 -0.32
1244 32.2 -11.9
1245 40.77 -32.74
1246 28.01 -27.18
1247 23.18 -29.06
1248 30.9 -3.54
1249 0.8 -21.69
1250 11.21 -6.01
1251 5.57 -17.44
1252 36.56 -6.28
1253 8.77 -35.65
1254 7.8 -19.33
1255 13.26 -2.36
1256 35.2 -31.11
1257 15.04 -31.93
1258 11.77 -10.06
1259 21.96 -20.65
1260 12.39 -2.97
1261 9.67 -1.26
1262 30.32 -40.41
1263 2.95 -32.85
1264 34.06 -40.74
1265 5.75 -24.27
1266 21.24 -4.27
1267 10.56 -31.84
1268 26.49 -16.8
1269 15.65 -39.85
1270 21.73 -13.82
1271 24.45 -8.43
1272 19.89 -36.46
1273 26.04 -39.49
1274 39.66 -31.66
1275 34.64 -27.53
1276 28.79 -11.06
1277 30.99 -23.83
1278 15.69 -38.63
1279 17.89 -13.46
1280 17.25 -8.75
1281 33.55 -23.64
1282 35 -38.49
1283 34.82 -3.11
1284 22.48 -20.49
1285 13.83 -9.47
1286 17.91 -3.22
1287 39.68 -38.28
1288 16.3 -37.8
1289 28.46 -24.72
1290 11.25 -14.96
1291 5.54 -1.62
1292 25.46 -19.56
1293 37.71 -36.53
1294 29.51 -20.67
1295 8.94 -14.6
1296 17.76 -5.77
1297 23.78 -1.49
1298 25.12 -11.76
1299 11.78 -17.6
1300 27.08 -6.61
1301 30.35 -25.61
1302 -22.9 -24.51
1303 -21.31 -8.55
1304 -33.27 -18.72
1305 -33.68 -29.29
1306 -10.44 -24.05
1307 -23.13 -39.23
1308 -14.28 -15.42
1309 -36.09 -19.85
1310 -13.97 -23.32
1311 -29.09 -24.55
1312 -26.05 -31.74
1313 -23.02 -11.87
1314 -9 -30.69
1315 -37.3 -34.8
1316 -39.94 -36.08
1317 -19.59 -6.17
1318 -14.72 -1.36
1319 -20.08 -20.42
1320 -8.71 -27.52
1321 -31.09 -12.76
1322 -31.51 -19.15
1323 -14.09 -13.22
1324 -12.59 -25.32
1325 -7.64 -9.18
1326 -33.74 -26.57
1327 -37.83 -36.73
1328 -28.12 -39.31
1329 -29 -19.85
1330 -34.18 -37.12
1331 -11.72 -4.83
1332 -11 -33.12
1333 -34.48 -10.83
1334 -10.77 -5.25
1335 -32.77 -13.56
1336 -5.84 -40.01
1337 -38.68 -22.86
1338 -15.6 -37.36
1339 -21.68 -11.78
1340 -20.96 -7.72
1341 -34.29 -29.32
1342 -4.57 -34.22
1343 -12.05 -10.64
1344 -30.49 -12.21
1345 -8.34 -0.06
1346 -4.89 -3.19
1347 -36.31 -40.58
1348 -10.42 -36.41
1349 -0.66 -29.79
1350 -22.87 -21.19
1351 -20.2 -12.95
1352 -35.81 -28.72
1353 -25.08 -17.89
1354 -29.67 -30.94
1355 -38.66 -26.28
1356 -35.12 -30.15
1357 -2.9 -11.47
1358 -22.11 -19.21
1359 -31.42 -14.95
1360 -15.01 -32.12
1361 -35.32 -19.28
1362 -39.39 -40.42
1363 -15.36 -30.63
1364 -39.95 -8.81
1365 -9.52 -36.54
1366 -8.5 -21.82
1367 -9.54 -9.25
1368 -6.66 -3.31
1369 -34.25 -14.14
1370 -40.42 -15.85
1371 -25.52 -11.43
1372 -22.9 -14.06
1373 -33.27 -28.42
1374 -2.38 -4.01
1375 -15.66 -3.22
1376 -22.5 -37.91
1377 -16.86 -9.98
1378 -20.13 -20.89
1379 -9.22 -32.22
1380 -27.76 -19.08
1381 -40.91 -39.27
1382 -28.04 -36.26
1383 -19.1 -29.97
1384 -3.12 -14.22
1385 -30.07 -32.87
1386 -3.31 -23.06
1387 -16.65 -35.11
1388 -22.54 -26.21
1389 -9.75 -8.92
1390 -32.66 -4.44
1391 -21.87 -25.41
1392 -14.91 -34.69
1393 -35.1 -38.73
1394 -9.47 -35.04
1395 -13.13 -3.33
1396 -22.12 -37.24
1397 -12.02 -33.56
1398 -22.53 -9.16
1399 -23.38 -10.64
1400 -2.52 -5.17
1401 -28.24 -32.97
1402 -27.08 -26.35
1403 -32.08 -3.89
1404 -33.33 -29.14
1405 -33.58 -21.35
1406 -5.76 -25
1407 -18.69 -14.46
1408 -32.71 -20.67
1409 -35.24 -12.79
1410 -36.64 -1.19
1411 -17.95 -7.37
1412 -20.45 -17.76
1413 -6.44 -29.97
1414 -20.14 -1.98
1415 -7.16 -9.34
1416 -21.83 -2.18
1417 -28.53 -14.92
1418 -39.33 -7.92
1419 -37.06 -40.13
1420 -20.49 -31.66
1421 -36.18 -9.17
1422 -23.63 -26.25
1423 -26.45 -34.39
1424 -6.19 -15.34
1425 -37.05 -20.69
1426 -7.58 -22.35
1427 -19.64 -14
1428 -2.98 -28.03
1429 -9.53 -5.6
1430 -14.95 -2.64
1431 -4.82 -37.21
1432 -11.13 -36.78
1433 -24.22 -33.35
1434 -32.48 -29.98
1435 -0.17 -20.29
1436 -8.98 -32.49
1437 -38.27 -36.35
1438 -29.75 -12.13
1439 -27.47 -23.72
1440 -23.93 -15.46
1441 -37.81 -3.05
1442 -17.05 -11.03
1443 -39.06 -36.97
1444 -1.58 -40.55
1445 -2.19 -28.11
1446 -24.33 -16.53
1447 -32.83 -7.01
1448 -19.88 -14.98
1449 -3.97 -16.06
1450 -15.87 -31.89
1451 -23.38 -4.14
1452 -20.01 -24.85
1453 -36.98 -20.65
1454 -23.89 -29.28
1455 -3.74 -2.97
1456 -26.54 -27.34
1457 -38.37 -21.08
1458 -17.05 -2.6
1459 -2.15 -15.95
1460 -3.07 -39.15
1461 -14.68 -24.87
1462 -31.88 -27.4
1463 -21.9 -27.04
1464 -22.62 -10.77
1465 -1.66 -25.87
1466 -9.53 -38.49
1467 -1.86 -4.56
1468 -25.22 -29.55
1469 -17.83 -18.36
1470 -0.85 -28.63
1471 -14.98 -1.1
1472 -1.7 -27.4
1473 -30 -12.35
1474 -7.83 -39.27
1475 -37.43 -11.67
1476 -36.54 -10.9
1477 -17.82 -31.63
1478 -17.67 -27.43
1479 -17.72 -39.72
1480 -4.12 -40.29
1481 -17.3 -39.9
1482 -3.46 -13.65
1483 -22.72 -39.68
1484 -17.04 -8.2
1485 -36.84 -20.08
1486 -0.7 -17.9
1487 -24.82 -10.82
1488 -2.69 -2.4
1489 -21.19 -13.82
1490 -5.01 -10.52
1491 -21.42 -17.62
1492 -8.26 -0.56
1493 -7.51 -18.76
1494 -38.01 -5.45
1495 -25.27 -4.75
1496 -3.65 -1.13
1497 -35.3 -22.09
1498 -20.78 -27.63
1499 -35.84 -37.55
1500 -16.63 -37.82
1501 -35.24 -31.68
1502 -22.02 -37.85
1503 -40.25 -19.06
1504 -12.4 -24.71
1505 -35.24 -20.44
1506 -17.59 -37.94
1507 -18.02 -36.18
1508 -13.95 -5.37
1509 -10.82 -25.53
1510 -9.8 -10.96
1511 -32.61 -15.61
1512 -37.71 -33.97
1513 -20.6 -26.91
1514 -23.46 -17.49
1515 -34.83 -35.96
1516 -26.64 -19.61
1517 -16.46 -8.6
1518 -7.18 -28.18
1519 -11.9 -36.23
1520 -36.2 -40.11
1521 -37.05 -6.14
1522 -21.84 -33.31
1523 -38.68 -14.07
1524 -19.12 -35.79
1525 -26.27 -29.02
1526 -3.64 -8.44
1527 -1.41 -17.88
1528 -24.32 -20.87
1529 -17.88 -1.53
1530 -37.5 -27.3
1531 -5.92 -11.71
1532 -40.83 -2.66
1533 -30.85 -1.9
1534 -17.66 -7.02
1535 -6.13 -22.27
1536 -7.93 -33.38
1537 -25.69 -22.7
1538 -16.29 -29.77
1539 -4.09 -2.89
1540 -31.91 -35.41
1541 -23.37 -30.36
1542 -27.77 -15.07
1543 -35.94 -24.78
1544 -5.83 -11.09
1545 -38.39 -33.34
1546 -4.06 -22.85
1547 -5.04 -23.83
1548 -25.74 -3.89
1549 -31.43 -15.41
1550 -37.68 -22.92
1551 -35.82 -37.56
1552 -39.78 -4.61
1553 -34.38 -20.51
1554 -2.92 -15.07
1555 -30 -38.47
1556 -7.36 -14.35
1557 -29.43 -12.37
1558 -16.67 -35.13
1559 -5.22 -3.89
1560 -37.24 -22.51
1561 -24.88 -23.13
1562 -5.97 -20.82
1563 -4.23 -29.92
1564 -4.33 -11.23
1565 -13.67 -35.67
1566 -11.75 -1.01
1567 -5.62 -8.49
1568 -29 -10.54
1569 -25.61 -19.53
1570 -37.52 -11.44
1571 -25.79 -35.14
1572 -6.51 -3.88
1573 -18.53 -34.74
1574 -38.64 -2.71
1575 -25.22 -3.27
1576 -26.41 -14.4
1577 -14.74 -29.62
1578 -18.55 -11.9
1579 -23.13 -18.97
1580 -13.64 -22.88
1581 -23.9 -36.8
1582 -4.29 -4.92
1583 -15.46 -9.04
1584 -8.09 -12.81
1585 -3.77 -20.59
1586 -35.25 -4.62
1587 -29.02 -29.56
1588 -23.31 -0.77
1589 -24 -27.08
1590 -9.87 -0.47
1591 -35.39 -28.74
1592 -17.36 -36.28
1593 -27.7 -9.13
1594 -28.1 -35.91
1595 -17.8 -30.35
1596 -5.67 -21.27
1597 -5.71 -21.22
1598 -9.78 -30.48
1599 -22.81 -0.69
1600 -21.28 -38.4
1601 -22.54 -26.58
1602 -15.15 -36.06
1603 -16.35 -10.56
1604 -17.16 -17.98
1605 -38.97 -40.35
1606 -28.09 -27.04
1607 -1.84 -33.36
1608 -1.49 -4.45
1609 -19.89 -29.55
1610 -39.42 -9.11
1611 -30.38 -37.69
1612 -38.43 -4.1
1613 -34.58 -15.61
1614 -16.3 -27.73
1615 -25.13 -16.4
1616 -1.98 -37.59
1617 -12.17 -6.67
1618 -37.76 -37.65
1619 -35.15 -28.52
1620 -27.87 -13.92
1621 -20.48 -33.12
1622 -25.48 -35.48
1623 -39.93 -22.33
1624 -31.4 -26.97
1625 -36.09 -18.82
1626 -36.03 -29.82
1627 -33.92 -4.99
1628 -20.61 -12.98
1629 -40.72 -7.03
1630 -23.43 -36.91
1631 -13.02 -4.37
1632 -11.05 -4.93
1633 -1.59 -4.71
1634 -33.23 -7.81
1635 -1.25 -36.74
1636 -28.87 -20.1
1637 -35.1 -21.74
1638 -23.59 -13.35
1639 -19.85 -34.04
1640 -32.38 -34.51
1641 -2.85 -35.46
1642 -19.97 -6.94
1643 -19.92 -36.78
1644 -2.81 -20.1
1645 -36.54 -40.16
1646 -3.54 -5.76
1647 -10.69 -8.56
1648 -33.8 -35.11
1649 -22.44 -32.8
1650 -8.07 -26.03
1651 -25.66 -23.69
1652 -24.95 -36.94
1653 -29.81 -19.76
1654 -33.32 -28.06
1655 -21.57 -29.18
1656 -23.64 -24.71
1657 -11.17 -24.43
1658 -40.73 -2.62
1659 -22.72 -10.61
1660 -30.3 -23.06
1661 -28.82 -38.78
1662 -26.87 -13.36
1663 -7.47 -19.03
1664 -10.84 -19.67
1665 -4.7 -29.91
1666 -12.6 -18.91
1667 -35.37 -30.36
1668 -29.65 -17.08
1669 -4.14 -3.7
1670 -32.89 -21.97
1671 -26.2 -25.72
1672 -29.67 -15.53
1673 -38.67 -16.89
1674 -27.51 -29.4
1675 -11.46 -40.92
1676 -38.7 -16.81
1677 -30.17 -19.8
1678 -38.83 -24.57
1679 -3.24 -17.16
1680 -6.07 -29.19
1681 -27.62 -28.47
1682 -38.35 -39.19
1683 -15.27 -21.99
1684 -25.7 -27
1685 -28.5 -39.94
1686 -24.66 -38.11
1687 -33.16 -34.22
1688 -10.12 -33.85
1689 -22.25 -30.84
1690 -10.28 -37.63
1691 -33.96 -13.23
1692 -33.03 -28.5
1693 -32.6 -2.65
1694 -19.81 -10.38
1695 -19.1 -15.36
1696 -23.35 -25.88
1697 -24.07 -5.72
1698 -27.72 -20.71
1699 -27.23 -18.87
1700 -17.81 -32.94
1701 -30.05 -14.73
1702 -7.96 -21.99
1703 -14.84 -22.21
1704 -32.57 -38.6
1705 -35.23 -16.61
1706 -29.84 -22.37
1707 -30.4 -7.71
1708 -10.36 -1.39
1709 -11.77 -1.52
1710 -16.88 -30.17
1711 -15.05 -30.87
1712 -36.6 -40.24
1713 -40.47 -18.64
1714 -17.03 -2.84
1715 -15.3 -26.7
1716 -20.96 -14.36
1717 -36.35 -24.87
1718 -26.6 -8.44
1719 -6.04 -30.71
1720 -6.32 -18.18
1721 -20.07 -20.79
1722 -28.5 -15.68
1723 -17.07 -29.99
1724 -31.51 -38.86
1725 -28.03 -8.37
1726 -39.24 -27.92
1727 -6.68 -22.6
1728 -0.24 -14.36
1729 -37.72 -6.15
1730 -12.37 -37.8
1731 -11.16 -32.54
1732 -16.41 -33.33
1733 -21.29 -27.04
1734 -37.27 -2.02
1735 -40.72 -27.33
1736 -7.12 -23.12
1737 -38.8 -40.31
1738 -29.31 -15.14
1739 -13 -14.88
1740 -2.77 -19.82
1741 -6.74 -0.03
1742 -22.63 -21.53
1743 -15.42 -33.94
1744 -40.09 -2.4
1745 -19.72 -12.14
1746 -3.69 -31.99
1747 -3.84 -30.88
1748 -37.44 -40.62
1749 -1.64 -25.14
1750 -31.99 -33.72
1751 -15.84 -21.88
1752 -21.2 -18.64
1753 -33.78 -13.64
1754 -8.04 -9.51
1755 -8.85 -5.79
1756 -26.34 -10.81
1757 -32.35 -36.12
1758 -29.06 -28.5
1759 -10.42 -6.77
1760 -39.43 -7.68
1761 -39.67 -30.14
1762 -20.02 -22.64
1763 -22.27 -2.51
1764 -7.17 -16.47
1765 -29.71 -3.43
1766 -25.32 -39.17
1767 -16.81 -4.55
1768 -18.19 -5.52
1769 -15.03 -30.11
1770 -35.9 -5.76
1771 -37.09 -3.4
1772 -39.52 -0.77
1773 -29.27 -7.96
1774 -35.25 -27.59
1775 -35.27 -39.69
1776 -8.35 -33.69
1777 -35.85 -13.46
1778 -15.97 -28.37
1779 -24.36 -37.64
1780 -0.08 -2.67
1781 -21.36 -13.07
1782 -17.62 -25.4
1783 -10.44 -17.69
1784 -6.8 -15.34
1785 -0.62 -4.99
1786 -8.39 -22.23
1787 -23 -37.71
1788 -4.68 -6.92
1789 -34.51 -31.79
1790 -30.48 -39.93
1791 -12.14 -8.3
1792 -21.76 -18.35
1793 -5.72 -7
1794 -3.64 -17.25
1795 -19.92 -9.61
1796 -2.2 -24.24
1797 -29.16 -0.28
1798 -17.97 -40.35
1799 -35.21 -39.6
1800 -3.59 -24.78
1801 -6.01 -35.83
1802 -12.06 -11.99
1803 -18.91 -8.53
1804 -40.32 -16.74
1805 -36.2 -32.94
1806 -0.24 -9.32
1807 -27.67 -27.86
1808 -14.38 -22
1809 -39.25 -12.91
1810 -22.52 -38.55
1811 -21.79 -18.18
1812 -38.98 -4.25
1813 -3.6 -9.96
1814 -29.08 -15.96
1815 -20.26 -18.33
1816 -13.16 -32.68
1817 -24.19 -5.79
1818 -14.32 -25.22
1819 -21.49 -2.1
1820 -14.56 -34.16
1821 -2.48 -37.21
1822 -24.07 -14.8
1823 -16.32 -30.15
1824 -2.06 -17.98
1825 -15.53 -14.57
1826 -12.27 -4.11
1827 -28.88 -16.84
1828 -26.8 -10.26
1829 -5.74 -12
1830 -30.33 -14.89
1831 -27.09 -5.52
1832 -31.83 -23.01
1833 -27.75 -10.28
1834 -32.9 -25.67
1835 -18.83 -8.24
1836 -24.97 -6.46
1837 -0.78 -0.83
1838 -30.98 -8.05
1839 -5.55 -17.1
1840 -11.19 -12.56
1841 -37.19 -21.08
1842 -37.92 -23.47
1843 -13.25 -25.07
1844 -16.59 -3.25
1845 -38.66 -39.51
1846 -24.55 -5.92
1847 -28.93 -4.27
1848 -14.55 -15.38
1849 -0.05 -15.69
1850 -3.45 -26.97
1851 -33.43 -39.4
1852 -40.23 -28.43
1853 -16 -13.73
1854 -30.83 -9.73
1855 -1.81 -21.55
1856 -22.15 -21.54
1857 -4.01 -39.01
1858 -2.6 -19.07
1859 -1.84 -37.78
1860 -36.29 -19.2
1861 -4.64 -20.02
1862 -24.29 -19.84
1863 -35.22 -33.58
1864 -28.79 -38.84
1865 -4.33 -14.79
1866 -33.71 -32.24
1867 -40.19 -37.76
1868 -31.01 -32.94
1869 -1.67 -15.19
1870 -16.26 -0.36
1871 -21.91 -24.01
1872 -1.54 -38.41
1873 -37.01 -25.92
1874 -22.71 -4.14
1875 -2.86 -38.85
1876 -17.88 -38.52
1877 -17.37 -28.03
1878 -0.13 -1.17
1879 -19.54 -32.11
1880 -26.43 -28.92
1881 -40.68 -23.87
1882 -0.16 -19.14
1883 -11.09 -19.4
1884 -34.59 -31.17
1885 -31.54 -33.28
1886 -36.81 -30.38
1887 -27.79 -32.97
1888 -17.89 -38.35
1889 -1.5 -23.8
1890 -21.66 -20.12
1891 -38.17 -24.88
1892 -32.43 -19.06
1893 -40.75 -14.54
1894 -26.17 -32.56
1895 -0 -19.29
1896 -22.69 -11.6
1897 -10.27 -40.69
1898 -19.09 -22.85
1899 -33.54 -0.88
1900 -13.68 -33.2
1901 -22.58 -3.6
1902 -36.57 -9.5
1903 -6.85 -29.9
1904 -12.7 -33.99
1905 -33.63 -28.87
1906 -33.28 -13.88
1907 -32.94 -30.8
1908 -24.86 -24.71
1909 -16.28 -32.7
1910 -31.51 -30.56
1911 -1.16 -16.28
1912 -36.49 -13.2
1913 -15.57 -31.95
1914 -32.83 -35.1
1915 -6.83 -8.12
1916 -11.72 -5.52
1917 -15.02 -29.41
1918 -18.31 -27.82
1919 -20.81 -21.87
1920 -30.27 -10.54
1921 -24.42 -13.44
1922 -23.77 -22.55
1923 -6.26 -36.89
1924 -8.11 -7.63
1925 -38.19 -22.54
1926 -18.35 -39.62
1927 -32.35 -18.88
1928 -9.83 -13.84
1929 -7.95 -6.92
1930 -15.04 -22.19
1931 -27.71 -14.78
1932 -23.71 -6.29
1933 -34.11 -22.25
1934 -23.64 -21.55
1935 -11.61 -34.44
1936 -6.88 -12.91
1937 -35.46 -15.55
1938 -11.44 -10.17
1939 -17.81 -0.73
1940 -23.27 -40.07
1941 -38.7 -35.52
1942 -33.92 -21.14
1943 -34.99 -30.05
1944 -16.49 -23.28
1945 -4.47 -22.46
1946 -16.76 -31.54
1947 -17.35 -32.18
1948 -13.43 -19.99
1949 -21.06 -10.46
1950 -3.9 -37.07
1951 -29.51 -32.67
1952 -7.23 -31.3
1953 -21 23.97
1954 -24.7 39.19
1955 -38.27 18.33
1956 -12.85 27.5
1957 -7.64 15.49
1958 -25.06 5.78
1959 -29.06 22.15
1960 -24.13 0.55
1961 -11.61 13.05
1962 -4.23 40.89
1963 -40.41 28.96
1964 -18.94 38.18
1965 -13.77 20.47
1966 -32.67 2.36
1967 -33.67 2.28
1968 -26.26 19.42
1969 -17.61 34.19
1970 -11.52 30.48
1971 -16.98 35.4
1972 -9.89 24.37
1973 -9.67 4.15
1974 -5.82 14.47
1975 -15.03 18.25
1976 -31.3 29.96
1977 -9.37 26.64
1978 -35.13 15.05
1979 -32.75 8.78
1980 -8.78 13.07
1981 -15.44 5.53
1982 -28.33 20.97
1983 -40.39 28.63
1984 -21.82 34.11
1985 -3.12 37.52
1986 -31.93 33.34
1987 -16.71 40.62
1988 -3.77 21.34
1989 -35.82 5.91
1990 -3.68 9.6
1991 -19.08 30.37
1992 -16.01 34.99
1993 -29.56 28.45
1994 -37.24 10.14
1995 -2.74 21.32
1996 -6.37 25.54
1997 -5.51 18.18
1998 -5.81 14.22
1999 -7.34 4.9
2000 -21.94 27.63
2001 -19.97 30.98
2002 -30.6 33.39
2003 -13.74 16.2
2004 -1.63 34.38
2005 -23.5 29.08
2006 -18.45 5.32
2007 -19.83 1.58
2008 -30.03 13.98
2009 -3.65 8.39
2010 -29.71 5.79
2011 -10.85 6.39
2012 -4.09 36.08
2013 -29.83 16.36
2014 -0.78 9.9
2015 -17.05 37.17
2016 -27.15 22.73
2017 -15.12 16.54
2018 -12.26 37.27
2019 -30.65 8.38
2020 -37.46 13.9
2021 -39.74 33.67
2022 -14.77 35.43
2023 -28.94 18.57
2024 -26.96 24.33
2025 -9.64 12.11
2026 -39.02 36.2
2027 -10.8 20.5
2028 -36.86 2.11
2029 -32.53 40.63
2030 -16.32 17.17
2031 -39.9 29.1
2032 -4.64 22.99
2033 -19.27 14.02
2034 -22.41 16.9
2035 -10.32 29.44
2036 -1.64 39.39
2037 -13.35 9.06
2038 -7.15 16.41
2039 -20.26 1.29
2040 -13.4 13.64
2041 -8.84 29.91
2042 -9.41 11.42
2043 -34.05 40.16
2044 -39.8 25.79
2045 -22.48 25.58
2046 -34.2 35.64
2047 -17.64 21.38
2048 -14.93 38.84
2049 -35.26 36.91
2050 -4.87 16.86
2051 -35.77 25.11
2052 -13.69 6.51
2053 -22.93 8.12
2054 -9.41 20.85
2055 -34.49 2.19
2056 -11.62 2.33
2057 -34.27 22.85
2058 -22.01 0.55
2059 -5.87 27.32
2060 -32.42 0.33
2061 -35.98 28.35
2062 -8.74 25.62
2063 -2.98 33.14
2064 -29.05 23.67
2065 -20.05 17.77
2066 -1.88 33.92
2067 -19.96 14.82
2068 -22.95 15.57
2069 -15.94 1.89
2070 -24.6 11.88
2071 -34.74 29.95
2072 -32.32 36.23
2073 -16.3 28.01
2074 -34.86 33.86
2075 -34.19 22.17
2076 -9.53 5.8
2077 -31.43 8.69
2078 -0.83 18.27
2079 -21.46 13.93
2080 -31.7 9.4
2081 -22.85 0.51
2082 -35.85 13.1
2083 -28.68 1.81
2084 -3.7 17.8
2085 -9.21 24.14
2086 -33.62 7.82
2087 -23.57 2.95
2088 -30.96 24.94
2089 -17.8 39.88
2090 -21.05 4.34
2091 -10.15 11
2092 -40.21 30.58
2093 -28.37 21.1
2094 -35.03 0.05
2095 -9.45 8.83
2096 -29.86 5.26
2097 -18.36 32.3
2098 -34.11 24.72
2099 -22.04 26.56
2100 -9.71 17.33
2101 -25.16 31.25
2102 -13.72 2.33
2103 -6.79 28.25
2104 -27.13 3.69
2105 -28.55 24.6
2106 -15.12 7.19
2107 -17.29 38.7
2108 -18.8 14.33
2109 -34.9 4.67
2110 -13.5 33.36
2111 -38.62 23.88
2112 -35.7 22.89
2113 -6.61 36.5
2114 -22.07 8.34
2115 -25.67 8.17
2116 -18.95 11.3
2117 -34.15 30.35
2118 -17.61 32.67
2119 -15.88 40.94
2120 -4.06 24.26
2121 -31.45 3.44
2122 -1.14 39.7
2123 -13.04 7.75
2124 -12.42 40.47
2125 -12.35 27.46
2126 -30.86 5.44
2127 -28.33 30.49
2128 -25.99 25.57
2129 -33.91 14.46
2130 -22.64 27.58
2131 -38.88 39.1
2132 -7.98 0.59
2133 -33.26 32.03
2134 -11.5 25.59
2135 -29.37 28.67
2136 -32.11 15.56
2137 -14.27 40.35
2138 -27.62 12.77
2139 -32.76 6.83
2140 -13.81 19.56
2141 -25 4.11
2142 -14.12 3.68
2143 -29.25 32.86
2144 -6.32 19.64
2145 -6.22 1.68
2146 -40.78 8.48
2147 -29.59 4.11
2148 -15.66 7.76
2149 -12.87 1.38
2150 -30.05 6.68
2151 -1.77 1.25
2152 -21.12 21.16
2153 -13.45 36.56
2154 -22.91 7.74
2155 -27.3 5.22
2156 -29.85 36.72
2157 -19.92 31.82
2158 -23.68 2.98
2159 -22.62 28.69
2160 -30.37 9.53
2161 -38.53 8.36
2162 -32.99 9.68
2163 -17.44 27.13
2164 -8.03 7.66
2165 -34.86 9.84
2166 -31.61 38.08
2167 -38.76 36.63
2168 -11.71 11.73
2169 -39.99 31.73
2170 -36.95 34.62
2171 -9.87 26.29
2172 -17.11 5.33
2173 -28.83 29.79
2174 -17.49 20.32
2175 -29.85 30.97
2176 -39.33 27.38
2177 -37.06 27.38
2178 -34.03 31.33
2179 -18.51 34.03
2180 -23.39 1.06
2181 -18.66 12.37
2182 -28.53 14
2183 -5.25 16.42
2184 -7.16 40.24
2185 -13.39 4.24
2186 -30.53 23.63
2187 -28.96 23.26
2188 -12.05 27.16
2189 -6.48 37.31
2190 -27.28 9.06
2191 -15.97 15.85
2192 -22.76 5.14
2193 -36.47 12.03
2194 -25.58 15.79
2195 -37.38 34.5
2196 -26.39 7.97
2197 -1.49 15.04
2198 -10.99 34.44
2199 -33.69 6.74
2200 -10.98 38.67
2201 -21.3 6.08
2202 -8.86 21.03
2203 -27.72 29.79
2204 -26.1 0.43
2205 -9.5 34.2
2206 -29.58 32.91
2207 -38.05 25.47
2208 -17.02 11.34
2209 -6.65 13.04
2210 -27.06 22.13
2211 -30.1 3.03
2212 -18.08 12.45
2213 -5.9 31.6
2214 -17.86 29.07
2215 -6.26 19.11
2216 -4.71 8.37
2217 -8.92 27.56
2218 -36.87 13.57
2219 -14 36.64
2220 -9.37 1.5
2221 -34.41 3.02
2222 -8.01 38.95
2223 -9.29 10.98
2224 -3.54 4.56
2225 -26.69 15.94
2226 -39.5 30.6
2227 -22.57 36.31
2228 -26.91 16.58
2229 -25.17 7.99
2230 -27.1 24.3
2231 -32.67 31.43
2232 -38.51 31.81
2233 -24.9 0.59
2234 -16.76 34.39
2235 -15.41 18.43
2236 -21.45 26.13
2237 -3.6 29.34
2238 -19.84 8.99
2239 -13.55 12.89
2240 -8.35 23.38
2241 -33.5 40.24
2242 -35.55 27.37
2243 -23.47 15.07
2244 -2.59 0.99
2245 -4.81 28.16
2246 -39.11 29.69
2247 -0.03 17
2248 -17.59 36.63
2249 -9.54 4.45
2250 -22.88 13.87
2251 -40 24.95
2252 -33.81 23.86
2253 -32.85 2.6
2254 -36.01 12.65
2255 -36.03 25.92
2256 -25.16 23.89
2257 -30.78 8.05
2258 -2.64 40.23
2259 -20.74 13.26
2260 -0.42 5.23
2261 -14.45 5.07
2262 -22.07 39.54
2263 -14.69 14.48
2264 -18.93 19.19
2265 -33.06 24.23
2266 -28.7 21.34
2267 -4.2 11.59
2268 -14.19 21.51
2269 -34.16 16.57
2270 -1.49 29.73
2271 -33.14 8.71
2272 -37.28 6.17
2273 -5.4 22.92
2274 -36.18 39.92
2275 -24.68 5.67
2276 -10.74 16.13
2277 -14.67 39.13
2278 -12.61 32.82
2279 -31.53 29.36
2280 -33.11 11.06
2281 -11.92 23.59
2282 -35.18 0.33
2283 -1.36 16.12
2284 -32.69 28.9
2285 -17.63 35.52
2286 -23.75 34.18
2287 -40.35 30.29
2288 -32.73 20.03
2289 -39.47 25.28
2290 -10.47 7.44
2291 -23.57 23.15
2292 -21.28 0.73
2293 -13.07 38.24
2294 -6.12 13.41
2295 -4 3.6
2296 -27.2 18.75
2297 -19.08 15.92
2298 -32.05 21.38
2299 -29.8 20.44
2300 -35.48 3.26
2301 -16.97 6.43
2302 -16.24 38.75
2303 -38.3 16.32
2304 -21.12 7.98
2305 -15.42 36.77
2306 -39.45 31.59
2307 -11.85 38.99
2308 -15.75 19.73
2309 -12.67 24.92
2310 -28.53 1.39
2311 -20.14 16.67
2312 -12.11 35.25
2313 -15.63 18.74
2314 -18.7 23.68
2315 -26.95 4.44
2316 -31.39 13.18
2317 -31.45 2.92
2318 -39.76 27.16
2319 -14.66 28.75
2320 -4.04 19.89
2321 -31 30.08
2322 -7.59 2.49
2323 -1.75 1.85
2324 -6.3 2.86
2325 -24.77 14.42
2326 -10.61 34.83
2327 -29.08 24.43
2328 -2.17 22.72
2329 -5.41 24.23
2330 -8.19 0.39
2331 -34.09 11.88
2332 -35.32 19.11
2333 -5.27 24.54
2334 -32.81 34.08
2335 -33.49 19.93
2336 -29.53 36.85
2337 -39.35 3.02
2338 -25.39 16.64
2339 -40.02 0.1
2340 -35.04 31.69
2341 -5.04 23.79
2342 -7.22 4.65
2343 -6.89 13.64
2344 -37.88 29.91
2345 -30.3 32.82
2346 -24.22 25.59
2347 -3.7 23.39
2348 -27.45 18.54
2349 -32.15 29.49
2350 -28.94 19.26
2351 -15.11 4.16
2352 -7.18 37.99
2353 -13.63 33.98
2354 -34.08 12.1
2355 -2.79 12.65
2356 -36.44 7.64
2357 -32.81 28.36
2358 -1 23.18
2359 -12.09 19.23
2360 -11.05 18.4
2361 -3 21.91
2362 -24.82 35.28
2363 -33.34 27.22
2364 -15.72 11.27
2365 -10.05 24.49
2366 -28.66 3.66
2367 -0.66 4.69
2368 -38.67 15.36
2369 -6.98 34.81
2370 -6.47 11.28
2371 -18.92 30.3
2372 -17.66 22.43
2373 -4.62 10.74
2374 -9.49 18.66
2375 -37.07 37.23
2376 -38.67 20.54
2377 -35.34 19.59
2378 -5.81 22.49
2379 -13.29 27.69
2380 -31.7 21.53
2381 -4.72 2.86
2382 -7.55 39.88
2383 -34.77 25.9
2384 -40.23 5.23
2385 -37.03 0.75
2386 -31.05 5.7
2387 -7.66 14.95
2388 -5.21 7.71
2389 -5.9 32.8
2390 -8.55 14.7
2391 -14.77 22.49
2392 -1.08 6.22
2393 -8.24 29.63
2394 -16.32 6.89
2395 -7.95 1.05
2396 -3.91 27.55
2397 -5.95 33.19
2398 -18.09 31.99
2399 -37.22 40.72
2400 -0.48 17.32
2401 -2.55 33.25
2402 -27.72 11.05
2403 -39.29 30.73
2404 -22.53 12.46
2405 -6.68 4.19
2406 -6.2 31.08
2407 -16.83 21.45
2408 -10.09 7.28
2409 -14.17 25.07
2410 -5.64 5.93
2411 -13 1.64
2412 -34.83 9.55
2413 -0.54 18.96
2414 -18.68 11.92
2415 -8.77 17.28
2416 -30.05 39.68
2417 -30.26 31.84
2418 -21.57 37.3
2419 -8.76 28.55
2420 -12.26 3.1
2421 -13.7 35.96
2422 -16.42 18.46
2423 -25.74 10.05
2424 -14.64 6.03
2425 -32.48 19.43
2426 -0.6 20.28
2427 -9.36 4.49
2428 -23.45 35.43
2429 -26.88 9.9
2430 -6.71 21.65
2431 -40.86 15.17
2432 -6.01 16.28
2433 -12.58 9.64
2434 -38.19 27.58
2435 -10.2 0.86
2436 -36.83 29.97
2437 -7.43 3.42
2438 -13.48 32.77
2439 -38.8 12.69
2440 -11.64 28.12
2441 -7.41 30.28
2442 -14.29 12.24
2443 -27.2 16.77
2444 -6.19 17.26
2445 -18.44 13.08
2446 -28.25 33.42
2447 -8.71 38.82
2448 -7.46 13.78
2449 -20.88 0.81
2450 -1.68 25.17
2451 -14.14 31.08
2452 -14.02 18.03
2453 -9.8 1.09
2454 -34.3 7.02
2455 -35.15 28.12
2456 -37.92 25.46
2457 -17.23 22.08
2458 -18.37 11.22
2459 -8 3.43
2460 -37.03 4.08
2461 -37.51 26.44
2462 -24.26 24.28
2463 -17.58 25.74
2464 -26.55 31.72
2465 -15.89 38.46
2466 -8.06 7.75
2467 -5.3 9.55
2468 -31.16 22.08
2469 -29.11 35.62
2470 -22.74 24.46
2471 -8.93 2.78
2472 -4.38 19.67
2473 -10.41 5.68
2474 -9.11 2.27
2475 -6.35 18.41
2476 -24.38 5.14
2477 -8.94 23.38
2478 -28.64 7.64
2479 -18.89 26.52
2480 -3.5 34.72
2481 -21.99 14.3
2482 -3.38 11.56
2483 -13.16 27.3
2484 -21.92 34.54
2485 -18.01 1.27
2486 -24.57 24.19
2487 -23.38 6.46
2488 -12.14 8.47
2489 -10.74 13.31
2490 -11.24 0.77
2491 -26.43 37.62
2492 -40.52 35.62
2493 -22.79 35.37
2494 -0.41 7.69
2495 -1.41 0.68
2496 -35.5 3.91
2497 -35.99 2.92
2498 -9.74 38.88
2499 -11.95 8.15
2500 -29.95 31.67
2501 -35.38 9.48
2502 -15.94 34.04
2503 -1.52 17.76
2504 -31.07 7.6
2505 -28.89 32.78
2506 -29.4 1.31
2507 -16.46 14.32
2508 -29.21 8.45
2509 -16.14 39.25
2510 -19.45 9.14
2511 -33.57 38.07
2512 -20.51 34.47
2513 -11.88 28.56
2514 -36.71 30.26
2515 -0.45 23.83
2516 -33.31 5.18
2517 -39.23 35.83
2518 -33.11 28.77
2519 -36.37 20.27
2520 -12.05 23.18
2521 -4.01 3.78
2522 -18.1 20.98
2523 -8.95 40.99
2524 -18.76 6.31
2525 -15.45 25.09
2526 -1.68 38.21
2527 -11.21 8.02
2528 -16.1 22.19
2529 -11.45 23.09
2530 -5.92 32.33
2531 -37.52 11.9
2532 -27.25 39.23
2533 -27 15.27
2534 -35.54 19.36
2535 -22.06 1.89
2536 -26.19 27.11
2537 -7.09 5.6
2538 -5.59 3.29
2539 -30.12 16.04
2540 -20.65 24.36
2541 -1.09 25.09
2542 -12.63 1.85
2543 -3.57 12.3
2544 -14.91 8.25
2545 -40.58 35.54
2546 -6.45 20.83
2547 -39.58 16.62
2548 -31.89 13.22
2549 -32.59 5.1
2550 -27.51 5.95
2551 -33.07 13.65
2552 -19.25 12.7
2553 -36.51 19.68
2554 -35.73 24.85
2555 -28.73 25.63
2556 -30.24 35.9
2557 -17.28 29.82
2558 -21.65 1.87
2559 -10.12 20.85
2560 -15.39 36.56
2561 -36.92 30.23
2562 -5.85 1.36
2563 -14.59 35.5
2564 -40.61 17.27
2565 -23.22 6.18
2566 -19.83 6.64
2567 -19.35 35.81
2568 -14.5 18.61
2569 -22.98 14.86
2570 -20.02 29.75
2571 -24.65 10.71
2572 -20.05 9.26
2573 -31.66 0.93
2574 -1.3 21.22
2575 -16.79 21.3
2576 -10.53 16.7
2577 -18.06 33.23
2578 -27.73 36.91
2579 -13.18 32.65
2580 -18.35 6.86
2581 -34.03 15.92
2582 -10.74 17.71
2583 -36.32 12.38
2584 -6.76 25.24
2585 -13.99 18.3
2586 -29.01 26.78
2587 -36.05 18.16
2588 -39.62 28.58
2589 -8.81 6.23
2590 -27.53 40.92
2591 -37.14 5.12
2592 -38.35 17.59
2593 -34.02 34.73
2594 -5.9 4.6
2595 -31.99 6.2
2596 -1.64 24.26
2597 -0.97 25.02
2598 -16.92 12.38
2599 -17.14 16.81
2600 -35.11 23.68
2601 -9.47 31.13
2602 -28.82 2.64
2603 -31.22 25.04
