%%index real_part   imaginary_part
2875 2875 2875
1 6.71 10.51
2 7.07 16.86
3 3.69 17.4
4 7.64 22.27
5 18.19 7.05
6 25.72 8.49
7 22.78 17.66
8 12.77 26.81
9 26.45 7.21
10 21.09 15.41
11 2.73 10.35
12 14.4 2.42
13 28.56 5.01
14 28.9 3.76
15 0.4 10.76
16 3.79 16.23
17 4.09 18.63
18 18.56 10.86
19 4.13 19.31
20 26.36 26.2
21 5.69 4.85
22 5.03 5.6
23 3.41 10.99
24 0.72 0.32
25 15.73 12.38
26 5.25 21.81
27 6.76 0.98
28 6 2.17
29 17.45 6.32
30 28.6 17.42
31 4.65 0.38
32 19.01 3.39
33 25.78 8.74
34 10.57 8.57
35 17.3 12.43
36 28.8 19.45
37 25.06 5.51
38 28.03 4.84
39 5.16 28.47
40 23.38 28.75
41 4.09 3.42
42 15.92 28.63
43 13.33 10.85
44 28.69 4.44
45 21.86 1.78
46 2.16 10.82
47 25.73 26.51
48 17.78 21.18
49 12.27 22.51
50 17.47 28.35
51 18.81 12.09
52 0.13 17.27
53 4.63 14.87
54 25.86 28.16
55 10.43 21.32
56 24.74 20.24
57 2.4 26.04
58 7.89 23.18
59 27.63 15.73
60 0.03 19.11
61 0.93 20.49
62 0.53 2.2
63 5.9 26.66
64 2.7 18.31
65 17.66 0.69
66 12.79 20.17
67 8.44 18.99
68 4.86 12.92
69 23.6 13.08
70 5.4 13.25
71 16.01 16.55
72 13.6 12.66
73 6.84 18.41
74 16.66 4.01
75 5.64 5.47
76 8.49 16.7
77 1.42 6.57
78 15.76 9.02
79 27.33 7.32
80 8.01 0.98
81 21.15 27.51
82 0.03 3.32
83 27.76 12.11
84 25.19 16.41
85 0.66 4.88
86 21.44 13.11
87 8.29 16.68
88 17.61 17.56
89 4.09 15.14
90 3.13 16.8
91 16.02 9.74
92 27.83 11.62
93 3.16 17.44
94 7.28 26.11
95 27.09 13.01
96 23.05 15.29
97 1.14 19.24
98 2.36 23.08
99 10.49 28.9
100 4.79 10.07
101 5.71 22.68
102 21.88 8.75
103 8.83 14
104 11.66 22.01
105 9.81 12.92
106 5.18 14.8
107 8.94 25.83
108 14.27 4.02
109 1.13 12.11
110 25.12 4.07
111 19.37 10.75
112 12.51 1.69
113 24.77 3.03
114 2.93 14.87
115 7.47 17.79
116 22.99 19.24
117 10.51 24.7
118 9.7 15.87
119 8.88 19.34
120 3.27 21.37
121 18.69 1.22
122 27.05 19.97
123 23.99 27.63
124 22.26 23.85
125 27.92 7.65
126 18.4 0.91
127 2.6 0.81
128 3.84 1.91
129 28.31 9.9
130 10.21 18.3
131 20.06 18.3
132 14 4.2
133 2.59 1.58
134 20.92 6.22
135 10.11 11.47
136 12.69 6.71
137 26.69 28.8
138 9.96 22.27
139 17.12 4.2
140 23.37 3.22
141 4.13 27.56
142 28.38 24.29
143 8.73 18.26
144 28.16 14.74
145 15.56 19.56
146 8.86 9.37
147 13.57 6.63
148 8.21 5.38
149 23.12 27.68
150 10.15 11.65
151 0.89 4.24
152 4.04 5.37
153 10.16 10.1
154 25.82 14
155 28.75 9.8
156 8.36 20.2
157 27.01 3.88
158 4.66 19.26
159 16.53 6.74
160 26.3 3.82
161 24.71 3.09
162 21.24 6.16
163 23.06 20.8
164 19.48 11.97
165 23.63 17.19
166 3.95 12.16
167 17.53 7.04
168 28.66 7.99
169 4.52 10.21
170 20.01 8
171 28.2 15.79
172 2.19 10.89
173 12.68 26.22
174 3.96 6.86
175 10.68 0.21
176 14.82 12.79
177 1.47 6.4
178 27.2 7.07
179 19.04 24.54
180 24.25 17.69
181 0.85 25.19
182 3.23 28.2
183 18.71 0.9
184 22.63 14.41
185 22.42 23.23
186 21.54 13.64
187 7.05 4.14
188 12.88 23.74
189 1.6 19.73
190 19.94 16.85
191 12.16 23.8
192 12.72 5.77
193 24.36 13.63
194 9.17 10.93
195 11.14 14.4
196 10.6 4.42
197 3.62 23.51
198 6.93 25.35
199 10.77 4.86
200 28.09 0.56
201 25.72 4.19
202 19.85 3.16
203 26.9 3.77
204 23.51 3.74
205 3.11 28.5
206 23.3 25.97
207 14.26 15.27
208 28.9 18.55
209 0.48 9.62
210 24.03 9.08
211 25.02 23.14
212 0.17 5.63
213 13.5 11.17
214 16.03 18.62
215 1.7 24.27
216 10.98 26.64
217 0.8 27.42
218 13.71 1.84
219 5.58 27.7
220 9.72 8.22
221 16.72 8.69
222 23.96 15.55
223 5.1 1.98
224 11.61 6.38
225 26.98 17.1
226 22.76 18.16
227 6.31 23.01
228 16.7 5.45
229 24.07 19.81
230 26.61 3.73
231 12.89 25.77
232 24.19 20.11
233 21.95 25.22
234 6.44 8.9
235 28.65 10.05
236 1.26 16.17
237 14.24 16.37
238 0.87 7.74
239 14.13 1.86
240 18.96 24
241 13.16 12.11
242 6.12 24.24
243 0.69 1.99
244 4.33 5.34
245 9.07 24.76
246 21.53 1.94
247 22.05 4.49
248 0.71 28.24
249 19.66 26.53
250 7.58 7.15
251 5.84 1.83
252 0.72 20.37
253 28.11 2.6
254 4.46 1.6
255 8.12 13.24
256 7.88 5.94
257 1.18 21.29
258 5.8 25.52
259 1.87 13.39
260 9.15 10.13
261 23.59 22.46
262 26.95 13.2
263 23.96 16.65
264 25.7 10.18
265 17.34 26.15
266 27.98 15.8
267 7.17 5.7
268 8.31 28.71
269 12.83 6.29
270 2.05 12.77
271 18.72 20.95
272 24.76 9.93
273 6.46 2.42
274 15.82 1.57
275 23.22 8.33
276 13.31 7.49
277 20.7 17.82
278 16.99 11.27
279 21.45 27.18
280 24.33 13.69
281 0.49 21.31
282 27.02 23.32
283 5.55 19.19
284 8 17.85
285 1.62 18.38
286 10.33 10.05
287 2.51 2.86
288 16.81 6.1
289 19.19 20.49
290 11.34 3.63
291 22.64 13.41
292 2.23 24.65
293 18.44 14.34
294 24.05 19.22
295 3.91 22.42
296 26.25 19.38
297 25.22 15.93
298 6.12 6.79
299 24.64 1.77
300 20.15 14.12
301 6.69 8.79
302 23.17 1.49
303 19.11 20.72
304 23.73 10.98
305 26.13 9.3
306 22.71 6.07
307 13.25 19.78
308 16.64 24.95
309 26.69 2.69
310 7.63 11.69
311 13.6 1.61
312 0.06 4.89
313 11.68 9.82
314 11.6 6.18
315 2.82 7.33
316 27.64 14.27
317 15.76 21.03
318 24.28 21.81
319 15.32 17.39
320 26.69 19.01
321 7.61 12.45
322 14.75 2.93
323 10.4 20.86
324 6.07 2.4
325 25.61 8.09
326 21.22 13.71
327 1.12 10.21
328 20.04 21.28
329 9.98 12.8
330 2.65 2.64
331 16.91 24.32
332 16.36 12.81
333 5.63 15.2
334 15.11 11.64
335 13.17 20.95
336 15.92 24.33
337 27.26 20.78
338 12.64 1.68
339 15.6 20.18
340 28.27 1.24
341 26.47 12.21
342 22.43 3.02
343 6.82 27.59
344 22.91 24.99
345 27.63 28.33
346 23.65 8.09
347 20.9 27.06
348 24.78 22.53
349 16.69 9.05
350 12.52 22.42
351 17.75 0.87
352 21.65 10.97
353 12.65 27.53
354 18.71 16.82
355 0.58 10.77
356 22.98 0.5
357 3.52 27.05
358 8.16 27.93
359 23.92 21.87
360 21.2 13.59
361 4.2 5.07
362 14.66 15.85
363 9.39 7.63
364 16.68 10.44
365 15.38 8.6
366 9.47 11.73
367 22.7 4.13
368 2.66 13.65
369 12.99 17.87
370 28.64 21.37
371 4.4 13.57
372 23.14 5.14
373 4.08 19.44
374 12.31 13.82
375 9.93 28
376 15.6 4.51
377 2.89 14.14
378 21.77 1.26
379 23.22 12.28
380 3.4 20.97
381 15.22 9.61
382 13.74 12.88
383 9.05 8.92
384 9.31 16.41
385 20.3 22.04
386 18.13 8.95
387 14.1 24.7
388 15.15 12.27
389 8.61 0.7
390 11.22 9.98
391 14.5 18.54
392 15.2 26.82
393 28.08 17.39
394 12.19 19.49
395 11.47 22.31
396 2.92 15.59
397 10.99 26.69
398 18.14 28.18
399 15.59 20.04
400 24.6 27.45
401 18.93 18.42
402 25.64 13.73
403 8.52 15.55
404 16.25 23.31
405 4.3 17.13
406 18.2 27.47
407 7.82 1.32
408 1.23 4.4
409 23.9 6.9
410 11.73 13.42
411 11.53 17.89
412 27.1 14.65
413 13.84 22.53
414 25.09 16.24
415 26.22 11.95
416 12.89 20.7
417 5.43 16.15
418 14.22 21.06
419 26.89 25.48
420 13.61 1.47
421 11.46 13.71
422 15.03 14.33
423 18.74 19.28
424 8.71 16.26
425 12.2 25.16
426 14.05 20.44
427 17.62 6.26
428 28.79 12.15
429 10.92 13.98
430 25.93 7.4
431 28.1 19.66
432 18.33 21.35
433 13.41 16.06
434 12.54 3.55
435 16.54 11.3
436 25.02 8.67
437 5.53 28
438 0.81 22.57
439 21.36 24.27
440 2.95 21.04
441 12.48 4.56
442 22.34 17
443 11.67 1.1
444 15.08 4.65
445 12.06 5.11
446 24.77 23.54
447 15.89 22.68
448 9.74 14.1
449 17.65 11.82
450 5.64 4.8
451 25 5.19
452 15.72 1.66
453 6.76 1.53
454 8.32 28.05
455 20.09 28.12
456 15.2 11.27
457 10.79 3.57
458 16.2 8.55
459 13.2 22.46
460 27.58 13.8
461 19.86 25.26
462 1.47 5.87
463 19.98 18.27
464 12.61 22.73
465 27.54 20.15
466 7.87 18.26
467 2.44 6.06
468 19.11 6.11
469 5.16 9.2
470 8.32 27.43
471 21.22 25.25
472 11.34 6.05
473 14.6 3.01
474 7.99 10.06
475 6.39 27.8
476 6.59 6.57
477 12.45 8.77
478 9.57 8.06
479 13.31 14.95
480 17.62 22.18
481 11.44 11.85
482 0.43 25.49
483 14.12 13.89
484 5.61 19.54
485 17.97 19.28
486 27.05 13.94
487 19.99 21.71
488 7.24 20.92
489 13.5 17.11
490 27.43 15.24
491 4.33 2.41
492 11.19 5.02
493 24.6 28.3
494 14.25 20.76
495 25.46 20.44
496 3.29 2.88
497 10.89 7.91
498 4.32 3.73
499 5.79 25.02
500 26.82 9.93
501 6.39 6.29
502 28 7.4
503 28.32 8.9
504 26.01 6.25
505 21.49 24.34
506 26.76 24.45
507 11.99 25.82
508 7.65 20.47
509 23.75 19.12
510 10.56 21.9
511 7.3 20.21
512 10.64 25.37
513 11.62 0.72
514 8.26 26.48
515 7.42 17.42
516 23.71 6.08
517 25 25.33
518 5.24 5.23
519 23 6.84
520 2.19 13.77
521 20.74 27.01
522 6.36 11.47
523 2.94 15.26
524 5.38 14.01
525 18.43 9.21
526 0.42 27.46
527 6.35 25.74
528 8.98 22.59
529 20.07 17.98
530 17.92 28.76
531 5.84 10.01
532 17.87 24.15
533 11.9 13.37
534 20.21 5.63
535 19.4 5.91
536 3.92 22.4
537 4.87 22.67
538 8.93 10.28
539 24.29 19.33
540 28.54 25.83
541 6.81 13.73
542 21.99 11.49
543 16.6 13.16
544 13.66 13.49
545 13.25 7.67
546 0.21 14.1
547 9.25 1.61
548 14.98 18.08
549 6.23 21.16
550 9.59 6.2
551 11.12 8.15
552 1.82 13.51
553 6.32 27.52
554 17.85 10.75
555 19.1 13.13
556 9.38 28.92
557 11.41 25.91
558 21.6 2.37
559 27.38 28.01
560 18.2 6.26
561 20.37 11.63
562 24.77 18.41
563 19.01 12.14
564 15.82 10.75
565 28.47 25.24
566 4.4 25.41
567 21.45 10.6
568 9.12 17.74
569 11.02 27.77
570 11.9 9.49
571 9.41 1.12
572 9.56 21.29
573 6.18 20.82
574 2.35 2.16
575 8.42 16.09
576 27.72 20.56
577 21.49 11.31
578 23.46 23.49
579 16.77 23.03
580 19.27 10.28
581 18.22 27.76
582 9.36 6.19
583 23.94 10.67
584 9.44 1
585 22.02 5.96
586 18.6 3.86
587 7.67 2.43
588 5.78 28.16
589 1.32 25.38
590 12.47 8.13
591 11.21 21.27
592 3.58 22.71
593 28.73 15.23
594 9.26 9.56
595 2.37 28.02
596 26.78 11.05
597 17.25 20.59
598 2.26 18.67
599 2.19 23.71
600 12.19 23.22
601 9.6 24.21
602 26.65 1.79
603 0.96 28.8
604 25.18 14.95
605 5.6 2.28
606 6.07 20.17
607 25.4 28.34
608 14.57 9.66
609 1.74 7.65
610 18.19 23.83
611 5.88 4.11
612 24.7 15.98
613 17.17 23.13
614 0.36 26.96
615 3.7 19.36
616 14.58 12.55
617 25.87 13.31
618 24.63 23.75
619 21.22 26.83
620 11.63 3.33
621 23.5 26.82
622 26.16 17.71
623 9.89 2.42
624 21.6 11.73
625 6.56 11.63
626 15.75 10.79
627 9.29 23.97
628 0.62 22.97
629 3.46 26.46
630 28.35 0.99
631 25.06 7.16
632 2.99 13.93
633 20.2 21.93
634 19.76 27.62
635 1.95 12.42
636 10.24 13.92
637 14.15 7.97
638 21.92 18.93
639 1.66 24.04
640 18.19 14.52
641 7.83 19.75
642 14.72 4.94
643 27.92 28.65
644 8.63 15.34
645 27.85 13.9
646 21.06 7.98
647 21.91 23.92
648 16.85 6.58
649 5.2 13.11
650 8.05 19.14
651 4.06 18.68
652 9.17 18.3
653 8.23 18.21
654 24.77 2.09
655 28.13 21.41
656 12.16 13.96
657 18.91 18.49
658 18.14 9.4
659 7.27 0.35
660 14.25 9.29
661 17.28 6.12
662 12.56 17.83
663 24.41 10.19
664 5.83 0.42
665 19.56 12.14
666 13.34 13.88
667 14.7 6.14
668 24.35 5.03
669 18.65 22.93
670 26.87 20.12
671 5.08 17.78
672 18.79 21.55
673 1.96 6.51
674 18.38 19.45
675 28.75 20.75
676 9.39 15.15
677 15.51 17.03
678 9.74 21.96
679 22.38 22.44
680 17.1 15.57
681 11.98 24.46
682 1.6 1.44
683 6.48 26.68
684 3.14 8.47
685 11.11 25.13
686 25.43 1.01
687 5.08 16.19
688 5.23 26.75
689 17.2 18.56
690 10.31 6.13
691 21.29 28.47
692 28.02 19.71
693 24.19 7.8
694 12.76 8.77
695 6.86 0.09
696 24.55 0.87
697 13.83 18.84
698 28.05 8.67
699 28.66 20.31
700 27.96 2.19
701 14.72 10.77
702 9.48 6.92
703 4.67 19.8
704 9.37 14.71
705 3.37 4.39
706 15.39 2.2
707 4.43 24.66
708 14.98 14.41
709 23.18 28.62
710 28.71 10.26
711 11.13 12.57
712 2.41 6.78
713 26.97 24.97
714 27.8 12.98
715 15.17 26.63
716 19.92 9.29
717 16.21 12.41
718 14.74 0.41
719 26.64 -3.4
720 19.31 -6.63
721 20.35 -1.01
722 8.19 -17.22
723 2.64 -24.79
724 6.93 -5.69
725 15.96 -8.34
726 20.91 -18.17
727 7.47 -9.61
728 5.58 -5.85
729 18.83 -5.45
730 14.6 -4.39
731 13.68 -16.53
732 28.94 -5.53
733 17.46 -12.41
734 27.33 -26.2
735 3.83 -26.62
736 10.16 -0.16
737 17.39 -6.71
738 2.5 -18.35
739 6.57 -20.03
740 28.37 -9.43
741 10.12 -5.05
742 14.66 -20.29
743 26.14 -17.6
744 23.05 -2.77
745 7.16 -27.49
746 15.02 -20.17
747 8.22 -3.36
748 27.29 -26.49
749 23.69 -8.2
750 5.83 -25.62
751 8.3 -10.05
752 16.76 -15.99
753 16.86 -25.69
754 16.72 -1.78
755 11.21 -5.95
756 11 -27.62
757 1.43 -21.34
758 21.46 -8.19
759 10.96 -10.09
760 8.58 -15.51
761 18.2 -0.64
762 4 -6.13
763 3.62 -26.43
764 5.63 -13.81
765 21.95 -27.31
766 19.88 -22.98
767 9.97 -1.25
768 26.95 -7.64
769 9.42 -9.36
770 15.31 -26.19
771 7.33 -3.16
772 7.02 -8.84
773 17.03 -8.76
774 1.37 -28.48
775 26.51 -10.51
776 11.15 -21.48
777 27.61 -15.71
778 24.66 -26.67
779 11.48 -2.23
780 12.06 -12.82
781 6.8 -4.43
782 17.2 -2.95
783 22.11 -28.3
784 8.66 -15.15
785 23.87 -2.54
786 17.22 -6.49
787 15.33 -2.2
788 22.49 -6.76
789 6.24 -14.88
790 25.39 -6.38
791 27.86 -15.27
792 13.5 -7.54
793 5.21 -26.47
794 11.22 -9.17
795 21.99 -16.69
796 3.64 -23.29
797 26.24 -11.31
798 10.61 -20.85
799 18.52 -19.35
800 4.41 -19.27
801 25.77 -24.91
802 9.64 -4.15
803 10.91 -23.62
804 9.51 -14.65
805 21.03 -28.67
806 14.94 -5.9
807 24.97 -19.9
808 28.89 -10.97
809 2.66 -1.18
810 0.4 -11.12
811 16.93 -24.65
812 6.96 -15.56
813 7.41 -14.17
814 16.04 -0.1
815 19.37 -8.46
816 4.37 -2.98
817 7.13 -27.66
818 22.29 -14.01
819 28.66 -18.05
820 0.24 -14.32
821 2.74 -3.22
822 23.12 -26.71
823 8.68 -27.71
824 11.42 -5.53
825 28.17 -11.34
826 18.51 -11.82
827 27.38 -16.1
828 12.79 -7.99
829 8.09 -17.32
830 25.78 -11.36
831 14.34 -9.99
832 8.65 -12.67
833 26.69 -3.99
834 4.56 -13.46
835 27.78 -8.87
836 12.09 -4.81
837 2.52 -1.53
838 11.76 -17.73
839 5.79 -22.72
840 16.58 -23.18
841 17.52 -4.96
842 21.07 -6.09
843 25.6 -27.43
844 15.75 -16.38
845 27.74 -4.7
846 26.21 -24.05
847 7.72 -24.6
848 28.6 -17.38
849 1.85 -16.93
850 8.33 -4.16
851 8.97 -12.15
852 25.2 -20.42
853 20.68 -23.01
854 28.25 -7.97
855 13.67 -26.47
856 2.43 -15.83
857 21.92 -13.72
858 12.15 -6.02
859 4.93 -1.05
860 17.27 -27.9
861 5.47 -3.67
862 28.28 -14.48
863 2.86 -24.71
864 12.65 -10.4
865 14.56 -16.23
866 28.39 -20.98
867 23.92 -6.06
868 0.07 -7.11
869 26.6 -27.12
870 24.59 -28.33
871 15.16 -11.28
872 25 -9.55
873 27.09 -19.61
874 3.18 -19.67
875 1.09 -3.02
876 18.22 -20.45
877 5.93 -6.56
878 2.27 -0.02
879 10.42 -20.31
880 7.55 -26.44
881 18.42 -24.98
882 2.04 -18.46
883 8.09 -24.87
884 22.99 -13.64
885 24.49 -5.7
886 28.5 -1.11
887 22.18 -22.17
888 24.3 -7.02
889 26.69 -20.27
890 5.82 -27.48
891 18.93 -27.78
892 16.86 -24.04
893 24.06 -7.38
894 27.7 -19.13
895 16.58 -5.48
896 12.98 -17.77
897 18.75 -17.52
898 24.91 -26.55
899 11.19 -26.84
900 3.54 -1.43
901 2.54 -18.2
902 11.37 -14.56
903 21.58 -24.72
904 27.51 -6.68
905 5.16 -19.27
906 18.05 -4.33
907 28.37 -24.1
908 2.48 -17.43
909 7.57 -5.95
910 22.95 -12.7
911 12.99 -6.67
912 6.71 -6.94
913 16.01 -2.74
914 12.11 -2.63
915 15.58 -9.72
916 27.92 -27.17
917 12.74 -18.12
918 25.36 -21.81
919 28.49 -5.32
920 7.12 -6.39
921 10.73 -16.18
922 11.28 -7.69
923 25.13 -21.62
924 27.58 -25.28
925 20.51 -15.22
926 21.89 -4.05
927 10.99 -16.02
928 1.29 -11.12
929 25.27 -9.52
930 19.24 -13.4
931 23.09 -11.85
932 12.49 -0.68
933 22.5 -18.35
934 6.2 -20.37
935 26.77 -4.51
936 20.69 -13.32
937 3.53 -20.02
938 12.64 -14.49
939 22.3 -28.66
940 14.88 -22.74
941 26.8 -13.81
942 12.35 -19.29
943 12.94 -20.31
944 0.84 -13.64
945 27.04 -9.21
946 21.07 -2.6
947 3.29 -3.66
948 22.01 -16.08
949 7.46 -8.31
950 12.82 -28.21
951 12.53 -5.23
952 25.25 -4.52
953 19.01 -16.07
954 27.25 -20.41
955 14.16 -12.31
956 8.64 -24.66
957 26.47 -11.96
958 3.27 -21
959 5.64 -10.41
960 19.63 -15.63
961 18.24 -15.21
962 18.87 -23.22
963 10.3 -4.05
964 12.36 -23.4
965 22.62 -17.76
966 5.51 -25.18
967 0.7 -17.67
968 16.26 -13.28
969 4.7 -2.24
970 14.55 -26.04
971 21.7 -18.86
972 13.34 -5.72
973 9.24 -19.17
974 0.59 -16.61
975 14.77 -14.88
976 12.61 -2.74
977 25.96 -4.01
978 8.06 -14
979 8.41 -7.26
980 7.55 -2.94
981 28.12 -13.55
982 13.74 -13.06
983 26.35 -28.83
984 13.59 -1.01
985 27.05 -2.05
986 3.43 -28.14
987 16.38 -2.27
988 21.44 -16.77
989 15.9 -25.62
990 11.51 -4.55
991 7.29 -1.67
992 17.2 -6.64
993 3.17 -15.77
994 23.04 -7.78
995 10.72 -11.58
996 7.65 -1.59
997 14.65 -21.37
998 3.72 -21.39
999 4.92 -23.52
1000 25.57 -17.31
1001 16.45 -2.97
1002 5.24 -0
1003 28.29 -15.36
1004 11.98 -9.21
1005 25.28 -15.2
1006 28.39 -6.01
1007 12.66 -3.58
1008 19.35 -28.12
1009 6.9 -15.83
1010 9.93 -24.91
1011 26.5 -0.15
1012 21.52 -0.1
1013 21.49 -23.68
1014 18.2 -25.24
1015 13.55 -26.42
1016 11.91 -26.3
1017 8.82 -12.52
1018 27.88 -28.68
1019 20.41 -19.64
1020 5.84 -10.87
1021 28.4 -16.69
1022 2.79 -16.75
1023 15.87 -12.06
1024 10.41 -4.67
1025 0.58 -5.3
1026 5.45 -2.86
1027 2.96 -9.61
1028 4.29 -26.97
1029 5.73 -6.98
1030 15.92 -5.01
1031 13.83 -1.8
1032 25.84 -10.35
1033 21.55 -5.18
1034 24.82 -24.73
1035 18.12 -12.96
1036 12.18 -13.18
1037 0.93 -17.52
1038 12.11 -14.97
1039 19.64 -16.81
1040 22.11 -5.04
1041 7.91 -20.23
1042 0.84 -10.08
1043 19.57 -10.87
1044 0.37 -16.65
1045 4.18 -25.3
1046 9.62 -16.29
1047 26.65 -0.54
1048 5.72 -6.46
1049 2.19 -19.2
1050 14.69 -1.54
1051 14.72 -2.83
1052 2.88 -26.87
1053 12.84 -27.17
1054 26.5 -14.99
1055 20.03 -3.49
1056 6.24 -2.13
1057 12.21 -10.46
1058 3.86 -18.6
1059 17.77 -2.78
1060 10.6 -4.23
1061 20.53 -21.95
1062 22.49 -20.22
1063 26.69 -0.7
1064 2.42 -10.73
1065 23.79 -11.4
1066 25.76 -17.11
1067 14.98 -21.03
1068 19.21 -28.64
1069 26.15 -10.35
1070 13.84 -16.71
1071 18.85 -28.7
1072 21.69 -2.6
1073 21.2 -13.58
1074 16.37 -25.55
1075 0.78 -9.97
1076 14.44 -9.49
1077 0.72 -3.83
1078 16.05 -19.46
1079 1.19 -9.93
1080 3.85 -18.48
1081 6.59 -24.99
1082 17.02 -0.61
1083 11.77 -4.1
1084 14.45 -18.75
1085 17.99 -20.44
1086 2.67 -10.81
1087 13.41 -7.84
1088 3.94 -24.36
1089 20.91 -17.13
1090 9.62 -20.31
1091 12.33 -4.21
1092 19.57 -24.06
1093 26.04 -24.57
1094 5.5 -6.62
1095 25.1 -9.76
1096 17.27 -20.87
1097 21.49 -14.22
1098 18.32 -16.81
1099 6.57 -15.78
1100 18.75 -3.77
1101 14.58 -24.56
1102 14.92 -21.42
1103 28.3 -10.51
1104 27.64 -18.86
1105 21.7 -20.21
1106 6.94 -8.26
1107 14.84 -5.03
1108 0.6 -26.51
1109 15.66 -23.41
1110 4.17 -17.62
1111 9.49 -11.76
1112 25.98 -21.44
1113 9.25 -13.5
1114 11.81 -15.3
1115 1.59 -15.82
1116 22.9 -1.56
1117 22.98 -16.17
1118 26.68 -8.82
1119 10.21 -22.28
1120 25.01 -7.84
1121 27.62 -2.91
1122 19.46 -14.47
1123 23.51 -24.99
1124 19.4 -20.06
1125 20.2 -10.17
1126 4.45 -23.57
1127 16.01 -0.69
1128 25.72 -1.44
1129 28.26 -7.78
1130 6.13 -8.53
1131 10.09 -12.38
1132 11.07 -0.03
1133 20.38 -15.59
1134 20.39 -20.28
1135 28.12 -1.59
1136 16.02 -27.92
1137 24.91 -26.75
1138 5.26 -6.48
1139 9.06 -19.42
1140 12.11 -24.66
1141 19.23 -11.78
1142 12.47 -16.57
1143 0.53 -17.76
1144 8.06 -20.71
1145 0.24 -28.79
1146 23.69 -14.19
1147 25.75 -10.33
1148 8.44 -5.77
1149 26.05 -17.13
1150 1.24 -28.83
1151 10.27 -25.17
1152 5.44 -28.78
1153 17.78 -6.19
1154 25.61 -10.7
1155 17.88 -26.84
1156 9.62 -8.73
1157 7.82 -8.11
1158 8.39 -4.61
1159 25.33 -8.35
1160 19.66 -16.46
1161 1.65 -8.09
1162 0.95 -14.36
1163 20.13 -9.92
1164 27.05 -9.39
1165 20.75 -28.7
1166 7.39 -10.81
1167 10.59 -13.54
1168 19.73 -24.36
1169 6.06 -28.37
1170 8.73 -27.87
1171 19.12 -6.47
1172 26.1 -0.87
1173 17.01 -26.94
1174 6.29 -5.5
1175 4.48 -24.86
1176 3.95 -8.47
1177 22.83 -17.65
1178 27.58 -4.9
1179 25.82 -25.48
1180 25.18 -8.15
1181 18.97 -0.09
1182 13.63 -3.58
1183 27.94 -0.56
1184 11.46 -15.89
1185 14.76 -16.52
1186 5.51 -20.19
1187 21.07 -16.4
1188 14.34 -2.62
1189 8.12 -20.6
1190 16.46 -3.15
1191 23.14 -24.12
1192 12.77 -20.41
1193 7.84 -16.98
1194 24.98 -22.87
1195 2.03 -16.18
1196 16.27 -3.69
1197 18.79 -21
1198 4.08 -0.9
1199 28.31 -17.73
1200 16.77 -27.06
1201 18.26 -14.07
1202 1.47 -4.81
1203 7.43 -21.85
1204 13.45 -27.33
1205 13 -27.07
1206 22.19 -0.91
1207 3.84 -18.67
1208 6.65 -17.48
1209 11.36 -23.2
1210 10.38 -14.15
1211 17.84 -13.39
1212 16.91 -26.65
1213 10.08 -7.63
1214 7.88 -3.51
1215 1.58 -9.39
1216 5.99 -7.18
1217 11.99 -2.36
1218 6.73 -18.98
1219 17.32 -19.42
1220 17.49 -20.18
1221 3.61 -12.84
1222 2.51 -22.2
1223 10.68 -18.97
1224 13.18 -20.68
1225 17.36 -4.56
1226 17.95 -23.56
1227 3.74 -6.2
1228 25.36 -17.38
1229 20.9 -13.82
1230 23.21 -4.24
1231 11.42 -5
1232 7.36 -11.72
1233 1.71 -5.93
1234 25.35 -14.09
1235 16.79 -1.55
1236 25.91 -25.36
1237 18.56 -2.92
1238 4.41 -28.43
1239 2.63 -11.77
1240 16.33 -17.59
1241 23.68 -19.99
1242 8.72 -16.81
1243 5.19 -27.42
1244 12.24 -5.08
1245 9.32 -8.61
1246 25.13 -17.97
1247 0.7 -3.27
1248 9.2 -3.49
1249 0.1 -2.41
1250 3.96 -17.08
1251 13.44 -28.41
1252 13.85 -0.87
1253 11.82 -14.53
1254 8.82 -18.27
1255 6.86 -25.98
1256 28.49 -25.15
1257 12.96 -1.54
1258 28.96 -8.21
1259 13.29 -0.68
1260 9.29 -23.72
1261 24.22 -5.14
1262 19.93 -16.95
1263 20.44 -24.92
1264 9.85 -0.13
1265 28.73 -3.07
1266 14 -25.33
1267 8.72 -24.7
1268 21.75 -27.86
1269 17.13 -3.07
1270 0.05 -1.57
1271 26.72 -6.51
1272 19.58 -11.06
1273 19.28 -22.21
1274 22.89 -19.54
1275 25.79 -15.09
1276 20.23 -14.7
1277 2.65 -21.01
1278 28.45 -11.16
1279 22.82 -5.62
1280 20.21 -20.82
1281 17.15 -5.07
1282 0.77 -5.21
1283 4.07 -8.39
1284 11.46 -22.52
1285 6.61 -3.72
1286 10.24 -23.03
1287 5.1 -4.34
1288 26.55 -0.82
1289 2.88 -6.9
1290 21.99 -2.96
1291 17.66 -11.19
1292 3.2 -13.23
1293 6.91 -2.84
1294 8.46 -14.17
1295 5.99 -12.25
1296 17.33 -28.67
1297 16.4 -5.66
1298 14.06 -0.62
1299 5.67 -20.48
1300 6.72 -8.04
1301 2.08 -12.28
1302 28.14 -16.96
1303 17.78 -18.7
1304 25.6 -8.21
1305 11.17 -3.19
1306 14.38 -18.59
1307 14.34 -11.36
1308 14.2 -0.11
1309 14.28 -3.78
1310 27.55 -5.18
1311 16.37 -2.8
1312 8.46 -27.4
1313 28.03 -3.77
1314 6.77 -5.04
1315 13.09 -16.22
1316 28.5 -13.5
1317 12.98 -26.69
1318 27.91 -10.17
1319 18.38 -13.29
1320 16.48 -24.51
1321 25.62 -12.08
1322 23.44 -13.38
1323 13.49 -22.49
1324 26.27 -20.16
1325 25.34 -10.3
1326 13.1 -24.82
1327 23.23 -24.23
1328 28 -21.56
1329 9.13 -4.78
1330 3.52 -17.3
1331 1.8 -22.22
1332 2.43 -3.02
1333 24.71 -26.3
1334 10.59 -1.34
1335 25.85 -14.1
1336 26.18 -27.07
1337 11.46 -4.99
1338 27.48 -20.62
1339 23.3 -7.47
1340 17.77 -24.75
1341 3.1 -2.16
1342 26.39 -1.87
1343 5.96 -8.85
1344 25.15 -7.91
1345 25.21 -15.09
1346 19.83 -28.67
1347 14.21 -9.53
1348 6.84 -22.26
1349 23.6 -9.93
1350 24.03 -17.43
1351 27.03 -2.97
1352 19.48 -3.73
1353 6.87 -21.01
1354 28.48 -17.97
1355 25.24 -1.17
1356 3.33 -17.26
1357 1.65 -10.86
1358 19.71 -12.24
1359 20.15 -7.61
1360 5.22 -27.38
1361 27.05 -27.89
1362 19.94 -25.05
1363 0.83 -23.79
1364 4.72 -26.78
1365 26.74 -6.95
1366 9.92 -11.27
1367 15 -7.29
1368 10.82 -0.41
1369 0.9 -21.87
1370 5.56 -10.3
1371 10.08 -26.14
1372 19.53 -8.89
1373 3.65 -23.26
1374 13.39 -10.24
1375 20.15 -23.8
1376 22.69 -18.62
1377 26.19 -0.72
1378 24.51 -13.64
1379 22.94 -27.03
1380 4.98 -11.75
1381 23.02 -3.2
1382 22.01 -26.43
1383 9.36 -20.54
1384 24.93 -3.83
1385 25.66 -10.26
1386 18.92 -1.49
1387 21.9 -6.74
1388 12.52 -9.45
1389 2.22 -25.55
1390 2.88 -25.92
1391 15.54 -4.89
1392 5.61 -8.09
1393 4.25 -24.25
1394 22.28 -1.13
1395 12.88 -9.72
1396 12.92 -9.79
1397 7.22 -18.43
1398 21.49 -5.94
1399 21.29 -28.1
1400 20.88 -17.43
1401 1.44 -17.95
1402 7.22 -10.8
1403 2.78 -23.35
1404 2.42 -19.74
1405 16.66 -16.52
1406 21.41 -5.3
1407 13.4 -14.72
1408 9.98 -27.02
1409 10.67 -0.17
1410 9.89 -3.26
1411 13.05 -6.08
1412 7.03 -22.82
1413 11.28 -2.79
1414 1.89 -28.52
1415 16.95 -15.09
1416 4.05 -22.77
1417 16.1 -18.4
1418 24.27 -11.27
1419 2.01 -1.4
1420 17.92 -26.69
1421 14.52 -1.2
1422 15.92 -10.33
1423 19.87 -10.44
1424 10.61 -25.9
1425 11.69 -13.07
1426 19.15 -20.51
1427 25.85 -7.26
1428 10.06 -26.18
1429 25.7 -19.65
1430 5.74 -23.47
1431 17.25 -25.18
1432 26.1 -21.31
1433 3.58 -15.87
1434 17.27 -21.37
1435 1.58 -17.12
1436 0.84 -17.71
1437 10.56 -16.1
1438 -9.06 -16.76
1439 -25.19 -1.43
1440 -26.02 -19.68
1441 -22.71 -7.88
1442 -15.14 -16.17
1443 -13.35 -2.08
1444 -21.73 -7.72
1445 -2.2 -21.58
1446 -0.28 -9.99
1447 -2.31 -1.97
1448 -17.84 -26.38
1449 -18.75 -17.41
1450 -17.05 -17.63
1451 -17.86 -2.85
1452 -18.96 -17.89
1453 -5.66 -28.42
1454 -12.37 -10.54
1455 -1.22 -13.37
1456 -21.25 -9.4
1457 -25.57 -6.45
1458 -8.53 -7.39
1459 -15.12 -21.45
1460 -25.55 -12.78
1461 -5.3 -28.84
1462 -1.81 -25.83
1463 -23.21 -19.13
1464 -7.54 -2.17
1465 -2.32 -24.48
1466 -27.33 -7.12
1467 -25.01 -20.18
1468 -19.6 -28.81
1469 -10.36 -13.19
1470 -26.56 -2.97
1471 -23.89 -23.1
1472 -0.56 -18.81
1473 -8.73 -2.99
1474 -24.44 -20.61
1475 -15.92 -6.37
1476 -17.73 -3.51
1477 -0.34 -21.22
1478 -22.87 -19.54
1479 -4.23 -6.07
1480 -1.55 -1.41
1481 -20.05 -6.55
1482 -26.73 -11.4
1483 -11.22 -16.07
1484 -11.78 -28.85
1485 -14.34 -21.58
1486 -15.68 -9.35
1487 -10.68 -9.24
1488 -12.23 -27.76
1489 -1.9 -1.93
1490 -19.82 -19.19
1491 -22.7 -17.82
1492 -21.56 -8.55
1493 -28.09 -5.56
1494 -23.15 -15.43
1495 -28.36 -14.84
1496 -21.39 -24.7
1497 -7.1 -1.94
1498 -18.01 -1.64
1499 -1.49 -0.84
1500 -22.42 -0.79
1501 -21.66 -27.36
1502 -7.6 -20.63
1503 -1.91 -14.87
1504 -16.8 -2.35
1505 -21.54 -3.81
1506 -4.15 -7.63
1507 -16.18 -26.76
1508 -14.84 -8.23
1509 -6.18 -26.8
1510 -12.64 -8.99
1511 -16.21 -5.55
1512 -7.49 -16.56
1513 -18.2 -5.83
1514 -6.68 -8.02
1515 -20.33 -2.22
1516 -0.58 -11.62
1517 -14.77 -13
1518 -27.87 -8.18
1519 -22.05 -16.69
1520 -20.5 -27.19
1521 -5.82 -26.11
1522 -23.87 -7.18
1523 -15.41 -4.53
1524 -2.33 -21.23
1525 -1.22 -21.6
1526 -9.67 -26.49
1527 -14.05 -17.43
1528 -23.26 -28.68
1529 -7.7 -3.26
1530 -5.48 -12.46
1531 -24.09 -10.55
1532 -6.07 -6.06
1533 -25.76 -9.86
1534 -9.07 -4.94
1535 -14.66 -18.81
1536 -15.92 -12.1
1537 -19.28 -20.48
1538 -7.53 -22.31
1539 -14.54 -5.69
1540 -9.81 -9.86
1541 -7.36 -27.28
1542 -27.23 -19.48
1543 -19.16 -3.93
1544 -7.19 -21.49
1545 -16.48 -9.38
1546 -2.46 -24.19
1547 -12.77 -11.57
1548 -3.95 -8.53
1549 -25 -21.05
1550 -22.38 -13.03
1551 -7.65 -10.66
1552 -13.66 -20.82
1553 -14.13 -26.93
1554 -15.14 -21.2
1555 -13.58 -11.19
1556 -20.99 -24.96
1557 -26.96 -3.46
1558 -7.4 -19.22
1559 -23.24 -28.65
1560 -20.55 -26.11
1561 -21.31 -10.72
1562 -4.81 -23.01
1563 -2.55 -16.6
1564 -8.66 -8.76
1565 -4.31 -10.07
1566 -20.73 -2.04
1567 -22.87 -11.96
1568 -21.41 -5.39
1569 -9.11 -19.52
1570 -13.24 -19.08
1571 -15.04 -22.7
1572 -8.68 -16.75
1573 -6.98 -24.52
1574 -24.17 -16.08
1575 -13.2 -1.22
1576 -11.94 -15.73
1577 -9.74 -17.03
1578 -4.63 -16.75
1579 -8.03 -23.81
1580 -4.88 -13.29
1581 -26.86 -23.87
1582 -18.35 -8.13
1583 -25.05 -3.25
1584 -5.29 -10.77
1585 -0.85 -5.16
1586 -10.38 -1.05
1587 -17.81 -27.41
1588 -22.93 -19.07
1589 -17.67 -24.79
1590 -26.01 -0.63
1591 -16.36 -1.87
1592 -18.9 -20.47
1593 -19.74 -8.62
1594 -14.96 -6.06
1595 -19.35 -27.77
1596 -5.16 -2.36
1597 -10.5 -28.73
1598 -2.98 -23.52
1599 -16.81 -6.55
1600 -23.23 -8.28
1601 -9.33 -0.18
1602 -10.11 -4.62
1603 -6.21 -9.66
1604 -5.45 -15.56
1605 -16.19 -23.88
1606 -8.28 -13.98
1607 -5.45 -15.07
1608 -6.22 -9.7
1609 -15.76 -25.19
1610 -6.49 -3.7
1611 -6.06 -17.64
1612 -17.37 -23.17
1613 -0.21 -28.08
1614 -5.63 -2.88
1615 -22.68 -17.02
1616 -28.72 -11.39
1617 -16.01 -14.53
1618 -24.2 -21.35
1619 -7.92 -4.74
1620 -11.14 -0.65
1621 -14.64 -6.63
1622 -21.71 -1.94
1623 -11.65 -2.61
1624 -27.81 -10.45
1625 -14.15 -9.93
1626 -10.09 -16.82
1627 -10.99 -2.73
1628 -1.82 -9.99
1629 -12.87 -11.21
1630 -10.75 -7.45
1631 -18.84 -6.55
1632 -21.08 -22
1633 -14.35 -17.37
1634 -4.63 -16.28
1635 -28.46 -22.27
1636 -11.43 -15.78
1637 -17.72 -25.62
1638 -28.23 -4.14
1639 -26.11 -11.89
1640 -4.35 -27.04
1641 -26.38 -11.26
1642 -13.99 -14.44
1643 -24.43 -19.9
1644 -13.63 -27.33
1645 -5.79 -8.3
1646 -26.37 -6.9
1647 -28.9 -7.15
1648 -7.05 -0.98
1649 -28.78 -25.78
1650 -19.05 -11.68
1651 -9.98 -28.24
1652 -24.86 -1.48
1653 -17.14 -10.23
1654 -4.64 -24.1
1655 -4.66 -25.77
1656 -8.03 -8.99
1657 -23.44 -13.57
1658 -15.99 -4.55
1659 -14.4 -1.39
1660 -21.22 -0.62
1661 -7.52 -20.19
1662 -9.87 -18.59
1663 -2.09 -18.95
1664 -15.73 -28.44
1665 -22.64 -1.88
1666 -12.64 -17.3
1667 -1.31 -3.63
1668 -25.38 -8.51
1669 -15.13 -0.97
1670 -26.75 -1.02
1671 -10.02 -2.31
1672 -27.4 -17.3
1673 -4.37 -15.98
1674 -17.37 -14.39
1675 -15.01 -18.78
1676 -9.97 -9.59
1677 -10.71 -5.06
1678 -24.01 -2.36
1679 -1.8 -12.8
1680 -26.2 -22.26
1681 -10.56 -6.97
1682 -10.6 -9.85
1683 -0.88 -23.39
1684 -24.37 -6.98
1685 -19.52 -27.53
1686 -0.84 -22.12
1687 -10.42 -0.54
1688 -28.04 -28.25
1689 -25.16 -14.8
1690 -4.58 -16.42
1691 -8.53 -11.18
1692 -27.76 -26.07
1693 -10.96 -19.24
1694 -14.57 -5.29
1695 -27.55 -24.28
1696 -2.25 -11.77
1697 -21.62 -20.63
1698 -15.03 -24.37
1699 -13.87 -5.02
1700 -3.55 -10.4
1701 -15.04 -4.4
1702 -16.46 -4.4
1703 -15.17 -25.46
1704 -22.78 -15.51
1705 -14.45 -11.33
1706 -5.03 -9.88
1707 -18.48 -22.98
1708 -24.75 -3.79
1709 -9.08 -0.44
1710 -7.24 -21.84
1711 -16.13 -7.63
1712 -10.79 -9.5
1713 -4.87 -8.76
1714 -25.3 -25.82
1715 -18.74 -1.27
1716 -5.67 -28.86
1717 -4.26 -4.78
1718 -12.76 -4.65
1719 -20.16 -1.95
1720 -24.8 -6.55
1721 -27.95 -17.13
1722 -22.64 -0.84
1723 -4.63 -17.43
1724 -0.39 -18.39
1725 -22.75 -25.24
1726 -15.39 -7.64
1727 -17.14 -9.88
1728 -1.16 -26.18
1729 -5.52 -4.53
1730 -17.32 -26.47
1731 -26.33 -24.26
1732 -0.04 -22.99
1733 -27.65 -13.11
1734 -26.58 -12.81
1735 -1.88 -1.33
1736 -18.47 -22.38
1737 -23.22 -12.35
1738 -0.79 -12.11
1739 -13.02 -10.38
1740 -18.14 -12.7
1741 -20.34 -18.29
1742 -28.17 -4.53
1743 -13.24 -20
1744 -7.06 -11.86
1745 -9.33 -18.76
1746 -14.03 -24.38
1747 -0.9 -18.18
1748 -13.81 -25.59
1749 -20.92 -11.07
1750 -12.4 -11.39
1751 -16.29 -5.32
1752 -17.68 -13.39
1753 -8.02 -22.04
1754 -14.94 -0.99
1755 -13.69 -3.56
1756 -21.85 -4.08
1757 -20.13 -5.04
1758 -25.04 -3.55
1759 -15.41 -15.89
1760 -5.66 -3.1
1761 -10.01 -7.26
1762 -7.96 -2.21
1763 -27.8 -10.91
1764 -21.98 -4.29
1765 -15.68 -2.25
1766 -7.57 -16.9
1767 -1.3 -14.49
1768 -7.53 -25.25
1769 -26.24 -20.84
1770 -24.41 -22.47
1771 -9.07 -10.94
1772 -27.5 -28.78
1773 -14.85 -0.21
1774 -16.1 -6.06
1775 -20.69 -1.26
1776 -20.04 -4.28
1777 -18.01 -1.7
1778 -12.61 -10.52
1779 -14.81 -28.34
1780 -1.59 -5.59
1781 -22.49 -13.01
1782 -27.51 -9.16
1783 -16.94 -6.31
1784 -27.16 -6.04
1785 -11.04 -25.7
1786 -19.16 -5.09
1787 -4.87 -20.11
1788 -2.84 -17.66
1789 -23.73 -19.73
1790 -3.51 -18.95
1791 -5.75 -15.42
1792 -28.64 -6.08
1793 -28.12 -23.77
1794 -5.63 -12.25
1795 -0.36 -13.94
1796 -26.95 -7.22
1797 -27.9 -5.37
1798 -23.21 -7.98
1799 -25.55 -15.84
1800 -24.07 -21.37
1801 -8.98 -7.59
1802 -27.7 -14.23
1803 -2.9 -13.85
1804 -16.1 -1.55
1805 -3.02 -9.15
1806 -7.09 -19.62
1807 -8.22 -20.29
1808 -26.58 -6.73
1809 -18.98 -7.34
1810 -21.28 -3.21
1811 -21.95 -1.86
1812 -18.75 -1.76
1813 -21.26 -20.86
1814 -19.22 -12.96
1815 -16.85 -17.81
1816 -25.4 -14.29
1817 -28.53 -25.83
1818 -22.21 -6.63
1819 -8.18 -13.95
1820 -23.1 -9.31
1821 -11.45 -22.72
1822 -14.01 -1.19
1823 -7.92 -19.67
1824 -27.02 -11.6
1825 -26.33 -9.42
1826 -22.8 -1.82
1827 -15.1 -19.29
1828 -22.67 -24.07
1829 -8.04 -7.37
1830 -25.18 -24.41
1831 -21.23 -24.89
1832 -4.25 -4.11
1833 -10.74 -20.76
1834 -17.23 -26.46
1835 -6.77 -1.44
1836 -24.16 -22.85
1837 -24.04 -18.23
1838 -20.42 -20.69
1839 -14.81 -14.48
1840 -6.42 -18.44
1841 -20.27 -12.15
1842 -13.96 -11.74
1843 -6.81 -6.37
1844 -25.26 -7.63
1845 -3.04 -14.85
1846 -22.27 -21.45
1847 -25.56 -6.79
1848 -10.07 -9.04
1849 -6.5 -18.82
1850 -20.26 -27.3
1851 -21.15 -24.79
1852 -25.54 -15.42
1853 -18.63 -27.71
1854 -24.71 -16.97
1855 -17.93 -4.45
1856 -16.6 -13.65
1857 -25.39 -20.72
1858 -9.62 -13.08
1859 -20.71 -14.73
1860 -0.58 -5.88
1861 -9.85 -6.27
1862 -13.07 -5.37
1863 -25.93 -17.93
1864 -7.75 -23.14
1865 -3.97 -14.95
1866 -22.27 -28.01
1867 -25.95 -25.12
1868 -6.36 -18.81
1869 -18.3 -15.59
1870 -2.56 -2.07
1871 -15.73 -7.24
1872 -27.96 -19.16
1873 -3.24 -23.64
1874 -9.37 -8.58
1875 -14.47 -6.47
1876 -24.26 -21.48
1877 -9.37 -24.32
1878 -13.26 -19.85
1879 -14 -6.31
1880 -3.78 -3.53
1881 -2.55 -0.49
1882 -25.61 -26.05
1883 -15.87 -11.02
1884 -9.13 -14.49
1885 -28.09 -16.69
1886 -23.93 -11.69
1887 -13.37 -26.34
1888 -20.98 -5.42
1889 -14 -28.13
1890 -17.12 -12.88
1891 -5.36 -10.99
1892 -17.84 -12.39
1893 -3.24 -26.25
1894 -15.08 -13.62
1895 -17.15 -28.76
1896 -0.25 -18.87
1897 -15.92 -2.22
1898 -13.25 -8.39
1899 -22.88 -14.31
1900 -2.01 -4.9
1901 -16.6 -4.49
1902 -1.83 -8.46
1903 -13.88 -12.49
1904 -11.63 -22.82
1905 -6.7 -27.89
1906 -21.4 -28.75
1907 -23.66 -23.58
1908 -20.83 -10.24
1909 -23.86 -26.91
1910 -9.19 -6.92
1911 -8.31 -12.02
1912 -25.76 -9.45
1913 -0.36 -24.23
1914 -9.55 -10.01
1915 -26.44 -23.24
1916 -10.26 -23.08
1917 -2.54 -25.56
1918 -9.05 -12.09
1919 -17.43 -16.43
1920 -26.84 -3.2
1921 -14.48 -6.65
1922 -1.23 -1.76
1923 -12.01 -9.14
1924 -18.57 -4.59
1925 -23.03 -18.39
1926 -1.41 -27.77
1927 -8.22 -2.34
1928 -26.57 -27.18
1929 -19.71 -20.1
1930 -25.86 -18.64
1931 -24.24 -28.67
1932 -25.23 -7.12
1933 -19.22 -9.31
1934 -8.26 -16.81
1935 -20.01 -7.65
1936 -14.31 -6.1
1937 -19.38 -5.49
1938 -26.16 -27.06
1939 -2.65 -2.39
1940 -20.79 -15.73
1941 -14.5 -25.68
1942 -10.54 -4.72
1943 -14.42 -5.24
1944 -25.34 -19.64
1945 -20.8 -16.66
1946 -16.33 -22.21
1947 -11.85 -16.05
1948 -25.36 -24.09
1949 -11.9 -2.07
1950 -9.73 -4.62
1951 -22.24 -14.43
1952 -19.93 -6.56
1953 -4.62 -12.62
1954 -26.54 -28.61
1955 -15.34 -7.28
1956 -15.48 -0.85
1957 -5.57 -12.37
1958 -0.13 -26.03
1959 -16.67 -20
1960 -19.18 -8
1961 -12.73 -8.47
1962 -7.04 -6.51
1963 -13.12 -24.58
1964 -26.66 -3.4
1965 -19.54 -25.02
1966 -10.46 -18.91
1967 -25.47 -24.3
1968 -19.45 -12.91
1969 -12.52 -1.09
1970 -8.37 -16.99
1971 -17.84 -10.38
1972 -22.75 -6.38
1973 -3.41 -23.41
1974 -25.93 -5.41
1975 -13.41 -2.6
1976 -22.59 -27.63
1977 -16.67 -26.14
1978 -21.72 -0.64
1979 -15.56 -0.79
1980 -25.82 -1.9
1981 -20.81 -6.11
1982 -1.41 -18.8
1983 -14.23 -28.8
1984 -0.9 -20.86
1985 -20.37 -26.75
1986 -8.13 -20.79
1987 -27.17 -9.21
1988 -15.15 -13.41
1989 -18.82 -13.1
1990 -15.7 -23.6
1991 -22.24 -14.75
1992 -23.41 -9.3
1993 -9.94 -21.43
1994 -22.22 -27.65
1995 -0.56 -25.5
1996 -14.13 -1.56
1997 -20.36 -3.89
1998 -3.7 -27.07
1999 -18.93 -5.59
2000 -14.86 -16.12
2001 -7.91 -21.83
2002 -13.56 -5.52
2003 -1.45 -6.09
2004 -19.19 -28.71
2005 -5.84 -2.79
2006 -17.54 -17.42
2007 -26.72 -10.6
2008 -3.03 -11.95
2009 -10.6 -19.18
2010 -15.68 -7.77
2011 -9.34 -22.68
2012 -26.58 -12.34
2013 -10.41 -12.22
2014 -0.34 -12.8
2015 -28.92 -11.86
2016 -4.69 -26.72
2017 -3.24 -7.83
2018 -25.44 -18.26
2019 -0.49 -4.69
2020 -19 -27.16
2021 -15.58 -17.85
2022 -28.45 -7.54
2023 -2.01 -13.3
2024 -15 -14
2025 -21.78 -24.14
2026 -17.82 -1.68
2027 -14.02 -13.64
2028 -25.86 -26.92
2029 -10.72 -6.95
2030 -18.82 -8.72
2031 -6.45 -10.64
2032 -18.48 -23.51
2033 -24.29 -21.21
2034 -8.43 -26.44
2035 -24.6 -24.79
2036 -25.16 -27.43
2037 -17.5 -11.18
2038 -7 -24.62
2039 -21.14 -19.51
2040 -14.65 -22
2041 -6.21 -25.44
2042 -10.08 -15
2043 -12.92 -2.75
2044 -9.71 -18.47
2045 -27.19 -23.65
2046 -5.29 -28.53
2047 -5.56 -16.16
2048 -8.38 -6.29
2049 -3.74 -0.86
2050 -8.17 -16.81
2051 -26.76 -28.34
2052 -22.05 -4.33
2053 -11.47 -15.26
2054 -17.3 -0.05
2055 -22.06 -3.62
2056 -0.06 -2.95
2057 -0.47 -10.79
2058 -13.54 -21.67
2059 -11.14 -13.4
2060 -19.57 -23.25
2061 -5.3 -20.85
2062 -19.54 -24.86
2063 -13.68 -10.87
2064 -11.73 -27.92
2065 -27.25 -28.94
2066 -10.8 -19.9
2067 -24.23 -7.53
2068 -22.8 -3.85
2069 -3.91 -18.23
2070 -21.85 -11.1
2071 -25.57 -8.49
2072 -19.28 -4.43
2073 -26.1 -26.05
2074 -21.97 -15.34
2075 -21.12 -19.76
2076 -23.14 -12.54
2077 -19.92 -26.42
2078 -8.29 -13.68
2079 -24.12 -4.6
2080 -16.06 -2.54
2081 -4.96 -4.89
2082 -12.42 -26.87
2083 -1.72 -11.72
2084 -0.95 -6.22
2085 -28.84 -17.15
2086 -8.16 -5.32
2087 -9.75 -25.42
2088 -4.99 -9.96
2089 -25.31 -18.38
2090 -9.14 -26.96
2091 -10.5 -28.95
2092 -26.37 -14.8
2093 -28.48 -1.42
2094 -17.55 -17.19
2095 -2.25 -23.6
2096 -28.49 -16.13
2097 -14 -7.22
2098 -18.94 -23.44
2099 -0.66 -27.25
2100 -26.92 -2.41
2101 -7.73 -0.51
2102 -8.45 -6.09
2103 -27.57 -0
2104 -18.38 -13.44
2105 -22.92 -6.4
2106 -6.35 -10.05
2107 -24.85 -15.94
2108 -28.88 -3.73
2109 -3.44 -6.86
2110 -12.98 -28.95
2111 -16.09 -5.69
2112 -24.43 -24
2113 -18.44 -1.09
2114 -10.86 -25.89
2115 -28.3 -19.1
2116 -2.13 -8.79
2117 -14.88 -18.55
2118 -18.56 -22.1
2119 -18.06 -13.45
2120 -19.86 -19.46
2121 -12.03 -11.98
2122 -27.92 -8.73
2123 -12.46 -7.89
2124 -26.27 -10.33
2125 -10.28 -27.42
2126 -4.12 -10.25
2127 -16.77 -26.37
2128 -27.47 -11.07
2129 -7.97 -6.21
2130 -7.84 -20.85
2131 -0.64 -7.27
2132 -8.35 -21.49
2133 -14.6 -15.52
2134 -11.5 -26.91
2135 -28.89 -3.66
2136 -27.17 -13.88
2137 -22.61 -11.93
2138 -2.34 -8.61
2139 -18.94 -17.6
2140 -27.54 -28.61
2141 -21.38 -0.23
2142 -9.12 -14.18
2143 -25.26 -9.16
2144 -26.89 -7.59
2145 -28.45 -4.23
2146 -23.02 -5.73
2147 -27.23 -11.61
2148 -9.66 -2.37
2149 -11.8 -24.35
2150 -10.53 -3.68
2151 -17.56 -11.7
2152 -23.63 -8.7
2153 -28.84 -22.69
2154 -22.81 -25.97
2155 -8.1 -18.78
2156 -1.53 -21.36
2157 -6.54 0.48
2158 -21.16 10.66
2159 -0.77 14.32
2160 -18.55 19.06
2161 -24.79 11.74
2162 -23.36 24.1
2163 -26.47 5.54
2164 -12.41 4.02
2165 -7.7 20.8
2166 -3.5 22.95
2167 -2.65 7.78
2168 -12.99 9.65
2169 -18.14 14.01
2170 -3.8 18.33
2171 -22.21 26.24
2172 -9.24 16.85
2173 -27.51 11.27
2174 -25.6 12.93
2175 -2.99 10.81
2176 -22.55 26.67
2177 -21.77 10.3
2178 -27.37 28.43
2179 -3.45 1.77
2180 -22.57 10.78
2181 -4.73 22.67
2182 -12.97 8.59
2183 -0.76 18.91
2184 -3.92 25.97
2185 -26.82 18.9
2186 -27.66 19.24
2187 -18.62 20.03
2188 -2.3 19.42
2189 -3.35 17.13
2190 -27.94 27.9
2191 -25.58 17.86
2192 -28.17 4.02
2193 -3.45 18.35
2194 -2.64 9.06
2195 -19.84 18.43
2196 -23.62 25.21
2197 -4.8 7.1
2198 -8.53 7.6
2199 -16.09 5.56
2200 -6.98 23.97
2201 -25.74 25.43
2202 -16.46 5.64
2203 -25.07 15.36
2204 -3.49 18.76
2205 -0.19 10.94
2206 -28.81 13.96
2207 -0.5 25.77
2208 -26.64 27.98
2209 -19.56 15.47
2210 -16.42 0.29
2211 -8.02 21.92
2212 -0.02 11.05
2213 -1.17 24.35
2214 -12.43 20.07
2215 -15.05 28.78
2216 -25.21 19.42
2217 -7.58 11.79
2218 -27.15 24.19
2219 -13.95 15.17
2220 -26.12 13.16
2221 -9.64 25.66
2222 -4.95 25.93
2223 -7.43 10.14
2224 -25.62 2.6
2225 -14.41 26.99
2226 -19.91 13.04
2227 -6.61 4.95
2228 -0.3 2.46
2229 -22.53 19.3
2230 -19.08 24.26
2231 -14.68 8.58
2232 -2.89 26.81
2233 -22 4.78
2234 -19.96 1.04
2235 -14.21 18.48
2236 -15.14 28.6
2237 -25.53 23.85
2238 -16.52 20.1
2239 -5.22 15.48
2240 -24.99 13.14
2241 -8.7 2.15
2242 -18.62 15.9
2243 -0.88 26.84
2244 -17.14 18.93
2245 -25.71 5.94
2246 -14.52 18.75
2247 -16.56 11.39
2248 -27.69 17.42
2249 -0.98 21.09
2250 -10.57 1.17
2251 -0.77 15.19
2252 -21.57 8.23
2253 -10.85 26.3
2254 -12.78 9.09
2255 -4.75 27.59
2256 -0.74 20.29
2257 -7.2 24.97
2258 -22.81 19.37
2259 -20.82 19.6
2260 -25.54 10.96
2261 -12.23 17.53
2262 -11.44 22.59
2263 -22.53 11.31
2264 -3.4 21.65
2265 -22.83 23.51
2266 -21.23 25.49
2267 -16.25 23.6
2268 -20.91 13.8
2269 -5.41 27.1
2270 -25.7 16.21
2271 -7.51 10.16
2272 -17.65 8.96
2273 -28.33 26.23
2274 -28.35 11.47
2275 -4.95 2.67
2276 -2.72 24.9
2277 -1.01 17.18
2278 -28.49 14.16
2279 -6.82 23.54
2280 -0.57 14.42
2281 -10.91 0.65
2282 -6.77 21.8
2283 -18.12 9.68
2284 -7.79 10.2
2285 -8.94 23.53
2286 -16.21 4.49
2287 -24.97 27.97
2288 -7.72 16.39
2289 -27.86 6.83
2290 -9.5 7.07
2291 -14.49 15.33
2292 -15.03 12.23
2293 -8.91 15.5
2294 -10.04 26.04
2295 -11.46 27.25
2296 -10.42 22.14
2297 -14.94 4.9
2298 -14.58 17.2
2299 -27.4 15.59
2300 -21.64 4.89
2301 -20.9 18.86
2302 -17.83 8.86
2303 -25.25 16.88
2304 -23.71 25.55
2305 -3.63 6.63
2306 -21.96 4.21
2307 -27.96 18.12
2308 -16.15 19.51
2309 -16.55 19.4
2310 -0.17 8.71
2311 -1.85 28.02
2312 -15.44 10.6
2313 -10.32 16.8
2314 -3.39 12.54
2315 -17.44 20.24
2316 -10.11 7.55
2317 -16.41 9.34
2318 -26.22 27.94
2319 -24.5 24.18
2320 -13.33 20.93
2321 -7.67 10.65
2322 -11.29 17.81
2323 -8.32 18.15
2324 -20.07 27.44
2325 -7.16 7.4
2326 -6.42 20.25
2327 -13.37 20.53
2328 -19.85 4.38
2329 -16.92 23.69
2330 -26.45 23.24
2331 -1.8 5.36
2332 -26.23 7.56
2333 -18.03 0.73
2334 -7.44 23.45
2335 -26.91 25.05
2336 -18.22 3.29
2337 -3.63 17.1
2338 -17.77 0.51
2339 -10.48 11.95
2340 -19.35 8.85
2341 -11.62 0.16
2342 -20.69 8.29
2343 -24.19 24.99
2344 -2.2 11.55
2345 -17.31 12.12
2346 -0 28.65
2347 -18.74 1.63
2348 -13.89 8.75
2349 -14.73 7.77
2350 -15.34 3.85
2351 -7.14 24.16
2352 -12.26 4.56
2353 -16.59 22.29
2354 -16.77 12.55
2355 -3.92 27.07
2356 -9.75 18.64
2357 -26.94 15.54
2358 -11.53 1.45
2359 -24.52 4.65
2360 -28.29 13.73
2361 -24.91 12.83
2362 -14.47 28.3
2363 -19.57 14.65
2364 -4.94 10.88
2365 -14.73 5.3
2366 -0.46 20.28
2367 -7.36 4.39
2368 -26.69 24.24
2369 -7.8 6.47
2370 -16.07 14.46
2371 -4.1 11.72
2372 -9.79 25.82
2373 -9.79 13.56
2374 -18.22 21.32
2375 -17.58 5.31
2376 -18.15 0.03
2377 -10.85 13.49
2378 -28.14 15.14
2379 -26.02 1.43
2380 -6.73 4.08
2381 -6.88 23.27
2382 -27.66 7.2
2383 -2.44 25.76
2384 -14.75 7.87
2385 -22.33 21.76
2386 -4.49 1.82
2387 -27.65 8.96
2388 -5.04 25.8
2389 -18.12 8.44
2390 -25.28 5.78
2391 -5.82 6.7
2392 -2.71 14.43
2393 -0.57 16.67
2394 -18.1 1.85
2395 -17.45 9.11
2396 -3.38 7.36
2397 -14.56 6.85
2398 -15.13 13.56
2399 -21.44 28.52
2400 -21.29 0.89
2401 -14.23 26.29
2402 -17.77 8.3
2403 -5.1 24.4
2404 -15.37 22.82
2405 -11.12 5.74
2406 -12.45 11.65
2407 -26.08 16.94
2408 -16.14 26.68
2409 -11.06 9.17
2410 -0.8 16.76
2411 -24.12 11.03
2412 -17.89 4.18
2413 -17.74 9.68
2414 -20.73 15.54
2415 -27.95 21.7
2416 -19 13.02
2417 -21.32 13.19
2418 -8.59 19.29
2419 -13.11 8.94
2420 -14.68 23.96
2421 -6.61 6.76
2422 -23.7 9.65
2423 -7.34 3.69
2424 -24.38 22.36
2425 -10.13 18.4
2426 -0.43 25.18
2427 -11.88 16.77
2428 -8.98 0.84
2429 -16.39 12.15
2430 -4.85 0.71
2431 -13.73 15.34
2432 -11.05 6.37
2433 -25.67 17.57
2434 -9.03 19.65
2435 -14.61 21.3
2436 -28.06 23.71
2437 -4.37 21.23
2438 -7.44 5.29
2439 -10.17 23.23
2440 -24.15 14.35
2441 -10.53 2.82
2442 -19.6 24.58
2443 -7.95 22.42
2444 -17.09 28.58
2445 -0.29 6.86
2446 -4.72 21.94
2447 -10.84 25.54
2448 -14.11 15.78
2449 -6.43 19.03
2450 -11.33 23.14
2451 -0.37 21.04
2452 -24.79 21.92
2453 -9.73 16.26
2454 -10.49 14.76
2455 -0.11 19.9
2456 -22.73 5.64
2457 -12.75 10.64
2458 -15.58 13.33
2459 -24.43 20.7
2460 -10.08 3.67
2461 -8.14 24.72
2462 -21.26 14.8
2463 -1.58 1.5
2464 -20.53 17.89
2465 -23.55 8.01
2466 -11.58 2.86
2467 -7.3 23.92
2468 -22.71 18.89
2469 -4.65 17.03
2470 -19.46 4.2
2471 -21.37 4.76
2472 -26.93 13.19
2473 -9.04 5.12
2474 -8.34 25.03
2475 -11.23 4.47
2476 -11.71 18.42
2477 -15.74 19.37
2478 -20.87 3.97
2479 -4.38 17.33
2480 -7.86 12.4
2481 -26.78 27.93
2482 -5.37 1.96
2483 -20.86 5.09
2484 -4.64 28.08
2485 -14.81 8.03
2486 -12.8 24.1
2487 -19.81 18.7
2488 -6.34 10.73
2489 -18.28 28.85
2490 -15.84 26.2
2491 -15.62 0.51
2492 -19.88 27.55
2493 -2.52 13.88
2494 -13.73 23.27
2495 -18.19 18.42
2496 -17.35 21.6
2497 -6.08 15.98
2498 -3.59 5.25
2499 -15.85 26.94
2500 -17.5 8.23
2501 -14.86 13.18
2502 -2.88 1.3
2503 -23.55 5.67
2504 -17.05 9.22
2505 -6.42 12.83
2506 -13.35 3.89
2507 -2.45 4.56
2508 -18.45 15.75
2509 -10.03 16.49
2510 -17.44 3.18
2511 -7.3 10.74
2512 -26.72 5.79
2513 -22.56 13.39
2514 -22.85 12.83
2515 -3.59 9.42
2516 -22.6 11.35
2517 -24.17 18.45
2518 -6.64 25.49
2519 -17.23 18.72
2520 -14.08 23.69
2521 -10.11 23.66
2522 -10.74 9.95
2523 -25.7 24.08
2524 -23.09 0.19
2525 -14.9 18.25
2526 -0 11.53
2527 -28.85 4.72
2528 -18.11 9.24
2529 -22.08 22.41
2530 -14.35 23.49
2531 -17.36 8.19
2532 -9.16 7.96
2533 -15.97 12.54
2534 -13.78 15.8
2535 -22.02 15.72
2536 -10.38 27.86
2537 -8.81 3.13
2538 -27.21 3.65
2539 -15.36 17.04
2540 -6.29 3.82
2541 -15.36 1.26
2542 -5.99 17.81
2543 -27.06 15.21
2544 -8.62 6.62
2545 -12.63 2.66
2546 -10.85 5.5
2547 -13.46 1
2548 -25.06 20.01
2549 -18.33 11.95
2550 -27.67 9.84
2551 -8.71 11.35
2552 -26 20.58
2553 -24.23 0.04
2554 -17.08 6.73
2555 -10.56 10.59
2556 -23.38 5.9
2557 -23.71 25.92
2558 -23.65 11.89
2559 -18.51 21.77
2560 -6.95 14.79
2561 -20.29 13.67
2562 -14.67 0.32
2563 -2.85 4.75
2564 -28.22 10.73
2565 -3.09 21.19
2566 -15.06 26.9
2567 -1 23.32
2568 -23.37 12.07
2569 -18.8 25.23
2570 -6.82 22.97
2571 -28.87 0.36
2572 -8.8 12.72
2573 -24.61 23.59
2574 -27.88 3.45
2575 -18.25 14.13
2576 -10.32 17.36
2577 -17.68 9.54
2578 -25.82 24.99
2579 -18.24 20.54
2580 -24.25 25.04
2581 -5.46 21.33
2582 -15.66 10.31
2583 -22.38 6.46
2584 -2.69 21.55
2585 -15.52 23.71
2586 -24.07 21.04
2587 -4.76 26.92
2588 -4.03 3.88
2589 -18.85 11.9
2590 -8.55 14.43
2591 -2.79 8.1
2592 -17.65 18.87
2593 -26.38 20.48
2594 -23.54 14.47
2595 -22.03 27.14
2596 -19.47 18.79
2597 -11.62 27.5
2598 -4.96 17.65
2599 -21.72 16.53
2600 -11.24 19.18
2601 -22.74 19.77
2602 -17.69 17.83
2603 -21.71 10.02
2604 -21.92 21.72
2605 -18.67 23.09
2606 -2.19 1.47
2607 -20.34 21.47
2608 -24.47 19.84
2609 -16.83 0.24
2610 -27.38 1.53
2611 -20.32 9.87
2612 -19.89 0.38
2613 -18.03 2.94
2614 -1.99 24.85
2615 -26.55 22.28
2616 -13.05 13.23
2617 -2.07 2.81
2618 -12.84 1.74
2619 -5.98 6.3
2620 -0.39 17.28
2621 -18.76 24.65
2622 -28.64 2.59
2623 -4.95 21.62
2624 -21.87 24.11
2625 -25.64 4.31
2626 -14.18 2.77
2627 -3.15 28.48
2628 -13.95 16.59
2629 -23.96 3.71
2630 -25.99 15.94
2631 -0.18 21.52
2632 -24.33 10.04
2633 -11.78 13.77
2634 -20.07 19.69
2635 -7.98 0.28
2636 -24.93 2.99
2637 -5.58 9.26
2638 -13.4 7.1
2639 -2.21 22.05
2640 -26.36 17.79
2641 -20.57 10.38
2642 -21.38 23.06
2643 -10.65 23.72
2644 -27.43 17.85
2645 -4.8 5.62
2646 -9.66 24.42
2647 -5.46 16.5
2648 -12.79 16.51
2649 -18.73 28.76
2650 -0.04 3.86
2651 -18.37 26.71
2652 -18.49 7.5
2653 -14.6 23.95
2654 -28.53 2.89
2655 -20.69 28.33
2656 -21.23 25.89
2657 -2.48 12.26
2658 -18.5 13.62
2659 -13.99 24.65
2660 -12.79 16.94
2661 -23.88 1.31
2662 -17.81 22.45
2663 -21.49 11.87
2664 -23.15 13.12
2665 -28.51 11.22
2666 -20.45 23.2
2667 -13.22 17.88
2668 -24.36 9.94
2669 -12.83 10.34
2670 -9.67 23.89
2671 -3.3 16.04
2672 -28.3 13.43
2673 -9.57 17.3
2674 -12.96 17.81
2675 -17.27 23.56
2676 -24.88 25.75
2677 -1.73 12.15
2678 -6.54 25.21
2679 -9.34 5.74
2680 -16.96 0.7
2681 -23.9 8.85
2682 -9.25 19.93
2683 -0.87 19.64
2684 -0.98 4.61
2685 -28.5 25.22
2686 -12.27 22.17
2687 -18.12 14.33
2688 -2.63 23.09
2689 -11.9 27.69
2690 -4.78 15.59
2691 -23.87 11.69
2692 -23.85 0.66
2693 -8.39 8.12
2694 -13.86 1.39
2695 -13.61 17.73
2696 -9.1 13.34
2697 -4.27 8.51
2698 -10.67 18.36
2699 -22.97 16.66
2700 -12.88 23.17
2701 -27.87 5
2702 -1.85 7.67
2703 -1.77 16.99
2704 -15.69 4.48
2705 -2.6 25.19
2706 -7.89 20.47
2707 -3.65 8.99
2708 -17.11 14.26
2709 -27.17 12.04
2710 -12.3 13.49
2711 -26.83 11.79
2712 -2.82 21.4
2713 -22.28 2.1
2714 -1.28 13.5
2715 -19.19 27.78
2716 -15.3 14.16
2717 -4.36 18.06
2718 -6.06 17.15
2719 -4.15 6.13
2720 -2.32 21.75
2721 -24.74 18.27
2722 -9.78 21.73
2723 -6.99 28.39
2724 -22.95 9.41
2725 -22.9 5.17
2726 -16.96 6.25
2727 -10.18 20.73
2728 -5.35 2.3
2729 -15.8 14.98
2730 -13.76 6.63
2731 -3.32 6
2732 -24.06 11.58
2733 -11.25 7.68
2734 -25.33 12.64
2735 -5.39 15.41
2736 -16.2 10.17
2737 -2.91 12.65
2738 -23.56 8.51
2739 -17.92 9.9
2740 -26.59 17.52
2741 -6.29 11.83
2742 -3.56 26.07
2743 -28.38 27.99
2744 -13.98 20.44
2745 -27.07 26.7
2746 -15.22 27.74
2747 -21.85 12.91
2748 -20.59 21.81
2749 -5.45 4.1
2750 -2.03 16.92
2751 -27.1 22.37
2752 -17.54 18.24
2753 -26.75 12.53
2754 -4.95 12.11
2755 -12.15 15.67
2756 -10.02 2.55
2757 -11.14 18.44
2758 -28.96 25.11
2759 -16.55 22.04
2760 -19.75 13.94
2761 -24.2 26.14
2762 -10.06 17.49
2763 -10.3 17.05
2764 -21.16 13.17
2765 -12.62 27.28
2766 -3.17 23.19
2767 -23.95 22.24
2768 -5.77 20.71
2769 -3.82 4.22
2770 -2.42 10.72
2771 -24.79 27.49
2772 -16.94 12.44
2773 -8.55 6.94
2774 -28.98 16.9
2775 -13.36 7.62
2776 -16.29 2.25
2777 -19.75 8.56
2778 -25.62 26.35
2779 -22.04 12.57
2780 -22.37 0.3
2781 -23.49 5.66
2782 -27.9 25.54
2783 -17.26 0.97
2784 -5.19 16.19
2785 -26.92 21.08
2786 -19.58 7.61
2787 -2.58 5.23
2788 -12.17 19.04
2789 -18.46 22.65
2790 -1.28 23.68
2791 -8.45 14.34
2792 -22.9 0.09
2793 -8.96 28.2
2794 -23.3 2.04
2795 -2.34 2
2796 -19.19 16.67
2797 -13.22 8.36
2798 -20.85 18.09
2799 -16.81 13
2800 -5.08 26.04
2801 -16.18 14.73
2802 -2.48 7.18
2803 -8.74 18.76
2804 -12.41 14.66
2805 -20.86 9.72
2806 -24.06 25.21
2807 -25.3 0.31
2808 -11.04 0.49
2809 -2.53 5.26
2810 -18.79 16.86
2811 -4.53 16.4
2812 -7.28 8.98
2813 -9.59 0.27
2814 -13.27 28.13
2815 -7.69 26.4
2816 -12.13 0.88
2817 -19.58 23.87
2818 -13.63 26.14
2819 -23.32 10.85
2820 -3.09 8.57
2821 -16.3 15.18
2822 -27.01 9.68
2823 -10.17 12.61
2824 -0.39 20.57
2825 -8.43 24.22
2826 -23.14 19.18
2827 -28.16 24.49
2828 -7.28 12.94
2829 -12.07 8.76
2830 -6.16 20.56
2831 -3.96 2.29
2832 -26.16 0.82
2833 -26.96 6.06
2834 -16.91 22.32
2835 -1.89 21.28
2836 -18.98 2.53
2837 -12.21 18.19
2838 -13.32 16.99
2839 -20.09 4.9
2840 -11.64 13.72
2841 -15.42 28.52
2842 -24.01 17.31
2843 -1.25 26.11
2844 -17.39 2.3
2845 -5.38 24.85
2846 -27.14 23.55
2847 -6.89 20.86
2848 -26.92 24.3
2849 -0.14 16.37
2850 -20.17 26.36
2851 -28.89 13.55
2852 -14.27 21.67
2853 -21.19 12.1
2854 -28.52 27.59
2855 -23.83 12.28
2856 -11.8 11.16
2857 -28.47 21.78
2858 -18.89 18.34
2859 -3.16 12.25
2860 -8.1 7.28
2861 -13.35 8.54
2862 -0.4 6.24
2863 -13.06 2.77
2864 -1.66 9.84
2865 -7.2 24.73
2866 -9.28 4.36
2867 -26.03 7.09
2868 -1.71 23.55
2869 -4.67 18.22
2870 -13.02 1.23
2871 -23.92 11.02
2872 -3.8 24.83
2873 -25.69 5.91
2874 -18.16 5.21
2875 -24.01 28.85
